tree
version=v4
num_class=1
num_tree_per_iteration=1
label_index=0
max_feature_idx=162
objective=regression
feature_names=KMID KLEN KMID2 KUP KUP2 KLOW KLOW2 KSFT KSFT2 OPEN0 HIGH0 LOW0 VWAP0 ROC5 ROC10 ROC20 ROC30 ROC60 MA5 MA10 MA20 MA30 MA60 STD5 STD10 STD20 STD30 STD60 BETA5 BETA10 BETA20 BETA30 BETA60 RSQR5 RSQR10 RSQR20 RSQR30 RSQR60 RESI5 RESI10 RESI20 RESI30 RESI60 MAX5 MAX10 MAX20 MAX30 MAX60 MIN5 MIN10 MIN20 MIN30 MIN60 QTLU5 QTLU10 QTLU20 QTLU30 QTLU60 QTLD5 QTLD10 QTLD20 QTLD30 QTLD60 RANK5 RANK10 RANK20 RANK30 RANK60 RSV5 RSV10 RSV20 RSV30 RSV60 IMAX5 IMAX10 IMAX20 IMAX30 IMAX60 IMIN5 IMIN10 IMIN20 IMIN30 IMIN60 IMXD5 IMXD10 IMXD20 IMXD30 IMXD60 CORR5 CORR10 CORR20 CORR30 CORR60 CORD5 CORD10 CORD20 CORD30 CORD60 CNTP5 CNTP10 CNTP20 CNTP30 CNTP60 CNTN5 CNTN10 CNTN20 CNTN30 CNTN60 CNTD5 CNTD10 CNTD20 CNTD30 CNTD60 SUMP5 SUMP10 SUMP20 SUMP30 SUMP60 SUMN5 SUMN10 SUMN20 SUMN30 SUMN60 SUMD5 SUMD10 SUMD20 SUMD30 SUMD60 VMA5 VMA10 VMA20 VMA30 VMA60 VSTD5 VSTD10 VSTD20 VSTD30 VSTD60 WVMA5 WVMA10 WVMA20 WVMA30 WVMA60 VSUMP5 VSUMP10 VSUMP20 VSUMP30 VSUMP60 VSUMN5 VSUMN10 VSUMN20 VSUMN30 VSUMN60 VSUMD5 VSUMD10 VSUMD20 VSUMD30 VSUMD60 ORC_GAP_CONFIRMATION_20 ORC_GAP_ABSORPTION_20 ORC_OVERNIGHT_DOMINANCE_20 ORC_CLOSE_PRESSURE_VOLUME_20 ORC_INTRADAY_RANGE_RETURN_10
feature_infos=[-0.16749253869056702:0.23587034642696381] [0:0.33308270573616028] [-1:1] [0:0.27153289318084717] [0:1] [0:0.19577737152576447] [0:1] [-0.31147539615631104:0.23587034642696381] [-1:1] [0.80914634466171265:1.2011904716491699] [1:1.365384578704834] [0.79261672496795654:1] [0.90894031524658203:1.0927579402923584] [0.57777780294418335:1.6790908575057983] [0.54954206943511963:1.8924485445022583] [0.46860837936401367:2.2146341800689697] [0.46312057971954346:2.740487813949585] [0.36440131068229675:2.649662971496582] [0.74611109495162964:1.3455072641372681] [0.65066665410995483:1.4951817989349365] [0.60133224725723267:1.7117466926574707] [0.56646168231964111:1.9959673881530762] [0.4937971830368042:1.8649090528488159] [0:0.26957115530967712] [0:0.32280367612838745] [0:0.36472421884536743] [0:0.57258552312850952] [0:0.50059491395950317] [-0.16409091651439667:0.12254486232995987] [-0.11048160493373871:0.12254486232995987] [-0.11048160493373871:0.12254486232995987] [-0.11048160493373871:0.12254486232995987] [-0.11048160493373871:0.12254486232995987] [0:1] [0:1] [0:1] [0:1] [0:1] [-0.15193372964859009:0.13264167308807373] [-0.24554997682571411:0.20802642405033112] [-0.40848860144615173:0.27864286303520203] [-0.44566619396209717:0.33016127347946167] [-0.96870207786560059:0.3971981406211853] [1:1.6472727060317993] [1:1.9298244714736938] [1:2.2439024448394775] [1:3.3160974979400635] [1:3.3160974979400635] [0.5718809962272644:1] [0.54045307636260986:1] [0.4660193920135498:1] [0.43721681833267212:1] [0.34664765000343323:1] [0.86488890647888184:1.4843636751174927] [0.72140765190124512:1.7869091033935547] [0.59200000762939453:2.054157018661499] [0.56569522619247437:2.423609733581543] [0.56576049327850342:2.3250908851623535] [0.60694897174835205:1.2689855098724365] [0.54922223091125488:1.4057971239089966] [0.49352750182151794:1.5574545860290527] [0.47533980011940002:1.5740000009536743] [0.39857602119445801:1.5950908660888672] [0.20000000298023224:1] [0.10000000149011612:1] [0.05000000074505806:1] [0.033333335071802139:1] [0.01666666753590107:1] [0:1] [0:1] [0:1] [0:1] [0:1] [0.20000000298023224:1] [0.10000000149011612:1] [0.05000000074505806:1] [0.033333335071802139:1] [0.01666666753590107:1] [0.20000000298023224:1] [0.10000000149011612:1] [0.05000000074505806:1] [0.033333335071802139:1] [0.01666666753590107:1] [-0.80000001192092896:0.80000001192092896] [-0.89999997615814209:0.89999997615814209] [-0.94999998807907104:0.94999998807907104] [-0.96666663885116577:0.96666663885116577] [-0.98333334922790527:0.98333334922790527] [-1:1] [-1:1] [-1:1] [-1:1] [-1:1] [-1:1] [-1:1] [-1:1] [-1:1] [-1:1] [0:1] [0:1] [0:0.89999997615814209] [0:0.89999997615814209] [0:0.89999997615814209] [0:1] [0:1] [0:0.89999997615814209] [0:0.875] [0:0.875] [-1:1] [-1:1] [-0.875:0.89999997615814209] [-0.875:0.89999997615814209] [-0.875:0.89999997615814209] [0:1] [0:1] [0:1] [0:1] [0:1] [0:1] [0:1] [0:1] [0:1] [0:1] [-1:1] [-1:1] [-1:1] [-1:1] [-1:1] [0.20013266801834106:26452.083984375] [0.10012400150299072:23627.859375] [0.050104878842830658:12145.7685546875] [0.034610312432050705:10268.4287109375] [0.017187755554914474:8419.4609375] [0.00080492562847211957:59102.5] [0.0021778203081339598:49210.34375] [0.0021778203081339598:42161.07421875] [0.0021778203081339598:37016.7265625] [0.0021778203081339598:26455.013671875] [0:2.2360680103302002] [0:3.1615598201751709] [0:4.4708261489868164] [0:5.4611344337463379] [0:7.5986995697021484] [0:1] [0:1] [0:1] [0:1] [0:1] [0:1] [0:1] [0:1] [0:1] [0:1] [-1:1] [-1:1] [-1:1] [-1:1] [-1:1] [-0.67106980085372925:0.70026850700378418] [-151.62043762207031:28.931533813476562] [-1925766528:713.27764892578125] [-222.41180419921875:4676.52978515625] [-754.3636474609375:737.33990478515625]
tree_sizes=3098 3071 3101 3072 3066 3092

Tree=0
num_leaves=31
num_cat=0
split_feature=41 46 32 52 25 1 38 17 6 35 15 30 16 54 81 138 39 23 5 86 19 80 158 15 14 13 109 71 15 17
split_gain=298.625 125.793 149.423 115.145 107.165 105.495 90.534 272.107 124.527 89.3003 84.8394 85.9967 164.816 74.9459 68.6242 81.9988 67.254 66.4814 66.4054 65.261 84.5957 67.8961 64.0383 67.7909 111.388 60.4781 66.1948 49.9887 49.6093 53.1201
threshold=-0.066265549510717378 1.0347031950950625 -0.004925140878185629 0.76818338036537182 0.095394432544708266 0.083115298300981535 -0.018235628493130204 0.74236810207366954 0.30000327527523046 0.83622929453849804 1.1497821211814883 -0.00040144669765140856 0.87237346172332775 0.93165975809097301 0.61666667461395275 0.6828104853630067 0.0072295323479920634 0.048825789242982871 0.0044557282235473403 0.84999999403953563 0.95917662978172313 0.47499999403953558 0.0014702446060255172 0.87526348233222973 0.95270273089408886 0.93239942193031322 0.21111111342906955 0.78433030843734752 1.2051090002059939 1.0145985484123232
decision_type=8 8 8 10 10 10 8 8 10 10 10 10 8 10 2 10 8 10 10 2 10 2 10 8 8 8 2 10 10 10
left_child=3 5 14 4 22 16 7 8 -4 28 11 12 -8 -13 -3 -16 18 -9 -2 25 21 -21 23 24 -1 26 -18 -10 29 -5
right_child=1 2 6 9 -6 -7 10 17 27 -11 -12 13 -14 -15 15 -17 19 -19 -20 20 -22 -23 -24 -25 -26 -27 -28 -29 -30 -31
leaf_value=-3.4247059818502867e-10 0.0008165738866509944 0.00021832858538693589 -0.021800776953756519 0.0032807540170769643 -0.005344504467924633 -0.011025251753914308 -0.011693938245845293 -0.0028468330639455559 0.016237893412234482 0.014394824769989111 0.0031954326014693069 0.018173963345934092 -0.0010126658806016791 1.0391423083058294e-05 -0.00047693321457873864 0.0080145196838709333 0.0019786593050019441 0.0061870855934446625 -0.00074253969288434307 0.0080879457144062607 0.00098216014653596754 -0.0038486052047551978 -0.0066474414316238873 0.0098073237690040425 0.028469995538377042 0.0015130480999051581 -0.0053854301634127973 -0.0097398231410122139 0.0096457272891879303 -0.0025781457148464702
leaf_weight=161 63703 3831 954 3542 313 680 1298 3517 106 558 5205 185 145964 92266 1336 3583 1830 894 39872 4025 4651 432 119 1726 515 28732 2548 113 661 2222
leaf_count=161 63703 3831 954 3542 313 680 1298 3517 106 558 5205 185 145964 92266 1336 3583 1830 894 39872 4025 4651 432 119 1726 515 28732 2548 113 661 2222
internal_value=-5.17706e-06 -0.000131114 -0.000528758 0.00515884 0.0102848 0.000570629 -0.000664463 -0.00444283 -0.0171696 0.00301225 -0.000576737 -0.000660155 -0.00111043 5.3905e-05 0.00331475 0.00565491 0.000628276 -0.000928516 0.000213458 0.00163828 0.00389613 0.00685195 0.0123701 0.0134832 0.0218863 0.00100615 -0.00224403 0.00188526 0.00193554 0.000969198
internal_weight=415542 405725 259252 9817 2834 146473 250502 5584 1173 6983 244918 239713 147262 92451 8750 4919 145793 4411 103575 42218 9108 4457 2521 2402 676 33110 4378 219 6425 5764
internal_count=415542 405725 259252 9817 2834 146473 250502 5584 1173 6983 244918 239713 147262 92451 8750 4919 145793 4411 103575 42218 9108 4457 2521 2402 676 33110 4378 219 6425 5764
is_linear=0
shrinkage=1


Tree=1
num_leaves=31
num_cat=0
split_feature=41 36 46 46 24 82 30 22 24 14 53 49 36 95 7 86 116 7 67 25 57 34 79 41 48 33 33 70 12 28
split_gain=281.502 153.339 149.55 149.514 121.967 82.352 76.3235 67.9999 109.453 95.3109 91.935 145.514 84.0127 70.3563 67.7625 94.4526 80.794 72.8803 79.1402 76.8491 72.4999 66.4479 65.2922 64.8283 63.2183 58.7716 72.099 64.018 58.3029 57.4997
threshold=-0.066265549510717378 0.65619894862174999 1.036132335662842 1.2110691666603091 0.10003798454999925 0.37500000000000006 0.012704058084636928 0.7882869839668275 0.0336959045380354 0.8943782150745393 0.99351683259010326 0.82754534482955944 0.23365145921707156 0.24776411056518557 0.029976665042340759 0.91666665673255932 0.67522782087326061 -0.013201341964304445 0.72524511814117443 0.021415785886347297 0.88845324516296398 0.88821709156036388 0.25000000745058065 -0.082324188202619539 0.8632129728794099 0.92791274189949047 0.71114075183868419 0.02173941116780043 1.0083333849906924 -0.020344879478216168
decision_type=8 10 8 10 10 2 10 8 10 8 8 8 10 10 10 2 10 10 10 10 10 10 2 10 10 10 8 10 10 10
left_child=1 5 4 7 14 -1 23 8 -4 12 24 -12 -9 -10 17 20 -17 18 -2 -19 -16 -18 -21 -3 -11 26 -5 -28 -14 -8
right_child=2 6 3 25 -6 -7 29 9 13 10 11 -13 28 -15 15 16 21 19 -20 22 -22 -23 -24 -25 -26 -27 27 -29 -30 -31
leaf_value=0.0057525523858596014 -0.00098885691585729753 0.018536904825018238 0.010288303086734013 0.0018547461663270801 -0.022413941173632514 -0.00056655043667562337 -0.018261127560502955 0.014874218670945192 0 -0.015046827626145037 0.024161707903388997 -0.00055862712793812083 0.005463647039688593 -0.013422312415754204 -0.0050909409026055532 0.021274005816571774 0.0016368162449192905 0.00088854670727181635 0.00457541470060315 0.00020341672740156215 0.0028335594794434539 0.015466717504616673 -0.002093718589819995 0.007675986612374717 -0.0024844382271138731 -0.0042912544036516915 0.017101107713633046 0.0052477341190739699 -0.0030339137248525288 0.0092789690444866815
leaf_weight=3876 3175 1095 269 6679 185 3389 115 552 466 360 194 220373 1812 1133 1197 382 1215 82722 7581 30696 6472 436 17280 1227 17616 866 530 2454 1140 106
leaf_count=3876 3175 1095 269 6679 185 3389 115 552 466 360 194 220373 1812 1133 1197 382 1215 82722 7581 30696 6472 436 17280 1227 17616 866 530 2454 1140 106
internal_value=4.21888e-05 0.00505953 -7.85867e-05 -0.000523404 0.000667257 0.00277015 0.0114103 -0.000675585 -0.00636482 -0.000629917 -0.000703295 -0.000533336 0.00425599 -0.00944416 0.000700452 0.00312963 0.00887795 0.000531301 0.0029063 0.000333137 0.00154764 0.00560999 -0.000618243 0.0130404 -0.00276913 0.00296819 0.00365728 0.00755276 0.00208279 -0.0041332
internal_weight=415593 9808 405785 254444 151341 7265 2543 243915 1868 242047 238543 220567 3504 1599 151156 9702 2033 141454 10756 130698 7669 1651 47976 2322 17976 10529 9663 2984 2952 221
internal_count=415593 9808 405785 254444 151341 7265 2543 243915 1868 242047 238543 220567 3504 1599 151156 9702 2033 141454 10756 130698 7669 1651 47976 2322 17976 10529 9663 2984 2952 221
is_linear=0
shrinkage=0.03


Tree=2
num_leaves=31
num_cat=0
split_feature=54 39 30 49 62 126 38 17 61 49 4 26 35 35 18 121 26 33 1 84 38 52 35 116 73 62 1 36 23 22
split_gain=209.267 135.379 128.807 140.348 108.522 104.482 97.0718 250.738 104.75 117.751 92.0077 83.985 78.8647 75.2288 70.6181 92.8825 69.0284 98.0313 67.0418 65.9672 64.9491 63.9005 70.789 62.4093 62.1282 68.8791 81.3027 68.6625 56.8518 51.2132
threshold=1.0889381766319277 0.060182465240359313 -0.00050914598978124548 0.82754534482955944 0.68538203835487377 0.26394630968570715 -0.017127021215856072 0.74896535277366649 0.82833755016326915 0.9628242850303651 0.40624935925006872 0.053789705038070686 0.89940020442008983 0.79954650998115551 1.0396109223365786 0.41988947987556463 0.044664327055215843 0.89546656608581554 0.053838510066270835 -0.55000001192092884 -0.0073033827356994143 0.87734073400497448 0.8261699676513673 0.7729896903038026 0.5000000149011613 0.82191684842109691 0.042132457718253143 0.63428544998168956 0.060081491246819503 0.7882869839668275
decision_type=10 10 8 10 10 10 8 8 8 10 10 10 10 10 10 10 10 10 10 2 10 10 10 10 10 10 10 10 10 8
left_child=1 2 3 -1 -3 11 7 12 9 10 -8 13 23 -5 29 -16 -2 24 -19 -13 -7 22 -9 -4 25 26 -18 28 -27 -10
right_child=16 4 6 5 -6 20 8 21 14 -11 -12 19 -14 -15 15 -17 17 18 -20 -21 -22 -23 -24 -25 -26 27 -28 -29 -30 -31
leaf_value=0.013475819579412391 0.00025251998271910009 -0.029057504278564947 -0.012149638344762735 -0.0011942480740546591 -0.0053948274484776721 -0.027706018226607787 0.0010353935968478861 0.0042569036565235996 -0.010350309967412057 0.020151683202842632 0.0072982893798855661 -0.0011289024547097863 -0.030021368343880788 0.00080036027713605148 0.016542102100962262 0.00081471106566923977 0.026772709612865656 -0.0037055139248079881 0.008482812096766058 0.0028707602423245805 -0.0062096621027873727 -0.0061689939772116998 -0.0061887481083458635 0.0092500284437835225 -0.00026469798621519657 0.0015164268169488892 0.0037109327540612133 0.011552950128653473 0.012661455699033191 0.00029555213654437588
leaf_weight=602 3249 198 1254 127771 1288 139 8423 2894 386 345 2874 5792 227 19432 538 975 378 1421 544 9878 1244 1063 693 105 748 2184 273 1904 518 218207
leaf_count=602 3249 198 1254 127771 1288 139 8423 2894 386 345 2874 5792 227 19432 538 975 378 1421 544 9878 1244 1063 693 105 748 2184 273 1904 518 218207
internal_value=1.55403e-07 -0.000111357 -7.7039e-05 -0.000722135 -0.00909095 -0.000777632 0.0003686 -0.00331308 0.00046924 0.00324288 0.00266529 -0.000705322 -0.0135353 -0.000928833 0.000320891 0.00674568 0.00403876 0.00554019 -0.000128635 0.00137372 -0.00894816 0.000152253 0.00213253 -0.0101685 0.00743925 0.00858912 0.0179476 0.00712969 0.00384058 0.000274436
internal_weight=415547 404328 402842 164858 1486 164256 237984 6236 231748 11642 11297 162873 1586 147203 220106 1513 11219 7970 1965 15670 1383 4650 3587 1359 6005 5257 651 4606 2702 218593
internal_count=415547 404328 402842 164858 1486 164256 237984 6236 231748 11642 11297 162873 1586 147203 220106 1513 11219 7970 1965 15670 1383 4650 3587 1359 6005 5257 651 4606 2702 218593
is_linear=0
shrinkage=0.03


Tree=3
num_leaves=31
num_cat=0
split_feature=41 29 57 38 122 58 30 20 18 38 61 72 85 1 39 31 39 114 158 53 15 15 116 53 10 49 27 38 30 51
split_gain=217.428 137.764 172.525 128.521 186.191 172.744 117.449 115.521 122.537 104.389 106.346 102.855 102.776 143.98 95.9753 78.7644 69.7874 68.4151 67.1108 63.7576 68.691 63.2919 63.2784 61.5458 61.2709 61.2483 61.1666 60.7404 60.7385 57.2395
threshold=-0.070286493748426424 -0.00019487296958686781 1.16919481754303 -0.018235628493130204 0.35025383532047277 0.9208262860774995 -0.00032588586327619845 1.0887449383735659 0.95068228244781505 0.032048635184764869 0.82833755016326915 0.60416689515113842 -0.82500001788139332 0.053838510066270835 0.0037770007038488988 -0.00734210037626326 -0.019706249237060543 0.59090891480445873 0.00060994928935542714 1.0933620333671572 0.89952436089515697 1.0234916210174563 0.53846165537834179 0.98565354943275463 1.0127226710319521 0.95781633257865917 0.065050877630710616 -0.010401741601526735 -0.0083947647362947447 0.93333336710929882
decision_type=8 8 10 8 10 10 8 10 10 10 8 10 2 10 10 10 10 10 10 10 8 10 10 10 10 10 10 8 10 10
left_child=11 7 3 4 5 -3 17 8 15 10 -8 12 13 -1 16 -2 -6 23 19 20 25 -10 29 -5 -19 -13 -16 28 -14 -23
right_child=1 2 -4 6 14 -7 9 -9 21 -11 -12 18 27 -15 26 -17 -18 24 -20 -21 -22 22 -24 -25 -26 -27 -28 -29 -30 -31
leaf_value=0.0019362773005170326 0 0.010503402344110173 0.0061495530141080284 -0.0069337875726582293 0 -0.019081033505805381 0.0037956402046158979 0.0039660540164429018 -0.00015439024653140585 -0.014081656769569087 0.00066752282723132005 0.0089472842394368521 0.0088592801914653841 0.024487439260256687 -1.595109982719255e-05 -0.019965245034005076 -0.01010917910134022 -0.0015124857905863868 -0.0070747176745120498 -0.0016872861782415373 0.0086508642631427692 0.002079877317841719 -0.0052831015107856422 0.00026677558681203892 -0.0063427229278869473 0.029655062246374448 0.025634225575596487 0.0032147865727900813 -0.0063538480024546967 -0.00130418134469941
leaf_weight=709 261 185 4672 1087 2392 1068 10501 4709 89886 399 151140 302 250 413 109 471 781 15370 153 241 1240 4674 3443 30475 2861 379 170 3084 1422 82692
leaf_count=709 261 185 4672 1087 2392 1068 10501 4709 89886 399 151140 302 250 413 109 471 781 15370 153 241 1240 4674 3443 30475 2861 379 170 3084 1422 82692
internal_value=4.60008e-05 -5.07067e-05 0.000454557 0.00032974 -0.00455823 -0.014381 0.000440143 -0.000652774 -0.000774735 0.000832633 0.000873041 0.00487912 0.00268278 0.0107834 -0.000844091 -0.012884 -0.00244257 -0.000830926 0.0102566 0.0116742 0.0135051 -0.000722599 -0.00128157 5.0541e-06 -0.00229305 0.0214171 0.0152791 0.000671787 -0.00382402 -0.00111927
internal_weight=415539 407346 221210 216538 4705 1253 211833 186136 181427 162040 161641 8193 5878 1122 3452 732 3173 49793 2315 2162 1921 180695 90809 31562 18231 681 279 4756 1672 87366
internal_count=415539 407346 221210 216538 4705 1253 211833 186136 181427 162040 161641 8193 5878 1122 3452 732 3173 49793 2315 2162 1921 180695 90809 31562 18231 681 279 4756 1672 87366
is_linear=0
shrinkage=0.03


Tree=4
num_leaves=31
num_cat=0
split_feature=41 36 29 14 11 16 30 21 59 14 16 11 28 25 122 134 119 155 15 115 39 42 42 114 60 33 81 78 10 24
split_gain=230.81 121.27 113.853 117.071 111.116 109.66 106.17 104.301 98.3794 95.1791 83.3311 82.3048 101.422 96.0178 76.1589 75.171 71.6257 66.4922 66.467 67.5644 65.6965 64.3079 63.0663 61.577 55.8846 51.6404 51.2103 57.9662 50.205 59.4686
threshold=-0.066265549510717378 0.79127660393714916 -0.0011861163657158611 0.98113206028938305 0.92690601944923412 1.1350749135017397 -0.00032588586327619845 1.1154609322547915 0.93696522712707531 0.96087288856506359 0.86614680290222179 0.97333338856697094 -0.015961988829076287 0.081587396562099471 0.38550247251987463 0.26426585018634802 0.40983648598194128 0.0058181053027510652 1.0327774286270144 0.30156569182872778 0.014411083888262512 -0.10959380865097045 0.060352940112352378 0.55670085549354564 0.88880652189254772 0.9646490514278413 0.050000002607703216 0.70000001788139354 1.022944509983063 0.046710377559065826
decision_type=8 10 8 8 8 10 8 10 10 10 8 8 8 10 10 10 10 10 10 10 10 10 10 10 10 10 2 10 10 10
left_child=1 14 3 8 15 6 10 18 -2 -3 20 13 -13 -8 24 -4 -7 -17 -5 -20 -6 -16 -10 -12 -1 -9 -26 -28 -18 -30
right_child=2 9 4 7 5 16 11 25 22 -11 23 12 -14 -15 21 17 28 -19 19 -21 -22 -23 -24 -25 26 -27 27 -29 29 -31
leaf_value=-0.0080477466060171927 -0.025642444687259142 -0.0050322324304013615 0 -0.00010942887826051231 -0.015165661375376147 -0.00098224045927076129 0.0031213297356195773 0.0050345958182784695 -0.0061224539562134816 0.019670789225044512 6.6674991390014223e-05 0.0085915068734711587 0.00033590143445494722 -0.0064216436864184337 0.0058028282612820128 0.00078214641481222542 0.0087365993757320404 -0.022023013159203787 0.00011890655047963002 -0.0019635263855919509 0.00014806751026621748 0.00011299759315664621 0.0049938398831082991 -0.0018415264734864079 0.0017531721121153143 -0.007829479050230171 0.028829410987844525 0.0094969293834471849 -0.0052405079507383424 0.015376207500306828
leaf_weight=101 201 142 397 73946 622 1310 16580 3835 3249 723 39637 1334 163896 969 2917 119 2866 436 18883 51613 352 4857 489 24401 345 268 252 515 517 144
leaf_count=101 201 142 397 73946 622 1310 16580 3835 3249 723 39637 1334 163896 969 2917 119 2866 436 18883 51613 352 4857 489 24401 345 268 252 515 517 144
internal_value=1.3423e-05 0.00454647 -9.60384e-05 -0.000744341 0.000292647 0.000332722 0.000243922 -0.000606304 -0.00584476 0.0152544 -0.000795133 0.000615187 0.000405401 0.00257061 0.00345094 -0.00982115 0.00480029 -0.0167544 -0.000742265 -0.0014016 -0.0094379 0.00229587 -0.00456957 -0.00065609 0.010453 0.00408767 0.0125109 0.0168011 0.00702604 0
internal_weight=415916 9852 406064 152484 253580 252628 247791 148545 3939 865 65012 182779 165230 17549 8987 952 4837 555 144442 70496 974 7774 3738 64038 1213 4103 1112 767 3527 661
internal_count=415916 9852 406064 152484 253580 252628 247791 148545 3939 865 65012 182779 165230 17549 8987 952 4837 555 144442 70496 974 7774 3738 64038 1213 4103 1112 767 3527 661
is_linear=0
shrinkage=0.03


Tree=5
num_leaves=31
num_cat=0
split_feature=41 36 14 29 57 53 54 11 30 17 119 134 30 28 43 4 90 124 81 103 69 30 45 69 117 116 72 81 78 27
split_gain=200.949 149.546 106.507 106.062 135.04 124.531 109.638 83.7694 77.2432 65.8234 65.3644 63.0397 62.6611 62.0104 108.899 70.8436 60.9721 55.8479 65.4387 54.1164 55.013 51.0175 50.9719 63.1802 48.9706 61.018 52.4891 50.3333 62.0287 48.4178
threshold=-0.066265549510717378 0.82600522041320812 0.96152284741401683 -0.001240371784660965 1.16919481754303 0.96992573142051708 1.0889381766319277 0.92690601944923412 -0.00032588586327619845 1.011374890804291 0.42592601478099829 0.26426585018634802 -0.0076207800302654496 -0.0095558245666325075 1.0469353199005129 0.35000152885913854 -0.17056247591972348 0.1807234585285187 0.81666666269302379 0.77500000596046459 0.20763874799013141 0.011551840230822565 1.0588891506195071 0.26506075263023382 0.61407536268234264 0.47368432581424719 0.73684206604957592 0.050000002607703216 0.70000001788139354 0.14893145859241488
decision_type=8 10 10 8 10 10 10 8 8 8 10 8 10 8 10 10 10 10 2 2 10 10 10 10 10 10 10 2 10 10
left_child=1 9 -3 5 7 -2 10 11 17 21 -7 -5 -11 15 -15 -10 -4 29 -19 -8 -21 24 -12 -24 25 -1 -27 -26 -29 -9
right_child=3 2 16 4 -6 6 19 8 13 12 22 -13 -14 14 -16 -17 -18 18 -20 20 -22 -23 23 -25 27 26 -28 28 -30 -31
leaf_value=0.010422416006294984 -0.013506687150102958 -0.0056784089295895861 0.0042309946681761378 0 0.0049553349139071631 -0.0052133712239100056 0.0071606276531058551 -6.5805934524271686e-05 0.0013164185254930681 0.0060669192686155417 1.6547290614684965e-05 -0.015626009218924115 -0.0024538666337440011 0.00057797695757952133 -0.0026101700694672746 0.0085549356705765557 0.031702421232559515 -0.0027524302828754238 0.0024446416308384995 -0.00092657285022021321 0.0094311336246135202 -0.0081315866324595098 -0.00061138537094211068 -0.0022902095261818946 0.00095179601019641097 0.00093298154672383921 0.018057809625033821 0.026797956415958151 0.0078255197548958971 -0.014690850040307495
leaf_weight=1077 669 102 134 359 5351 3033 2178 46660 4327 1090 49213 510 2561 166594 10189 1756 335 16603 2433 2515 537 209 61376 30608 344 2963 155 291 494 185
leaf_count=1077 669 102 134 359 5351 3033 2178 46660 4327 1090 49213 510 2561 166594 10189 1756 335 16603 2433 2515 537 209 61376 30608 344 2963 155 291 494 185
internal_value=-2.12346e-05 0.00422828 0.0189732 -0.00012451 0.00024709 -0.000757552 -0.000696679 0.000144569 0.000178591 0.0032397 -0.000853261 -0.00904156 2.74722e-05 0.000496855 0.000392255 0.00347633 0.024961 -0.000700147 -0.00207058 0.00355111 0.000847747 0.00529757 -0.000756754 -0.00117366 0.00590934 0.00426491 0.00198955 0.0115778 0.0157223 -0.000136209
internal_weight=414851 9755 571 405096 254967 150129 149460 249616 248747 9184 144230 869 3651 182866 176783 6083 469 65881 19036 5230 3052 5533 141197 91984 5324 4195 3118 1129 785 46845
internal_count=414851 9755 571 405096 254967 150129 149460 249616 248747 9184 144230 869 3651 182866 176783 6083 469 65881 19036 5230 3052 5533 141197 91984 5324 4195 3118 1129 785 46845
is_linear=0
shrinkage=0.03


end of trees

feature_importances:
BETA20=9
ROC20=6
RESI5=6
RESI30=6
ROC10=5
RSQR30=5
RESI10=5
KLEN=4
ROC60=4
RSQR5=4
RSQR20=4
MIN10=4
QTLU5=4
IMIN30=4
SUMP30=4
LOW0=3
ROC30=3
STD10=3
STD20=3
BETA5=3
BETA10=3
MAX30=3
QTLU10=3
QTLU60=3
KUP2=2
KSFT=2
HIGH0=2
MA5=2
MA60=2
STD5=2
STD30=2
STD60=2
RESI60=2
MIN60=2
QTLD30=2
QTLD60=2
RSV10=2
RSV60=2
IMIN5=2
IMXD30=2
SUMP10=2
SUMN10=2
SUMN60=2
VSTD10=2
ORC_GAP_CONFIRMATION_20=2
KLOW=1
KLOW2=1
VWAP0=1
ROC5=1
MA10=1
MA20=1
MA30=1
BETA30=1
BETA60=1
RSQR10=1
MAX5=1
MAX20=1
MIN5=1
MIN30=1
QTLD5=1
QTLD10=1
QTLD20=1
RANK60=1
RSV20=1
RSV30=1
IMAX5=1
IMIN10=1
IMIN20=1
IMIN60=1
IMXD10=1
IMXD20=1
CORR20=1
CORD20=1
CNTN5=1
CNTD10=1
SUMP20=1
SUMP60=1
SUMN30=1
SUMD10=1
SUMD30=1
WVMA5=1
VSUMD20=1

parameters:
[boosting: gbdt]
[objective: regression]
[metric: l2]
[tree_learner: serial]
[device_type: cpu]
[data_sample_strategy: bagging]
[data: ]
[valid: ]
[num_iterations: 500]
[learning_rate: 0.03]
[num_leaves: 31]
[num_threads: 12]
[seed: 20260814]
[deterministic: 1]
[force_col_wise: 1]
[force_row_wise: 0]
[histogram_pool_size: -1]
[max_depth: 7]
[min_data_in_leaf: 100]
[min_sum_hessian_in_leaf: 0.001]
[bagging_fraction: 0.8]
[pos_bagging_fraction: 1]
[neg_bagging_fraction: 1]
[bagging_freq: 1]
[bagging_seed: 20260814]
[bagging_by_query: 0]
[feature_fraction: 0.8]
[feature_fraction_bynode: 1]
[feature_fraction_seed: 20260814]
[extra_trees: 0]
[extra_seed: 17475]
[early_stopping_round: 0]
[early_stopping_min_delta: 0]
[first_metric_only: 0]
[max_delta_step: 0]
[lambda_l1: 10]
[lambda_l2: 20]
[linear_lambda: 0]
[min_gain_to_split: 0]
[drop_rate: 0.1]
[max_drop: 50]
[skip_drop: 0.5]
[xgboost_dart_mode: 0]
[uniform_drop: 0]
[drop_seed: 29730]
[top_rate: 0.2]
[other_rate: 0.1]
[min_data_per_group: 100]
[max_cat_threshold: 32]
[cat_l2: 10]
[cat_smooth: 10]
[max_cat_to_onehot: 4]
[top_k: 20]
[monotone_constraints: ]
[monotone_constraints_method: basic]
[monotone_penalty: 0]
[feature_contri: ]
[forcedsplits_filename: ]
[refit_decay_rate: 0.9]
[cegb_tradeoff: 1]
[cegb_penalty_split: 0]
[cegb_penalty_feature_lazy: ]
[cegb_penalty_feature_coupled: ]
[path_smooth: 0]
[interaction_constraints: ]
[verbosity: 1]
[saved_feature_importance_type: 0]
[use_quantized_grad: 0]
[num_grad_quant_bins: 4]
[quant_train_renew_leaf: 0]
[stochastic_rounding: 1]
[linear_tree: 0]
[max_bin: 255]
[max_bin_by_feature: ]
[min_data_in_bin: 3]
[bin_construct_sample_cnt: 200000]
[data_random_seed: 20260812]
[is_enable_sparse: 1]
[enable_bundle: 1]
[use_missing: 1]
[zero_as_missing: 0]
[feature_pre_filter: 1]
[pre_partition: 0]
[two_round: 0]
[header: 0]
[label_column: ]
[weight_column: ]
[group_column: ]
[ignore_column: ]
[categorical_feature: ]
[forcedbins_filename: ]
[precise_float_parser: 0]
[parser_config_file: ]
[objective_seed: 27057]
[num_class: 1]
[is_unbalance: 0]
[scale_pos_weight: 1]
[sigmoid: 1]
[boost_from_average: 1]
[reg_sqrt: 0]
[alpha: 0.9]
[fair_c: 1]
[poisson_max_delta_step: 0.7]
[tweedie_variance_power: 1.5]
[lambdarank_truncation_level: 30]
[lambdarank_norm: 1]
[label_gain: ]
[lambdarank_position_bias_regularization: 0]
[eval_at: ]
[multi_error_top_k: 1]
[auc_mu_weights: ]
[num_machines: 1]
[local_listen_port: 12400]
[time_out: 120]
[machine_list_filename: ]
[machines: ]
[gpu_platform_id: -1]
[gpu_device_id: -1]
[gpu_device_id_list: ]
[gpu_use_dp: 0]
[num_gpu: 1]

end of parameters

pandas_categorical:null
