tree
version=v4
num_class=1
num_tree_per_iteration=1
label_index=0
max_feature_idx=162
objective=regression
feature_names=KMID KLEN KMID2 KUP KUP2 KLOW KLOW2 KSFT KSFT2 OPEN0 HIGH0 LOW0 VWAP0 ROC5 ROC10 ROC20 ROC30 ROC60 MA5 MA10 MA20 MA30 MA60 STD5 STD10 STD20 STD30 STD60 BETA5 BETA10 BETA20 BETA30 BETA60 RSQR5 RSQR10 RSQR20 RSQR30 RSQR60 RESI5 RESI10 RESI20 RESI30 RESI60 MAX5 MAX10 MAX20 MAX30 MAX60 MIN5 MIN10 MIN20 MIN30 MIN60 QTLU5 QTLU10 QTLU20 QTLU30 QTLU60 QTLD5 QTLD10 QTLD20 QTLD30 QTLD60 RANK5 RANK10 RANK20 RANK30 RANK60 RSV5 RSV10 RSV20 RSV30 RSV60 IMAX5 IMAX10 IMAX20 IMAX30 IMAX60 IMIN5 IMIN10 IMIN20 IMIN30 IMIN60 IMXD5 IMXD10 IMXD20 IMXD30 IMXD60 CORR5 CORR10 CORR20 CORR30 CORR60 CORD5 CORD10 CORD20 CORD30 CORD60 CNTP5 CNTP10 CNTP20 CNTP30 CNTP60 CNTN5 CNTN10 CNTN20 CNTN30 CNTN60 CNTD5 CNTD10 CNTD20 CNTD30 CNTD60 SUMP5 SUMP10 SUMP20 SUMP30 SUMP60 SUMN5 SUMN10 SUMN20 SUMN30 SUMN60 SUMD5 SUMD10 SUMD20 SUMD30 SUMD60 VMA5 VMA10 VMA20 VMA30 VMA60 VSTD5 VSTD10 VSTD20 VSTD30 VSTD60 WVMA5 WVMA10 WVMA20 WVMA30 WVMA60 VSUMP5 VSUMP10 VSUMP20 VSUMP30 VSUMP60 VSUMN5 VSUMN10 VSUMN20 VSUMN30 VSUMN60 VSUMD5 VSUMD10 VSUMD20 VSUMD30 VSUMD60 ORC_GAP_CONFIRMATION_20 ORC_GAP_ABSORPTION_20 ORC_OVERNIGHT_DOMINANCE_20 ORC_CLOSE_PRESSURE_VOLUME_20 ORC_INTRADAY_RANGE_RETURN_10
feature_infos=[-0.16749253869056702:0.23587034642696381] [0:0.33308270573616028] [-1:1] [0:0.27153289318084717] [0:1] [0:0.19577737152576447] [0:1] [-0.31147539615631104:0.23587034642696381] [-1:1] [0.80914634466171265:1.2011904716491699] [1:1.365384578704834] [0.79261672496795654:1] [0.90894031524658203:1.0927579402923584] [0.57777780294418335:1.6790908575057983] [0.54954206943511963:1.8924485445022583] [0.46860837936401367:2.2146341800689697] [0.46312057971954346:2.740487813949585] [0.36440131068229675:2.649662971496582] [0.74611109495162964:1.3455072641372681] [0.65066665410995483:1.4951817989349365] [0.60133224725723267:1.7117466926574707] [0.56646168231964111:1.9959673881530762] [0.4937971830368042:1.8649090528488159] [0:0.26957115530967712] [0:0.32280367612838745] [0:0.36472421884536743] [0:0.57258552312850952] [0:0.50059491395950317] [-0.16409091651439667:0.12254486232995987] [-0.11048160493373871:0.12254486232995987] [-0.11048160493373871:0.12254486232995987] [-0.11048160493373871:0.12254486232995987] [-0.11048160493373871:0.12254486232995987] [0:1] [0:1] [0:1] [0:1] [0:1] [-0.15193372964859009:0.13264167308807373] [-0.24554997682571411:0.20802642405033112] [-0.40848860144615173:0.27864286303520203] [-0.44566619396209717:0.33016127347946167] [-0.96870207786560059:0.3971981406211853] [1:1.6472727060317993] [1:1.9298244714736938] [1:2.2439024448394775] [1:3.3160974979400635] [1:3.3160974979400635] [0.5718809962272644:1] [0.54045307636260986:1] [0.4660193920135498:1] [0.43721681833267212:1] [0.34664765000343323:1] [0.86488890647888184:1.4843636751174927] [0.72140765190124512:1.7869091033935547] [0.59200000762939453:2.054157018661499] [0.56569522619247437:2.423609733581543] [0.56576049327850342:2.3250908851623535] [0.60694897174835205:1.2689855098724365] [0.54922223091125488:1.4057971239089966] [0.49352750182151794:1.5574545860290527] [0.47533980011940002:1.5740000009536743] [0.39857602119445801:1.5950908660888672] [0.20000000298023224:1] [0.10000000149011612:1] [0.05000000074505806:1] [0.033333335071802139:1] [0.01666666753590107:1] [0:1] [0:1] [0:1] [0:1] [0:1] [0.20000000298023224:1] [0.10000000149011612:1] [0.05000000074505806:1] [0.033333335071802139:1] [0.01666666753590107:1] [0.20000000298023224:1] [0.10000000149011612:1] [0.05000000074505806:1] [0.033333335071802139:1] [0.01666666753590107:1] [-0.80000001192092896:0.80000001192092896] [-0.89999997615814209:0.89999997615814209] [-0.94999998807907104:0.94999998807907104] [-0.96666663885116577:0.96666663885116577] [-0.98333334922790527:0.98333334922790527] [-1:1] [-1:1] [-1:1] [-1:1] [-1:1] [-1:1] [-1:1] [-1:1] [-1:1] [-1:1] [0:1] [0:1] [0:0.89999997615814209] [0:0.89999997615814209] [0:0.89999997615814209] [0:1] [0:1] [0:0.89999997615814209] [0:0.875] [0:0.875] [-1:1] [-1:1] [-0.875:0.89999997615814209] [-0.875:0.89999997615814209] [-0.875:0.89999997615814209] [0:1] [0:1] [0:1] [0:1] [0:1] [0:1] [0:1] [0:1] [0:1] [0:1] [-1:1] [-1:1] [-1:1] [-1:1] [-1:1] [0.20013266801834106:26452.083984375] [0.10012400150299072:23627.859375] [0.050104878842830658:12145.7685546875] [0.034610312432050705:10268.4287109375] [0.017187755554914474:8419.4609375] [0.00080492562847211957:59102.5] [0.0021778203081339598:49210.34375] [0.0021778203081339598:42161.07421875] [0.0021778203081339598:37016.7265625] [0.0021778203081339598:26455.013671875] [0:2.2360680103302002] [0:3.1615598201751709] [0:4.4708261489868164] [0:5.4611344337463379] [0:7.5986995697021484] [0:1] [0:1] [0:1] [0:1] [0:1] [0:1] [0:1] [0:1] [0:1] [0:1] [-1:1] [-1:1] [-1:1] [-1:1] [-1:1] [-0.67106980085372925:0.70026850700378418] [-151.62043762207031:28.931533813476562] [-1925766528:713.27764892578125] [-222.41180419921875:4676.52978515625] [-754.3636474609375:737.33990478515625]
tree_sizes=3102 3110 3050 3093 3073 3059 3045 3077 3052 3068 3044 3052 3065 3068 3127 3027 3028 3055 3068 3100 3068

Tree=0
num_leaves=31
num_cat=0
split_feature=41 36 46 15 24 39 32 42 38 17 81 14 24 83 1 6 3 77 86 49 50 7 36 14 15 138 26 51 127 49
split_gain=318.759 158.708 145.618 163.195 115.609 113.376 102.423 88.1134 82.8152 252.606 82.5332 81.9772 80.0489 72.0446 67.8139 66.7189 103.591 65.6655 63.792 103.824 62.662 71.2363 61.9534 61.5906 61.1107 58.4632 58.2131 58.1966 56.2025 53.5699
threshold=-0.066265549510717378 0.68151316046714794 1.0420370101928713 1.1497821211814883 0.10003798454999925 0.060182465240359313 -0.004925140878185629 -0.10959380865097045 -0.015331017319113014 0.74236810207366954 0.61666667461395275 0.94798371195793163 0.045502543449401862 -0.3000000044703483 0.053838510066270835 0.2142848148941994 0.022556408308446411 0.075000002980232253 0.78333333134651195 0.92516314983367931 0.95325082540512096 0.027259916998445991 0.82600522041320812 0.90677177906036388 0.75971341133117687 0.95603060722351085 0.038383904844522483 0.80399376153945934 -0.26890762150287623 0.85697355866432201
decision_type=8 10 10 10 10 10 8 10 8 8 2 8 10 10 10 10 10 2 2 10 10 10 10 10 8 8 10 10 10 10
left_child=1 7 4 5 15 6 10 26 9 -8 -4 -3 -10 22 17 18 20 -5 24 23 21 -17 -13 -20 -2 -18 -1 -21 -16 -7
right_child=2 11 3 14 -6 29 8 -9 12 -11 -12 13 -14 -15 28 16 25 -19 19 27 -22 -23 -24 -25 -26 -27 -28 -29 -30 -31
leaf_value=-0.0020459384745528907 -0.015751847779402105 -0.0047697089227821919 -0.00019516636862331799 -0.0037938167723350867 -0.022046766356185684 -0.023533026840979344 -0.015302795908630186 0.00050364023086168868 -0.00085945796046919094 -0.0013136313204078973 0.0064478271395659471 0.0068399638835309473 0.0028377403475406404 0.025661051120498202 0.018739180051361867 -0.0010185358135889739 0.024040370001378465 0.0038952751793985278 0.0019969269291536108 -0.0081603503263190311 0.00095375402969370888 0.0034400244928675986 0.021092173106834988 0.0076469020226239467 0.00067990191108063401 5.6223414185815935e-05 0.0090385397694997868 0.0013980839231989887 0.0044618945994553856 -0.0043510901762607475
leaf_weight=456 183 196 3465 1190 184 263 1417 4678 206615 6430 3104 1248 5354 414 445 52352 230 5060 3152 571 30231 3392 402 4444 62402 185 2470 13904 736 356
leaf_count=456 183 196 3465 1190 184 263 1417 4678 206615 6430 3104 1248 5354 414 445 52352 230 5060 3152 571 30231 3392 402 4444 62402 185 2470 13904 736 356
internal_value=-4.29524e-05 0.00527912 -0.000173355 -0.000659639 0.000490675 -0.000804056 -0.000766963 0.0031346 -0.000878414 -0.00391039 0.00290831 0.0122722 -0.000764399 0.0140647 0.00370211 0.000519248 -6.40176e-05 0.00237599 0.00111788 0.00250845 -0.000141327 -0.000740718 0.010703 0.00535321 0.000622046 0.0145325 0.00720709 0.000989593 0.0103138 -0.013452
internal_weight=415529 9864 405665 234435 171230 227004 226385 7604 219816 7847 6569 2260 211969 2064 7431 171046 86390 6250 84656 22071 85975 55744 1650 7596 62585 415 2926 14475 1181 619
internal_count=415529 9864 405665 234435 171230 227004 226385 7604 219816 7847 6569 2260 211969 2064 7431 171046 86390 6250 84656 22071 85975 55744 1650 7596 62585 415 2926 14475 1181 619
is_linear=0
shrinkage=1


Tree=1
num_leaves=31
num_cat=0
split_feature=41 36 46 32 38 86 138 14 7 86 124 34 83 53 29 20 29 38 17 86 40 58 6 17 39 10 11 116 83 14
split_gain=255.802 158.164 126.256 157.925 82.3435 76.2952 79.6009 75.0816 73.9664 100.638 75.256 138.219 72.7568 72.6921 130.185 99.2707 85.8746 79.0306 211.609 73.985 69.4078 89.4263 71.7854 66.3153 60.6347 60.1085 59.2466 58.7702 57.754 57.2121
threshold=-0.066265549510717378 0.68151316046714794 1.0380854010581972 -0.004925140878185629 0.032048635184764869 -0.58333334326744068 0.6828104853630067 0.95430296659469616 0.029976665042340759 0.91666665673255932 0.88000077009201061 0.89950025081634533 0.70000001788139354 0.99424907565116893 0.013781090267002584 0.8652658760547639 -0.015034088864922522 -0.014657699037343262 0.74236810207366954 -0.81666666269302357 0.038643766194581992 0.92768228054046642 0.15789496153593066 1.017904579639435 0.001141574000939727 1.0108194947242739 0.98488125205039989 0.64744022488594066 -0.3000000044703483 1.0909269452095034
decision_type=8 10 8 8 10 2 10 8 10 2 10 10 10 8 10 10 8 8 8 2 10 10 10 10 10 10 10 10 10 8
left_child=1 23 4 5 8 6 -4 -3 20 12 11 -11 -10 14 15 -5 -15 18 -18 -19 21 -2 -23 25 -22 -1 -27 -14 -9 -17
right_child=2 7 3 13 -6 -7 -8 28 9 10 -12 -13 27 16 -16 29 17 19 -20 -21 24 22 -24 -25 -26 26 -28 -29 -30 -31
leaf_value=-0.0018775317297856785 0.013384436264749411 -0.0032688423865173117 -6.6716534843157043e-05 -0.026229526575246038 -0.014481468546770225 0.00074446690318296055 0.0090535210767236866 0.010594292818364884 0.0038850475341226653 0.0073215386116615572 -0.0067002912607266509 0.03133915828723921 0.0019443363789393557 0.0067901910314898326 0.014420020661246962 -0.0022826526859583978 -0.013147498126564636 -0.0018755609824199174 -0.0011886248808547866 -0.00020467209901176247 0.0077424307742389549 0.0013429837579782922 -3.1417011587768242e-05 -0.0010936938027734206 -0.0047897060364650232 0.013866257769036702 0.0043529869833081897 -0.006290082390631677 0.024489187601379261 -0.013488418871416401
leaf_weight=936 468 227 1126 144 305 4661 2921 1614 4654 1557 206 251 1523 1417 380 18772 1592 27588 8152 180354 351 55235 88688 2627 3484 772 3292 1489 394 413
leaf_count=936 468 227 1126 144 305 4661 2921 1614 4654 1557 206 251 1523 1417 380 18772 1592 27588 8152 180354 351 55235 88688 2627 3484 772 3292 1489 394 413
internal_value=2.21231e-05 0.00479169 -9.33005e-05 -0.000517018 0.000567688 0.0034412 0.00645438 0.0118147 0.000600486 0.00314348 0.00910753 0.0111264 0.00151797 -0.000662882 -0.00241116 -0.00277212 -0.000504044 -0.000553523 -0.00319615 -0.000427953 0.000431988 0.000539787 0.000494082 0.00266892 -0.00353066 0.00470204 0.00629265 -0.00204209 0.0136832 -0.0025533
internal_weight=415593 9862 405731 247520 158211 8708 4047 2235 157906 9680 2014 1808 7666 238812 19709 19329 219103 217686 9744 207942 148226 144391 143923 7627 3835 5000 4064 3012 2008 19185
internal_count=415593 9862 405731 247520 158211 8708 4047 2235 157906 9680 2014 1808 7666 238812 19709 19329 219103 217686 9744 207942 148226 144391 143923 7627 3835 5000 4064 3012 2008 19185
is_linear=0
shrinkage=0.03


Tree=2
num_leaves=31
num_cat=0
split_feature=41 29 57 54 18 38 127 58 11 61 71 13 134 31 30 114 26 160 85 1 38 127 78 1 45 35 132 103 158 14
split_gain=230.986 141.84 163.485 140.694 145.714 114.898 174.94 150.771 116.607 146.71 105.606 95.6979 85.9558 84.6376 76.7874 74.9617 71.9844 107.284 69.7281 156.3 113.878 75.5038 83.5969 60.919 58.4378 69.8801 57.5777 55.1762 54.1145 54.9633
threshold=-0.066265549510717378 -0.001240371784660965 1.16919481754303 1.0889381766319277 0.95068228244781505 -0.017127021215856072 0.29769212007522589 0.9208262860774995 0.92690601944923412 0.82833755016326915 0.61111107468605053 1.0731475353240969 0.25654086470603948 -0.0084492610767483694 -0.00050914598978124548 0.57236829400062572 0.044287523254752166 -0.5602566897869109 -0.82500001788139332 0.053838510066270835 -0.024740925058722493 0.22794103622436526 0.70000001788139354 0.064274493604898467 1.0577796101570132 0.76655977964401256 0.50885090231895458 0.77500000596046459 0.00011131105202366599 0.9415583908557893
decision_type=8 8 10 10 10 8 10 10 8 8 10 10 10 10 8 8 10 10 2 10 10 10 10 10 10 10 10 2 10 8
left_child=10 3 5 4 13 6 16 -8 12 11 18 -10 -7 -2 -11 24 -3 -18 19 -1 -20 -22 -23 27 -6 -26 -14 -5 29 -12
right_child=1 2 -4 23 15 8 7 -9 9 14 28 -13 26 -15 -16 -17 17 -19 20 -21 21 22 -24 -25 25 -27 -28 -29 -30 -31
leaf_value=0.001963194076588549 0 -0.0054314349946449694 0.005493569738032251 0.0065697937846927595 2.1515188915068034e-05 9.1300756039638673e-06 0.0099807822307311864 -0.016720391978217189 0.0032883936668048866 -0.00070978488620589684 -0.0012809968744283663 0.019316379983867805 -0.024725713349687265 -0.021686893703888883 0.00053194575229484299 -0.0055085485299279187 -0.019407860823125046 0.0040046102504865079 -0.0084913056601663966 0.024157072428732131 0.0020317647898800291 0.026253938052360992 0.0050787530361684182 0.013126859895335068 -0.0017584689426141896 7.4447910676571114e-05 -0.00040155653704023923 0 -0.0050103218407245489 0.017034479994584205
leaf_weight=891 219 1831 5397 1937 47689 352 195 1263 9845 60419 134 338 352 463 172222 3155 167 2446 782 429 5598 239 669 581 68661 25308 149 2704 107 1015
leaf_count=891 219 1831 5397 1937 47689 352 195 1263 9845 60419 134 338 352 463 172222 3155 167 2446 782 429 5598 239 669 581 68661 25308 149 2704 107 1015
internal_value=1.43858e-05 -9.5282e-05 0.000335152 -0.000825408 -0.0010009 0.000221971 -0.00390305 -0.0128595 0.000323424 0.000363937 0.00454629 0.00388663 -0.0106099 -0.0146659 0.000208134 -0.00093246 -0.000852932 0.0022583 0.00329607 0.00965298 0.00208039 0.00341917 0.0114214 0.00399216 -0.000827661 -0.00126172 -0.0183605 0.00273282 0.0126937 0.0146565
internal_weight=415557 405693 254976 150717 145495 249579 5902 1458 243677 242824 9864 10183 853 682 232641 144813 4444 2613 8608 1320 7288 6506 908 5222 141658 93969 501 4641 1256 1149
internal_count=415557 405693 254976 150717 145495 249579 5902 1458 243677 242824 9864 10183 853 682 232641 144813 4444 2613 8608 1320 7288 6506 908 5222 141658 93969 501 4641 1256 1149
is_linear=0
shrinkage=0.03


Tree=3
num_leaves=31
num_cat=0
split_feature=41 36 29 57 11 38 122 61 10 61 54 10 39 30 78 158 1 41 26 53 82 1 108 23 34 86 60 121 10 81
split_gain=249.875 138.194 118.197 150.549 126.234 126.69 157.609 129.463 115.721 109.789 101.75 90.6491 87.8256 85.7371 80.9514 78.6994 72.7342 78.2007 88.3803 78.1874 66.2061 65.0527 61.4204 58.8917 61.7602 56.1367 55.4345 57.0587 48.8635 54.7043
threshold=-0.066265549510717378 0.68151316046714794 -0.001240371784660965 1.16919481754303 0.92690601944923412 -0.015331017319113014 0.35025383532047277 0.82833755016326915 1.0365515947341921 0.76764157414436351 1.0889381766319277 1.0204570293426516 0.0078715770505368727 -0.00050914598978124548 0.70000001788139354 -0.017509287223219868 0.016969697549939159 -0.031790360808372491 0.076802361756563201 1.0012883543968203 0.37500000000000006 0.064274493604898467 -0.45000000298023218 0.048825789242982871 0.69349980354309093 0.75000000000000011 1.0179808139801028 0.64344829320907604 1.0105162262916567 0.050000002607703216
decision_type=8 10 8 10 8 8 10 8 10 10 10 10 10 8 10 10 10 10 10 10 2 10 2 10 10 2 10 10 10 2
left_child=1 20 9 4 -4 6 8 11 -6 -2 16 -7 -8 -9 -3 -16 -11 19 -19 -18 28 22 -12 25 -25 -17 27 -5 -1 -30
right_child=2 14 3 26 5 7 12 13 -10 10 21 -13 -14 -15 15 23 17 18 -20 -21 -22 -23 -24 24 -26 -27 -28 -29 29 -31
leaf_value=-0.0020858212810228628 -0.016883736100415863 0.023252942160665736 -0.010965600467545199 0.0034416524881198296 -0.0037595288532215102 0.0021082085418082557 -0.0021449007497906071 -0.0007623487782685988 -0.019457483129155389 -0.00010834304664798405 -0.00071040493859450831 0.0090680938578945915 0.011673680464899465 0.00055315424108291929 0.021973335814113412 0.00223440314408306 -0.008802240321800962 -0.0022638792653932333 0.0033743352816213569 0.00048163468960933274 -0.00015040418431286936 0.012907839996490703 0.006184865404705378 -0.014412316451387772 0.010223327411804348 0.016348243982881115 -0.0093247457468409994 0.010292325487206171 -0.00039300635707779571 0.0086837095731992098
leaf_weight=599 361 427 889 3423 986 7733 5899 60217 826 63887 2715 2216 421 170563 299 697 830 57555 2557 20217 3554 566 1928 229 114 451 193 1783 682 2730
leaf_count=599 361 427 889 3423 986 7733 5899 60217 826 63887 2715 2216 421 170563 299 697 830 57555 2557 20217 3554 566 1928 229 114 451 193 1783 682 2730
internal_value=1.66357e-05 0.00475031 -9.69708e-05 0.00029557 0.000186972 0.000228895 -0.00344586 0.000354553 -0.0112135 -0.000763892 -0.000720925 0.0037036 -0.00114315 0.000208566 0.0113486 0.00811759 -0.00087068 -0.00146691 -0.00201801 9.32708e-05 0.00275223 0.00337907 0.00210276 0.0048864 -0.00528579 0.00822097 0.0052446 0.00587575 0.00538655 0.0067903
internal_weight=415547 9782 405765 255149 249750 248861 8132 240729 1812 150616 150255 9949 6320 230780 2217 1790 145046 81159 60112 21047 7565 5209 4643 1491 343 1148 5399 5206 4011 3412
internal_count=415547 9782 405765 255149 249750 248861 8132 240729 1812 150616 150255 9949 6320 230780 2217 1790 145046 81159 60112 21047 7565 5209 4643 1491 343 1148 5399 5206 4011 3412
is_linear=0
shrinkage=0.03


Tree=4
num_leaves=31
num_cat=0
split_feature=42 30 11 16 26 38 17 62 10 79 29 49 1 75 35 116 76 35 17 38 35 29 16 118 49 34 90 30 35 84
split_gain=157.499 130.173 134.368 131.769 108.649 92.9602 218.662 108.831 116.502 117.295 103.136 85.462 83.2504 81.4934 80.1037 93.1981 79.5209 68.2761 63.0145 95.4125 58.4567 62.2542 109.482 55.288 51.3633 49.6114 49.1887 47.5597 59.2538 47.4939
threshold=-0.10333798453211783 -0.00036346260458230967 0.92690601944923412 0.89057463407516491 0.075075529515743269 -0.017127021215856072 0.74236810207366954 0.82191684842109691 1.0204570293426516 0.15000000223517421 0.024616629816591743 0.88502365350723278 0.057960700243711478 0.67499998211860668 0.89940020442008983 0.76272055506706249 0.35000000894069677 0.14978794753551486 0.84126982092857372 0.017642230726778511 0.80289128422737133 -0.003439378808252513 1.1154981851577761 0.28787882626056677 0.97739133238792431 0.83741575479507457 0.49995860457420355 0.0026029060827568178 0.8261699676513673 0.15000000223517421
decision_type=8 8 8 8 10 8 8 8 10 2 10 10 10 2 10 10 2 10 8 10 10 10 10 10 10 10 10 10 10 2
left_child=12 3 11 -2 20 6 14 8 10 -10 -7 25 13 -1 15 -4 -14 -15 23 -20 21 29 -23 -9 -22 26 -3 -8 -29 -5
right_child=1 2 5 4 -6 7 27 18 9 -11 -12 -13 16 17 -16 -17 -18 -19 19 -21 24 22 -24 -25 -26 -27 -28 28 -30 -31
leaf_value=0.001545885727003636 -0.0077430363983030945 0 -0.012291717283247428 -0.0017647522771152516 0.003830615788528528 0.0014336471503921431 -0.0054404362172026013 0.00084577779080432234 0.010067899843380333 0.0019307216230533006 -0.015362896321717291 0.0050289748339533633 0.017279448172051997 0.022317799409178808 -0.029738355478063163 0.012812616731807535 0.0034412178561667264 -0.0012497170597314834 0.00033539255368341151 0.0069314758469201576 -0.0016376500820567657 -0.00079026962002481374 0.0033611477308595665 -0.0030305667219520421 0.001577952194683296 0.001043116695280852 -0.02248865982730236 0.0034803983746909991 -0.0057905020725484355 -0.016799085167272444
leaf_weight=6224 2366 135 1172 50528 4735 20246 1114 4973 3057 3566 312 206 755 304 221 122 876 130 183093 1981 6119 87826 6075 9279 15922 106 519 3036 742 175
leaf_count=6224 2366 135 1172 50528 4735 20246 1114 4973 3057 3566 312 206 755 304 221 122 876 130 183093 1981 6119 87826 6075 9279 15922 106 519 3036 742 175
internal_value=-2.3569e-05 -0.000107628 0.000353572 -0.000730146 -0.000630686 0.000401563 -0.00314999 0.000503616 0.00228507 0.00575079 0.00114947 -0.0106869 0.00406438 0.00250015 -0.0130288 -0.00953755 0.0101605 0.0148535 0.000258979 0.000408358 -0.000759693 -0.000979895 -0.000517838 -0.00165767 0.000670966 -0.0153511 -0.0184054 0 0.0015597 -0.00182916
internal_weight=415915 407626 233880 173746 171380 232914 6407 226507 27181 6623 20558 966 8289 6658 1515 1294 1631 434 199326 185074 166645 144604 93901 14252 22041 760 654 4892 3778 50703
internal_count=415915 407626 233880 173746 171380 232914 6407 226507 27181 6623 20558 966 8289 6658 1515 1294 1631 434 199326 185074 166645 144604 93901 14252 22041 760 654 4892 3778 50703
is_linear=0
shrinkage=0.03


Tree=5
num_leaves=31
num_cat=0
split_feature=41 36 46 32 14 25 38 17 6 26 86 33 62 25 1 7 37 18 85 1 68 26 56 24 77 15 7 26 37 51
split_gain=255.116 138.651 117.652 113.415 97.9513 90.7479 78.9527 245.17 94.2234 73.6433 71.196 73.6717 69.7373 101.04 69.6176 101.017 69.1936 69.1819 67.245 67.5327 66.7111 90.4939 115.827 75.9881 70.046 80.5007 66.5349 65.469 61.5396 60.506
threshold=-0.066265549510717378 0.79750531911849987 1.036132335662842 -0.004925140878185629 0.96087288856506359 0.081587396562099471 -0.017127021215856072 0.74236810207366954 0.27272681891918188 0.10755445063114168 -0.58333334326744068 0.93102675676345836 0.81336823105812084 0.087922334671020522 0.083115298300981535 0.043297730386257179 0.71628338098526012 1.0396109223365786 -0.82500001788139332 0.053838510066270835 0.84848490357398998 0.06047536991536618 0.93304160237312328 0.053024651482701309 0.85833334922790538 0.88250279426574718 -0.013201341964304445 0.10755445063114168 0.33048608899116522 0.87909305095672619
decision_type=8 10 8 8 10 10 8 8 10 10 2 10 10 10 10 10 10 10 2 10 10 10 10 10 2 10 10 10 8 10
left_child=1 12 5 10 -3 9 7 8 17 14 11 -4 13 -1 15 26 -7 -5 19 -14 21 23 -23 -8 -22 -26 -2 -6 -17 -9
right_child=2 4 3 6 27 16 20 29 -10 -11 -12 -13 18 -15 -16 28 -18 -19 -20 -21 24 22 -24 -25 25 -27 -28 -29 -30 -31
leaf_value=0.011311890463980749 0.0027647443872793709 -0.004267953764219898 0.0070841078058289757 -0.022131240123742724 0.012688433334653106 -0.015430205636053674 -0.00061531928131873211 0.002330231511576662 0 0.020784471707198587 0.0002511478536896318 -0.0066133284709733427 0.0033395092167428759 -0.006830434803492747 -0.0098710280161081014 -0.00022831103366113776 0.0036831225218962311 0.00035050615116434867 0.0007196350254678798 0.019845342245110323 -0.0017328505683498656 -0.0093501660009013571 0.0021864533796139775 0.0082435223582662427 -0.028411311032507859 -0.0045655152337124045 0.00029960874861599025 0.034969701696141262 0.0087066878933132908 -0.0039864331439493561
leaf_weight=1745 10659 138 3634 926 457 535 194689 2545 282 143 4688 353 795 292 551 921 204 111 5730 335 24315 793 17120 851 170 557 136091 223 2165 2833
leaf_count=1745 10659 138 3634 926 457 535 194689 2545 282 143 4688 353 795 292 551 921 204 111 5730 335 24315 793 17120 851 170 557 136091 223 2165 2833
internal_value=-2.02198e-05 0.0047781 -0.000136252 -0.000531458 0.0165581 0.000525 -0.000651808 -0.00386717 -0.0153693 0.000578981 0.00282932 0.00576954 0.00362668 0.00852425 0.000555012 0.000596666 -0.00980072 -0.0194799 0.00210824 0.00875374 -0.000559945 -0.00038625 0.00164915 -0.000574392 -0.00202703 -0.0111546 0.000481057 0.0212143 0.0059592 -0.0009441
internal_weight=414851 9715 405136 253867 818 151269 245192 6697 1319 150530 8675 3987 8897 2037 150387 149836 739 1037 6860 1130 238495 213453 17913 195540 25042 727 146750 680 3086 5378
internal_count=414851 9715 405136 253867 818 151269 245192 6697 1319 150530 8675 3987 8897 2037 150387 149836 739 1037 6860 1130 238495 213453 17913 195540 25042 727 146750 680 3086 5378
is_linear=0
shrinkage=0.03


Tree=6
num_leaves=31
num_cat=0
split_feature=41 29 57 54 18 27 38 122 58 111 38 31 68 31 39 45 1 27 35 34 42 1 4 25 50 5 0 116 0 38
split_gain=221.429 110.817 112.748 107.355 126.583 99.672 96.5412 125.383 130.443 120.993 96.9637 107.842 114.341 88.487 82.7654 75.2864 73.3718 70.7324 63.7812 63.6125 60.7094 79.9428 66.3012 59.7342 94.5907 96.7406 67.9431 66.3338 59.3835 57.7118
threshold=-0.066265549510717378 -0.001240371784660965 1.16919481754303 1.0889381766319277 0.95068228244781505 0.085301764309406294 -0.015331017319113014 0.35025383532047277 0.9208262860774995 0.26491229236125952 0.032048635184764869 0.0094293244183063524 0.29761937260627752 -0.00734210037626326 0.0030417514499276881 1.0367816090583803 0.064274493604898467 0.076136417686939253 0.58533975481987011 0.75491848587989818 -0.090228755027055726 0.017528501339256767 0.22727099806070331 0.087922334671020522 0.89823797345161449 0.008223711512982847 -0.0025189126608893271 0.33734917640686041 -0.0268558245152235 -0.0092750634066760523
decision_type=8 8 10 10 10 10 8 10 10 2 10 10 10 10 10 10 10 10 10 10 10 10 10 10 10 10 10 10 10 10
left_child=5 3 6 4 13 18 7 8 9 -3 11 -8 -13 -2 19 -10 -5 -16 29 -9 22 -22 28 24 25 -7 -26 -25 -6 -1
right_child=1 2 -4 16 20 23 10 14 15 -11 -12 12 -14 -15 17 -17 -18 -19 -20 -21 21 -23 -24 27 26 -27 -28 -29 -30 -31
leaf_value=-0.0057118170540348453 0 -0.008729865655872757 0.0045700905878006464 0.0021602169712976638 -0.0026703919732060872 0.025574814170834785 0.00026980794118970739 -0.0038858195029168475 -0.00080874776327645101 0.031154554245230837 -0.013601202304520743 0.018217246888120195 0.0031132757954008207 -0.021854346706786518 0 -0.0167997082842723 0.013705794367148579 0.020889701499254443 0.0069038402018343683 0.0035076047089703682 -0.00017374339082660637 -0.001618114722292036 -0.00091258981628510375 0.016156394129544765 0.0089338731655424514 0.0051419955255109029 -0.0021504024074981186 -0.0027909005573417403 0.0079362997308128711 0.0021067592201396237
leaf_weight=1243 273 117 5462 4651 550 568 236980 4362 394 107 428 521 3406 419 354 1186 556 251 1447 1319 66883 72339 2714 187 2013 408 597 788 2129 2537
leaf_count=1243 273 117 5462 4651 550 568 236980 4362 394 107 428 521 3406 419 354 1186 556 251 1447 1319 66883 72339 2714 187 2013 408 597 788 2129 2537
internal_value=3.8194e-05 -6.88328e-05 0.000311494 -0.000714844 -0.00086834 0.00449274 0.000216676 -0.00299926 -0.00994223 0.0100846 0.000325963 0.000353078 0.0052753 -0.0135141 -0.000933925 -0.0130595 0.00349817 0.00934663 0.00158203 -0.00211033 -0.000803894 -0.00092651 0.00229779 0.00774151 0.00953259 0.0176092 0.00628736 0.000793292 0.00564394 -0.000401853
internal_weight=415189 405401 254887 150514 145307 9788 249425 8090 1804 224 241335 240907 3927 692 6286 1580 5207 605 5227 5681 144615 139222 5393 4561 3586 976 2610 975 2679 3780
internal_count=415189 405401 254887 150514 145307 9788 249425 8090 1804 224 241335 240907 3927 692 6286 1580 5207 605 5227 5681 144615 139222 5393 4561 3586 976 2610 975 2679 3780
is_linear=0
shrinkage=0.03


Tree=7
num_leaves=31
num_cat=0
split_feature=41 36 29 42 61 38 39 16 38 122 18 61 4 62 119 51 20 26 42 25 117 37 35 38 85 1 28 117 26 14
split_gain=195.999 142.82 100.564 105.689 97.0944 94.6915 94.0791 92.5408 97.6283 153.233 146.647 87.6784 131.409 84.3078 81.8136 76.868 71.8158 76.217 76.3109 68.3698 60.0634 59.8237 57.3047 56.5918 55.2647 63.7039 52.183 49.7086 47.0087 43.981
threshold=-0.066265549510717378 0.77627879381179821 -0.0011861163657158611 -0.094018824398517595 0.76764157414436351 0.032048635184764869 -0.066836908459663377 1.1309659481048586 -0.017127021215856072 0.35288673639297491 0.97183626890182506 0.82833755016326915 0.40624935925006872 0.82995113730430614 0.40517242252826696 0.87909305095672619 1.0887449383735659 0.029253266751766208 0.071097377687692656 0.087922334671020522 0.58466643095016491 0.7123849391937257 0.80614650249481212 0.019977084361016754 -0.82500001788139332 0.053838510066270835 0.014338009990751745 0.53556033968925487 0.10131740570068361 1.0113513469696047
decision_type=8 10 8 10 8 10 10 10 8 10 10 8 10 10 10 10 10 10 10 10 10 10 10 10 2 10 10 10 10 8
left_child=1 13 3 26 -5 7 -3 8 9 10 -4 12 -10 19 -9 -11 17 22 -19 -1 -7 -22 -6 -13 25 -15 29 -16 -8 -2
right_child=2 6 5 4 16 20 28 14 11 15 -12 23 -14 24 27 -17 -18 18 -20 -21 21 -23 -24 -25 -26 -27 -28 -29 -30 -31
leaf_value=0.010231943333264144 -0.0092077692202605609 -0.0089075118108164694 0.0071252986961385092 -0.016244498291991729 -0.0005773060391750654 0.0026464900496297036 0.010528862879690926 -0.0017144148323667058 0.0010157947370253661 0.0023571299920628224 -0.016268308578666266 0.00012741755170190254 0.0089004450414986343 0.0020584197614574801 0.0057473525398751956 -0.0055976889650254519 0.0040377196580530109 -0.0018345296202746334 0.0088479834174401487 -0.0045593590802711984 -0.026721838782541453 0 0.0022504174134430157 0.0065290739759203071 -4.588123750748337e-05 0.018149671062015958 -0.014606579389977961 0.026202383322641729 0.026456227936150302 0.0040376921659108769
leaf_weight=1843 203 106 267 352 73289 129 530 1439 7904 2724 1227 230085 2538 805 3730 1778 2614 61990 579 289 244 112 7023 1232 5503 321 121 102 384 5926
leaf_count=1843 203 106 267 352 73289 129 530 1439 7904 2724 1227 230085 2538 805 3730 1778 2614 61990 579 289 244 112 7023 1232 5503 321 121 102 384 5926
internal_value=-1.37245e-05 0.00417753 -0.000115735 -0.000726044 -0.000891489 0.000249273 0.0147662 0.000276313 0.00019119 -0.00358017 -0.0118505 0.000286254 0.00297424 0.00287975 0.00420486 -0.000729031 -0.000850056 -0.00094213 -0.00172809 0.00806379 -0.0127159 -0.0189252 -0.000325798 0.000163371 0.00114812 0.00714418 0.00307739 0.00650292 0.0179649 0.00352168
internal_weight=415389 9781 405608 152097 145847 253511 1020 253026 247755 5996 1494 241759 10442 8761 5271 4502 145495 142881 62569 2132 485 356 80312 231317 6629 1126 6250 3832 914 6129
internal_count=415389 9781 405608 152097 145847 253511 1020 253026 247755 5996 1494 241759 10442 8761 5271 4502 145495 142881 62569 2132 485 356 80312 231317 6629 1126 6250 3832 914 6129
is_linear=0
shrinkage=0.03


Tree=8
num_leaves=31
num_cat=0
split_feature=41 46 54 72 53 15 24 158 15 139 53 67 29 22 49 29 116 158 29 39 28 70 138 24 49 82 86 13 19 25
split_gain=192.181 114.159 110.575 105.025 92.2363 88.9059 76.5814 72.5441 72.3663 78.4973 65.5182 78.1954 82.4771 74.5999 88.8527 88.6254 64.8112 64.2803 59.7819 55.7971 72.5623 52.9426 50.8517 52.8252 46.833 45.947 51.6112 113.033 89.086 43.9992
threshold=-0.070286493748426424 1.0265403985977175 1.093691408634186 0.59649065136909496 1.0933620333671572 1.2051090002059939 0.10003798454999925 0.00077223920379765343 0.9018780291080476 1.4242618680000307 0.96992573142051708 0.99159604310989391 0.012946058996021749 0.7882869839668275 0.82754534482955944 0.011652775574475529 0.59955254197120678 -0.025007663294672963 0.0022318805567920212 0.0072295323479920634 0.00022430686658481139 0.51923051476478588 1.5672051906585696 0.043323742225766189 0.95257663726806652 0.92500001192092907 0.84999999403953563 0.94425767660141002 0.95917662978172313 0.011568523477762939
decision_type=8 8 10 10 10 10 10 10 8 10 8 10 10 8 8 10 10 10 10 10 8 10 8 10 10 2 2 10 10 8
left_child=3 6 10 5 7 -1 19 8 9 -5 18 13 -13 15 -15 -12 -6 -7 21 20 -2 -3 23 -20 -4 26 27 -21 -28 -22
right_child=1 2 24 4 16 17 -8 -9 -10 -11 11 12 -14 14 -16 -17 -18 -19 22 25 29 -23 -24 -25 -26 -27 28 -29 -30 -31
leaf_value=0.00046070823859114298 0.0018299066293489307 0 0.0099047857311715688 0.026287074061067423 0.0078837034651951399 0.020672860882275788 -0.01819550713753091 -0.0068918311417764918 0.0084144593725768903 0.0013745004602479841 0.00067284364501440648 0.0017682363457709092 0.016373488218176486 0.0059721061179491561 -0.00047192571558651988 -0.011756898442013679 -0.019736890555870149 0.004103634596268696 0.013720825878020964 -0.002568228388874271 0.0015127386218498871 -0.016400030138347125 -0.015580878915657162 -0.0050583952250769478 0.0024503312701917865 0.0094620817221012683 0.006525807951808512 0.0020114877681084876 0.00051002574464195031 -0.00059537180206024323
leaf_weight=4712 21126 223 1027 573 116 343 171 140 1276 176 861 1490 463 1913 278143 1120 135 686 265 6353 10815 609 119 211 3557 677 4511 19853 4572 49254
leaf_count=4712 21126 223 1027 573 116 343 171 140 1276 176 861 1490 463 1913 278143 1120 135 686 265 6353 10815 609 119 211 3557 677 4511 19853 4572 49254
internal_value=2.62738e-05 -6.44097e-05 -0.000384538 0.00458047 0.00984115 0.00228806 0.000724202 0.011881 0.0133803 0.0210112 -0.000459853 -0.000426252 0.00551365 -0.000468835 -0.000426414 -0.00625192 -0.00622522 0.0102015 -0.0068413 0.000757477 0.000317052 -0.0119431 0 0.00492328 0.00422136 0.00174269 0.00158083 0.000888697 0.00353845 -0.000210452
internal_weight=415490 407333 290001 8157 2416 5741 117332 2165 2025 749 285417 283990 1953 282037 280056 1981 251 1029 1427 117161 81195 832 595 476 4584 35966 35289 26206 9083 60069
internal_count=415490 407333 290001 8157 2416 5741 117332 2165 2025 749 285417 283990 1953 282037 280056 1981 251 1029 1427 117161 81195 832 595 476 4584 35966 35289 26206 9083 60069
is_linear=0
shrinkage=0.03


Tree=9
num_leaves=31
num_cat=0
split_feature=41 36 46 32 24 63 52 24 51 38 117 26 36 17 58 81 39 71 81 39 5 16 1 12 40 37 62 50 115 62
split_gain=150.893 102.711 90.6415 107.807 99.8719 75.3294 77.9401 115.024 108.639 75.3794 158.749 82.8356 69.871 67.1996 65.3278 67.1237 64.271 64.2655 61.6113 61.3363 57.9573 57.811 55.1226 74.4643 57.5035 54.8743 54.2156 65.8119 52.206 49.7752
threshold=-0.066265549510717378 0.78798821568489086 1.0351988077163699 -0.004925140878185629 0.10003798454999925 0.72499999403953563 0.66614779829978954 0.0336959045380354 0.69086378812789928 -0.015331017319113014 0.65161290764808666 0.06047536991536618 0.77920162677764904 1.011374890804291 1.0099179148674013 0.083333335816860213 0.0078715770505368727 0.85227295756340038 0.61666667461395275 0.0072295323479920634 0.0044557282235473403 1.0501433014869692 0.083115298300981535 0.97726434469223034 0.038643766194581992 0.33048608899116522 0.81336823105812084 0.77147722244262706 0.44705881178379064 0.7977195978164674
decision_type=8 10 10 8 10 10 10 10 10 10 8 10 10 10 10 2 10 10 2 10 10 10 10 10 10 10 10 10 8 10
left_child=1 13 4 18 19 9 7 8 -7 10 16 28 -13 21 -3 -16 -5 -8 -4 20 -2 26 23 25 -25 -21 27 -1 -11 -12
right_child=2 14 3 5 -6 6 17 -9 -10 11 29 12 -14 -15 15 -17 -18 -19 -20 22 -22 -23 -24 24 -26 -27 -28 -29 -30 -31
leaf_value=-0.0073389921614165181 0.00069612635899310362 0.024751539183144242 0 -0.0019374500746013458 -0.020093196869620352 0.016403140478200257 -0.0012147381662686038 -0.013780714383119761 -0.0046179530032718656 -0.00072545119816606006 -0.016532113360485337 0.00029658477119412648 0.0050824301543132616 -0.00093940815683769602 -0.003081573645140211 0.016525432319317204 0.011752585029933121 0.01058414478946396 0.005037106631512597 -0.00012318203147970936 -0.00074175334402571801 0.010977132903963805 -0.0079107852678589052 0.0017685381566073539 -0.001756146319055008 0.011103811173910577 0.00031771621102947092 0.0088849599110425084 0.00039716180158265256 0
leaf_weight=222 65513 302 3813 6752 191 246 74139 1092 1255 86667 895 6457 4953 2963 282 275 299 393 4933 495 40894 1042 523 35223 4624 1226 2920 1752 65044 217
leaf_count=222 65513 302 3813 6752 191 246 74139 1092 1255 86667 895 6457 4953 2963 282 275 299 393 4933 495 40894 1042 523 35223 4624 1226 2920 1752 65044 217
internal_value=-3.04099e-06 0.00367887 -9.2484e-05 -0.000434011 0.000496143 -0.000550366 -0.00132946 -0.00644807 -0.000805164 -0.000197693 -0.0030081 -5.48627e-05 0.00240559 0.00266371 0.0135545 0.00631606 -0.00128289 -0.00114568 0.00283027 0.000527347 0.000140671 0.00450972 0.00149722 0.00162655 0.00135132 0.00773803 0.0030326 0.00685462 -0.00024218 -0.0134664
internal_weight=415602 9758 405844 257155 148689 248409 77125 2593 1501 171284 8163 163121 11410 8899 859 557 7051 74532 8746 148498 106407 5936 42091 41568 39847 1721 4894 1974 151711 1112
internal_count=415602 9758 405844 257155 148689 248409 77125 2593 1501 171284 8163 163121 11410 8899 859 557 7051 74532 8746 148498 106407 5936 42091 41568 39847 1721 4894 1974 151711 1112
is_linear=0
shrinkage=0.03


Tree=10
num_leaves=31
num_cat=0
split_feature=41 36 29 57 58 37 53 29 11 30 114 32 7 23 158 16 18 116 79 81 25 14 115 45 60 32 30 56 17 16
split_gain=179.027 105.808 105.741 121.105 109.991 100.292 85.2007 82.5139 78.3514 70.7056 72.3209 70.704 90.3329 64.827 93.791 60.2453 59.2919 56.3332 53.4687 53.1772 52.8045 50.3155 62.2803 55.06 65.975 50.1381 48.0047 46.0911 44.5828 80.5681
threshold=-0.070286493748426424 0.65619894862174999 -0.00019487296958686781 1.16919481754303 0.92768228054046642 0.41246969997882849 0.98167940974235546 -0.016832389868795868 0.92690601944923412 -0.00032588586327619845 0.55434790253639232 -0.00187443959293887 0.023294581100344661 0.048825789242982871 -0.025007663294672963 0.83710405230522167 0.97738811373710643 0.36470572650432592 0.15000000223517421 0.25000000745058065 0.02373430505394936 0.98474839329719555 0.59085530042648327 1.0588891506195071 1.0415751338005068 -0.00081185894669033576 -0.004361947998404502 1.1174285411834719 1.006952226161957 1.0511201620101931
decision_type=8 10 8 10 10 10 10 10 8 8 10 8 10 10 10 8 8 10 2 2 10 8 10 10 8 10 10 10 10 10
left_child=1 28 4 8 5 -2 27 -6 19 10 20 12 -11 -3 -15 -12 -13 18 26 -4 -10 22 -9 -23 -25 -21 -5 -7 29 -1
right_child=2 13 3 17 7 6 -8 21 9 11 15 16 -14 14 -16 -17 -18 -19 -20 25 -22 23 -24 24 -26 -27 -28 -29 -30 -31
leaf_value=0.0017588081585003588 -0.021408387445502969 0.013208735665536738 0 -0.016144657898482611 0.0064689980111520195 -0.019282224485209765 0.011534412381574283 -0.005200772465408174 -0.0007162503484443826 -0.0021835347608836464 -0.014879922470346025 0.0023220525909603139 0.0050237123058152582 0.020288497426081447 -0.0068171154239918671 -0.0016924008047362129 0.0005554097439140935 0.0023481492096233919 0.011601700198726623 0 0.0020163935388858366 0.000143051437237397 0 -0.0011618426250417228 0.0016140975108823782 -0.020598726309686899 0.0068372885004322204 4.2023343699319014e-06 -0.00095732907414225834 0.012270770544076512
leaf_weight=2939 416 1583 388 112 1466 215 226 4653 15480 13559 303 19866 1730 140 381 23663 130328 2863 1509 111 10688 70482 3891 96144 8273 355 182 155 2223 867
leaf_count=2939 416 1583 388 112 1466 215 226 4653 15480 13559 303 19866 1730 140 381 23663 130328 2863 1509 111 10688 70482 3891 96144 8273 355 182 155 2223 867
internal_value=4.29948e-06 0.00440664 -8.31342e-05 0.00035935 -0.000611026 -0.0103946 -0.00177455 -0.00055474 0.000254578 0.000292234 -0.000691823 0.00059222 -0.00134292 0.01021 0.000392784 -0.0018839 0.000791357 0.00513418 0.00931927 -0.00869858 0.000389097 -0.000613206 -0.00286598 -0.000501125 -0.000938764 -0.015315 -0.001433 -0.0108477 0.00230471 0.00428345
internal_weight=415191 8133 407058 221137 185921 1012 596 184909 216471 215617 50134 165483 15289 2104 521 23966 150194 4666 1803 854 26168 183443 8544 174899 104417 466 294 370 6029 3806
internal_count=415191 8133 407058 221137 185921 1012 596 184909 216471 215617 50134 165483 15289 2104 521 23966 150194 4666 1803 854 26168 183443 8544 174899 104417 466 294 370 6029 3806
is_linear=0
shrinkage=0.03


Tree=11
num_leaves=31
num_cat=0
split_feature=41 36 16 25 14 86 18 50 28 80 121 39 17 26 24 158 5 36 36 115 83 82 115 1 71 82 36 142 10 86
split_gain=159.638 99.8966 90.7484 97.8357 81.6686 81.6615 142.011 154.679 102.342 93.1757 80.0495 73.3249 94.4829 74.6794 72.4777 68.6765 67.1042 62.3896 61.4013 78.5205 58.2535 52.7646 50.5795 50.3597 49.2209 48.8327 48.1372 47.0123 46.1742 43.7651
threshold=-0.070286493748426424 0.65993517637252819 1.2180514931678774 0.013608650304377081 0.95430296659469616 0.84999999403953563 0.97091042995452892 0.80712574720382702 -0.010508744511753319 0.22500000149011615 0.32894732058048254 0.060182465240359313 0.84713932871818554 0.06047536991536618 0.05835323408246041 0.0021200436167418961 0.01013514678925276 0.88227826356887828 0.81622272729873668 0.30508440732955938 -0.3000000044703483 0.37500000000000006 0.49664427340030676 0.064274493604898467 0.47368423640728002 0.4916666597127915 0.82267123460769664 1.2240847349166872 1.0105162262916567 -0.55000001192092884
decision_type=8 10 10 10 10 2 10 10 8 2 10 10 10 10 10 8 10 10 10 10 10 2 10 10 10 2 10 10 10 2
left_child=1 21 3 24 16 11 9 17 -9 10 -7 13 -13 14 -5 -15 -3 -8 -4 23 25 28 -14 -20 -2 26 -6 -27 -1 -30
right_child=2 4 18 5 20 6 7 8 -10 -11 -12 12 22 15 -16 -17 -18 -19 19 -21 -22 -23 -24 -25 -26 27 -28 -29 29 -31
leaf_value=-0.0036626720343623602 -1.7200566469388044e-05 0.0084498648979075136 0.00038699647597443957 -0.00065786190891246085 0 0.0066834517445345737 -0.015160305720780877 0.012823529731300546 0.00039168015036029636 0.00018394139320712733 0.021446473784753235 -0.014494515066071662 -0.00468588982095333 0.0015494982122400789 0.0082330254539377742 -0.0034089892314629008 -0.021651224917145658 -0.0009868973369458391 0.00056822393164013621 0.016699431030442038 0.023430356747590128 -0.00080440774467349272 0.012964499232528561 0.016311645171593007 0.0015401863752203535 0.0056638174706761376 0.016288303021032551 0.024151250129799358 0.015560536130134315 0.004413665529935276
leaf_weight=454 32336 102 1844 271236 727 2936 776 595 22790 1930 391 744 396 24038 803 2757 111 509 1096 648 339 2828 200 212 40854 321 197 293 391 2447
leaf_count=454 32336 102 1844 271236 727 2936 776 595 22790 1930 391 744 396 24038 803 2757 111 509 1096 648 339 2828 200 212 40854 321 197 293 391 2447
internal_value=-1.41082e-05 0.00412164 -9.84511e-05 -0.000142757 0.0097935 -0.00036342 0.00112734 0.000159215 0.000731497 0.00559588 0.00862587 -0.000513112 -0.00747864 -0.000480376 -0.000629912 0.00102596 -0.00646106 -0.00987714 0.00450131 0.00818505 0.0118449 0.00211023 0.000978668 0.00355304 0.000848204 0.00883069 0.00388508 0.0154427 0.00469438 0.00615252
internal_weight=415301 8210 407091 403291 2090 330101 29927 24670 23385 5257 3327 300174 1340 298834 272039 26795 213 1285 3800 1956 1877 6120 596 1308 73190 1538 924 614 3292 2838
internal_count=415301 8210 407091 403291 2090 330101 29927 24670 23385 5257 3327 300174 1340 298834 272039 26795 213 1285 3800 1956 1877 6120 596 1308 73190 1538 924 614 3292 2838
is_linear=0
shrinkage=0.03


Tree=12
num_leaves=31
num_cat=0
split_feature=42 30 16 38 17 31 158 69 40 51 53 81 5 16 14 35 53 122 35 30 75 11 38 1 87 76 35 30 79 87
split_gain=145.673 105.41 140.135 98.0129 180.183 91.3997 198.61 116.809 93.341 87.089 86.7457 81.1201 71.468 72.2933 89.2203 69.1044 67.4882 67.4481 65.642 60.0438 59.1928 66.8962 69.4422 55.4018 53.6434 69.2971 52.9839 53.2397 52.95 50.696
threshold=-0.10333798453211783 -0.00050914598978124548 0.88605287671089183 -0.017127021215856072 0.74236810207366954 0.0067171310074627408 0.021185544319450859 0.29032355546951299 0.0495880525559187 0.87909305095672619 1.0007540583610537 0.15000000596046451 0.0040816266555339107 0.72777196764945995 0.90677177906036388 0.8605177402496339 1.0574313402175906 0.28534537553787237 0.82273763418197643 0.0026029060827568178 0.67499998211860668 0.98471340537071239 -0.0023140418343245979 0.055796675384044654 0.87500000000000011 0.84999999403953563 0.8261699676513673 0.011551840230822565 0.55000001192092907 0.65833333134651195
decision_type=8 8 8 8 8 10 10 10 10 10 10 2 8 8 8 10 10 10 10 10 2 10 10 10 2 2 10 10 2 2
left_child=20 2 -2 4 15 12 7 11 -9 10 28 -7 24 -14 -15 16 17 -3 -11 -6 21 22 -1 -20 25 -5 -21 -28 -4 -8
right_child=1 3 9 5 19 6 29 8 -10 18 -12 -13 13 14 -16 -17 -18 -19 23 26 -22 -23 -24 -25 -26 -27 27 -29 -30 -31
leaf_value=0.015525458991628979 -0.0083254720413632431 0.0086103302612900723 0.003378140697128891 0.00043806638704918131 -0.0064418951215899868 0.015614714679956756 -0.026913148892149328 0.0016773072248532259 0.016238238596208932 -0.00090376749920460483 0.0086312114261380499 0.0024247079303972401 -0.012241699268646619 0.0032866295525596392 -0.000537732630765483 -0.024102052881531416 0.0070885587157220528 -0.014264376419946514 0.00066725463167202344 0.0031122158123931438 0.013300249227978341 0.0011929170178736658 0.00384371819150608 0.010569203227796038 -0.00098262136607456404 0.0020858905561514651 0 -0.017239097711877368 -0.0053353926507883741 -2.295165012280146e-05
leaf_weight=671 2107 103 1644 72392 1159 1047 230 14537 394 141627 1788 806 440 5816 89268 355 182 859 18771 3042 567 5255 1754 509 14226 34094 531 223 987 115
leaf_count=671 2107 103 1644 72392 1159 1047 230 14537 394 141627 1788 806 440 5816 89268 355 182 859 18771 3042 567 5255 1754 509 14226 34094 531 223 987 115
internal_value=-4.79721e-06 -8.5545e-05 -0.000663715 0.000316883 -0.00331912 0.000419003 0.0025291 0.00301731 0.00210282 -0.00056326 0.00357146 0.0101248 0.000250247 -0.000360708 -0.000300012 -0.0123671 -0.00811635 -0.0113842 -0.000679106 -0.000482871 0.00393695 0.00317396 0.00729932 0.000954896 0.000736184 0.000968765 0.00128216 -0.00560322 0 -0.0192641
internal_weight=415499 407252 167433 239819 6454 233365 17129 16784 14931 165326 4419 1853 216236 95524 95084 1499 1144 962 160907 4955 8247 7680 2425 19280 120712 106486 3796 754 2631 345
internal_count=415499 407252 167433 239819 6454 233365 17129 16784 14931 165326 4419 1853 216236 95524 95084 1499 1144 962 160907 4955 8247 7680 2425 19280 120712 106486 3796 754 2631 345
is_linear=0
shrinkage=0.03


Tree=13
num_leaves=31
num_cat=0
split_feature=42 30 16 26 38 17 41 11 6 74 48 27 37 27 0 32 76 61 4 6 18 16 75 24 38 86 49 117 8 43
split_gain=164.772 89.6144 126.336 108.107 94.3969 179.459 97.288 91.4223 79.6005 78.2253 73.6618 78.762 70.3034 97.682 79.5911 71.6559 70.1982 68.9502 115.758 68.0265 60.0769 55.4465 55.0968 82.1254 53.3618 53.2569 73.2404 51.3222 51.0915 69.7628
threshold=-0.1176476553082466 -0.00036346260458230967 0.88605287671089183 0.051934164017438895 -0.017127021215856072 0.74896535277366649 -0.075485128909349428 0.92690601944923412 0.26666904985904699 0.45000000298023229 0.95299002528190624 0.065650653094053282 0.84897723793983471 0.090932514518499388 0.017725277692079548 0.0025846507633104925 0.58333334326744091 0.82139307260513317 0.35897441208362585 0.31250481307506567 1.0424271225929262 1.2180514931678774 0.67499998211860668 0.022181089967489246 -0.011249151546508072 0.71666666865348827 0.88167485594749462 0.63041558861732494 -0.80952373147010792 1.0776025056838991
decision_type=8 8 8 10 8 8 8 8 10 2 10 10 10 10 10 10 2 8 10 10 10 10 2 10 10 2 10 10 10 10
left_child=22 2 -2 12 5 8 19 25 28 21 -11 -12 14 -14 16 -16 -4 18 -9 24 -19 -5 23 -1 -6 26 -8 -21 29 -3
right_child=1 4 3 9 6 -7 7 17 -10 10 11 -13 13 -15 15 -17 -18 20 -20 27 -22 -23 -24 -25 -26 -27 -28 -29 -30 -31
leaf_value=-0.01134141002750645 -0.007582229792140821 -0.014569513510315102 -0.00098686565671977076 -0.00049943355256040637 -0.0015881859810258298 -0.00024594193835881508 -0.020384863911683992 0.00053505045109674006 0 6.3220879553767717e-05 0.0014978390367456971 0.01083982601766317 0.00064732303163483461 0.010923064090171289 -0.0025172276997039176 -0.010518882243757266 0.0012121806085035173 0.00022503258958579041 0.0074336335915359195 -0.0074373154525768171 0.0069915463853837401 0.0043630692078485125 0.017952964932422325 0.0054237930113288325 0.013615939448835703 0 0.0018461859742538969 0.013168654498997434 -0.020373364393112665 0.0076805036519654096
leaf_weight=250 2289 326 117377 11849 209 4783 435 6881 405 2224 1454 2118 9568 903 10379 1138 14567 213651 3269 381 1171 2534 291 4525 1085 355 151 125 767 165
leaf_count=250 2289 326 117377 11849 209 4783 435 6881 405 2224 1454 2118 9568 903 10379 1138 14567 213651 3269 381 1171 2534 291 4525 1085 355 151 125 767 165
internal_value=-2.30801e-05 -9.0276e-05 -0.000601455 -0.000507097 0.00029355 -0.00327591 0.000396189 0.00033911 -0.0117058 0.0015516 0.00449196 0.00715016 -0.000779087 0.00158121 -0.000953649 -0.00335074 -0.000741664 0.000379798 0.00279662 0.00731264 0.000263961 0.000341283 0.00534257 0.00443982 0.0109451 -0.00888164 -0.0142895 -0.00146941 -0.0153787 -0.00649737
internal_weight=415625 410559 176400 174111 234159 6446 227713 225913 1663 20179 5796 3572 153932 10471 143461 11517 131944 224972 10150 1800 214822 14383 5066 4775 1294 941 586 506 1258 491
internal_count=415625 410559 176400 174111 234159 6446 227713 225913 1663 20179 5796 3572 153932 10471 143461 11517 131944 224972 10150 1800 214822 14383 5066 4775 1294 941 586 506 1258 491
is_linear=0
shrinkage=0.03


Tree=14
num_leaves=31
num_cat=0
split_feature=41 36 39 54 46 17 33 41 58 26 1 7 86 33 120 40 86 38 86 96 39 1 26 10 77 11 39 35 140 86
split_gain=130.787 126.878 109.905 93.9414 95.9813 85.0797 77.1933 130.335 94.5896 88.2663 58.9675 63.3416 90.2489 84.132 71.7208 59.9033 53.9563 56.9771 50.314 50.2773 49.4375 49.0093 47.1494 73.4792 88.5604 84.7818 52.9107 45.8435 44.3719 44.1439
threshold=-0.062672588974237428 0.78798821568489086 -0.066836908459663377 1.0889381766319277 1.0296229720115664 1.017904579639435 0.25225098431110388 0.037105819210410125 0.92768228054046642 0.026702072471380237 0.098801098763942732 0.029976665042340759 0.91666665673255932 0.8418654501438142 0.24964510649442676 0.038643766194581992 -0.55000001192092884 -0.021590713411569592 -0.58333334326744068 0.38763426244258886 0.0097921979613602179 0.017915314994752411 0.046202698722481735 1.015496611595154 0.52500000596046459 0.97564271092414867 0.031563097611069686 0.7762260138988496 0.75547233223915111 0.61666667461395275
decision_type=8 10 10 10 8 10 8 8 8 10 10 10 2 10 8 10 2 8 2 10 10 10 10 10 2 10 10 10 10 2
left_child=1 5 -3 4 10 16 7 9 -9 -6 11 15 14 -14 -13 20 -1 -18 -10 -17 -2 -19 26 24 -24 -25 27 -8 -5 -23
right_child=3 2 -4 28 6 -7 22 8 18 -11 -12 12 13 -15 -16 19 17 21 -20 -21 -22 29 23 25 -26 -27 -28 -29 -30 -31
leaf_value=0.012332154074349401 0.00023322438040369005 -0.012524191153257392 0.016244480904237173 -0.0037112927324418916 -0.00036710677717696831 -0.0017534448106525464 -0.00045656006363703862 -0.019845431012390502 0.0085197222895826187 -0.0024092113827399544 -0.012982467924429668 -0.0034852854137638338 0.0042715200133497206 0.018177609361603276 0.003256726673801075 -0.0059867411413428492 -0.0055253455805985814 -0.0048852157674120437 0.0017963841164196281 0.001987502900281532 0.0018832701009926965 0.0028702849264727547 0.0016238902928533388 0.010089671400831253 -0.0021627300104049953 0.0018077087340840389 -0.0054044214179052707 0.0012232617262873903 0.0050211234610620164 0.0089335045562294445
leaf_weight=638 96195 109 974 538 34951 3365 133196 125 1727 42926 267 1920 1409 586 5046 2312 584 466 2738 943 19834 3765 11453 1227 10732 12828 1817 16332 4463 1676
leaf_count=638 96195 109 974 538 34951 3365 133196 125 1727 42926 267 1920 1409 586 5046 2312 584 466 2738 943 19834 3765 11453 1227 10732 12828 1817 16332 4463 1676
internal_value=2.42359e-05 0.00316584 0.0129024 -6.52959e-05 -0.000117394 0.00210984 -0.000439161 -0.00120435 0.00367913 -0.0014969 0.000556389 0.000588935 0.0030238 0.00864498 0.00135086 0.000403029 0.00397514 0.0030723 0.00449016 -0.00358691 0.000518144 0.0039887 -0.000101073 0.000868298 -0.000194676 0.00256535 -0.000335258 -0.000270939 0.00401091 0.00481876
internal_weight=415142 11577 1083 403565 398564 10494 270052 82467 4590 77877 128512 128245 8961 1995 6966 119284 7129 6491 4465 3255 116029 5907 187585 36240 22185 14055 151345 149528 5001 5441
internal_count=415142 11577 1083 403565 398564 10494 270052 82467 4590 77877 128512 128245 8961 1995 6966 119284 7129 6491 4465 3255 116029 5907 187585 36240 22185 14055 151345 149528 5001 5441
is_linear=0
shrinkage=0.03


Tree=15
num_leaves=31
num_cat=0
split_feature=42 29 14 22 26 58 38 26 51 24 41 118 25 35 30 37 21 60 124 82 60 46 125 46 112 115 1 35 24 74
split_gain=144.99 87.2776 94.9919 90.0645 83.8098 83.1496 78.6559 77.3159 73.598 136.911 71.4387 67.9312 70.9911 66.0354 66.0082 63.9757 61.6047 55.4667 52.1773 49.9309 72.1494 60.573 50.4251 61.6111 48.3123 69.4632 47.3626 74.3629 70.1593 56.2219
threshold=-0.1176476553082466 -0.0008792423759587108 0.98113206028938305 1.0923955440521242 0.092503029853105559 0.92768228054046642 0.032048635184764869 0.10755445063114168 0.69086378812789928 0.036832520738244064 -0.082324188202619539 0.4509809017181397 0.048652991652488715 0.81608304381370556 -0.0004749410727526992 0.18559519946575168 0.96342909336090099 1.0179808139801028 0.10791433975100519 0.24166666716337207 1.0303413271903994 1.1275616288185122 -0.52936494350433339 1.0945976376533511 -0.050423728302121155 0.67171719670295726 0.057960700243711478 0.137049674987793 0.022181089967489246 0.35000000894069677
decision_type=8 8 8 10 10 10 10 10 8 10 10 10 10 10 8 10 10 10 10 2 10 10 10 10 2 10 10 10 10 2
left_child=26 2 5 6 19 -2 7 8 9 -3 -6 12 -9 -13 -10 -8 24 18 -5 20 -4 -22 -21 -24 -7 -26 27 29 -29 -1
right_child=1 3 4 17 10 16 15 11 14 -11 -12 13 -14 -15 -16 -17 -18 -19 -20 22 21 -23 23 -25 25 -27 -28 28 -30 -31
leaf_value=0.0052970547075307439 -0.022454446492280733 0.0092412432500221121 -0.00013997193164919138 0.0069991786220045642 0.014557668173350509 0.0072949481952451975 -0.023442233087836592 0.014125785144178995 -0.00067876151546430509 -0.011342749029440827 0.0019818922474726663 0.01468741108673568 -0.0017225271803514672 -0.0081982974729035048 0.00049720667943942913 0 -0.0068469079882821516 -0.009577343812808236 0 0.0017663783899446387 0 0.0075715316574646602 -0.00041465116679665189 -0.0019451746428994759 0.0020033207934447572 -0.011130969589157276 0.010021078410678234 -0.013947171607787823 0.0023938821217973894 0.024621687269701615
leaf_weight=532 215 352 52669 3381 542 581 209 295 56353 1175 1791 837 1220 100 178886 222 2564 216 1411 5665 1846 2067 52004 44428 918 547 1309 236 2753 206
leaf_count=532 215 352 52669 3381 542 581 209 295 56353 1175 1791 837 1220 100 178886 222 2564 216 1411 5665 1846 2067 52004 44428 918 547 1309 236 2753 206
internal_value=-1.00013e-05 -7.29093e-05 -0.000604773 0.0002864 -0.000478096 -0.00475069 0.000201699 0.000226509 0.00017008 -0.00634573 0.00512988 0.0055085 0.00131185 0.0118112 0.000214187 -0.0123031 -0.0037668 0.00426306 0.00498648 -0.000563075 0.000147162 0.00406932 -0.000959577 -0.00112316 0 -0.00278259 0.00503842 0.00316419 0.000919827 0.0115943
internal_weight=415530 410494 165837 244657 161012 4825 239649 239218 236766 1527 2333 2452 1515 937 235239 431 4610 5008 4792 158679 56582 3913 102097 96432 2046 1465 5036 3727 2989 738
internal_count=415530 410494 165837 244657 161012 4825 239649 239218 236766 1527 2333 2452 1515 937 235239 431 4610 5008 4792 158679 56582 3913 102097 96432 2046 1465 5036 3727 2989 738
is_linear=0
shrinkage=0.03


Tree=16
num_leaves=31
num_cat=0
split_feature=41 27 25 54 30 3 55 55 69 82 15 1 21 15 25 39 50 50 38 35 17 38 58 55 1 1 24 140 116 67
split_gain=143.003 77.7136 77.2187 83.5335 71.0289 64.9443 97.1594 115.266 86.5602 64.8345 62.0617 91.5639 81.5896 96.82 65.3892 64.1964 61.2431 96.9733 62.5866 55.8366 59.5578 50.2082 50.0726 49.4329 46.2816 41.9204 52.359 46.5662 41.87 41.6225
threshold=-0.066265549510717378 0.085301764309406294 0.013383216224610807 1.0889381766319277 0.012704058084636928 0.024203588254749778 0.93125653266906749 0.89173632860183727 0.79729726910591137 0.47499999403953558 0.79725009202957164 0.038976648822426803 0.91406595706939708 0.87526348233222973 0.081587396562099471 -0.052577447146177285 0.89555037021636974 0.78260865807533275 -0.0030111905653029676 0.58939015865325939 0.95104411244392406 -0.0092750634066760523 1.0219385027885439 0.96637496352195751 0.057960700243711478 0.064274493604898467 0.10003798454999925 0.75547233223915111 0.35313010215759283 0.46720430254936224
decision_type=8 10 10 10 10 8 10 10 10 2 8 10 10 10 10 10 10 10 10 10 10 10 10 10 10 10 10 10 10 8
left_child=1 19 29 5 16 10 7 -7 23 -10 11 -4 13 -12 -13 -14 17 -3 -18 21 -21 -1 -19 -8 -22 26 27 -5 -27 -2
right_child=2 4 3 25 -6 6 8 -9 9 -11 12 14 15 -15 -16 -17 18 22 -20 20 24 -23 -24 -25 -26 28 -28 -29 -30 -31
leaf_value=-0.0057323443529934794 -5.0774331084267802e-05 -0.002405189617885758 0.00035014597463310415 -0.0066115204793022707 -0.0072941824763416126 0.0090894982757720889 -0.0043887181930078786 -0.018198575332849742 0.02525752021626641 0.0019771545962035909 0.00022098908637989401 -0.0020252494717584884 0.0090334506139913163 0.005249115153076256 -0.011944016970997619 -0.00047084354745720005 0.0085593997160130358 0.020686004906493142 0 0.016375256227514162 -0.00085645599360421149 0.0015001387226610766 0 0.004760068469616437 0.013443796971050186 0.015529873859826718 0.019166800293685147 0.0027956508614836876 -0.00046014106969852913 0.0014296045397643243
leaf_weight=1268 28561 239 2465 500 281 189 603 357 292 216 12170 1185 618 4867 1417 303294 1842 784 1305 358 872 2513 142 2843 234 442 145 4166 163 41179
leaf_count=1268 28561 239 2465 500 281 189 603 357 292 216 12170 1185 618 4867 1417 303294 1842 784 1305 358 872 2513 142 2843 234 442 145 4166 163 41179
internal_value=-5.0735e-07 0.00356891 -8.79809e-05 -0.000277243 0.0064221 -0.000338716 0.0032256 -0.00823526 0.00491718 0.0163768 -0.00038903 -0.00368269 -0.00033587 0.00167944 -0.00759114 -0.000449936 0.00741475 0.0134132 0.00502876 0.000998519 0.00595729 -0.000863827 0.0177775 0.00305652 0.00208771 0.0034065 0.00236537 0.00169966 0.010865 0.000819196
internal_weight=415510 9838 405672 335932 4593 330516 4500 546 3954 508 326016 5067 320949 17037 2602 303912 4312 1165 3147 5245 1464 3781 926 3446 1106 5416 4811 4666 605 69740
internal_count=415510 9838 405672 335932 4593 330516 4500 546 3954 508 326016 5067 320949 17037 2602 303912 4312 1165 3147 5245 1464 3781 926 3446 1106 5416 4811 4666 605 69740
is_linear=0
shrinkage=0.03


Tree=17
num_leaves=31
num_cat=0
split_feature=16 39 62 41 36 14 29 57 17 119 25 91 13 61 15 42 1 57 33 33 3 122 113 107 120 73 115 37 33 23
split_gain=110.239 87.4605 88.1633 82.2072 128.872 82.5201 80.8401 78.9424 72.6595 71.7273 60.2121 59.9865 83.7425 67.5917 58.7626 56.6729 59.2819 51.7355 54.0197 64.2424 48.0615 46.8516 45.9961 45.0269 43.8466 45.0784 43.122 41.6652 49.5273 38.5455
threshold=1.2180514931678774 0.060182465240359313 0.68538203835487377 -0.062672588974237428 0.82600522041320812 0.9567055106163026 -0.0014439154183492062 1.16919481754303 1.017904579639435 0.42592601478099829 0.087922334671020522 0.84808138012886058 1.0874215960502627 0.78215408325195324 0.904140204191208 -0.094018824398517595 0.017528501339256767 1.218285143375397 0.92791274189949047 0.54881858825683605 0.0020682143513113265 0.64608734846115123 0.75409877300262462 0.48528139293193823 0.66274046897888195 0.70000001788139354 0.3632811456918717 0.27667674422264105 0.8418654501438142 0.027544845826923851
decision_type=10 10 10 8 10 10 8 10 10 10 10 10 10 8 8 10 10 10 10 10 10 10 10 2 10 10 10 10 10 10
left_child=1 3 -3 4 8 -6 9 11 10 -5 14 13 -13 -8 -1 20 -17 -2 19 -19 -11 -20 23 -4 25 -9 -21 -24 -29 -7
right_child=17 2 22 6 5 29 7 24 -10 15 -12 12 -14 -15 -16 16 -18 18 21 26 -22 -23 27 -25 -26 -27 -28 28 -30 -31
leaf_value=0.010960802257563369 -0.0026836269636355018 -0.025554213233908614 -0.023083332405574825 -0.0056626606631435764 -0.0026102222960131863 0.0066849026555529214 0.0043849532718257516 0.0086720944620387423 -0.0022740549608005305 0.0076629647777621667 -0.0055942144210023755 -0.0044838727816732598 0.015615047199861268 0.00015400391014331268 0.0029208374304647159 -2.0002431704103088e-05 -0.0013005870556910101 0.0024992528604190658 0.0082179270737359044 0.013175624460447117 0.00076058431759401079 -0.009422655875492892 -0.0046116827427588108 -0.0033712200325521223 -0.0011064635219074092 0.0017737542921013969 0 -0.0025635115883014007 0.020466180059821964 0.02970878184856927
leaf_weight=995 670 193 161 2535 124 153 3433 1996 2790 1231 576 3830 171 247399 5704 62447 69019 1503 187 1550 3794 335 413 381 1055 1724 298 117 153 270
leaf_count=995 670 193 161 2535 124 153 3433 1996 2790 1231 576 3830 171 247399 5704 62447 69019 1503 187 1550 3794 335 413 381 1055 1724 298 117 153 270
internal_value=9.56458e-06 -4.12355e-05 -0.00742726 -1.45489e-05 0.00258804 0.0165717 -8.4711e-05 0.00022706 0.00176696 -0.000668999 0.00335983 0.000154066 -0.00347686 0.000213452 0.00418873 -0.000573239 -0.00069468 0.00464743 0.00599998 0.00741675 0.00253464 -0.00247958 -0.00396575 -0.0103736 0.00404315 0.00558192 0.011186 0.000842944 0.00996361 0.022736
internal_weight=415207 410664 1418 409246 10612 547 398634 259608 10065 139026 7275 254833 4001 250832 6699 136491 131466 4543 3873 3351 5025 522 1225 542 4775 3720 1848 683 270 423
internal_count=415207 410664 1418 409246 10612 547 398634 259608 10065 139026 7275 254833 4001 250832 6699 136491 131466 4543 3873 3351 5025 522 1225 542 4775 3720 1848 683 270 423
is_linear=0
shrinkage=0.03


Tree=18
num_leaves=31
num_cat=0
split_feature=41 36 25 54 29 57 53 146 2 28 142 82 10 68 33 13 103 49 42 76 7 51 42 22 83 119 1 53 77 70
split_gain=126.636 124.513 73.0592 71.6413 67.6968 101.56 82.3487 75.0811 66.6122 65.5332 64.5391 63.468 53.5502 60.7816 50.1081 49.1237 54.0924 61.9173 46.669 45.2851 78.2137 73.6834 45.259 44.8668 46.0539 43.8016 42.8315 41.2201 40.978 40.5792
threshold=-0.062672588974237428 0.79127660393714916 0.013383216224610807 1.0889381766319277 -0.003439378808252513 1.16919481754303 0.96992573142051708 0.68031245470047008 -0.67647215723991383 0.026856067590415481 3.7581806182861333 0.37500000000000006 1.0098500251770022 0.21052610129117968 0.89275702834129345 0.99455976486206066 0.77500000596046459 0.9363636076450349 0.018952916376292709 0.31666667759418493 0.021739053539931778 0.83500647544860851 -0.15595123916864392 0.99083960056304943 0.70000001788139354 0.47967483103275305 0.020765010267496112 1.0396561026573183 0.39166666567325598 0.50000005960464489
decision_type=8 10 8 10 8 10 10 10 10 10 10 2 10 10 10 8 2 10 10 2 10 10 10 10 10 10 10 10 2 10
left_child=1 11 18 4 6 7 29 9 25 -6 -9 12 -1 -14 -7 -5 28 -18 23 21 -21 -8 -13 24 -2 -3 -25 -10 -17 -4
right_child=2 8 3 15 5 14 19 10 27 -11 -12 22 13 -15 -16 16 17 -19 -20 20 -22 -23 -24 26 -26 -27 -28 -29 -30 -31
leaf_value=-0.0021367791925865302 0.0021568830446233194 -0.010364021208623182 0 -0.014218439129667717 -0.0001675376498987263 0.0043533824861861446 0.014887553279039498 -0.003347800065284626 0.0042768869046804483 0.0047699369518102294 -0.02083861265143188 0.0077534604215598402 0.0037766524995500109 0.012657190143444534 -0.0037512227961138825 0.011283535496964016 0.014157645040932967 -0.00026405813187027876 0.0026734289959050141 0.00018983853078237734 -0.004197498172586028 -0.0018032301592918699 -0.0014150051425047157 0.00017495569512080065 -0.0013400688737566762 0.0094224110856465405 -0.0032725247356630428 0.024779306168223672 0.0020795630243308542 -0.018757409933924381
leaf_weight=905 18867 118 122 114 240235 6365 216 875 171 2421 252 522 3853 900 714 1163 274 2648 10571 35646 4045 39264 4331 31708 4005 299 3582 416 851 332
leaf_count=905 18867 118 122 114 240235 6365 216 875 171 2421 252 522 3853 900 714 1163 274 2648 10571 35646 4045 39264 4331 31708 4005 299 3582 416 851 332
internal_value=3.2924e-05 0.00313281 -5.47799e-05 -0.000238016 -0.000293126 -4.99429e-05 -0.00105531 -0.000154111 0.0131799 -0.000116651 -0.0078155 0.00212143 0.00427881 0.00556706 0.00348541 0.00329631 0.0038171 0.00107337 0.000835177 -0.000976332 -0.000251619 -0.00169683 -0.000339485 0.000495112 0.00153081 0.0029188 -0.000168129 0.0196387 0.00760065 -0.0135733
internal_weight=415785 11515 404270 335537 330487 250862 79625 243783 1004 242656 1127 10511 5658 4753 7079 5050 4936 2922 68733 79171 39691 39480 4853 58162 22872 417 35290 587 2014 454
internal_count=415785 11515 404270 335537 330487 250862 79625 243783 1004 242656 1127 10511 5658 4753 7079 5050 4936 2922 68733 79171 39691 39480 4853 58162 22872 417 35290 587 2014 454
is_linear=0
shrinkage=0.03


Tree=19
num_leaves=31
num_cat=0
split_feature=42 29 57 35 53 51 126 52 37 75 49 1 5 109 57 10 51 10 1 28 79 28 1 26 79 16 70 73 117 47
split_gain=109.353 78.2502 82.1179 81.2016 75.1059 104.9 83.7067 72.4164 86.9221 72.081 70.4794 67.3864 62.4783 98.2408 74.9876 66.9632 61.1752 60.8003 55.9353 54.334 92.8065 51.8946 51.0105 50.6061 51.7943 50.5842 50.2896 48.9523 50.2133 47.8826
threshold=-0.1176476553082466 -0.0035086555872112508 1.16919481754303 0.73979735374450695 0.96992573142051708 0.86261829733848583 0.27562937140464788 0.76818338036537182 0.85226827859878551 0.17500000447034839 0.94795808196067821 0.064274493604898467 0.0048661467153579005 0.58571431040763866 0.84154173731803905 1.0258544683456423 0.70730486512184154 1.0442738533020022 0.083115298300981535 -0.015961988829076287 0.94999998807907116 -0.015961988829076287 0.020308754406869415 0.039449622854590423 0.45000000298023229 0.95441699028015148 0.15037599951028827 0.70000001788139354 0.46778707206249243 1.2418625354766848
decision_type=8 8 10 10 10 10 10 10 10 2 10 10 8 2 8 10 8 10 10 8 2 10 10 10 2 8 10 10 10 10
left_child=22 3 9 4 -2 6 17 8 -7 16 -8 26 18 14 -14 -15 -3 -6 21 20 -18 -11 -1 -24 -25 -21 -5 28 -4 -26
right_child=1 2 27 11 5 7 10 -9 -10 12 -12 -13 13 15 -16 -17 19 -19 -20 25 -22 -23 23 24 29 -27 -28 -29 -30 -31
leaf_value=-0.0037470581194490172 -0.014851993178129495 0.014473235939759603 0.0042442312852917722 0.0014519983079318347 0.006782286512111017 -0.008548695706379247 -0.010557523003394789 -0.0013679318060612928 0.0032030850083601182 0.0076485599237916492 0.0024498772948668142 0.0098915529867013678 -0.0074322636392463951 0.0020073826914574953 -0.00043211976903936074 0.011261763220427648 0.032409518897533414 -0.010468492907484538 -0.0083199981836579607 -0.0038066575924345031 -0.0018364138842572445 0.00072534159189731437 -0.0031248564418908456 -0.0093169688335705565 0.011240582835177097 -0.00060532739862006416 -0.001421872674508893 0.00016895214503964101 0.016254489485279851 0.0041027699446501975
leaf_weight=556 354 216 3955 14689 3048 2557 603 58192 672 971 866 674 1388 6111 81719 806 100 165 586 4784 134 146671 486 143 1683 68968 8645 2822 351 2143
leaf_count=556 354 216 3955 14689 3048 2557 603 58192 672 971 866 674 1388 6111 81719 806 100 165 586 4784 134 146671 486 143 1683 68968 8645 2822 351 2143
internal_value=7.81928e-06 -4.53907e-05 0.000174337 -0.000824798 -0.00136639 -0.00128516 0.00301247 -0.00161852 -0.00600599 0.000100607 -0.00275806 0.000661797 0.000355739 -0.000265161 -0.000554401 0.00315835 -0.000714417 0.00574432 0.000734842 -0.00076671 0.0130171 0.000773935 0.00440446 0.00550104 0.00664285 -0.000818027 0.000374108 0.00335498 0.00536321 0.00736272
internal_weight=415058 410047 319582 90465 66457 66103 4682 61421 3229 312454 1469 24008 238252 90024 83107 6917 74202 3213 148228 73986 234 147642 5011 4455 3969 73752 23334 7128 4306 3826
internal_count=415058 410047 319582 90465 66457 66103 4682 61421 3229 312454 1469 24008 238252 90024 83107 6917 74202 3213 148228 73986 234 147642 5011 4455 3969 73752 23334 7128 4306 3826
is_linear=0
shrinkage=0.03


Tree=20
num_leaves=31
num_cat=0
split_feature=42 29 21 11 134 57 51 69 113 35 60 52 79 15 32 3 55 61 83 58 5 57 49 81 52 75 114 11 120 131
split_gain=106.769 57.9844 70.8761 69.1677 86.2824 71.7562 64.6619 84.9584 81.1994 65.7811 72.776 87.1469 64.2218 61.359 59.2432 58.3736 104.337 108.256 85.6861 76.3351 92.2373 84.674 58.2969 53.5205 51.789 49.5545 67.7638 56.9009 58.6802 45.6129
threshold=-0.1176476553082466 -0.0015443122829310594 0.87009871006011974 0.92690601944923412 0.25654086470603948 1.16919481754303 0.84060949087142955 0.28571479022502905 0.21693798899650577 0.76989096403121959 1.0316952466964724 0.93685254454612743 0.65000000596046459 1.0313124656677248 -0.004925140878185629 0.016022579744458202 0.93928790092468273 0.78215408325195324 0.70000001788139354 0.9208262860774995 0.0041910868603736171 0.84154173731803905 0.96950298547744762 0.11666667088866235 0.97564810514450084 0.67499998211860668 0.29203554987907415 0.98584297299385082 0.57939934730529796 0.82789736986160289
decision_type=8 10 8 10 10 10 8 10 10 10 8 8 2 10 10 10 10 10 10 10 10 10 10 2 10 2 10 10 10 10
left_child=25 2 -2 4 -3 15 7 8 -4 13 24 -12 -9 22 -15 19 18 -18 -17 20 -5 -21 -8 -14 -11 26 27 28 -1 -6
right_child=1 3 6 5 29 -7 9 12 -10 10 11 -13 23 14 -16 16 17 -19 -20 21 -22 -23 -24 -25 -26 -27 -28 -29 -30 -31
leaf_value=0.024856047090142965 -0.013677291753312767 0.0032097543411246494 0 -0.002199714539571017 -0.019086029648300518 0.0035814413444526746 -0.0020737239540720735 0.0051067524930509872 0.01176367651644626 -0.0014569405159605342 0.016108867759202523 0.0025264471585838759 -0.010038524537821954 0.0037039542964059642 -0.0019818057642521552 0.0028567460635419866 0.01252665873453246 0.0021388605130953291 -0.013363815656728504 -0.008623843596779342 0.0092100218239793141 3.3605068225289419e-05 0.0001170494990844687 0.00017672682438202623 0.0013788172706824002 0.016369808840860454 -0.0029499467761160717 0.0024010836121874089 0.0070296266827888547 0
leaf_weight=210 351 353 789 938 457 5601 13862 1080 1345 11825 464 4720 753 1657 46167 469 1002 9444 644 1001 1722 243154 50468 1007 11312 283 1077 2374 1138 142
leaf_count=210 351 353 789 938 457 5601 13862 1080 1345 11825 464 4720 753 1657 46167 469 1002 9444 644 1001 1722 243154 50468 1007 11312 283 1077 2374 1138 142
internal_value=-1.40337e-05 -6.83267e-05 -0.000549316 0.00019527 -0.00778419 0.000225771 -0.000513697 0.00283012 0.00733262 -0.000634618 0.000650624 0.00385704 -0.000475823 -0.000961898 -0.00177707 0.000151595 0.00223403 0.00318598 -0.00633418 5.26808e-05 0.00508826 -1.36404e-06 -0.00035086 -0.00408892 -5.75508e-05 0.00429819 0.00345908 0.00539962 0.0103488 -0.0146421
internal_weight=415809 410727 145800 264927 952 263975 145449 4974 2134 140475 28321 5184 2840 112154 47824 258374 11559 10446 1113 246815 2660 244155 64330 1760 23137 5082 4799 3722 1348 599
internal_count=415809 410727 145800 264927 952 263975 145449 4974 2134 140475 28321 5184 2840 112154 47824 258374 11559 10446 1113 246815 2660 244155 64330 1760 23137 5082 4799 3722 1348 599
is_linear=0
shrinkage=0.03


end of trees

feature_importances:
KLEN=25
RESI5=24
RESI30=19
BETA10=18
STD30=17
RSQR20=16
RSQR30=16
ROC60=14
RESI10=14
IMXD30=14
ROC30=13
RESI60=13
ROC10=12
STD10=12
STD20=12
BETA20=12
QTLU60=11
HIGH0=10
LOW0=10
MIN10=10
MIN30=10
QTLU5=10
ROC20=9
RSQR60=9
QTLD5=9
BETA60=8
MAX30=8
QTLD30=8
KSFT=7
MA5=7
RSQR5=7
QTLU10=7
IMIN30=7
IMIN60=7
ORC_GAP_CONFIRMATION_20=7
KLOW=6
BETA5=6
MIN20=6
QTLD60=6
IMIN10=6
IMXD5=6
SUMP20=6
SUMP30=6
KLOW2=5
STD60=5
QTLD20=5
IMAX20=5
SUMP60=5
SUMN60=5
KUP=4
ROC5=4
BETA30=4
RSQR10=4
RESI20=4
MIN60=4
QTLU20=4
IMAX30=4
IMAX60=4
KMID=3
KUP2=3
MA30=3
MA60=3
STD5=3
MAX20=3
RSV5=3
RSV10=3
RSV20=3
RSV30=3
IMXD20=3
SUMP10=3
SUMN10=3
SUMN20=3
SUMD60=3
WVMA5=3
MA20=2
QTLU30=2
RANK60=2
IMAX5=2
IMAX10=2
IMIN5=2
IMXD60=2
CNTN5=2
SUMP5=2
SUMN5=2
SUMN30=2
SUMD10=2
VSTD10=2
WVMA20=2
WVMA60=2
KMID2=1
KSFT2=1
VWAP0=1
MA10=1
MAX5=1
MAX60=1
MIN5=1
RANK5=1
RSV60=1
IMIN20=1
IMXD10=1
CORR20=1
CORR30=1
CORD30=1
CNTN60=1
CNTD5=1
CNTD10=1
CNTD30=1
CNTD60=1
SUMD20=1
SUMD30=1
VMA30=1
VMA60=1
WVMA10=1
VSUMP30=1
ORC_OVERNIGHT_DOMINANCE_20=1

parameters:
[boosting: gbdt]
[objective: regression]
[metric: l2]
[tree_learner: serial]
[device_type: cpu]
[data_sample_strategy: bagging]
[data: ]
[valid: ]
[num_iterations: 500]
[learning_rate: 0.03]
[num_leaves: 31]
[num_threads: 12]
[seed: 20260813]
[deterministic: 1]
[force_col_wise: 1]
[force_row_wise: 0]
[histogram_pool_size: -1]
[max_depth: 7]
[min_data_in_leaf: 100]
[min_sum_hessian_in_leaf: 0.001]
[bagging_fraction: 0.8]
[pos_bagging_fraction: 1]
[neg_bagging_fraction: 1]
[bagging_freq: 1]
[bagging_seed: 20260813]
[bagging_by_query: 0]
[feature_fraction: 0.8]
[feature_fraction_bynode: 1]
[feature_fraction_seed: 20260813]
[extra_trees: 0]
[extra_seed: 13549]
[early_stopping_round: 0]
[early_stopping_min_delta: 0]
[first_metric_only: 0]
[max_delta_step: 0]
[lambda_l1: 10]
[lambda_l2: 20]
[linear_lambda: 0]
[min_gain_to_split: 0]
[drop_rate: 0.1]
[max_drop: 50]
[skip_drop: 0.5]
[xgboost_dart_mode: 0]
[uniform_drop: 0]
[drop_seed: 11866]
[top_rate: 0.2]
[other_rate: 0.1]
[min_data_per_group: 100]
[max_cat_threshold: 32]
[cat_l2: 10]
[cat_smooth: 10]
[max_cat_to_onehot: 4]
[top_k: 20]
[monotone_constraints: ]
[monotone_constraints_method: basic]
[monotone_penalty: 0]
[feature_contri: ]
[forcedsplits_filename: ]
[refit_decay_rate: 0.9]
[cegb_tradeoff: 1]
[cegb_penalty_split: 0]
[cegb_penalty_feature_lazy: ]
[cegb_penalty_feature_coupled: ]
[path_smooth: 0]
[interaction_constraints: ]
[verbosity: 1]
[saved_feature_importance_type: 0]
[use_quantized_grad: 0]
[num_grad_quant_bins: 4]
[quant_train_renew_leaf: 0]
[stochastic_rounding: 1]
[linear_tree: 0]
[max_bin: 255]
[max_bin_by_feature: ]
[min_data_in_bin: 3]
[bin_construct_sample_cnt: 200000]
[data_random_seed: 20260812]
[is_enable_sparse: 1]
[enable_bundle: 1]
[use_missing: 1]
[zero_as_missing: 0]
[feature_pre_filter: 1]
[pre_partition: 0]
[two_round: 0]
[header: 0]
[label_column: ]
[weight_column: ]
[group_column: ]
[ignore_column: ]
[categorical_feature: ]
[forcedbins_filename: ]
[precise_float_parser: 0]
[parser_config_file: ]
[objective_seed: 16743]
[num_class: 1]
[is_unbalance: 0]
[scale_pos_weight: 1]
[sigmoid: 1]
[boost_from_average: 1]
[reg_sqrt: 0]
[alpha: 0.9]
[fair_c: 1]
[poisson_max_delta_step: 0.7]
[tweedie_variance_power: 1.5]
[lambdarank_truncation_level: 30]
[lambdarank_norm: 1]
[label_gain: ]
[lambdarank_position_bias_regularization: 0]
[eval_at: ]
[multi_error_top_k: 1]
[auc_mu_weights: ]
[num_machines: 1]
[local_listen_port: 12400]
[time_out: 120]
[machine_list_filename: ]
[machines: ]
[gpu_platform_id: -1]
[gpu_device_id: -1]
[gpu_device_id_list: ]
[gpu_use_dp: 0]
[num_gpu: 1]

end of parameters

pandas_categorical:null
