tree
version=v4
num_class=1
num_tree_per_iteration=1
label_index=0
max_feature_idx=359
objective=regression
feature_names=CLOSE59 CLOSE58 CLOSE57 CLOSE56 CLOSE55 CLOSE54 CLOSE53 CLOSE52 CLOSE51 CLOSE50 CLOSE49 CLOSE48 CLOSE47 CLOSE46 CLOSE45 CLOSE44 CLOSE43 CLOSE42 CLOSE41 CLOSE40 CLOSE39 CLOSE38 CLOSE37 CLOSE36 CLOSE35 CLOSE34 CLOSE33 CLOSE32 CLOSE31 CLOSE30 CLOSE29 CLOSE28 CLOSE27 CLOSE26 CLOSE25 CLOSE24 CLOSE23 CLOSE22 CLOSE21 CLOSE20 CLOSE19 CLOSE18 CLOSE17 CLOSE16 CLOSE15 CLOSE14 CLOSE13 CLOSE12 CLOSE11 CLOSE10 CLOSE9 CLOSE8 CLOSE7 CLOSE6 CLOSE5 CLOSE4 CLOSE3 CLOSE2 CLOSE1 CLOSE0 OPEN59 OPEN58 OPEN57 OPEN56 OPEN55 OPEN54 OPEN53 OPEN52 OPEN51 OPEN50 OPEN49 OPEN48 OPEN47 OPEN46 OPEN45 OPEN44 OPEN43 OPEN42 OPEN41 OPEN40 OPEN39 OPEN38 OPEN37 OPEN36 OPEN35 OPEN34 OPEN33 OPEN32 OPEN31 OPEN30 OPEN29 OPEN28 OPEN27 OPEN26 OPEN25 OPEN24 OPEN23 OPEN22 OPEN21 OPEN20 OPEN19 OPEN18 OPEN17 OPEN16 OPEN15 OPEN14 OPEN13 OPEN12 OPEN11 OPEN10 OPEN9 OPEN8 OPEN7 OPEN6 OPEN5 OPEN4 OPEN3 OPEN2 OPEN1 OPEN0 HIGH59 HIGH58 HIGH57 HIGH56 HIGH55 HIGH54 HIGH53 HIGH52 HIGH51 HIGH50 HIGH49 HIGH48 HIGH47 HIGH46 HIGH45 HIGH44 HIGH43 HIGH42 HIGH41 HIGH40 HIGH39 HIGH38 HIGH37 HIGH36 HIGH35 HIGH34 HIGH33 HIGH32 HIGH31 HIGH30 HIGH29 HIGH28 HIGH27 HIGH26 HIGH25 HIGH24 HIGH23 HIGH22 HIGH21 HIGH20 HIGH19 HIGH18 HIGH17 HIGH16 HIGH15 HIGH14 HIGH13 HIGH12 HIGH11 HIGH10 HIGH9 HIGH8 HIGH7 HIGH6 HIGH5 HIGH4 HIGH3 HIGH2 HIGH1 HIGH0 LOW59 LOW58 LOW57 LOW56 LOW55 LOW54 LOW53 LOW52 LOW51 LOW50 LOW49 LOW48 LOW47 LOW46 LOW45 LOW44 LOW43 LOW42 LOW41 LOW40 LOW39 LOW38 LOW37 LOW36 LOW35 LOW34 LOW33 LOW32 LOW31 LOW30 LOW29 LOW28 LOW27 LOW26 LOW25 LOW24 LOW23 LOW22 LOW21 LOW20 LOW19 LOW18 LOW17 LOW16 LOW15 LOW14 LOW13 LOW12 LOW11 LOW10 LOW9 LOW8 LOW7 LOW6 LOW5 LOW4 LOW3 LOW2 LOW1 LOW0 VWAP59 VWAP58 VWAP57 VWAP56 VWAP55 VWAP54 VWAP53 VWAP52 VWAP51 VWAP50 VWAP49 VWAP48 VWAP47 VWAP46 VWAP45 VWAP44 VWAP43 VWAP42 VWAP41 VWAP40 VWAP39 VWAP38 VWAP37 VWAP36 VWAP35 VWAP34 VWAP33 VWAP32 VWAP31 VWAP30 VWAP29 VWAP28 VWAP27 VWAP26 VWAP25 VWAP24 VWAP23 VWAP22 VWAP21 VWAP20 VWAP19 VWAP18 VWAP17 VWAP16 VWAP15 VWAP14 VWAP13 VWAP12 VWAP11 VWAP10 VWAP9 VWAP8 VWAP7 VWAP6 VWAP5 VWAP4 VWAP3 VWAP2 VWAP1 VWAP0 VOLUME59 VOLUME58 VOLUME57 VOLUME56 VOLUME55 VOLUME54 VOLUME53 VOLUME52 VOLUME51 VOLUME50 VOLUME49 VOLUME48 VOLUME47 VOLUME46 VOLUME45 VOLUME44 VOLUME43 VOLUME42 VOLUME41 VOLUME40 VOLUME39 VOLUME38 VOLUME37 VOLUME36 VOLUME35 VOLUME34 VOLUME33 VOLUME32 VOLUME31 VOLUME30 VOLUME29 VOLUME28 VOLUME27 VOLUME26 VOLUME25 VOLUME24 VOLUME23 VOLUME22 VOLUME21 VOLUME20 VOLUME19 VOLUME18 VOLUME17 VOLUME16 VOLUME15 VOLUME14 VOLUME13 VOLUME12 VOLUME11 VOLUME10 VOLUME9 VOLUME8 VOLUME7 VOLUME6 VOLUME5 VOLUME4 VOLUME3 VOLUME2 VOLUME1 VOLUME0
feature_infos=[-4.4904155731201172:12.207799911499023] [-4.5232486724853516:12.317498207092285] [-4.5596213340759277:12.828096389770508] [-4.6336784362792969:11.230463981628418] [-4.6511387825012207:9.5628328323364258] [-4.7200074195861816:11.414474487304688] [-4.6992378234863281:9.6098718643188477] [-4.8582911491394043:9.3752841949462891] [-4.9000072479248047:11.028009414672852] [-4.896306037902832:11.904008865356445] [-4.9988784790039062:14.104987144470215] [-5.0850915908813477:14.119842529296875] [-5.0747823715209961:13.772034645080566] [-5.1256499290466309:16.204652786254883] [-5.2347016334533691:13.829370498657227] [-5.2960891723632812:14.420330047607422] [-5.2903070449829102:12.201403617858887] [-5.2237458229064941:11.266861915588379] [-5.377655029296875:10.175777435302734] [-5.3856625556945801:9.7804374694824219] [-5.4613652229309082:8.7506103515625] [-5.4363861083984375:8.6125421524047852] [-5.5281996726989746:10.193233489990234] [-5.6301445960998535:12.366391181945801] [-5.6593670845031738:12.926149368286133] [-5.7637081146240234:15.240093231201172] [-5.8010082244873047:12.846419334411621] [-5.9480853080749512:13.291098594665527] [-6.008112907409668:15.886442184448242] [-5.9089851379394531:18.826955795288086] [-5.9339718818664551:22.135293960571289] [-6.0201334953308105:19.116195678710938] [-5.7380666732788086:16.326665878295898] [-5.8209037780761719:19.41926383972168] [-5.7307333946228027:16.624153137207031] [-5.9011273384094238:17.179410934448242] [-6.0772461891174316:14.563096046447754] [-6.1608285903930664:13.83275032043457] [-6.3581118583679199:12.99347972869873] [-6.4696846008300781:13.138708114624023] [-6.7489876747131348:12.596780776977539] [-6.9109148979187012:12.885946273803711] [-6.8769254684448242:13.091307640075684] [-6.9186525344848633:13.254171371459961] [-7.1225705146789551:13.551502227783203] [-7.2040390968322754:13.064685821533203] [-7.4665942192077637:13.749843597412109] [-7.6629085540771484:13.28919792175293] [-8.0684852600097656:12.57823371887207] [-8.5505504608154297:12.936747550964355] [-9.04193115234375:13.933615684509277] [-9.5043439865112305:13.491730690002441] [-10.170346260070801:13.854236602783203] [-10.937721252441406:12.984281539916992] [-11.082827568054199:18.256818771362305] [-12.073580741882324:15.396571159362793] [-13.290007591247559:13.083724975585938] [-12.767669677734375:11.748091697692871] [-9.9642553329467773:14.820465087890625] [0:1] [-4.5060877799987793:10.705911636352539] [-4.4776420593261719:10.959723472595215] [-4.515477180480957:11.38120174407959] [-4.5564994812011719:10.736789703369141] [-4.625274658203125:9.7896089553833008] [-4.6482138633728027:10.053220748901367] [-4.7114391326904297:9.4435482025146484] [-4.7027239799499512:9.4323110580444336] [-4.8496193885803223:9.6716413497924805] [-4.9042034149169922:9.3488006591796875] [-4.9245200157165527:12.511114120483398] [-4.9960603713989258:12.523300170898438] [-5.0765318870544434:12.193946838378906] [-5.0853605270385742:14.438279151916504] [-5.155064582824707:13.691545486450195] [-5.2324051856994629:12.763317108154297] [-5.3199162483215332:12.066287040710449] [-5.2885246276855469:10.058550834655762] [-5.2236328125:9.9871940612792969] [-5.3762741088867188:8.426274299621582] [-5.425600528717041:8.7311592102050781] [-5.4177160263061523:7.4519734382629395] [-5.3963432312011719:8.3741331100463867] [-5.5605716705322266:10.789878845214844] [-5.6501178741455078:11.296235084533691] [-5.6563630104064941:13.41217041015625] [-5.7210769653320312:12.685262680053711] [-5.7975735664367676:11.593866348266602] [-5.9451594352722168:13.167995452880859] [-5.9782185554504395:16.678976058959961] [-5.9085993766784668:19.713329315185547] [-5.9347414970397949:18.833087921142578] [-5.9563493728637695:16.093364715576172] [-5.7373237609863281:17.154552459716797] [-5.7753462791442871:16.340280532836914] [-5.7046017646789551:15.01935863494873] [-5.9531879425048828:14.277485847473145] [-6.1118583679199219:12.828607559204102] [-6.1671147346496582:12.212607383728027] [-6.3014988899230957:12.68026065826416] [-6.4790725708007812:12.905065536499023] [-6.7568697929382324:12.641118049621582] [-6.8751320838928223:12.868398666381836] [-6.8767905235290527:13.12968635559082] [-6.9294295310974121:13.376042366027832] [-7.0387058258056641:13.59478759765625] [-7.2207942008972168:13.078981399536133] [-7.5001106262207031:13.548933029174805] [-7.6675534248352051:13.344855308532715] [-8.1018466949462891:12.726864814758301] [-8.5933170318603516:13.178141593933105] [-8.9368419647216797:14.152790069580078] [-9.4647960662841797:12.235870361328125] [-10.281223297119141:10.901738166809082] [-10.901007652282715:11.066193580627441] [-11.103601455688477:13.903392791748047] [-12.210824012756348:11.473542213439941] [-13.163003921508789:12.69507884979248] [-12.045253753662109:13.387150764465332] [-11.330784797668457:13.05804443359375] [-4.4694552421569824:12.364547729492188] [-4.5065441131591797:12.475584030151367] [-4.5342764854431152:12.552258491516113] [-4.614220142364502:11.467157363891602] [-4.6605353355407715:9.7191200256347656] [-4.7014274597167969:11.157842636108398] [-4.6744346618652344:9.7485008239746094] [-4.7516059875488281:9.3603830337524414] [-4.8161330223083496:10.770561218261719] [-4.879483699798584:11.628432273864746] [-4.950554370880127:13.794612884521484] [-5.0396823883056641:13.809728622436523] [-5.0407071113586426:13.465097427368164] [-5.1080689430236816:15.858750343322754] [-5.1834869384765625:13.516513824462891] [-5.2806301116943359:14.091922760009766] [-5.2730488777160645:11.90185546875] [-5.1841301918029785:11.404111862182617] [-5.260861873626709:10.971304893493652] [-5.3813142776489258:10.426162719726562] [-5.4248251914978027:9.5054302215576172] [-5.4215583801269531:8.9862470626831055] [-5.4711065292358398:9.9189023971557617] [-5.5930747985839844:12.057721138000488] [-5.6625690460205078:12.601513862609863] [-5.7410435676574707:14.864160537719727] [-5.7670345306396484:12.517831802368164] [-5.8784995079040527:12.960195541381836] [-6.0144743919372559:15.515985488891602] [-5.9076542854309082:18.397211074829102] [-5.9397273063659668:21.642131805419922] [-5.9762492179870605:18.663383483886719] [-5.7502484321594238:15.929986953735352] [-5.8212075233459473:18.964868545532227] [-5.6945705413818359:16.203899383544922] [-5.7385001182556152:16.747577667236328] [-6.0227470397949219:15.105884552001953] [-6.1280398368835449:13.969944953918457] [-6.3203849792480469:13.583281517028809] [-6.4115762710571289:13.272178649902344] [-6.6393833160400391:12.917142868041992] [-6.9075002670288086:12.775017738342285] [-6.8597655296325684:12.863348960876465] [-6.9257116317749023:13.397958755493164] [-7.0508217811584473:13.689351081848145] [-7.1778035163879395:13.560194969177246] [-7.4344058036804199:13.299524307250977] [-7.6260838508605957:13.969143867492676] [-7.8991255760192871:13.379057884216309] [-8.4126701354980469:13.358641624450684] [-8.9342136383056641:13.383628845214844] [-9.3077974319458008:14.836186408996582] [-9.9708642959594727:13.20805549621582] [-10.729340553283691:12.717198371887207] [-10.871740341186523:17.252283096313477] [-11.412809371948242:14.353494644165039] [-12.802080154418945:12.82408332824707] [-12.016819953918457:17.571023941040039] [-8.8328723907470703:16.732889175415039] [-0.9664994478225708:20.277704238891602] [-4.509951114654541:10.970551490783691] [-4.4893026351928711:10.572331428527832] [-4.5212345123291016:11.663507461547852] [-4.6033682823181152:11.011089324951172] [-4.6560182571411133:9.5434284210205078] [-4.6723294258117676:10.316717147827148] [-4.7199673652648926:9.7006664276123047] [-4.8146672248840332:9.3147363662719727] [-4.8514189720153809:9.9389581680297852] [-4.8982100486755371:9.6126041412353516] [-4.9627609252929688:12.835577011108398] [-5.0531826019287109:12.846935272216797] [-5.0791473388671875:12.513778686523438] [-5.0944623947143555:14.802810668945312] [-5.1988992691040039:14.052196502685547] [-5.2982311248779297:13.111536979675293] [-5.3243680000305176:12.409426689147949] [-5.2925944328308105:10.36540412902832] [-5.3336315155029297:9.5021562576293945] [-5.3936553001403809:8.678898811340332] [-5.4276752471923828:8.1166858673095703] [-5.4547786712646484:7.4885468482971191] [-5.4678592681884766:8.3379850387573242] [-5.6112656593322754:11.115287780761719] [-5.7098345756530762:11.634455680847168] [-5.7502040863037109:13.802389144897461] [-5.7573409080505371:13.060978889465332] [-5.8767204284667969:11.949478149414062] [-6.0333976745605469:13.344522476196289] [-6.0230088233947754:17.147287368774414] [-5.9386749267578125:20.259696960449219] [-5.9732193946838379:19.366657257080078] [-6.0415310859680176:16.565855026245117] [-5.8352794647216797:17.650793075561523] [-5.842282772064209:16.832828521728516] [-5.8002214431762695:15.490848541259766] [-6.0294156074523926:14.7484130859375] [-6.2035160064697266:12.3193359375] [-6.2449593544006348:11.640876770019531] [-6.3707242012023926:12.700116157531738] [-6.6030707359313965:12.507758140563965] [-6.8974943161010742:12.737316131591797] [-6.9426660537719727:12.919164657592773] [-6.8843932151794434:13.194018363952637] [-6.9864888191223145:13.271907806396484] [-7.1765751838684082:12.282461166381836] [-7.3374285697937012:12.516636848449707] [-7.5778088569641113:13.330254554748535] [-7.8059706687927246:11.930482864379883] [-8.3610620498657227:11.968048095703125] [-8.7595834732055664:12.861322402954102] [-9.2837324142456055:13.049732208251953] [-9.9335489273071289:10.72990894317627] [-10.472552299499512:10.996842384338379] [-11.284056663513184:10.400058746337891] [-11.82917594909668:15.071050643920898] [-13.020894050598145:12.20367431640625] [-14.091683387756348:9.2834072113037109] [-17.09532356262207:9.6776962280273438] [-18.621809005737305:0.97749477624893188] [-4.4851565361022949:11.250247001647949] [-4.4998044967651367:11.140832901000977] [-4.5257129669189453:12.130561828613281] [-4.6108927726745605:10.811211585998535] [-4.6575088500976562:9.3570899963378906] [-4.695035457611084:10.758352279663086] [-4.7102055549621582:9.5577478408813477] [-4.7844686508178711:9.3146648406982422] [-4.8468632698059082:10.375532150268555] [-4.8921751976013184:10.64986515045166] [-4.9702982902526855:13.342713356018066] [-5.0465164184570312:13.356831550598145] [-5.0750961303710938:13.01786994934082] [-5.108086109161377:15.364109039306641] [-5.2056975364685059:13.80452823638916] [-5.2899789810180664:13.63185977935791] [-5.3154764175415039:12.174280166625977] [-5.2443265914916992:10.149846076965332] [-5.3128485679626465:10.191084861755371] [-5.3990697860717773:9.0887775421142578] [-5.4501681327819824:8.7674388885498047] [-5.4283246994018555:8.075596809387207] [-5.4640283584594727:8.9648656845092773] [-5.6155581474304199:11.617894172668457] [-5.6817092895507812:12.15272331237793] [-5.7364325523376465:14.375732421875] [-5.7794094085693359:12.817586898803711] [-5.8947405815124512:12.484643936157227] [-6.0207681655883789:14.530891418457031] [-5.9752917289733887:17.823141098022461] [-5.9518251419067383:21.013839721679688] [-5.9984264373779297:19.063619613647461] [-5.8605942726135254:16.288663864135742] [-5.8234906196594238:18.369888305664062] [-5.769096851348877:16.566127777099609] [-5.8080649375915527:16.17707633972168] [-6.0472779273986816:14.500238418579102] [-6.1795253753662109:12.158082008361816] [-6.3032870292663574:12.574977874755859] [-6.4212551116943359:13.015398979187012] [-6.6533603668212891:12.803818702697754] [-6.9075193405151367:12.833154678344727] [-6.9041876792907715:12.909438133239746] [-6.9317159652709961:13.225727081298828] [-7.0699520111083984:13.564881324768066] [-7.1657681465148926:13.076746940612793] [-7.4217629432678223:12.957056045532227] [-7.6558694839477539:13.652429580688477] [-7.9180240631103516:12.703413963317871] [-8.4232568740844727:12.459072113037109] [-8.9301271438598633:13.267132759094238] [-9.3723907470703125:14.0672607421875] [-10.001141548156738:11.75190258026123] [-10.776379585266113:10.828951835632324] [-11.225838661193848:13.92197322845459] [-11.705896377563477:15.008130073547363] [-13.201790809631348:12.156516075134277] [-13.247754096984863:12.385733604431152] [-12.01241397857666:11.325177192687988] [-11.108595848083496:12.819646835327148] [-0.023151803761720657:320.79556274414062] [-0.023552883416414261:342.58062744140625] [-0.024514675140380859:319.25338745117188] [-0.025893921032547951:317.08056640625] [-0.025641471147537231:420.46987915039062] [-0.036820705980062485:140.58912658691406] [-0.019704068079590797:399.36898803710938] [-0.027579342946410179:149.06684875488281] [-0.032341785728931427:134.7333984375] [-0.029248002916574478:155.65849304199219] [-0.026169661432504654:319.512939453125] [-0.024268930777907372:351.22409057617188] [-0.02471037395298481:370.87823486328125] [-0.022950077429413795:385.64321899414062] [-0.022395225241780281:386.80337524414062] [-0.023825481534004211:379.16131591796875] [-0.015462658368051052:198.29983520507812] [-0.023323949426412582:336.31124877929688] [-0.015774592757225037:234.04183959960938] [-0.018414083868265152:277.28448486328125] [-0.025623979046940804:413.89871215820312] [-0.026942715048789978:458.59365844726562] [-0.022823723033070564:376.15072631835938] [-0.03072655200958252:352.529052734375] [-0.026520777493715286:444.79776000976562] [-0.02059701643884182:385.6285400390625] [-0.026999535039067268:455.86917114257812] [-0.022171834483742714:371.3687744140625] [-0.016349649056792259:462.75802612304688] [-0.024673076346516609:413.50241088867188] [-0.018979929387569427:379.58163452148438] [-0.014445589855313301:267.478759765625] [-0.035802990198135376:390.68917846679688] [-0.019427074119448662:289.63323974609375] [-0.022304005920886993:333.93392944335938] [-0.02372928149998188:377.6591796875] [-0.0097173424437642097:128.033935546875] [-0.022759448736906052:340.16921997070312] [-0.010578911751508713:124.95587921142578] [-0.020813301205635071:412.00271606445312] [-0.013653680682182312:173.86936950683594] [-0.011283853091299534:157.67851257324219] [-0.01480985339730978:225.16484069824219] [-0.017652995884418488:297.6595458984375] [-0.0095784598961472511:167.72279357910156] [-0.011939272284507751:135.77664184570312] [-0.017059490084648132:362.34173583984375] [-0.016829557716846466:191.77696228027344] [-0.012630914337933064:248.39170837402344] [-0.013145782984793186:433.60562133789062] [-0.018381858244538307:197.36744689941406] [-0.0091012157499790192:187.41542053222656] [-0.019375069066882133:449.85595703125] [-0.033517889678478241:157.14990234375] [-0.011998369358479977:467.15005493164062] [-0.010289213620126247:490.4542236328125] [-0.019199203699827194:267.81991577148438] [-0.018684670329093933:212.38313293457031] [-0.047170400619506836:526.06732177734375] [0:1]
tree_sizes=3090 3084 3055 3061 3030 3045 3077 3066 3083 3071 3082 3076 3046 3024 3126 3100 3087 3104 2994 3084 3063 3117 3073 3153 3067

Tree=0
num_leaves=31
num_cat=0
split_feature=93 224 236 295 39 37 193 162 194 101 85 161 272 298 212 95 56 167 232 172 23 233 110 237 199 44 232 52 185 124
split_gain=223.697 151.702 121.035 127.154 125.69 161.965 111.183 116.336 101.989 98.1734 83.3645 131.189 98.8256 81.8661 80.0473 78.8508 70.1375 69.1134 104.602 68.2836 139.24 86.6676 83.2603 65.879 78.1371 59.9468 59.4222 59.103 58.1296 53.0479
threshold=2.1760739088058476 1.0000000180025095e-35 1.0772744417190554 1.8736134767532351 -2.7727582454681392 -2.2992532253265376 -0.7986483871936797 -1.8513989448547361 1.3332498669624331 -2.2750462293624873 -0.83346527814865101 0.83834910392761242 0.55552756786346447 0.30388560891151434 -2.082736492156982 -1.8057335019111631 -1.6438976526260374 -1.5075362920761106 -0.8514466881752013 0.28005404770374304 1.5130271911621096 1.7594024538993838 -0.41217154264450068 0.14507658779621127 -1.9063447713851926 -0.78332242369651783 2.2337603569030766 -0.26235915720462794 0.14091630280017856 1.0707826018333437
decision_type=2 2 2 2 2 2 2 2 2 2 2 2 2 2 2 2 2 2 2 2 2 2 2 2 2 2 2 2 2 2
left_child=1 2 3 4 17 9 7 23 -7 -6 11 12 13 27 -5 -9 -12 -1 -19 20 22 29 -18 -4 -25 -8 -2 -3 -23 -21
right_child=26 10 6 14 5 8 25 15 -10 -11 16 -13 -14 -15 -16 -17 19 18 -20 21 -22 28 -24 24 -26 -27 -28 -29 -30 -31
leaf_value=-0.006326722974466863 0.0036233158053747098 0.00066990056658246765 0.014519086336744565 0.024084537375426457 0.0015128039914978737 0.00012971410550341488 0.0095639662311561152 0.023517589709380299 0.0060019886237460147 0.0096328090859190141 -0.0054425050314849148 -0.012793626116405721 0.021350011531208107 0.00089195364924350836 0.0026097563887173885 0.0082191277143680054 -0.0027489952836578227 0.0063002279306350276 -0.010837969470062221 -0.0010684470467060673 0.0070250735236641586 0.0052282099785260537 0.0002826992710269914 -0.015811983702431961 0.002642637226114841 -0.00041059320068482223 0.010343729124608309 -0.007070683724674301 -2.7161398260365404e-05 -0.0032218412055988687
leaf_weight=3961 4124 1088 156 305 2962 197357 592 364 2682 2610 2648 1192 136 3354 381 2799 9343 1061 431 62308 2529 2877 62636 348 410 4412 1821 3534 5150 12593
leaf_count=3961 4124 1088 156 305 2962 197357 592 364 2682 2610 2648 1192 136 3354 381 2799 9343 1061 431 62308 2529 2877 62636 348 410 4412 1821 3534 5150 12593
internal_value=-4.99296e-06 -9.38808e-05 0.000423281 0.000276127 0.000232142 0.000352891 0.00381351 0.00748679 0.000210538 0.00539082 -0.000769846 -0.00353419 -0.00210857 -0.00259849 0.0129943 0.0102106 -0.000606889 -0.0042507 0.00107316 -0.000522969 0.000132579 -0.00111546 -0.000107308 -0.00163503 -0.005633 0.000743113 0.0057599 -0.00518892 0.00182748 -0.00143526
internal_weight=396164 390219 220831 211750 211064 205611 9081 4077 200039 5572 169388 9304 8112 7976 686 3163 160084 5453 1492 157436 74508 82928 71979 914 758 5004 5945 4622 8027 74901
internal_count=396164 390219 220831 211750 211064 205611 9081 4077 200039 5572 169388 9304 8112 7976 686 3163 160084 5453 1492 157436 74508 82928 71979 914 758 5004 5945 4622 8027 74901
is_linear=0
shrinkage=1


Tree=1
num_leaves=31
num_cat=0
split_feature=272 102 55 39 36 188 289 158 28 53 299 169 52 48 90 112 286 280 226 298 253 225 169 167 116 192 235 13 235 58
split_gain=218.768 163.6 116.594 122.852 126.656 176.315 110.866 105.307 98.808 154.387 91.196 90.9539 81.3558 98.674 79.0699 73.5207 79.187 73.0249 102.568 70.238 91.2711 73.0288 76.456 69.2751 76.242 65.7092 64.5564 61.2098 67.6073 59.4052
threshold=2.1784452199935918 0.034626873210072524 1.2163448929786684 -2.7727582454681392 -2.3030107021331783 -2.7275099754333492 -2.0390588045120235 -2.2447912693023677 -2.0874266624450679 -1.9782459139823911 -1.9662250280380247 -1.4763786196708677 2.365246176719666 1.8132435679435732 -2.8792959451675411 -0.74228534102439869 0.90716660022735607 -1.9650712609291074 -0.71008473634719838 -0.51080116629600514 -0.03777161426842212 -1.2206845879554746 -0.44134119153022761 0.033954316750168807 -0.86147338151931752 -0.072345722466707216 1.7516273856163027 -1.8917276859283445 2.2795815467834477 -0.92432865500450123
decision_type=2 2 2 2 2 2 2 2 2 2 2 2 2 2 2 2 2 2 2 2 2 2 2 2 2 2 2 2 2 2
left_child=1 2 3 11 17 10 -7 -3 9 -4 -6 14 13 -2 -1 16 -13 -5 -19 20 26 22 -21 -23 -25 -22 29 28 -11 -9
right_child=12 7 8 4 5 6 -8 19 -10 27 -12 15 -14 -15 -16 -17 -18 18 -20 21 25 23 -24 24 -26 -27 -28 -29 -30 -31
leaf_value=-0.011274464840079053 0.0065936106395113698 0.014958109978848293 -0.015745222739771834 0.0027555425669072943 0.0056367485399642682 0.0044562313163868262 0.00025121276780895108 -0.0081934520254335376 0.002383343522533222 0.013102232154968353 -0.0098271868271522875 0.0084683421344670939 0.010980624731832105 -0.0030568118492432361 -0.0019970835198005383 -0.0061720979109162431 -0.011991616439700009 0.013989952525501878 -0.0091486150368360105 -0.001738903681256371 0.010148245660460088 -0.0019609780158149526 0.019715047946887519 0.0042345634168679579 -0.00042001575058576708 -0.0013890954475327534 0.012753354969016951 0.0248088925110393 -0.008531280492080023 -0.0028544500241700957
leaf_weight=1864 2695 357 142 4233 366 5798 202607 3643 7523 669 2212 1100 1838 1406 1655 787 172 1214 170 228 430 27845 305 3243 99843 18735 154 401 128 4418
leaf_count=1864 2695 357 142 4233 366 5798 202607 3643 7523 669 2212 1100 1838 1406 1655 787 172 1214 170 228 430 27845 305 3243 99843 18735 154 401 128 4418
internal_value=-7.54765e-06 -9.54103e-05 0.000413598 0.000277366 0.000392 0.000271894 0.000370056 -0.000835953 0.00378658 0.0112931 -0.0074898 -0.00410592 0.00569637 0.00321345 -0.00703199 0.000770212 0.00532674 0.00483319 0.0108443 -0.000875217 -0.00226085 -0.000584049 0.0102643 -0.000632063 -0.000269884 -0.00110429 -0.00491337 0.0149502 0.00913685 -0.00531873
internal_weight=396181 390242 231041 222178 216600 210983 208405 159201 8863 1340 2578 5578 5939 4101 3519 2059 1272 5617 1384 158844 27380 131464 533 130931 103086 19165 8215 1198 797 8061
internal_count=396181 390242 231041 222178 216600 210983 208405 159201 8863 1340 2578 5578 5939 4101 3519 2059 1272 5617 1384 158844 27380 131464 533 130931 103086 19165 8215 1198 797 8061
is_linear=0
shrinkage=0.03


Tree=2
num_leaves=31
num_cat=0
split_feature=93 102 55 208 234 158 100 155 22 33 229 169 58 115 123 112 286 190 225 289 56 113 191 58 235 164 66 52 53 48
split_gain=220.483 179.57 130.647 112.255 177.522 108.48 78.2706 99.9863 117.099 224.114 85.8607 83.782 91.4325 98.2758 87.0905 86.8412 81.5886 75.8454 66.6044 76.6164 67.7992 69.8319 79.155 66.3027 66.2905 63.0351 54.1934 48.9211 66.642 53.0469
threshold=2.1760739088058476 0.034626873210072524 1.3626052141189577 -1.8723338842391966 0.32067301869392401 -2.2447912693023677 -2.776070117950439 -2.7758511304855342 -2.8458482027053829 -2.0558689832687373 -2.1491907835006709 -1.4763786196708677 0.63972100615501415 -2.4864702224731441 -1.1695181727409361 -0.69380822777748097 0.65396228432655346 -2.3890525102615352 -1.2206845879554746 -0.41399671137332911 -1.6438976526260374 -1.3620081543922422 0.14752206951379779 -0.24596764892339704 2.2795815467834477 2.3197757005691533 -1.900362432003021 1.8557905554771426 0.032436391338706023 1.8132435679435732
decision_type=2 2 2 2 2 2 2 2 2 2 2 2 2 2 2 2 2 2 2 2 2 2 2 2 2 2 2 2 2 2
left_child=1 2 6 4 -4 -3 11 17 9 -9 -10 12 14 -14 -1 16 -13 -8 19 -7 23 22 -22 -20 -6 -23 -26 28 -2 -30
right_child=27 5 3 -5 24 18 7 8 10 -11 -12 15 13 -15 -16 -17 -18 -19 20 -21 21 25 -24 -25 26 -27 -28 -29 29 -31
leaf_value=-0.0050441095753042302 0.008651288589111409 0.015282451677691914 -0.0040527785643174937 0.002188882223014776 0.020667759505784325 -0.00037600444726706978 0.013681194303172261 0.0016187134760037214 0.0037670299855657153 -0.016270509712710473 0.0003316621028011325 0.010060656111219365 -0.0027951836894166142 -0.02388617981198558 0.01129507298360613 -0.0061301583992490888 -0.0091163370251463715 -0.00020295254198300874 -0.007740021614413361 0.018158340055132442 -0.0026904942806656794 -0.0010040933428637877 0.0095873778934038156 0.0024872600542321958 -0.0057297522120756429 0.0036317732054707706 0.018153598634866035 0.0088012310481413447 0.0030715247390445308 -0.0070837178698447446
leaf_weight=2408 1213 352 470 5093 977 392 875 1412 6765 1077 207790 1049 417 451 306 758 213 516 2384 334 716 150537 1181 685 186 2641 117 2661 1445 656
leaf_count=2408 1213 352 470 5093 977 392 875 1412 6765 1077 207790 1049 417 451 306 758 213 516 2384 334 716 150537 1181 685 186 2641 117 2661 1445 656
internal_value=6.90318e-06 -8.00775e-05 0.000453574 0.00453422 0.0110885 -0.000855743 0.000327202 0.000418334 0.000365105 -0.00607045 0.00044172 -0.00316174 -0.0059236 -0.0143828 -0.00302301 0.00159876 0.00649823 0.0083883 -0.000895307 0.00800689 -0.000939078 -0.000848995 0.00481703 -0.00535885 0.0168557 -0.000921743 0.00311676 0.00571715 0.00311285 0
internal_weight=396077 390102 230880 6843 1750 159222 224037 218435 217044 2489 214555 5602 3582 868 2714 2020 1262 1391 158870 726 158144 155075 1897 3069 1280 153178 303 5975 3314 2101
internal_count=396077 390102 230880 6843 1750 159222 224037 218435 217044 2489 214555 5602 3582 868 2714 2020 1262 1391 158870 726 158144 155075 1897 3069 1280 153178 303 5975 3314 2101
is_linear=0
shrinkage=0.03


Tree=3
num_leaves=31
num_cat=0
split_feature=93 41 55 237 146 100 37 188 299 238 228 58 112 113 173 298 297 72 251 225 282 5 288 157 297 296 43 299 23 166
split_gain=192.355 133.356 114.708 123.421 123.265 91.8703 110.75 108.549 108.564 91.8369 88.3892 78.9714 104.989 124.825 75.0558 70.167 69.2641 67.1865 81.2652 65.9319 97.326 64.6339 74.3248 63.6857 57.8871 57.7668 68.9533 55.5443 54.7749 67.1118
threshold=2.1760739088058476 0.035619353875517852 1.2163448929786684 0.087026532739400878 -1.8383888006210325 -2.776070117950439 -2.2992532253265376 -2.7275099754333492 -1.9662250280380247 -1.0090452432632444 -2.1624335050582881 1.5393638014793398 -0.79292708635330189 -2.011217355728149 -2.3630914688110347 -0.60040846467018116 -2.4292525053024288 -0.91421160101890553 -1.550254702568054 -1.2206845879554746 0.41235692799091345 -0.58289694786071766 -0.99212273955345143 -1.1006965041160581 -0.53955817222595204 -0.50481110811233509 2.226532101631165 -0.96660101413726796 -0.89390230178832997 -1.1586481332778928
decision_type=2 2 2 2 2 2 2 2 2 2 2 2 2 2 2 2 2 2 2 2 2 2 2 2 2 2 2 2 2 2
left_child=1 2 5 4 -4 11 17 8 -8 23 -9 12 13 -1 24 21 -14 18 -7 20 -17 22 -3 -5 -13 -21 -27 -24 29 -11
right_child=-2 15 3 9 -6 6 7 10 -10 28 -12 14 16 -15 -16 19 -18 -19 -20 25 -22 -23 27 -25 -26 26 -28 -29 -30 -31
leaf_value=-0.0039488266255687764 0.0053176519386082073 0.01344109511049175 0.022656541878722833 -0.020063728014477991 0.0037431636665769584 0.0051041312584195024 0.0077509321320901985 0.0041765666006412768 -0.0083887797114223402 0 0.00017888763815275031 -0.015281323397287631 -0.023022116891525939 0.0071134090469321121 -0.0263406317357898 -0.0022526903013701822 -0.0053751033017497294 0.012563967814221227 -0.0041283022062844317 0.001394628764658117 0.021026065764491959 -0.0016037904241368941 -0.011130216525891688 0.0010189163009800069 0.0072663143167353821 -0.00085922554651133589 0.0045968866598367275 -0.0032002591970212617 0.00043942282049946754 0.0088539345741362081
leaf_weight=2416 5944 141 560 253 789 3785 413 5093 2277 1099 204293 180 270 1451 239 284 973 794 1056 12191 294 19653 1593 193 174 119843 2086 1896 3758 2184
leaf_count=2416 5944 141 560 253 789 3785 413 5093 2277 1099 204293 180 270 1451 239 284 973 794 1056 12191 294 19653 1593 193 174 119843 2086 1896 3758 2184
internal_value=-2.83321e-05 -0.000110799 0.000345691 0.00369633 0.01203 0.000211512 0.000311381 0.000199395 -0.00576121 0.00212678 0.000277947 -0.0035363 -0.00223575 0.000140078 -0.0138154 -0.00078375 -0.00974972 0.00445734 0.00301978 -0.000517831 0.00939359 -0.00230752 -0.00600568 -0.0106446 -0.00360053 -0.000564175 -0.000762682 -0.0069492 0.0030061 0.00583286
internal_weight=396175 390231 232250 8836 1349 223414 217711 212076 2690 7487 209386 5703 5110 3867 593 157981 1243 5635 4841 134698 578 23283 3630 446 354 134120 121929 3489 7041 3283
internal_count=396175 390231 232250 8836 1349 223414 217711 212076 2690 7487 209386 5703 5110 3867 593 157981 1243 5635 4841 134698 578 23283 3630 446 354 134120 121929 3489 7041 3283
is_linear=0
shrinkage=0.03


Tree=4
num_leaves=31
num_cat=0
split_feature=212 102 55 237 238 37 218 100 37 169 36 137 236 58 192 11 145 352 225 135 120 113 286 51 286 261 58 14 234 50
split_gain=179.709 160.326 112.324 107.8 120.626 115.6 88.9382 84.791 103.288 75.9513 74.8678 101.931 71.5609 104.542 70.5549 96.4348 69.7653 69.3575 65.1485 85.5725 82.928 67.8934 70.0137 59.7436 67.2806 59.5772 58.5668 57.227 54.6078 52.4084
threshold=2.1617445945739751 0.034626873210072524 1.3626052141189577 0.05792923457920552 -1.0090452432632444 -1.7641520500183103 -2.7995725870132442 -2.776070117950439 -2.2992532253265376 -1.4763786196708677 -2.7818917036056514 -2.7681640386581416 -2.0546247959136958 -0.5297444462776183 -0.98272696137428273 -1.5494742989540098 -2.8437947034835811 -0.012701375409960745 -1.2206845879554746 0.038335138931870467 0.43746362626552587 -1.5127666592597959 1.0000000180025095e-35 -0.79511818289756764 0.83660921454429638 1.355732321739197 0.63972100615501415 0.26226785778999334 -0.3783458918333053 0.85073059797286998
decision_type=2 2 2 2 2 2 2 2 2 2 2 2 2 2 2 2 2 2 2 2 2 2 2 2 2 2 2 2 2 2
left_child=1 2 7 5 -5 28 -3 9 14 16 -10 -12 13 25 15 -9 -1 -2 19 -14 -21 27 -23 24 -11 -8 -18 -20 -4 -6
right_child=17 6 3 4 29 -7 12 8 10 23 11 -13 18 -15 -16 -17 26 -19 21 20 -22 22 -24 -25 -26 -27 -28 -29 -30 -31
leaf_value=-0.01068952142659692 0.0094785475774751896 0.015988476799568163 0.001031099014006203 -0.012269956616432088 0.0055624560769021846 0.0024728094137647892 -0.015307835968008802 0.0051280993962978918 0.019457516550414767 0.0089258511533383822 -0.0057090709325318357 0.00031226026324735287 -0.0046105464163496293 0.001650562792947509 0.012506562280233344 -0.0052644423821863792 0.00086990475127359304 0.0025280883458341195 -0.00072329803682506496 0.025958405318422539 0 -0.0023486391095813419 -0.00062465449930031603 -0.0045504021475033024 -0.0094574051147815075 0 -0.010407643837316238 0.010838627690489109 0.028520216704820977 -0.00082285832328717317
leaf_weight=1586 2161 260 107 431 4000 522 968 3706 163 985 2537 210562 263 811 826 981 1481 3644 637 267 196 25612 129250 874 186 291 535 800 384 1510
leaf_count=1586 2161 260 107 431 4000 522 968 3706 163 985 2537 210562 263 811 826 981 1481 3644 637 267 196 25612 129250 874 186 291 535 800 384 1510
internal_value=-3.8716e-05 -0.000117437 0.000385984 0.00413848 0.00251105 0.0131591 -0.000850221 0.000268013 0.000363067 -0.00334987 0.000256557 0.000238638 -0.000881631 -0.00641749 0.00441318 0.00287606 -0.00597402 0.00519067 -0.000805935 0.00800109 0.0156803 -0.000849781 -0.000911981 0.00114005 0.00564421 -0.0117937 -0.00204839 0.00556793 0.0233916 0.00376168
internal_weight=396536 390731 231376 6954 5941 1013 159355 224422 218775 5647 213262 213099 159095 2070 5513 4687 3602 5805 157025 726 463 156299 154862 2045 1171 1259 2016 1437 491 5510
internal_count=396536 390731 231376 6954 5941 1013 159355 224422 218775 5647 213262 213099 159095 2070 5513 4687 3602 5805 157025 726 463 156299 154862 2045 1171 1259 2016 1437 491 5510
is_linear=0
shrinkage=0.03


Tree=5
num_leaves=31
num_cat=0
split_feature=93 102 55 237 98 158 39 157 188 239 56 101 233 47 299 178 54 233 236 299 227 137 291 327 40 50 232 113 56 225
split_gain=197.685 152.213 89.961 112.406 101.94 86.6038 82.8995 118.713 99.718 130.05 78.8396 78.6003 120.167 77.57 74.7643 81.1034 72.4586 69.7443 67.6552 66.5655 64.741 79.5861 145.155 60.4823 60.3448 58.1346 54.8917 61.6602 53.3856 51.2351
threshold=2.1760739088058476 0.034626873210072524 1.2163448929786684 0.087026532739400878 -1.7596484422683714 -2.2447912693023677 -2.7727582454681392 -2.2615153789520259 -2.7275099754333492 -2.4862945079803462 0.47915351390838629 -2.2750462293624873 -1.5676447153091428 -2.0989933013916011 -1.9662250280380247 0.3665477335453034 0.77789339423179638 0.66881182789802562 -2.0546247959136958 -1.1651322245597837 1.3272150158882143 1.7861742377281191 0.13033469766378405 -0.013926942367106674 -1.5378893613815305 0.85073059797286998 2.2337603569030766 -0.5540955364704131 -1.9157060384750364 0.099013641476631178
decision_type=2 2 2 2 2 2 2 2 2 2 2 2 2 2 2 2 2 2 2 2 2 2 2 2 2 2 2 2 2 2
left_child=1 2 6 4 17 -3 10 11 9 -9 14 28 -13 -10 23 -16 -12 -4 -7 24 21 -20 -23 -1 -5 -21 27 29 -8 -2
right_child=26 5 3 19 -6 18 7 8 13 -11 16 12 -14 -15 15 -17 -18 -19 20 25 -22 22 -24 -25 -26 -27 -28 -29 -30 -31
leaf_value=-0.01113619093022742 0 0.013984368822933963 0.0093991510140653337 -0.017191622227476909 0.0033855507687167823 -0.0061840444390479981 0.0074510850643272177 0.0091195454885057529 0.0040410491646733606 -0.0082353435438319526 -0.017380810729964918 0.017189946047607176 0.0032863087346753539 0.00025700904369339666 0.0035528119716428542 -0.0055230266527147706 0.0068723102836381819 0.032523387083664784 -0.0010979911080903069 0.0043654540742607793 0.00088865099206735562 0.01089443987487332 -0.0013883678235291639 0.0090908239835358045 0.0010995382076059771 -0.0017635687558683105 0.0097673686542371751 0.0016920321381157992 -0.0010769410634108548 0.018166506344277876
leaf_weight=1010 193 334 336 280 754 2089 903 433 4991 2330 555 927 1571 203100 2345 1395 106 254 133989 5162 18828 1399 2123 121 288 1811 1860 3488 2173 396
leaf_count=1010 193 334 336 280 754 2089 903 433 4991 2330 555 927 1571 203100 2345 1395 106 254 133989 5162 18828 1399 2123 121 288 1811 1860 3488 2173 396
internal_value=6.13775e-06 -7.60268e-05 0.000414862 0.00337471 0.0113475 -0.000791646 0.000294735 0.000388798 0.000272824 -0.0053618 -0.00331938 0.00470558 0.0086606 0.000349589 -0.00190169 7.64143e-05 -0.0129634 0.0205861 -0.000826452 0.00188783 -0.000752163 -0.000979101 0.00343985 -0.0085912 -0.00768508 0.00273026 0.00543058 0.00334081 0.00136163 0.0122359
internal_weight=395544 389607 230845 8885 1344 158762 221960 216428 210854 2763 5532 5574 2498 208091 4871 3740 661 590 158428 7541 156339 137511 3522 1131 568 6973 5937 4077 3076 589
internal_count=395544 389607 230845 8885 1344 158762 221960 216428 210854 2763 5532 5574 2498 208091 4871 3740 661 590 158428 7541 156339 137511 3522 1131 568 6973 5937 4077 3076 589
is_linear=0
shrinkage=0.03


Tree=6
num_leaves=31
num_cat=0
split_feature=210 102 55 57 58 158 28 58 241 298 5 164 111 55 290 172 205 179 226 173 297 114 232 173 218 169 230 158 115 48
split_gain=140.032 108.135 88.0112 86.278 90.5009 85.5459 85.2245 74.4988 200.792 66.2481 83.4257 71.2963 64.4224 60.3338 59.0156 73.9317 145.05 98.3915 56.1137 55.1075 57.2706 51.9664 51.858 94.8045 62.1024 50.9778 49.5461 47.8935 47.1026 47.0071
threshold=2.1490887403488164 0.034626873210072524 1.5595589876174929 -0.4294793158769607 -0.85220375657081593 -2.2447912693023677 -1.5033318996429441 1.8279981017112734 -2.0950416326522823 -0.70327156782150257 -0.58289694786071766 2.3197757005691533 -0.85761329531669606 0.22709208726882937 1.367582440376282 0.032342405989766128 -2.4434562921524043 1.2115483880043032 -1.6333974599838255 -0.39353515207767481 -0.73142132163047779 1.1107969284057619 1.7830892205238345 0.10079290345311166 1.7354007363319399 1.1301190853118899 -0.23839469254016873 -0.94860932230949391 -1.3524942398071287 0.86663338541984569
decision_type=2 2 2 2 2 2 2 2 2 2 2 2 2 2 2 2 2 2 2 2 2 2 2 2 2 2 2 2 2 2
left_child=1 2 7 -4 27 -3 21 14 13 10 12 18 -7 -9 15 17 -17 -1 -11 20 -10 -6 23 29 -24 -25 -21 -5 -20 -2
right_child=22 5 3 4 6 9 -8 8 19 11 -12 -13 -14 -15 -16 16 -18 -19 28 26 -22 -23 24 25 -26 -27 -28 -29 -30 -31
leaf_value=0.00039620522133955926 0.0037994536638217341 0.013759819781541305 0.019824481954644389 -0.014058964261200025 0.0030778548870059636 0.0030183412132715366 0.001318294698452656 -0.020079286716642358 -0.010471011074888377 0.011388796549710714 -0.0014831800327191607 0.0045388691958170467 -0.0086912766480165913 -0.0023471552616910548 0.0060081805492454314 -0.010312089923173656 -0.00045918848864809711 0.0035685677865773674 0.0040150894957043165 -0.0083187336358202402 0.0082425142760657426 0.015070423443162876 -0.0021390720974240039 0.0050307744442746561 0.0099420305788162338 -0.0040456681485431913 0.00065539700136204725 0.0018469773816844721 -0.0006837658099434087 0.018520876906563656
leaf_weight=160849 571 346 289 362 636 450 2577 702 143 329 16609 2460 2647 288 1613 1368 48482 9327 1911 868 949 897 412 794 2107 1672 1322 247 134185 360
leaf_count=160849 571 346 289 362 636 450 2577 702 143 329 16609 2460 2647 288 1613 1368 48482 9327 1911 868 949 897 412 794 2107 1672 1322 247 134185 360
internal_value=-1.42275e-05 -8.46088e-05 0.000329015 0.00425828 0.00316203 -0.000687414 0.00480926 0.000240214 -0.00366902 -0.000722556 -0.00235348 -0.000488683 -0.00688515 -0.0153665 0.00031724 0.000273615 -0.000739618 0.000572238 -0.00058219 0 0.0053779 0.0103919 0.00455792 0.00199976 0.00784664 -0.000985607 -0.00280882 -0.00727724 -0.000615002 0.0100772
internal_weight=395772 389856 230919 5008 4719 158937 4110 225911 4272 158591 19706 138885 3097 990 221639 220026 49850 170176 136425 3282 1092 1533 5916 3397 2519 2466 2190 609 136096 931
internal_count=395772 389856 230919 5008 4719 158937 4110 225911 4272 158591 19706 138885 3097 990 221639 220026 49850 170176 136425 3282 1092 1533 5916 3397 2519 2466 2190 609 136096 931
is_linear=0
shrinkage=0.03


Tree=7
num_leaves=31
num_cat=0
split_feature=93 102 55 237 37 39 228 155 188 190 39 169 90 131 205 100 205 176 44 162 28 298 187 179 232 114 289 48 98 227
split_gain=162.679 128.316 96.8746 109.513 138.26 86.1172 115.783 134.549 157.366 80.8228 75.1358 68.2439 71.0147 86.0987 61.4784 88.1058 61.0495 59.6681 57.5228 56.7892 128.572 56.4894 64.4101 53.1231 51.7255 61.8291 68.0316 60.6223 51.6961 59.4617
threshold=2.1760739088058476 0.034626873210072524 1.2163448929786684 -0.12900351732969281 -1.7641520500183103 -2.7727582454681392 -2.1624335050582881 -2.7758511304855342 -2.7275099754333492 -2.3890525102615352 -1.5528132319450376 -1.2314906716346739 -2.8792959451675411 -2.7471544742584224 -1.2062606215476988 0.29552450776100164 0.080405149608850493 0.54234614968299877 -1.1192616224288938 -1.8513989448547361 -1.8463054895400999 -0.70327156782150257 -0.86763605475425709 -1.0000000180025095e-35 1.7830892205238345 -0.54736945033073414 1.2316360473632815 0.94232371449470531 -2.7695630788803096 -0.34164135158061976
decision_type=2 2 2 2 2 2 2 2 2 2 2 2 2 2 2 2 2 2 2 2 2 2 2 2 2 2 2 2 2 2
left_child=1 2 5 4 -4 11 16 9 -9 -8 -3 12 13 -1 15 -12 17 -7 -16 23 -21 22 -20 -5 25 27 -27 -2 29 -13
right_child=24 10 3 19 -6 6 7 8 -10 -11 14 28 -14 -15 18 -17 -18 -19 21 20 -22 -23 -24 -25 -26 26 -28 -29 -30 -31
leaf_value=-0.0022299980395473541 0.00026827854921629229 0.011998809533019503 0.025684553174090512 -0.013301827495674382 0.0015094251077063757 0.0039308082758768249 0.017213414371199366 -0.0074644387063475849 0.00030047196663061932 0 -0.0011605695243818584 0.0070078807971062492 -0.0011193951276010469 -0.015218086792751861 0.011377995006592612 -0.01136870829620984 0.011615786955276425 -0.0057270034565590315 -0.0079434491319539929 0.015099492822743119 0.001885167378788106 -0.00043635530888160831 -0.001631889910819956 0.00014224487585894624 0.0082627246774897422 0.0053256149762843071 -0.0042681874413642868 0.017971178142843876 -0.0097502807760418437 -0.0068127727761789943
leaf_weight=904 371 397 416 336 477 6031 653 2354 205540 376 2390 1168 1802 1086 336 1158 861 595 1612 740 6063 136082 17179 866 2530 1225 1404 382 282 329
leaf_count=904 371 397 416 336 477 6031 653 2354 205540 376 2390 1168 1802 1086 336 1158 861 595 1612 740 6063 136082 17179 866 2530 1225 1404 382 282 329
internal_value=5.08118e-05 -2.34124e-05 0.000427557 0.00349656 0.0134158 0.000302883 0.000399059 0.000265966 0.000210397 0.0109888 -0.000679474 -0.00336758 -0.00564828 -0.00954812 -0.000714576 -0.00462144 0.00406244 0.00300379 -0.00062275 0.00232195 0.00340658 -0.000652188 -0.00219715 -0.00352653 0.00498175 0.002405 9.53159e-05 0.00986974 0.00133581 0.00372294
internal_weight=395945 390033 230879 8898 893 221981 216410 208923 207894 1029 159154 5571 3792 1990 158757 3548 7487 6626 155209 8005 6803 154873 18791 1202 5912 3382 2629 753 1779 1497
internal_count=395945 390033 230879 8898 893 221981 216410 208923 207894 1029 159154 5571 3792 1990 158757 3548 7487 6626 155209 8005 6803 154873 18791 1202 5912 3382 2629 753 1779 1497
is_linear=0
shrinkage=0.03


Tree=8
num_leaves=31
num_cat=0
split_feature=93 284 55 100 97 165 169 224 137 117 57 238 200 57 112 197 233 41 115 39 206 85 232 191 269 166 152 61 43 274
split_gain=159.803 95.6976 99.0087 85.9728 141.588 85.6837 84.689 80.5027 79.3414 154.085 78.8195 95.4406 76.0714 81.7654 79.0185 95.0831 83.1226 78.6859 73.9111 73.619 73.1579 71.6779 66.6748 65.9094 64.8618 62.1324 59.9987 58.5351 53.7962 53.6075
threshold=2.1760739088058476 1.0000000180025095e-35 1.5595589876174929 -2.776070117950439 -2.3016828298568721 -1.2755474448204038 -1.4763786196708677 -0.97105929255485524 -2.7681640386581416 -1.9356421828269956 -0.4294793158769607 -1.3968394398689268 -0.42372958362102503 -0.29081125557422632 0.42239961028099066 1.7439115643501284 1.7594024538993838 0.70433548092842113 0.032625131309032447 0.64785471558570873 2.1342437267303471 1.0187856554985049 2.2337603569030766 -1.557897090911865 -0.52204644680023182 -0.93082016706466664 0.91878512501716625 1.0615192055702212 -0.64622452855110157 0.07126412540674211
decision_type=2 2 2 2 2 2 2 2 2 2 2 2 2 2 2 2 2 2 2 2 2 2 2 2 2 2 2 2 2 2
left_child=1 2 3 6 5 -5 -1 -7 9 -6 -4 -12 13 -3 15 -14 20 21 -8 -10 -16 26 -2 -19 25 -13 -15 -17 -26 -25
right_child=22 12 10 4 8 7 18 -9 19 -11 11 24 14 17 16 27 -18 23 -20 -21 -22 -23 -24 29 28 -27 -28 -29 -30 -31
leaf_value=-0.0061614928222522292 0.0025966994376156695 -0.0047552536003395126 0.020699129361700225 0.0024066823132366413 0.0087060508978784607 0.014241230446948444 -0.00094342529884164925 0 0.00018584281953071499 -0.0097371169180053251 -0.013426176865972328 0.0025340116449322774 0.00015621351911948318 -2.574321255123464e-05 -0.001296840575502785 0.015944723190069829 0.0018489922981927553 -0.012563865169340716 0.014619467660630811 0.0049855569381646331 -0.008790671014896289 -0.013078168916588414 0.0096088238340466883 -0.0079696115299346358 0.01364734443553607 0.012358520004364201 0.013187367099913812 0.0035917414355896202 -0.0032082345036688895 0.00014070928417990201
leaf_weight=3614 4097 7534 253 3987 499 1303 1581 456 204397 1721 247 1239 68082 14895 59299 469 7649 796 306 2904 1193 353 1856 1091 180 1276 295 1617 1085 1953
leaf_count=3614 4097 7534 253 3987 499 1303 1581 456 204397 1721 247 1239 68082 14895 59299 469 7649 796 306 2904 1193 353 1856 1091 180 1276 295 1617 1085 1953
internal_value=-1.10305e-05 -8.63133e-05 0.000315308 0.000226047 0.000322099 0.00496192 -0.00346592 0.0104929 0.000192961 -0.00541691 0.0048273 0.00365865 -0.000635134 -0.00209593 -0.000348411 0.000354977 -0.00107702 -0.00104297 0.00154983 0.000255002 -0.00145245 -7.12007e-05 0.00485799 -0.00487791 0.00491877 0.00769505 0.000228143 0.00663659 -0.000401269 -0.00270125
internal_weight=396227 390274 225048 220768 215267 5746 5501 1759 209521 2220 4280 4027 165226 26917 138309 70168 68141 19383 1887 207301 60492 15543 5953 3840 3780 2515 15190 2086 1265 3044
internal_count=396227 390274 225048 220768 215267 5746 5501 1759 209521 2220 4280 4027 165226 26917 138309 70168 68141 19383 1887 207301 60492 15543 5953 3840 3780 2515 15190 2086 1265 3044
is_linear=0
shrinkage=0.03


Tree=9
num_leaves=31
num_cat=0
split_feature=210 102 224 55 237 285 101 270 102 228 54 191 57 298 153 23 113 172 230 56 177 286 113 51 27 225 219 224 298 242
split_gain=136.456 107.476 74.7227 64.6809 94.6878 84.4507 72.0516 84.3271 70.3963 86.908 82.6743 77.6531 78.3832 73.863 66.4353 150.286 96.9806 66.1171 66.3338 61.9394 59.3085 53.5845 53.6392 52.6116 49.0995 54.1699 48.7976 47.3934 46.9114 46.717
threshold=2.1490887403488164 0.034626873210072524 -1.0474142432212827 1.3626052141189577 0.087026532739400878 -0.37312096357345576 -2.2750462293624873 -1.8503726720809934 -2.7753888368606563 -2.1624335050582881 -0.54728627204895008 0.99314308166503917 0.21094898879528048 -0.2035248056054115 -2.7978168725967403 -2.8471940755844112 -1.242709159851074 -0.50539433956146229 -1.2921450734138487 -1.6438976526260374 2.7359638214111333 1.0000000180025095e-35 -1.242709159851074 -1.0589407682418821 0.85371902585029613 -1.0000000180025095e-35 -2.0098673105239864 2.2015750408172612 1.5468265414237978 -1.0205632448196409
decision_type=2 2 2 2 2 2 2 2 2 2 2 2 2 2 2 2 2 2 2 2 2 2 2 2 2 2 2 2 2 2
left_child=1 3 23 8 5 -5 20 -8 10 11 17 12 -10 -12 16 -16 -11 18 -1 -4 28 24 -23 -3 26 -26 -21 -24 -6 -7
right_child=-2 2 19 4 6 29 7 -9 9 14 13 -13 -14 -15 15 -17 -18 -19 -20 21 -22 22 27 -25 25 -27 -28 -29 -30 -31
leaf_value=-0.0046103585697181348 0.004536860625753366 -0.007477845182096151 -0.0048699557507675814 0.017014515737825409 -0.0067846150540704407 -0.01423892731161637 0.014357089212244111 0.001529271154968005 0.0043146862947295896 0.013643062732056743 0.011955869839052809 0.016354622228716285 -0.0038616829375269653 -0.0036534016133404363 -0.0090750903162467034 0.00025840875230436139 -5.9706429897906689e-05 -0.013558818661048598 0.0073167165738830713 0.010463873103644479 -0.018715518355333745 0.0054390721230351546 -0.00052096683156282846 0.01244971073195575 0.003916378250848008 -0.0039932579433155048 -0.0025348251375844517 0.0033612318173138816 0.01435954672149177 0.007881816686060146
leaf_weight=3500 5882 113 3152 727 288 128 505 4712 5542 795 545 395 1248 473 1543 208219 982 662 441 235 240 1390 124835 609 2436 1094 22390 2858 116 177
leaf_count=3500 5882 113 3152 727 288 128 505 4712 5542 795 545 395 1248 473 1543 208219 982 662 441 235 240 1390 124835 609 2436 1094 22390 2858 116 177
internal_value=8.70163e-06 -5.89915e-05 -0.000659709 0.000353079 0.00321516 0.0115544 0.00166148 0.00287836 0.000263525 0.000350065 -0.00304 0.00359318 0.00276089 0.00448356 0.000238164 0.000187463 0.00598735 -0.004781 -0.00316977 -0.000705872 -0.00753433 -0.000618774 -0.000364845 0.00880905 -0.00185929 0.00137187 -0.00237744 -0.000431214 0 -0.000783518
internal_weight=396232 390350 159112 231238 6893 1032 5861 5217 224345 218724 5621 7185 6790 1018 211539 209762 1777 4603 3941 158390 644 155238 129083 722 26155 3530 22625 127693 404 305
internal_count=396232 390350 159112 231238 6893 1032 5861 5217 224345 218724 5621 7185 6790 1018 211539 209762 1777 4603 3941 158390 644 155238 129083 722 26155 3530 22625 127693 404 305
is_linear=0
shrinkage=0.03


Tree=10
num_leaves=31
num_cat=0
split_feature=93 102 55 28 109 320 218 56 57 238 174 224 137 232 207 112 70 51 85 50 230 229 161 167 83 68 207 136 49 277
split_gain=143.124 93.6615 69.4215 77.6517 114.748 74.8103 68.162 66.624 63.56 89.7693 58.2485 55.3723 73.7229 106.29 68.885 52.0724 49.8507 49.5191 93.3304 67.14 60.382 58.6615 45.8094 43.4974 42.7298 41.4791 40.8459 39.7788 37.8889 39.9459
threshold=2.1760739088058476 0.034626873210072524 1.2163448929786684 -1.5033318996429441 -0.20602655410766599 -0.023559244349598881 -2.7995725870132442 -1.6438976526260374 -0.074369862675666795 -1.2444091439247129 -1.8218865990638731 0.99462267756462108 1.7861742377281191 0.1630542725324631 -0.44326104223728174 0.55806216597557079 -0.98676559329032887 0.032355656847357757 -2.8565914630889888 1.3722808957099917 -0.30923344194889063 -1.5996699929237364 0.21520838141441348 -1.5075362920761106 0.51954510807991039 0.50654062628746044 -1.0000000180025095e-35 -2.110273957252502 1.2303177714347842 -1.5863733887672422
decision_type=2 2 2 2 2 2 2 2 2 2 2 2 2 2 2 2 2 2 2 2 2 2 2 2 2 2 2 2 2 2
left_child=1 2 5 4 8 10 -3 26 -4 -10 23 12 15 -14 -13 -9 -16 20 -19 -20 21 -7 24 -1 25 -5 -8 -22 29 -6
right_child=-2 6 3 22 28 17 7 11 9 -11 -12 14 13 -15 16 -17 -18 18 19 -21 27 -23 -24 -25 -26 -27 -28 -29 -30 -31
leaf_value=-0.0092233972491723975 0.0046263998790609991 0.014210525838866667 0.016970998367273817 0.0015651181350672979 0.029654066400917271 0.0017297067961367478 -0.012541069717116573 -0.00055269645471164852 -0.015454012471586466 0.0038143903762661389 -0.001135236494632682 -0.0061161284606239662 0.01084699596050618 -0.0013459931904099014 0.0086516917332564742 -0.0019409064109201521 0.00058680107007511582 -0.017166742664232751 -0.0005753584591233216 0.006124295131652616 0.0085994300603881423 -0.00010583394818499013 -0.0094476954743581646 0.0020380564173886574 0.0089650175835251714 -0.0078855739351645689 -0.0031972804677432238 0.0013344957700438306 0 0.010889900864212801
leaf_weight=1571 5957 257 248 4698 264 18749 541 82909 230 1562 6863 1335 1150 1339 692 35014 33046 281 47638 1360 685 93604 329 324 628 433 2552 51179 107 336
leaf_count=1571 5957 257 248 4698 264 18749 541 82909 230 1562 6863 1335 1150 1339 692 35014 33046 281 47638 1360 685 93604 329 324 628 433 2552 51179 107 336
internal_value=1.8691e-05 -5.11669e-05 0.000333458 0.00294124 0.00712703 0.000228189 -0.000612617 -0.000640321 0.00326169 0.00103248 -0.00248202 -0.000551073 -0.0008575 0.00420956 0.000492287 -0.00096769 0.000766135 0.000340994 -0.000489586 -0.000380858 0.000592094 0.000198057 0.000986272 -0.00714012 0.00166489 0.000681821 -0.00499806 0.00143951 0.017471 0.0203203
internal_weight=395881 389924 231089 8835 2747 222254 158835 158578 2040 1792 8758 155485 120412 2489 35073 117923 33738 213496 49279 48998 164217 112353 6088 1895 5759 5131 3093 51864 707 600
internal_count=395881 389924 231089 8835 2747 222254 158835 158578 2040 1792 8758 155485 120412 2489 35073 117923 33738 213496 49279 48998 164217 112353 6088 1895 5759 5131 3093 51864 707 600
is_linear=0
shrinkage=0.03


Tree=11
num_leaves=31
num_cat=0
split_feature=16 102 224 55 28 234 100 275 143 273 90 218 112 291 58 190 231 200 2 55 121 105 119 54 194 298 16 283 193 173
split_gain=130.388 90.9957 82.2568 71.3966 76.5006 104.251 69.1301 72.4526 143.571 168.453 68.215 66.1987 65.6484 102.828 76.1992 65.1697 66.1792 63.2983 121.28 105.956 80.4862 65.5599 60.0704 56.7129 55.249 53.9835 52.6752 51.0187 45.6461 38.2747
threshold=2.1794495582580571 0.070214025676250472 2.2015750408172612 1.3626052141189577 -1.5033318996429441 0.68454524874687206 -2.776070117950439 -2.3390052318572994 -2.8353512287139888 -2.0663049221038814 -2.405856609344482 -2.7995725870132442 -0.69380822777748097 -1.1500066518783567 0.63972100615501415 -2.3890525102615352 -0.68178436160087574 -0.68943378329277027 -2.6676506996154781 1.0993738770484927 0.10791492834687234 -1.2160407900810239 -1.6685250997543333 -1.6769134998321531 1.3332498669624331 1.3417211174964907 0.72771325707435619 -1.4877504110336301 1.4957821965217593 0.20657159388065341
decision_type=2 2 2 2 2 2 2 2 2 2 2 2 2 2 2 2 2 2 2 2 2 2 2 2 2 2 2 2 2 2
left_child=1 3 11 6 5 27 12 15 9 -9 -7 -3 13 14 -1 16 -8 19 -19 20 -13 -20 -17 -14 -10 -21 -4 29 -28 -5
right_child=-2 2 26 4 -6 10 7 8 24 -11 -12 17 23 -15 -16 22 -18 18 21 25 -22 -23 -24 -25 -26 -27 28 -29 -30 -31
leaf_value=-0.00054798339658429312 0.0045556609613452244 0.013948155547195411 0.0083425643827500732 -0.00057803722344996296 0.00089512650867791695 0.024768086524874861 0.0094375933295174283 0.0008003940773060787 0.00021861420842821051 -0.017325808268339779 0.0083759844266385521 -0.0032256082951799235 -0.021599097411680434 0.010845171198901521 -0.010378901423449891 -0.006652371199436586 -0.0041776837712075082 0.025300510780264848 0.0128461070902091 0.0070442153004317771 -0.012615116918115609 -0.00066379968702953793 0.0030334097254565854 -0.005178913794325184 0.0050911153377040889 -0.0028704784634546376 -0.002435186274442724 0.011124720740522339 0.0058964049198091386 -0.018596654406506315
leaf_weight=2960 5532 253 1386 541 4617 315 2059 872 214595 890 1265 9159 260 521 947 720 335 142 302 1283 921 137300 2488 922 2102 730 1414 221 966 126
leaf_count=2960 5532 253 1386 541 4617 315 2059 872 214595 890 1265 9159 260 521 947 720 335 142 302 1283 921 137300 2488 922 2102 730 1414 221 966 126
internal_value=-8.589e-06 -7.42276e-05 -0.0006428 0.000294015 0.00325867 0.00751693 0.000200979 0.00028468 0.000196672 -0.00827864 0.0121003 -0.000754533 -0.00307787 -0.00130444 -0.00304797 0.00365043 0.00738926 -0.000783218 -0.000597528 -0.00286906 -0.0041365 -0.000630107 0.000738859 -0.00933967 0.000267728 0.00330829 0.00371142 -0.00039464 0.000842416 -0.00486083
internal_weight=396144 390612 153856 236756 7085 2468 229671 224061 218459 1762 1580 150090 5610 4428 3907 5602 2394 149837 137744 12093 10080 137602 3208 1182 216697 2013 3766 888 2380 667
internal_count=396144 390612 153856 236756 7085 2468 229671 224061 218459 1762 1580 150090 5610 4428 3907 5602 2394 149837 137744 12093 10080 137602 3208 1182 216697 2013 3766 888 2380 667
is_linear=0
shrinkage=0.03


Tree=12
num_leaves=31
num_cat=0
split_feature=112 51 203 238 220 280 232 20 236 11 49 28 111 102 52 298 114 218 239 295 123 56 221 301 90 50 173 12 102 71
split_gain=125.297 108.844 180.678 75.797 92.2733 78.4869 75.4556 69.2074 70.5517 68.8471 67.3285 54.7012 54.4563 51.3577 56.7732 49.8555 49.483 76.4782 99.5683 82.938 76.8001 71.4488 93.7818 79.6496 68.1905 63.7486 54.4703 51.9833 49.1476 54.5217
threshold=2.333523273468018 0.2312811613082886 1.4960296154022219 -0.82770881056785572 -1.1027317643165586 -2.7736335992813106 0.1630542725324631 2.1666909456253056 -1.0234998464584348 -0.19454497843980786 -0.4515079110860824 0.25675491988658911 -0.26496827602386469 0.50077396631240856 -0.16372322291135785 -1.9369999170303343 -1.3584500551223753 -2.7995725870132442 0.29838879406452185 0.50889721512794506 -2.6679034233093257 -1.3153663277626035 -0.8696724772453307 -0.022768524475395676 -2.8792959451675411 -1.5193468928337095 -1.6045604944229124 1.2054969668388369 2.2531436681747441 -2.3805195093154903
decision_type=2 2 2 2 2 2 2 2 2 2 2 2 2 2 2 2 2 2 2 2 2 2 2 2 2 2 2 2 2 2
left_child=1 2 16 7 5 -5 12 8 9 -3 -8 -10 -7 -4 15 -15 21 18 19 -18 -19 22 23 -1 25 -23 -24 -26 29 -2
right_child=28 3 13 4 -6 6 10 -9 11 -11 -12 -13 -14 14 -16 -17 17 20 -20 -21 -22 24 26 -25 27 -27 -28 -29 -30 -31
leaf_value=-0.0070038707454808018 0.020741560860578694 -0.013347385121378464 0.0014018741033771996 -0.015592710048174311 -0.00069779456245668502 0.014107563317512402 -0.00107526174661746 0.0049587359422632454 0.00015681746063859998 -0.0035790253275203546 0.010942867101428388 -0.0045104555624060835 -0.0059966999003656773 -0.0019232479010987064 0.0029701508376154045 0.013343476794636232 -0.0009787539225612383 -0.0052382296549692633 0.016381531041356683 0.018090376529936527 0.00031750068606143842 -0.013974003529121816 -0.0071964690238693306 0.0024972747229936127 -0.0021881546969215663 0 0 0.0074710152838995455 0.0074611301710299626 0.0010135806628576262
leaf_weight=824 114 1180 1536 141 112914 123 483 863 4219 1717 1810 4565 657 174 1222 1678 1338 2237 581 218 222339 829 1895 10788 12819 495 1897 490 2538 3446
leaf_count=824 114 1180 1536 141 112914 123 483 863 4219 1717 1810 4565 657 174 1222 1678 1338 2237 581 218 222339 829 1895 10788 12819 495 1897 490 2538 3446
internal_value=-1.29124e-05 -8.04848e-05 0.000270298 -0.000795261 -0.00055251 0.0044316 0.00554226 -0.00301423 -0.00363638 -0.00772493 0.00829425 -0.0022394 -0.00217798 0.00614565 0.00839465 0.0117437 0.000163166 0.000315782 0.00594421 0.0016982 0.000260363 -0.000978209 0.000431301 0.00178639 -0.00248102 -0.00898133 -0.0036272 -0.00179935 0.00424616 0.00184146
internal_weight=396130 390032 261360 128672 116128 3214 3073 12544 11681 2897 2293 8784 780 4610 3074 1852 256750 226713 2137 1556 224576 30037 15404 11612 14633 1324 3792 13309 6098 3560
internal_count=396130 390032 261360 128672 116128 3214 3073 12544 11681 2897 2293 8784 780 4610 3074 1852 256750 226713 2137 1556 224576 30037 15404 11612 14633 1324 3792 13309 6098 3560
is_linear=0
shrinkage=0.03


Tree=13
num_leaves=31
num_cat=0
split_feature=224 171 17 211 56 95 169 207 58 2 236 230 118 55 58 1 53 216 40 118 179 118 53 278 201 234 37 160 227 292
split_gain=127.717 111.288 155.533 110.847 121.694 105.274 97.9789 82.4511 72.2366 72.0858 159.875 76.2372 66.0639 65.0313 77.0153 164.971 69.8353 59.9265 58.6973 57.2237 83.7929 62.4008 57.2016 57.1316 80.2762 54.4291 62.4535 56.7545 54.4035 51.9327
threshold=2.2015750408172612 0.32327765226364141 1.7675698995590212 -1.492639899253845 -1.0007860660552976 -1.8057335019111631 0.50621655583381664 -1.5348986983299253 0.17986053228378299 -2.6676506996154781 0.4728847742080689 -0.066939916461706148 -1.091858386993408 1.5595589876174929 1.8279981017112734 -2.0957068204879756 -0.32492797076702112 -0.66637945175170887 -0.10459307953715323 -0.15139639377593991 1.2115483880043032 1.0001556873321535 0.064975075423717513 0.55114296078681957 2.1175856590271001 -1.3899353146553037 -2.7701538801193233 -1.5016844272613523 -0.27215443551540369 0.23405489325523379
decision_type=2 2 2 2 2 2 2 2 2 2 2 2 2 2 2 2 2 2 2 2 2 2 2 2 2 2 2 2 2 2
left_child=1 2 13 4 8 -5 -6 18 -3 10 17 22 -4 14 19 -16 -17 -7 -8 20 -1 -21 -11 -14 29 -15 -27 -28 -12 -25
right_child=-2 3 12 5 6 9 7 -9 -10 11 28 -13 23 25 15 16 -18 -19 -20 21 -22 -23 -24 24 -26 26 27 -29 -30 -31
leaf_value=-0.00038171026517625064 0.0044260307377824402 -0.0085293801913323974 -0.0014304257609376277 0.021567880833429882 0.0021526667843574372 -0.022921317859206262 0.019848615570319424 0.00012691233540791349 0.0106309089574139 -0.011826285134723643 0.00043680548206063324 -0.0010339970513591184 0.0013999059393860641 -0.0095874768602303585 -0.016070851842562735 0.0041424963287066555 -0.0048737496864151852 0.0030698916890784006 0 0.00083673061777252069 0.0035798525305663327 -0.0014943085509248964 -0.0030580631946426897 0.02006727223121561 0.0013647647695870545 0.021357793934992514 -0.0020401556542655975 0.0082812076071480667 0.029645329670671329 0
leaf_weight=134858 5709 920 522 163 2197 109 865 397 188 946 102 102290 583 175 797 1362 1705 158 134 119245 4953 11214 2790 910 428 220 692 1262 239 121
leaf_count=134858 5709 920 522 163 2197 109 865 397 188 946 102 102290 583 175 797 1362 1705 158 134 119245 4953 11214 2790 910 428 220 692 1262 239 121
internal_value=-1.97514e-05 -8.57315e-05 0.000233537 -0.000887356 0.003597 -0.00108819 0.00630718 0.0125109 -0.00488155 -0.00112968 0.00895067 -0.00119199 0.00756213 0.000163947 0.000120048 -0.00407111 -0.000771716 -0.00735334 0.0170387 0.000181375 -0.000238729 0.000633862 -0.0054093 0.00999797 0.0131654 0.00511618 0.00651312 0.00449033 0.0222477 0.0176596
internal_weight=396254 390545 279047 111498 4701 106797 3593 1396 1108 106634 608 106026 2564 276483 274134 3864 3067 267 999 270270 139811 130459 3736 2042 1459 2349 2174 1954 341 1031
internal_count=396254 390545 279047 111498 4701 106797 3593 1396 1108 106634 608 106026 2564 276483 274134 3864 3067 267 999 270270 139811 130459 3736 2042 1459 2349 2174 1954 341 1031
is_linear=0
shrinkage=0.03


Tree=14
num_leaves=31
num_cat=0
split_feature=256 102 165 251 158 234 95 234 172 207 58 223 179 222 239 93 57 109 111 216 58 120 51 102 58 193 25 116 288 165
split_gain=119.892 82.4042 62.1089 65.1299 57.4562 57.092 129.323 103.594 100.455 100.905 90.5226 76.2633 65.0885 107.996 140.04 100.231 73.5467 62.7867 132.579 62.3516 66.7209 119.349 60.1658 57.1567 49.5396 68.3194 47.4261 46.2078 45.7723 44.5797
threshold=2.1758346557617192 0.034626873210072524 2.3227868080139165 0.66590711474418651 -2.2447912693023677 -0.69962576031684864 -1.8057335019111631 1.0978788137435915 -0.098494958132505403 -2.8848751783370967 1.5393638014793398 -0.49973808228969568 1.2115483880043032 -1.9606613516807554 -0.089159935712814317 -2.0673936605453487 0.90409964323043834 0.16615468263626101 0.13046919554471972 -0.4459653496742248 -0.92432865500450123 -2.6338411569595332 0.30417995154857641 -0.81507223844528187 -0.85220375657081593 -1.0592593550682066 -1.8635549545288084 -2.4502539634704585 -1.5348362326622007 -1.2755474448204038
decision_type=2 2 2 2 2 2 2 2 2 2 2 2 2 2 2 2 2 2 2 2 2 2 2 2 2 2 2 2 2 2
left_child=1 5 4 -4 -3 8 7 10 12 -10 11 -7 16 14 -14 -15 28 18 -9 20 23 -22 29 -8 25 -6 -24 -27 -1 -21
right_child=-2 2 3 -5 24 6 19 17 9 -11 -12 -13 13 15 -16 -17 -18 -19 -20 22 21 -23 26 -25 -26 27 -28 -29 -30 -31
leaf_value=0.0010711852254931709 0.0043891119081657486 0.011273605626046139 0.0070558526472261828 -0.00066018860658517101 -0.0089745213666773422 0.0054302189550425994 0.0052646038741280404 0.016687154847158745 -0.019553578275980223 -0.0033567908300818666 -0.0087959010473823221 -0.0064429449790355418 0.0050157959361771922 0.017756509592519391 -0.0078067088600369001 0.0038432900108692622 -0.0082475916894326016 0.028130475113232311 -0.0093144788283436586 0.0088046913502141024 -0.014802164231604827 -0.00046284494440583258 -0.01911293743940581 -0.00013833025805308063 -0.00051069560135174968 -0.012590874950662415 -0.00042298542319598852 -0.0013907730208028869 -0.00082414609620785483 0.0012650974643290682
leaf_weight=15655 5538 339 1924 1859 1262 4836 3413 546 385 3232 495 502 1471 561 1536 3060 1053 213 225 708 509 57461 104 3404 139248 328 18309 14609 42009 71086
leaf_count=15655 5538 339 1924 1859 1262 4836 3413 546 385 3232 495 502 1471 561 1536 3060 1053 213 225 708 509 57461 104 3404 139248 328 18309 14609 42009 71086
internal_value=1.34265e-05 -4.8107e-05 -0.000572927 0.0032017 -0.000666912 0.0003135 0.000622259 0.00466481 -0.000406587 -0.00526134 0.00305417 0.00423776 -0.000131748 0.00267527 -0.00144324 0.00616695 -0.000454515 0.0136626 0.00867621 0.000441944 -0.000264407 -0.000598985 0.000952519 0.00253031 -0.000696329 -0.00227095 -0.000565448 -0.00167328 -0.000304195 0.00134606
internal_weight=395880 390342 159569 3783 155786 230773 161811 6817 68962 3617 5833 5338 65345 6628 3007 3621 58717 984 771 154994 64787 57970 90207 6817 155447 16199 18413 14937 57664 71794
internal_count=395880 390342 159569 3783 155786 230773 161811 6817 68962 3617 5833 5338 65345 6628 3007 3621 58717 984 771 154994 64787 57970 90207 6817 155447 16199 18413 14937 57664 71794
is_linear=0
shrinkage=0.03


Tree=15
num_leaves=31
num_cat=0
split_feature=16 122 55 109 210 296 222 299 15 173 171 193 98 218 172 167 284 199 161 290 10 103 116 239 150 57 334 52 279 70
split_gain=89.647 83.2522 131.371 79.9791 69.8763 114.572 80.4862 68.8403 169.869 102.044 65.2797 73.1579 61.3405 72.4051 93.0204 80.592 57.0977 94.1582 57.3842 57.1539 58.1232 54.5888 54.2366 53.9425 52.7452 52.057 49.0894 48.3097 80.353 53.6378
threshold=2.1794495582580571 0.34678214788436895 1.3626052141189577 -2.6630443334579463 -2.122522115707397 2.5096299648284917 -1.9606613516807554 1.5693700909614565 -2.4038200378417964 -0.3265447318553924 2.3900713920593266 0.1438030228018761 -2.2967897653579707 -0.56537517905235279 0.28005404770374304 1.0000000180025095e-35 0.035298109054565437 -0.42573200166225428 0.83834910392761242 1.5507869124412539 -0.6040213108062743 -1.2507100105285642 0.48208618164062506 -0.66230058670043934 0.66449999809265148 0.98748558759689342 -0.01443347195163369 -0.33036780357360834 -0.89238443970680226 0.25671857595443731
decision_type=2 2 2 2 2 2 2 2 2 2 2 2 2 2 2 2 2 2 2 2 2 2 2 2 2 2 2 2 2 2
left_child=1 2 7 21 5 26 25 16 22 -10 11 -6 -5 27 15 -15 19 18 -18 20 -1 -3 -9 -16 -12 -7 -4 29 -29 -14
right_child=-2 3 4 12 10 6 -8 8 9 -11 24 -13 13 14 23 -17 17 -19 -20 -21 -22 -23 -24 -25 -26 -27 -28 28 -30 -31
leaf_value=-0.00017330871440626874 0.003791546160597977 -0.0025228033244609834 0.022267829884221189 0.0128931046052215 0.0027634844381618203 0.0038691051521270374 0.01766563385544765 -0.015846746596960871 0.0042681107048606511 -0.0032484353955241009 0.0020213597752900352 -0.0031119855058497586 -0.00042668674540060486 -0.00090598688905750276 -0.004220872706910103 0.0016923499059541031 -0.0015812022495153861 8.4210371327597612e-05 -0.006204205441283704 0.0088798481214770065 0.0008893808359455097 0.018350052528236651 0.0001964510949507642 -0.0011747751963535132 0.012740816748588738 -0.019615864380436578 0.0029066294739144858 0.0040952224564238682 -0.0045752025822459177 -0.0076063814216671766
leaf_weight=83427 5560 130 511 268 8767 103 104 989 2345 5090 897 2376 1423 22082 6192 20769 18327 62990 2852 704 103008 308 188 38102 913 189 209 1599 2305 3372
leaf_count=83427 5560 130 511 268 8767 103 104 989 2345 5090 897 2376 1423 22082 6192 20769 18327 62990 2852 704 103008 308 188 38102 913 189 209 1599 2305 3372
internal_value=1.5362e-05 -3.78218e-05 0.000212392 -0.000802701 0.00303952 0.0102611 -0.00200307 6.90199e-05 -0.00256649 -0.000832384 0.00237934 0.00148046 -0.000865032 -0.000909314 -0.000644143 0.000346578 0.000153966 -0.000493208 -0.00222316 0.000446669 0.000412266 0.0116603 -0.0130731 -0.00160908 0.00767255 -0.0106533 0.0172836 -0.00352377 -0.000944745 -0.00554861
internal_weight=396099 390539 293989 96550 14069 1116 396 279920 8612 7435 12953 11143 96112 95844 87145 42851 271308 84169 21179 187139 186435 438 1177 44294 1810 292 720 8699 3904 4795
internal_count=396099 390539 293989 96550 14069 1116 396 279920 8612 7435 12953 11143 96112 95844 87145 42851 271308 84169 21179 187139 186435 438 1177 44294 1810 292 720 8699 3904 4795
is_linear=0
shrinkage=0.03


Tree=16
num_leaves=31
num_cat=0
split_feature=93 102 105 286 234 208 39 56 36 115 160 166 228 224 109 279 50 232 112 171 17 113 177 298 162 32 277 234 266 38
split_gain=112.6 95.6628 68.362 65.8859 64.4905 153.937 80.6219 99.1489 89.7784 85.6995 78.8436 100.326 72.3461 88.1264 69.4691 76.0334 64.8699 64.4311 63.798 58.9284 80.5097 60.7756 67.2115 60.5045 56.477 54.3078 43.9959 43.8971 43.1212 42.6246
threshold=2.1760739088058476 0.034626873210072524 -0.89809453487396229 1.0000000180025095e-35 1.2034218907356264 -1.8723338842391966 -2.7727582454681392 0.47915351390838629 -2.3030107021331783 -0.032679080963134759 -1.9091067910194395 -2.0652525424957271 -2.1624335050582881 -1.904671251773834 0.13245876133441928 -1.2970634698867796 0.85073059797286998 -1.1731093525886533 -0.36945211887359614 0.36392135918140417 1.7675698995590212 1.5836644768714907 2.7359638214111333 1.8474021553993227 0.36980712413787847 0.65847966074943554 0.41808980703353887 0.21801624447107318 -0.37326234579086298 -2.2854626178741451
decision_type=2 2 2 2 2 2 2 2 2 2 2 2 2 2 2 2 2 2 2 2 2 2 2 2 2 2 2 2 2 2
left_child=1 4 17 29 6 16 7 9 10 18 -8 -12 25 -14 -7 -16 -6 -3 -1 20 23 22 -21 -5 -19 -10 -22 -11 -23 -4
right_child=-2 2 3 19 5 14 8 -9 12 27 11 -13 13 -15 15 -17 -18 24 -20 21 26 28 -24 -25 -26 -27 -28 -29 -30 -31
leaf_value=-0.0014032231110808222 0.0040937144494191391 -0.0066307697087592847 0.010326376216006908 0.00023318132849341059 0.016814794213764223 -0.003273738529348581 0.00181340053662501 -0.012876583892823559 0.0028893536235754459 0.015624834536162409 -0.010665404135168359 0.012534233626461586 -0.0035470169819479627 0.00025979252955732568 0.023213627092457934 0.0026446002952033067 -0.00096700071011843723 0.0014884493031740104 -0.012195026463197521 -0.0012380118518966047 -0.0084987599726837979 -0.0049511776479825159 -0.013705356496301778 -0.011864483152363041 0.017469637670418044 0.018541086490313233 0.0089970036584103626 -0.0029341690010762402 0.0015572596670144706 -0.0021578952456987118
leaf_weight=3824 5975 218 221 54805 907 1903 4251 813 5699 347 161 1388 5598 202784 161 2406 189 420 567 62296 110 963 377 354 466 197 1312 123 10976 26350
leaf_count=3824 5975 218 221 54805 907 1903 4251 813 5699 347 161 1388 5598 202784 161 2406 189 420 567 62296 110 963 377 354 466 197 1312 123 10976 26350
internal_value=1.28756e-05 -4.90529e-05 -0.000616499 -0.000670672 0.000339389 0.00352798 0.000259139 -0.00326026 0.000351526 -0.0015443 0.00403141 0.00982649 0.000250154 0.000155756 0.000962599 0.00422013 0.0135172 0.00673224 -0.00291373 -0.000391778 0.000334376 -0.000946408 -0.00132214 0.000145832 0.0104251 0.00352394 0.00733646 0.0102341 0.000999801 -0.00203509
internal_weight=396161 390186 158868 157764 231318 5566 225752 5674 220078 4861 5800 1549 214278 208382 4470 2567 1096 1104 4391 131193 56581 74612 62673 55159 886 5896 1422 470 11939 26571
internal_count=396161 390186 158868 157764 231318 5566 225752 5674 220078 4861 5800 1549 214278 208382 4470 2567 1096 1104 4391 131193 56581 74612 62673 55159 886 5896 1422 470 11939 26571
is_linear=0
shrinkage=0.03


Tree=17
num_leaves=31
num_cat=0
split_feature=93 102 81 55 237 268 238 58 1 107 201 55 281 183 177 105 352 131 67 206 93 217 230 200 42 227 42 161 157 111
split_gain=105.407 72.8834 63.6213 62.1577 94.6725 83.9399 78.7804 73.1053 173.384 54.3584 52.2953 96.0841 80.2376 77.4495 59.7258 57.9949 51.4791 49.2423 131.225 75.2164 127.886 73.1204 55.1499 48.8685 53.0245 44.6867 42.6422 41.1537 40.1623 36.9704
threshold=2.1760739088058476 0.070214025676250472 -2.8265633583068843 1.5595589876174929 0.087026532739400878 -2.096550345420837 -0.82770881056785572 1.8279981017112734 -2.0957068204879756 -0.16818626224994657 -0.68490511178970326 1.0993738770484927 0.76592501997947704 -2.6765742301940914 -0.5009748339653014 -1.1202151775360105 -0.012701375409960745 -1.7109590768814085 -2.3728659152984615 -2.8811228275299068 -2.3701983690261836 -0.82726836204528797 0.86531308293342601 -1.3218416571617124 0.98659223318099987 1.3272150158882143 2.2372614145278935 0.21520838141441348 -0.88884949684143055 0.78671517968177807
decision_type=2 2 2 2 2 2 2 2 2 2 2 2 2 2 2 2 2 2 2 2 2 2 2 2 2 2 2 2 2 2
left_child=1 3 -3 7 5 -5 28 17 -9 -10 11 12 14 -12 -4 -15 26 19 -19 20 -1 -20 -21 -13 -25 -17 -2 29 -6 -8
right_child=16 2 10 4 6 -7 27 8 9 -11 13 23 -14 15 -16 25 -18 18 21 22 -22 -23 -24 24 -26 -27 -28 -29 -30 -31
leaf_value=0.00031869982507939248 0.0020767821180205709 0.015447034238762146 -0.0071060587855705983 0.025623536862247904 -0.016595125014751643 0.0046243206442723389 0.005972580280943684 -0.014781880753270358 0.0022344453301163573 -0.0058777586841664347 0.021687940691374769 0.0087224582727354217 -0.0093318984066099505 0.010674854197766107 -0.00085646116494980987 -0.00068174139359093375 0.0017362542808047336 -0.019815272459942402 -0.00078687775088249134 0.002136590369797194 -0.013149824411821394 0.00050535686333153527 0.010946299737659622 0.0030781861569109978 -0.011143830961126061 0.00091232220253523015 0.011150122328167237 -0.0093046263067788175 3.3493334485683589e-05 -0.00010046849317903144
leaf_weight=4053 882 202 1824 287 275 519 2506 956 2265 1075 122 856 1885 399 6060 122389 3793 276 53201 17578 724 150950 666 871 298 18012 1296 195 172 1254
leaf_count=4053 882 202 1824 287 275 519 2506 956 2265 1075 122 856 1885 399 6060 122389 3793 276 53201 17578 724 150950 666 871 298 18012 1296 195 172 1254
internal_value=1.7542e-05 -4.23785e-05 -0.000553603 0.000286295 0.00352488 0.0129043 0.00168908 0.000211922 -0.00365096 -0.000306678 -0.000578751 -0.00250113 -0.00374789 -0.000415404 -0.00235461 -0.000439764 0.00396714 0.000286517 0.00013671 0.00160251 -0.00170636 0.000167092 0.00248625 0.00334465 -0.000421425 -0.000475002 0.00766461 0.00310899 -0.00982683 0.00387797
internal_weight=395841 389870 152918 236952 5208 806 4402 231744 4296 3340 152716 11794 9769 140922 7884 140800 5971 227448 204427 23021 4777 204151 18244 2025 1169 140401 2178 3955 447 3760
internal_count=395841 389870 152918 236952 5208 806 4402 231744 4296 3340 152716 11794 9769 140922 7884 140800 5971 227448 204427 23021 4777 204151 18244 2025 1169 140401 2178 3955 447 3760
is_linear=0
shrinkage=0.03


Tree=18
num_leaves=31
num_cat=0
split_feature=93 171 198 37 295 186 108 233 236 50 93 0 110 9 57 52 237 89 5 235 163 46 16 55 298 76 58 57 299 57
split_gain=104.097 80.3667 108.609 88.871 113.622 85.4972 180.961 75.7193 89.0101 72.7786 67.2695 65.3061 64.4235 58.0021 56.4648 56.4198 56.1647 52.8941 51.9286 49.1326 44.9807 41.8708 41.7276 41.6815 66.2579 58.4877 106.941 50.4611 50.0536 46.8631
threshold=2.1760739088058476 0.32327765226364141 1.7428400516510012 -1.7641520500183103 -0.88816520571708668 -2.3598543405532832 0.20379517972469333 0.78239730000495922 -2.6221102476119991 0.60957986116409313 -1.8317224979400633 1.0603368878364565 -0.70437869429588307 -1.9107580184936521 -0.79508292675018299 0.16411220282316211 1.4292320013046267 -0.40133555233478541 0.38976231217384344 -0.031625963747501366 -0.73861631751060475 0.60384780168533336 0.22267571091651919 1.5595589876174929 0.98720377683639537 -2.3969330787658687 1.8279981017112734 -0.22546489536762235 -1.9662250280380247 -0.10511890426278113
decision_type=2 2 2 2 2 2 2 2 2 2 2 2 2 2 2 2 2 2 2 2 2 2 2 2 2 2 2 2 2 2
left_child=1 2 23 4 -3 6 9 10 -9 20 -7 14 -6 17 -4 -14 -17 -8 -16 -10 -5 -13 -2 24 29 26 -26 -27 -25 -1
right_child=22 3 11 5 12 7 13 8 19 -11 -12 21 15 -15 18 16 -18 -19 -20 -21 -22 -23 -24 28 25 27 -28 -29 -30 -31
leaf_value=-8.000216984922332e-05 0.013351445913892536 -0.0055071215272844568 0 0.013050564790544424 -0.00099436117938736762 -0.014869583865266921 0.015137022124313818 -0.01803794903826552 0.0043427392116420676 -0.015659710824264927 -0.0016492967872269156 0 0 0.035457467388101467 0.0002758558450845956 0.015675483658153095 -0.00025840495730463032 -0.004596534270290149 0.028201975009691873 -0.00024745901006012456 -0.0030287232350938087 0.010352946106087457 0.0031898761906988568 -0.010338185834573872 0.0017311165803041686 -0.013584233085173371 -0.017160731070083587 -0.00095892496391830715 0.005427115524917152 0.00073574435501996154
leaf_weight=149269 399 745 158 210 525 335 575 229 2169 274 54686 1114 381 116 103 1180 194 117 281 49995 426 529 5526 167 443 276 569 13728 2219 109412
leaf_count=149269 399 745 158 210 525 335 575 229 2169 274 54686 1114 381 116 103 1180 194 117 281 49995 426 529 5526 167 443 276 569 13728 2219 109412
internal_value=2.69537e-05 -3.22751e-05 0.000240179 -0.000710847 0.00432854 -0.000854049 0.0057226 -0.000963075 -0.000140459 -0.00317541 -0.00174061 0.00687566 0.00769277 0.0159408 0.0158875 0.0104424 0.0132391 0.0113438 0.0218384 -4.92566e-05 0.00205918 0.00356707 0.00396725 0.000186083 0.000150375 -0.00178308 -0.0087269 -0.00124816 0.00412222 0.000263897
internal_weight=396350 390425 278268 112157 3025 109132 1718 107414 52393 910 55021 2185 2280 808 542 1755 1374 692 384 52164 636 1643 5925 276083 273697 15016 1012 14004 2386 258681
internal_count=396350 390425 278268 112157 3025 109132 1718 107414 52393 910 55021 2185 2280 808 542 1755 1374 692 384 52164 636 1643 5925 276083 273697 15016 1012 14004 2386 258681
is_linear=0
shrinkage=0.03


Tree=19
num_leaves=31
num_cat=0
split_feature=256 102 55 224 155 188 190 112 229 239 212 232 239 253 238 98 218 30 179 32 105 161 28 166 119 296 110 114 64 232
split_gain=96.2108 76.0287 66.7771 67.4788 105.427 134.021 83.2381 71.7199 71.4817 68.7064 67.8341 69.3595 69.3855 65.9473 75.1621 65.056 60.1879 57.2429 78.0372 65.961 59.3967 57.9726 57.1672 95.8939 68.8894 65.5348 52.5977 47.9604 44.8354 59.2907
threshold=2.1758346557617192 0.070214025676250472 1.3626052141189577 -2.822744488716125 -2.7758511304855342 -2.7275099754333492 -2.3890525102615352 -0.23083166033029553 -2.1491907835006709 -2.4862945079803462 -2.8728189468383785 0.064058564603328719 -0.043836833909153931 -1.892154812812805 -2.8115612268447872 2.2045792341232304 -2.7995725870132442 -0.36144590377807612 -0.17051301151514051 -0.69534456729888905 -1.3279594182968137 0.54872661828994762 -1.5033318996429441 -0.93082016706466664 -1.302559971809387 2.5096299648284917 -0.44910064339637751 1.8646413087844851 1.6889347434043886 1.7830892205238345
decision_type=2 2 2 2 2 2 2 2 2 2 2 2 2 2 2 2 2 2 2 2 2 2 2 2 2 2 2 2 2 2
left_child=1 2 3 10 6 9 7 -5 -7 -6 13 12 -12 14 -1 16 -3 18 21 -20 -19 -18 23 24 -4 -26 -22 -17 -2 -30
right_child=28 15 22 4 5 8 -8 -9 -10 -11 11 -13 -14 -15 -16 27 17 20 19 -21 26 -23 -24 -25 25 -27 -28 -29 29 -31
leaf_value=-0.012024392628094653 0.0085097330862621869 0.013238496579941023 -0.012536000217307266 0.014196894100309889 0.00443880828289936 0.0035554717318269967 0 -0.004473131222583312 0.00015002399819604576 -0.0079431676420441185 0.0010872478836587514 0.015241707702950748 -0.0096295132193400853 -0.023570555930765454 -0.00073108556535673801 0.00033019641024780491 -0.0034651022989486907 0.014382501130958996 0.0034731956483707175 -0.0026690596237739892 -0.0026522842822452107 -0.010763905730325065 0.0010609006470976379 0.01423742438439838 0.0097379640610394634 -0.0041383836663171514 -0.00042966173884416393 0.00758614012951353 -0.00078288524894598566 0.006344403778883176
leaf_weight=866 1412 255 224 1151 430 5689 982 183 212855 2612 2205 224 687 184 1486 2113 4370 217 2385 4466 10434 1358 4640 946 819 432 126620 1426 2410 1757
leaf_count=866 1412 255 224 1151 430 5689 982 183 212855 2612 2205 224 687 184 1486 2113 4370 217 2385 4466 10434 1358 4640 946 819 432 126620 1426 2410 1757
internal_value=-5.29531e-05 -0.000109715 0.00022677 0.000136878 0.000219972 0.000151736 0.00656294 0.0113859 0.000240362 -0.00607739 -0.00309115 -2.23095e-05 -0.00140417 -0.0067148 -0.00508205 -0.000629823 -0.000726428 -0.000753957 -0.00269584 -0.000483243 -0.000573458 -0.00527913 0.00309815 0.00683907 0.00176643 0.00472038 -0.000601422 0.00336439 0.00385025 0.00216661
internal_weight=395838 390259 236615 229554 223902 221586 2316 1334 218544 3042 5652 3116 2892 2536 2352 153644 150105 149850 12579 6851 137271 5728 7061 2421 1475 1251 137054 3539 5579 4167
internal_count=395838 390259 236615 229554 223902 221586 2316 1334 218544 3042 5652 3116 2892 2536 2352 153644 150105 149850 12579 6851 137271 5728 7061 2421 1475 1251 137054 3539 5579 4167
is_linear=0
shrinkage=0.03


Tree=20
num_leaves=31
num_cat=0
split_feature=137 122 55 58 1 109 37 44 199 236 152 263 253 119 113 218 52 238 290 52 220 293 239 178 20 55 93 115 13 57
split_gain=86.1089 76.9921 87.9164 74.4111 130.206 74.2019 71.834 67.1412 115.312 97.9895 63.6615 85.4233 73.2978 70.9468 63.5893 60.5464 87.5997 73.0644 58.6423 58.4016 74.4741 56.8997 55.5589 51.4422 49.9155 48.1121 47.3402 46.6903 45.8736 44.9293
threshold=2.2026889324188237 0.34678214788436895 1.3626052141189577 1.8279981017112734 -2.0957068204879756 -2.6630443334579463 -2.2992532253265376 0.14162825793027881 -0.38708876073360438 -2.0546247959136958 1.2211137413978579 -0.83602726459503163 -1.425030469894409 -0.23740843683481214 0.92925339937210094 -0.52251198887825001 0.19721148908138278 0.17015187442302707 1.367582440376282 -0.33036780357360834 -0.876815766096115 -1.4945802688598631 -0.75500366091728199 -2.0620833635330196 2.1666909456253056 -1.3277851343154905 -2.8427271842956539 -2.4864702224731441 0.072024974972009673 -0.19415335357189176
decision_type=2 2 2 2 2 2 2 2 2 2 2 2 2 2 2 2 2 2 2 2 2 2 2 2 2 2 2 2 2 2
left_child=1 2 3 7 26 -3 -7 18 21 -10 11 13 -13 14 -4 19 17 -17 23 -8 -21 -9 -18 -1 29 -20 -5 -26 -14 -2
right_child=24 5 10 4 -6 6 15 8 9 -11 -12 12 28 -15 -16 16 22 -19 25 20 -22 -23 -24 -25 27 -27 -28 -29 -30 -31
leaf_value=-0.0027790414559387068 0 0.011275682659616636 -0.0063514000811613798 0 -0.0010115855421309182 0.014967615242458123 -0.0052811685871836473 0.01302618330438385 -0.011709379468867466 0.00022709847337954749 0.008037466016955928 -0.016582673815674073 0.0020366093418620296 0.0072234677033880638 0.0071870880279831387 -0.00059824810491753387 -0.0042913452527738125 0.0020751694303221312 -0.0060734589429775132 0.0043755877551347024 -0.0036288590353811072 -0.0027920981099277607 -0.001102146821462821 0.00046002229243038441 0.019048662367074386 0.010260689077574504 -0.016569304499718791 0.0010581557308414629 -0.0028921803118377009 0.011420355479216538
leaf_weight=4471 495 434 779 198 3837 236 5249 181 606 52448 1665 218 4931 3364 484 23666 5662 14929 159 1665 2705 19224 42206 197236 118 892 777 3820 2549 1128
leaf_count=4471 495 434 779 198 3837 236 5249 181 606 52448 1665 218 4931 3364 484 23666 5662 14929 159 1665 2705 19224 42206 197236 118 892 777 3820 2549 1128
internal_value=6.89567e-06 -4.51881e-05 0.000195564 7.84217e-05 -0.00360982 -0.000779796 -0.000839561 0.000144256 -0.000637806 8.07426e-05 0.00251545 0.00173336 -0.000167587 0.00494765 -0.000898267 -0.000884616 -0.000628691 0.000428631 0.000425254 -0.00314786 -0.000504732 -0.00261585 -0.00148728 0.00038647 0.00370762 0.0074422 -0.0133075 0.00176656 0.000313766 0.00815593
internal_weight=396332 390771 294019 280029 4812 96752 96318 275217 72459 53054 13990 12325 7698 4627 1263 96082 86463 38595 202758 9619 4370 19405 47868 201707 5561 1051 975 3938 7480 1623
internal_count=396332 390771 294019 280029 4812 96752 96318 275217 72459 53054 13990 12325 7698 4627 1263 96082 86463 38595 202758 9619 4370 19405 47868 201707 5561 1051 975 3938 7480 1623
is_linear=0
shrinkage=0.03


Tree=21
num_leaves=31
num_cat=0
split_feature=93 122 55 83 58 57 178 64 44 268 236 172 39 155 169 293 188 278 98 292 227 109 258 190 239 56 175 227 297 193
split_gain=82.1163 78.9665 78.9024 66.0362 92.5543 70.9864 68.3073 63.0945 62.8967 114.284 74.7815 81.4395 67.8042 101.255 64.6259 61.0798 60.7277 60.0522 70.6114 73.6722 91.5414 78.3999 70.2798 54.0512 52.7822 57.0715 49.6251 47.0433 45.8495 45.8042
threshold=2.1760739088058476 0.34678214788436895 1.3626052141189577 -1.0368190407752989 -0.78700542449951161 -0.13340981304645536 -1.4492217302322385 -0.88695183396339405 0.14162825793027881 -1.2745618820190427 -2.0546247959136958 -1.3105232715606687 -2.7727582454681392 -2.7758511304855342 -1.4763786196708677 -1.2350063323974607 -2.7275099754333492 -2.2926497459411617 -0.63276243209838856 0.13305830955505374 -0.16846317797899243 -2.6630443334579463 1.5247979760169985 -2.3890525102615352 -0.66230058670043934 -0.79246520996093739 -2.2517732381820674 -0.13465000689029691 0.24822633713483813 0.1438030228018761
decision_type=2 2 2 2 2 2 2 2 2 2 2 2 2 2 2 2 2 2 2 2 2 2 2 2 2 2 2 2 2 2
left_child=1 2 8 4 5 -4 -5 -8 12 15 -11 -12 14 23 26 -10 -15 -3 -19 20 21 -20 -22 -14 25 -21 -1 -16 -17 -9
right_child=-2 17 3 6 -6 -7 7 29 9 10 11 -13 13 16 27 28 -18 18 19 24 22 -23 -24 -25 -26 -27 -28 -29 -30 -31
leaf_value=-0.0011418819751356766 0.0034805318244261257 0.012866165085982244 0.0097873749287439842 0.020519988600533667 0.0075218795858968904 -0.0099971492002077864 -0.0050648781342657679 0.0033594248826183792 0.011479833588228745 -0.010410074036829559 0.013958960085057877 -0.00042610520471654783 0.012130976516934905 -0.0037902592769124455 0.003722424325721051 -0.011905491109956038 0.00044109934978392575 -0.0036850236284246222 0.015382080251822271 0.0022512382060320547 0.0011245913343542386 -0.001490581608813858 0.0069066430210262377 0.00019661487002863107 -0.00094826287477965134 -0.0049170584170525377 -0.0086132026262317404 -0.0091646687482521173 -0.0029288192223925007 -0.0014002830689884779
leaf_weight=1546 5977 266 203 139 3554 520 1448 5149 122 654 335 69588 1000 3068 1517 1325 196361 7289 229 1123 18650 16739 2126 593 44791 6023 1926 278 1026 2688
leaf_count=1546 5977 266 203 139 3554 520 1448 5149 122 654 335 69588 1000 3068 1517 1325 196361 7289 229 1123 18650 16739 2126 593 44791 6023 1926 278 1026 2688
internal_value=-2.50613e-06 -5.67924e-05 0.000188201 0.00241 0.00550787 -0.00392446 0.000963611 0.000595127 7.79877e-05 -0.000676989 -0.000449329 -0.000348926 0.00034683 0.000436294 -0.00299966 -0.00699811 0.000374127 -0.000798101 -0.000841322 -0.00060608 0.000396337 -0.00122737 0.00173677 0.00793188 -0.00134021 -0.00374555 -0.0053979 0.00148226 -0.00817226 0.00168931
internal_weight=396253 390276 293040 13701 4277 723 9424 9285 279339 73050 70577 69923 206289 201022 5267 2473 199429 97236 96970 89681 37744 16968 20776 1593 51937 7146 3472 1795 2351 7837
internal_count=396253 390276 293040 13701 4277 723 9424 9285 279339 73050 70577 69923 206289 201022 5267 2473 199429 97236 96970 89681 37744 16968 20776 1593 51937 7146 3472 1795 2351 7837
is_linear=0
shrinkage=0.03


Tree=22
num_leaves=31
num_cat=0
split_feature=292 171 197 30 175 105 230 239 215 204 65 176 236 224 106 119 55 119 230 113 174 231 53 298 118 27 173 78 326 216
split_gain=87.2197 89.1385 115.102 80.4766 110.986 77.2407 73.9999 68.5551 64.5225 66.4311 116.614 64.3537 55.3015 46.1698 51.2772 68.0498 45.7949 55.8778 45.5362 60.1303 56.4126 44.0349 45.1419 41.7884 41.571 49.1357 43.7867 38.5057 59.2391 58.7844
threshold=1.8492414355278017 0.32327765226364141 1.7439115643501284 -1.3626124262809751 -0.48774291574954981 -0.064068917185068117 -0.066939916461706148 0.14449939131736758 -1.6212641000747678 -1.8935660719871519 -2.3557987213134761 2.0207360982894902 1.181547284126282 1.1942512392997744 1.1932695508003237 -0.89116060733795155 2.4666055440902714 0.39499117434024816 -0.30923344194889063 0.30317740142345434 0.44818577170372015 -0.23524028062820432 -0.19234982877969739 0.64766529202461254 -1.6801402568817136 1.0096212029457095 -0.064614586532115922 -1.5549469590187071 -0.01932660490274429 1.4903786778450014
decision_type=2 2 2 2 2 2 2 2 2 2 2 2 2 2 2 2 2 2 2 2 2 2 2 2 2 2 2 2 2 2
left_child=1 2 13 4 23 16 21 27 -8 12 -11 -7 -10 14 18 -16 17 -6 19 -1 -20 -5 -23 -3 -4 -26 -27 28 -2 -29
right_child=7 3 24 6 5 11 8 -9 9 10 -12 -13 -14 -15 15 -17 -18 -19 20 -21 -22 22 -24 -25 25 26 -28 29 -30 -31
leaf_value=-0.00010398856769499845 0 -0.0075161647130071001 -0.0035496720273324564 0.0024423535069206925 0.0055037683909389011 -0.0042931899588019443 0.014738512219064661 0.00029550896238492202 -0.013789090453674277 0.012075332547437721 -0.00087664075979535297 0.015717663846943258 0.0017020993343564671 0.0040717998561729859 -0.017854165400891936 -0.0016214101146060547 -0.0046984080836381722 0.015441085428806506 0.0007745408034938937 -0.003616748504843564 -0.0012355873897642155 -0.015953875568465753 -0.0049280485673405859 0.0095274604300893562 -0.00045430414245596954 0.013594189795345227 0.0032167892030024788 0.00083170533865912957 0.022013038406346705 0.0072061867924485415
leaf_weight=137092 166 972 276 510 1585 938 217 6316 622 607 94867 148 253 2676 301 1056 188 894 116564 4522 13961 414 2658 117 442 1171 676 2746 262 2692
leaf_count=137092 166 972 276 510 1585 938 217 6316 622 607 94867 148 253 2676 301 1056 188 894 116564 4522 13961 414 2658 117 442 1171 676 2746 262 2692
internal_value=2.05842e-05 -5.80494e-05 0.000221733 -0.000803599 0.00295071 0.00543258 -0.000988662 0.00251813 -0.000827299 -0.000868521 -0.000788642 -0.00105995 -0.00903679 0.000161629 0.000121979 -0.00564693 0.00817619 0.0093024 0.00015226 -0.000218771 0.000557082 -0.00522678 -0.00660456 -0.00527572 0.00652572 0.00789072 0.0100319 0.00485114 0.0136387 0.0040571
internal_weight=395909 383727 278737 104990 4842 3753 100148 12182 96566 96349 95474 1086 875 276172 273496 1357 2667 2479 272139 141614 130525 3582 3072 1089 2565 2289 1847 5866 428 5438
internal_count=395909 383727 278737 104990 4842 3753 100148 12182 96566 96349 95474 1086 875 276172 273496 1357 2667 2479 272139 141614 130525 3582 3072 1089 2565 2289 1847 5866 428 5438
is_linear=0
shrinkage=0.03


Tree=23
num_leaves=31
num_cat=0
split_feature=51 51 203 238 239 219 41 232 223 230 296 113 229 187 23 13 238 81 230 41 215 286 320 296 293 298 354 162 54 150
split_gain=74.6379 66.9495 123.422 74.8383 63.442 53.6221 104.366 54.2964 53.2388 53.0399 58.7785 52.6518 51.6594 53.5166 73.5629 54.5927 48.4617 47.8338 46.9226 57.9443 55.0491 50.9904 45.841 79.33 70.6235 44.122 45.9456 43.8328 55.5981 57.8575
threshold=2.3126844167709355 0.16235266625881198 1.4960296154022219 -0.82770881056785572 -0.24191074818372724 -1.3056336045265196 -1.9375566244125364 0.62816163897514354 -0.033763427287340157 0.06379838660359384 1.1125923395156863 0.062886629253625884 -0.10099418461322783 -1.2408332824707029 -2.1105872392654415 -1.5511755943298338 1.9708123803138735 -1.4125700592994688 -0.38384005427360529 -0.13986543565988538 -0.25541365146636957 0.37330499291419988 -0.023559244349598881 -2.4093514680862422 -2.5113228559494014 -1.6484938859939573 -0.0073391417972743503 -1.0000000180025095e-35 -0.83481884002685536 1.1055786013603213
decision_type=2 2 2 2 2 2 2 2 2 2 2 2 2 2 2 2 2 2 2 2 2 2 2 2 2 2 2 2 2 2
left_child=1 2 18 9 -2 6 -5 -8 -4 10 -3 -10 16 14 -14 -15 17 -7 19 22 -21 -22 24 -24 -1 26 -11 -20 -29 -30
right_child=4 3 8 5 -6 12 7 -9 11 25 -12 -13 13 15 -16 -17 -18 -19 27 20 21 -23 23 -25 -26 -27 -28 28 29 -31
leaf_value=-0.0082296526066159472 0.0068673373848648425 -0.0082565729437099628 -3.3677840386986613e-05 -0.0050376936363941537 0.00058540541236895885 -0.0090084038599501284 0.003118597994577507 0.013280661141698036 0.0094252395319290774 0.0045607254628184987 0.0078495028497917313 1.6792615869381101e-06 -0.0086058290024528146 -0.014504900464568392 0.0035539151233568798 -0.00037764586559816521 0.0096765728701314994 -0.0021278849975143108 0.0011328274730587492 -0.0046160667731245239 -0.0014934987801317979 0.0027679901438475022 0.0044434303558170164 6.3301463753765867e-05 -0.00062218215920442751 -0.0027997563948891431 -0.0039723124359671135 -0.003272043833891606 7.0716865073008897e-06 0.0047764495817590397
leaf_weight=1424 2574 2185 1141 859 3547 1059 1405 806 2409 1676 190 766 457 228 5384 109145 251 7973 63218 4341 17248 2902 3863 93953 5059 8673 804 4371 45429 2398
leaf_count=1424 2574 2185 1141 859 3547 1059 1405 806 2409 1676 190 766 457 228 5384 109145 251 7973 63218 4341 17248 2902 3863 93953 5059 8673 804 4371 45429 2398
internal_value=7.45169e-06 -4.35096e-05 0.000251964 -0.000566039 0.00328969 -0.000338144 0.00355524 0.0070434 0.00527125 -0.00268924 -0.00678804 0.00725985 -0.000437117 -0.000260536 0.00252523 -0.000412485 -0.0025912 -0.00298589 0.000161602 -0.000230367 -0.00154348 -0.00086275 7.53342e-05 0.000240223 -0.00235948 -0.00177897 0.00166472 0.000601555 -3.63225e-05 0.00025437
internal_weight=395738 389617 248522 141095 6121 127567 3070 2211 4316 13528 2375 3175 124497 115214 5841 109373 9283 9032 244206 128790 24491 20150 104299 97816 6483 11153 2480 115416 52198 47827
internal_count=395738 389617 248522 141095 6121 127567 3070 2211 4316 13528 2375 3175 124497 115214 5841 109373 9283 9032 244206 128790 24491 20150 104299 97816 6483 11153 2480 115416 52198 47827
is_linear=0
shrinkage=0.03


Tree=24
num_leaves=31
num_cat=0
split_feature=93 171 197 211 170 179 30 95 233 148 176 325 260 57 128 315 225 298 36 167 179 234 17 177 109 16 54 93 222 239
split_gain=82.5192 70.6805 102.252 75.5124 90.1453 70.5764 65.2716 62.8683 60.2213 53.6459 52.8889 52.2245 51.724 48.8149 47.8634 45.0779 44.6123 56.6128 44.2249 139.438 123.013 89.7376 82.9731 78.8708 62.6448 44.211 43.0866 36.0742 35.7839 35.4087
threshold=2.1760739088058476 0.32327765226364141 1.7439115643501284 -1.492639899253845 -0.51135677099227894 -0.20024258643388745 -2.0860697031021114 -1.8057335019111631 0.78239730000495922 1.0149776935577395 -1.5346689224243162 0.0033621420152485375 2.1675293445587163 1.5411393046379092 -1.8932243585586546 -0.022763087414205071 -0.1691341623663902 0.45968952775001531 -2.3030107021331783 -1.7050449252128599 0.94244402647018444 1.0083577036857607 -2.7882635593414302 2.0521214008331303 -2.0519698858261104 0.22267571091651919 -1.9436312317848203 -2.8427271842956539 1.3273589015007021 0.71748080849647533
decision_type=2 2 2 2 2 2 2 2 2 2 2 2 2 2 2 2 2 2 2 2 2 2 2 2 2 2 2 2 2 2
left_child=1 2 15 4 -3 6 27 -5 11 -4 -10 13 -11 -9 -8 26 17 -7 19 21 -21 -17 23 -20 -24 -2 -1 -6 -12 -18
right_child=25 3 9 7 5 16 14 8 10 12 28 -13 -14 -15 -16 18 29 -19 22 20 -22 -23 24 -25 -26 -27 -28 -29 -30 -31
leaf_value=-0.008623369387324548 0.013180568564060446 -0.010305205199815747 -0.0019367909912837229 0.016698972988684384 1.5676683404400375e-05 0.0041731369005165858 0.012584254851120863 -0.0016649828732668869 -0.014346625899341194 0.012008293381538129 -0.00048691419891723221 0.0014097189729189261 0.00026601767379811009 -0.0067184474429991875 -0.001502883080066641 -0.0017197032851838619 0.0042943428603036699 0.014092918274731848 -0.0080830177004938067 0.0036877104790351951 0.017014338335610429 0.017651562155391435 0.0031755636807187996 0.01293632317725679 0.00011435304186468493 0.0027352295728527813 -0.0012153529908824885 -0.016406956609656895 0.0014190713664643548 -0.010649245920445102
leaf_weight=905 395 385 474 162 138 1288 301 48053 215 1303 41038 4709 526 1814 572 5184 472 1043 1716 3229 792 203 6155 149 254153 5532 3663 293 11267 181
leaf_count=905 395 385 474 162 138 1288 301 48053 215 1303 41038 4709 526 1814 572 5184 472 1043 1716 3229 792 203 6155 149 254153 5532 3663 293 11267 181
internal_value=1.60055e-05 -3.66608e-05 0.000218461 -0.000673936 0.00303748 0.00434738 -0.00127119 -0.000838967 -0.00087141 0.00648964 -0.00013982 -0.00156964 0.008833 -0.00185744 0.00319131 0.000164609 0.00689466 0.00882145 0.000215436 0.00223631 0.00645806 -0.000871655 0.000141608 -0.00612514 0.000188126 0.00352378 -0.00277959 -0.010716 -7.02277e-05 0
internal_weight=396310 390383 278452 111931 4673 4288 1304 107258 107096 2303 52520 54576 1829 49867 873 276149 2984 2331 271581 9408 4021 5387 262173 1865 260308 5927 4568 431 52305 653
internal_count=396310 390383 278452 111931 4673 4288 1304 107258 107096 2303 52520 54576 1829 49867 873 276149 2984 2331 271581 9408 4021 5387 262173 1865 260308 5927 4568 431 52305 653
is_linear=0
shrinkage=0.03


end of trees

feature_importances:
CLOSE4=23
CLOSE1=18
OPEN26=17
OPEN17=17
VWAP1=14
CLOSE2=13
LOW7=12
LOW0=11
CLOSE3=10
OPEN6=10
LOW15=10
LOW1=10
OPEN7=9
HIGH10=9
LOW9=9
LOW5=9
LOW3=9
CLOSE22=8
CLOSE20=8
CLOSE7=8
LOW21=8
LOW2=8
CLOSE31=7
CLOSE8=7
OPEN10=7
HIGH6=7
HIGH0=7
LOW14=7
VWAP13=7
VWAP0=7
CLOSE9=6
OPEN19=6
HIGH21=6
HIGH8=6
HIGH7=6
LOW51=6
LOW12=6
LOW6=6
CLOSE43=5
CLOSE6=5
CLOSE5=5
OPEN21=5
OPEN14=5
OPEN4=5
OPEN0=5
HIGH42=5
HIGH18=5
HIGH12=5
LOW49=5
LOW46=5
VWAP3=5
CLOSE36=4
CLOSE23=4
CLOSE18=4
CLOSE15=4
CLOSE11=4
OPEN29=4
OPEN24=4
OPEN8=4
OPEN5=4
OPEN1=4
HIGH24=4
HIGH17=4
HIGH13=4
HIGH2=4
LOW32=4
LOW11=4
LOW10=4
LOW4=4
VWAP2=4
CLOSE58=3
CLOSE54=3
CLOSE46=3
CLOSE42=3
CLOSE29=3
OPEN34=3
OPEN18=3
OPEN9=3
OPEN3=3
HIGH57=3
HIGH22=3
HIGH14=3
HIGH3=3
HIGH1=3
LOW48=3
LOW42=3
LOW40=3
LOW39=3
LOW34=3
LOW29=3
LOW27=3
LOW23=3
LOW17=3
VWAP46=3
VWAP10=3
VWAP9=3
VWAP7=3
VWAP6=3
VWAP4=3
CLOSE57=2
CLOSE48=2
CLOSE39=2
CLOSE32=2
CLOSE27=2
CLOSE19=2
CLOSE17=2
CLOSE16=2
CLOSE10=2
OPEN55=2
OPEN49=2
OPEN38=2
OPEN36=2
HIGH59=2
HIGH56=2
HIGH48=2
HIGH29=2
HIGH27=2
HIGH19=2
HIGH15=2
HIGH5=2
HIGH4=2
LOW52=2
LOW47=2
LOW45=2
LOW38=2
LOW36=2
LOW33=2
LOW31=2
LOW28=2
LOW24=2
LOW20=2
LOW19=2
LOW16=2
LOW13=2
LOW8=2
VWAP48=2
VWAP43=2
VWAP31=2
VWAP27=2
VWAP22=2
VWAP21=2
VWAP20=2
VWAP19=2
VWAP15=2
VWAP11=2
VWAP8=2
VOLUME39=2
VOLUME7=2
CLOSE59=1
CLOSE50=1
CLOSE49=1
CLOSE47=1
CLOSE45=1
CLOSE44=1
CLOSE37=1
CLOSE34=1
CLOSE26=1
CLOSE21=1
CLOSE13=1
CLOSE12=1
OPEN58=1
OPEN54=1
OPEN53=1
OPEN52=1
OPEN51=1
OPEN48=1
OPEN47=1
OPEN43=1
OPEN41=1
OPEN30=1
OPEN22=1
OPEN16=1
OPEN13=1
OPEN12=1
OPEN11=1
OPEN2=1
HIGH58=1
HIGH55=1
HIGH51=1
HIGH44=1
HIGH43=1
HIGH36=1
HIGH34=1
HIGH33=1
HIGH31=1
HIGH26=1
HIGH16=1
HIGH9=1
LOW56=1
LOW54=1
LOW53=1
LOW41=1
LOW35=1
LOW22=1
LOW18=1
VWAP58=1
VWAP57=1
VWAP41=1
VWAP39=1
VWAP38=1
VWAP36=1
VWAP33=1
VWAP30=1
VWAP29=1
VWAP26=1
VWAP25=1
VWAP24=1
VWAP18=1
VWAP17=1
VWAP16=1
VWAP14=1
VOLUME58=1
VOLUME44=1
VOLUME34=1
VOLUME33=1
VOLUME32=1
VOLUME25=1
VOLUME5=1

parameters:
[boosting: gbdt]
[objective: regression]
[metric: l2]
[tree_learner: serial]
[device_type: gpu]
[data_sample_strategy: bagging]
[data: ]
[valid: ]
[num_iterations: 500]
[learning_rate: 0.03]
[num_leaves: 31]
[num_threads: 12]
[seed: 20260813]
[deterministic: 0]
[force_col_wise: 1]
[force_row_wise: 0]
[histogram_pool_size: -1]
[max_depth: 7]
[min_data_in_leaf: 100]
[min_sum_hessian_in_leaf: 0.001]
[bagging_fraction: 0.8]
[pos_bagging_fraction: 1]
[neg_bagging_fraction: 1]
[bagging_freq: 1]
[bagging_seed: 20260813]
[bagging_by_query: 0]
[feature_fraction: 0.8]
[feature_fraction_bynode: 1]
[feature_fraction_seed: 20260813]
[extra_trees: 0]
[extra_seed: 13549]
[early_stopping_round: 0]
[early_stopping_min_delta: 0]
[first_metric_only: 0]
[max_delta_step: 0]
[lambda_l1: 10]
[lambda_l2: 20]
[linear_lambda: 0]
[min_gain_to_split: 0]
[drop_rate: 0.1]
[max_drop: 50]
[skip_drop: 0.5]
[xgboost_dart_mode: 0]
[uniform_drop: 0]
[drop_seed: 11866]
[top_rate: 0.2]
[other_rate: 0.1]
[min_data_per_group: 100]
[max_cat_threshold: 32]
[cat_l2: 10]
[cat_smooth: 10]
[max_cat_to_onehot: 4]
[top_k: 20]
[monotone_constraints: ]
[monotone_constraints_method: basic]
[monotone_penalty: 0]
[feature_contri: ]
[forcedsplits_filename: ]
[refit_decay_rate: 0.9]
[cegb_tradeoff: 1]
[cegb_penalty_split: 0]
[cegb_penalty_feature_lazy: ]
[cegb_penalty_feature_coupled: ]
[path_smooth: 0]
[interaction_constraints: ]
[verbosity: 1]
[saved_feature_importance_type: 0]
[use_quantized_grad: 0]
[num_grad_quant_bins: 4]
[quant_train_renew_leaf: 0]
[stochastic_rounding: 1]
[linear_tree: 0]
[max_bin: 63]
[max_bin_by_feature: ]
[min_data_in_bin: 3]
[bin_construct_sample_cnt: 200000]
[data_random_seed: 20260812]
[is_enable_sparse: 1]
[enable_bundle: 1]
[use_missing: 1]
[zero_as_missing: 0]
[feature_pre_filter: 1]
[pre_partition: 0]
[two_round: 0]
[header: 0]
[label_column: ]
[weight_column: ]
[group_column: ]
[ignore_column: ]
[categorical_feature: ]
[forcedbins_filename: ]
[precise_float_parser: 0]
[parser_config_file: ]
[objective_seed: 16743]
[num_class: 1]
[is_unbalance: 0]
[scale_pos_weight: 1]
[sigmoid: 1]
[boost_from_average: 1]
[reg_sqrt: 0]
[alpha: 0.9]
[fair_c: 1]
[poisson_max_delta_step: 0.7]
[tweedie_variance_power: 1.5]
[lambdarank_truncation_level: 30]
[lambdarank_norm: 1]
[label_gain: ]
[lambdarank_position_bias_regularization: 0]
[eval_at: ]
[multi_error_top_k: 1]
[auc_mu_weights: ]
[num_machines: 1]
[local_listen_port: 12400]
[time_out: 120]
[machine_list_filename: ]
[machines: ]
[gpu_platform_id: 0]
[gpu_device_id: 0]
[gpu_use_dp: 1]
[num_gpu: 1]

end of parameters

pandas_categorical:null
