tree
version=v4
num_class=1
num_tree_per_iteration=1
label_index=0
max_feature_idx=359
objective=regression
feature_names=CLOSE59 CLOSE58 CLOSE57 CLOSE56 CLOSE55 CLOSE54 CLOSE53 CLOSE52 CLOSE51 CLOSE50 CLOSE49 CLOSE48 CLOSE47 CLOSE46 CLOSE45 CLOSE44 CLOSE43 CLOSE42 CLOSE41 CLOSE40 CLOSE39 CLOSE38 CLOSE37 CLOSE36 CLOSE35 CLOSE34 CLOSE33 CLOSE32 CLOSE31 CLOSE30 CLOSE29 CLOSE28 CLOSE27 CLOSE26 CLOSE25 CLOSE24 CLOSE23 CLOSE22 CLOSE21 CLOSE20 CLOSE19 CLOSE18 CLOSE17 CLOSE16 CLOSE15 CLOSE14 CLOSE13 CLOSE12 CLOSE11 CLOSE10 CLOSE9 CLOSE8 CLOSE7 CLOSE6 CLOSE5 CLOSE4 CLOSE3 CLOSE2 CLOSE1 CLOSE0 OPEN59 OPEN58 OPEN57 OPEN56 OPEN55 OPEN54 OPEN53 OPEN52 OPEN51 OPEN50 OPEN49 OPEN48 OPEN47 OPEN46 OPEN45 OPEN44 OPEN43 OPEN42 OPEN41 OPEN40 OPEN39 OPEN38 OPEN37 OPEN36 OPEN35 OPEN34 OPEN33 OPEN32 OPEN31 OPEN30 OPEN29 OPEN28 OPEN27 OPEN26 OPEN25 OPEN24 OPEN23 OPEN22 OPEN21 OPEN20 OPEN19 OPEN18 OPEN17 OPEN16 OPEN15 OPEN14 OPEN13 OPEN12 OPEN11 OPEN10 OPEN9 OPEN8 OPEN7 OPEN6 OPEN5 OPEN4 OPEN3 OPEN2 OPEN1 OPEN0 HIGH59 HIGH58 HIGH57 HIGH56 HIGH55 HIGH54 HIGH53 HIGH52 HIGH51 HIGH50 HIGH49 HIGH48 HIGH47 HIGH46 HIGH45 HIGH44 HIGH43 HIGH42 HIGH41 HIGH40 HIGH39 HIGH38 HIGH37 HIGH36 HIGH35 HIGH34 HIGH33 HIGH32 HIGH31 HIGH30 HIGH29 HIGH28 HIGH27 HIGH26 HIGH25 HIGH24 HIGH23 HIGH22 HIGH21 HIGH20 HIGH19 HIGH18 HIGH17 HIGH16 HIGH15 HIGH14 HIGH13 HIGH12 HIGH11 HIGH10 HIGH9 HIGH8 HIGH7 HIGH6 HIGH5 HIGH4 HIGH3 HIGH2 HIGH1 HIGH0 LOW59 LOW58 LOW57 LOW56 LOW55 LOW54 LOW53 LOW52 LOW51 LOW50 LOW49 LOW48 LOW47 LOW46 LOW45 LOW44 LOW43 LOW42 LOW41 LOW40 LOW39 LOW38 LOW37 LOW36 LOW35 LOW34 LOW33 LOW32 LOW31 LOW30 LOW29 LOW28 LOW27 LOW26 LOW25 LOW24 LOW23 LOW22 LOW21 LOW20 LOW19 LOW18 LOW17 LOW16 LOW15 LOW14 LOW13 LOW12 LOW11 LOW10 LOW9 LOW8 LOW7 LOW6 LOW5 LOW4 LOW3 LOW2 LOW1 LOW0 VWAP59 VWAP58 VWAP57 VWAP56 VWAP55 VWAP54 VWAP53 VWAP52 VWAP51 VWAP50 VWAP49 VWAP48 VWAP47 VWAP46 VWAP45 VWAP44 VWAP43 VWAP42 VWAP41 VWAP40 VWAP39 VWAP38 VWAP37 VWAP36 VWAP35 VWAP34 VWAP33 VWAP32 VWAP31 VWAP30 VWAP29 VWAP28 VWAP27 VWAP26 VWAP25 VWAP24 VWAP23 VWAP22 VWAP21 VWAP20 VWAP19 VWAP18 VWAP17 VWAP16 VWAP15 VWAP14 VWAP13 VWAP12 VWAP11 VWAP10 VWAP9 VWAP8 VWAP7 VWAP6 VWAP5 VWAP4 VWAP3 VWAP2 VWAP1 VWAP0 VOLUME59 VOLUME58 VOLUME57 VOLUME56 VOLUME55 VOLUME54 VOLUME53 VOLUME52 VOLUME51 VOLUME50 VOLUME49 VOLUME48 VOLUME47 VOLUME46 VOLUME45 VOLUME44 VOLUME43 VOLUME42 VOLUME41 VOLUME40 VOLUME39 VOLUME38 VOLUME37 VOLUME36 VOLUME35 VOLUME34 VOLUME33 VOLUME32 VOLUME31 VOLUME30 VOLUME29 VOLUME28 VOLUME27 VOLUME26 VOLUME25 VOLUME24 VOLUME23 VOLUME22 VOLUME21 VOLUME20 VOLUME19 VOLUME18 VOLUME17 VOLUME16 VOLUME15 VOLUME14 VOLUME13 VOLUME12 VOLUME11 VOLUME10 VOLUME9 VOLUME8 VOLUME7 VOLUME6 VOLUME5 VOLUME4 VOLUME3 VOLUME2 VOLUME1 VOLUME0
feature_infos=[-4.4904155731201172:12.207799911499023] [-4.5232486724853516:12.317498207092285] [-4.5596213340759277:12.828096389770508] [-4.6336784362792969:11.230463981628418] [-4.6511387825012207:9.5628328323364258] [-4.7200074195861816:11.414474487304688] [-4.6992378234863281:9.6098718643188477] [-4.8582911491394043:9.3752841949462891] [-4.9000072479248047:11.028009414672852] [-4.896306037902832:11.904008865356445] [-4.9988784790039062:14.104987144470215] [-5.0850915908813477:14.119842529296875] [-5.0747823715209961:13.772034645080566] [-5.1256499290466309:16.204652786254883] [-5.2347016334533691:13.829370498657227] [-5.2960891723632812:14.420330047607422] [-5.2903070449829102:12.201403617858887] [-5.2237458229064941:11.266861915588379] [-5.377655029296875:10.175777435302734] [-5.3856625556945801:9.7804374694824219] [-5.4613652229309082:8.7506103515625] [-5.4363861083984375:8.6125421524047852] [-5.5281996726989746:10.193233489990234] [-5.6301445960998535:12.366391181945801] [-5.6593670845031738:12.926149368286133] [-5.7637081146240234:15.240093231201172] [-5.8010082244873047:12.846419334411621] [-5.9480853080749512:13.291098594665527] [-6.008112907409668:15.886442184448242] [-5.9089851379394531:18.826955795288086] [-5.9339718818664551:22.135293960571289] [-6.0201334953308105:19.116195678710938] [-5.7380666732788086:16.326665878295898] [-5.8209037780761719:19.41926383972168] [-5.7307333946228027:16.624153137207031] [-5.9011273384094238:17.179410934448242] [-6.0772461891174316:14.563096046447754] [-6.1608285903930664:13.83275032043457] [-6.3581118583679199:12.99347972869873] [-6.4696846008300781:13.138708114624023] [-6.7489876747131348:12.596780776977539] [-6.9109148979187012:12.885946273803711] [-6.8769254684448242:13.091307640075684] [-6.9186525344848633:13.254171371459961] [-7.1225705146789551:13.551502227783203] [-7.2040390968322754:13.064685821533203] [-7.4665942192077637:13.749843597412109] [-7.6629085540771484:13.28919792175293] [-8.0684852600097656:12.57823371887207] [-8.5505504608154297:12.936747550964355] [-9.04193115234375:13.933615684509277] [-9.5043439865112305:13.491730690002441] [-10.170346260070801:13.854236602783203] [-10.937721252441406:12.984281539916992] [-11.082827568054199:18.256818771362305] [-12.073580741882324:15.396571159362793] [-13.290007591247559:13.083724975585938] [-12.767669677734375:11.748091697692871] [-9.9642553329467773:14.820465087890625] [0:1] [-4.5060877799987793:10.705911636352539] [-4.4776420593261719:10.959723472595215] [-4.515477180480957:11.38120174407959] [-4.5564994812011719:10.736789703369141] [-4.625274658203125:9.7896089553833008] [-4.6482138633728027:10.053220748901367] [-4.7114391326904297:9.4435482025146484] [-4.7027239799499512:9.4323110580444336] [-4.8496193885803223:9.6716413497924805] [-4.9042034149169922:9.3488006591796875] [-4.9245200157165527:12.511114120483398] [-4.9960603713989258:12.523300170898438] [-5.0765318870544434:12.193946838378906] [-5.0853605270385742:14.438279151916504] [-5.155064582824707:13.691545486450195] [-5.2324051856994629:12.763317108154297] [-5.3199162483215332:12.066287040710449] [-5.2885246276855469:10.058550834655762] [-5.2236328125:9.9871940612792969] [-5.3762741088867188:8.426274299621582] [-5.425600528717041:8.7311592102050781] [-5.4177160263061523:7.4519734382629395] [-5.3963432312011719:8.3741331100463867] [-5.5605716705322266:10.789878845214844] [-5.6501178741455078:11.296235084533691] [-5.6563630104064941:13.41217041015625] [-5.7210769653320312:12.685262680053711] [-5.7975735664367676:11.593866348266602] [-5.9451594352722168:13.167995452880859] [-5.9782185554504395:16.678976058959961] [-5.9085993766784668:19.713329315185547] [-5.9347414970397949:18.833087921142578] [-5.9563493728637695:16.093364715576172] [-5.7373237609863281:17.154552459716797] [-5.7753462791442871:16.340280532836914] [-5.7046017646789551:15.01935863494873] [-5.9531879425048828:14.277485847473145] [-6.1118583679199219:12.828607559204102] [-6.1671147346496582:12.212607383728027] [-6.3014988899230957:12.68026065826416] [-6.4790725708007812:12.905065536499023] [-6.7568697929382324:12.641118049621582] [-6.8751320838928223:12.868398666381836] [-6.8767905235290527:13.12968635559082] [-6.9294295310974121:13.376042366027832] [-7.0387058258056641:13.59478759765625] [-7.2207942008972168:13.078981399536133] [-7.5001106262207031:13.548933029174805] [-7.6675534248352051:13.344855308532715] [-8.1018466949462891:12.726864814758301] [-8.5933170318603516:13.178141593933105] [-8.9368419647216797:14.152790069580078] [-9.4647960662841797:12.235870361328125] [-10.281223297119141:10.901738166809082] [-10.901007652282715:11.066193580627441] [-11.103601455688477:13.903392791748047] [-12.210824012756348:11.473542213439941] [-13.163003921508789:12.69507884979248] [-12.045253753662109:13.387150764465332] [-11.330784797668457:13.05804443359375] [-4.4694552421569824:12.364547729492188] [-4.5065441131591797:12.475584030151367] [-4.5342764854431152:12.552258491516113] [-4.614220142364502:11.467157363891602] [-4.6605353355407715:9.7191200256347656] [-4.7014274597167969:11.157842636108398] [-4.6744346618652344:9.7485008239746094] [-4.7516059875488281:9.3603830337524414] [-4.8161330223083496:10.770561218261719] [-4.879483699798584:11.628432273864746] [-4.950554370880127:13.794612884521484] [-5.0396823883056641:13.809728622436523] [-5.0407071113586426:13.465097427368164] [-5.1080689430236816:15.858750343322754] [-5.1834869384765625:13.516513824462891] [-5.2806301116943359:14.091922760009766] [-5.2730488777160645:11.90185546875] [-5.1841301918029785:11.404111862182617] [-5.260861873626709:10.971304893493652] [-5.3813142776489258:10.426162719726562] [-5.4248251914978027:9.5054302215576172] [-5.4215583801269531:8.9862470626831055] [-5.4711065292358398:9.9189023971557617] [-5.5930747985839844:12.057721138000488] [-5.6625690460205078:12.601513862609863] [-5.7410435676574707:14.864160537719727] [-5.7670345306396484:12.517831802368164] [-5.8784995079040527:12.960195541381836] [-6.0144743919372559:15.515985488891602] [-5.9076542854309082:18.397211074829102] [-5.9397273063659668:21.642131805419922] [-5.9762492179870605:18.663383483886719] [-5.7502484321594238:15.929986953735352] [-5.8212075233459473:18.964868545532227] [-5.6945705413818359:16.203899383544922] [-5.7385001182556152:16.747577667236328] [-6.0227470397949219:15.105884552001953] [-6.1280398368835449:13.969944953918457] [-6.3203849792480469:13.583281517028809] [-6.4115762710571289:13.272178649902344] [-6.6393833160400391:12.917142868041992] [-6.9075002670288086:12.775017738342285] [-6.8597655296325684:12.863348960876465] [-6.9257116317749023:13.397958755493164] [-7.0508217811584473:13.689351081848145] [-7.1778035163879395:13.560194969177246] [-7.4344058036804199:13.299524307250977] [-7.6260838508605957:13.969143867492676] [-7.8991255760192871:13.379057884216309] [-8.4126701354980469:13.358641624450684] [-8.9342136383056641:13.383628845214844] [-9.3077974319458008:14.836186408996582] [-9.9708642959594727:13.20805549621582] [-10.729340553283691:12.717198371887207] [-10.871740341186523:17.252283096313477] [-11.412809371948242:14.353494644165039] [-12.802080154418945:12.82408332824707] [-12.016819953918457:17.571023941040039] [-8.8328723907470703:16.732889175415039] [-0.9664994478225708:20.277704238891602] [-4.509951114654541:10.970551490783691] [-4.4893026351928711:10.572331428527832] [-4.5212345123291016:11.663507461547852] [-4.6033682823181152:11.011089324951172] [-4.6560182571411133:9.5434284210205078] [-4.6723294258117676:10.316717147827148] [-4.7199673652648926:9.7006664276123047] [-4.8146672248840332:9.3147363662719727] [-4.8514189720153809:9.9389581680297852] [-4.8982100486755371:9.6126041412353516] [-4.9627609252929688:12.835577011108398] [-5.0531826019287109:12.846935272216797] [-5.0791473388671875:12.513778686523438] [-5.0944623947143555:14.802810668945312] [-5.1988992691040039:14.052196502685547] [-5.2982311248779297:13.111536979675293] [-5.3243680000305176:12.409426689147949] [-5.2925944328308105:10.36540412902832] [-5.3336315155029297:9.5021562576293945] [-5.3936553001403809:8.678898811340332] [-5.4276752471923828:8.1166858673095703] [-5.4547786712646484:7.4885468482971191] [-5.4678592681884766:8.3379850387573242] [-5.6112656593322754:11.115287780761719] [-5.7098345756530762:11.634455680847168] [-5.7502040863037109:13.802389144897461] [-5.7573409080505371:13.060978889465332] [-5.8767204284667969:11.949478149414062] [-6.0333976745605469:13.344522476196289] [-6.0230088233947754:17.147287368774414] [-5.9386749267578125:20.259696960449219] [-5.9732193946838379:19.366657257080078] [-6.0415310859680176:16.565855026245117] [-5.8352794647216797:17.650793075561523] [-5.842282772064209:16.832828521728516] [-5.8002214431762695:15.490848541259766] [-6.0294156074523926:14.7484130859375] [-6.2035160064697266:12.3193359375] [-6.2449593544006348:11.640876770019531] [-6.3707242012023926:12.700116157531738] [-6.6030707359313965:12.507758140563965] [-6.8974943161010742:12.737316131591797] [-6.9426660537719727:12.919164657592773] [-6.8843932151794434:13.194018363952637] [-6.9864888191223145:13.271907806396484] [-7.1765751838684082:12.282461166381836] [-7.3374285697937012:12.516636848449707] [-7.5778088569641113:13.330254554748535] [-7.8059706687927246:11.930482864379883] [-8.3610620498657227:11.968048095703125] [-8.7595834732055664:12.861322402954102] [-9.2837324142456055:13.049732208251953] [-9.9335489273071289:10.72990894317627] [-10.472552299499512:10.996842384338379] [-11.284056663513184:10.400058746337891] [-11.82917594909668:15.071050643920898] [-13.020894050598145:12.20367431640625] [-14.091683387756348:9.2834072113037109] [-17.09532356262207:9.6776962280273438] [-18.621809005737305:0.97749477624893188] [-4.4851565361022949:11.250247001647949] [-4.4998044967651367:11.140832901000977] [-4.5257129669189453:12.130561828613281] [-4.6108927726745605:10.811211585998535] [-4.6575088500976562:9.3570899963378906] [-4.695035457611084:10.758352279663086] [-4.7102055549621582:9.5577478408813477] [-4.7844686508178711:9.3146648406982422] [-4.8468632698059082:10.375532150268555] [-4.8921751976013184:10.64986515045166] [-4.9702982902526855:13.342713356018066] [-5.0465164184570312:13.356831550598145] [-5.0750961303710938:13.01786994934082] [-5.108086109161377:15.364109039306641] [-5.2056975364685059:13.80452823638916] [-5.2899789810180664:13.63185977935791] [-5.3154764175415039:12.174280166625977] [-5.2443265914916992:10.149846076965332] [-5.3128485679626465:10.191084861755371] [-5.3990697860717773:9.0887775421142578] [-5.4501681327819824:8.7674388885498047] [-5.4283246994018555:8.075596809387207] [-5.4640283584594727:8.9648656845092773] [-5.6155581474304199:11.617894172668457] [-5.6817092895507812:12.15272331237793] [-5.7364325523376465:14.375732421875] [-5.7794094085693359:12.817586898803711] [-5.8947405815124512:12.484643936157227] [-6.0207681655883789:14.530891418457031] [-5.9752917289733887:17.823141098022461] [-5.9518251419067383:21.013839721679688] [-5.9984264373779297:19.063619613647461] [-5.8605942726135254:16.288663864135742] [-5.8234906196594238:18.369888305664062] [-5.769096851348877:16.566127777099609] [-5.8080649375915527:16.17707633972168] [-6.0472779273986816:14.500238418579102] [-6.1795253753662109:12.158082008361816] [-6.3032870292663574:12.574977874755859] [-6.4212551116943359:13.015398979187012] [-6.6533603668212891:12.803818702697754] [-6.9075193405151367:12.833154678344727] [-6.9041876792907715:12.909438133239746] [-6.9317159652709961:13.225727081298828] [-7.0699520111083984:13.564881324768066] [-7.1657681465148926:13.076746940612793] [-7.4217629432678223:12.957056045532227] [-7.6558694839477539:13.652429580688477] [-7.9180240631103516:12.703413963317871] [-8.4232568740844727:12.459072113037109] [-8.9301271438598633:13.267132759094238] [-9.3723907470703125:14.0672607421875] [-10.001141548156738:11.75190258026123] [-10.776379585266113:10.828951835632324] [-11.225838661193848:13.92197322845459] [-11.705896377563477:15.008130073547363] [-13.201790809631348:12.156516075134277] [-13.247754096984863:12.385733604431152] [-12.01241397857666:11.325177192687988] [-11.108595848083496:12.819646835327148] [-0.023151803761720657:320.79556274414062] [-0.023552883416414261:342.58062744140625] [-0.024514675140380859:319.25338745117188] [-0.025893921032547951:317.08056640625] [-0.025641471147537231:420.46987915039062] [-0.036820705980062485:140.58912658691406] [-0.019704068079590797:399.36898803710938] [-0.027579342946410179:149.06684875488281] [-0.032341785728931427:134.7333984375] [-0.029248002916574478:155.65849304199219] [-0.026169661432504654:319.512939453125] [-0.024268930777907372:351.22409057617188] [-0.02471037395298481:370.87823486328125] [-0.022950077429413795:385.64321899414062] [-0.022395225241780281:386.80337524414062] [-0.023825481534004211:379.16131591796875] [-0.015462658368051052:198.29983520507812] [-0.023323949426412582:336.31124877929688] [-0.015774592757225037:234.04183959960938] [-0.018414083868265152:277.28448486328125] [-0.025623979046940804:413.89871215820312] [-0.026942715048789978:458.59365844726562] [-0.022823723033070564:376.15072631835938] [-0.03072655200958252:352.529052734375] [-0.026520777493715286:444.79776000976562] [-0.02059701643884182:385.6285400390625] [-0.026999535039067268:455.86917114257812] [-0.022171834483742714:371.3687744140625] [-0.016349649056792259:462.75802612304688] [-0.024673076346516609:413.50241088867188] [-0.018979929387569427:379.58163452148438] [-0.014445589855313301:267.478759765625] [-0.035802990198135376:390.68917846679688] [-0.019427074119448662:289.63323974609375] [-0.022304005920886993:333.93392944335938] [-0.02372928149998188:377.6591796875] [-0.0097173424437642097:128.033935546875] [-0.022759448736906052:340.16921997070312] [-0.010578911751508713:124.95587921142578] [-0.020813301205635071:412.00271606445312] [-0.013653680682182312:173.86936950683594] [-0.011283853091299534:157.67851257324219] [-0.01480985339730978:225.16484069824219] [-0.017652995884418488:297.6595458984375] [-0.0095784598961472511:167.72279357910156] [-0.011939272284507751:135.77664184570312] [-0.017059490084648132:362.34173583984375] [-0.016829557716846466:191.77696228027344] [-0.012630914337933064:248.39170837402344] [-0.013145782984793186:433.60562133789062] [-0.018381858244538307:197.36744689941406] [-0.0091012157499790192:187.41542053222656] [-0.019375069066882133:449.85595703125] [-0.033517889678478241:157.14990234375] [-0.011998369358479977:467.15005493164062] [-0.010289213620126247:490.4542236328125] [-0.019199203699827194:267.81991577148438] [-0.018684670329093933:212.38313293457031] [-0.047170400619506836:526.06732177734375] [0:1]
tree_sizes=3060 3077 3075 3089 3046 3064 3045 3065 3062 3086 3112 3095 3098 3093 3053 3098 3088 3083 3130 3110 3097 3082 3062 3067

Tree=0
num_leaves=31
num_cat=0
split_feature=93 102 158 116 237 238 39 157 7 299 228 52 236 58 225 159 286 172 167 232 286 115 232 5 40 52 175 58 293 36
split_gain=243.968 197.723 109.368 102.737 112.188 130.817 95.6065 164.636 94.7661 123.249 95.0862 85.654 80.8839 91.2948 78.5159 69.2309 67.8373 67.7804 67.1377 129.136 97.9733 65.718 62.8817 62.0008 59.1496 133.068 58.3659 57.3186 54.6386 48.1288
threshold=2.1760739088058476 0.034626873210072524 -2.2447912693023677 1.3771627545356753 0.087026532739400878 -1.1192860603332517 -2.7727582454681392 -2.2615153789520259 -2.7245597839355464 -1.9662250280380247 -2.1624335050582881 1.5786629915237429 -2.0546247959136958 -0.37518627941608423 -1.2206845879554746 0.2588926255702973 0.033954957500100143 0.28005404770374304 -1.5075362920761106 -0.78901270031929005 0.77224764227867138 1.0090592503547671 2.2337603569030766 -0.2200798615813255 -1.9547688364982603 -1.697303771972656 1.9910348057746889 1.0809099078178408 0.031289828941226012 -1.2111281752586363
decision_type=2 2 2 2 2 2 2 2 2 2 2 2 2 2 2 2 2 2 2 2 2 2 2 2 2 2 2 2 2 2
left_child=1 3 -3 6 11 -6 18 24 9 -9 -10 26 13 23 15 -14 -16 -18 21 20 -20 27 28 -4 -8 -26 -5 -1 -2 -13
right_child=22 2 12 4 5 -7 7 8 10 -11 -12 29 14 -15 16 -17 17 -19 19 -21 -22 -23 -24 -25 25 -27 -28 -29 -30 -31
leaf_value=-0.0045629772439925356 0.0093977400187671232 0.01533461381576625 -0.023057973263534218 2.9889168611091881e-09 -0.013716290055235798 0.0036332772133805757 0.0038625578886241551 0.0091442759115098644 0.0045376169744360713 -0.0079215991208686082 0.00032638726757551017 0.035869459663300053 -0.0035133076876116406 0.0016591618337807269 -0.0021883617652250905 0.015350620037843512 0.00027346714771820941 -0.0011386571572573794 0.01097407406321111 -0.012142806071363395 -0.010423054828100358 0.013427476173415314 0.010726075228254642 -0.0071118164875054353 0.030291580150165819 0.0054631939047463393 0.016786380979630953 -0.014674422584336332 0.0015571798859890017 0.0050060329917585873
leaf_weight=3080 1149 352 315 460 395 5648 4604 422 4937 2330 205274 184 225 695 28996 480 50574 76282 961 421 209 128 1842 1053 254 875 301 649 2986 100
leaf_count=3080 1149 352 315 460 395 5648 4604 422 4937 2330 205274 184 225 695 28996 480 50574 76282 961 421 209 128 1842 1053 254 875 301 649 2986 100
internal_value=3.74292e-05 -5.40954e-05 -0.000869186 0.000505009 0.00406042 0.00240824 0.000390887 0.000490016 0.000353194 -0.00514935 0.000427141 0.0131083 -0.000908964 -0.00680226 -0.000828532 0.00898559 -0.000875998 -0.000573363 -0.00352075 0.00150448 0.00678881 -0.00566808 0.00604282 -0.0112791 0.00550146 0.0117402 0.00696828 -0.0064717 0.0038428 0.0270332
internal_weight=396181 390204 158972 231232 7088 6043 224144 218696 212963 2752 210211 1045 158620 2063 156557 705 155852 126856 5448 1591 1170 3857 5977 1368 5733 1129 761 3729 4135 284
internal_count=396181 390204 158972 231232 7088 6043 224144 218696 212963 2752 210211 1045 158620 2063 156557 705 155852 126856 5448 1591 1170 3857 5977 1368 5733 1129 761 3729 4135 284
is_linear=0
shrinkage=1


Tree=1
num_leaves=31
num_cat=0
split_feature=93 282 55 39 97 188 239 28 234 289 218 169 112 286 201 285 55 41 239 280 226 208 235 149 232 53 296 54 122 110
split_gain=227.17 149.827 109.66 109.664 144.088 113.936 124.176 100.125 163.482 95.4568 86.1825 82.1126 88.9737 85.1169 79.6005 97.7897 91.7507 98.3351 85.5109 79.2289 93.5482 70.9296 70.6113 68.777 68.6035 74.2026 66.2305 65.3181 64.9066 64.838
threshold=2.1760739088058476 0.069969281554222121 1.3626052141189577 -2.7727582454681392 -2.3016828298568721 -2.7275099754333492 -2.4862945079803462 -2.0874266624450679 0.54592877626419078 -2.0390588045120235 -2.7995725870132442 -1.4763786196708677 -0.74228534102439869 0.90716660022735607 -0.58737233281135548 -0.9554176628589629 1.0993738770484927 0.45600666105747228 0.60488566756248485 -1.9650712609291074 -0.71008473634719838 0.66077989339828502 2.2795815467834477 -2.8570214509963985 1.7830892205238345 0.032436391338706023 2.5096299648284917 -1.3456165790557859 -2.6582832336425777 0.79849278926849376
decision_type=2 2 2 2 2 2 2 2 2 2 2 2 2 2 2 2 2 2 2 2 2 2 2 2 2 2 2 2 2 2
left_child=1 2 3 11 19 6 -6 8 26 -7 -3 23 13 -13 16 21 17 18 -12 -5 -21 -16 -10 -1 25 -2 -4 -19 -17 -27
right_child=24 10 7 4 5 9 -8 -9 22 -11 14 12 -14 -15 15 28 -18 27 -20 20 -22 -23 -24 -25 -26 29 -28 -29 -30 -31
leaf_value=-0.010514428713104432 0.0087927230926587111 0.018079774374556209 0.0064742934927283051 0.002969861612686002 0.0084712366406509473 0.004137245155947945 -0.0087212823350244911 0.0023437481893782896 0.025112323981726654 0.00024512766224805331 -0.0039140676567903697 0.009077518728031744 -0.0067215253043188842 -0.012044969118709109 -0.0018195503544485459 0.020141203198998942 0.0024194890300785316 0.011035395736348905 0.0031176930889850567 0.014405025811643282 -0.0073848660730470254 0.019008519666870161 0.0031640199710182442 -0.0018922105526666261 0.0096067082971151713 0.0078480341862675815 -0.015790460020489991 -0.008011610226596938 -0.00067900553970118662 -0.0035637804357193633
leaf_weight=1892 1214 196 265 4235 420 5823 2247 5727 587 210618 5046 1099 812 174 191 114 2312 138 2185 1214 175 373 219 1669 2537 597 180 4662 137682 1596
leaf_count=1892 1214 196 265 4235 420 5823 2247 5727 587 210618 5046 1099 812 174 191 114 2312 138 2185 1214 175 373 219 1669 2537 597 180 4662 137682 1596
internal_value=2.32958e-05 -6.47429e-05 0.000406195 0.000292385 0.000397486 0.000274102 -0.00585925 0.00410917 0.0117911 0.000351597 -0.000797733 -0.00382471 0.000773734 0.00581672 -0.000826292 -0.000602797 -0.00295751 -0.004018 -0.00174516 0.00513333 0.0113809 0.0116206 0.0197329 -0.00659021 0.00583463 0.00289857 -0.00217832 -0.00735825 -0.000656684 -0.000278731
internal_weight=396199 390255 237356 230378 224732 219108 2667 6978 1251 216441 152899 5646 2085 1273 152703 138360 14343 12031 7231 5624 1389 564 806 3561 5944 3407 445 4800 137796 2193
internal_count=396199 390255 237356 230378 224732 219108 2667 6978 1251 216441 152899 5646 2085 1273 152703 138360 14343 12031 7231 5624 1389 564 806 3561 5944 3407 445 4800 137796 2193
is_linear=0
shrinkage=0.03


Tree=2
num_leaves=31
num_cat=0
split_feature=210 102 55 237 146 102 275 23 273 289 238 158 44 298 5 299 292 50 64 164 116 289 17 178 286 163 53 111 229 6
split_gain=194.352 139.803 131.061 114.623 126.488 104.903 132.313 174.574 122.57 103.774 96.1092 91.1821 68.4402 68.8577 69.0055 67.7128 65.2312 63.904 59.1308 59.0174 58.7608 58.3251 57.0382 57.0009 51.838 48.2076 68.2966 45.5025 45.3119 45.046
threshold=2.1490887403488164 0.034626873210072524 1.3626052141189577 0.087026532739400878 -1.8383888006210325 -2.7753888368606563 -2.3390052318572994 -2.8471940755844112 -2.0663049221038814 -1.7330580949783323 -1.0090452432632444 -2.2447912693023677 -1.1192616224288938 -0.55441385507583607 -0.58289694786071766 -0.88464236259460438 0.72300103306770336 0.85073059797286998 -1.5857792496681211 2.3197757005691533 -0.86147338151931752 -2.0390588045120235 -2.1186892986297603 0.32333198189735418 0.90716660022735607 1.8224998116493227 -0.095936823636293397 -0.44401697814464564 0.92076471447944652 -0.035432737320661538
decision_type=2 2 2 2 2 2 2 2 2 2 2 2 2 2 2 2 2 2 2 2 2 2 2 2 2 2 2 2 2 2
left_child=1 2 5 4 -4 9 16 8 -8 18 -5 27 -13 14 15 -14 22 -12 -1 20 -15 -9 -7 24 -11 26 -2 -3 -28 -20
right_child=25 11 3 10 -6 6 7 21 -10 23 17 12 13 19 -16 -17 -18 -19 29 -21 -22 -23 -24 -25 -26 -27 28 -29 -30 -31
leaf_value=-0.0085951732517404941 0.0092518410151817883 -3.500153709735189e-05 0.025279258384111377 -0.010693243537162545 0.0034509748608419462 0.007472780382656698 -0.00033776059602569537 0.0032454423048531729 -0.016596673882559195 0.0093336516726714534 0.005822804883904421 0.011831569606511612 -0.010060150395774002 0.0024987114334264256 -0.0015995680891439257 -0.0018894229100635152 -0.014378110321876185 -0.0013021614701534713 0.0035725526029691148 0.0040817932709561492 -0.00079014408158522296 0.00022210542341190631 0.0010008530679540826 -0.0038121172786863039 -0.01067372798215507 0.0074637062330622523 0.0041803677644886112 0.020581893474313682 -0.0063331689494171717 -0.01170120015124063
leaf_weight=2951 699 106 453 414 574 3785 823 5910 918 906 3996 361 1893 5028 21348 1976 129 1482 732 2369 125816 204915 1988 755 103 3735 579 249 874 206
leaf_count=2951 699 106 453 414 574 3785 823 5910 918 906 3996 361 1893 5028 21348 1976 129 1482 732 2369 125816 204915 1988 755 103 3735 579 249 874 206
internal_value=-1.31572e-05 -9.56724e-05 0.000374741 0.00443791 0.0136647 0.000247581 0.00035339 0.000228662 -0.0091723 -0.00377551 0.0027381 -0.000780441 -0.00081702 -0.000849224 -0.00229013 -0.00599546 0.00477901 0.00384295 -0.00652192 -0.000573909 -0.000661107 0.00030858 0.00530703 0.00211642 0.00683197 0.00538691 0.00160878 0.0139523 -0.00194013 0
internal_weight=396073 390186 231040 6919 1027 224121 218468 212566 1741 5653 5892 159146 158791 158430 25217 3869 5902 5478 3889 133213 130844 210825 5773 1764 1009 5887 2152 355 1453 938
internal_count=396073 390186 231040 6919 1027 224121 218468 212566 1741 5653 5892 159146 158791 158430 25217 3869 5902 5478 3889 133213 130844 210825 5773 1764 1009 5887 2152 355 1453 938
is_linear=0
shrinkage=0.03


Tree=3
num_leaves=31
num_cat=0
split_feature=93 102 55 237 37 225 100 217 22 273 112 171 238 228 289 232 298 92 11 23 45 124 296 285 287 115 104 288 37 233
split_gain=179.984 168.946 113.325 128.559 121.283 103.459 82.7348 124.495 115.85 175.336 79.1775 141.814 76.9912 76.2436 70.865 70.0623 68.0783 66.0329 87.3204 64.2208 77.9739 63.4448 61.4896 60.8622 58.2798 56.5577 55.1678 54.8626 53.3714 52.4993
threshold=2.1760739088058476 0.034626873210072524 1.3626052141189577 0.05792923457920552 -1.7641520500183103 -1.2206845879554746 -2.776070117950439 -2.3265316486358638 -2.8458482027053829 -2.0663049221038814 -0.69380822777748097 -1.6501605510711668 -1.3968394398689268 -2.1624335050582881 -0.41399671137332911 2.2337603569030766 -0.55441385507583607 -1.2465890049934385 -1.5494742989540098 -0.83515763282775868 -1.3044714927673338 -0.62135401368141163 -0.54526135325431813 -0.68411830067634571 0.99749863147735607 -1.6846260428428648 2.2341359853744511 -0.99212273955345143 -2.2992532253265376 1.1995662450790407
decision_type=2 2 2 2 2 2 2 2 2 2 2 2 2 2 2 2 2 2 2 2 2 2 2 2 2 2 2 2 2 2
left_child=1 2 6 4 29 14 10 17 9 -9 11 23 -5 -10 -3 -2 21 18 -8 20 -14 27 -18 -1 -13 -12 28 -7 -24 -4
right_child=15 5 3 12 -6 16 7 8 13 -11 25 24 19 -15 -16 -17 22 -19 -20 -21 -22 -23 26 -25 -26 -27 -28 -29 -30 -31
leaf_value=-0.0062210024804287547 0.0028357840613577939 0.0012088187460779025 0.014459954410090915 -0.01361367261430825 0.0030059828207836467 0.010666392635903322 0.0059496163676871234 0.00094548658696701161 0.0039085426167557542 -0.01600748338234019 -0.021380447398748566 0.0080548148629687386 -0.00037920791324950185 0.00025686758582158138 0.019675822361846708 0.010009810848728583 0.0015761272398752749 0.014648269852907209 -0.0026379876216873362 -7.8374851761685006e-05 0.0095614452357767193 -0.0016874211408469558 0.012032724487276044 0.010898097658585022 -0.012502100271303789 -0.0056144545636002399 0.0039520501288775366 -0.0067539238302746956 -0.00093883095725052568 0.038901806915359147
leaf_weight=2851 4153 469 331 232 523 140 3834 1171 5275 962 299 1355 1004 205191 344 1857 10364 548 1404 2716 2007 21398 263 170 108 895 2100 3599 120446 166
leaf_count=2851 4153 469 331 232 523 140 3834 1171 5275 962 299 1355 1004 205191 344 1857 10364 548 1404 2716 2007 21398 263 170 108 895 2100 3599 120446 166
internal_value=-1.44425e-05 -9.46838e-05 0.000422513 0.00418504 0.0139841 -0.000847483 0.000303618 0.000397922 0.00027803 -0.00663877 -0.00325945 -0.00133543 0.0024164 0.000350179 0.0096676 0.00512805 -0.000904592 0.00473537 0.00358945 0.0031631 0.00616719 -0.00234038 -0.000631017 -0.00509367 0.00618685 -0.0100969 -0.00081995 -0.00596856 -0.000906095 0.024393
internal_weight=396175 390165 231042 6979 1020 159123 224063 218385 212599 2133 5678 4484 5959 210466 813 6010 158310 5786 5238 5727 3011 25137 133173 3021 1463 1194 122809 3739 120709 497
internal_count=396175 390165 231042 6979 1020 159123 224063 218385 212599 2133 5678 4484 5959 210466 813 6010 158310 5786 5238 5727 3011 25137 133173 3021 1463 1194 122809 3739 120709 497
is_linear=0
shrinkage=0.03


Tree=4
num_leaves=31
num_cat=0
split_feature=210 102 55 237 37 158 39 37 188 299 90 172 227 57 114 72 11 289 112 136 228 207 233 85 221 281 299 104 28 232
split_gain=177.97 138.8 112.017 109.553 172.125 98.3849 95.1513 115.214 88.61 104.187 65.9381 170.764 88.6171 84.1611 84.0678 63.2936 83.6272 63.2194 83.6124 65.9145 62.4513 60.527 60.215 59.0084 57.3983 54.6986 60.9252 69.7854 54.2423 52.4869
threshold=2.1490887403488164 0.034626873210072524 1.2163448929786684 -0.12900351732969281 -1.7641520500183103 -2.2447912693023677 -2.7727582454681392 -2.2992532253265376 -2.7275099754333492 -1.9662250280380247 1.3476131558418276 0.099986128509044661 -0.16846317797899243 -1.1993353366851804 1.8646413087844851 -0.91421160101890553 -1.5494742989540098 -2.0390588045120235 -0.74228534102439869 -1.8753872513771055 -2.1624335050582881 2.1316851377487187 -0.78085389733314503 -2.4188628196716304 1.4989579319953921 0.10653118789196016 -1.0597541928291319 -1.3495784401893614 -2.0874266624450679 1.7830892205238345
decision_type=2 2 2 2 2 2 2 2 2 2 2 2 2 2 2 2 2 2 2 2 2 2 2 2 2 2 2 2 2 2
left_child=1 2 6 4 -4 -3 17 15 9 -9 12 13 -7 22 21 16 -8 23 19 -19 -10 -13 -12 -1 -15 26 27 -5 -28 -2
right_child=29 5 3 25 -6 10 7 8 20 -11 11 14 -14 24 -16 -17 -18 18 -20 -21 -22 -23 -24 -25 -26 -27 28 -29 -30 -31
leaf_value=-0.0089817384401179329 0.0025987995884468461 0.014667977806331703 0.02699045318608995 -0.015327654749385765 0.00042397076628170906 -0.0029689847956940597 0.0053023763565072232 0.0077833101738648547 0.0035980693932345458 -0.0077071596293003149 -0.010761108226787585 -0.0010174640679846531 -0.00070351444479837134 0.010872530051031013 0.0042909509493639971 0.012252233631502464 -0.004344326569913565 0.0078629921610185848 -0.0071801288411477877 -0.0066078970664165031 0.00024758750779716604 -0.0086837544084696246 0.0074561406862729447 0 0.00042853104709143585 -0.0089006720204440008 0.010871837451957626 0.002324642953846795 0.0028597250982955805 0.0085079129405794575
leaf_weight=2236 3420 350 426 311 480 17889 3641 435 5132 2291 370 9263 124630 2408 2474 845 988 1162 873 334 203493 1034 246 913 666 329 905 447 6026 2505
leaf_count=2236 3420 350 426 311 480 17889 3641 435 5132 2291 370 9263 124630 2408 2474 845 988 1162 873 334 203493 1034 246 913 666 329 905 447 6026 2505
internal_value=1.56058e-05 -6.20403e-05 0.000406511 0.00370102 0.0135526 -0.000743989 0.000272612 0.000373012 0.000259992 -0.00508734 -0.000781647 0.00100618 -0.000990358 0.00667897 -0.000617322 0.00466529 0.00316905 -0.00360546 0 0.00438975 0.000331781 -0.00183171 -0.00300865 -0.00637741 0.00872414 0.00251955 0.00306895 -0.00474016 0.00397732 0.00516776
internal_weight=396522 390597 231267 8924 906 159330 222343 216825 211351 2726 158980 16461 142519 3690 12771 5474 4629 5518 2369 1496 208625 10297 616 3149 3074 8018 7689 758 6931 5925
internal_count=396522 390597 231267 8924 906 159330 222343 216825 211351 2726 158980 16461 142519 3690 12771 5474 4629 5518 2369 1496 208625 10297 616 3149 3074 8018 7689 758 6931 5925
is_linear=0
shrinkage=0.03


Tree=5
num_leaves=31
num_cat=0
split_feature=93 102 55 237 37 81 27 93 279 57 238 56 228 44 5 217 171 239 102 285 100 286 113 28 45 86 52 173 48 53
split_gain=194.141 131.548 101.965 134.379 116.297 92.0678 86.2949 239.175 182.285 120.068 84.8509 79.2741 70.0216 112.648 79.74 79.515 74.7113 69.8788 62.3619 62.1469 94.7422 70.9228 63.4986 55.8362 108.726 47.6391 47.0709 56.1496 51.5934 46.7794
threshold=2.1760739088058476 0.034626873210072524 1.2163448929786684 0.087026532739400878 -1.7641520500183103 -2.8265633583068843 -2.8729979991912837 -2.3701983690261836 -1.4131744503974912 -2.4421341419219966 -1.2444091439247129 -1.6438976526260374 -2.1624335050582881 -2.1920063495635982 -2.7026687860488887 -2.3265316486358638 -1.4651588797569273 -0.18814247846603391 -1.5183050632476804 -0.9554176628589629 0.25585614144802099 1.0000000180025095e-35 -1.242709159851074 -1.5033318996429441 -1.3044714927673338 -1.8618599176406858 2.365246176719666 0.10079290345311166 0.94232371449470531 -0.2920276522636413
decision_type=2 2 2 2 2 2 2 2 2 2 2 2 2 2 2 2 2 2 2 2 2 2 2 2 2 2 2 2 2 2
left_child=1 2 6 4 25 -3 7 8 9 -1 -5 -7 13 17 16 -16 -14 -8 -10 20 -13 -21 -23 24 -12 -4 27 28 -2 -15
right_child=26 5 3 10 -6 11 12 -9 18 -11 23 19 14 29 15 -17 -18 -19 -20 21 -22 22 -24 -25 -26 -27 -28 -29 -30 -31
leaf_value=-0.012540964624464673 0.0028419874773664006 0.01835460376497193 0.027940689847394302 -0.012794126321307636 0.0037784468691530299 -0.005556929051865684 0.0024266500431088327 -0.018943916057746035 0.021966012948358506 -0.00032807557129622852 -9.3393678781440823e-05 -0.0047787993623561028 0.0075842524116592975 0.0086755094657414468 0.004516223143642124 0.00022401066089407066 -0.0084607461497557285 -0.0052906720409116627 0.0026088587445470194 -0.0021470924590057585 0.014798789333291863 0.0056518303376329069 -0.00049296773097153067 0.00099136564367247222 0.013952945987683414 0.0057559370401213525 0.0093967033218653358 0.001337517674082549 0.017795800220730771 -0.0047496278390795413
leaf_weight=951 539 206 409 310 740 3035 4047 752 345 3076 907 324 276 2846 3951 202298 1593 1399 332 25777 545 1505 127400 5268 973 172 1882 3098 405 212
leaf_count=951 539 206 409 310 740 3035 4047 752 345 3076 907 324 276 2846 3951 202298 1593 1399 332 25777 545 1505 127400 5268 973 172 1882 3098 405 212
internal_value=1.80687e-05 -6.32509e-05 0.000393055 0.00356317 0.0123515 -0.000728499 0.000266077 -0.0034481 -0.000837656 -0.00333407 0.00193755 -0.00075749 0.000361319 0.00302954 0.00025057 0.000308119 -0.00587731 0.00037719 0.013251 -0.000661216 0.00721868 -0.000708352 -0.000418033 0.00265221 0.00708879 0.0222824 0.00539953 0.00342744 0.00980486 0.00762251
internal_weight=395573 389649 230857 8779 1321 158792 222078 5456 4704 4027 7458 158586 216622 8504 208118 206249 1869 5446 677 155551 869 154682 128905 7148 1880 581 5924 4042 944 3058
internal_count=395573 389649 230857 8779 1321 158792 222078 5456 4704 4027 7458 158586 216622 8504 208118 206249 1869 5446 677 155551 869 154682 128905 7148 1880 581 5924 4042 944 3058
is_linear=0
shrinkage=0.03


Tree=6
num_leaves=31
num_cat=0
split_feature=93 102 234 88 102 155 5 47 60 56 176 49 175 158 207 161 56 284 150 14 199 260 179 299 153 112 232 113 48 296
split_gain=175.327 131.232 69.603 175.268 95.5132 102.04 113.183 108.202 104.344 99.2082 92.3068 71.9542 67.8648 64.2538 64.0257 147.557 89.8359 72.4896 58.7997 58.6915 69.1676 67.2912 54.1303 51.7009 49.5525 49.2536 44.6292 63.1774 46.5482 49.9115
threshold=2.1760739088058476 0.034626873210072524 1.2034218907356264 -1.6637539267539976 -2.7753888368606563 -2.7758511304855342 -2.7026687860488887 -2.0989933013916011 -2.3249807357788081 0.47915351390838629 -0.40811283886432642 1.2303177714347842 -2.2517732381820674 -2.2447912693023677 -0.40279321372508997 0.77218601107597362 0.86051660776138317 -1.0445214509963987 -1.0000000180025095e-35 -0.73967570066452015 -0.42573200166225428 0.22474306076765063 0.83440661430358898 1.3780397772789004 0.3347038626670838 -0.4419498592615127 2.2337603569030766 -0.59668725728988636 1.8132435679435732 1.3785817027091982
decision_type=2 2 2 2 2 2 2 2 2 2 2 2 2 2 2 2 2 2 2 2 2 2 2 2 2 2 2 2 2 2
left_child=1 2 4 -4 9 8 11 -8 25 10 12 -7 -1 -3 15 16 18 -16 -15 21 -21 -19 -10 -12 -18 -6 27 -2 29 -29
right_child=26 13 3 -5 5 6 7 -9 22 -11 23 -13 -14 14 17 -17 24 19 -20 20 -22 -23 -24 -25 -26 -27 -28 28 -30 -31
leaf_value=0 0.012658578709545936 0.011994150267659216 0.01292484979251971 0.00055172118048113104 0.017831826465593854 -0.0065438126460847642 0.0042198029531180983 0.00026753878215482474 -0.003644551274124158 -0.012414201242068318 0.0072371339935574175 0.011093939006656069 -0.0081226333307219227 -0.001565094342189286 0.01482586227958296 -0.0083569017444932621 0.0021089995217444409 0.0014081949486706301 -0.0094105359088869443 -0.003854890677925155 -0.00061116545502165891 0.015007505497402129 0.012745760426041669 -0.010835557106857824 0.014707869097996406 0 0.0090184857710039288 0.0015095694721482384 -0.0025908907895987338 0.012093046930764257
leaf_weight=1828 539 331 1364 4266 732 2970 6423 207896 713 932 1162 194 1886 9209 252 3212 1974 5512 958 6226 130549 337 220 132 331 140 1840 1690 1361 549
leaf_count=1828 539 331 1364 4266 732 2970 6423 207896 713 932 1162 194 1886 9209 252 3212 1974 5512 958 6226 130549 337 220 132 331 140 1840 1690 1361 549
internal_value=-3.19615e-05 -0.000111049 0.000344738 0.00363764 0.000260778 0.00036383 0.000303085 0.000387768 0.00743507 -0.00348173 -0.00171694 -0.00530524 -0.00416177 -0.000775126 -0.000805183 -0.00262923 -0.00111911 -0.000602511 -0.00235082 -0.00063395 -0.000761555 0.00229133 9.1843e-05 0.00502838 0.0041582 0.0147774 0.00505665 0.00318837 0.00162549 0.00432152
internal_weight=395728 389749 230858 5630 225228 219288 217483 214319 1805 5940 5008 3164 3714 158891 158560 15684 12472 142876 10167 142624 136775 5849 933 1294 2305 872 5979 4139 3600 2239
internal_count=395728 389749 230858 5630 225228 219288 217483 214319 1805 5940 5008 3164 3714 158891 158560 15684 12472 142876 10167 142624 136775 5849 933 1294 2305 872 5979 4139 3600 2239
is_linear=0
shrinkage=0.03


Tree=7
num_leaves=31
num_cat=0
split_feature=210 102 55 58 1 237 36 299 218 290 51 205 157 50 298 66 94 113 66 90 208 55 55 111 179 233 56 297 113 296
split_gain=136.768 139.606 80.5042 95.2278 236.907 87.81 86.2541 74.1606 69.3867 67.1405 70.1197 128.921 77.9143 57.6734 57.3897 73.2219 61.146 124.613 97.1331 58.3077 56.3029 70.9528 54.2378 54.9948 54.1304 51.9934 49.0098 46.5184 45.6072 38.1874
threshold=2.1490887403488164 0.034626873210072524 1.3626052141189577 1.8279981017112734 -2.0957068204879756 0.05792923457920552 -1.2111281752586363 -1.0597541928291319 -2.7995725870132442 1.2287226915359499 0.26751390099525457 -2.4434562921524043 -0.47401264309883112 0.85073059797286998 -0.70327156782150257 -0.53701865673065174 0.9977531135082246 0.062886629253625884 -2.1187865734100337 1.208334267139435 -0.88528576493263234 -1.3277851343154905 1.3626052141189577 -0.85761329531669606 3.2813848257064824 1.1995662450790407 -1.6438976526260374 -0.73142132163047779 0.85466554760932933 -0.50481110811233509
decision_type=2 2 2 2 2 2 2 2 2 2 2 2 2 2 2 2 2 2 2 2 2 2 2 2 2 2 2 2 2 2
left_child=1 2 3 9 -5 6 25 28 -3 10 12 -12 -1 -9 15 22 29 19 -19 -18 21 -11 23 -10 -6 -4 -17 -26 -7 -16
right_child=-2 8 5 4 24 7 -8 13 14 20 11 -13 -14 -15 16 26 17 18 -20 -21 -22 -23 -24 -25 27 -27 -28 -29 -30 -31
leaf_value=2.4543033653241813e-05 0.004550834157867222 0.013823262276239565 0.010363042922663809 -0.017383682211549914 -0.003010854271970891 -0.013734969248070864 0 0.0052774140066119196 0.0017343280652236965 -0.0047811484274764855 -0.013439153499677467 -0.00069143216980979737 0.001253544075155068 -0.0015781580137946808 0.00078827842481199147 -0.0057592401971580907 0.0012517120818101653 0.024507455523142457 -0.00052773075301297111 0.0071426053655934719 0.0010391756226500795 0.015500291653181076 0.012752066399902106 -0.0087905992757965606 -0.010425931344410978 0.03104324473460254 -0.00078141995562762119 0.007937773809847436 0.0022118952789819462 -0.0010571190745404448
leaf_weight=107054 5881 272 416 926 2013 379 364 3810 472 160 717 27723 82653 1458 11030 2061 3050 120 22434 3314 1119 723 100 2727 113 208 14256 896 215 99243
leaf_count=107054 5881 272 416 926 2013 379 364 3810 472 160 717 27723 82653 1458 11030 2061 3050 120 22434 3314 1119 723 100 2727 113 208 14256 896 215 99243
internal_value=1.72331e-05 -5.05875e-05 0.000419634 0.00032007 -0.00427966 0.00362278 0.011874 0.00214545 -0.000735097 0.000404302 0.000352368 -0.00103257 0.000561661 0.0033245 -0.000763658 -0.00228686 -0.000546543 0.000675153 -0.000359645 0.0043791 0.00585546 0.0114686 -0.00637669 -0.00714336 -7.78155e-05 0.0184723 -0.00143481 0.00542697 -0.00759032 -0.000869705
internal_weight=395907 390026 230947 224097 3948 6850 988 5862 159079 220149 218147 28440 189707 5268 158807 19616 139191 28918 22554 6364 2002 883 3299 3199 3022 624 16317 1009 594 110273
internal_count=395907 390026 230947 224097 3948 6850 988 5862 159079 220149 218147 28440 189707 5268 158807 19616 139191 28918 22554 6364 2002 883 3299 3199 3022 624 16317 1009 594 110273
is_linear=0
shrinkage=0.03


Tree=8
num_leaves=31
num_cat=0
split_feature=256 102 164 158 55 100 37 36 188 239 58 335 51 50 53 208 114 298 124 101 172 299 296 225 102 52 52 58 130 120
split_gain=168.668 100.086 90.8007 78.411 76.5738 85.4086 90.8331 75.8728 90.1141 73.6026 101.429 75.7326 65.3304 59.5321 58.626 86.6212 93.2541 57.6477 68.9226 56.8971 107.37 55.0568 52.6496 65.8084 51.027 46.5744 45.3382 43.3002 46.7455 42.348
threshold=2.1758346557617192 0.034626873210072524 2.3197757005691533 -2.2447912693023677 1.5595589876174929 -2.776070117950439 -2.2992532253265376 -2.7818917036056514 -2.7275099754333492 -3.350520014762878 0.69524341821670543 -0.020748916082084175 -0.91398590803146351 0.85073059797286998 -1.3477138280868528 -1.8723338842391966 1.228478789329529 -0.55441385507583607 -0.53241798281669606 -1.5364197492599485 -1.626794636249542 -0.96660101413726796 -0.50481110811233509 -1.2206845879554746 -1.3795664906501768 1.0155888199806216 0.46627244353294378 0.98201760649681102 0.70022833347320568 -0.71719816327095021
decision_type=2 2 2 2 2 2 2 2 2 2 2 2 2 2 2 2 2 2 2 2 2 2 2 2 2 2 2 2 2 2
left_child=1 4 3 -3 5 9 19 -8 -9 -1 12 -12 -11 14 -6 16 -16 18 21 24 -21 -5 -19 -24 -7 -15 -20 -4 29 -29
right_child=-2 2 27 17 13 6 7 8 -10 10 11 -13 -14 25 15 -17 -18 22 26 20 -22 -23 23 -25 -26 -27 -28 28 -30 -31
leaf_value=-0.010394070122727282 0.0051993489739891319 0.013268193942574807 0.0011566820067798595 -0.0097816336356393533 -0.0053476124735557119 0.0036842498630325054 0.01922040034703815 -0.0051775211815972434 0.00030426652707854778 0.003576458370765436 -0.0011306573261137161 -0.016784668195002198 -0.005572042375248362 -0.012758000195545788 0.0025213041347292224 0.0033569422133814929 0.02046254460994754 0.0014074751167920741 -0.00046872809175697091 0.036814743862181469 0.0051842069131531384 -0.0025553648709351231 0.010314915563887963 -0.00076442882117754994 -0.010495903078366868 0.0012277524916046532 -0.0036484828932861145 0 0.0018105442490484885 0.016420136465611662
leaf_weight=1079 5546 336 2211 1728 328 4747 170 2709 211828 2473 612 575 945 240 477 2129 719 11397 14652 117 473 2459 461 119323 211 1082 5710 145 705 621
leaf_count=1079 5546 336 2211 1728 328 4747 170 2709 211828 2473 612 575 945 240 477 2129 719 11397 14652 117 473 2459 461 119323 211 1082 5710 145 705 621
internal_value=1.31957e-05 -5.99236e-05 -0.000637849 -0.00074953 0.000338611 0.000255944 0.000351008 0.000251392 0.000233173 -0.00336351 -0.00161348 -0.00911471 0.000942144 0.0040168 0.00599728 0.00723138 0.0137129 -0.000783401 -0.00212121 0.00413752 0.0129499 -0.00564132 -0.000530473 -0.00071757 0.00298077 -0.00124001 -0.00137783 0.00399331 0.00798302 0.0130917
internal_weight=396208 390662 159748 156066 230914 225939 220255 214707 214537 5684 4605 1187 3418 4975 3653 3325 1196 155730 24549 5548 590 4187 131181 119784 4958 1322 20362 3682 1471 766
internal_count=396208 390662 159748 156066 230914 225939 220255 214707 214537 5684 4605 1187 3418 4975 3653 3325 1196 155730 24549 5548 590 4187 131181 119784 4958 1322 20362 3682 1471 766
is_linear=0
shrinkage=0.03


Tree=9
num_leaves=31
num_cat=0
split_feature=256 102 164 55 100 97 47 137 158 118 179 49 112 153 57 238 160 286 281 16 236 2 147 251 200 55 183 175 295 235
split_gain=144.952 100.766 95.4516 90.1394 88.9035 89.4221 85.0908 101.377 84.1706 80.8871 75.3179 72.1254 106.455 73.8993 72.0826 75.5962 70.5781 67.4651 57.1142 56.0162 51.6281 58.8973 49.0881 53.7761 47.7269 104.282 101.274 45.917 43.5324 40.3168
threshold=2.1758346557617192 0.034626873210072524 2.3197757005691533 1.5595589876174929 -2.776070117950439 -2.3016828298568721 -2.0989933013916011 -2.7681640386581416 -2.2447912693023677 0.099126171320676817 -0.13848984986543653 -1.724632143974304 -0.69380822777748097 -1.6046891808509824 -0.4294793158769607 -0.40224874019622797 -1.6787329912185667 0.83660921454429638 0.10653118789196016 -1.3132058978080747 -2.0546247959136958 -0.57511448860168446 -0.2590868324041366 0.66590711474418651 -0.68943378329277027 1.3626052141189577 -2.6765742301940914 1.4187765717506411 1.8736134767532351 0.15747103840112689
decision_type=2 2 2 2 2 2 2 2 2 2 2 2 2 2 2 2 2 2 2 2 2 2 2 2 2 2 2 2 2 2
left_child=1 3 8 4 11 10 9 -8 -3 -7 -6 13 17 27 -5 -16 -12 -13 19 -17 21 -10 -4 28 25 -22 -26 -1 -24 -2
right_child=29 2 22 14 5 6 7 -9 20 -11 16 12 -14 -15 15 18 -18 -19 -20 -21 24 -23 23 -25 26 -27 -28 -29 -30 -31
leaf_value=-0.0077168618005550799 0.0084689565953612756 0.013996918667322535 -0.010386063698134286 0.018540488226880755 0.00035932171439288866 0.0058476299883239435 -0.0063461107831609938 0.00024847922849797024 -0.017583155794434736 -0.00217030639931353 0.0052208130572235206 0.0089866006388531865 -0.0076887314154401995 0.015719190854010669 -0.004679395232366582 0.010210298143506004 0.018617976676223003 -0.0093005171938073308 -0.0113562998240977 0.0025148518442617836 -0.0034314225774239146 -0.0030504802873268242 0.0032680847054859566 0.0011051238097564611 0.023062610511069524 0.0051584794111995697 -0.00055750179269925548 0.0072698021029491576 0.01341826155925502 0.0028668537222027264
leaf_weight=3273 1882 327 168 293 2725 4449 2097 206496 301 1441 2544 1139 774 109 818 1595 432 183 151 2131 11277 1657 851 1801 143 1390 141028 159 888 3733
leaf_count=3273 1882 327 168 293 2725 4449 2097 206496 301 1441 2544 1139 774 109 818 1595 432 183 151 2131 11277 1657 851 1801 143 1390 141028 159 888 3733
internal_value=4.36494e-05 -2.44972e-05 -0.000604184 0.000375643 0.000285911 0.00038251 0.000282245 0.000180143 -0.000719018 0.00383456 0.00408807 -0.0034223 0.000861348 -0.00603273 0.00436082 0.00333739 0.007377 0.00613075 0.00512116 0.00592608 -0.000753623 -0.00559143 0.00412825 0.00495582 -0.00068938 -0.00245853 -0.000528187 -0.00689755 0.00871534 0.00482116
internal_weight=396255 390640 159831 230809 225821 220184 214483 208593 156123 5890 5701 5637 2096 3541 4988 4695 2976 1322 3877 3726 155796 1958 3708 3540 153838 12667 141171 3432 1739 5615
internal_count=396255 390640 159831 230809 225821 220184 214483 208593 156123 5890 5701 5637 2096 3541 4988 4695 2976 1322 3877 3726 155796 1958 3708 3540 153838 12667 141171 3432 1739 5615
is_linear=0
shrinkage=0.03


Tree=10
num_leaves=31
num_cat=0
split_feature=93 51 23 56 98 101 56 2 199 236 233 229 162 60 162 236 122 234 40 102 155 56 216 344 19 138 41 73 166 118
split_gain=155.213 99.9938 167.206 84.2201 99.2382 99.8946 89.7273 88.1381 171.107 86.7654 82.6196 62.8766 62.136 78.7799 59.5512 56.2699 54.1292 53.489 138.484 87.0518 151.803 81.691 77.1269 66.3001 50.7993 73.2532 63.9195 49.7595 48.2284 53.0794
threshold=2.1760739088058476 0.16235266625881198 1.5130271911621096 -1.4595106244087217 -1.9970309138298032 -2.2750462293624873 0.35845062136650091 -2.6676506996154781 -0.79585087299346913 0.59056007862091076 0.84733465313911449 -0.10099418461322783 0.36980712413787847 -0.13857103884220121 1.0000000180025095e-35 0.98900505900383007 0.34678214788436895 -0.64444053173065174 -2.7788423299789424 -2.7753888368606563 -2.7758511304855342 0.47915351390838629 -0.4459653496742248 -0.0059085825923830262 -0.42748776078224177 -0.35140165686607355 0.59552571177482616 -1.8870869874954221 0.33392149209976202 1.2163224220275881
decision_type=2 2 2 2 2 2 2 2 2 2 2 2 2 2 2 2 2 2 2 2 2 2 2 2 2 2 2 2 2 2
left_child=1 2 14 -3 5 6 -5 8 9 -6 -7 15 -4 -14 17 -9 -13 19 23 21 -21 -1 -20 -19 25 26 -16 -8 -26 -30
right_child=-2 3 12 4 7 10 27 11 -10 -11 -12 16 13 -15 24 -17 -18 18 22 20 -22 -23 -24 -25 28 -27 -28 -29 29 -31
leaf_value=-0.0023984571362203598 0.0048195892323594034 -0.0062202053819518342 0.00075991933252032536 0.0080528071963747675 -0.0073499165249701869 0.0054864538320974557 -0.020838026410969195 -0.003810243794434853 0.036474207698833194 0.013473404662942862 0.025425197560668869 -4.81406227172994e-05 0.027119284003338014 0.0074030227776662981 -0.00053977915017448081 0.0015637360729953303 -0.0013320808025395377 0.016972415097969325 -9.613747063021662e-05 0.010337765478554957 -9.294598895800655e-05 -0.013888245318074513 0.0014688318625894995 -0.00046766090971608974 -0.00089401660545683698 -0.010481041598049671 -0.0071783382263073091 3.5366387500499299e-05 0.0014276991909895579 -0.0084325678540184152
leaf_weight=4206 5936 2432 1222 396 370 568 209 9702 145 306 320 76973 200 2302 7935 2040 48475 685 50607 1260 64592 649 63425 225 31747 941 1576 136 15830 480
leaf_count=4206 5936 2432 1222 396 370 568 209 9702 145 306 320 76973 200 2302 7935 2040 48475 685 50607 1260 64592 649 63425 225 31747 941 1576 136 15830 480
internal_value=1.25973e-05 -6.00504e-05 0.000302794 -0.000695193 -0.000595943 0.00670357 -0.00107283 -0.000685234 0.0089704 0.0017613 0.0134037 -0.000746503 0.00659719 0.00930058 0.000205028 -0.00285002 -0.000546799 0.000468973 0.000868755 -0.000176739 0.000105157 -0.00404659 0.000771779 0.0124204 -0.000627216 -0.00252319 -0.00168404 -0.0122367 -0.000207739 0.00110917
internal_weight=395890 389954 247882 142072 139640 1629 741 138011 821 676 888 137190 3724 2502 244158 11742 125448 185649 114942 70707 65852 4855 114032 910 58509 10452 9511 345 48057 16310
internal_count=395890 389954 247882 142072 139640 1629 741 138011 821 676 888 137190 3724 2502 244158 11742 125448 185649 114942 70707 65852 4855 114032 910 58509 10452 9511 345 48057 16310
is_linear=0
shrinkage=0.03


Tree=11
num_leaves=31
num_cat=0
split_feature=93 284 55 237 158 266 100 93 238 178 39 282 66 39 157 13 166 52 174 236 58 233 112 78 206 58 185 25 23 239
split_gain=143.862 87.9481 98.0463 110.987 97.4543 90.6141 119.068 104.844 86.8646 84.1477 82.2845 72.9704 123.558 73.4724 111.86 67.6329 84.338 66.4664 61.914 60.8675 66.9511 60.001 62.3419 116.596 55.0773 51.1654 50.4389 64.6565 58.1515 47.4906
threshold=2.1760739088058476 1.0000000180025095e-35 1.2163448929786684 -0.096719611436128602 -1.7042702436447141 -0.83156374096870411 0.41756142675876623 0.29830013215541845 -1.3968394398689268 -0.03160938806831836 0.64785471558570873 0.069969281554222121 -2.3627313375473018 -2.7727582454681392 -2.2615153789520259 -1.216248571872711 -0.93082016706466664 -0.2292162626981735 -0.56539008021354664 -2.0546247959136958 -0.57389381527900685 1.7594024538993838 0.42239961028099066 1.766008257865906 2.1342437267303471 1.0809099078178408 0.14091630280017856 1.7560320496559145 0.93566337227821361 0.039109984412789352
decision_type=2 2 2 2 2 2 2 2 2 2 2 2 2 2 2 2 2 2 2 2 2 2 2 2 2 2 2 2 2 2
left_child=1 2 10 4 -4 6 7 9 -5 17 11 13 29 25 -15 16 -10 -3 -11 20 -7 22 23 -21 -24 -1 28 -28 -23 -13
right_child=-2 5 3 8 -6 19 -8 -9 15 18 -12 12 -14 14 -16 -17 -18 -19 -20 21 -22 26 24 -25 -26 -27 27 -29 -30 -31
leaf_value=-0.0019214786441419255 0.0046006156552941173 3.9872157310983583e-05 0.023171541669811956 -0.013525383848023089 0.0017153221838946849 -0.010679585805280492 -0.011922319572229742 0.018387687784529084 0.00029878613510511757 0.010204876833697045 0.0051960913480767939 1.8639050200581548e-05 -0.0028861715710665451 0.0046074492465346742 0.00019733110916071511 0.00061846563901693627 0.011935553916534348 -0.0088949828659473235 -0.0012025124717908212 -0.00013361284249950744 0.00063712693092898409 0.0026095061361098232 -0.0010781482725467947 0.007405392820409736 -0.0076997992925167281 -0.010332761542668956 -0.0015116576770744735 0.0065026568625380435 0.0125922130204104 0.029678837564618636
leaf_weight=4500 5927 985 448 273 382 1064 1287 196 1042 455 2870 105 10142 5309 193450 4128 1351 2423 4307 77215 744 2234 65545 1871 1148 782 3956 1149 728 124
leaf_count=4500 5927 985 448 273 382 1064 1287 196 1042 455 2870 105 10142 5309 193450 4128 1351 2423 4307 77215 744 2234 65545 1871 1148 782 3956 1149 728 124
internal_value=-2.91641e-05 -0.000100487 0.000284714 0.00362601 0.0139222 -0.000626353 -0.00344847 -0.00208378 0.00228697 -0.00265523 0.000165771 9.65602e-05 -0.00235331 0.000222771 0.00031709 0.00303415 0.00703728 -0.0062399 -1.17012e-05 -0.00044899 -0.00590257 -0.00038219 -0.00052331 4.27782e-05 -0.0011989 -0.00325763 0.00212589 0.000251952 0.00523166 0.0183778
internal_weight=396140 390213 224906 7624 830 165307 9653 8366 6794 8170 217282 214412 10371 204041 198759 6521 2393 3408 4762 155654 1808 153846 145779 79086 66693 5282 8067 5105 2962 229
internal_count=396140 390213 224906 7624 830 165307 9653 8366 6794 8170 217282 214412 10371 204041 198759 6521 2393 3408 4762 155654 1808 153846 145779 79086 66693 5282 8067 5105 2962 229
is_linear=0
shrinkage=0.03


Tree=12
num_leaves=31
num_cat=0
split_feature=93 284 55 237 238 193 278 57 199 171 198 113 320 45 154 282 251 234 228 61 298 177 36 298 122 186 36 147 167 227
split_gain=112.301 97.9945 96.9284 105.083 87.3617 89.0779 82.7635 82.6741 99.1748 86.1133 151.89 84.1958 80.2102 69.8564 67.7617 86.7631 66.282 65.8243 60.3494 60.309 50.5413 50.0981 49.109 47.8742 46.7354 46.3041 50.7842 45.0133 39.43 38.7679
threshold=2.1760739088058476 1.0000000180025095e-35 1.2163448929786684 -0.2680219411849975 -1.3968394398689268 -1.1390317678451536 -1.7559583187103269 -0.39279553294181818 -0.38708876073360438 0.32327765226364141 1.7428400516510012 1.5836644768714907 -0.023559244349598881 -1.3044714927673338 0.91739287972450267 0.069969281554222121 1.7473620772361758 -2.0707198381423946 1.2117470502853396 1.0615192055702212 1.8474021553993227 2.7359638214111333 -1.7731286883354185 -2.4801708459854122 0.30531740188598638 -2.3598543405532832 1.4988721609115603 0.79032501578331005 -1.5075362920761106 0.24216366559267047
decision_type=2 2 2 2 2 2 2 2 2 2 2 2 2 2 2 2 2 2 2 2 2 2 2 2 2 2 2 2 2 2
left_child=1 2 12 6 -5 13 -4 8 18 10 20 16 17 -6 15 22 21 28 23 -12 29 -11 -14 -3 -25 -16 -27 -17 -1 -9
right_child=-2 7 3 4 5 -7 -8 9 -10 11 19 -13 14 -15 25 27 -18 -19 -20 -21 -22 -23 -24 24 -26 26 -28 -29 -30 -31
leaf_value=-0.0092679639999841516 0.0040691434829339913 0.011695786741163049 0.024279264079596029 -0.012395096719349392 0.00092883766735404037 0.00032587233850676369 0.0018784744106890006 -0.00035659546945106122 -0.0011368640813770694 -0.0011120391551684267 0.025623862152393612 0.0014320225933553707 0.0019182216271484221 0.011240588851897314 0.021190206647062528 -0.0030496536996819095 -0.0065047167711492189 -0.001110867638446489 0.004940502334836565 0.0072314086029040998 -0.0090966117324056961 -0.011309244196855689 0.00024924030366581127 -0.0056383426362058295 -0.01785302307088436 0.0049764941970201204 -0.0093898000688616007 0.0030339281192524339 0.0012180525280859073 0.0012475413973953118
leaf_weight=1678 5930 106 364 311 1021 3991 299 25873 28760 60146 221 11141 17506 1663 136 9620 2203 6464 447 847 479 424 177905 5929 310 2657 210 1170 333 27970
leaf_count=1678 5930 106 364 311 1021 3991 299 25873 28760 60146 221 11141 17506 1663 136 9620 2203 6464 447 847 479 424 177905 5929 310 2657 210 1170 333 27970
internal_value=-2.02674e-05 -8.33923e-05 0.000322374 0.00363954 0.00248203 0.00325495 0.014967 -0.000639792 -0.00192208 -0.000284667 0.000606229 -0.000956332 0.000204111 0.0074648 0.0003214 0.000254468 -0.00138532 -0.00264978 -0.00518983 0.0117141 0.00037809 -0.00119208 0.000400473 -0.00596392 -0.0063483 0.00478601 0.00376253 -0.00235784 -0.00738899 0.000471295
internal_weight=396114 390184 225328 7649 6986 6675 663 164856 35552 129304 55390 73914 217679 2684 209204 206201 62773 8475 6792 1068 54322 60570 195411 6345 6239 3003 2867 10790 2011 53843
internal_count=396114 390184 225328 7649 6986 6675 663 164856 35552 129304 55390 73914 217679 2684 209204 206201 62773 8475 6792 1068 54322 60570 195411 6345 6239 3003 2867 10790 2011 53843
is_linear=0
shrinkage=0.03


Tree=13
num_leaves=31
num_cat=0
split_feature=257 122 55 58 180 29 234 102 236 58 23 291 52 235 152 89 228 118 238 52 36 231 179 290 172 72 289 118 13 238
split_gain=107.37 103.346 138.053 98.735 199.002 88.3568 144.868 80.1525 74.7816 94.807 81.5829 71.3584 89.2366 71.078 70.6324 68.2002 65.4177 73.1611 61.6277 74.4005 108.441 68.9673 62.0267 60.505 74.9002 60.3774 65.7497 60.1287 54.0728 53.6633
threshold=1.7673056721687319 0.34678214788436895 1.3626052141189577 1.8279981017112734 -2.0983798503875728 -2.091174721717834 0.63678705692291271 0.070214025676250472 -2.0546247959136958 -0.21514706313610074 1.3530631065368655 0.13033469766378405 1.8557905554771426 2.2795815467834477 1.2211137413978579 1.0061284899711611 1.5045518875122073 1.2163224220275881 0.17015187442302707 0.23142807185649875 -0.63648623228073109 -1.4102098345756529 0.65373012423515331 1.2287226915359499 0.032342405989766128 0.61340603232383739 -2.6374688148498531 -1.091858386993408 -0.35179868340492243 1.2048081755638125
decision_type=2 2 2 2 2 2 2 2 2 2 2 2 2 2 2 2 2 2 2 2 2 2 2 2 2 2 2 2 2 2
left_child=1 2 3 7 -5 6 -4 23 9 -9 -10 27 16 -8 15 -7 -13 -18 25 20 -20 22 -22 24 -1 -3 -27 -2 -21 -23
right_child=11 18 5 4 -6 14 13 8 10 -11 -12 12 -14 -15 -16 -17 17 -19 19 28 21 29 -24 -25 -26 26 -28 -29 -30 -31
leaf_value=0.0007216177154537927 -0.0010984473138373953 -0.0030165932300920341 -0.00095664845713015116 -0.016202109899807537 -0.0009982617250339275 0.00207815188982484 0.025473890074325024 -0.014477708527408815 -0.0007065932211646602 0.0085076910727551001 0.00616710300461652 0.0016171119692044969 0.0055195770571421403 0.0014115599325547614 0.0082032441646000629 -0.007721096553043514 -3.3906453545172641e-05 -0.012117910984688205 -0.0062483042636456371 0.0086804650673455927 0.0016798900866052222 0.0022987345034200151 0.028309414456033206 0.0058358716297002514 -0.00070940712186071619 0.014349635889401675 -0.00093110181229937462 0.0098062278344380454 -0.0012941725443994195 -0.0040745238625895233
leaf_weight=152550 524 19160 484 970 3820 10640 500 689 76291 177 1559 3693 3271 178 1627 650 1150 780 1502 471 198 14478 153 1859 41760 234 25386 1963 28307 1246
leaf_count=152550 524 19160 484 970 3820 10640 500 689 76291 177 1559 3693 3271 178 1627 650 1150 780 1502 471 198 14478 153 1859 41760 234 25386 1963 28307 1246
internal_value=2.33471e-05 -6.08747e-05 0.000212113 6.49948e-05 -0.00419406 0.00310905 0.0110353 0.000140602 -0.000666425 -0.00935517 -0.000563542 0.00289303 0.00158574 0.0198079 0.00235686 0.0014748 -0.000660936 -0.00514564 -0.000943935 -0.00016982 0.00135947 0.00209583 0.0149966 0.000465999 0.000412485 -0.00173815 -0.000768751 0.00739856 -0.00111459 0.00177012
internal_weight=396270 384889 293754 279675 4790 14079 1162 274885 78716 866 77850 11381 8894 678 12917 11290 5623 1930 91135 46355 17577 16075 351 196169 194310 44780 25620 2487 28778 15724
internal_count=396270 384889 293754 279675 4790 14079 1162 274885 78716 866 77850 11381 8894 678 12917 11290 5623 1930 91135 46355 17577 16075 351 196169 194310 44780 25620 2487 28778 15724
is_linear=0
shrinkage=0.03


Tree=14
num_leaves=31
num_cat=0
split_feature=224 51 203 236 219 162 230 11 180 34 296 115 42 176 113 230 120 112 37 147 58 297 102 210 241 161 237 180 107 50
split_gain=112.505 84.811 159.042 68.6557 139.141 108.395 94.5397 75.1282 69.6883 137.551 74.1346 61.4538 59.3077 60.9415 57.5316 50.5077 60.0725 63.0004 61.8645 64.5267 54.3593 53.1655 51.7373 56.5706 57.0542 54.2989 50.2085 49.7396 46.9151 46.5975
threshold=2.2015750408172612 0.2312811613082886 1.4960296154022219 -1.2323250770568845 -1.7612183690071104 -1.8513989448547361 0.12779970467090609 -0.19454497843980786 -2.649188637733459 0.83706623315811168 0.85375225543975841 -0.6311814785003661 -0.13594424724578855 0.85390332341194164 0.062886629253625884 -0.34624932706356043 0.43746362626552587 -1.0000000180025095e-35 -1.7641520500183103 0.93226671218872081 1.8279981017112734 1.368328392505646 0.10571524873375894 1.1910452842712405 0.035986019298434264 1.216031610965729 0.2010624706745148 -0.035259099677205079 -0.55469831824302662 -0.60492902994155873
decision_type=2 2 2 2 2 2 2 2 2 2 2 2 2 2 2 2 2 2 2 2 2 2 2 2 2 2 2 2 2 2
left_child=1 2 15 7 5 26 -7 11 9 10 -6 -3 -4 14 27 16 17 20 29 -20 -1 -19 -17 25 -25 -24 -5 -14 -13 -18
right_child=-2 3 12 4 8 6 -8 -9 -10 -11 -12 28 13 -15 -16 22 18 21 19 -21 -22 -23 23 24 -26 -27 -28 -29 -30 -31
leaf_value=0.00024528443026305643 0.0042002220597737189 -0.016034685063929899 -0.0013445895898643746 0.0058211443386521934 -0.0074145549841242442 0.003564454591047087 0.022405487640716017 -0.0012042654112276912 -0.00073858691816850103 0.036902885644610015 0.013912452950848845 0.0073462254376967014 0.022013280363380908 0.01719425871293713 -0.0014740569152638869 0.0010626328845886818 0 -0.0047725700052104339 -0.003012733083912329 0.002092292853495954 -0.0042133139517469536 0.0065257492808457789 -0.0002598109048493219 0.0122401228506236 0.0013060728703998459 -0.0055297991315978378 -0.0074000438488255656 0.0062783981526938221 -0.0088576432551849184 0.018729906257438481
leaf_weight=111505 5681 747 766 575 303 511 541 2279 123026 109 241 223 205 515 703 79440 325 3722 14203 2556 2492 378 37341 588 1762 1839 437 2238 408 198
leaf_count=111505 5681 747 766 575 303 511 541 2279 123026 109 241 223 205 515 703 79440 325 3722 14203 2556 2492 378 37341 588 1762 1839 437 2238 408 198
internal_value=1.57584e-05 -4.46111e-05 0.00026613 -0.0006731 -0.000552146 0.00712282 0.0137707 -0.00472482 -0.000683784 0.00891043 0.00166002 -0.0102321 0.00589295 0.00748786 0.00570558 0.000167335 -0.0002291 1.02423e-05 -0.00188011 -0.00221469 0.000144465 -0.00363148 0.000613435 -0.000238683 0.0042487 -0.000517518 0 0.0078886 -0.00262049 0.00797541
internal_weight=395857 390176 260776 129400 125743 2064 1052 3657 123679 653 544 1378 4427 3661 3146 256349 135379 118097 17282 16759 113997 4100 120970 41530 2350 39180 1012 2443 631 523
internal_count=395857 390176 260776 129400 125743 2064 1052 3657 123679 653 544 1378 4427 3661 3146 256349 135379 118097 17282 16759 113997 4100 120970 41530 2350 39180 1012 2443 631 523
is_linear=0
shrinkage=0.03


Tree=15
num_leaves=31
num_cat=0
split_feature=210 122 55 210 234 58 1 109 37 218 172 80 50 178 44 148 177 178 296 340 236 42 294 280 178 27 119 116 107 57
split_gain=112.835 68.9457 104.849 95.8084 147.936 84.9105 160.515 81.3176 69.0412 81.5232 90.2424 79.7809 77.3298 63.5113 61.6104 113.917 78.5142 65.9173 78.4281 76.4112 63.6137 60.7083 56.8998 64.1474 59.1997 51.593 52.1802 48.2651 47.6086 49.3304
threshold=2.1490887403488164 0.34678214788436895 1.3626052141189577 -2.122522115707397 0.63678705692291271 1.8279981017112734 -2.0957068204879756 -2.6630443334579463 -1.9994327425956724 -0.52251198887825001 0.24238847941160205 -0.4657007753849029 -0.69620093703269947 -1.4492217302322385 0.14162825793027881 -1.0797184109687803 0.44217127561569219 -2.0620833635330196 -2.4093514680862422 -0.012657683342695234 -2.0546247959136958 -1.3600440621376035 0.23417332768440249 -0.72016969323158253 -2.0620833635330196 -2.4086929559707637 0.36286869645118719 2.4770021438598637 -0.51664298772811879 0.70117184519767772
decision_type=2 2 2 2 2 2 2 2 2 2 2 2 2 2 2 2 2 2 2 2 2 2 2 2 2 2 2 2 2 2
left_child=1 2 5 4 27 14 -7 21 12 22 11 -11 -9 -5 17 16 -16 19 -19 -1 -17 -3 24 -24 -10 -15 -27 -4 29 -8
right_child=-2 7 3 13 -6 6 28 8 9 10 -12 -13 -14 25 15 20 -18 18 -20 -21 -22 -23 23 -25 -26 26 -28 -29 -30 -31
leaf_value=-0.011154117762623197 0.0040993399940292153 -0.0040597175337700516 0.0068601588028832337 0.021556572024054175 0.020364341057492363 -0.014696319107019193 -0.0056650815894940818 -0.00096763377323083014 0.011886670083375805 -0.0072420725969915348 -0.0015245100817245791 0.00065097140504252868 0.021593890618586419 0.014334411261260886 -0.0095083181735975148 -0.009413318230091965 0.00028546184126850189 0.0053048415084596887 0.00036064845912768979 -0.0011935240490309176 -0.00031028096487187843 0.018728576356635128 0.0057693286035701216 -0.0042527499539353327 -0.0052701843886130825 -0.0012049423634489585 0.0028140240001770559 -0.011201215831725182 -0.0037942543614980211 0.006234188023320663
leaf_weight=868 5859 117 268 129 638 974 390 234 157 1163 45732 39437 241 267 2124 681 1032 2922 195269 3635 68300 311 1096 1151 7134 4484 7816 221 2330 1127
leaf_count=868 5859 117 268 129 638 974 390 234 157 1163 45732 39437 241 267 2124 681 1032 2922 195269 3635 68300 311 1096 1151 7134 4484 7816 221 2330 1127
internal_value=-2.47952e-05 -8.76886e-05 0.000140433 0.00268912 0.0110514 1.31975e-05 -0.00392413 -0.000782479 -0.000844513 -0.000904909 -0.000609498 0.000414033 0.0102833 0.00190701 8.36369e-05 -0.000667748 -0.0062297 0.000352567 0.000435584 -0.00322069 -0.000407199 0.0119263 -0.00354053 0.000511072 -0.0048282 0.00164754 0.00132497 -0.000832549 -0.0010573 0.00294595
internal_weight=396107 390248 293475 13823 1127 279652 4821 96773 96345 95870 86332 40600 475 12696 274831 72137 3156 202694 198191 4503 68981 428 9538 2247 7291 12567 12300 489 3847 1517
internal_count=396107 390248 293475 13823 1127 279652 4821 96773 96345 95870 86332 40600 475 12696 274831 72137 3156 202694 198191 4503 68981 428 9538 2247 7291 12567 12300 489 3847 1517
is_linear=0
shrinkage=0.03


Tree=16
num_leaves=31
num_cat=0
split_feature=256 55 193 51 296 203 58 1 46 57 238 56 100 118 118 238 220 50 228 230 200 65 264 230 80 118 232 109 145 232
split_gain=106.445 68.749 114.389 98.8888 92.994 83.6645 76.7202 155.944 89.0758 74.8929 74.1538 69.996 69.5943 61.4774 65.1605 61.1518 71.2931 77.4096 62.9343 57.7174 57.3527 107.536 54.4525 48.7414 48.4864 47.2983 50.0198 67.7816 46.1598 45.3631
threshold=2.1758346557617192 1.5595589876174929 0.1438030228018761 0.26751390099525457 -2.4093514680862422 1.4960296154022219 1.8279981017112734 -2.0957068204879756 -0.23660913854837415 -0.4294793158769607 -0.3561521023511886 0.93475818634033214 2.2238250970840459 -0.15139639377593991 1.0001556873321535 -0.68016943335533131 -1.1027317643165586 0.92626890540122997 -1.309286296367645 0.16152784973382953 -1.3218416571617124 -1.5845428705215452 -1.6833963990211485 -1.5721129179000852 0.5186314880847932 1.0001556873321535 2.2337603569030766 1.8127611279487612 0.18773037195205691 1.0099207758903506
decision_type=2 2 2 2 2 2 2 2 2 2 2 2 2 2 2 2 2 2 2 2 2 2 2 2 2 2 2 2 2 2
left_child=1 3 9 5 -5 6 13 -8 -9 -3 -11 -7 -4 28 -15 18 17 -17 23 -20 21 -12 -18 -6 -22 -2 27 29 -1 -27
right_child=25 2 12 4 15 11 7 8 -10 10 20 -13 -14 14 -16 16 22 -19 19 -21 24 -23 -24 -25 -26 26 -28 -29 -30 -31
leaf_value=1.4815481140288394e-05 0.0065003775142791547 0.014277525241083822 -0.0019086677209489134 -0.016425452059072618 -0.0084695029384642823 0.0029659782945028771 -0.015734375380016524 0.0025702884912207741 -0.0086978185190233915 -0.003308381278172773 0.0034277893257505798 0.015791230473858525 0.0057881038742359338 0.00088726882197605837 -0.0016046822522640517 0.0016717770815404427 -0.0071574273207065794 0.015190723917871633 -0.007918673262665727 -0.0022862854501724248 0.0014659220379867792 0.018009670632722616 -0.00063763983053219267 0.011997634058547486 0.011125638885278021 -0.0027730373828580204 0.006143682233605092 -0.010238055781315638 -0.0013575315932425505 0.010832440879254933
leaf_weight=109236 3196 620 6872 328 105 3284 800 2027 885 1198 1360 438 1219 109385 10240 2220 1158 462 2032 10084 4159 732 93335 410 530 488 944 601 27490 345
leaf_count=109236 3196 620 6872 328 105 3284 800 2027 885 1198 1360 438 1219 109385 10240 2220 1158 462 2032 10084 4159 732 93335 410 530 488 944 601 27490 345
internal_value=4.5479e-06 -5.35371e-05 0.00182787 -0.00013841 -0.000893813 0.000175888 0.000110612 -0.00415657 -0.000787908 0.00423794 0.00338657 0.00463174 -0.000700663 0.000173891 0.000671216 -0.000841705 -0.000582248 0.00420678 -0.00281001 -0.00326712 0.00461973 0.00879433 -0.000722211 0.00710335 0.00266409 0.00411423 0.000754719 -0.00262221 -0.000259072 0.00263205
internal_weight=396183 390609 16690 373919 110134 263785 260063 3712 2912 8599 7979 3722 8091 256351 119625 109806 97175 2682 12631 12116 6781 2092 94493 515 4689 5574 2378 1434 136726 833
internal_count=396183 390609 16690 373919 110134 263785 260063 3712 2912 8599 7979 3722 8091 256351 119625 109806 97175 2682 12631 12116 6781 2092 94493 515 4689 5574 2378 1434 136726 833
is_linear=0
shrinkage=0.03


Tree=17
num_leaves=31
num_cat=0
split_feature=112 171 197 219 295 229 186 84 44 237 58 298 167 118 172 153 113 109 220 230 41 135 69 153 157 226 10 102 237 190
split_gain=101.633 90.5752 138.537 74.505 116.641 84.4556 105.025 187.528 107.024 73.4106 97.4234 63.2383 58.7352 50.2043 45.2849 46.2233 43.4895 63.6661 45.4933 43.3772 52.2866 55.2827 51.2304 87.6198 55.2171 43.7282 43.3057 52.3979 50.9127 49.3427
threshold=2.333523273468018 0.24520365893840793 1.7439115643501284 -1.7612183690071104 -0.88816520571708668 -0.10099418461322783 -2.3598543405532832 -2.1075363159179683 0.14162825793027881 0.9026305377483369 0.41375538706779486 0.45968952775001531 -0.52172183990478505 -1.4739182591438291 -0.066079687327146516 -2.3336323499679561 1.5836644768714907 1.8127611279487612 -1.0220189690589903 -0.38384005427360529 -0.1050591506063938 -0.037043513730168336 0.58347001671791088 0.55576312541961681 -0.55208554863929737 -1.4593891501426695 -2.3833104372024532 2.2531436681747441 -0.096719611436128602 0.7162187695503236
decision_type=2 2 2 2 2 2 2 2 2 2 2 2 2 2 2 2 2 2 2 2 2 2 2 2 2 2 2 2 2 2
left_child=1 2 19 4 14 11 7 -7 -9 10 -6 -5 -4 -14 -3 -16 17 -8 -18 20 22 -22 24 -24 -1 -21 -2 28 -28 -29
right_child=26 3 12 5 9 6 16 8 -10 -11 -12 -13 13 -15 15 -17 18 -19 -20 25 21 -23 23 -25 -26 -27 27 29 -30 -31
leaf_value=-0.00014646240329937614 0.020289406106376008 0.0031233512060198868 -0.002583397341892973 -0.0057699691417973202 0.0054830529804485153 -0.011312390597843634 -0.00076372937615473778 0.025979847353793082 0.0038605887681248865 -0.0032617561894475963 0.02217696575201427 -0.0002160344032404066 -0.0018718965861791684 0.011244931653708773 -0.018527746094532865 0 0.016666324015506013 -0.0049103108682672586 0.00077170587197243981 0.0080977705149010027 -0.0036208852292134862 -0.00047101824380619205 -0.0038018684363645074 0.0057219387905809455 0.0014631486106802805 0.00053560690414671539 0.0085206510071511726 0.012669712910417097 -0.00079969050728311431 0.0033983836997650983
leaf_weight=73768 129 252 391 5205 1155 293 96341 423 436 379 469 3033 257 1778 288 160 147 3467 11261 678 7378 16470 5933 978 25786 133055 620 837 2798 1704
leaf_count=73768 129 252 391 5205 1155 293 96341 423 436 379 469 3033 257 1778 288 160 147 3467 11261 678 7378 16470 5933 978 25786 133055 620 837 2798 1704
internal_value=1.34662e-05 -4.59426e-05 0.000264326 -0.000718802 0.00417073 -0.000831546 -0.00061304 0.00830096 0.0154374 0.00790197 0.0106978 -0.00376697 0.00737453 0.00944033 -0.00601219 -0.0117058 -0.000709546 -0.000911728 0.00103158 0.000197309 -0.000190478 -0.0014603 9.13633e-05 -0.00239821 0.000267649 0.000577394 0.00385389 0.00338124 0.000843423 0.00664458
internal_weight=395869 389781 266472 123309 2703 120606 112368 1152 859 2003 1624 8238 2426 2035 700 448 111216 99808 11408 264046 130313 23848 106465 6911 99554 133733 6088 5959 3418 2541
internal_count=395869 389781 266472 123309 2703 120606 112368 1152 859 2003 1624 8238 2426 2035 700 448 111216 99808 11408 264046 130313 23848 106465 6911 99554 133733 6088 5959 3418 2541
is_linear=0
shrinkage=0.03


Tree=18
num_leaves=31
num_cat=0
split_feature=210 161 55 208 284 237 239 320 151 63 294 228 58 104 191 230 146 161 248 315 174 38 117 167 14 182 26 236 215 96
split_gain=98.199 73.7909 94.2927 92.4358 95.924 104.791 68.0742 64.6536 61.95 120.884 60.8398 56.6109 60.3764 67.3714 66.0496 59.8643 81.245 55.3751 55.2955 54.2836 53.929 52.4672 49.9096 43.6974 41.7962 45.8556 42.2653 40.5302 42.7205 43.9896
threshold=2.1490887403488164 0.10833536460995676 1.2163448929786684 -1.8723338842391966 -1.6286353468894956 0.029053259640932087 0.11047986149787904 -0.023559244349598881 -0.14600433409214017 -2.668401718139648 -2.4823037385940547 -1.6043362617492674 -0.78700542449951161 -1.8857900500297544 1.1939844489097597 -0.30923344194889063 0.074901681393384947 0.77218601107597362 0.84311619400978099 0.0016549716237932446 0.13341992348432544 -1.98660671710968 -1.1009995341300962 -1.5075362920761106 -0.73967570066452015 -1.1001667380332945 -0.40946532785892481 -0.032538205385208123 -0.44567669928073878 -0.63770750164985646
decision_type=2 2 2 2 2 2 2 2 2 2 2 2 2 2 2 2 2 2 2 2 2 2 2 2 2 2 2 2 2 2
left_child=1 2 7 4 5 -4 -7 10 17 -10 23 12 14 -14 -9 16 -13 27 21 24 -17 -19 -23 -1 26 -26 -11 -3 29 -29
right_child=-2 8 3 -5 -6 6 -8 11 9 19 -12 15 13 -15 -16 20 -18 18 -20 -21 -22 22 -24 -25 25 -27 -28 28 -30 -31
leaf_value=-0.0097953661359697353 0.0038545243946091121 -0.0033383007467990347 0.016593481255389873 0.0016139106770098398 0.015392074095383915 -0.012101083816492615 0.0065012074665860816 0.0031539151280038026 0.022379116998852363 -0.0018805663101679551 -0.0012266550705157717 -5.1188625502901284e-05 -0.0023387766434679459 0.0025493987488274922 0.020976557223753411 0.0010905800581178381 -0.0024187979656349343 0.0091493118012643589 0.011860238975845276 0.0015614339011621053 -0.00029679919517890216 0.006412428715613796 -0.0084519058779077803 0.0076034784307703373 -0.006173548292749154 -0.0006367928263146022 0.0038939862814594281 -0.00033163533762949727 -0.0012672318292898939 0.007961827594800722
leaf_weight=1275 5879 5998 285 7171 1014 408 263 8923 190 1586 7620 84369 4834 5276 179 70325 15473 149 125 11648 38845 181 2902 110 1358 106769 3533 1136 7489 1023
leaf_count=1275 5879 5998 285 7171 1014 408 263 8923 190 1586 7620 84369 4834 5276 179 70325 15473 149 125 11648 38845 181 2902 110 1358 106769 3533 1136 7489 1023
internal_value=1.21771e-05 -4.51022e-05 0.000269455 0.00325757 0.00901356 0.00176392 -0.00439858 0.000152786 -0.000584998 -0.000339526 -0.00233443 0.000252434 0.00181099 0.000182546 0.00358253 0.00010758 -0.000421524 -0.00218295 -0.00569784 -0.000380067 0.00059421 -0.00653793 -0.00744685 -0.00811142 -0.00058265 -0.000710233 0.00204615 -0.00140334 -0.000164959 0.00349739
internal_weight=396336 390457 246370 9141 1970 956 671 237229 144087 125084 9005 228224 19212 10110 9102 209012 99842 19003 3357 124894 109170 3232 3083 1385 113246 108127 5119 15646 9648 2159
internal_count=396336 390457 246370 9141 1970 956 671 237229 144087 125084 9005 228224 19212 10110 9102 209012 99842 19003 3357 124894 109170 3232 3083 1385 113246 108127 5119 15646 9648 2159
is_linear=0
shrinkage=0.03


Tree=19
num_leaves=31
num_cat=0
split_feature=51 51 203 239 238 20 20 115 242 279 44 114 32 197 60 108 174 162 230 57 166 58 55 299 116 167 317 102 282 76
split_gain=101.174 102.472 118.916 68.7822 63.6195 57.8373 54.8476 71.8685 76.3913 53.4908 62.9781 64.7285 72.855 52.7411 50.2345 48.8714 48.2836 45.2484 63.9064 57.2456 57.4806 54.7095 112.63 73.5702 49.4026 40.2466 38.9448 38.5186 52.2555 37.9761
threshold=2.3126844167709355 0.16235266625881198 1.4960296154022219 -0.24191074818372724 -0.82770881056785572 2.1666909456253056 2.1666909456253056 -0.58771488070487965 -0.4005440473556518 -1.0309537053108213 -1.8472006320953367 0.85714092850685131 -1.8328606486320493 1.7439115643501284 0.97361570596694957 -1.5447502136230467 0.65811529755592357 1.0000000180025095e-35 -0.30923344194889063 1.5411393046379092 0.29264038801193243 -0.34065438807010645 1.8699700832366946 1.5693700909614565 0.86102721095085155 0.13653429597616198 -0.0029429658316075798 -1.3795664906501768 -1.0003084540367124 -2.119938731193542
decision_type=2 2 2 2 2 2 2 2 2 2 2 2 2 2 2 2 2 2 2 2 2 2 2 2 2 2 2 2 2 2
left_child=1 2 17 -2 6 13 7 8 -3 10 -6 16 -13 -4 -15 -9 -12 18 21 20 24 23 -23 -1 -19 -22 -17 -11 -29 -20
right_child=3 4 5 -5 9 -7 -8 15 -10 27 11 12 -14 14 -16 26 -18 19 29 -21 25 22 -24 -25 -26 -27 -28 28 -30 -31
leaf_value=0.00064642668465073006 0.0075904102333543234 -0.014669268888905495 0.0043219962006903938 0.0010094564418627286 -0.0065530625479577435 -0.0008757802117567141 0.0044692825800494137 0.010817853915881952 -0.003188768346140315 0.012094969178839886 0.0037175115996921537 0.023338135455091179 0.0051551593575508651 0.02582627501343104 0.0084831933964358928 -0.0032176592420729996 -0.0055130746404490599 -0.0013308857989530053 0.0071501846702925103 -0.0091294146066993129 0.0047115531082624687 -0.00068185166246432344 0.011109492184037143 0.015693081096632758 0.0048105428875427842 0.0003769197746281331 0.0018290257587996537 -0.0094878153904187218 -0.00059079234819720645 0.0011157105968956087
leaf_weight=55732 2550 925 2287 3519 534 982 854 231 1397 192 2085 274 886 219 818 8480 636 35390 954 668 2159 64755 715 276 1181 19003 1548 582 122408 63600
leaf_count=55732 2550 925 2287 3519 534 982 854 231 1397 192 2085 274 886 219 818 8480 636 35390 954 668 2159 64755 715 276 1181 19003 1548 582 122408 63600
internal_value=1.72177e-06 -5.74622e-05 0.000307969 0.00383968 -0.000704055 0.0052415 -0.00267125 -0.00318608 -0.00797649 -0.000494187 0.00273064 0.00411196 0.0100271 0.00713285 0.012849 -0.00205924 0.00142604 0.00021941 0.000448955 -0.000506558 -0.000398466 4.10152e-05 -0.000545144 0.000731504 -0.00112184 0.000837344 -0.00240667 -0.000612629 -0.000636868 0.00121172
internal_weight=395840 389771 248739 6069 141032 4306 13435 12581 2322 127597 4415 3881 1160 3324 1037 10259 2721 244433 186032 58401 57733 121478 65470 56008 36571 21162 10028 123182 122990 64554
internal_count=395840 389771 248739 6069 141032 4306 13435 12581 2322 127597 4415 3881 1160 3324 1037 10259 2721 244433 186032 58401 57733 121478 65470 56008 36571 21162 10028 123182 122990 64554
is_linear=0
shrinkage=0.03


Tree=20
num_leaves=31
num_cat=0
split_feature=212 284 266 100 32 233 57 236 204 282 98 254 62 98 236 58 317 212 298 172 58 236 117 210 217 179 232 293 225 237
split_gain=76.3794 60.7321 80.5384 92.2555 107.365 77.1798 77.9058 66.1506 87.0282 101.439 60.1543 56.1331 63.8405 70.5077 55.9521 59.3334 55.7696 54.5082 51.1327 49.2241 59.4081 47.1968 46.2344 45.9489 63.7476 44.1107 43.6065 95.5752 43.7676 42.7823
threshold=2.1617445945739751 1.0000000180025095e-35 -0.95571458339691151 0.70738387107849132 0.29676277935504919 -0.99185594916343678 0.21094898879528048 1.181547284126282 -0.77949029207229603 -1.9197340011596677 1.7597663998603823 1.3427340388298037 0.39099681377410894 -2.2967897653579707 -2.0546247959136958 -0.57389381527900685 -0.021575986407697197 -1.4868872165679929 -1.9369999170303343 -1.3105232715606687 -0.27568103373050684 -0.30392923951148981 -2.4539972543716426 -1.8751720786094663 -0.44322289526462549 -0.13848984986543653 1.7830892205238345 0.031289828941226012 -0.10123011097311972 0.55380171537399303
decision_type=2 2 2 2 2 2 2 2 2 2 2 2 2 2 2 2 2 2 2 2 2 2 2 2 2 2 2 2 2 2
left_child=1 7 3 4 5 21 -7 11 9 29 -2 12 16 -14 15 25 18 -15 -1 20 -16 -3 -18 -11 -25 -4 27 28 -12 -9
right_child=10 2 14 -5 -6 6 -8 8 -10 23 26 -13 13 17 19 -17 22 -19 -20 -21 -22 -23 -24 24 -26 -27 -28 -29 -30 -31
leaf_value=-0.0074747680697751133 -0.0026853547970841366 0.011597806907629068 -0.0037260945336721313 -0.015576500944630882 0.019406424368980352 -0.0077092034686062939 -0.00086429975150887988 0.0081264236067565016 -4.1652046430940412e-05 0.01896675329442327 -0.0039771498173258937 0.0045278634824099852 0.014055883166682819 -0.010617004924537375 -1.764650318633627e-05 0.00041970764902784851 0.0036527438878505756 -0.0012634958436752253 -0.0010250476008075227 -0.00035843415408704963 0.013902524180895806 -0.0083916120494024887 0.00031496076215931128 0.0045540668102738912 0.018494057790428634 -0.017046432540440599 0.0079084013911324726 -0.0020221120530748865 0.013826922349512433 -0.0059904072194180407
leaf_weight=1345 1109 448 576 525 171 2987 3212 240 3637 428 114 2576 242 565 547 758 3817 24623 6856 155190 462 104 178073 1669 380 469 2267 1645 634 656
leaf_count=1345 1109 448 576 525 171 2987 3212 240 3637 428 114 2576 242 565 547 758 3817 24623 6856 155190 462 104 178073 1669 380 469 2267 1645 634 656
internal_value=-3.40616e-05 -8.55095e-05 -0.000522405 -0.00357176 -0.00257579 -0.00323258 -0.00422495 0.000234285 0.00310065 0.00655759 0.00338535 0.000140504 8.62572e-05 -0.00132278 -0.000376349 -0.00561159 0.000276452 -0.00149347 -0.00213493 -0.000313288 0.0062109 0.00714548 0.000387048 0.00968624 0.00743811 -0.0101939 0.00489948 0.00188274 0.0106899 -0.00178673
internal_weight=396325 390556 165449 7447 6922 6751 6199 225107 7010 3373 5769 218097 215521 25430 158002 1803 190091 25188 8201 156199 1009 552 181890 2477 2049 1045 4660 2393 748 896
internal_count=396325 390556 165449 7447 6922 6751 6199 225107 7010 3373 5769 218097 215521 25430 158002 1803 190091 25188 8201 156199 1009 552 181890 2477 2049 1045 4660 2393 748 896
is_linear=0
shrinkage=0.03


Tree=21
num_leaves=31
num_cat=0
split_feature=93 102 81 320 293 51 298 124 285 100 296 16 352 111 236 56 172 167 114 98 74 167 226 162 193 122 232 175 227 357
split_gain=100.027 72.0364 59.1622 49.214 73.1828 52.2267 48.3151 57.3999 53.1774 82.5271 50.431 43.6131 43.6314 43.5139 54.4114 41.7718 86.7816 77.8355 49.8018 93.9457 63.4363 40.99 39.8829 36.4554 36.3744 35.9567 35.1412 46.5497 40.1743 34.1486
threshold=2.1760739088058476 0.034626873210072524 -2.8265633583068843 -0.023559244349598881 -2.5113228559494014 2.3126844167709355 -0.51080116629600514 -0.62135401368141163 -1.0288441777229307 0.25585614144802099 -0.85556399822235096 0.22267571091651919 -0.0079211471602320654 -0.80178433656692494 -1.2323250770568845 -2.427737712860107 -0.098494958132505403 -1.2439519166946409 -1.3584500551223753 -1.9970309138298032 1.0047887563705447 0.033954316750168807 0.84255510568618786 1.5502983927726748 1.4957821965217593 0.14695168286561969 0.34103919565677648 1.4187765717506411 -0.13465000689029691 -0.010728899855166672
decision_type=2 2 2 2 2 2 2 2 2 2 2 2 2 2 2 2 2 2 2 2 2 2 2 2 2 2 2 2 2 2
left_child=1 3 -3 4 29 15 7 13 9 -8 -10 12 -2 -4 -15 16 17 -5 20 -20 -17 -12 -7 -13 25 -25 28 -28 -9 -1
right_child=11 2 6 5 -6 22 8 26 10 -11 21 23 -14 14 -16 18 -18 -19 19 -21 -22 -23 -24 24 -26 -27 27 -29 -30 -31
leaf_value=-0.0030278139025860418 0.019411038065959205 0.014815835521960009 0.002473296577851892 0.0019051705213584118 -0.00062080708411767173 0.013325126348048706 -0.0055863935041685249 -0.0027304915645010742 0.0029185401653471906 0.017057694048747761 -0.0014916748190407583 -0.0014959095296564863 0 -0.015455545184541274 -0.0045049281898556989 -0.0013925290780842665 -0.014975217576788435 0.01183398301054301 0.0037989147944001681 0.00034394822615305663 0.0070670333690274886 -0.0001625266400834874 -0.0046493042348697781 0.0069261178232247417 0.0059645096595104851 -0.0038105117842500398 -0.0034453018503269764 0.0030701846278980683 0.00078007681321985982 -0.012965589256270716
leaf_weight=777 286 205 539 3101 8010 457 194 4023 4107 365 26600 1135 117 503 2995 20369 195 951 7366 188468 801 100231 105 407 3260 798 7618 1069 10559 674
leaf_count=777 286 205 539 3101 8010 457 194 4023 4107 365 26600 1135 117 503 2995 20369 195 951 7366 188468 801 100231 105 407 3260 798 7618 1069 10559 674
internal_value=3.94851e-05 -1.89574e-05 -0.00051119 0.000318185 -0.00179268 0.000409726 -0.000534728 -0.00168491 -0.000293386 0.00875945 -0.000335657 0.00387635 0.0134066 -0.00499952 -0.00624378 0.000384668 0.00333189 0.0043558 0.000325303 0.000475808 -0.00105192 -0.000443842 0.00940708 0.00309186 0.00432643 0 -0.00109317 -0.00260386 -0.000170315 -0.00796145
internal_weight=396285 390282 159008 231274 9461 221813 158803 27306 131497 559 130938 6003 403 4037 3498 221251 4247 4052 217004 195834 21170 126831 562 5600 4465 1205 23269 8687 14582 1451
internal_count=396285 390282 159008 231274 9461 221813 158803 27306 131497 559 130938 6003 403 4037 3498 221251 4247 4052 217004 195834 21170 126831 562 5600 4465 1205 23269 8687 14582 1451
is_linear=0
shrinkage=0.03


Tree=22
num_leaves=31
num_cat=0
split_feature=210 171 198 115 219 49 108 133 206 238 231 48 238 260 224 106 239 44 49 182 161 212 54 298 0 46 172 163 108 176
split_gain=91.9923 55.6354 77.622 72.7132 147.337 96.3942 78.9085 137.683 82.4177 64.9637 54.5823 53.9651 52.1232 50.0789 50.0158 52.4065 79.8247 47.9016 45.9604 42.1625 41.5685 50.5829 41.5547 39.4675 47.9454 49.5348 35.6979 37.6912 35.2971 34.8868
threshold=2.1490887403488164 0.32327765226364141 1.7428400516510012 -0.58771488070487965 -1.7612183690071104 -0.57128670811653126 1.2395163178443911 -2.4040362834930415 2.1342437267303471 -0.6150149106979369 -0.099197007715702043 -0.53328499197959889 -1.3968394398689268 2.1675293445587163 1.1942512392997744 1.1932695508003237 -0.97825384140014637 -1.8472006320953367 -0.4515079110860824 -0.36189961433410639 1.356371343135834 1.7556139230728152 -0.43116228282451624 -0.51080116629600514 1.0603368878364565 0.55224147439003002 -0.032762691378593438 -1.8274791240692136 -1.3923693895339964 0.49251030385494238
decision_type=2 2 2 2 2 2 2 2 2 2 2 2 2 2 2 2 2 2 2 2 2 2 2 2 2 2 2 2 2 2
left_child=1 2 14 9 5 29 10 -8 -9 19 18 -12 28 23 15 20 -17 -14 -6 26 22 -22 -1 -4 -25 -26 -3 -28 -7 -5
right_child=-2 3 13 4 6 12 7 8 -10 -11 11 -13 17 -15 -16 16 -18 -19 -20 -21 21 -23 -24 24 25 -27 27 -29 -30 -31
leaf_value=-0.00028627324081238872 0.003731872618519436 0 0.00039418599447706355 0.0073259645376264225 -0.0039084514718967086 0.012005042223598468 0.017732100515157483 0.0010293453604452623 -0.0075601236226602586 -0.00074800041340219862 -0.0067512536970741619 -0.0010321688057089496 0.00059780376681297178 -0.00082394331198016072 0.0042736259366608492 -0.020338881156966089 -0.0018004599946911364 0.019022459838002114 0.0083791609773336637 -0.0036034596971768213 -0.0069514137166956621 0.010873891781546815 0.00046399641437103872 0.022966437745282228 0.00072347529141935458 0.016933502364112063 -0.0041863057854126633 -0.018685110637735772 -0.0063042956608281063 -0.0055458346657645827
leaf_weight=115865 5831 225 425 269 329 145 413 21185 1030 2847 1516 78942 193 617 2572 255 1097 785 958 1432 1287 131 154868 274 493 280 315 621 190 507
leaf_count=115865 5831 225 425 269 329 145 413 21185 1030 2847 1516 78942 193 617 2572 255 1097 785 958 1432 1287 131 154868 274 493 280 315 621 190 507
internal_value=-1.13285e-06 -5.78942e-05 0.000168507 -0.000623288 -0.000446857 0.00739303 -0.000608031 0.000952276 0.00061116 -0.00400686 -0.00104374 -0.00114531 0.0123011 0.00590511 0.000123588 8.31552e-05 -0.00576116 0.015772 0.00499676 -0.00743702 0.000113712 -0.00496769 0.0001418 0.00889996 0.0119994 0.00725245 -0.0117703 -0.0143092 0.00100544 -0.000634989
internal_weight=395897 390066 278164 111902 106462 2089 104373 22628 22215 5440 81745 80458 1313 2089 276075 273503 1352 978 1287 2593 272151 1418 270733 1472 1047 773 1161 936 335 776
internal_count=395897 390066 278164 111902 106462 2089 104373 22628 22215 5440 81745 80458 1313 2089 276075 273503 1352 978 1287 2593 272151 1418 270733 1472 1047 773 1161 936 335 776
is_linear=0
shrinkage=0.03


Tree=23
num_leaves=31
num_cat=0
split_feature=93 171 197 115 98 49 6 24 55 58 233 238 297 224 180 46 114 320 152 5 95 55 182 29 7 232 114 288 218 122
split_gain=89.4662 55.1896 112.977 79.326 119.256 82.3864 63.9918 142.99 85.7802 64.0911 59.9804 59.4178 51.2646 48.6473 48.5643 53.0214 46.3095 79.4567 100.134 65.467 66.3599 63.8811 46.0861 45.236 40.2958 37.006 59.8039 61.1896 47.491 33.4882
threshold=2.1760739088058476 0.32327765226364141 1.7439115643501284 -0.58771488070487965 -1.9970309138298032 -0.80456185340881337 -2.373992800712585 -2.1114987134933467 0.41596372425556188 -1.0072154402732847 0.78239730000495922 -0.68016943335533131 1.368328392505646 1.1942512392997744 0.69533357024192821 -0.72412443161010731 -1.3584500551223753 -0.024404488503932949 -1.1337926983833311 -2.7026687860488887 -2.3384269475936885 1.5595589876174929 -0.36189961433410639 -1.4973221421241758 0.6964591145515443 1.7830892205238345 0.23326714336872104 1.8103814125061037 1.7354007363319399 -1.8819928765296934
decision_type=2 2 2 2 2 2 2 2 2 2 2 2 2 2 2 2 2 2 2 2 2 2 2 2 2 2 2 2 2 2
left_child=1 2 13 11 5 -5 7 9 -9 -6 12 22 -8 16 24 -16 17 -1 -19 20 -18 -21 29 -12 -4 26 -2 -28 -27 -3
right_child=25 3 14 4 6 -7 10 8 -10 -11 23 -13 -14 -15 15 -17 19 18 -20 21 -22 -23 -24 -25 -26 28 27 -29 -30 -31
leaf_value=-0.0075177246371943207 0.0062422619213555134 -0.0029888482462320349 0 -0.0023678646319876275 0.011276255149995302 0.012344794600135135 -0.0011135093418971178 -0.00031292873329053129 0.019585226137836732 -0.0092120713190616734 0.0077379521591987317 -0.0010864162351771512 -0.0052467896002431017 0.0042386453228219481 -0.0080655358499774829 0.0065021228043408057 0.0026176809712524832 0.0010240722843662278 -0.0025511015604477872 0.00024489569475668737 -0.0077610211640338177 0.0055145052287456416 -0.0034592674485249301 -1.1824041683159597e-05 0.022834308484635715 -0.0038830163400763503 0.0020731173993376911 -0.0085825056413007007 0.0079275934588003555 -0.015730059959007406
leaf_weight=1587 1399 341 104 445 152 1075 48371 240 606 550 666 2849 2896 2569 224 1705 741 15067 13114 238695 1756 2075 1342 51622 260 305 1272 734 2275 767
leaf_count=1587 1399 341 104 445 152 1075 48371 240 606 550 666 2849 2896 2569 224 1705 741 15067 13114 238695 1756 2075 1342 51622 260 305 1272 734 2275 767
internal_value=2.88159e-05 -2.63977e-05 0.000199332 -0.00058949 -0.000407919 0.00786785 -0.000531931 0.00546405 0.0137171 -0.00417087 -0.000625497 -0.00417127 -0.0013548 0.000142798 0.00680473 0.00459116 0.000102854 -0.00101172 -0.000629623 0.000240546 -0.00456556 0.00029201 -0.00759921 8.40716e-05 0.0169041 0.00366309 0.00147884 -0.00172396 0.00639686 -0.0121973
internal_weight=395804 389819 277897 111922 106623 1520 105103 1548 846 702 103555 5299 51267 275604 2293 1929 273035 29768 28181 243267 2497 240770 2450 52288 364 5985 3405 2006 2580 1108
internal_count=395804 389819 277897 111922 106623 1520 105103 1548 846 702 103555 5299 51267 275604 2293 1929 273035 29768 28181 243267 2497 240770 2450 52288 364 5985 3405 2006 2580 1108
is_linear=0
shrinkage=0.03


end of trees

feature_importances:
CLOSE4=21
OPEN17=19
CLOSE1=18
LOW1=15
LOW3=13
LOW2=13
OPEN26=12
LOW7=11
VWAP1=10
CLOSE3=9
HIGH7=9
LOW29=9
VWAP3=9
CLOSE22=8
CLOSE8=8
CLOSE7=8
CLOSE2=8
OPEN19=8
OPEN7=8
OPEN1=8
LOW11=8
LOW0=8
VWAP0=8
OPEN6=7
HIGH57=7
HIGH21=7
HIGH12=7
LOW9=7
LOW6=7
CLOSE23=6
CLOSE15=6
CLOSE9=6
OPEN5=6
OPEN4=6
HIGH8=6
LOW5=6
VWAP13=6
VWAP10=6
CLOSE54=5
CLOSE36=5
CLOSE20=5
CLOSE10=5
OPEN21=5
HIGH18=5
HIGH17=5
HIGH1=5
HIGH0=5
VWAP17=5
VWAP15=5
CLOSE6=4
OPEN3=4
HIGH26=4
HIGH22=4
HIGH4=4
LOW59=4
LOW31=4
LOW21=4
LOW14=4
VWAP14=4
VOLUME39=4
CLOSE58=3
CLOSE48=3
CLOSE31=3
CLOSE18=3
CLOSE14=3
CLOSE13=3
CLOSE11=3
OPEN59=3
OPEN53=3
OPEN15=3
OPEN11=3
OPEN10=3
OPEN8=3
HIGH55=3
HIGH32=3
HIGH15=3
HIGH13=3
HIGH5=3
HIGH3=3
LOW57=3
LOW51=3
LOW46=3
LOW42=3
LOW40=3
LOW36=3
LOW27=3
LOW22=3
LOW20=3
LOW15=3
LOW13=3
LOW12=3
LOW10=3
LOW4=3
VWAP43=3
VWAP6=3
VWAP2=3
CLOSE57=2
CLOSE53=2
CLOSE52=2
CLOSE46=2
CLOSE45=2
CLOSE43=2
CLOSE39=2
CLOSE32=2
CLOSE30=2
CLOSE27=2
CLOSE19=2
CLOSE17=2
CLOSE12=2
CLOSE5=2
OPEN47=2
OPEN39=2
OPEN38=2
OPEN29=2
OPEN22=2
OPEN18=2
OPEN12=2
OPEN2=2
HIGH59=2
HIGH33=2
HIGH27=2
HIGH24=2
HIGH16=2
HIGH2=2
LOW53=2
LOW41=2
LOW39=2
LOW33=2
LOW32=2
LOW19=2
LOW8=2
VWAP48=2
VWAP39=2
VWAP33=2
VWAP26=2
VWAP20=2
VWAP19=2
VWAP18=2
VWAP11=2
VWAP9=2
VWAP5=2
VWAP4=2
VOLUME42=2
CLOSE59=1
CLOSE49=1
CLOSE42=1
CLOSE40=1
CLOSE37=1
CLOSE35=1
CLOSE34=1
CLOSE33=1
CLOSE25=1
CLOSE21=1
OPEN58=1
OPEN57=1
OPEN56=1
OPEN55=1
OPEN54=1
OPEN50=1
OPEN46=1
OPEN45=1
OPEN43=1
OPEN41=1
OPEN35=1
OPEN34=1
OPEN33=1
OPEN31=1
OPEN30=1
OPEN27=1
OPEN25=1
OPEN24=1
OPEN23=1
OPEN13=1
OPEN9=1
OPEN0=1
HIGH49=1
HIGH46=1
HIGH44=1
HIGH43=1
HIGH42=1
HIGH41=1
HIGH34=1
HIGH31=1
HIGH30=1
HIGH29=1
HIGH28=1
HIGH25=1
HIGH20=1
HIGH19=1
HIGH10=1
HIGH6=1
LOW56=1
LOW54=1
LOW49=1
LOW48=1
LOW38=1
LOW35=1
LOW34=1
LOW24=1
LOW23=1
LOW18=1
VWAP58=1
VWAP57=1
VWAP51=1
VWAP45=1
VWAP42=1
VWAP35=1
VWAP24=1
VWAP21=1
VWAP12=1
VWAP8=1
VWAP7=1
VOLUME44=1
VOLUME24=1
VOLUME19=1
VOLUME15=1
VOLUME7=1
VOLUME2=1

parameters:
[boosting: gbdt]
[objective: regression]
[metric: l2]
[tree_learner: serial]
[device_type: gpu]
[data_sample_strategy: bagging]
[data: ]
[valid: ]
[num_iterations: 500]
[learning_rate: 0.03]
[num_leaves: 31]
[num_threads: 12]
[seed: 20260812]
[deterministic: 0]
[force_col_wise: 1]
[force_row_wise: 0]
[histogram_pool_size: -1]
[max_depth: 7]
[min_data_in_leaf: 100]
[min_sum_hessian_in_leaf: 0.001]
[bagging_fraction: 0.8]
[pos_bagging_fraction: 1]
[neg_bagging_fraction: 1]
[bagging_freq: 1]
[bagging_seed: 20260812]
[bagging_by_query: 0]
[feature_fraction: 0.8]
[feature_fraction_bynode: 1]
[feature_fraction_seed: 20260812]
[extra_trees: 0]
[extra_seed: 9622]
[early_stopping_round: 0]
[early_stopping_min_delta: 0]
[first_metric_only: 0]
[max_delta_step: 0]
[lambda_l1: 10]
[lambda_l2: 20]
[linear_lambda: 0]
[min_gain_to_split: 0]
[drop_rate: 0.1]
[max_drop: 50]
[skip_drop: 0.5]
[xgboost_dart_mode: 0]
[uniform_drop: 0]
[drop_seed: 26770]
[top_rate: 0.2]
[other_rate: 0.1]
[min_data_per_group: 100]
[max_cat_threshold: 32]
[cat_l2: 10]
[cat_smooth: 10]
[max_cat_to_onehot: 4]
[top_k: 20]
[monotone_constraints: ]
[monotone_constraints_method: basic]
[monotone_penalty: 0]
[feature_contri: ]
[forcedsplits_filename: ]
[refit_decay_rate: 0.9]
[cegb_tradeoff: 1]
[cegb_penalty_split: 0]
[cegb_penalty_feature_lazy: ]
[cegb_penalty_feature_coupled: ]
[path_smooth: 0]
[interaction_constraints: ]
[verbosity: 1]
[saved_feature_importance_type: 0]
[use_quantized_grad: 0]
[num_grad_quant_bins: 4]
[quant_train_renew_leaf: 0]
[stochastic_rounding: 1]
[linear_tree: 0]
[max_bin: 63]
[max_bin_by_feature: ]
[min_data_in_bin: 3]
[bin_construct_sample_cnt: 200000]
[data_random_seed: 20260812]
[is_enable_sparse: 1]
[enable_bundle: 1]
[use_missing: 1]
[zero_as_missing: 0]
[feature_pre_filter: 1]
[pre_partition: 0]
[two_round: 0]
[header: 0]
[label_column: ]
[weight_column: ]
[group_column: ]
[ignore_column: ]
[categorical_feature: ]
[forcedbins_filename: ]
[precise_float_parser: 0]
[parser_config_file: ]
[objective_seed: 6428]
[num_class: 1]
[is_unbalance: 0]
[scale_pos_weight: 1]
[sigmoid: 1]
[boost_from_average: 1]
[reg_sqrt: 0]
[alpha: 0.9]
[fair_c: 1]
[poisson_max_delta_step: 0.7]
[tweedie_variance_power: 1.5]
[lambdarank_truncation_level: 30]
[lambdarank_norm: 1]
[label_gain: ]
[lambdarank_position_bias_regularization: 0]
[eval_at: ]
[multi_error_top_k: 1]
[auc_mu_weights: ]
[num_machines: 1]
[local_listen_port: 12400]
[time_out: 120]
[machine_list_filename: ]
[machines: ]
[gpu_platform_id: 0]
[gpu_device_id: 0]
[gpu_use_dp: 1]
[num_gpu: 1]

end of parameters

pandas_categorical:null
