tree
version=v4
num_class=1
num_tree_per_iteration=1
label_index=0
max_feature_idx=157
objective=regression
feature_names=KMID KLEN KMID2 KUP KUP2 KLOW KLOW2 KSFT KSFT2 OPEN0 HIGH0 LOW0 VWAP0 ROC5 ROC10 ROC20 ROC30 ROC60 MA5 MA10 MA20 MA30 MA60 STD5 STD10 STD20 STD30 STD60 BETA5 BETA10 BETA20 BETA30 BETA60 RSQR5 RSQR10 RSQR20 RSQR30 RSQR60 RESI5 RESI10 RESI20 RESI30 RESI60 MAX5 MAX10 MAX20 MAX30 MAX60 MIN5 MIN10 MIN20 MIN30 MIN60 QTLU5 QTLU10 QTLU20 QTLU30 QTLU60 QTLD5 QTLD10 QTLD20 QTLD30 QTLD60 RANK5 RANK10 RANK20 RANK30 RANK60 RSV5 RSV10 RSV20 RSV30 RSV60 IMAX5 IMAX10 IMAX20 IMAX30 IMAX60 IMIN5 IMIN10 IMIN20 IMIN30 IMIN60 IMXD5 IMXD10 IMXD20 IMXD30 IMXD60 CORR5 CORR10 CORR20 CORR30 CORR60 CORD5 CORD10 CORD20 CORD30 CORD60 CNTP5 CNTP10 CNTP20 CNTP30 CNTP60 CNTN5 CNTN10 CNTN20 CNTN30 CNTN60 CNTD5 CNTD10 CNTD20 CNTD30 CNTD60 SUMP5 SUMP10 SUMP20 SUMP30 SUMP60 SUMN5 SUMN10 SUMN20 SUMN30 SUMN60 SUMD5 SUMD10 SUMD20 SUMD30 SUMD60 VMA5 VMA10 VMA20 VMA30 VMA60 VSTD5 VSTD10 VSTD20 VSTD30 VSTD60 WVMA5 WVMA10 WVMA20 WVMA30 WVMA60 VSUMP5 VSUMP10 VSUMP20 VSUMP30 VSUMP60 VSUMN5 VSUMN10 VSUMN20 VSUMN30 VSUMN60 VSUMD5 VSUMD10 VSUMD20 VSUMD30 VSUMD60
feature_infos=[-0.16749253869056702:0.23587034642696381] [0:0.33308270573616028] [-1:1] [0:0.27153289318084717] [0:1] [0:0.19577737152576447] [0:1] [-0.31147539615631104:0.23587034642696381] [-1:1] [0.80914634466171265:1.2011904716491699] [1:1.365384578704834] [0.79261672496795654:1] [0.90894031524658203:1.0927579402923584] [0.57777780294418335:1.6790908575057983] [0.54954206943511963:1.8924485445022583] [0.46860837936401367:2.2146341800689697] [0.46312057971954346:2.740487813949585] [0.36440131068229675:2.649662971496582] [0.74611109495162964:1.3455072641372681] [0.65066665410995483:1.4951817989349365] [0.60133224725723267:1.7117466926574707] [0.56646168231964111:1.9959673881530762] [0.4937971830368042:1.8649090528488159] [0:0.26957115530967712] [0:0.32280367612838745] [0:0.36472421884536743] [0:0.57258552312850952] [0:0.50059491395950317] [-0.16409091651439667:0.12254486232995987] [-0.11048160493373871:0.12254486232995987] [-0.11048160493373871:0.12254486232995987] [-0.11048160493373871:0.12254486232995987] [-0.11048160493373871:0.12254486232995987] [0:1] [0:1] [0:1] [0:1] [0:1] [-0.15193372964859009:0.13264167308807373] [-0.24554997682571411:0.20802642405033112] [-0.40848860144615173:0.27864286303520203] [-0.44566619396209717:0.33016127347946167] [-0.96870207786560059:0.3971981406211853] [1:1.6472727060317993] [1:1.9298244714736938] [1:2.2439024448394775] [1:3.3160974979400635] [1:3.3160974979400635] [0.5718809962272644:1] [0.54045307636260986:1] [0.4660193920135498:1] [0.43721681833267212:1] [0.34664765000343323:1] [0.86488890647888184:1.4843636751174927] [0.72140765190124512:1.7869091033935547] [0.59200000762939453:2.054157018661499] [0.56569522619247437:2.423609733581543] [0.56576049327850342:2.3250908851623535] [0.60694897174835205:1.2689855098724365] [0.54922223091125488:1.4057971239089966] [0.49352750182151794:1.5574545860290527] [0.47533980011940002:1.5740000009536743] [0.39857602119445801:1.5950908660888672] [0.20000000298023224:1] [0.10000000149011612:1] [0.05000000074505806:1] [0.033333335071802139:1] [0.01666666753590107:1] [0:1] [0:1] [0:1] [0:1] [0:1] [0.20000000298023224:1] [0.10000000149011612:1] [0.05000000074505806:1] [0.033333335071802139:1] [0.01666666753590107:1] [0.20000000298023224:1] [0.10000000149011612:1] [0.05000000074505806:1] [0.033333335071802139:1] [0.01666666753590107:1] [-0.80000001192092896:0.80000001192092896] [-0.89999997615814209:0.89999997615814209] [-0.94999998807907104:0.94999998807907104] [-0.96666663885116577:0.96666663885116577] [-0.98333334922790527:0.98333334922790527] [-1:1] [-1:1] [-1:1] [-1:1] [-1:1] [-1:1] [-1:1] [-1:1] [-1:1] [-1:1] [0:1] [0:1] [0:0.89999997615814209] [0:0.89999997615814209] [0:0.89999997615814209] [0:1] [0:1] [0:0.89999997615814209] [0:0.875] [0:0.875] [-1:1] [-1:1] [-0.875:0.89999997615814209] [-0.875:0.89999997615814209] [-0.875:0.89999997615814209] [0:1] [0:1] [0:1] [0:1] [0:1] [0:1] [0:1] [0:1] [0:1] [0:1] [-1:1] [-1:1] [-1:1] [-1:1] [-1:1] [0.20013266801834106:26452.083984375] [0.10012400150299072:23627.859375] [0.050104878842830658:12145.7685546875] [0.034610312432050705:10268.4287109375] [0.017187755554914474:8419.4609375] [0.00080492562847211957:59102.5] [0.0021778203081339598:49210.34375] [0.0021778203081339598:42161.07421875] [0.0021778203081339598:37016.7265625] [0.0021778203081339598:26455.013671875] [0:2.2360680103302002] [0:3.1615598201751709] [0:4.4708261489868164] [0:5.4611344337463379] [0:7.5986995697021484] [0:1] [0:1] [0:1] [0:1] [0:1] [0:1] [0:1] [0:1] [0:1] [0:1] [-1:1] [-1:1] [-1:1] [-1:1] [-1:1]
tree_sizes=3109 3087 3093 3136 3068 3049 3111 3062 3013 3067 3104

Tree=0
num_leaves=31
num_cat=0
split_feature=41 46 46 52 69 75 1 33 53 86 42 41 12 12 17 26 40 6 3 50 86 49 16 29 5 51 81 71 81 16
split_gain=268.475 133.887 156.711 100.797 107.204 77.3018 123.662 74.7754 81.9062 117.662 92.6816 80.9364 106.844 80.9647 150.916 75.9791 70.7424 67.9902 93.023 69.0421 68.0819 97.9145 70.0351 65.3006 58.1189 57.6163 56.3621 54.3836 54.3761 52.6128
threshold=-0.07435498014092444 1.0418044328689577 1.2084835767745974 0.76442012190818798 0.31111063063144689 0.17500000447034839 0.055142356082797057 0.3630595207214356 0.99341341853141796 0.94999998807907116 -0.05610398389399051 0.042876735329627998 0.97941178083419811 1.0088619589805605 0.73892769217491161 0.041454890742897994 -0.031671399250626557 0.21951371431350711 0.023893930949270729 0.95436942577362072 0.78333333134651195 0.92655569314956676 0.93856361508369457 0.009822331368923189 0.0063694913405925044 0.80649125576019298 0.35000000894069677 0.60168308019638073 0.050000002607703216 0.74511337280273449
decision_type=8 10 10 10 10 2 10 10 10 2 10 10 10 10 8 8 10 10 10 10 2 10 8 10 10 10 2 10 2 10
left_child=3 17 7 4 27 6 -5 11 10 15 -9 13 -13 16 -15 -10 -3 20 19 -19 22 -22 -2 -12 -6 -23 -14 28 -1 -4
right_child=1 2 29 5 24 -7 -8 8 9 -11 23 12 26 14 -16 -17 -18 18 -20 -21 21 25 -24 -25 -26 -27 -28 -29 -30 -31
leaf_value=-3.4247059818502867e-10 -0.0012363881983612995 0.0033703556394982397 -0.0048175782120247054 0.0024156937968841182 0.010514534017233209 0.0014440642126876174 0.024215184954539368 -0.013557795680512559 -0.00048851060881758494 -0.02094112004951992 -0.0026295385767491691 -0.015164812290196414 -0.0097303558362130289 -0.014374731323050935 -0.0028177716718806095 0.0012310956417931496 -0.0014838405383447652 -0.00078633712999202215 0.015192403840607162 0.0010241523396894525 0.0051852636163301465 -0.0081287534284101518 0.0011310029596135333 0.006205824194351818 -0.010518106149556904 0.0014192972662307036 0.0061463847909996854 0.025547345213153827 0.015313503700312774 0.0033305640485899487
leaf_weight=303 14494 2758 717 688 188 3989 371 656 98161 224 11063 234 186 1145 9489 30201 68980 55845 336 28602 7996 566 48746 771 247 13879 2670 400 764 10860
leaf_count=303 14494 2758 717 688 188 3989 371 656 98161 224 11063 234 186 1145 9489 30201 68980 55845 336 28602 7996 566 48746 771 247 13879 2670 400 764 10860
internal_value=-4.29524e-05 -0.000143258 -0.000603297 0.00579429 0.0117162 0.0034664 0.010638 -0.000778397 -0.000351297 -0.000123378 -0.00266982 -0.00147967 0.00324034 -0.00166112 -0.00411496 -8.14563e-05 -0.00129215 0.00049759 -0.000101493 -0.00016948 0.00109378 0.00251674 0.000583458 -0.0020191 -0.000706179 0.00101371 0.00494761 0.0155614 0.0111407 0.00279262
internal_weight=415529 408579 238115 6950 1902 5048 1059 226538 141076 128586 12490 85462 3090 82372 10634 128362 71738 170464 84783 84447 85681 22441 63240 11834 435 14445 2856 1467 1067 11577
internal_count=415529 408579 238115 6950 1902 5048 1059 226538 141076 128586 12490 85462 3090 82372 10634 128362 71738 170464 84783 84447 85681 22441 63240 11834 435 14445 2856 1467 1067 11577
is_linear=0
shrinkage=1


Tree=1
num_leaves=31
num_cat=0
split_feature=54 29 57 27 58 47 51 30 16 38 122 10 10 16 10 81 117 14 6 63 72 3 130 78 114 60 125 60 17 33
split_gain=185.859 146.779 154.79 124.081 112.297 112.295 110.699 104.142 111.194 74.3445 184.397 131.718 80.1277 148.081 79.2296 71.3682 76.7105 70.8357 65.2711 62.2356 98.5293 81.1215 59.8517 56.3065 52.1406 64.1963 51.7055 49.4008 75.4411 48.8817
threshold=1.0837265253067019 -0.003447507973760366 1.1713876128196719 0.0864892713725567 0.92868882417678844 1.2201112508773806 0.86339896917343151 -0.00029844505479559297 0.87204989790916454 -0.015148468781262634 0.35221855342388159 1.037257254123688 1.0242835283279421 0.83977752923965465 1.0468800067901614 0.050000002607703216 0.61495330929756176 0.97684076428413402 0.21951371431350711 0.77500000596046459 0.70503619313240062 0.010771984234452249 1.3810728192329409 0.70000001788139354 0.58988758921623241 1.0193096399307253 -0.56559172272682179 1.0323673486709597 0.98349618911743175 0.89514073729515087
decision_type=10 8 10 10 10 10 10 10 8 10 10 10 10 8 10 2 10 8 10 10 10 10 10 10 10 8 10 10 10 10
left_child=1 4 7 26 5 -1 19 8 -3 10 11 -9 18 -14 -12 -5 -17 -8 -11 22 21 -21 -6 -18 25 -10 -2 -19 -29 -4
right_child=3 2 29 15 6 -7 17 9 24 12 14 -13 13 -15 -16 16 23 27 -20 20 -22 -23 -24 -25 -26 -27 -28 28 -30 -31
leaf_value=-0.024860871164163457 0.0070215161818670173 -0.0084893196928537192 0.0055353099259122492 -0.0030718305001069131 0.0017829944278890653 0 -0.015928774981808908 -0.0027806040142951335 -1.0000472256325152e-05 0.0010265460401035729 -0.0015621481984571584 -0.018668035647142249 0.0084552866401112481 0.00094459286243971324 0.0068107167411709073 0.0068869602436338311 0.032205579247573446 -0.001589717327002668 -9.0926793738803908e-05 -0.0011268570473989626 -0.0069492032331824232 0.016744564660537305 0.011930044530456374 0.0098120777867797184 -0.0019429626346235773 -0.0037033532144203408 0.00036100593094653391 0.0055477474546641731 -0.00069361498271562367 -0.0027489334980252836
leaf_weight=341 1220 1598 6106 476 1135 322 283 1088 78363 90397 4405 897 3231 9102 1296 3721 198 68558 97128 453 962 386 1116 351 19509 4468 7649 2192 7989 653
leaf_count=341 1220 1598 6106 476 1135 322 283 1088 78363 90397 4405 897 3231 9102 1296 3721 198 68558 97128 453 962 386 1116 351 19509 4468 7649 2192 7989 653
internal_value=2.20982e-05 -9.40117e-05 0.000199253 0.00346731 -0.00121192 -0.013368 -0.0011081 0.000100658 -0.000673198 0.000489678 -0.00239412 -0.0102242 0.00060231 0.00294703 0.00030596 0.00738598 0.00863059 -0.00135915 0.000446207 0.00369672 -0.00030688 0.00694446 0.00700656 0.0192638 -0.000546587 -0.000213691 0.0013247 -0.00129894 0.000629003 0.00468495
internal_weight=415593 401978 318241 13615 83737 663 83074 311482 103938 207544 7686 1985 199858 12333 5701 4746 4270 79022 187525 4052 1801 839 2251 549 102340 82831 8869 78739 10181 6759
internal_count=415593 401978 318241 13615 83737 663 83074 311482 103938 207544 7686 1985 199858 12333 5701 4746 4270 79022 187525 4052 1801 839 2251 549 102340 82831 8869 78739 10181 6759
is_linear=0
shrinkage=0.03


Tree=2
num_leaves=31
num_cat=0
split_feature=41 36 29 22 58 16 14 1 28 30 61 114 28 91 11 8 16 82 35 15 16 26 46 60 52 114 118 15 56 139
split_gain=212.051 138.285 132.707 135.897 119.654 115.812 112.498 111.741 113.492 80.442 78.6475 77.5513 69.9335 74.5747 73.0578 69.9727 69.4108 68.4619 64.4085 83.2728 63.9094 70.7421 58.9181 55.3199 54.2185 52.1343 51.9034 51.4142 48.3644 46.0093
threshold=-0.07435498014092444 0.68258029222488414 -0.0012536812573671339 1.0955949425697329 0.92868882417678844 1.1253930926322939 0.95042142271995556 0.067999985069036498 -0.0049579867627471677 -0.00045401581155601883 0.86792460083961498 0.57142814993858349 -0.012045029550790785 0.84550893306732189 0.97619616985321056 0.68749958276748668 0.89315855503082286 0.37500000000000006 0.82940986752510082 1.0320488810539248 0.87204989790916454 0.045883998274803169 1.1222949028015139 1.0193096399307253 0.97398844361305248 0.55172428488731395 0.24242479354143145 0.79946070909500133 0.98906084895133983 1.536451041698456
decision_type=8 10 8 10 10 10 10 10 10 8 10 8 8 10 8 10 10 2 10 10 8 10 10 10 10 10 10 10 10 10
left_child=1 17 4 9 5 26 -3 11 22 20 -8 18 15 14 -14 16 -11 -1 19 -6 -4 -22 -9 25 -20 -5 -2 -17 -13 -15
right_child=2 6 3 23 7 -7 10 8 -10 12 -12 28 13 29 -16 27 -18 -19 24 -21 21 -23 -24 -25 -26 -27 -28 -29 -30 -31
leaf_value=0.0059813046876733564 -0.00040342377901601855 -0.0090319173268952283 -0.0081122734639310357 0.0079529837890991283 -0.00022809508407882004 0.0020656374819803137 0.02547740635624525 -0.00064459343307980276 -0.0021278944952752101 0.01037265280572015 0.0094170083894427516 0.0042748440924027051 0.0021807500360104563 -0.0021049396080917576 0.00033222580206544109 -0.021798888422719397 0.0013555372611467487 -0.00066132774421913333 -0.0010156950124548228 -0.0017671713733388543 -0.00094058309434832336 0.002124807084316436 0.018155519477201298 -0.0087719462597248155 0.0023112220176801372 0.00055179885210033012 -0.023220535517854822 0 -0.0067623189343390842 -0.011349893674995858
leaf_weight=2938 143 153 1011 3399 71191 342 519 150 585 1715 836 360 22001 3027 158981 111 1546 2500 7187 57697 54041 7681 694 206 10997 1267 487 357 2837 598
leaf_count=2938 143 153 1011 3399 71191 342 519 150 585 1715 836 360 22001 3027 158981 111 1546 2500 7187 57697 54041 7681 694 206 10997 1267 487 357 2837 598
internal_value=1.40904e-05 0.00520484 -7.36637e-05 0.00034308 -0.000774224 -0.0111803 0.01324 -0.000704106 0.00756804 0.000245316 0.0160678 -0.000785763 0.000556104 0.000471862 0.000558814 0.00462177 0.00622351 0.0028813 -0.000682539 -0.000919561 -0.000682828 -0.000553687 0.0145295 0.00529823 0.000980148 0.00601823 -0.0186747 -0.00572192 -0.00540737 -0.00376625
internal_weight=415557 6946 408611 255941 152670 972 1508 151698 1429 251069 1355 150269 188336 184607 180982 3729 3261 5438 147072 128888 62733 61722 844 4872 18184 4666 630 468 3197 3625
internal_count=415557 6946 408611 255941 152670 972 1508 151698 1429 251069 1355 150269 188336 184607 180982 3729 3261 5438 147072 128888 62733 61722 844 4872 18184 4666 630 468 3197 3625
is_linear=0
shrinkage=0.03


Tree=3
num_leaves=31
num_cat=0
split_feature=54 29 22 27 58 92 30 42 4 1 26 81 117 84 8 16 34 49 21 39 83 79 26 58 80 30 1 86 23 76
split_gain=179.164 134.343 121.764 118.099 98.5362 109.255 84.1968 75.8371 91.1319 82.9633 85.0138 66.7021 71.5626 71.889 62.3313 62.0449 64.6583 59.5987 102.055 96.5941 81.354 74.7842 58.848 61.8762 59.8203 58.3737 63.4679 58.1741 44.4485 44.4073
threshold=1.0837265253067019 -0.0012536812573671339 1.0955949425697329 0.0864892713725567 0.92868882417678844 0.45650349557399755 -0.00045401581155601883 -0.088774453848600374 0.2666670978069306 0.016966097056865696 0.075994908809661879 0.050000002607703216 0.61495330929756176 -0.15000000223517415 0.59999760985374462 0.85815307497978222 0.56145736575126659 0.96597984433174144 0.93423673510551464 0.0072825332172214994 0.70000001788139354 0.15000000223517421 0.054298255592584617 0.97197750210762035 0.57500001788139354 -0.0064333553891628972 0.067999985069036498 -0.81666666269302357 0.016131449490785602 0.083333335816860213
decision_type=10 8 10 10 10 10 8 10 10 10 10 2 10 2 10 8 10 10 10 8 8 2 10 10 2 10 10 2 10 2
left_child=1 4 6 25 5 -1 15 8 -6 29 27 -5 28 -14 -12 16 -3 19 -19 21 -21 -8 24 -24 -17 26 -2 -11 -13 -9
right_child=3 2 -4 11 7 -7 17 9 -10 10 14 12 13 -15 -16 22 -18 18 -20 20 -22 -23 23 -25 -26 -27 -28 -29 -30 -31
leaf_value=-0.0017264581189063656 0.0028769236698670034 -0.0039698972268227672 0.0050209152604863807 -0.0029857936914941094 0.0058809241336106582 -0.023362222306035539 0.00047191476585897729 0.0014276947614703182 -0.0015226891133009687 -0.0034963038966286876 0.0055937966938384683 -0.0077575730740675466 0.023924494737614713 -0.00047709810604842809 -0.003376758963916259 -0.0023043159487446075 -0.025469060685999433 0.018694538583619854 0.0011954756858407062 0.0027679072593112747 -7.2367835248887775e-05 -0.0012743374551439917 -0.0024193458710336513 0.0055665826158994031 -0.00020542403470049782 -0.00063361493533362274 0.016925173279159933 -0.001353525986121859 0.0074893110597393118 -0.00051203513009831503
leaf_weight=577 3197 695 4842 460 3289 348 44962 13487 2627 14542 2440 146 444 110 913 17714 154 284 64061 19613 16504 43032 1226 2634 40547 5248 316 58238 3506 49391
leaf_count=577 3197 695 4842 460 3289 348 44962 13487 2627 14542 2440 146 444 110 913 17714 154 284 64061 19613 16504 43032 1226 2634 40547 5248 316 58238 3506 49391
internal_value=1.60318e-05 -9.7148e-05 0.000315678 0.00342302 -0.000824501 -0.0105058 0.000223478 -0.000759199 0.00254876 -0.000902482 -0.00156864 0.0072824 0.00848521 0.018709 0.00305669 -0.000724068 -0.00871127 0.000541723 0.00128316 0.000154767 0.00146239 -0.000378748 -0.000607312 0.0029534 -0.000849302 0.00132149 0.00431416 -0.00178663 0.00675914 -9.0882e-05
internal_weight=415547 402120 256268 13427 145852 925 251426 144927 5916 139011 76133 4666 4206 554 3353 62970 849 188456 64345 124111 36117 87994 62121 3860 58261 8761 3513 72780 3652 62878
internal_count=415547 402120 256268 13427 145852 925 251426 144927 5916 139011 76133 4666 4206 554 3353 62970 849 188456 64345 124111 36117 87994 62121 3860 58261 8761 3513 72780 3652 62878
is_linear=0
shrinkage=0.03


Tree=4
num_leaves=31
num_cat=0
split_feature=41 36 46 16 27 25 22 15 49 39 36 35 17 25 112 14 15 5 124 119 53 42 37 15 39 86 19 85 13 79
split_gain=201.333 161.407 134.756 104.277 92.3666 73.4704 72.0878 111.162 90.967 125.644 91.5632 70.4468 70.8758 68.533 71.2698 66.6855 86.3014 75.7603 60.3306 83.6535 58.8867 114.915 58.7371 57.4685 56.019 82.6683 84.7618 105.17 67.5682 87.2099
threshold=-0.058647505939006798 0.78954482078552257 1.0418044328689577 1.2002575993537905 0.097018476575613036 0.086921390146017088 0.80148348212242138 0.890987128019333 0.8707978129386903 0.038010830059647567 0.12791410833597186 0.76024073362350475 1.1140633821487429 0.086921390146017088 0.18350340425968173 0.95728504657745372 0.836086004972458 0.0088105970062315481 0.2098767086863518 0.13235255330801013 0.99341341853141796 -0.051279321312904351 0.74645310640335094 0.91039526462554943 0.0072825332172214994 0.84999999403953563 0.95980215072631847 0.77500000596046459 0.93808072805404674 0.55000001192092907
decision_type=8 10 8 10 10 10 8 8 8 10 10 10 10 10 2 8 10 10 10 10 8 10 10 8 10 2 10 2 10 2
left_child=1 4 13 6 11 23 7 18 9 10 -8 -1 -13 24 -15 17 -17 -3 -4 -20 21 -10 -9 -6 -2 28 27 -27 29 -26
right_child=2 15 3 -5 5 -7 8 22 20 -11 -12 12 -14 14 -16 16 -18 -19 19 -21 -22 -23 -24 -25 25 26 -28 -29 -30 -31
leaf_value=-0.00014711226214495936 0.0001903780300012845 0.01458584307321871 0.00034076648062520776 0.0034869147843554862 0.017234738537774557 -0.001216732638123046 0.019785867541957179 0.020878644207806076 -0.011642790775721125 -0.0083096286805464381 0.0039000713666862133 0.015241242163007903 -0.0012793908868300396 -0.017448115962825309 0.0029077228878588764 0.033951115759504415 0.011405659744149638 -0.017633608923575211 0.005762160766277123 -0.013491880959310459 -0.00061174972444703196 -0.001773330622271866 -0.0029116864521782117 0.0062133709100201705 -0.0036801571017369954 0.00099454359348896833 0.00093445732973518509 0.010285489741355833 0.0013485731459343688 0.0056222830351670182
leaf_weight=7927 122980 112 496 5393 582 820 356 176 1145 666 3725 544 341 366 213 209 877 109 200 1477 203370 14520 134 2346 5206 1879 4580 2917 31191 1058
leaf_count=7927 122980 112 496 5393 582 820 356 176 1145 666 3725 544 341 366 213 209 877 109 200 1477 203370 14520 134 2346 5206 1879 4580 2917 31191 1058
internal_value=-2.38345e-05 0.00352671 -0.000147212 -0.0006188 0.00244191 0.00638378 -0.000718285 -0.00579705 -0.000660079 0.00342875 0.00544873 0.000720686 0.00865658 0.000492185 -0.00961181 0.0135315 0.0165512 -0.000204997 -0.00827808 -0.010978 -0.000750368 -0.00252777 0.0101328 0.00860792 0.000529531 0.00141329 0.00393738 0.00672698 0.000771678 -0.00204833
internal_weight=415915 13867 402048 231658 12560 3748 226265 2483 223782 4747 4081 8812 885 170390 579 1307 1086 221 2173 1677 219035 15665 310 2928 169811 46831 9376 4796 37455 6264
internal_count=415915 13867 402048 231658 12560 3748 226265 2483 223782 4747 4081 8812 885 170390 579 1307 1086 221 2173 1677 219035 15665 310 2928 169811 46831 9376 4796 37455 6264
is_linear=0
shrinkage=0.03


Tree=5
num_leaves=31
num_cat=0
split_feature=42 30 16 26 35 99 5 44 10 35 40 36 5 25 1 86 75 52 48 26 13 44 28 77 77 82 44 128 28 24
split_gain=180.692 113.278 124.876 97.0329 67.3382 59.1639 83.7528 75.7539 63.4115 96.949 64.5148 127.36 60.9938 61.6803 57.4748 88.8289 80.8618 57.2777 56.5312 84.1183 102.879 65.5109 54.4452 53.4458 58.0123 52.7064 52.0913 50.5322 50.1164 54.6329
threshold=-0.1082409657537937 -0.00029844505479559297 0.88365864753723156 0.069739785045385375 0.82940986752510082 0.73214286565780651 0.005339390831068159 1.027720093727112 1.0468800067901614 0.82940986752510082 -0.047830004245042794 0.80269074440002453 0.0097037828527390974 0.086921390146017088 0.055142356082797057 -0.55000001192092884 0.67499998211860668 0.70971670746803295 0.88970574736595165 0.10053772106766702 1.0000519156455996 1.0189131498336794 -0.008869042154401539 0.7916666865348817 0.37500000000000006 0.52500000596046459 1.0371655821800234 1.1414577364921572 0.010206943377852442 0.022231460548937324
decision_type=8 8 8 10 10 2 8 10 10 10 8 10 10 10 10 2 2 10 8 10 8 10 10 2 2 2 10 10 10 10
left_child=14 2 22 4 23 6 18 -7 10 -10 11 -8 -9 -14 16 -16 28 -11 21 26 -21 25 -2 24 -4 -3 -20 -5 29 -1
right_child=1 5 3 27 -6 7 8 12 9 17 -12 -13 13 -15 15 -17 -18 -19 19 20 -22 -23 -24 -25 -26 -27 -28 -29 -30 -31
leaf_value=-0.0055476529782951924 0.0052709017742872668 -0.0069014363240210421 -0.00054701208245938344 0.00081489130193852398 0.0010779853693387528 0.001174229205823033 0.00051083816277660372 0.0030108807609692144 -0.0027482450577482795 -0.032439589516364317 -0.00067932571054097376 0.014249101360744915 0.017732980255383397 0 0.016918899736184649 0.0022986571479474156 0.017309183690519817 -0.00076290072640404103 0.00094330718032328397 0 0.01397407704315891 -0.014873956688765125 -0.0092958819772546667 0.0013134032862174511 -0.0017805967492482068 0.008800118774024198 -0.00042092266532294139 0.0062212298249793036 -0.013871224673634224 0.0039448167324575402
leaf_weight=584 220 441 82669 4288 16616 13492 3194 1586 1296 167 70407 746 666 252 791 809 327 100 102818 923 928 430 2017 8894 59907 309 33005 2578 145 4246
leaf_count=584 220 441 82669 4288 16616 13492 3194 1586 1296 167 70407 746 666 252 791 809 327 100 102818 923 928 430 2017 8894 59907 309 33005 2578 145 4246
internal_value=-2.0458e-05 -0.000102727 -0.000673747 -0.000581369 -0.000725713 0.00033445 0.000201711 0.00209542 -0.000597401 -0.00655366 -0.00046642 0.00324663 0.00689148 0.0130689 0.00478506 0.00983137 0.00317462 -0.0225009 0.00064076 0.000699119 0.0070324 -0.00581634 -0.00769636 -0.000925672 -0.00106762 0 0.000609578 0.00290057 0.00211993 0.00271707
internal_weight=414851 407949 177189 174952 168086 230760 214764 15996 75910 1563 74347 3940 2504 918 6902 1600 5302 267 138854 137674 1851 1180 2237 151470 142576 750 135823 6866 4975 4830
internal_count=414851 407949 177189 174952 168086 230760 214764 15996 75910 1563 74347 3940 2504 918 6902 1600 5302 267 138854 137674 1851 1180 2237 151470 142576 750 135823 6866 4975 4830
is_linear=0
shrinkage=0.03


Tree=6
num_leaves=31
num_cat=0
split_feature=41 36 29 82 31 14 59 20 30 5 124 23 115 67 10 58 80 91 41 18 49 79 82 82 25 45 115 140 30 79
split_gain=198.161 157.554 111.929 109.054 104.737 99.7874 89.6469 85.8125 76.6944 63.9768 61.6372 59.9126 58.5161 55.3405 55.0868 68.805 53.9732 52.7542 87.4057 62.9425 82.3143 59.3618 50.1401 52.5225 53.4358 49.3444 59.9843 49.1507 49.1416 89.8363
threshold=-0.058647505939006798 0.78954482078552257 -0.0012536812573671339 0.37500000000000006 -0.0047026642132550469 0.98090043663978588 0.93502989411354076 1.093952536582947 -0.00029844505479559297 0.018854222260415558 0.11494274437427522 0.048276247456669814 0.54545417428016674 0.43364779651165014 1.0104717612266543 0.99567893147468578 0.72499999403953563 0.84550893306732189 0.034816736355423934 0.97883296012878429 0.96597984433174144 0.55000001192092907 0.4916666597127915 0.50833332538604747 0.037361230701208122 1.0580708384513857 0.25663684308528906 0.78876981139183056 -0.0042773019522428504 0.15000000223517421
decision_type=8 10 8 2 8 8 10 10 8 10 10 10 10 10 10 10 2 10 10 8 10 2 2 2 10 10 10 10 10 2
left_child=1 3 5 14 13 6 -2 25 10 11 -6 -3 -8 28 -1 -16 -12 19 -19 21 -21 -10 -5 -24 -25 -7 -27 -9 29 -4
right_child=2 9 4 22 8 7 12 27 17 -11 16 -13 -14 -15 15 -17 -18 18 -20 20 -22 -23 23 24 -26 26 -28 -29 -30 -31
leaf_value=-0.00031107017370577848 -0.025601317164707583 0.013474135556007183 -0.0082270240849289834 -0.0062407315555995232 0 4.8358815639600192e-05 -0.0095671489552880285 -0.0032027109654971398 0.0012499969367426357 0.031539878580846233 -0.0026484444494830435 -0.0032213815657252611 -0.0012617547033902108 -0.0058355092288394058 0.017866180048104485 0.0052850528915265845 0.00092743931893431034 -0.00032105995496645704 -0.010794135182554395 -0.0002283697521007317 0.0011886077798969601 0.0050634612415777335 0.014023751286999956 -0.0045144799307254681 0.0023670240247488433 0.0011973343496689802 -0.0013819116615733315 0.0064036795014328438 0.0066603263964827384 0.0035603509411793219
leaf_weight=1263 179 937 639 1085 38959 48192 1247 543 20732 156 18975 200 2200 505 439 4999 4596 3081 942 92234 61195 4571 237 1501 3031 8851 83243 2336 3702 4419
leaf_count=1263 179 937 639 1085 38959 48192 1247 543 20732 156 18975 200 2200 505 439 4999 4596 3081 942 92234 61195 4571 237 1501 3031 8851 83243 2336 3702 4419
internal_value=3.79387e-05 0.00356415 -8.31548e-05 0.00249626 0.00029645 -0.000743422 -0.00565478 -0.000616162 0.000176753 0.0135088 -0.000728071 0.0102732 -0.00439073 0.00342584 0.00510745 0.00641742 -0.00193829 0.000488028 -0.00288884 0.000566029 0.000334917 0.0019542 -0.000448866 0.000826764 1.21411e-05 -0.000723484 -0.00113056 0.00447877 0.00400598 0.00198558
internal_weight=415189 13848 401341 12555 254550 146791 3626 143165 245285 1293 62530 1137 3447 9265 6701 5438 23571 182755 4023 178732 153429 25303 5854 4769 4532 140286 92094 2879 8760 5058
internal_count=415189 13848 401341 12555 254550 146791 3626 143165 245285 1293 62530 1137 3447 9265 6701 5438 23571 182755 4023 178732 153429 25303 5854 4769 4532 140286 92094 2879 8760 5058
is_linear=0
shrinkage=0.03


Tree=7
num_leaves=31
num_cat=0
split_feature=41 36 29 31 38 17 21 27 58 30 37 10 5 35 35 127 23 1 42 42 3 16 30 38 25 50 1 5 107 42
split_gain=179.361 159.162 103.303 98.4827 120.317 170.43 93.1735 89.8281 88.0176 86.6428 79.5355 74.0762 99.0268 69.1939 66.2208 63.2388 62.4092 60.7234 76.0103 69.3293 61.5951 59.7034 55.6306 54.3045 53.8687 73.5129 69.3687 66.5793 50.9739 50.6963
threshold=-0.058647505939006798 0.78954482078552257 -0.0012536812573671339 -0.0047026642132550469 -0.015148468781262634 0.73892769217491161 1.114097595214844 0.0864892713725567 0.92868882417678844 -0.00045401581155601883 0.41748656332492834 1.028679430484772 0.016260193660855297 0.76024073362350475 0.88900902867317211 0.45855632424354559 0.048276247456669814 0.016966097056865696 -0.088774453848600374 0.066245574504137053 0.0029761765617877249 0.85815307497978222 0.002408261527307332 0.003733466262929142 0.086921390146017088 0.89768263697624218 0.034747395664453513 0.0074195822235196838 0.54631218314170849 0.11066691204905511
decision_type=8 10 8 8 8 8 10 10 10 8 10 10 10 10 10 10 10 10 10 10 10 8 10 10 10 10 10 10 2 10
left_child=1 7 6 -4 5 14 8 13 10 21 -2 29 -13 -1 15 -5 -3 -10 20 -20 -19 23 -7 -6 25 27 -27 -9 -18 -11
right_child=2 16 3 4 9 22 -8 24 17 11 -12 12 -14 -15 -16 -17 28 18 19 -21 -22 -23 -24 -25 -26 26 -28 -29 -30 -31
leaf_value=-0.00070505125214171077 -0.0218569485362828 0.016468093720274753 0.0032793850537480296 -0.010839101208262817 -0.016842294681137543 -0.0053316415869282419 0.0037985015624713578 0.022881211885736379 -0.00013455011626072779 0.00053574395372622536 -0.0022997365176120649 0.0024915538049189506 0.015646918600481532 0.0086490165564795558 -0.025993070818800874 0.010073696032388887 -0.015101824024226515 0.0073794690697711902 -0.001720286559647092 0.0070181590772399232 0 -0.00065290756521679978 0.00058990740147309086 0 -0.00092281518772375126 -0.0001025530327558296 0.0086634213180400519 0.0039469716444489409 0.010284164845091957 -0.0026112355531315765
leaf_weight=6927 322 1049 9196 1291 376 2018 3875 443 63315 168858 515 5841 562 771 262 114 100 1461 73361 794 3046 56833 4533 331 878 1379 1749 346 155 4688
leaf_count=6927 322 1049 9196 1291 376 2018 3875 443 63315 168858 515 5841 562 771 262 114 100 1461 73361 794 3046 56833 4533 331 878 1379 1749 346 155 4688
internal_value=-1.42329e-05 0.00334568 -0.000130573 0.000233529 0.000118054 -0.00344383 -0.000765268 0.00226448 -0.000891712 0.000242851 -0.0105081 0.000567827 0.00373805 0.000212928 -0.0119681 -0.00881417 0.0132869 -0.000831436 -0.00138837 -0.00162081 0.00236005 -0.000768101 -0.00119921 -0.00934266 0.00548121 0.00699028 0.00472748 0.0152517 0 0.000448715
internal_weight=415389 13797 401592 254903 245707 8218 146689 12493 142814 237489 837 179949 6403 7698 1667 1405 1304 141977 78662 74155 4507 57540 6551 707 4795 3917 3128 789 255 173546
internal_count=415389 13797 401592 254903 245707 8218 146689 12493 142814 237489 837 179949 6403 7698 1667 1405 1304 141977 78662 74155 4507 57540 6551 707 4795 3917 3128 789 255 173546
is_linear=0
shrinkage=0.03


Tree=8
num_leaves=31
num_cat=0
split_feature=41 36 46 14 15 33 1 127 52 67 84 18 69 6 110 87 23 37 17 25 112 33 16 78 18 25 78 86 117 127
split_gain=188.652 141.598 108.817 106.125 92.7204 80.5839 78.5674 77.364 73.3224 61.544 115.161 81.6323 81.862 62.0479 60.5484 55.7262 86.5179 80.6594 55.0137 54.8813 73.0634 54.0742 52.8849 49.1466 72.5712 60.2268 52.6383 89.7844 47.3527 47.149
threshold=-0.07435498014092444 0.68258029222488414 1.0261383652687075 0.95042142271995556 1.1335095763206484 0.74095451831817638 0.055142356082797057 -0.20451503247022626 0.93563428521156322 0.9836021661758424 0.84999999403953563 0.95586344599723827 0.73684278130531322 0.066668774932622923 -0.36038962006568903 0.84166666865348827 0.038820886984467513 0.83944204449653637 1.0147742033004763 0.086921390146017088 0.13397436589002612 0.3630595207214356 1.0508182644844057 0.30000000447034841 0.95586344599723827 0.013774351216852667 0.5000000149011613 0.78333333134651195 0.61495330929756176 0.078048851341009154
decision_type=8 10 8 10 10 10 10 10 10 10 2 8 10 10 2 2 10 10 10 10 2 10 10 10 10 8 10 2 10 10
left_child=1 18 19 -3 9 -5 7 8 -6 11 -11 12 -4 -14 -9 17 -17 -13 22 23 -21 -8 28 25 26 29 27 -25 -1 -2
right_child=2 3 4 5 6 -7 21 14 -10 10 -12 15 13 -15 -16 16 -18 -19 -20 20 -22 -23 -24 24 -26 -27 -28 -29 -30 -31
leaf_value=0.00055050024682930644 0.003584898873022904 -0.0091760077268223869 -0.016412168707184295 0.022646757359635183 0.0076357143084585122 0.0069859209201062348 0 0.0089097241695927764 -0.0037733637978825743 0 0.015072905693023506 -0.00053650427272781129 -0.0095524366553379602 0.0035824603372644 0.0016834943300824687 -0.0018889747899496869 -0.014168359652190227 0.0013663123088036206 -0.0014722590933051059 -0.022314144505006777 0.0020851135781811709 0.012887689827802518 0.011425154978399823 0.0024485207993262021 0.0012380388201081649 -0.00033441465390233555 0 0.022106239678719823 0.011295300700217002 0.00011451761992510669
leaf_weight=2198 7233 145 548 726 568 650 439 1406 3249 1580 633 244063 563 671 4561 11230 533 21750 1860 196 179 956 830 475 52390 47301 470 429 443 7215
leaf_count=2198 7233 145 548 726 568 650 439 1406 3249 1580 633 244063 563 671 4561 11230 533 21750 1860 196 179 956 830 475 52390 47301 470 429 443 7215
internal_value=2.58131e-05 0.00495566 -5.63544e-05 0.0130182 -0.000365048 0.0156698 0.00230749 0.00131294 -0.00196647 -0.000472375 0.00447475 -0.000512956 -0.00688996 -0.00222774 0.00346039 -0.000470443 -0.00249394 -0.000379588 0.0025592 0.00072079 -0.0103922 0.00895373 0.00480152 0.000761257 0.00142506 0.000178163 0.00822074 0.0123785 0.00253692 0.00187516
internal_weight=415490 6852 408638 1521 292750 1376 11179 9784 3817 281571 2213 279358 1782 1234 5967 277576 11763 265813 5331 115888 375 1395 3471 115513 53764 61749 1374 904 2641 14448
internal_count=415490 6852 408638 1521 292750 1376 11179 9784 3817 281571 2213 279358 1782 1234 5967 277576 11763 265813 5331 115888 375 1395 3471 115513 53764 61749 1374 904 2641 14448
is_linear=0
shrinkage=0.03


Tree=9
num_leaves=31
num_cat=0
split_feature=41 36 46 46 82 22 15 53 42 33 41 25 55 124 23 86 6 3 25 33 60 59 86 24 14 51 22 14 1 4
split_gain=146.653 135.613 94.0046 108.888 80.092 70.9012 114.355 71.1656 114.317 82.401 97.1399 64.1951 61.2891 76.7751 59.1413 61.831 50.584 83.1774 61.3673 48.9702 57.0036 72.8886 47.8692 107.726 73.2117 54.0496 50.2027 97.7493 48.2285 47.2443
threshold=-0.058647505939006798 0.78954482078552257 1.0439652204513552 1.2084835767745974 0.37500000000000006 0.80148348212242138 0.890987128019333 0.99341341853141796 -0.051279321312904351 0.24928247928619388 0.042876735329627998 0.034981606528162963 0.98096495866775524 0.69444510340690624 0.048276247456669814 -0.74999999999999989 0.20000012218952182 0.023893930949270729 0.015542816370725633 0.91984030604362499 1.0404685139656069 0.9988340735435487 0.84999999403953563 0.018971739336848262 0.8961172103881837 0.78679001331329357 0.80148348212242138 0.8961172103881837 0.018146112561225895 0.44999620318412786
decision_type=8 10 10 10 2 10 8 10 10 10 10 8 10 10 10 2 10 10 10 10 10 10 2 10 10 10 8 8 10 10
left_child=1 4 16 5 -1 6 12 8 -7 10 -9 -11 13 -4 -3 -16 22 18 -18 20 21 29 26 25 -25 -24 27 -2 -26 -5
right_child=2 14 3 19 -6 7 -8 9 -10 11 -12 -13 -14 -15 15 -17 17 -19 -20 -21 -22 -23 23 24 28 -27 -28 -29 -30 -31
leaf_value=0.0042924426445057453 -0.017221786099437371 0.015395388168463904 -0.018187229059834414 0.0024652284476462177 -0.00048109854287392198 -0.011757945756195522 0.010637766159229702 -0.0015880670309813881 -0.0018099463373087803 -0.00036929626325537618 0.005570900697830266 0.0012512588796754066 -0.0026291886475221797 0.0002497097627674959 0.012108481611496396 -0.016659502261877058 0.00082428132994791497 0.013486642402665757 -0.00075542203933511921 -0.0039790493380327885 0.0077932750766167508 -0.0018242848247410771 -0.015849804407995917 0 0 0.0004230443066964564 0.00067440368426949248 0.0065765704147332195 0.0079806444099116882 0.0098085061503833237
leaf_weight=6681 371 1034 784 3914 5793 1118 290 58205 14695 108232 1721 27577 929 229 123 105 36270 385 56498 920 1883 2879 168 1940 823 7895 68189 221 4682 1048
leaf_count=6681 371 1034 784 3914 5793 1118 290 58205 14695 108232 1721 27577 929 229 123 105 36270 385 56498 920 1883 2879 168 1940 823 7895 68189 221 4682 1048
internal_value=-3.3362e-06 0.00304179 -0.000108313 -0.000516871 0.00205435 -0.0006655 -0.00597591 -0.000607494 -0.00254619 -0.000449094 -0.00137568 -3.78864e-05 -0.00869289 -0.0138048 0.0123836 -0.000205342 0.00040673 -7.21205e-05 -0.000134519 0.0024358 0.00308043 0.00189354 0.000939388 0.00245023 0.00504736 8.49096e-06 0.000593765 -0.00792282 0.00680787 0.00410953
internal_weight=415602 13736 401866 224424 12474 213780 2232 211548 15813 195735 59926 135809 1942 1013 1262 228 177442 93153 92768 10644 9724 7841 84289 15508 7445 8063 68781 592 5505 4962
internal_count=415602 13736 401866 224424 12474 213780 2232 211548 15813 195735 59926 135809 1942 1013 1262 228 177442 93153 92768 10644 9724 7841 84289 15508 7445 8063 68781 592 5505 4962
is_linear=0
shrinkage=0.03


Tree=10
num_leaves=31
num_cat=0
split_feature=41 29 57 52 58 37 23 1 46 53 85 1 28 3 46 17 12 25 112 49 81 69 125 82 42 5 61 1 41 126
split_gain=168.282 101.199 125.037 96.6123 90.4058 94.0148 89.9371 82.5975 127.106 82.3849 79.7055 70.2798 69.4586 69.1177 67.3003 82.0793 136.423 72.6624 79.555 69.1957 63.8403 62.8564 72.1787 62.8447 68.1891 64.4514 62.4796 62.2058 61.4346 56.0007
threshold=-0.07435498014092444 -0.00020453970500966531 1.1713876128196719 0.76442012190818798 0.92868882417678844 0.41748656332492834 0.048276247456669814 0.055142356082797057 1.1170403957366946 0.98107469081878673 -0.82500001788139332 0.055142356082797057 -0.009727294556796549 0.016707452014088634 1.0356619954109194 0.70998623967170726 1.012484133243561 0.086921390146017088 0.13397436589002612 0.88664987683296215 0.050000002607703216 0.31111063063144689 0.21254383027553561 0.24166666716337207 0.075361054390668883 0.013349565211683513 0.82402992248535167 0.018556690774858001 -0.039690366014838212 -0.27167628705501551
decision_type=8 8 10 10 10 10 10 10 10 10 2 10 8 10 8 8 10 10 2 8 2 10 10 2 10 10 10 10 10 10
left_child=3 4 12 6 5 -2 21 23 -9 -7 11 -5 13 20 17 16 -16 26 -19 -17 -3 22 -1 25 27 -6 -14 -25 -27 -4
right_child=1 2 29 10 7 9 -8 8 -10 -11 -12 -13 14 -15 15 19 -18 18 -20 -21 -22 -23 -24 24 -26 28 -28 -29 -30 -31
leaf_value=0.010762057963255613 -0.01978968602138657 0.0083729595556806518 0.0095567953356524241 0.0030990452451170282 -0.00014068090458266337 -0.01012896618868621 -0.0073495533484171068 -0.0033803701283996548 0.0080975743094262934 0.011181940414187838 0.00048973918682110676 0.020649477835229739 0.0037811717177373186 0.012558598680803387 -0.00154468180926596 0.0031198622300314285 -0.01499619660270555 -0.022235207163066435 0.0005645490300040765 -0.00049964206114820413 0.00034281230160223522 0.0012794464472776848 0.028191907094212012 -0.00044339063493562442 0.0096487064348845693 0.0093659759796798827 0.00050912004935344012 -0.0018514242441052824 0.0012833723822760715 0.0024544810253585552
leaf_weight=913 430 1158 1741 598 62332 386 191 1313 2347 248 4064 349 5515 662 3025 5032 883 242 237 77027 4035 382 344 61229 508 1206 119350 53579 3139 2726
leaf_count=913 430 1158 1741 598 62332 386 191 1313 2347 248 4064 349 5515 662 3025 5032 883 242 237 77027 4035 382 344 61229 508 1206 119350 53579 3139 2726
internal_value=4.18975e-06 -7.33692e-05 0.000359257 0.00466425 -0.000588486 -0.00924443 0.0105765 -0.000536272 0.00390243 -0.0012471 0.00241204 0.0101705 0.000255361 0.00347547 0.000164398 -0.000480067 -0.00472126 0.000608802 -0.0107826 -0.000273327 0.00221628 0.0129097 0.0161338 -0.000627604 -0.00105169 0.000101431 0.000656624 -0.00110332 0.00362815 0.00531971
internal_weight=415191 408350 221633 6841 186717 1064 1830 185653 3660 634 5011 947 217166 5855 211311 85967 3908 125344 479 82059 5193 1639 1257 181993 115316 66677 124865 114808 4345 4467
internal_count=415191 408350 221633 6841 186717 1064 1830 185653 3660 634 5011 947 217166 5855 211311 85967 3908 125344 479 82059 5193 1639 1257 181993 115316 66677 124865 114808 4345 4467
is_linear=0
shrinkage=0.03


end of trees

feature_importances:
KLEN=12
ROC30=12
RESI30=12
STD20=10
BETA20=9
RESI60=9
MAX30=9
KLOW=8
RSQR30=8
IMXD30=8
ROC10=7
ROC20=7
BETA10=7
QTLD5=7
IMIN60=7
HIGH0=6
ROC60=6
STD5=6
STD30=6
RSQR5=6
RSQR20=6
KUP=5
MA60=5
BETA5=5
MIN10=5
MIN60=5
IMIN30=5
KLOW2=4
STD60=4
RSQR60=4
QTLU5=4
QTLD20=4
IMIN10=4
VWAP0=3
MA5=3
RESI5=3
RESI10=3
MAX10=3
MIN30=3
RSV10=3
IMIN5=3
CNTD60=3
SUMP10=3
SUMP60=3
SUMD10=3
SUMD60=3
KUP2=2
KSFT2=2
ROC5=2
MA30=2
STD10=2
BETA30=2
RESI20=2
MIN20=2
QTLU10=2
QTLU60=2
QTLD10=2
QTLD30=2
RANK60=2
IMAX20=2
IMAX60=2
IMIN20=2
IMXD10=2
IMXD20=2
CORR30=2
SUMP20=2
SUMD20=2
LOW0=1
MA10=1
MA20=1
RSQR10=1
MAX20=1
MAX60=1
MIN5=1
QTLU20=1
QTLU30=1
RANK5=1
RSV30=1
RSV60=1
IMAX30=1
IMXD5=1
IMXD60=1
CORR60=1
CNTP10=1
CNTN60=1
CNTD20=1
SUMN5=1
SUMN10=1
SUMN60=1
SUMD30=1
VMA5=1
VMA20=1
WVMA10=1
WVMA20=1

parameters:
[boosting: gbdt]
[objective: regression]
[metric: l2]
[tree_learner: serial]
[device_type: gpu]
[data_sample_strategy: bagging]
[data: ]
[valid: ]
[num_iterations: 500]
[learning_rate: 0.03]
[num_leaves: 31]
[num_threads: 12]
[seed: 20260813]
[deterministic: 0]
[force_col_wise: 1]
[force_row_wise: 0]
[histogram_pool_size: -1]
[max_depth: 7]
[min_data_in_leaf: 100]
[min_sum_hessian_in_leaf: 0.001]
[bagging_fraction: 0.8]
[pos_bagging_fraction: 1]
[neg_bagging_fraction: 1]
[bagging_freq: 1]
[bagging_seed: 20260813]
[bagging_by_query: 0]
[feature_fraction: 0.8]
[feature_fraction_bynode: 1]
[feature_fraction_seed: 20260813]
[extra_trees: 0]
[extra_seed: 13549]
[early_stopping_round: 0]
[early_stopping_min_delta: 0]
[first_metric_only: 0]
[max_delta_step: 0]
[lambda_l1: 10]
[lambda_l2: 20]
[linear_lambda: 0]
[min_gain_to_split: 0]
[drop_rate: 0.1]
[max_drop: 50]
[skip_drop: 0.5]
[xgboost_dart_mode: 0]
[uniform_drop: 0]
[drop_seed: 11866]
[top_rate: 0.2]
[other_rate: 0.1]
[min_data_per_group: 100]
[max_cat_threshold: 32]
[cat_l2: 10]
[cat_smooth: 10]
[max_cat_to_onehot: 4]
[top_k: 20]
[monotone_constraints: ]
[monotone_constraints_method: basic]
[monotone_penalty: 0]
[feature_contri: ]
[forcedsplits_filename: ]
[refit_decay_rate: 0.9]
[cegb_tradeoff: 1]
[cegb_penalty_split: 0]
[cegb_penalty_feature_lazy: ]
[cegb_penalty_feature_coupled: ]
[path_smooth: 0]
[interaction_constraints: ]
[verbosity: 1]
[saved_feature_importance_type: 0]
[use_quantized_grad: 0]
[num_grad_quant_bins: 4]
[quant_train_renew_leaf: 0]
[stochastic_rounding: 1]
[linear_tree: 0]
[max_bin: 63]
[max_bin_by_feature: ]
[min_data_in_bin: 3]
[bin_construct_sample_cnt: 200000]
[data_random_seed: 20260812]
[is_enable_sparse: 1]
[enable_bundle: 1]
[use_missing: 1]
[zero_as_missing: 0]
[feature_pre_filter: 1]
[pre_partition: 0]
[two_round: 0]
[header: 0]
[label_column: ]
[weight_column: ]
[group_column: ]
[ignore_column: ]
[categorical_feature: ]
[forcedbins_filename: ]
[precise_float_parser: 0]
[parser_config_file: ]
[objective_seed: 16743]
[num_class: 1]
[is_unbalance: 0]
[scale_pos_weight: 1]
[sigmoid: 1]
[boost_from_average: 1]
[reg_sqrt: 0]
[alpha: 0.9]
[fair_c: 1]
[poisson_max_delta_step: 0.7]
[tweedie_variance_power: 1.5]
[lambdarank_truncation_level: 30]
[lambdarank_norm: 1]
[label_gain: ]
[lambdarank_position_bias_regularization: 0]
[eval_at: ]
[multi_error_top_k: 1]
[auc_mu_weights: ]
[num_machines: 1]
[local_listen_port: 12400]
[time_out: 120]
[machine_list_filename: ]
[machines: ]
[gpu_platform_id: 0]
[gpu_device_id: 0]
[gpu_use_dp: 1]
[num_gpu: 1]

end of parameters

pandas_categorical:null
