tree
version=v4
num_class=1
num_tree_per_iteration=1
label_index=0
max_feature_idx=163
objective=regression
feature_names=KMID KLEN KMID2 KUP KUP2 KLOW KLOW2 KSFT KSFT2 OPEN0 HIGH0 LOW0 VWAP0 ROC5 ROC10 ROC20 ROC30 ROC60 MA5 MA10 MA20 MA30 MA60 STD5 STD10 STD20 STD30 STD60 BETA5 BETA10 BETA20 BETA30 BETA60 RSQR5 RSQR10 RSQR20 RSQR30 RSQR60 RESI5 RESI10 RESI20 RESI30 RESI60 MAX5 MAX10 MAX20 MAX30 MAX60 MIN5 MIN10 MIN20 MIN30 MIN60 QTLU5 QTLU10 QTLU20 QTLU30 QTLU60 QTLD5 QTLD10 QTLD20 QTLD30 QTLD60 RANK5 RANK10 RANK20 RANK30 RANK60 RSV5 RSV10 RSV20 RSV30 RSV60 IMAX5 IMAX10 IMAX20 IMAX30 IMAX60 IMIN5 IMIN10 IMIN20 IMIN30 IMIN60 IMXD5 IMXD10 IMXD20 IMXD30 IMXD60 CORR5 CORR10 CORR20 CORR30 CORR60 CORD5 CORD10 CORD20 CORD30 CORD60 CNTP5 CNTP10 CNTP20 CNTP30 CNTP60 CNTN5 CNTN10 CNTN20 CNTN30 CNTN60 CNTD5 CNTD10 CNTD20 CNTD30 CNTD60 SUMP5 SUMP10 SUMP20 SUMP30 SUMP60 SUMN5 SUMN10 SUMN20 SUMN30 SUMN60 SUMD5 SUMD10 SUMD20 SUMD30 SUMD60 VMA5 VMA10 VMA20 VMA30 VMA60 VSTD5 VSTD10 VSTD20 VSTD30 VSTD60 WVMA5 WVMA10 WVMA20 WVMA30 WVMA60 VSUMP5 VSUMP10 VSUMP20 VSUMP30 VSUMP60 VSUMN5 VSUMN10 VSUMN20 VSUMN30 VSUMN60 VSUMD5 VSUMD10 VSUMD20 VSUMD30 VSUMD60 ORC_TREND_VOLUME_DIVERGENCE_10_20 ORC_VOLUME_WEIGHTED_DIRECTION_10 ORC_LAGGED_VOLUME_LEAD_20 ORC_PV_COHERENCE_SHIFT_5_20 ORC_NET_VOLUME_PRESSURE_20 ORC_VOLUME_TREND_DIVERGENCE_10
feature_infos=[-0.15450645983219147:0.33106967806816101] [0:0.33106967806816101] [-1:1] [0:0.27153289318084717] [0:1] [0:0.19577737152576447] [0:1] [-0.31147539615631104:0.33106967806816101] [-1:1] [0.75127547979354858:1.1827411651611328] [1:1.365384578704834] [0.75127547979354858:1] [0.90894031524658203:1.0877940654754639] [0.62103557586669922:1.6790908575057983] [0.51279789209365845:1.8924485445022583] [0.43777582049369812:2.2146341800689697] [0.40953221917152405:2.740487813949585] [0.32686084508895874:2.649662971496582] [0.8043818473815918:1.3455072641372681] [0.69517505168914795:1.4951817989349365] [0.58934980630874634:1.7117466926574707] [0.53464740514755249:1.9959673881530762] [0.46012550592422485:1.8649090528488159] [0:0.26957115530967712] [0:0.32280367612838745] [0:0.36472421884536743] [0:0.57258552312850952] [0:0.50059491395950317] [-0.16409091651439667:0.17131471633911133] [-0.11732283234596252:0.17131471633911133] [-0.11732283234596252:0.17131471633911133] [-0.11732283234596252:0.17131471633911133] [-0.11732283234596252:0.17131471633911133] [0:1] [0:1] [0:1] [0:1] [0:1] [-0.11478264629840851:0.13264167308807373] [-0.24554997682571411:0.20802642405033112] [-0.40848860144615173:0.27287426590919495] [-0.44566619396209717:0.27581575512886047] [-0.96870207786560059:0.36147966980934143] [1:1.6472727060317993] [1:1.9298244714736938] [1:2.2439024448394775] [1:3.3160974979400635] [1:3.3160974979400635] [0.58144122362136841:1] [0.49132096767425537:1] [0.42983227968215942:1] [0.39746984839439392:1] [0.31774049997329712:1] [0.86334514617919922:1.4843636751174927] [0.78309857845306396:1.7869091033935547] [0.69679319858551025:2.054157018661499] [0.57799351215362549:2.423609733581543] [0.52150630950927734:2.3250908851623535] [0.70860719680786133:1.2689855098724365] [0.53621649742126465:1.4057971239089966] [0.45107382535934448:1.5574545860290527] [0.43389230966567993:1.5740000009536743] [0.37328624725341797:1.5950908660888672] [0.20000000298023224:1] [0.10000000149011612:1] [0.05000000074505806:1] [0.033333335071802139:1] [0.01666666753590107:1] [0:1] [0:1] [0:1] [0:1] [0:1] [0.20000000298023224:1] [0.10000000149011612:1] [0.05000000074505806:1] [0.033333335071802139:1] [0.01666666753590107:1] [0.20000000298023224:1] [0.10000000149011612:1] [0.05000000074505806:1] [0.033333335071802139:1] [0.01666666753590107:1] [-0.80000001192092896:0.80000001192092896] [-0.89999997615814209:0.89999997615814209] [-0.94999998807907104:0.94999998807907104] [-0.96666663885116577:0.96666663885116577] [-0.98333334922790527:0.98333334922790527] [-1:1] [-1:1] [-1:1] [-1:1] [-1:1] [-1:1] [-1:1] [-1:1] [-1:1] [-1:1] [0:1] [0:1] [0:0.94999998807907104] [0:0.90909093618392944] [0:0.90909093618392944] [0:1] [0:1] [0:0.89999997615814209] [0:0.8571428656578064] [0:0.8571428656578064] [-1:1] [-1:1] [-0.83333331346511841:0.90909093618392944] [-0.83333331346511841:0.90909093618392944] [-0.83333331346511841:0.90909093618392944] [0:1] [0:1] [0:1] [0:1] [0:1] [0:1] [0:1] [0:1] [0:1] [0:1] [-1:1] [-1:1] [-1:1] [-1:1] [-1:1] [0.20013266801834106:26452.083984375] [0.10012400150299072:23627.859375] [0.050104878842830658:26698.134765625] [0.033777147531509399:28136.5] [0.017187755554914474:26107.111328125] [0.00080492562847211957:59102.5] [0.0021778203081339598:49210.34375] [0.0021778203081339598:56418.4921875] [0.0021778203081339598:57003.12109375] [0.0021778203081339598:42065.70703125] [0:2.2360680103302002] [0:3.1615598201751709] [0:4.4708261489868164] [0:5.465825080871582] [0:7.5986995697021484] [0:1] [0:1] [0:1] [0:1] [0:1] [0:1] [0:1] [0:1] [0:1] [0:1] [-1:1] [-1:1] [-1:1] [-1:1] [-1:1] [-681.060791015625:20.591409683227539] [-0.11966706067323685:0.2139812707901001] [-1690.6951904296875:664.3572998046875] [-0.51776564121246338:0.31678074598312378] [0:0] [-537.621826171875:24.261236190795898]
tree_sizes=3109 3060 3058 3076

Tree=0
num_leaves=31
num_cat=0
split_feature=16 26 40 71 58 36 140 42 14 55 10 14 18 73 20 36 85 42 29 38 6 23 29 16 82 22 92 118 83 10
split_gain=169.221 107.289 73.3576 87.6067 69.7056 64.3583 84.4877 63.8599 62.0718 91.8641 92.0592 58.7849 56.5356 74.7985 74.7165 49.3852 58.5437 46.2514 63.431 44.4063 42.8458 42.3435 35.3069 38.1004 55.0851 37.2156 33.1806 32.7327 47.5851 31.2161
threshold=1.2241054177284243 0.019946628250181678 -0.030112487263977524 0.58064553141593944 0.99975594878196727 0.80502268671989452 0.76397109031677257 -0.003400894813239574 0.92502990365028392 0.93584609031677257 1.0181043744087221 0.84237992763519298 1.0247294902801516 0.5000000149011613 1.0707752108573916 0.79527312517166149 0.82500001788139354 -0.064358774572610841 -0.0036131704691797491 -0.023208932019770142 0.083336301147937789 0.017142243683338169 0.0017916329670697453 1.1623080372810366 0.84166666865348827 1.141421973705292 0.70047160983085643 0.5416676700115205 -0.3000000044703483 1.0201613306999209
decision_type=10 10 10 10 10 10 10 8 8 10 10 10 10 10 10 10 2 10 10 10 10 10 10 8 2 10 10 10 10 10
left_child=1 7 3 22 27 -2 -7 -1 9 15 11 -11 17 14 -14 16 -4 20 -19 -12 -10 -8 23 24 -3 -25 -17 -5 -29 -9
right_child=5 2 8 4 -6 6 21 29 12 10 19 -13 13 -15 -16 26 -18 18 -20 -21 -22 -23 -24 25 -26 -27 -28 28 -30 -31
leaf_value=-0.00018118463050201169 0.0021630300541513347 0.00061187100545211873 -0.0034214186227276332 0.006193771218313467 0.0064344148155406474 -0.0024657150167116467 2.4078637920326876e-11 0.0018563758021038742 -0.0026060375740841486 0.013406970648210661 -0.0043653006570596922 0.00039169163428451879 -0.0049203416382864124 -0.011078110391891972 0.003048678109701343 0.0054837228203863811 -0.017716727895158494 -0.0021010635230548566 -0.00056545508524783166 0.0089146076163637254 0.0025873021676512866 0.015403737835921898 -0.0078284971805580948 -0.00025962267794205334 -0.0042320277297264574 0.0076510010563725257 -0.01074819443121198 0.00040502800428731121 -0.011042933742031816 -0.0032685470908852565
leaf_weight=27969 1921 9198 920 530 4070 337 226 36424 1779 306 210 9635 2981 1051 1572 505 394 31721 106430 2086 6286 1279 496 890 2701 1098 118 1294 398 1043
leaf_count=27969 1921 9198 920 530 4070 337 226 36424 1779 306 210 9635 2981 1051 1572 505 394 31721 106430 2086 6286 1279 496 890 2701 1098 118 1294 398 1043
internal_value=-5.39311e-05 -0.000149586 -0.000517023 0.00116176 0.00410957 0.00624213 0.0102661 0.000893854 -0.000728041 0.00116017 0.0021394 0.000848555 -0.00090643 -0.00387217 -0.002102 -0.00483145 -0.00813408 -0.000790197 -0.000920472 0.00754324 0.00140102 0.0133087 -0.000110884 0.000154055 -0.000467751 0.00399281 0.00170405 -3.44181e-05 -0.00221013 0.00170404
internal_weight=255868 252105 186669 20675 6292 3763 1842 65436 165994 14174 12237 9941 151820 5604 4553 1937 1314 146216 138151 2296 8065 1505 14383 13887 11899 1988 623 2222 1692 37467
internal_count=255868 252105 186669 20675 6292 3763 1842 65436 165994 14174 12237 9941 151820 5604 4553 1937 1314 146216 138151 2296 8065 1505 14383 13887 11899 1988 623 2222 1692 37467
is_linear=0
shrinkage=1


Tree=1
num_leaves=31
num_cat=0
split_feature=16 26 27 33 42 76 45 18 18 25 33 30 45 140 36 38 48 53 8 2 28 115 18 26 80 10 4 33 7 34
split_gain=168.054 92.2303 86.6768 82.5585 99.5572 76.55 55.0529 69.7091 59.7217 78.5684 54.984 55.6092 49.2468 48.07 57.6085 59.4786 47.5664 46.2394 43.6704 42.104 48.2238 40.8703 40.3437 40.3093 41.0473 34.9108 33.5092 33.7299 32.183 28.3584
threshold=1.2241054177284243 0.021585190668702129 0.075719226151704802 0.31925892829895025 0.10538326948881151 0.58333334326744091 1.1185795664787295 1.0402072072029116 0.94165822863578807 0.041385870426893241 0.97828525304794323 -0.0054516200907528392 1.0307692885398867 0.74105113744735729 0.80502268671989452 -0.0023240277078002687 0.97886687517166149 0.99336126446723949 0.91304087638854992 -0.12121398374438284 -0.0079898675903677923 0.29702508449554449 0.97814664244651806 0.063043441623449339 0.37500000000000006 1.0360538363456728 0.58620682358741771 0.66093224287033092 -0.016568616032600399 0.43049283325672155
decision_type=10 10 10 8 10 2 10 10 10 10 10 10 8 10 10 10 10 10 10 10 10 10 10 10 2 10 10 10 10 10
left_child=1 12 3 19 5 17 7 8 -4 -10 11 13 -1 -2 29 21 -7 -5 26 20 -3 -16 -21 24 -6 -14 27 -8 -22 -15
right_child=10 2 6 4 23 16 18 -9 9 -11 -12 -13 25 14 15 -17 -18 -19 -20 22 28 -23 -24 -25 -26 -27 -28 -29 -30 -31
leaf_value=0.0014457400236106369 -0.0012120134884020567 -0.018633423691656249 -0.011125560288413244 -0.0031633072598261243 -0.013285660094386503 -2.5354609709707186e-05 -0.0029702924544044475 0.013363970654318109 0.00025991422727225281 0.0042519906077541792 -0.012732227254360915 0 4.7288933914471675e-05 -0.0031022795639163649 0.012880927136217886 0.0076050746327448156 0.0020805331102136588 -0.00054375098070288778 0.0065257613722019452 0.002423786289685008 -0.0025844880584388213 0.031187438805123605 -0.0029017953781906684 0 0.00021095622864212034 -0.0080257997213844696 -0.0082574174894461307 0.0014022951739710858 2.3451249375060267e-05 0.0073138211679370149
leaf_weight=41546 321 117 301 6960 935 22717 3645 452 11704 7307 105 850 36584 266 427 778 16419 51139 585 1273 5760 257 24962 414 202 468 650 2680 15342 826
leaf_count=41546 321 117 301 6960 935 22717 3645 452 11704 7307 105 850 36584 266 427 778 16419 51139 585 1273 5760 257 24962 414 202 468 650 2680 15342 826
internal_value=-1.8226e-05 -0.00011436 -0.000501472 -0.000792433 -0.000294634 -0.0001704 0.00104424 0.00188223 0.00158443 0.00181291 0.00620087 0.00687981 0.000736574 0.00886096 0.0102431 0.0142143 0.000851093 -0.000863704 -0.00110611 -0.00182183 -0.000806576 0.020876 -0.00263031 -0.00779082 -0.0106664 -5.08639e-05 -0.00180592 -0.0010717 -0.000675982 0.00449662
internal_weight=255992 252162 173564 146240 98786 97235 27324 19764 19312 19011 3830 3725 78598 2875 2554 1462 39136 58099 7560 47454 21219 684 26235 1551 1137 37052 6975 6325 21102 1092
internal_count=255992 252162 173564 146240 98786 97235 27324 19764 19312 19011 3830 3725 78598 2875 2554 1462 39136 58099 7560 47454 21219 684 26235 1551 1137 37052 6975 6325 21102 1092
is_linear=0
shrinkage=0.03


Tree=2
num_leaves=31
num_cat=0
split_feature=16 26 27 18 11 15 45 125 61 102 12 35 30 140 122 142 11 48 29 121 51 38 125 34 6 38 10 84 23 48
split_gain=158.729 93.1166 77.7785 73.1729 75.3693 57.3938 55.435 53.3258 54.6164 50.7205 63.0657 63.7781 49.298 53.4967 47.0524 46.8658 41.7992 40.1667 46.9857 38.5387 39.1498 57.3516 37.741 37.5998 36.7868 34.1963 31.8395 36.674 31.6965 31.0109
threshold=1.2241054177284243 0.021455070935189727 0.075719226151704802 0.94165822863578807 0.97432765364646923 1.1643151044845583 1.0206446051597597 0.37500028312206274 0.84501886367797863 0.53923079371452343 0.99910399317741405 0.76871791481971752 -0.0070404950529336921 0.79245173931121837 0.59291332960128795 1.3219010233879092 0.98680517077445995 0.96848088502883922 -0.011832905001938341 0.63616314530372631 0.94109559059143078 -0.0023240277078002687 0.50436052680015575 0.4157340824604035 0.071430169045925154 -0.016666650772094723 1.0347490906715395 1.0000000180025095e-35 0.028384196572005752 0.96557661890983593
decision_type=10 10 10 10 10 10 8 10 10 2 8 10 10 10 10 10 10 10 10 10 10 10 10 10 10 10 10 2 10 10
left_child=1 6 5 24 15 9 28 8 -6 10 23 -12 13 29 17 22 -9 -7 -19 -15 -21 -22 -5 -3 -4 -11 27 -8 -1 -2
right_child=12 2 3 4 7 14 26 16 -10 25 11 -13 -14 19 -16 -17 -18 18 -20 20 21 -23 -24 -25 -26 -27 -28 -29 -30 -31
leaf_value=0.0017662539003375115 0.0082347500538102608 -0.00086628582182068426 -0.02019568336828528 0.0066858683850539221 -0.0085341186261542797 -0.0018873345774429087 -0.00026434828996674492 0.0096541303986331494 0.00016145035901923241 -0.0061718374880334621 -0.00092482071487953895 0.0012382856835965413 0.00079862331949312243 0 -0.00089074035719190138 0.00016054119995651195 0.00049837548890130216 0 0.016485461575821175 0.020162055040768123 0.01498452590343579 0.0020991348920489862 -0.0039755443881066242 -0.0025338847467740355 -0.001477002678022011 0.0007192645663804348 -0.0068708249547127171 0.0015221222642930118 0.015063995747143656 -0.0063982731890047211
leaf_weight=28182 199 21844 191 3948 653 200 33883 918 18155 641 55898 15602 1224 295 707 1985 1007 253 559 458 683 683 274 29648 248 22009 546 14756 149 299
leaf_count=28182 199 21844 191 3948 653 200 33883 918 18155 641 55898 15602 1224 295 707 1985 1007 253 559 458 683 683 274 29648 248 22009 546 14756 149 299
internal_value=2.69317e-05 -6.42839e-05 -0.000449272 0.00101404 0.00122555 -0.000723286 0.000799596 0.00034011 -0.000133264 -0.000789638 -0.00103067 -0.000448401 0.00606448 0.00838888 0.00467034 0.00412439 0.00507322 0.00878807 0.0117602 0.0104531 0.0120647 0.00888154 0.00590776 -0.00183289 -0.0107998 0.000505739 0.000183717 0.000271865 0.00185735 0
internal_weight=256097 252256 174740 27379 26940 147361 77516 20733 18808 145642 122992 71500 3841 2617 1719 6207 1925 1012 812 2119 1824 1366 4222 51492 439 22650 49185 48639 28331 498
internal_count=256097 252256 174740 27379 26940 147361 77516 20733 18808 145642 122992 71500 3841 2617 1719 6207 1925 1012 812 2119 1824 1366 4222 51492 439 22650 49185 48639 28331 498
is_linear=0
shrinkage=0.03


Tree=3
num_leaves=31
num_cat=0
split_feature=32 26 25 58 86 138 1 1 79 102 125 45 3 39 1 80 1 53 137 12 102 120 62 15 86 1 78 32 29 9
split_gain=113.382 98.9698 88.0447 87.3231 82.848 65.7676 62.3442 61.9511 64.1384 57.8568 57.0808 53.1227 51.5508 51.4474 48.9268 63.7985 46.5491 45.2064 52.1068 43.7399 46.7412 42.5457 42.2665 47.2278 41.1642 49.0626 39.3602 38.1726 34.319 34.0598
threshold=-0.0048883806448429814 0.021585190668702129 0.041385870426893241 0.90760317444801342 -0.58333334326744068 0.68291547894477855 0.071050275117158904 0.058631887659430511 0.15000000223517421 0.54316771030426036 -0.60678949952125538 1.030380427837372 0.018742348067462448 0.016193234361708168 0.056305507197976119 0.27500000596046453 0.035042800009250648 0.97937640547752391 0.91232529282569896 0.98555809259414684 0.47673159837722784 0.73979589343070995 0.9007592797279359 0.96658712625503551 -0.81666666269302357 0.018539967946708206 0.30000000447034841 -0.0010401423787698148 -0.00091700023040175427 0.98082375526428234
decision_type=8 10 10 10 2 10 10 10 2 2 10 10 10 10 10 2 10 10 10 10 2 10 10 10 2 10 10 10 10 10
left_child=4 11 9 14 5 6 21 8 12 13 -10 -2 -5 24 -4 -16 -13 -7 -19 -9 -21 -1 27 -24 25 -3 -26 -15 -18 -6
right_child=1 2 3 7 29 17 -8 19 10 -11 -12 16 -14 22 15 -17 28 18 -20 20 -22 -23 23 -25 26 -27 -28 -29 -30 -31
leaf_value=0.0008562104310351912 0.0015126143805416158 -0.00049461733212222982 0 0.0022380865638027838 0.0061544063726189438 -0.0034198490449060229 0.016967909979807624 0.00016649816933297999 0.008044653435325495 0.00052218101287511832 -0.00046903073054772198 0.00014123821253527534 0.011861722185894905 -0.021362466818267214 -0.027940263720888224 -0.0020287199225709879 -0.001245431808539342 0.011345784010659297 0 0.015953623342468252 0.0045535094791673194 -0.012441731497896701 0.0016868555648341217 -0.0032032206209012593 -0.0016406544353967736 -0.0043299439521759181 -0.00025313102860865085 -0.0055251402580744407 -0.012083994190274725 -0.00054249243099505193
leaf_weight=838 40990 5923 233 7608 791 214 157 1017 712 22358 20955 35763 540 155 192 195 744 2436 434 517 1189 257 2137 8619 26655 6518 61586 1629 466 4056
leaf_count=838 40990 5923 233 7608 791 214 157 1017 712 22358 20955 35763 540 155 192 195 744 2436 434 517 1189 257 2137 8619 26655 6518 61586 1629 466 4056
internal_value=7.37396e-06 -0.000113406 -0.000522889 0.000857917 0.00327793 0.00628713 0.000229237 0.00108147 0.000672548 -0.000862873 -0.000168268 0.00076891 0.00294009 -0.00113907 -0.0100725 -0.0163624 -4.78578e-05 0.00863246 0.00965238 0.00541194 0.00832693 -0.00216299 -0.00296047 -0.00220249 -0.000908696 -0.00253179 -0.000675937 -0.00728902 -0.00579214 0.000509559
internal_weight=255884 246701 168738 33158 9183 4336 1252 32538 29815 135580 21667 77963 8148 113222 620 387 36973 3084 2870 2723 1706 1095 12540 10756 100682 12441 88241 1784 1210 4847
internal_count=255884 246701 168738 33158 9183 4336 1252 32538 29815 135580 21667 77963 8148 113222 620 387 36973 3084 2870 2723 1706 1095 12540 10756 100682 12441 88241 1784 1210 4847
is_linear=0
shrinkage=0.03


end of trees

feature_importances:
KLEN=5
MA5=5
STD30=5
HIGH0=4
ROC30=4
BETA10=4
RESI5=4
MAX20=4
RSQR5=3
RSQR30=3
RESI60=3
MIN5=3
CNTP60=3
SUMD20=3
WVMA20=3
KLOW2=2
LOW0=2
VWAP0=2
ROC10=2
ROC20=2
STD5=2
STD20=2
STD60=2
BETA20=2
BETA60=2
RSQR10=2
QTLU5=2
QTLD5=2
IMIN20=2
IMXD30=2
KMID2=1
KUP=1
KUP2=1
KSFT=1
KSFT2=1
OPEN0=1
MA20=1
MA60=1
BETA5=1
RSQR20=1
RESI10=1
RESI20=1
MIN30=1
QTLU20=1
QTLD30=1
QTLD60=1
RSV30=1
IMAX5=1
IMAX30=1
IMIN5=1
IMIN10=1
IMIN60=1
IMXD5=1
IMXD10=1
IMXD20=1
CORR60=1
SUMP20=1
SUMN5=1
SUMN20=1
SUMN30=1
SUMN60=1
VSTD60=1
WVMA5=1
WVMA60=1

parameters:
[boosting: gbdt]
[objective: regression]
[metric: l2]
[tree_learner: serial]
[device_type: cpu]
[data_sample_strategy: bagging]
[data: ]
[valid: ]
[num_iterations: 500]
[learning_rate: 0.03]
[num_leaves: 31]
[num_threads: 12]
[seed: 20260813]
[deterministic: 1]
[force_col_wise: 1]
[force_row_wise: 0]
[histogram_pool_size: -1]
[max_depth: 7]
[min_data_in_leaf: 100]
[min_sum_hessian_in_leaf: 0.001]
[bagging_fraction: 0.8]
[pos_bagging_fraction: 1]
[neg_bagging_fraction: 1]
[bagging_freq: 1]
[bagging_seed: 20260813]
[bagging_by_query: 0]
[feature_fraction: 0.8]
[feature_fraction_bynode: 1]
[feature_fraction_seed: 20260813]
[extra_trees: 0]
[extra_seed: 13549]
[early_stopping_round: 0]
[early_stopping_min_delta: 0]
[first_metric_only: 0]
[max_delta_step: 0]
[lambda_l1: 10]
[lambda_l2: 20]
[linear_lambda: 0]
[min_gain_to_split: 0]
[drop_rate: 0.1]
[max_drop: 50]
[skip_drop: 0.5]
[xgboost_dart_mode: 0]
[uniform_drop: 0]
[drop_seed: 11866]
[top_rate: 0.2]
[other_rate: 0.1]
[min_data_per_group: 100]
[max_cat_threshold: 32]
[cat_l2: 10]
[cat_smooth: 10]
[max_cat_to_onehot: 4]
[top_k: 20]
[monotone_constraints: ]
[monotone_constraints_method: basic]
[monotone_penalty: 0]
[feature_contri: ]
[forcedsplits_filename: ]
[refit_decay_rate: 0.9]
[cegb_tradeoff: 1]
[cegb_penalty_split: 0]
[cegb_penalty_feature_lazy: ]
[cegb_penalty_feature_coupled: ]
[path_smooth: 0]
[interaction_constraints: ]
[verbosity: 1]
[saved_feature_importance_type: 0]
[use_quantized_grad: 0]
[num_grad_quant_bins: 4]
[quant_train_renew_leaf: 0]
[stochastic_rounding: 1]
[linear_tree: 0]
[max_bin: 255]
[max_bin_by_feature: ]
[min_data_in_bin: 3]
[bin_construct_sample_cnt: 200000]
[data_random_seed: 20260812]
[is_enable_sparse: 1]
[enable_bundle: 1]
[use_missing: 1]
[zero_as_missing: 0]
[feature_pre_filter: 1]
[pre_partition: 0]
[two_round: 0]
[header: 0]
[label_column: ]
[weight_column: ]
[group_column: ]
[ignore_column: ]
[categorical_feature: ]
[forcedbins_filename: ]
[precise_float_parser: 0]
[parser_config_file: ]
[objective_seed: 16743]
[num_class: 1]
[is_unbalance: 0]
[scale_pos_weight: 1]
[sigmoid: 1]
[boost_from_average: 1]
[reg_sqrt: 0]
[alpha: 0.9]
[fair_c: 1]
[poisson_max_delta_step: 0.7]
[tweedie_variance_power: 1.5]
[lambdarank_truncation_level: 30]
[lambdarank_norm: 1]
[label_gain: ]
[lambdarank_position_bias_regularization: 0]
[eval_at: ]
[multi_error_top_k: 1]
[auc_mu_weights: ]
[num_machines: 1]
[local_listen_port: 12400]
[time_out: 120]
[machine_list_filename: ]
[machines: ]
[gpu_platform_id: -1]
[gpu_device_id: -1]
[gpu_device_id_list: ]
[gpu_use_dp: 0]
[num_gpu: 1]

end of parameters

pandas_categorical:null
