tree
version=v4
num_class=1
num_tree_per_iteration=1
label_index=0
max_feature_idx=163
objective=regression
feature_names=KMID KLEN KMID2 KUP KUP2 KLOW KLOW2 KSFT KSFT2 OPEN0 HIGH0 LOW0 VWAP0 ROC5 ROC10 ROC20 ROC30 ROC60 MA5 MA10 MA20 MA30 MA60 STD5 STD10 STD20 STD30 STD60 BETA5 BETA10 BETA20 BETA30 BETA60 RSQR5 RSQR10 RSQR20 RSQR30 RSQR60 RESI5 RESI10 RESI20 RESI30 RESI60 MAX5 MAX10 MAX20 MAX30 MAX60 MIN5 MIN10 MIN20 MIN30 MIN60 QTLU5 QTLU10 QTLU20 QTLU30 QTLU60 QTLD5 QTLD10 QTLD20 QTLD30 QTLD60 RANK5 RANK10 RANK20 RANK30 RANK60 RSV5 RSV10 RSV20 RSV30 RSV60 IMAX5 IMAX10 IMAX20 IMAX30 IMAX60 IMIN5 IMIN10 IMIN20 IMIN30 IMIN60 IMXD5 IMXD10 IMXD20 IMXD30 IMXD60 CORR5 CORR10 CORR20 CORR30 CORR60 CORD5 CORD10 CORD20 CORD30 CORD60 CNTP5 CNTP10 CNTP20 CNTP30 CNTP60 CNTN5 CNTN10 CNTN20 CNTN30 CNTN60 CNTD5 CNTD10 CNTD20 CNTD30 CNTD60 SUMP5 SUMP10 SUMP20 SUMP30 SUMP60 SUMN5 SUMN10 SUMN20 SUMN30 SUMN60 SUMD5 SUMD10 SUMD20 SUMD30 SUMD60 VMA5 VMA10 VMA20 VMA30 VMA60 VSTD5 VSTD10 VSTD20 VSTD30 VSTD60 WVMA5 WVMA10 WVMA20 WVMA30 WVMA60 VSUMP5 VSUMP10 VSUMP20 VSUMP30 VSUMP60 VSUMN5 VSUMN10 VSUMN20 VSUMN30 VSUMN60 VSUMD5 VSUMD10 VSUMD20 VSUMD30 VSUMD60 ORC_TREND_VOLUME_DIVERGENCE_10_20 ORC_VOLUME_WEIGHTED_DIRECTION_10 ORC_LAGGED_VOLUME_LEAD_20 ORC_PV_COHERENCE_SHIFT_5_20 ORC_NET_VOLUME_PRESSURE_20 ORC_VOLUME_TREND_DIVERGENCE_10
feature_infos=[-0.15450645983219147:0.33106967806816101] [0:0.33106967806816101] [-1:1] [0:0.27153289318084717] [0:1] [0:0.19577737152576447] [0:1] [-0.31147539615631104:0.33106967806816101] [-1:1] [0.75127547979354858:1.1827411651611328] [1:1.365384578704834] [0.75127547979354858:1] [0.90894031524658203:1.0877940654754639] [0.62103557586669922:1.6790908575057983] [0.51279789209365845:1.8924485445022583] [0.43777582049369812:2.2146341800689697] [0.40953221917152405:2.740487813949585] [0.32686084508895874:2.649662971496582] [0.8043818473815918:1.3455072641372681] [0.69517505168914795:1.4951817989349365] [0.58934980630874634:1.7117466926574707] [0.53464740514755249:1.9959673881530762] [0.46012550592422485:1.8649090528488159] [0:0.26957115530967712] [0:0.32280367612838745] [0:0.36472421884536743] [0:0.57258552312850952] [0:0.50059491395950317] [-0.16409091651439667:0.17131471633911133] [-0.11732283234596252:0.17131471633911133] [-0.11732283234596252:0.17131471633911133] [-0.11732283234596252:0.17131471633911133] [-0.11732283234596252:0.17131471633911133] [0:1] [0:1] [0:1] [0:1] [0:1] [-0.11478264629840851:0.13264167308807373] [-0.24554997682571411:0.20802642405033112] [-0.40848860144615173:0.27287426590919495] [-0.44566619396209717:0.27581575512886047] [-0.96870207786560059:0.36147966980934143] [1:1.6472727060317993] [1:1.9298244714736938] [1:2.2439024448394775] [1:3.3160974979400635] [1:3.3160974979400635] [0.58144122362136841:1] [0.49132096767425537:1] [0.42983227968215942:1] [0.39746984839439392:1] [0.31774049997329712:1] [0.86334514617919922:1.4843636751174927] [0.78309857845306396:1.7869091033935547] [0.69679319858551025:2.054157018661499] [0.57799351215362549:2.423609733581543] [0.52150630950927734:2.3250908851623535] [0.70860719680786133:1.2689855098724365] [0.53621649742126465:1.4057971239089966] [0.45107382535934448:1.5574545860290527] [0.43389230966567993:1.5740000009536743] [0.37328624725341797:1.5950908660888672] [0.20000000298023224:1] [0.10000000149011612:1] [0.05000000074505806:1] [0.033333335071802139:1] [0.01666666753590107:1] [0:1] [0:1] [0:1] [0:1] [0:1] [0.20000000298023224:1] [0.10000000149011612:1] [0.05000000074505806:1] [0.033333335071802139:1] [0.01666666753590107:1] [0.20000000298023224:1] [0.10000000149011612:1] [0.05000000074505806:1] [0.033333335071802139:1] [0.01666666753590107:1] [-0.80000001192092896:0.80000001192092896] [-0.89999997615814209:0.89999997615814209] [-0.94999998807907104:0.94999998807907104] [-0.96666663885116577:0.96666663885116577] [-0.98333334922790527:0.98333334922790527] [-1:1] [-1:1] [-1:1] [-1:1] [-1:1] [-1:1] [-1:1] [-1:1] [-1:1] [-1:1] [0:1] [0:1] [0:0.94999998807907104] [0:0.90909093618392944] [0:0.90909093618392944] [0:1] [0:1] [0:0.89999997615814209] [0:0.8571428656578064] [0:0.8571428656578064] [-1:1] [-1:1] [-0.83333331346511841:0.90909093618392944] [-0.83333331346511841:0.90909093618392944] [-0.83333331346511841:0.90909093618392944] [0:1] [0:1] [0:1] [0:1] [0:1] [0:1] [0:1] [0:1] [0:1] [0:1] [-1:1] [-1:1] [-1:1] [-1:1] [-1:1] [0.20013266801834106:26452.083984375] [0.10012400150299072:23627.859375] [0.050104878842830658:26698.134765625] [0.033777147531509399:28136.5] [0.017187755554914474:26107.111328125] [0.00080492562847211957:59102.5] [0.0021778203081339598:49210.34375] [0.0021778203081339598:56418.4921875] [0.0021778203081339598:57003.12109375] [0.0021778203081339598:42065.70703125] [0:2.2360680103302002] [0:3.1615598201751709] [0:4.4708261489868164] [0:5.465825080871582] [0:7.5986995697021484] [0:1] [0:1] [0:1] [0:1] [0:1] [0:1] [0:1] [0:1] [0:1] [0:1] [-1:1] [-1:1] [-1:1] [-1:1] [-1:1] [-681.060791015625:20.591409683227539] [-0.11966706067323685:0.2139812707901001] [-1690.6951904296875:664.3572998046875] [-0.51776564121246338:0.31678074598312378] [0:0] [-537.621826171875:24.261236190795898]
tree_sizes=3074 3055 3131 3116 3090 3081 3029 2982 3104 3141 3134 3054 3081

Tree=0
num_leaves=31
num_cat=0
split_feature=16 26 33 14 16 13 30 10 69 20 14 1 33 30 1 45 140 111 1 84 138 60 22 1 41 74 33 8 70 11
split_gain=179.764 106.024 74.9863 87.3717 95.7962 75.6379 156.936 72.7454 88.5081 69.0896 65.1561 64.9441 61.5969 68.1504 61.1095 56.9304 56.0162 57.7202 54.4839 54.3953 54.2433 53.0607 49.9212 46.4298 50.3917 45.6906 45.5108 40.3847 43.6725 39.756
threshold=1.2241054177284243 0.021585190668702129 0.37453159689903265 0.915297031402588 0.83051526546478283 0.98358029127120983 0.0047473155427724132 1.018746614456177 0.64583364129066478 0.89386713504791271 0.94584837555885326 0.036247322335839278 0.97388815879821788 -0.0068273739889264098 0.031670935451984412 1.0042480826377871 0.76397109031677257 -0.16954023391008374 0.054196750745177276 -1.0000000180025095e-35 0.6355138123035432 0.86153843998909008 1.0978227853775027 0.054196750745177276 0.0046180568169802436 0.25000000745058065 0.78438785672187816 0.73912811279296886 0.80246952176094066 0.97116646170616161
decision_type=10 10 8 8 10 8 10 10 10 10 8 10 10 10 10 10 10 2 10 2 10 10 10 10 10 2 10 10 10 10
left_child=1 11 3 4 27 7 23 15 26 -10 21 19 13 16 -6 -4 -2 18 -18 -1 -16 -8 -17 24 -7 -12 -9 28 -3 -5
right_child=12 2 5 29 14 6 10 8 9 -11 25 -13 -14 -15 20 22 17 -19 -20 -21 -22 -23 -24 -25 -26 -27 -28 -29 -30 -31
leaf_value=0.00015079599623478887 -0.00018433821806368227 -0.0081000811011291383 0.00096462195597125239 0.00074748191078313764 0.0025831235330345203 -0.00042284972193598191 -0.0037488684176467135 -0.0096292086479696556 -0.0068152257382411369 0.006186215545171442 -0.0061479740255815929 -0.0044312052131088037 -0.01287319049889369 0.00069050732323678091 -0.00067206149816092945 -0.0023063269129865401 0.010370827886934239 0.0037327753768874178 0.024043209883429374 0.0017580187763031841 0.018561071415160571 0.01353423949703304 0.0041189042488531911 0.0047440632948743434 0.0016931765176069801 0.0045296003782223536 0.0068159505098300491 -0.012107702498574154 0.0071337370373903922 -0.0018085749945083857
leaf_weight=37936 363 260 6733 5895 854 49065 146 664 378 3162 360 2022 114 1099 128 28706 1040 680 467 38766 609 1170 1081 1906 12740 3657 157 294 396 55001
leaf_count=37936 363 260 6733 5895 854 49065 146 664 378 3162 360 2022 114 1099 128 28706 1040 680 467 38766 609 1170 1081 1906 12740 3657 157 294 396 55001
internal_value=8.50016e-06 -8.77298e-05 -0.00050339 -0.00132463 0.00407298 -2.6572e-05 0.000576117 -0.00105157 0.00257752 0.00468317 0.0055114 0.000823702 0.0065007 0.0072546 0.00858665 -0.00149432 0.00993948 0.0117422 0.0150636 0.00096726 0.0148949 0.0113648 -0.00206048 0.000156696 8.88562e-06 0.00347266 -0.00604038 -0.00319815 0.000591142 -0.00155605
internal_weight=255849 252086 173362 63437 2541 109925 69044 40881 4361 3540 5333 78724 3763 3649 1591 36520 2550 2187 1507 76702 737 1316 29787 63711 61805 4017 821 950 656 60896
internal_count=255849 252086 173362 63437 2541 109925 69044 40881 4361 3540 5333 78724 3763 3649 1591 36520 2550 2187 1507 76702 737 1316 29787 63711 61805 4017 821 950 656 60896
is_linear=0
shrinkage=1


Tree=1
num_leaves=31
num_cat=0
split_feature=16 25 40 71 18 73 55 14 36 120 29 25 33 36 1 120 24 92 58 151 118 83 52 141 13 30 84 1 41 80
split_gain=185.594 99.0797 77.0587 97.9465 90.2556 88.6093 67.3379 100.668 68.613 60.772 60.2646 57.0553 63.8978 54.8592 56.2558 73.1386 53.2894 44.0548 43.9299 52.8955 48.5108 57.1628 37.4368 37.1494 35.2289 39.0151 36.0265 41.0854 35.145 34.6983
threshold=1.2241054177284243 0.012333759106695654 -0.030112487263977524 0.58064553141593944 1.0247294902801516 0.5000000149011613 0.93584609031677257 0.88468468189239513 0.79527312517166149 0.24516092240810397 0.013010889291763307 0.04021751135587693 0.93000724911689769 0.80502268671989452 0.054196750745177276 0.69620221853256237 0.044624375179409988 0.71374112367630016 0.99975594878196727 0.42994979023933416 0.5416676700115205 -0.50000001490116108 0.76815778017044078 0.84564810991287243 1.1167117953300478 -0.0050332583487033835 0.65000000596046459 0.054196750745177276 0.0024095455883070831 0.12500000372529033
decision_type=10 10 10 10 10 10 10 8 10 10 10 10 10 10 10 10 10 10 10 10 10 10 10 10 10 10 2 10 10 2
left_child=1 -1 3 24 6 11 8 9 29 -8 -9 28 -13 -2 15 -15 -16 -10 20 -20 -5 -22 -21 -17 26 -26 27 -3 -6 -4
right_child=13 2 4 18 5 -7 7 10 17 -11 -12 12 -14 14 16 23 -18 -19 19 22 21 -23 -24 -25 25 -27 -28 -29 -30 -31
leaf_value=0.0014577949785884786 0.0027936375892292555 0.00014029815162076661 -0.018130157491023889 0.0087021386524964422 -0.0051547529707660382 -0.011599155047107179 -0.0013252763068875967 -0.00049422529515835505 0.0057335067393438017 0.0086506322659261874 0.0053496010123969401 0.0061789108495882636 -0.007742470983461148 0.01597987112082171 0 -0.0085752333155460665 0.024078078600202613 -0.012879178778958514 -0.0069072250819798287 0.012596548761942042 0.00391745575410791 -0.0068929540506371062 0.0052694211049635386 0.0049161248707276367 0.0002086786924194208 -0.010503406982671064 -0.013855530341366126 0.0062112850675855166 0.0078550066403494986 -0.0061924056076429262
leaf_weight=31029 1964 13286 350 535 3306 1156 721 187052 542 1745 1574 1120 368 453 129 230 394 119 218 945 829 863 2917 629 536 559 135 1077 163 1007
leaf_count=31029 1964 13286 350 535 3306 1156 721 187052 542 1745 1574 1120 368 453 129 230 394 119 218 945 829 863 2917 629 536 559 135 1077 163 1007
internal_value=-2.67144e-05 -0.000127286 -0.000351181 0.00133324 -0.000537965 -0.00412652 -0.000422399 -0.000362835 -0.00585659 0.00562604 -0.000443309 -0.00228398 0.00248003 0.00653572 0.0103058 0.00646039 0.0188068 0.0016623 0.00448193 0.00633855 0.00092084 -0.00143724 0.00719525 0.000849553 3.635e-05 -0.00508112 0.000449992 0.000624389 -0.00441595 -0.00970789
internal_weight=255951 252152 221123 21900 199223 6113 193110 191092 2018 2466 188626 4957 1488 3799 1835 1312 523 661 6307 4080 2227 1692 3862 859 15593 1095 14498 14363 3469 1357
internal_count=255951 252152 221123 21900 199223 6113 193110 191092 2018 2466 188626 4957 1488 3799 1835 1312 523 661 6307 4080 2227 1692 3862 859 15593 1095 14498 14363 3469 1357
is_linear=0
shrinkage=0.03


Tree=2
num_leaves=31
num_cat=0
split_feature=16 26 27 33 40 86 35 42 44 18 1 35 36 140 1 46 13 0 111 54 24 118 1 13 14 85 42 40 112 48
split_gain=156.469 109.058 79.8461 88.4618 76.0186 58.9799 66.0244 56.1854 53.1269 52.5699 60.1465 68.3161 51.607 83.857 50.4342 49.2831 49.0402 47.8252 44.5834 43.4872 39.2889 56.1662 39.1486 39.1463 38.1786 36.6404 34.2025 33.8683 33.5469 28.7453
threshold=1.2241054177284243 0.019946628250181678 0.07648158818483354 0.33557032048702246 0.025811721570789817 -0.81666666269302357 0.49892848730087286 -0.003400894813239574 1.0410753488540652 0.94165822863578807 0.035042800009250648 0.85606575012207042 0.80819529294967662 0.76397109031677257 0.012078101746737959 1.0047988295555117 1.1167117953300478 -0.0073684302624315015 1.0000000180025095e-35 0.97172698378562938 0.021277314983308319 0.21839091926813128 0.056305507197976119 0.98816570639610302 0.88468468189239513 0.82500001788139354 0.061179421842098243 0.015055023599416019 0.095695972442626967 0.96688908338546764
decision_type=10 10 10 8 10 2 10 8 10 10 10 10 10 10 10 10 10 10 2 10 10 10 10 8 8 2 10 10 2 10
left_child=1 7 3 8 5 6 -5 -1 17 18 20 16 -2 29 -10 19 -12 26 -4 -6 23 -22 -13 -11 -19 -17 -3 -16 -7 -14
right_child=12 2 9 4 15 28 -8 -9 14 10 11 22 13 -15 27 25 -18 24 -20 -21 21 -23 -24 -25 -26 -27 -28 -29 -30 -31
leaf_value=-1.9351997817617006e-05 0.0024472865981279867 0.00049856424302751126 -8.6167101105003008e-05 -0.0050969277809978656 -0.00093988911161410301 0.00013893235093707151 -0.00023407430402348401 0.0017423680678245097 0.0019824972137172975 -0.0010062683590634761 0.0048019089045987012 -0.0069784465136635528 0.0069908549001284096 0.012804961798068984 -0.0039378232727758289 -0.0022710550912702614 -0.0044809769016798014 0.01141734352506393 -0.020457656522678423 0.0078183450045619853 0.0027204579932753273 -0.0022980031331998252 0.0044581676635889276 0.0037261193576079263 -0.0016966009934088944 -0.0088687461082424431 0.0089003103119035046 -1.2947779742669582e-05 0.0016876718996282317 -0.0093770239112342182
leaf_weight=28101 1997 7719 271 3744 1319 61844 7996 37687 1623 2350 7663 835 123 1487 15300 13658 500 176 163 763 2663 7604 344 4240 26025 827 452 2449 15967 226
leaf_count=28101 1997 7719 271 3744 1319 61844 7996 37687 1623 2350 7663 835 123 1487 15300 13658 500 176 163 763 2663 7604 344 4240 26025 827 452 2449 15967 226
internal_value=2.73632e-05 -6.30888e-05 -0.000434672 -0.000689199 -0.0001837 0.000158696 -0.00181643 0.000985523 -0.00168129 0.00108122 0.00126575 0.00319581 0.00602808 0.0096929 -0.00294463 -0.00205053 0.00418709 -0.000959259 -0.00896217 0.00217091 0.000175827 -0.00096442 -0.00337264 0.00199522 -0.00158843 -0.00268013 0.00102055 -0.00341378 0.000460944 -0.00272915
internal_weight=256116 252283 186495 159862 106118 89551 11740 65788 53744 26633 26199 9342 3833 1836 19372 16567 8163 34372 434 2082 16857 10267 1179 6590 26201 14485 8171 17749 77811 349
internal_count=256116 252283 186495 159862 106118 89551 11740 65788 53744 26633 26199 9342 3833 1836 19372 16567 8163 34372 434 2082 16857 10267 1179 6590 26201 14485 8171 17749 77811 349
is_linear=0
shrinkage=0.03


Tree=3
num_leaves=31
num_cat=0
split_feature=16 26 33 27 13 50 10 69 20 45 15 81 60 33 30 44 38 115 74 10 114 64 31 45 55 11 33 87 41 18
split_gain=163.868 86.4898 80.5266 75.1239 74.0326 108.248 76.3373 118.81 57.8793 55.9693 53.1811 65.3534 54.5155 49.1844 53.0848 44.1311 63.0721 43.6308 42.0769 40.9606 52.0391 41.9737 40.2532 39.7947 39.1825 38.4627 37.2814 36.8782 44.719 34.8058
threshold=1.2241054177284243 0.021585190668702129 0.31925892829895025 0.084763109683990492 0.98283842206001293 0.89489340782165538 1.0199121832847597 0.64583364129066478 0.89386713504791271 1.0296478867530825 1.122349798679352 0.61666667461395275 0.92870330810546886 0.96605226397514354 -0.0068273739889264098 1.0426244139671328 -0.0017291174153797326 0.73500782251358043 0.94999998807907116 1.0154564380645754 0.73563212156295787 0.32291667163372045 0.0061822934076190003 1.0046111941337588 0.93584609031677257 0.9717526137828828 0.78124874830245983 0.37500000000000006 0.0046180568169802436 1.0097348093986513
decision_type=10 10 8 10 8 10 10 10 10 8 8 2 10 10 10 10 10 10 2 10 10 10 10 10 10 10 10 2 8 10
left_child=1 9 3 15 6 17 23 26 -9 -1 11 22 -13 14 -2 16 -3 18 -6 21 -21 -17 -5 -4 -25 -18 -8 28 -7 -29
right_child=13 2 4 10 5 27 7 8 -10 -11 -12 12 -14 -15 -16 19 25 -19 -20 20 -22 -23 -24 24 -26 -27 -28 29 -30 -31
leaf_value=0.0015182585770392551 0.0094111758634288344 0.00052940761820857946 0.00050668237010612429 -0.0013351995610821716 0.0045731225452409607 -0.00073218711659496451 -0.0099983440644994034 -0.005390342290784853 0.0070373954014893905 -7.7717231520174331e-05 -0.0048212046289351357 0.025248490301892159 0.0059226210714519697 -0.0076975526263946565 0.0011610043612258997 0.00032219744371466351 0.0010258420346741797 -0.0022585454616635293 0.014529156270257457 -0.0053655152323206674 0.010731343226666053 -0.0032811528098545938 0.0054011937275115166 -0.0080829271390619635 -0.0017156893134139246 -0.002697509545666465 0.0053673256312016466 -7.1533395370499111e-05 0.0013573519469113301 0.0024136098264885809
leaf_weight=40123 2509 12857 7355 2410 4365 37191 683 340 2824 38306 873 148 1257 182 1102 4608 2790 659 447 6310 156 7254 1146 908 29757 16919 137 8789 12182 11278
leaf_count=40123 2509 12857 7355 2410 4365 37191 683 340 2824 38306 873 148 1257 182 1102 4608 2790 659 447 6310 156 7254 1146 908 29757 16919 137 8789 12182 11278
internal_value=2.03987e-06 -9.01521e-05 -0.000464667 -0.00139197 -1.20072e-05 0.000550647 -0.00102238 0.00289402 0.00558223 0.000735113 0.00180267 0.0030432 0.00849469 0.00617587 0.00699628 -0.00176463 -0.00108615 0.0046084 0.00561636 -0.00295133 -0.00489901 -0.00185793 0.000769926 -0.00144196 -0.00191915 -0.00215472 -0.00700734 0.000225393 -0.000210212 0.00131124
internal_weight=255865 252072 173643 56728 116915 74911 42004 3984 3164 78429 5834 4961 1405 3793 3611 50894 32566 5471 4812 18328 6466 11862 3556 38020 30665 19709 820 69440 49373 20067
internal_count=255865 252072 173643 56728 116915 74911 42004 3984 3164 78429 5834 4961 1405 3793 3611 50894 32566 5471 4812 18328 6466 11862 3556 38020 30665 19709 820 69440 49373 20067
is_linear=0
shrinkage=0.03


Tree=4
num_leaves=31
num_cat=0
split_feature=57 30 120 25 12 45 58 81 29 38 115 26 43 86 41 38 35 74 60 116 35 126 105 48 58 82 27 87 32 80
split_gain=92.8648 100.507 77.4198 84.2685 79.9481 75.3056 68.6656 65.81 63.8372 57.7048 55.1772 59.4441 54.2115 68.8104 49.7709 51.0592 48.7049 48.2248 47.6107 47.5685 78.2852 47.3098 67.62 46.3031 57.1843 44.4861 41.934 43.0017 40.7103 39.1775
threshold=1.2285442352294924 -0.00042249893886037165 0.25775530934333807 0.043483210727572448 0.98555809259414684 1.116867244243622 1.0110599398612978 0.61666667461395275 -0.016061522997915741 -0.0084622311405837519 0.26753807067871099 0.021716838702559475 1.0350571870803835 0.28333334624767309 0.031347144395112998 -0.0058165485970675937 0.84934741258621227 0.35000000894069677 0.89637815952301036 0.56576389074325573 0.2033253759145737 -0.48936186730861658 0.64852941036224376 0.98133751749992382 0.9873165786266328 0.99166667461395275 0.079794980585575118 0.50833332538604747 -0.0048883806448429814 0.27500000596046453
decision_type=10 8 8 10 10 10 10 2 10 8 8 10 10 2 10 10 10 2 10 10 10 10 2 10 10 2 10 2 10 2
left_child=1 10 4 9 18 6 7 -5 16 12 -1 -12 -4 -14 17 -16 -2 21 29 26 -21 -10 28 24 -11 -19 27 -13 -23 -3
right_child=8 2 3 5 -6 -7 -8 -9 14 23 11 19 13 -15 15 -17 -18 25 -20 20 -22 22 -24 -25 -26 -27 -28 -29 -30 -31
leaf_value=0.001279856663959569 0.0038509750665497952 -0.014883198053218282 0.0002886473700466898 0.0022783344776446139 -0.0010008337640184278 -0.0042923644934893066 0.011707151036616308 0.011807947846275056 0.0064420701585391716 0.00078383618765945264 8.0916551626974821e-05 -0.0017543785105501334 -0.0082180260083342394 -0.0011155937369864821 0.012330794072043042 0.0017679261994594131 0.015695913212263355 0.00046409190486444989 0.0009683313692221418 -0.00053660953395660513 -0.0088396630346661981 0.0055305799534962801 -0.0078366622199105163 0.0013269178030411199 -0.0012717031895607023 0.012745438517457991 0.0011383049358004653 0.00086530908644891571 -0.0040024060486152872 0
leaf_weight=10413 903 800 6273 7676 10444 1023 967 720 511 33083 31610 57030 1979 3518 692 1195 570 776 276 2227 2013 848 1435 46756 19243 434 5801 6085 709 178
leaf_count=10413 903 800 6273 7676 10444 1023 967 720 511 33083 31610 57030 1979 3518 692 1195 570 776 276 2227 2013 848 1435 46756 19243 434 5801 6085 709 178
internal_value=-3.47615e-05 -0.000139061 0.000421473 0.000648287 -0.00190072 0.00323371 0.00409537 0.00315731 0.00312611 0.000402807 -0.000788576 -0.000997232 -0.00157408 -0.00374747 0.00179525 0.00588755 0.00878435 7.54345e-05 -0.00902665 -0.00146708 -0.00457202 -0.00164599 -0.00316054 0.00064094 2.1979e-05 0.00524866 -0.00127043 -0.00149687 0.00100367 -0.0121108
internal_weight=256188 248115 132936 121238 11698 10386 9363 8396 8073 110852 115179 104766 11770 5497 6600 1887 1473 4713 1254 73156 4240 3503 2992 99082 52326 1210 68916 63115 1557 978
internal_count=256188 248115 132936 121238 11698 10386 9363 8396 8073 110852 115179 104766 11770 5497 6600 1887 1473 4713 1254 73156 4240 3503 2992 99082 52326 1210 68916 63115 1557 978
is_linear=0
shrinkage=0.03


Tree=5
num_leaves=31
num_cat=0
split_feature=16 30 55 36 80 16 27 40 4 94 42 5 1 16 34 13 40 86 25 35 129 36 125 1 38 80 1 47 10 17
split_gain=132.421 77.5437 76.9876 83.9637 67.8174 62.6485 67.0722 51.295 57.8878 48.7573 45.3332 76.2254 65.5522 44.6032 42.4331 42.1673 57.9897 70.2645 41.324 41.1354 45.176 39.4382 57.2102 76.3603 47.586 38.8794 38.4231 38.0751 37.9625 41.8244
threshold=1.2241054177284243 -0.0004898679326288401 0.93584609031677257 0.79527312517166149 0.17500000447034839 0.9327770769596101 0.090783946216106429 0.055910304188728339 0.19999932497739795 0.65295881032943737 -0.074287988245487199 0.0031120133353397255 0.022801307030022148 1.0377225875854494 0.87832194566726696 1.1045160889625552 -0.042520815506577485 0.84999999403953563 0.013574070297181608 0.18472365289926532 0.9784890115261079 0.80819529294967662 -0.4097223281860351 0.054196750745177276 0.001242235361132771 0.42499999701976782 0.05242817476391793 1.2806748151779177 1.0085634589195254 0.70159921050071727
decision_type=10 8 8 10 2 8 10 10 10 10 10 10 10 8 10 10 8 2 10 10 10 10 10 10 10 2 10 10 10 10
left_child=1 5 3 4 -3 19 10 15 -9 -6 11 -7 27 -14 21 16 17 -4 -18 26 -21 -2 23 -23 -24 -8 -1 -12 -27 -30
right_child=14 2 7 -5 9 6 25 8 -10 -11 12 -13 13 -15 -16 -17 18 -19 -20 20 -22 22 24 -25 -26 28 -28 -29 29 -31
leaf_value=-0.0029477643119063123 0.00079319339357580073 -0.018880504277521394 0.0024335169720392466 0.0029505501163911568 -0.0085262841362667048 -0.002502188745184901 -0.0053654501504103542 0.020436694476753472 -0.0010783264757519035 0.0064099988975862927 -0.00031460764187287127 0.0036730484467341496 -0.00028661023230949594 -0.0028875723660292604 0.013816145829241505 -0.0087003173055282476 0.001360392024801044 0.015456100589603812 4.5100874804081068e-05 -0.015992095366854378 -0.0040461911368281879 -0.0035744018541417279 0.021216345396646449 0.014959609888319391 0.0034875001100182629 0.0073638979269085017 0.013657395508029122 -0.006018233777676945 0.011769253416582614 0.00016425992673710355
leaf_weight=1401 1729 467 5108 668 663 2718 432 225 159 237 70892 5041 8814 20039 498 430 27607 398 99303 504 882 599 373 268 294 1623 114 1057 300 2693
leaf_count=1401 1729 467 5108 668 663 2718 432 225 159 237 70892 5041 8814 20039 498 430 27607 398 99303 504 882 599 373 268 294 1623 114 1057 300 2693
internal_value=-2.4165e-05 -0.000109011 0.00037817 -0.00537271 -0.00964015 -0.000677158 -0.000562541 0.000469056 0.0111732 -0.00421313 -0.000722102 0.00147041 -0.000894099 -0.00210417 0.00554694 0.000434179 0.000467417 0.00348167 0.000333752 -0.00502848 -0.00876922 0.00411703 0.00761191 0.00202459 0.0141675 0.00279903 -0.00134116 -0.000404217 0.00364769 0.00149744
internal_weight=255536 251775 135265 2035 1367 116510 113609 133230 384 900 108561 7759 100802 28853 3761 132846 132416 5506 126910 2901 1386 3263 1534 867 667 5048 1515 71949 4616 2993
internal_count=255536 251775 135265 2035 1367 116510 113609 133230 384 900 108561 7759 100802 28853 3761 132846 132416 5506 126910 2901 1386 3263 1534 867 667 5048 1515 71949 4616 2993
is_linear=0
shrinkage=0.03


Tree=6
num_leaves=31
num_cat=0
split_feature=16 30 55 36 29 30 33 40 16 39 35 42 23 5 1 42 85 120 57 12 60 1 138 84 120 68 36 4 34 57
split_gain=146.955 76.3155 67.3704 78.172 53.5475 51.8929 62.1234 51.1907 49.6757 62.7549 48.1778 47.0091 62.2788 63.5446 51.3937 57.9153 46.2105 44.8965 94.1758 54.7417 51.5257 46.1903 45.7658 44.3344 43.4757 41.6143 48.779 39.861 38.802 33.8598
threshold=1.2241054177284243 -0.00052474101539701213 0.93584609031677257 0.80819529294967662 0.014018505811691286 -0.005568938795477151 0.96605226397514354 0.055910304188728339 0.93407893180847179 0.022611263208091262 0.0082798264920711535 -0.076609600335359559 0.0083329798653721827 0.0086956629529595392 0.018339716829359535 0.0010398554150015118 0.87500000000000011 0.25775530934333807 0.92110148072242748 0.98555809259414684 0.89339011907577526 0.047048021107912071 0.5859418809413911 0.84999999403953563 0.46721304953098303 0.3478283435106278 0.37228608131408697 0.31249932944774633 0.69861429929733287 1.2203346490859988
decision_type=10 8 8 10 10 10 10 10 8 10 10 10 10 10 10 10 2 8 8 10 10 10 10 2 10 10 10 10 10 10
left_child=1 4 3 16 8 6 29 17 9 25 -9 12 -10 -14 -13 -16 28 19 22 20 -4 -21 -19 -20 -11 26 -1 -6 -3 -2
right_child=5 2 7 -5 27 -7 -8 10 11 24 -12 14 13 -15 15 -17 -18 18 23 21 -22 -23 -24 -25 -26 -27 -28 -29 -30 -31
leaf_value=-0.013607855907298481 -0.0011470856587402522 0.0036121900462442202 -0.015241677617582558 0.0037730565629831023 0.021024877471685431 -0.00026407067894403422 -0.0091452518893046335 0 0.01682065380222815 -0.0019551522538409027 0.019640646461153127 -9.4736600518839444e-05 -0.00064700639349964193 0.0050999298403408859 -0.0020881278934124204 0.00018280215008315958 -0.018409533632621475 -0.0022419400065170556 0.00036283031424001825 -0.0011555333239890628 0 0.010548551966500048 0.008698847905079141 0.0026311253685082346 -0.020080241309107131 0.0003882189630312187 0.001442772431802305 0 -0.0085418017398370995 0.0098865249972586739
leaf_weight=473 220 277 456 592 159 855 151 164 219 246 224 55580 5392 2483 34879 13894 346 363 112594 9460 288 290 1845 8380 337 1631 259 102 811 2540
leaf_count=473 220 277 456 592 159 855 151 164 219 246 224 55580 5392 2483 34879 13894 346 363 112594 9460 288 290 1845 8380 337 1631 259 102 811 2540
internal_value=3.32343e-05 -5.38081e-05 0.00042638 -0.00496295 -0.000621414 0.0059005 0.00780292 0.00051079 -0.000655625 -0.00450233 0.0111545 -0.000551395 0.00163713 0.00113534 -0.000724301 -0.00143525 -0.00877806 0.000475988 0.000638187 -0.00139701 -0.00916728 -0.000755824 0.00676153 0.000522846 -0.0132483 -0.00212555 -0.00798689 0.0124064 -0.00516734 0.0088972
internal_weight=255510 251744 136090 2026 115654 3766 2911 134064 115393 2946 388 112447 8094 7875 104353 48773 1434 133676 123182 10494 744 9750 2208 120974 583 2363 732 261 1088 2760
internal_count=255510 251744 136090 2026 115654 3766 2911 134064 115393 2946 388 112447 8094 7875 104353 48773 1434 133676 123182 10494 744 9750 2208 120974 583 2363 732 261 1088 2760
is_linear=0
shrinkage=0.03


Tree=7
num_leaves=31
num_cat=0
split_feature=16 26 86 3 18 49 3 69 9 49 33 13 113 44 110 32 1 11 84 15 82 116 127 25 36 140 67 9 56 38
split_gain=120.781 80.4301 77.4461 88.0307 66.8082 98.0032 102.684 64.8652 61.9925 54.8413 54.5239 60.0696 51.1558 64.6722 49.7021 44.6224 42.9776 42.5227 42.0337 41.5914 39.594 37.717 36.566 36.9843 36.0761 71.582 35.3777 35.215 34.8696 31.2921
threshold=1.2241054177284243 0.021585190668702129 0.81666666269302379 0.017476509325206283 0.94165822863578807 0.83075928688049328 0.0073692032601684341 0.92380961775779735 0.97530862689018261 0.85237580537796032 0.25775006413459783 0.98283842206001293 0.6071428954601289 1.0385021567344668 0.24264705926179889 -0.0044429190456867209 0.036247322335839278 0.98985579609870922 -0.15000000223517415 0.95293107628822338 0.57499998807907116 0.60396969318389904 0.37499545514583593 0.033268241211771972 0.80502268671989452 0.76397109031677257 0.68377193808555614 1.0102416872978213 1.1147387623786928 -0.0016666601877659557
decision_type=10 10 2 10 10 10 10 10 10 10 8 8 10 10 2 10 10 10 2 10 2 10 10 10 10 10 10 10 10 10
left_child=1 16 4 12 9 6 21 -8 -5 28 15 -12 17 20 -15 -7 18 27 -1 -18 -14 -6 23 -10 -2 -26 -19 -4 -3 -27
right_child=24 2 3 8 5 10 7 -9 22 -11 11 -13 13 14 -16 -17 19 26 -20 -21 -22 -23 -24 -25 25 29 -28 -29 -30 -31
leaf_value=0.00010596767683313257 0.002178656586049875 -0.021049939729287134 0.0045915134680792023 -0.010312691252587027 0.021163109098303552 0.0022809613144255561 0.0066688064904276119 -0.014568293358144514 0.0027312137495426538 7.6960559706683001e-05 -0.0013387461254699578 0.00017680152891012875 0.00063091012777916652 -0.017270959132604 0 -0.0017659379600981396 0.0018423962812929261 -0.0057563530644427824 0.0015238234719208389 -0.0068036156104919728 -0.010558981136049599 0 0 0.017522984510872239 -0.0031252249056185647 0.015707873499248102 0.0025926832273631155 0.015738565527711187 0 0.0059470546454585228
leaf_weight=36276 1910 317 1547 102 432 2523 325 184 272 252 33813 76533 9441 326 276 42302 728 519 40206 1284 272 106 181 673 349 761 2613 344 105 760
leaf_count=36276 1910 317 1547 102 432 2523 325 184 272 252 33813 76533 9441 326 276 42302 728 519 40206 1284 272 106 181 673 349 761 2613 344 105 760
internal_value=2.16574e-05 -5.72256e-05 -0.000418894 0.00152548 -0.000626279 -0.000582902 0.00845849 -0.000701689 0.00921405 -0.00994122 -0.000646923 -0.000285043 0.000879186 -0.000304311 -0.00969594 -0.00153055 0.000738081 0.00336062 0.000855449 -0.00354026 0.000265675 0.0173771 0.0113938 0.0137212 0.00533109 0.0083351 0.00108625 0.0069198 -0.0163352 0.0111658
internal_weight=255732 251952 173458 16566 156892 156218 1047 509 1228 674 155171 110346 15338 10315 602 44825 78494 5023 76482 2012 9713 538 1126 945 3780 1870 3132 1891 422 1521
internal_count=255732 251952 173458 16566 156892 156218 1047 509 1228 674 155171 110346 15338 10315 602 44825 78494 5023 76482 2012 9713 538 1126 945 3780 1870 3132 1891 422 1521
is_linear=0
shrinkage=0.03


Tree=8
num_leaves=31
num_cat=0
split_feature=15 30 1 101 117 70 125 115 57 1 84 25 28 32 12 28 126 37 105 147 141 53 86 116 118 60 107 146 26 163
split_gain=79.672 87.9936 86.7211 81.2696 66.2035 65.4627 57.7136 57.0416 59.1464 50.4559 48.6642 55.785 52.0667 47.7322 47.3128 44.9515 46.8163 44.8927 42.6876 43.2473 89.4763 42.1459 48.3987 40.6097 39.3059 54.2987 42.3504 38.2759 36.2212 49.9369
threshold=1.1499549746513369 -0.00042249893886037165 0.054196750745177276 0.42582418024539953 0.41144900023937231 0.28658550977706915 -0.42857237160205836 0.74603191018104564 0.92702656984329235 0.021768765524029735 0.84999999403953563 0.012725825887173416 -0.0094395335763692838 -0.0047129248268902293 0.98555809259414684 -0.0265576709061861 -0.48936186730861658 0.66052600741386425 0.48684211075305944 0.50038906931877147 1.01375949382782 0.97783839702606212 -0.58333334326744068 0.40851064026355749 0.083333741873502745 0.89339011907577526 0.39827586710453039 0.48591442406177526 0.05676869489252568 -0.0051316656172275535
decision_type=10 8 10 2 10 10 10 10 8 10 2 10 8 10 10 10 10 10 2 10 10 10 2 10 10 10 2 10 10 10
left_child=1 9 4 -4 5 15 -6 8 18 17 11 -10 -13 21 24 -2 -17 -1 19 -3 -21 -11 -23 -8 -9 26 -26 28 -15 -30
right_child=2 7 3 -5 6 -7 23 14 10 13 -12 12 -14 27 -16 16 -18 -19 -20 20 -22 22 -24 -25 25 -27 -28 -29 29 -31
leaf_value=-0.00069733094209515137 -0.012956227179644949 0.0097172715807403581 0.014280388256646287 0.00077970096926315144 0.008561670611538702 0.010174178112757533 0.004404506234643204 -0.00086605025226127138 0.0017095594378179191 -0.0091404543890274831 0.0026515820478881886 0.002108520681393744 -0.00026105607591265259 -0.00095243935155057264 -0.00091397358793330946 0.0067468371041783477 -0.0035919198751400714 0.00096949264347104291 0.015833969054305376 -0.0064621951788914507 0.0054553201954161941 0.0060787881620194602 -0.00072957978759732444 -0.0064953926427218063 -0.00044053713900639728 0.0007826407162112094 -0.022857747072755525 -0.0025294536746105576 -0.0026471772894812681 0.010379564060513774
leaf_weight=54338 359 726 1015 740 1498 345 707 570 20823 276 8670 9295 80056 9653 9827 451 2100 19734 269 836 1614 1741 1862 512 133 166 336 26079 397 604
leaf_count=54338 359 726 1015 740 1498 345 707 570 20823 276 8670 9295 80056 9653 9827 451 2100 19734 269 836 1614 1741 1862 512 133 166 336 26079 397 604
internal_value=-1.50682e-05 -0.00010981 0.00297947 0.00882973 0.00118645 -0.00162869 0.00465588 0.00041284 0.000601089 -0.000719977 0.000485522 0.000311894 -1.07804e-05 -0.00157093 -0.00164405 -0.00319028 -0.00160914 -0.000249071 0.00447546 0.00332648 0.00124792 0.00154555 0.00249287 0 -0.00724095 -0.0123041 -0.0173921 -0.00190886 -0.00035975 0.00496863
internal_weight=255732 248005 7727 1755 5972 3255 2717 133321 122289 114684 118844 110174 89351 40612 11032 2910 2551 74072 3445 3176 2450 3879 3603 1219 1205 635 469 36733 10654 1001
internal_count=255732 248005 7727 1755 5972 3255 2717 133321 122289 114684 118844 110174 89351 40612 11032 2910 2551 74072 3445 3176 2450 3879 3603 1219 1205 635 469 36733 10654 1001
is_linear=0
shrinkage=0.03


Tree=9
num_leaves=31
num_cat=0
split_feature=32 30 115 25 6 86 33 53 42 4 26 51 29 32 35 0 116 81 25 33 77 45 42 142 39 42 17 76 81 117
split_gain=81.1712 80.9881 70.1185 68.9088 69.2558 64.5564 72.4849 75.4385 57.8574 61.4769 53.2514 49.8726 47.8798 69.449 60.0356 46.5987 45.5683 44.703 43.5871 47.2222 71.001 46.8456 41.5835 39.5408 39.2188 38.5417 37.8237 37.6336 59.0016 38.9559
threshold=-0.0048883806448429814 -0.00038569678144995118 0.74033161997795116 0.043483210727572448 0.68749913573265087 -0.58333334326744068 0.92698377370834362 0.97937640547752391 -0.074287988245487199 0.42553055286407476 0.022853923030197624 0.82798156142234813 -0.0007697656110394745 -0.0016865314100868998 0.8732300102710725 0.0301642119884491 0.49487303197383886 0.083333335816860213 0.01246010744944215 0.5885257124900819 0.075000002980232253 1.0481595396995547 -0.10533285513520239 1.0705888271331789 -0.022399972192943093 0.00034485086507629609 0.9440000355243684 0.48333333432674414 0.11666667088866235 0.33212122321128851
decision_type=8 8 10 10 10 2 10 10 10 10 10 10 10 10 10 8 10 2 10 10 2 10 10 10 10 10 8 2 2 10
left_child=5 8 3 18 12 6 7 -1 9 24 25 -9 13 -5 -14 -4 -11 23 -3 21 -21 -20 -13 -12 -2 -10 -26 29 -29 -19
right_child=1 2 15 4 -6 -7 -8 11 10 16 17 22 14 -15 -16 -17 -18 27 19 20 -22 -23 -24 -25 26 -27 -28 28 -30 -31
leaf_value=-0.0067192353877406682 -0.0011678263191860867 0.0016709714504229637 -0.0010813292911359335 0.016465947077667804 -0.0075006582691106768 0.00031759960718165631 -0.0048786414201276085 0.019722159076300812 -0.00059431922981959082 -0.00089828190722089705 -0.0067188978398161825 0.022434706220906573 0.0059222738372651735 -0.0020230740725723753 -0.0016498394883299749 -0.0071772457351959203 -0.012910031196382281 0.00331588106979935 -5.7309052371145645e-05 -0.0015978176215531465 0.0015174969898614525 -0.0024786061273196144 0.0058083775646644653 -0.0016672511201426578 0.00012357285058081695 0.0015359013070105835 0.0051619945016144362 0.0090056053001600772 -3.0553524659661199e-05 -0.0015826460114136708
leaf_weight=302 1852 20143 10760 181 496 4885 498 314 26529 1662 2569 141 6212 1953 1032 1278 343 1447 39304 8170 32227 8860 3114 3524 2068 10711 4587 682 7992 51929
leaf_count=302 1852 20143 10760 181 496 4885 498 314 26529 1662 2569 141 6212 1953 1032 1278 343 1447 39304 8170 32227 8860 3114 3524 2068 10711 4587 682 7992 51929
internal_value=6.7731e-07 -0.000101799 0.000408951 0.000632359 0.00303414 0.00275714 0.00540258 0.00682062 -0.000679983 0.00142954 -0.000893486 0.00808098 0.00363802 -0.000177284 0.00480066 -0.00176421 -0.00320852 -0.00139195 0.000410919 0.000120624 0.000879546 -0.000509788 0.00675281 -0.00386127 0.00256282 1.08206e-05 0.00364634 -0.00114347 0.000664497 -0.00144304
internal_weight=255765 246511 130616 118578 9874 9254 4369 3871 115895 10512 105383 3569 9378 2134 7244 12038 2005 68143 108704 88561 40397 48164 3255 6093 8507 37240 6655 62050 8674 53376
internal_count=255765 246511 130616 118578 9874 9254 4369 3871 115895 10512 105383 3569 9378 2134 7244 12038 2005 68143 108704 88561 40397 48164 3255 6093 8507 37240 6655 62050 8674 53376
is_linear=0
shrinkage=0.03


Tree=10
num_leaves=31
num_cat=0
split_feature=16 26 33 27 30 78 53 17 44 30 1 42 36 140 123 16 23 86 35 102 1 44 13 28 124 14 1 41 60 66
split_gain=92.8768 86.4068 55.0863 61.9089 54.6047 76.8775 54.2416 50.6841 52.3386 50.2864 53.9919 48.8742 48.0184 65.2424 47.5435 46.4312 44.5206 43.2064 62.5298 41.2532 40.2513 39.7813 39.3603 58.5914 39.3537 36.9564 36.4318 34.7185 34.6266 32.9812
threshold=1.2241054177284243 0.021585190668702129 0.26314339041709905 0.093774378299713149 -0.00042249893886037165 0.30000000447034841 0.99215781688690197 0.74524354934692394 1.0388538241386416 -0.005237151635810732 0.050750784575939185 -0.0013560246443375943 0.80502268671989452 0.72603276371955883 0.30612249672412878 0.93407893180847179 0.017023563385009769 -0.58333334326744068 0.81644362211227428 0.516954004764557 0.028903161175549034 1.0559390783309939 1.1045160889625552 -0.017068778164684769 -0.044776001945137971 0.90920028090477001 0.034638535231351859 -0.032418996095657342 0.91326940059661876 0.96609193086624157
decision_type=10 10 8 10 10 10 10 8 10 10 10 8 10 10 8 8 10 2 10 2 10 10 10 10 10 8 10 10 10 10
left_child=1 11 3 7 6 14 15 29 20 10 -8 26 -2 -14 28 -4 -15 18 -5 -16 -9 -11 23 -7 -10 -17 -1 -28 -6 -3
right_child=12 2 4 17 5 22 9 8 24 21 -12 -13 13 16 19 25 -18 -19 -20 -21 -22 -23 -24 -25 -26 -27 27 -29 -30 -31
leaf_value=9.9441090971149124e-05 0.0011772580481258373 0.013404064423888584 -0.012186178860236501 0.014370719535413875 0.0099133276001014039 0.0075178081902790494 0.0004854792930386079 -0.0013827524465031115 -0.0021433275007147314 -0.0001445717916736832 0.0070649188423290111 0.0014372881662786791 -0.005313897488681908 -0.00074240249225202904 -0.0024830217016109058 0.0086700997708164373 0.012459398823307294 0.00062889770554198519 -0.0040229292751367517 0.00018932458841273495 0.001608887588223373 -0.0020318112657642063 -0.0077690438520147511 0.0011991978794525517 -0.0055004307801133079 -0.0030641240766865149 0.0025902207411011521 -0.0088305359764556425 0.0010774034845582618 -0.0033813363661465701
leaf_weight=36218 1970 311 495 530 475 1375 12508 21919 15025 23290 1232 41255 239 223 12199 221 1353 2494 196 8703 4862 18186 393 36315 4226 5735 282 772 2741 108
leaf_count=36218 1970 311 495 530 475 1375 12508 21919 15025 23290 1232 41255 239 223 12199 221 1353 2494 196 8703 4862 18186 393 36315 4226 5735 282 772 2741 108
internal_value=-2.68235e-05 -9.82052e-05 -0.000472878 -0.0013174 -0.000131646 0.000492516 -0.000766031 -0.00160054 -0.00170205 -0.000455025 0.00110664 0.000725885 0.0046236 0.00814717 -0.000824706 -0.00337203 0.0104175 0.00265926 0.00902807 -0.00135688 -0.000827641 -0.000979881 0.00133458 0.00144153 -0.00290079 -0.00255096 -5.38451e-05 -0.00550423 0.00252837 0.00843721
internal_weight=255851 252066 173539 49671 123868 62201 61667 46451 46032 55216 13740 78527 3785 1815 24118 6451 1576 3220 726 20902 26781 41476 38083 37690 19251 5956 37272 1054 3216 419
internal_count=255851 252066 173539 49671 123868 62201 61667 46451 46032 55216 13740 78527 3785 1815 24118 6451 1576 3220 726 20902 26781 41476 38083 37690 19251 5956 37272 1054 3216 419
is_linear=0
shrinkage=0.03


Tree=11
num_leaves=31
num_cat=0
split_feature=16 26 33 30 55 36 80 39 71 40 14 2 42 17 36 52 33 59 81 43 20 42 17 32 61 138 52 139 126 71
split_gain=100.608 63.8041 56.8187 50.8636 59.8863 77.4441 54.7764 52.1373 79.4075 52.1166 47.4491 51.7685 45.7913 51.8951 45.547 58.6921 72.3383 58.8691 43.9557 42.7606 58.2543 41.7835 41.321 38.829 38.5919 35.6495 35.6147 35.3527 35.1461 33.9736
threshold=1.2241054177284243 0.019946628250181678 0.26314339041709905 -0.00042249893886037165 0.93584609031677257 0.79527312517166149 0.17500000447034839 -0.021310533396899697 0.5352110266685487 0.052685620263218887 0.88468468189239513 0.13043533265590671 -0.076609600335359559 1.1474024057388308 0.80502268671989452 0.90901285409927379 0.64410218596458446 0.99897959828376781 0.083333335816860213 1.0375435352325442 0.93538844585418712 -0.003400894813239574 0.74524354934692394 -0.0037429956719279285 1.054412364959717 0.5093483328819276 0.81818184256553661 0.86723327636718761 -0.088967926800250993 0.088607765734195723
decision_type=10 10 8 10 10 10 2 8 10 10 8 10 10 10 10 10 10 10 2 10 10 10 8 10 10 10 10 10 10 10
left_child=1 21 10 12 5 6 -5 8 -6 -9 11 -3 13 28 -2 -16 17 -17 26 22 -21 -1 27 -24 -19 -22 -14 -12 -4 -15
right_child=14 2 3 4 7 -7 -8 9 -10 -11 19 -13 18 29 15 16 -18 24 -20 20 25 -23 23 -25 -26 -27 -28 -29 -30 -31
leaf_value=-0.00014490970218553412 0.0013964185361593248 0.016812510016773426 0.0044993811384428694 -0.017004366563671727 -0.00045420440661389315 0.0036583000875746955 -0.0036975446923479486 0.00028742025461620657 0.0057172880060329554 0.0099436629834817724 0.013979247423717331 -0.00046666242288086901 -0.0088709799010936383 -0.0068483754573460164 0.019942987428366903 0.0067048475170462911 0.010358777860413913 -0.020922709600844729 -0.00064923519791569085 -0.016804778059566771 -0.0088540591861431799 0.0013721196222793602 0.0020688394041665434 -0.0013073875025708401 0 -0.002047039286520347 -0.0022720761711894433 0 -0.00028714620536410106 0.0056709347792233515
leaf_weight=28784 1965 253 3816 462 3176 639 891 57092 4278 490 281 288 939 891 316 269 963 160 54030 266 790 36799 3235 40378 147 7479 4446 450 1977 206
leaf_count=28784 1965 253 3816 462 3176 639 891 57092 4278 490 281 288 939 891 316 269 963 160 54030 266 790 36799 3235 40378 147 7479 4446 450 1977 206
internal_value=-2.68581e-05 -0.000101355 -0.000385086 -5.14622e-05 0.000528784 -0.00454958 -0.00864135 0.000690293 0.00305342 0.000378223 -0.00121185 0.00739052 -0.000642542 0.00165397 0.00479094 0.0081735 0.00533962 -0.00261445 -0.000914369 -0.00130829 -0.00326461 0.00070189 -0.000923687 -0.00104925 -0.0116083 -0.00275335 -0.00350682 0.00599642 0.00281889 -0.00416942
internal_weight=256156 252336 186753 133333 67028 1992 1353 65036 7454 57582 53420 541 66305 6890 3820 1855 1539 576 59415 52879 8535 65583 44344 43613 307 8269 5385 731 5793 1097
internal_count=256156 252336 186753 133333 67028 1992 1353 65036 7454 57582 53420 541 66305 6890 3820 1855 1539 576 59415 52879 8535 65583 44344 43613 307 8269 5385 731 5793 1097
is_linear=0
shrinkage=0.03


Tree=12
num_leaves=31
num_cat=0
split_feature=16 46 37 13 80 30 38 139 86 120 15 11 27 37 43 54 34 57 60 13 27 40 49 77 51 38 51 45 35 51
split_gain=80.0561 60.9503 59.2111 73.8487 65.3435 61.7633 59.9566 54.0911 49.8932 48.9759 74.1737 52.0611 51.103 58.1832 49.9661 47.8369 46.389 46.2709 45.1588 44.6119 43.3952 40.8559 44.9591 39.8899 55.3473 39.7831 44.9225 37.4922 35.8605 35.4576
threshold=1.2241054177284243 1.0567441582679751 0.73744836449623119 0.99114063382148754 0.77500000596046459 -0.0062813381664454928 -0.0095345429144799692 1.0256311893463137 -0.71666666865348805 0.25775530934333807 0.88126870989799511 0.96131581068038952 0.072058636695146575 0.72762903571128856 1.0099607110023501 0.98918917775154125 0.87832194566726696 0.9057862162590028 0.94765767455101024 0.94877639412879955 0.068231280893087401 -0.057538347318768494 0.98229166865348827 0.091666668653488173 0.94642862677574169 -0.0014705827343277631 0.97758403420448314 1.0108260512351992 0.81947904825210582 0.83773916959762584
decision_type=10 8 8 10 2 10 8 10 2 8 8 10 10 10 10 10 10 10 8 10 10 10 10 2 10 10 10 10 10 10
left_child=1 9 3 8 19 -5 7 -7 15 11 12 -1 -11 28 -15 -3 25 -12 -6 29 -8 22 -21 24 -19 -2 -27 -25 -14 -4
right_child=16 2 4 5 18 6 20 -9 -10 10 17 -13 13 14 -16 -17 -18 23 -20 21 -22 -23 -24 27 -26 26 -28 -29 -30 -31
leaf_value=-0.0081060631144978679 0.0059844795882217222 -0.0067387280965116444 0.014314968579461095 0.0021843718383705753 -0.011211982078808502 -0.0056097857909180437 -0.00066234938580936363 0 -0.0033589245568983088 0.00089921466980716369 0.013974082389740704 -0.00078199957607117711 0.01627750589805153 0.011037674958017867 -0.0011057427127213616 0.0018338654295243153 0.012988268985040852 -0.0017297729542248639 -0.00050832105736978682 0 0.0024662636539470001 0.0010618746303257458 0.015241010312480036 0.0019287927567843645 0.00095633025024542977 0.0023223310761745714 -0.0092527709870559721 0.00040724689722252061 0.0032647478289157153 0.0032414624059179673
leaf_weight=952 1762 682 433 7167 348 4024 56061 2375 14911 2227 209 10535 745 419 876 3421 488 15701 14577 343 4245 14161 378 19117 12147 1163 381 64820 355 895
leaf_count=952 1762 682 433 7167 348 4024 56061 2375 14911 2227 209 10535 745 419 876 3421 488 15701 14577 343 4245 14161 378 19117 12147 1163 381 64820 355 895
internal_value=3.78531e-05 -2.62204e-05 -0.000501361 -0.000882172 0.000624932 -0.000447771 -0.000735643 -0.00349886 -0.00255187 0.000431445 0.0006174 -0.0014281 0.00434121 0.00738359 0.00270327 0.000310391 0.00435221 0.000460292 -0.000792638 0.00194798 -0.000436406 0.00144713 0.00837608 0.000429848 -0.000547513 0.00291681 -0.000423941 0.000757735 0.0124791 0.0072334
internal_weight=255918 252124 124021 92886 31135 73872 66705 6399 19014 128103 116616 11487 4622 2395 1295 4103 3794 111994 14925 16210 60306 14882 721 111785 27848 3306 1544 83937 1100 1328
internal_count=255918 252124 124021 92886 31135 73872 66705 6399 19014 128103 116616 11487 4622 2395 1295 4103 3794 111994 14925 16210 60306 14882 721 111785 27848 3306 1544 83937 1100 1328
is_linear=0
shrinkage=0.03


end of trees

feature_importances:
KLEN=20
ROC30=15
RSQR5=15
BETA20=14
RSQR30=11
RESI60=11
ROC5=10
STD30=9
RSQR20=9
STD20=8
RESI20=8
IMXD30=8
STD60=7
RESI5=7
QTLD20=7
ROC10=6
BETA60=6
MAX20=6
IMIN20=6
SUMN20=6
ROC60=5
RESI30=5
MAX10=5
QTLU20=5
QTLU60=5
IMIN30=5
IMXD10=5
HIGH0=4
LOW0=4
ROC20=4
MA5=4
BETA10=4
MIN30=4
SUMP20=4
SUMP30=4
WVMA20=4
KUP2=3
VWAP0=3
MA20=3
BETA5=3
RSQR10=3
RSQR60=3
RESI10=3
MAX5=3
MIN10=3
MIN60=3
QTLU5=3
QTLD5=3
RSV10=3
RSV30=3
IMAX10=3
SUMN5=3
SUMD30=3
WVMA5=3
KMID=2
KUP=2
KLOW=2
OPEN0=2
STD5=2
STD10=2
MAX30=2
MIN5=2
QTLU10=2
RSV20=2
IMAX60=2
IMIN60=2
IMXD20=2
IMXD60=2
CNTN20=2
CNTD30=2
SUMP60=2
SUMD20=2
WVMA10=2
WVMA30=2
KMID2=1
KLOW2=1
KSFT2=1
MA60=1
BETA30=1
MAX60=1
MIN20=1
QTLU30=1
QTLD10=1
QTLD30=1
RANK10=1
RANK30=1
RANK60=1
RSV5=1
IMAX5=1
IMAX30=1
IMIN5=1
IMXD5=1
CORR60=1
CORD10=1
CNTP30=1
CNTP60=1
CNTN60=1
CNTD20=1
CNTD60=1
SUMP5=1
SUMP10=1
SUMD5=1
SUMD10=1
SUMD60=1
VMA10=1
WVMA60=1
VSUMP30=1
VSUMP60=1
VSUMN30=1
ORC_VOLUME_TREND_DIVERGENCE_10=1

parameters:
[boosting: gbdt]
[objective: regression]
[metric: l2]
[tree_learner: serial]
[device_type: cpu]
[data_sample_strategy: bagging]
[data: ]
[valid: ]
[num_iterations: 500]
[learning_rate: 0.03]
[num_leaves: 31]
[num_threads: 12]
[seed: 20260812]
[deterministic: 1]
[force_col_wise: 1]
[force_row_wise: 0]
[histogram_pool_size: -1]
[max_depth: 7]
[min_data_in_leaf: 100]
[min_sum_hessian_in_leaf: 0.001]
[bagging_fraction: 0.8]
[pos_bagging_fraction: 1]
[neg_bagging_fraction: 1]
[bagging_freq: 1]
[bagging_seed: 20260812]
[bagging_by_query: 0]
[feature_fraction: 0.8]
[feature_fraction_bynode: 1]
[feature_fraction_seed: 20260812]
[extra_trees: 0]
[extra_seed: 9622]
[early_stopping_round: 0]
[early_stopping_min_delta: 0]
[first_metric_only: 0]
[max_delta_step: 0]
[lambda_l1: 10]
[lambda_l2: 20]
[linear_lambda: 0]
[min_gain_to_split: 0]
[drop_rate: 0.1]
[max_drop: 50]
[skip_drop: 0.5]
[xgboost_dart_mode: 0]
[uniform_drop: 0]
[drop_seed: 26770]
[top_rate: 0.2]
[other_rate: 0.1]
[min_data_per_group: 100]
[max_cat_threshold: 32]
[cat_l2: 10]
[cat_smooth: 10]
[max_cat_to_onehot: 4]
[top_k: 20]
[monotone_constraints: ]
[monotone_constraints_method: basic]
[monotone_penalty: 0]
[feature_contri: ]
[forcedsplits_filename: ]
[refit_decay_rate: 0.9]
[cegb_tradeoff: 1]
[cegb_penalty_split: 0]
[cegb_penalty_feature_lazy: ]
[cegb_penalty_feature_coupled: ]
[path_smooth: 0]
[interaction_constraints: ]
[verbosity: 1]
[saved_feature_importance_type: 0]
[use_quantized_grad: 0]
[num_grad_quant_bins: 4]
[quant_train_renew_leaf: 0]
[stochastic_rounding: 1]
[linear_tree: 0]
[max_bin: 255]
[max_bin_by_feature: ]
[min_data_in_bin: 3]
[bin_construct_sample_cnt: 200000]
[data_random_seed: 20260812]
[is_enable_sparse: 1]
[enable_bundle: 1]
[use_missing: 1]
[zero_as_missing: 0]
[feature_pre_filter: 1]
[pre_partition: 0]
[two_round: 0]
[header: 0]
[label_column: ]
[weight_column: ]
[group_column: ]
[ignore_column: ]
[categorical_feature: ]
[forcedbins_filename: ]
[precise_float_parser: 0]
[parser_config_file: ]
[objective_seed: 6428]
[num_class: 1]
[is_unbalance: 0]
[scale_pos_weight: 1]
[sigmoid: 1]
[boost_from_average: 1]
[reg_sqrt: 0]
[alpha: 0.9]
[fair_c: 1]
[poisson_max_delta_step: 0.7]
[tweedie_variance_power: 1.5]
[lambdarank_truncation_level: 30]
[lambdarank_norm: 1]
[label_gain: ]
[lambdarank_position_bias_regularization: 0]
[eval_at: ]
[multi_error_top_k: 1]
[auc_mu_weights: ]
[num_machines: 1]
[local_listen_port: 12400]
[time_out: 120]
[machine_list_filename: ]
[machines: ]
[gpu_platform_id: -1]
[gpu_device_id: -1]
[gpu_device_id_list: ]
[gpu_use_dp: 0]
[num_gpu: 1]

end of parameters

pandas_categorical:null
