tree
version=v4
num_class=1
num_tree_per_iteration=1
label_index=0
max_feature_idx=163
objective=regression
feature_names=KMID KLEN KMID2 KUP KUP2 KLOW KLOW2 KSFT KSFT2 OPEN0 HIGH0 LOW0 VWAP0 ROC5 ROC10 ROC20 ROC30 ROC60 MA5 MA10 MA20 MA30 MA60 STD5 STD10 STD20 STD30 STD60 BETA5 BETA10 BETA20 BETA30 BETA60 RSQR5 RSQR10 RSQR20 RSQR30 RSQR60 RESI5 RESI10 RESI20 RESI30 RESI60 MAX5 MAX10 MAX20 MAX30 MAX60 MIN5 MIN10 MIN20 MIN30 MIN60 QTLU5 QTLU10 QTLU20 QTLU30 QTLU60 QTLD5 QTLD10 QTLD20 QTLD30 QTLD60 RANK5 RANK10 RANK20 RANK30 RANK60 RSV5 RSV10 RSV20 RSV30 RSV60 IMAX5 IMAX10 IMAX20 IMAX30 IMAX60 IMIN5 IMIN10 IMIN20 IMIN30 IMIN60 IMXD5 IMXD10 IMXD20 IMXD30 IMXD60 CORR5 CORR10 CORR20 CORR30 CORR60 CORD5 CORD10 CORD20 CORD30 CORD60 CNTP5 CNTP10 CNTP20 CNTP30 CNTP60 CNTN5 CNTN10 CNTN20 CNTN30 CNTN60 CNTD5 CNTD10 CNTD20 CNTD30 CNTD60 SUMP5 SUMP10 SUMP20 SUMP30 SUMP60 SUMN5 SUMN10 SUMN20 SUMN30 SUMN60 SUMD5 SUMD10 SUMD20 SUMD30 SUMD60 VMA5 VMA10 VMA20 VMA30 VMA60 VSTD5 VSTD10 VSTD20 VSTD30 VSTD60 WVMA5 WVMA10 WVMA20 WVMA30 WVMA60 VSUMP5 VSUMP10 VSUMP20 VSUMP30 VSUMP60 VSUMN5 VSUMN10 VSUMN20 VSUMN30 VSUMN60 VSUMD5 VSUMD10 VSUMD20 VSUMD30 VSUMD60 ORC_TREND_VOLUME_DIVERGENCE_10_20 ORC_VOLUME_WEIGHTED_DIRECTION_10 ORC_LAGGED_VOLUME_LEAD_20 ORC_PV_COHERENCE_SHIFT_5_20 ORC_NET_VOLUME_PRESSURE_20 ORC_VOLUME_TREND_DIVERGENCE_10
feature_infos=[-0.15450645983219147:0.33106967806816101] [0:0.33106967806816101] [-1:1] [0:0.27153289318084717] [0:1] [0:0.19577737152576447] [0:1] [-0.31147539615631104:0.33106967806816101] [-1:1] [0.75127547979354858:1.1827411651611328] [1:1.365384578704834] [0.75127547979354858:1] [0.90894031524658203:1.0877940654754639] [0.62103557586669922:1.6790908575057983] [0.51279789209365845:1.8924485445022583] [0.43777582049369812:2.2146341800689697] [0.40953221917152405:2.740487813949585] [0.32686084508895874:2.649662971496582] [0.8043818473815918:1.3455072641372681] [0.69517505168914795:1.4951817989349365] [0.58934980630874634:1.7117466926574707] [0.53464740514755249:1.9959673881530762] [0.46012550592422485:1.8649090528488159] [0:0.26957115530967712] [0:0.32280367612838745] [0:0.36472421884536743] [0:0.57258552312850952] [0:0.50059491395950317] [-0.16409091651439667:0.17131471633911133] [-0.11732283234596252:0.17131471633911133] [-0.11732283234596252:0.17131471633911133] [-0.11732283234596252:0.17131471633911133] [-0.11732283234596252:0.17131471633911133] [0:1] [0:1] [0:1] [0:1] [0:1] [-0.11478264629840851:0.13264167308807373] [-0.24554997682571411:0.20802642405033112] [-0.40848860144615173:0.27287426590919495] [-0.44566619396209717:0.27581575512886047] [-0.96870207786560059:0.36147966980934143] [1:1.6472727060317993] [1:1.9298244714736938] [1:2.2439024448394775] [1:3.3160974979400635] [1:3.3160974979400635] [0.58144122362136841:1] [0.49132096767425537:1] [0.42983227968215942:1] [0.39746984839439392:1] [0.31774049997329712:1] [0.86334514617919922:1.4843636751174927] [0.78309857845306396:1.7869091033935547] [0.69679319858551025:2.054157018661499] [0.57799351215362549:2.423609733581543] [0.52150630950927734:2.3250908851623535] [0.70860719680786133:1.2689855098724365] [0.53621649742126465:1.4057971239089966] [0.45107382535934448:1.5574545860290527] [0.43389230966567993:1.5740000009536743] [0.37328624725341797:1.5950908660888672] [0.20000000298023224:1] [0.10000000149011612:1] [0.05000000074505806:1] [0.033333335071802139:1] [0.01666666753590107:1] [0:1] [0:1] [0:1] [0:1] [0:1] [0.20000000298023224:1] [0.10000000149011612:1] [0.05000000074505806:1] [0.033333335071802139:1] [0.01666666753590107:1] [0.20000000298023224:1] [0.10000000149011612:1] [0.05000000074505806:1] [0.033333335071802139:1] [0.01666666753590107:1] [-0.80000001192092896:0.80000001192092896] [-0.89999997615814209:0.89999997615814209] [-0.94999998807907104:0.94999998807907104] [-0.96666663885116577:0.96666663885116577] [-0.98333334922790527:0.98333334922790527] [-1:1] [-1:1] [-1:1] [-1:1] [-1:1] [-1:1] [-1:1] [-1:1] [-1:1] [-1:1] [0:1] [0:1] [0:0.94999998807907104] [0:0.90909093618392944] [0:0.90909093618392944] [0:1] [0:1] [0:0.89999997615814209] [0:0.8571428656578064] [0:0.8571428656578064] [-1:1] [-1:1] [-0.83333331346511841:0.90909093618392944] [-0.83333331346511841:0.90909093618392944] [-0.83333331346511841:0.90909093618392944] [0:1] [0:1] [0:1] [0:1] [0:1] [0:1] [0:1] [0:1] [0:1] [0:1] [-1:1] [-1:1] [-1:1] [-1:1] [-1:1] [0.20013266801834106:26452.083984375] [0.10012400150299072:23627.859375] [0.050104878842830658:26698.134765625] [0.033777147531509399:28136.5] [0.017187755554914474:26107.111328125] [0.00080492562847211957:59102.5] [0.0021778203081339598:49210.34375] [0.0021778203081339598:56418.4921875] [0.0021778203081339598:57003.12109375] [0.0021778203081339598:42065.70703125] [0:2.2360680103302002] [0:3.1615598201751709] [0:4.4708261489868164] [0:5.465825080871582] [0:7.5986995697021484] [0:1] [0:1] [0:1] [0:1] [0:1] [0:1] [0:1] [0:1] [0:1] [0:1] [-1:1] [-1:1] [-1:1] [-1:1] [-1:1] [-681.060791015625:20.591409683227539] [-0.11966706067323685:0.2139812707901001] [-1690.6951904296875:664.3572998046875] [-0.51776564121246338:0.31678074598312378] [0:0] [-537.621826171875:24.261236190795898]
tree_sizes=3112 3099 3056 3033 3099 3052 3101 3074 3128 3016 3024 3056 3109 3077 3045 3027 3118 3058 3089

Tree=0
num_leaves=31
num_cat=0
split_feature=16 26 27 33 40 102 1 11 115 12 120 25 48 38 42 30 140 12 21 42 27 137 38 7 53 2 139 47 37 15
split_gain=177.185 106.54 75.2054 86.6045 79.378 70.3098 62.4833 59.1795 99.064 69.9119 68.9598 57.526 51.7739 54.8118 49.9168 48.7978 57.7965 43.3688 50.7601 42.9357 37.0449 36.6193 40.6666 35.7208 35.3746 42.4147 41.101 35.1068 34.9928 50.1452
threshold=1.2241054177284243 0.021585190668702129 0.07648158818483354 0.26314339041709905 0.025811721570789817 0.53529900312423717 0.036247322335839278 0.9717526137828828 0.75229349732398998 0.98607468605041515 0.33000005781650549 0.041385870426893241 0.88710486888885509 0.0029448007699102168 -0.02416465803980827 -0.0068273739889264098 0.82267063856124889 1.0281483530998232 0.95287659764289867 -0.003400894813239574 0.04237553849816323 0.558233141899109 -0.0032950154272839423 0.055555550381541259 1.0354533791542055 -0.058824324980378144 1.0426120758056643 1.0348046422004702 0.7026537060737611 0.87315455079078685
decision_type=10 10 10 8 10 2 8 10 10 10 10 10 10 10 10 10 10 10 10 8 10 10 10 10 10 10 10 10 10 8
left_child=1 6 3 24 5 11 19 8 12 -10 -9 -5 13 -4 -14 16 -2 18 -12 20 -1 22 -18 -24 25 -3 -26 -8 29 -6
right_child=15 2 7 4 28 -7 27 10 9 -11 17 -13 14 -15 -16 -17 21 -19 -20 -21 -22 -23 23 -25 26 -27 -28 -29 -30 -31
leaf_value=-0.00020756193484881548 0.0003633425494643912 -0.00070995633018337942 0.011673997869895049 -0.00060695914719022367 -0.0093423874542751684 0.0020739519792993353 0.00066397024299534309 0.00486864061121162 -0.018957979481695003 0.0031797776017922644 -0.0043437690982833007 0.0019213273356120217 0.00091238359180483735 -0.0072441077179863592 0.0082507867213326355 0.00089818229219111232 0.019757901083241197 0.0096688196396151026 3.8677384176004102e-05 0.0016139147578037891 0.0027365270636545958 0.0039538582842989231 0.0048256725863969566 0.023981943184324506 -0.012804509931196575 -0.002669964151725969 0.00041093170207774128 -0.0069542390536419208 6.8346631431139823e-05 -0.0023879404745236182
leaf_weight=29188 653 18883 157 66166 1047 13235 769 2522 261 191 2769 9173 1277 532 3107 1141 642 354 15299 42809 4394 596 685 102 542 22278 270 1400 4254 11180
leaf_count=29188 653 18883 157 66166 1047 13235 769 2522 261 191 2769 9173 1277 532 3107 1141 642 354 15299 42809 4394 596 685 102 542 22278 270 1400 4254 11180
internal_value=1.84084e-05 -7.7833e-05 -0.000493944 -0.000760109 -0.000296363 5.62205e-05 0.000837208 0.000972661 0.00373217 -0.00922936 0.000227531 -0.000294715 0.00497764 -0.00230247 0.00619518 0.00641587 0.00863148 -0.000396168 -0.000620426 0.000983352 0.000170126 0.0111214 0.0138079 0.00821301 -0.00191299 -0.00177886 -0.00814539 -0.00413483 -0.00220721 -0.00302223
internal_weight=255876 252057 173497 147028 105055 88574 78560 26469 5525 452 20944 75339 5073 689 4384 3819 2678 18422 18068 76391 33582 2025 1429 787 41973 41161 812 2169 16481 12227
internal_count=255876 252057 173497 147028 105055 88574 78560 26469 5525 452 20944 75339 5073 689 4384 3819 2678 18422 18068 76391 33582 2025 1429 787 41973 41161 812 2169 16481 12227
is_linear=0
shrinkage=1


Tree=1
num_leaves=31
num_cat=0
split_feature=16 26 33 30 78 39 56 53 84 32 33 35 140 69 32 45 50 50 50 82 1 29 127 33 15 80 118 17 44 2
split_gain=170.512 97.0747 85.1357 74.946 80.1361 100.279 63.2397 65.6389 58.8141 58.3655 57.7199 59.421 56.5251 56.2743 55.6698 55.6104 54.5403 53.9336 58.7581 47.5007 47.2248 51.1576 46.5112 44.928 44.3769 55.8432 42.1856 39.8579 52.3772 41.5275
threshold=1.2241054177284243 0.021839609369635585 0.26314339041709905 -0.00042249893886037165 0.30000000447034841 -0.013329115230590103 1.1493321657180788 0.99247822165489208 -0.65000000596046437 0.0031127985566854481 0.97828525304794323 0.66391038894653331 0.76397109031677257 0.64583364129066478 -0.0045728697441518298 1.0307692885398867 0.83584886789321911 0.89622980356216442 0.81991928815841686 0.92500001192092907 0.035042800009250648 -0.001066042575985193 -0.13015243411064145 0.65305796265602123 1.12964802980423 0.42499999701976782 0.01960810832679272 0.74524354934692394 1.043000400066376 -0.10526569932699202
decision_type=10 10 8 10 10 10 10 10 2 10 10 10 10 10 10 8 10 10 10 2 10 10 10 10 8 2 10 8 10 10
left_child=1 15 14 6 5 13 7 26 22 -7 11 -2 -13 -5 24 -1 -9 18 -6 -10 -17 -22 -8 -14 25 -3 -4 -16 29 -29
right_child=10 2 3 4 17 9 8 16 19 -11 -12 12 23 -15 27 20 -18 -19 -20 -21 21 -23 -24 -25 -26 -27 -28 28 -30 -31
leaf_value=0.0015401036859304469 0.0018407851814285811 -0.0018067408270895952 0.002992061756984373 -0.0017912521671605332 -0.0011855934750937909 -0.0019980801231302917 -0.002384566842130534 0.011954787723921964 0.0017358547828578708 0.0023040940741854373 -0.01287051799998153 -0.0005401363614553087 0.0062829582369360593 0.0080549223655231386 0.0030469239239700623 0.00016552590302459743 -0.00079935936118503807 0.00083310517419945998 0.004473340541049798 0.011757467496782968 -0.00042711580718133549 -0.012663892484800045 0.0053071743955507671 0.01632897473421005 -0.00275324975382569 0.0095691440954296641 -0.004805714774949215 0.0001910102612459271 -0.0032895197672377576 -0.0020971861471217774
leaf_weight=42219 1400 526 638 677 1942 18171 2314 281 1004 3285 108 335 910 1699 1437 37104 49151 27236 8502 858 834 525 995 1054 771 1097 5717 11971 16346 16869
leaf_count=42219 1400 526 638 677 1942 18171 2314 281 1004 3285 108 335 910 1699 1437 37104 49151 27236 8502 858 834 525 995 1054 771 1097 5717 11971 16346 16869
internal_value=2.60415e-05 -6.8158e-05 -0.000472981 -4.74985e-05 0.000688563 -0.000663849 -0.000795151 -0.00109321 0.00235442 -0.0013239 0.00631179 0.00701872 0.00999945 0.00513268 -0.00152949 0.000788467 -0.000715985 0.0015518 0.00339217 0.00658904 -2.91452e-05 -0.005487 0 0.0119357 0.00286845 0.00572261 -0.00396888 -0.00176288 -0.00192375 -0.00113753
internal_weight=255976 252169 171487 122470 61512 23832 60958 55787 5171 21456 3807 3699 2299 2376 49017 80682 49432 37680 10444 1862 38463 1359 3309 1964 2394 1623 6355 46623 45186 28840
internal_count=255976 252169 171487 122470 61512 23832 60958 55787 5171 21456 3807 3699 2299 2376 49017 80682 49432 37680 10444 1862 38463 1359 3309 1964 2394 1623 6355 46623 45186 28840
is_linear=0
shrinkage=0.03


Tree=2
num_leaves=31
num_cat=0
split_feature=16 26 40 71 58 18 73 33 27 25 33 30 33 17 10 49 113 6 45 22 140 36 1 84 16 72 27 37 34 27
split_gain=175.829 90.7785 84.7113 99.2031 72.6373 69.3066 75.8208 70.1624 70.5866 61.6648 61.5299 64.8478 55.7091 55.0902 51.8505 71.5622 65.1433 47.0384 45.9357 44.3091 52.0496 44.7761 42.9885 35.9976 35.4824 55.4598 35.1252 33.3058 31.6445 47.1744
threshold=1.2241054177284243 0.021585190668702129 -0.030734675005078312 0.58064553141593944 0.99967268109321605 1.0247294902801516 0.5000000149011613 0.25209435820579534 0.093774378299713149 0.03985352814197541 0.97828525304794323 -0.005568938795477151 0.93000724911689769 0.74524354934692394 1.0167598128318789 0.92341038584709179 0.66666674613952648 0.30478760600090032 1.030380427837372 1.1317713856697085 0.82035279273986828 0.78529399633407604 0.036672007292509086 0.65000000596046459 1.1670506596565249 0.032258350402116782 0.085840988904237761 0.65275800228118908 0.46424159407615667 0.053962413221597678
decision_type=10 10 10 10 10 10 10 8 10 10 10 10 10 8 10 10 10 10 8 10 10 10 10 2 8 10 10 8 10 10
left_child=1 18 3 23 -5 7 9 8 13 -7 11 19 -11 -4 16 -16 -9 -10 -1 -2 -21 -22 27 24 25 -3 -26 -20 29 -6
right_child=10 2 5 4 28 6 -8 14 17 12 -12 -13 -14 -15 15 -17 -18 -19 22 20 21 -23 -24 -25 26 -27 -28 -29 -30 -31
leaf_value=0.0014393193801926325 -0.0063755748762662039 -0.0058203844041950859 0.009789260070020199 0 0.0030561867097684166 -0.0047051900123406083 -0.011123465531653463 0.00027958220089249676 0.0059536469649686128 0.0059646267491213168 -0.013470033210469409 0 -0.0067026200390182897 -0.0019678077920996561 0.0045810128072496167 0.00011512907499707482 -0.0013694362642174079 -0.0025920176034892632 -0.00030503218866648039 0.0017390417327872866 0.005998846195105545 0.015972269972245698 -0.0059293273229039994 -0.013653051123841305 0.0013751704567550049 0.0003113158327349255 0.011457788499972124 0.0018843743198247436 0.0012804303660201436 0.011206387921606369
leaf_weight=41097 119 1504 334 2071 1143 3020 1081 48570 1771 1157 108 876 389 42635 4559 11460 38426 786 28674 609 810 1297 1053 153 1371 9828 425 7942 834 1974
leaf_count=41097 119 1504 334 2071 1143 3020 1081 48570 1771 1157 108 876 389 42635 4559 11460 38426 786 28674 609 810 1297 1053 153 1371 9828 425 7942 834 1974
internal_value=0 -9.70754e-05 -0.000481578 0.00138574 0.00457323 -0.000717444 -0.00398301 -0.00059076 -0.00157198 -0.00218595 0.00637192 0.00709889 0.00254086 -0.00186493 -0.000153989 0.00140895 -0.000445486 0.00321064 0.000745934 0.00928973 0.0101273 0.0123717 -2.95507e-06 -4.17132e-05 0.00011463 -0.000484886 0.0040262 0.00016243 0.00694872 0.00835189
internal_weight=256076 252257 173491 19303 6022 154188 5647 148541 45526 4566 3819 3711 1546 42969 103015 16019 86996 2557 78766 2835 2716 2107 37669 13281 13128 11332 1796 36616 3951 3117
internal_count=256076 252257 173491 19303 6022 154188 5647 148541 45526 4566 3819 3711 1546 42969 103015 16019 86996 2557 78766 2835 2716 2107 37669 13281 13128 11332 1796 36616 3951 3117
is_linear=0
shrinkage=0.03


Tree=3
num_leaves=31
num_cat=0
split_feature=16 30 16 27 55 49 36 42 5 1 36 140 39 85 94 24 76 33 39 141 119 26 28 25 25 47 92 33 33 23
split_gain=159.281 97.8701 75.6656 73.8055 62.066 77.7763 77.7752 55.7064 73.9248 73.6582 53.0381 72.5817 51.0803 49.0609 55.1547 48.7357 48.6199 48.2434 71.7753 44.97 45.7752 44.1213 43.7238 42.7555 49.1163 38.1181 36.663 31.9813 31.7117 31.2836
threshold=1.2241054177284243 -0.00038569678144995118 0.93407893180847179 0.090783946216106429 0.93584609031677257 0.84355121850967418 0.79527312517166149 -0.076609600335359559 0.0031120133353397255 0.022801307030022148 0.80502268671989452 0.7297937572002412 0.021416815929114822 0.82500001788139354 0.63846078515052807 0.056700749322772033 0.050000002607703216 0.7938770353794099 0.00024377082445425915 1.4677515029907229 0.32026118040084844 0.024869986809790138 0.0025293598882853989 0.012333759106695654 0.043483210727572448 1.2806748151779177 0.71374112367630016 0.9455358386039735 0.93287774920463573 0.017277830280363563
decision_type=10 8 8 10 8 8 10 10 10 10 10 10 10 2 10 10 2 10 10 10 10 10 10 10 10 10 10 8 10 10
left_child=1 2 12 7 6 17 13 8 27 25 -2 -12 -1 14 28 23 -5 19 -19 20 -6 -11 -14 -7 -25 -9 -8 -4 -3 -13
right_child=10 4 3 16 5 15 26 9 -10 21 11 29 22 -15 -16 -17 -18 18 -20 -21 -22 -23 -24 24 -26 -27 -28 -29 -30 -31
leaf_value=-0.0029674252952206709 0.0024665644507934396 -0.012134997960893346 -0.00078132952135430357 0.0073768540020648313 0.022339027959084056 0.0018789996185012169 0.0072316519507511249 -0.00023437728282809999 0.0041734811344180181 -8.5484916839861786e-05 -0.0038819822302804288 0.00075492864627645193 0.002770468651950359 -0.017200094923788569 0.0067275699981409537 -0.0095486691396960855 0.00094900876362425854 -0.011154872210503652 0.014412879681317568 0 0 -0.0027681277001800528 -0.0155981658142752 0.00014638474075132627 0.0022071645498327238 -0.0058242919451046964 -0.0091673238356023614 -0.011429556402941479 0.0015751583752937094 0.013982749342559301
leaf_weight=2535 1961 546 2121 1581 394 20277 534 73323 4580 7649 257 240 105 424 252 403 3562 212 152 209 108 22239 588 96886 11708 1101 126 284 152 1363
leaf_count=2535 1961 546 2121 1581 394 20277 534 73323 4580 7649 257 240 105 424 252 403 3562 212 152 209 108 22239 588 96886 11708 1101 126 284 152 1363
internal_value=9.29191e-05 0 -0.000621191 -0.000492272 0.000562533 0.000645994 -0.00459422 -0.00065704 0.00192014 -0.000832825 0.00615605 0.00981868 -0.00514752 -0.00868323 -0.00429648 0.000575975 0.00300401 0.00862775 0 0.0130729 0.0178006 -0.00209213 -0.0123946 0.000611441 0.000371694 -0.000322645 0.00348221 -0.00224636 -0.00877087 0.0122208
internal_weight=255872 252051 119668 116440 132383 130349 2034 111297 6985 104312 3821 1860 3228 1374 950 129274 5143 1075 364 711 502 29888 693 128871 108594 74424 660 2405 698 1603
internal_count=255872 252051 119668 116440 132383 130349 2034 111297 6985 104312 3821 1860 3228 1374 950 129274 5143 1075 364 711 502 29888 693 128871 108594 74424 660 2405 698 1603
is_linear=0
shrinkage=0.03


Tree=4
num_leaves=31
num_cat=0
split_feature=16 26 25 79 3 120 23 9 60 35 51 3 102 7 39 34 81 36 140 48 51 84 11 23 5 11 24 32 23 15
split_gain=139.151 79.6448 67.5639 80.7598 76.0328 72.3108 70.0646 65.5007 109.614 61.6514 57.5081 55.7256 52.7513 52.2643 46.3255 49.7569 66.4656 46.0046 62.5782 46.2015 44.5678 42.6534 39.9046 36.6448 36.0702 35.9695 35.7357 34.7172 32.7808 32.773
threshold=1.2241054177284243 0.021585190668702129 0.041385870426893241 0.15000000223517421 0.01809948775917292 0.25179861485958105 0.038373647257685668 1.0305631160736086 0.97288247942924511 0.85941463708877575 0.87415704131126415 0.014344225637614729 0.54316771030426036 -0.031042098999023434 0.0020535106305032973 0.40579554438591009 0.083333335816860213 0.80502268671989452 0.76397109031677257 0.96688908338546764 0.74258312582969677 -0.15000000223517415 0.96856495738029491 0.017142243683338169 0.0051124589517712602 0.99776533246040355 0.051859490573406226 -0.0050809530075639478 0.032937528565526016 0.83438995480537426
decision_type=10 10 10 2 10 10 10 10 10 10 10 10 2 8 10 10 2 10 10 10 10 2 10 10 8 10 10 10 10 8
left_child=1 13 12 4 9 22 29 11 -9 10 -4 -7 14 -1 20 16 -16 -2 19 -19 -3 -15 -5 -20 -23 -17 -11 -22 -14 -6
right_child=17 2 3 5 6 7 -8 8 -10 26 -12 -13 28 21 15 25 -18 18 23 -21 27 24 -24 -25 -26 -27 -28 -29 -30 -31
leaf_value=-0.0087209337012524694 0.0022575046402111719 -0.012593379105331705 0.0052185390752978742 -0.014028345838351899 0.0020608159882101575 0.00045946189468421597 -0.0047549890517257151 0.017336687347375829 0.0012246711906187945 -0.00026525517491914568 -0.0021762084622566069 -0.0037577123146538926 0.00036853714892947178 7.4067698607151018e-05 -0.0049353705825954013 -0.0028240744353105378 4.7878118083164921e-05 0.011215547232957859 0 -0.0096366075245025527 0.0045881911061564067 0.001993073555483582 -0.0029112054443462413 0.013820261084645716 -4.7184895882681558e-05 0.0014355583354944423 -0.011961450308210789 -0.00048194602236012051 0.0061007867488498306 0.019303161804576884
leaf_weight=495 1942 252 5056 432 177 18613 156 502 1592 2271 1088 3295 21732 36955 2723 25116 18870 128 231 234 1209 31043 1155 1266 10032 1812 251 66063 929 535
leaf_count=495 1942 252 5056 432 177 18613 156 502 1592 2271 1088 3295 21732 36955 2723 25116 18870 128 231 234 1209 31043 1155 1266 10032 1812 251 66063 929 535
internal_value=4.93635e-05 -3.54883e-05 -0.000394827 0.000776199 0.00313075 -9.11094e-05 0.0115792 0.000309227 0.00535663 0.00222528 0.00385757 -0.000163976 -0.000693584 0.00075605 -0.000953123 -0.00166229 -0.000570643 0.00573201 0.00913932 -0.00127696 -0.00043875 0.000822232 -0.00626103 0.0118395 0.00148769 -0.00252546 -0.00163228 -0.000385032 0.000621933 0.0156
internal_weight=256155 252354 173829 35123 9534 25589 868 24002 2094 8666 6144 21908 138706 78525 116045 48521 21593 3801 1859 362 67524 78030 1587 1497 41075 26928 2522 67272 22661 712
internal_count=256155 252354 173829 35123 9534 25589 868 24002 2094 8666 6144 21908 138706 78525 116045 48521 21593 3801 1859 362 67524 78030 1587 1497 41075 26928 2522 67272 22661 712
is_linear=0
shrinkage=0.03


Tree=5
num_leaves=31
num_cat=0
split_feature=16 30 55 16 35 120 57 30 84 140 12 27 42 6 1 16 80 16 138 38 39 28 38 59 16 113 76 80 111 8
split_gain=122.244 84.474 84.8419 67.9456 72.2056 50.6045 80.0344 49.5527 47.4291 45.7266 45.0492 44.841 53.7007 60.6351 47.23 48.4888 44.4806 44.0017 42.1747 57.6539 42.0631 40.2138 40.2022 40.1069 56.114 40.4952 38.0846 31.8309 31.4307 30.9251
threshold=1.2241054177284243 -0.00056013630819506932 0.93584609031677257 0.93546006083488475 0.2033253759145737 0.25775530934333807 0.92110148072242748 -0.0068273739889264098 0.84999999403953563 0.82035279273986828 0.98555809259414684 0.090783946216106429 -0.070003509521484361 0.1600005701184273 0.019223148934543136 1.0492656230926516 0.42499999701976782 0.88941097259521495 0.58965885639190685 -0.023208932019770142 0.02322437055408955 -0.0094395335763692838 -0.0028708167374134059 0.87097391486167919 0.80579486489295971 0.91211137175560009 0.050000002607703216 0.17500000447034839 -0.16954023391008374 0.87999919056892406
decision_type=10 8 8 8 10 8 8 10 2 10 10 10 10 10 10 10 2 8 10 10 10 10 8 10 10 10 2 2 2 10
left_child=1 3 23 4 -1 10 18 9 21 -2 17 12 13 -5 22 -16 -13 -4 -7 -20 -6 -8 -14 25 -25 -3 -18 -26 -11 -28
right_child=7 2 5 11 20 6 8 -9 -10 28 -12 16 14 -15 15 -17 26 -19 19 -21 -22 -23 -24 24 27 -27 29 -29 -30 -31
leaf_value=-0.00045582348536744215 7.6907593001359321e-05 -0.021876508941426873 -0.014822727425656266 -0.0011816060300922672 -0.0067418770010480291 -0.0020461550587216157 0.0021843852327344902 0 0.0027399098243921184 0.012338342560309313 -0.0009040776801971358 -0.006767641028329119 0.00094593887564948544 0.0036561877312619789 -0.00056432398596727509 -0.0026836595116883069 0.007320609673494175 0 -0.010207593863914635 0.009623685780677833 -0.020376947227867696 0.00023137051616790223 -0.00083110799014051134 0.0059206261877092796 -0.013692729692350351 -0.0047306537998146724 0 -0.0016956146347775587 0.0033471465372282112 0.0090599066804198519
leaf_weight=1560 641 230 413 4108 1135 387 10506 1093 8535 1394 9693 415 15643 5150 18800 21111 1363 300 112 1750 292 103506 41771 437 352 399 2824 594 628 375
leaf_count=1560 641 230 413 4108 1135 387 10506 1093 8535 1394 9693 415 15643 5150 18800 21111 1363 300 112 1750 292 103506 41771 437 352 399 2824 594 628 375
internal_value=1.07947e-06 -7.80983e-05 0.000422618 -0.000680486 -0.00514289 0.000516025 0.000685324 0.00536004 0.000579158 0.00755356 -0.00148297 -0.000557416 -0.000689669 0.00147929 -0.000899333 -0.00169365 0.00220617 -0.0087042 0.00628195 0.00817562 -0.00998236 0.00041432 -0.00034155 -0.00564978 -0.0024441 -0.0119434 0.00311396 -0.00666129 0.00975287 0.00119408
internal_weight=255517 251761 137214 114547 2987 135202 124796 3756 122547 2663 10406 111560 106583 9258 97325 39911 4977 713 2249 1862 1427 114012 57414 2012 1383 629 4562 946 2022 3199
internal_count=255517 251761 137214 114547 2987 135202 124796 3756 122547 2663 10406 111560 106583 9258 97325 39911 4977 713 2249 1862 1427 114012 57414 2012 1383 629 4562 946 2022 3199
is_linear=0
shrinkage=0.03


Tree=6
num_leaves=31
num_cat=0
split_feature=16 25 27 46 33 124 11 33 36 1 138 18 7 1 6 14 16 37 42 113 18 125 75 39 40 100 52 125 1 113
split_gain=127.114 83.3707 62.6108 56.3001 64.0696 78.9892 44.0793 43.3947 47.8732 49.4058 62.1552 43.1163 52.8952 57.5195 52.06 46.1765 46.0472 40.6242 38.5946 38.0805 37.7814 37.6068 37.4686 45.3267 33.6661 33.5952 42.0708 32.6606 32.5821 31.7184
threshold=1.2241054177284243 0.01246010744944215 0.072744719684124007 1.0551493167877199 0.47241228818893438 0.0909089930355549 0.98022601008415233 0.97388815879821788 0.80819529294967662 0.058631887659430511 0.64218494296073925 0.94165822863578807 0.023694979026913646 0.054196750745177276 0.06666805595159532 1.0630766153335574 0.73792055249214183 0.65667176246643078 0.10538326948881151 0.9807686209678651 1.022065341472626 -0.39163465797901148 0.97499999403953563 -0.014942501671612261 -0.030112487263977524 0.59411767125129711 0.70375391840934765 0.089108865708112731 0.039215717464685447 0.28571410477161413
decision_type=10 10 10 10 8 10 10 10 10 10 10 10 10 10 10 8 10 10 10 10 10 10 2 10 10 2 10 10 10 10
left_child=1 17 3 18 5 20 -6 8 -2 10 -10 14 13 15 -4 -13 -14 -1 22 -18 -5 28 24 -24 -3 -20 -27 -8 -12 -7
right_child=7 2 11 4 6 29 27 -9 9 -11 21 12 16 -15 -16 -17 19 -19 25 -21 -22 -23 23 -25 -26 26 -28 -29 -30 -31
leaf_value=0.00072854579199692208 0.0025906031666019292 0.0033261410840193886 -0.018328593386686406 -0.0010565511690893534 -0.0028310605714333887 0.0029667810522289273 -0.00024922548481948425 -0.010796093896708705 -0.0042074641236814741 0.018978814310169425 0.0093625476330498909 0.0007502746374860532 -0.0057852978231232857 0.0057893243757517259 0.00018700823319000258 -0.0026887824169041291 0.0037561274497717929 0.0032037792815499916 0.0018138123845822206 0.014404596853744775 -0.0060585569500339418 0.017967843395921144 0.010974368259742262 0.0010814027831342952 -0.00030284383259653437 0.0047528346129873172 -0.010375090740411961 0.0025945255731477015 -0.0041658281220096939 -0.005349564166499024
leaf_weight=23838 1936 2355 208 33477 5598 381 47414 112 324 415 450 19820 377 1724 264 4240 4802 8189 417 334 1431 362 415 18880 66225 161 869 3914 193 6420
leaf_count=23838 1936 2355 208 33477 5598 381 47414 112 324 415 450 19820 377 1724 264 4240 4802 8189 417 334 1431 362 415 18880 66225 161 869 3914 193 6420
internal_value=2.55953e-05 -5.55504e-05 -0.000265159 -0.000474441 -0.000968664 -0.00186306 -0.000307656 0.00546363 0.00609525 0.00974218 0.0063969 0.000963117 0.00110938 0.000524253 -0.00777603 0.000130035 0.00377996 0.00137241 6.80475e-05 0.00455998 -0.00127354 0.0101237 0.000151886 0.00132086 -0.00017292 -0.00475157 -0.00767923 -2.56076e-05 0.00484627 -0.00483236
internal_weight=255545 251753 219726 187957 98635 41709 56926 3792 3680 1744 1329 31769 31297 25784 472 24060 5513 32027 89322 5136 34908 1005 87875 19295 68580 1447 1030 51328 643 6801
internal_count=255545 251753 219726 187957 98635 41709 56926 3792 3680 1744 1329 31769 31297 25784 472 24060 5513 32027 89322 5136 34908 1005 87875 19295 68580 1447 1030 51328 643 6801
is_linear=0
shrinkage=0.03


Tree=7
num_leaves=31
num_cat=0
split_feature=16 26 25 120 29 1 86 83 53 12 36 140 42 34 102 24 78 64 76 140 1 24 1 38 27 1 47 87 17 10
split_gain=110.588 77.0474 54.1737 78.5148 109.477 72.1604 100.768 69.99 58.5148 57.0606 44.6222 59.6127 43.0648 42.8907 39.9291 55.9617 39.9028 53.801 41.8477 39.7587 39.1067 46.3855 45.7359 42.0582 38.9022 38.7317 37.6247 33.8294 30.0894 33.6056
threshold=1.2241054177284243 0.021455070935189727 0.033948997035622604 0.25775530934333807 -0.00067340003442950536 0.030848315916955475 -0.58333334326744068 -0.3000000044703483 1.0802324414253237 0.98555809259414684 0.80502268671989452 0.74105113744735729 -0.003400894813239574 0.53325554728508007 0.54316771030426036 0.031082677654922012 0.30000000447034841 0.78174602985382091 0.983333319425583 0.70033672451972973 0.054196750745177276 0.044624375179409988 0.039787808433175094 -0.0023240277078002687 0.077257860451936736 0.019321781583130363 1.263157904148102 0.82499998807907116 0.90681058168411266 1.0251997113227846
decision_type=10 10 8 10 10 10 2 10 10 10 10 10 10 10 2 10 10 10 2 10 10 10 10 10 10 10 10 2 10 10
left_child=1 12 14 9 7 6 -6 19 -7 24 -2 -12 -1 -9 15 16 17 -3 -18 -5 22 -22 23 -13 -4 -11 -17 -26 -14 -30
right_child=10 2 3 4 5 8 -8 13 -10 25 11 20 28 -15 -16 26 18 -19 -20 -21 21 -23 -24 -25 27 -27 -28 -29 29 -31
leaf_value=-0.00011539611735845202 0.0016259391270247818 -0.0003114266361719052 -0.005069505601439768 -0.0047931205760150487 0.005767376703115331 0.0045637214713668021 -0.00031120900941219721 -0.0041154924055509974 -0.010977073807495637 -0.0060882529604448735 -0.0034253231876995413 0.017396654976131177 -0.00016941087220294826 0.00011720852025877991 0.0004383368326890773 -0.0049026884868446979 -0.00067102222252173689 -0.0031740448242255363 0.0034288173278648176 0.00082600319882322238 0 0.02367292041034768 -0.0026251844057529152 0.0031149351393607886 -0.028938278025188655 0 0.0035401809310103404 -0.0040482032370149487 0.0018323129072067494 -0.0066894574307233973
leaf_weight=34503 1955 10671 737 1186 2992 9089 12866 6476 194 1251 280 410 9419 3020 18037 4848 65587 13971 2280 16737 103 338 275 455 142 3746 470 128 33187 388
leaf_count=34503 1955 10671 737 1186 2992 9089 12866 6476 194 1251 280 410 9419 3020 18037 4848 65587 13971 2280 16737 103 338 275 455 142 3746 470 128 33187 388
internal_value=-4.11715e-05 -0.000119302 -0.000470003 0.000269706 0.000645984 0.00207794 0.000822591 -0.000656624 0.0041838 -0.0029657 0.0050124 0.00835532 0.000666092 -0.00274043 -0.000846463 -0.00108646 -0.000909715 -0.00194784 -0.000527899 0.000432527 0.0106458 0.0185645 0.00705666 0.0104635 -0.00946909 -0.00156281 -0.00408985 -0.019266 0.00129998 0.00172098
internal_weight=255741 251925 174428 58564 52560 25141 15858 27419 9283 6004 3816 1861 77497 9496 115864 97827 92509 24642 67867 17923 1581 441 1140 865 1007 4997 5318 270 42994 33575
internal_count=255741 251925 174428 58564 52560 25141 15858 27419 9283 6004 3816 1861 77497 9496 115864 97827 92509 24642 67867 17923 1581 441 1140 865 1007 4997 5318 270 42994 33575
is_linear=0
shrinkage=0.03


Tree=8
num_leaves=31
num_cat=0
split_feature=16 26 33 44 14 111 39 25 10 44 17 38 57 82 39 78 28 48 85 51 1 15 84 38 11 37 72 15 79 52
split_gain=115.638 81.8796 64.1844 71.0441 62.9211 63.3379 58.2785 68.3557 58.1856 65.9184 51.6917 46.8869 44.8643 44.5436 49.0047 44.027 43.507 42.301 41.651 55.4041 40.904 40.2562 40.0231 39.538 41.4257 39.0303 38.8324 37.9372 90.007 39.6181
threshold=1.2241054177284243 0.021585190668702129 0.37453159689903265 1.0381410717964175 0.91246113181114208 0.13714733719825747 0.019420007243752483 0.037808155640959747 1.0189633965492251 1.1125566959381106 1.0505280494689944 -0.018891852349042889 1.1501474976539614 0.24166666716337207 0.032438790425658233 0.30000000447034841 -0.0070365974679589263 0.98906156420707714 -0.52500000596046437 0.83141043782234203 0.036247322335839278 1.1439499855041506 -1.0000000180025095e-35 -0.0023240277078002687 0.93008056282997142 0.33283266425132757 0.20612172782421115 0.9650072753429414 0.55000001192092907 0.85216954350471508
decision_type=10 10 8 10 8 2 10 10 10 10 10 10 8 2 10 10 10 10 2 10 10 10 2 10 10 10 10 10 2 10
left_child=1 20 3 4 5 -3 7 10 11 -10 15 -9 17 18 16 -4 -15 -6 -5 -20 22 27 -1 -2 -25 -12 -16 28 -8 -29
right_child=23 2 6 13 12 -7 21 8 9 -11 25 -13 -14 14 26 -17 -18 -19 19 -21 -22 -23 -24 24 -26 -27 -28 29 -30 -31
leaf_value=0.00013733806989317334 0.0082301327953370577 0.010665350380637074 -0.00090141702179965426 0.0024775964228113722 -0.0013554969670395744 -0.00088152881988187899 -0.0040935141631338245 -0.014696873244276995 0.0059755884905476793 0.00020627482525029125 -0.0030401593729558131 0.00076773162919746801 0.0036869805724967443 -0.011013916383301554 0.0098405592408724856 0.0010588757987383115 -0.0032457512983178299 0.001573103965385781 0.0036706607891430244 -0.0032994434636651375 -0.0034628655876163283 0.005665997729447393 0.0015185451854119977 0.014667187837116858 0.00016163449393954689 -0.00051328039608159327 -0.0010880699816758052 -0.0086942464382462632 0.0041300694336203966 -0.0026299809820234869
leaf_weight=37792 1923 900 15245 2718 26783 711 2621 157 4752 3024 7723 15544 2033 698 411 31162 16826 5215 1223 5201 1996 546 38792 184 1716 20476 784 1285 2162 5130
leaf_count=37792 1923 900 15245 2718 26783 711 2621 157 4752 3024 7723 15544 2033 698 411 31162 16826 5215 1223 5201 1996 546 38792 184 1716 20476 784 1285 2162 5130
internal_value=2.97515e-06 -7.46356e-05 -0.000439877 -0.00119891 -0.000301696 0.00543699 0 0.000238409 0.00165089 0.00377673 -0.000202375 0.000575512 -0.000585205 -0.00233491 -0.00317623 0.000408334 -0.00358447 -0.000868142 -0.000576305 -0.00191865 0.000727095 -0.00199614 0.000841089 0.00516884 0.00186078 -0.00121762 0.00252385 -0.00240591 -0.00031213 -0.00391459
internal_weight=255733 251910 173330 63503 35642 1611 109827 98083 23477 7776 74606 15701 34031 27861 18719 46407 17524 31998 9142 6424 78580 11744 76584 3823 1900 28199 1195 11198 4783 6415
internal_count=255733 251910 173330 63503 35642 1611 109827 98083 23477 7776 74606 15701 34031 27861 18719 46407 17524 31998 9142 6424 78580 11744 76584 3823 1900 28199 1195 11198 4783 6415
is_linear=0
shrinkage=0.03


Tree=9
num_leaves=31
num_cat=0
split_feature=16 26 86 3 55 49 3 23 9 33 14 20 45 17 23 39 82 34 113 6 3 33 30 57 140 137 80 105 49 38
split_gain=111.383 65.6533 67.8009 89.1967 79.6991 89.4076 67.8756 74.1535 67.3988 60.5686 52.8414 61.2073 44.5446 42.9973 42.652 45.7969 38.6105 52.6189 41.1719 35.4152 34.6324 34.0465 41.5124 32.8224 37.5949 42.372 31.8134 38.5089 28.3853 25.7557
threshold=1.2241054177284243 0.021585190668702129 0.81666666269302379 0.017476509325206283 0.93584609031677257 0.83075928688049328 0.007299266057088972 0.048013474792242057 0.97661548852920543 0.89541542530059826 0.88468468189239513 0.92770764231681835 1.0307692885398867 0.67878058552742015 0.042014449834823615 0.0075421761721372613 0.52500000596046459 0.79824817180633556 0.61363652348518383 0.24000077694654467 0.01333335926756263 0.96605226397514354 -0.005568938795477151 1.2203346490859988 0.81279495358467113 1.0083316564559939 0.52500000596046459 0.44722221791744238 0.92020824551582348 0.0041731116361916074
decision_type=10 10 2 10 8 10 10 10 10 10 8 10 10 10 10 10 2 10 10 10 10 10 10 10 10 10 2 2 10 10
left_child=1 12 4 14 19 6 7 -6 -5 -8 13 -12 -1 -7 16 -16 18 -18 -4 -3 -14 22 23 -2 -25 28 27 -10 -26 -17
right_child=21 2 3 8 5 10 9 -9 26 -11 11 -13 20 -15 15 29 17 -19 -20 -21 -22 -23 -24 24 25 -27 -28 -29 -30 -31
leaf_value=0.0013130764387795806 -0.0024354165104689333 -0.014226206728645746 0.0039588889747875474 -0.010618811966705834 0.021015639027771045 -0.0078306869082583504 0.0054364591540262989 -0.0044178199377365229 0.0082770306263255222 -0.018435345607663481 -0.0052979920112366276 -0.00057851265909157515 2.4860831526562137e-05 0.0076647595744498125 -0.019835096621870628 0.0091186603833921243 -0.0069276398106219491 0.0022558117192447483 0.00036025704668784083 -0.0010200829627639786 -0.0059687535048614957 -0.0065279826390728041 0 0.00095390076593537799 0.020677864165187437 0.00053937332200776063 -0.0012516701862562533 0.022704446709880203 0.0096427287148441541 -0.0087391845991834985
leaf_weight=41617 219 539 4639 108 422 153 433 103 685 101 2513 151244 36113 1103 163 121 1161 990 7981 354 867 176 842 558 365 382 109 301 1257 130
leaf_count=41617 219 539 4639 108 422 153 433 103 685 101 2513 151244 36113 1103 163 121 1161 990 7981 354 867 176 842 558 365 382 109 301 1257 130
internal_value=0 -7.81183e-05 -0.000405254 0.0014244 -0.000598347 -0.000544535 0.00804222 0.0154964 0.00924183 0 -0.000606162 -0.000658278 0.000639513 0.00544892 0.000774004 -0.00842159 0.00106306 -0.00258092 0.00171099 -0.00945669 -0.000110702 0.00508393 0.00576311 0.00751905 0.00849842 0.0104207 0.0116251 0.0133434 0.0125303 0
internal_weight=255749 251950 173353 16388 156965 156072 1059 525 1203 534 155013 153757 78597 1256 15185 414 14771 2151 12620 893 36980 3799 3623 2781 2562 2004 1095 986 1622 251
internal_count=255749 251950 173353 16388 156965 156072 1059 525 1203 534 155013 153757 78597 1256 15185 414 14771 2151 12620 893 36980 3799 3623 2781 2562 2004 1095 986 1622 251
is_linear=0
shrinkage=0.03


Tree=10
num_leaves=31
num_cat=0
split_feature=16 26 86 55 49 34 33 6 34 17 33 13 32 10 5 42 117 120 6 36 52 33 133 33 138 1 72 80 86 23
split_gain=89.338 75.3487 62.2898 69.6348 54.9529 63.6937 79.1904 49.3184 47.7092 46.588 46.2493 55.3126 48.4639 45.7714 67.9633 41.4355 40.3545 38.9529 40.7359 38.4282 53.5663 43.028 36.8178 32.849 31.726 28.2627 27.16 25.0258 31.2316 24.9686
threshold=1.2241054177284243 0.019946628250181678 0.81666666269302379 0.93584609031677257 0.83075928688049328 0.51982617378234874 0.88048130273818981 0.086956296116113677 0.87832194566726696 1.0457654595375063 0.31925892829895025 0.98283842206001293 -0.0045728697441518298 1.0199121832847597 0.0058565521612763414 -0.003400894813239574 0.67987641692161571 0.25775530934333807 0.58333501219749462 0.80819529294967662 0.90733766555786144 0.52326437830924999 0.29841488599777227 0.96605226397514354 0.85059615969657909 0.035042800009250648 0.11876192316412927 0.17500000447034839 0.71666666865348827 0.026176295243203643
decision_type=10 10 2 8 10 10 10 10 10 10 8 8 10 10 10 8 10 10 10 10 10 10 10 10 10 10 10 2 2 10
left_child=1 15 3 25 5 7 -7 -5 19 13 12 -12 -6 17 24 -1 -16 -4 -19 -2 -21 22 26 -23 -15 -3 -22 28 -27 -17
right_child=8 2 9 4 10 6 -8 -9 -10 -11 11 -13 -14 14 16 29 -18 18 -20 20 21 23 -24 -25 -26 27 -28 -29 -30 -31
leaf_value=-9.2405506183640271e-05 0 -6.8551061066586427e-05 -0.0019533234299465366 -0.01997850033011837 0.0026164031642756627 0.016864961954195696 -0.0033285732271197675 0.002916790555314853 0.013263692056845395 -0.0048048478920503694 -0.0012261109316363318 0.00021648460071031501 -0.0014902811916426499 -0.0022794630683569969 0.012465783922762153 0.0013557384966932323 0 0.0025333355309849477 -0.0036175468474205375 0.017915514825813231 -0.015779236723232708 0.009853605039753811 0.0078783854711158511 -0.0057917599124461408 0.0052536068742778984 -0.029793014891333128 0.00035666708732605911 -0.0054017073308932594 -0.0053960130114178604 0.011883394669539313
leaf_weight=27922 1744 303 3188 102 2650 546 212 214 491 1011 34513 77134 53148 1052 1102 37354 282 8600 1037 290 201 722 125 105 889 129 102 364 139 192
leaf_count=27922 1744 303 3188 102 2650 546 212 214 491 1011 34513 77134 53148 1052 1102 37354 282 8600 1037 290 201 722 125 105 889 129 102 364 139 192
internal_value=-3.12077e-05 -0.000101188 -0.000409443 -0.000585123 -0.000537381 0.00614122 0.0108912 -0.0043299 0.00453269 0.00130649 -0.000582737 -0.000226912 -0.001289 0.00171308 0.00485895 0.000772762 0.00991542 0.000867835 0.00183428 0.00306633 0.00647916 0.00336163 -0.00379762 0.00742315 0.00103618 -0.00868432 -0.00973281 -0.012226 -0.0194345 0.00142386
internal_weight=255863 252083 186615 169454 168519 1074 758 316 3780 17161 167445 111647 55798 16150 3325 65468 1384 12825 9637 3289 1545 1255 428 827 1941 935 303 632 268 37546
internal_count=255863 252083 186615 169454 168519 1074 758 316 3780 17161 167445 111647 55798 16150 3325 65468 1384 12825 9637 3289 1545 1255 428 827 1941 935 303 632 268 37546
is_linear=0
shrinkage=0.03


Tree=11
num_leaves=31
num_cat=0
split_feature=16 30 16 55 14 16 33 12 106 33 44 5 78 20 82 42 5 23 41 47 138 5 1 126 33 5 137 42 10 52
split_gain=105.207 62.8545 72.1244 62.6411 52.3602 94.4819 80.48 53.7945 52.5995 47.751 74.5806 56.0738 48.1049 55.2711 47.725 44.0437 56.8541 45.3319 43.7084 43.1182 51.0545 41.7232 40.7334 68.91 45.5593 40.6298 40.2258 46.3195 50.4361 39.2784
threshold=1.2241054177284243 -0.00052474101539701213 0.93407893180847179 0.93584609031677257 0.89173579216003429 0.73792055249214183 0.83951035141944896 0.98924830555915844 0.46547618508338934 0.31925892829895025 1.0381410717964175 0.010483023710548879 0.30000000447034841 0.97038823366165172 0.22500000149011615 -0.093370448797941194 0.0064795201178640136 0.010700463782995941 0.048334283754229553 1.0097460150718691 1.1101108789443972 0.0095057650469243544 0.065656580030918135 -0.31308852136135096 0.96605226397514354 0.0065360327716916808 0.52518901228904735 -0.00033045788586605335 1.0189633965492251 0.75081390142440807
decision_type=10 8 8 8 8 8 10 10 2 8 8 10 8 10 2 10 10 8 10 10 10 10 10 10 10 10 10 10 10 10
left_child=1 2 14 19 5 21 8 -8 -7 10 25 -12 18 -14 -1 16 17 -4 -11 -3 -21 -5 24 -24 -2 -6 27 -17 -29 -22
right_child=22 3 15 4 9 6 7 -9 -10 12 11 -13 13 -15 -16 26 -18 -19 -20 20 29 -23 23 -25 -26 -27 -28 28 -30 -31
leaf_value=-0.0010955539754854051 0.0040459088504291064 0 0.016971430219767127 -0.020321202508752814 0.00075740250658241925 0.0045704491921143304 0.0096008641193531304 -0.0082904249464874295 0.014777224909935249 0.00014630368243556593 -0.0038491164041462036 0.001836974779547386 0.0031713483475172091 0.00079221221989770458 -0.0089696530650987035 -0.0014679842329946425 0.0062456809010389041 -0.0017291438773717536 -0.003900175629094805 -0.013059792296437304 0.010541215917583613 0.00016437745405186851 0.018184039793630338 0 -0.012113007100195763 -0.0017071828064116007 0.00020005994478594714 -0.00022280599365220478 0.0051674054279996721 -0.0076042139230828197
leaf_weight=1464 2816 886 102 165 26498 1259 188 475 857 29313 8050 1844 11182 43996 1501 52898 1954 2159 2589 759 167 119 472 354 139 7736 37008 17294 1691 232
leaf_count=1464 2816 886 102 165 26498 1259 188 475 857 29313 8050 1844 11182 43996 1501 52898 1954 2159 2589 759 167 119 472 354 139 7736 37008 17294 1691 232
internal_value=-1.2637e-05 -8.84053e-05 -0.000602356 0.000347043 0.000428762 0.00430161 0.00607304 -0.00264536 0.0089444 0.000335424 -0.000464219 -0.00275754 0.000744104 0.00128076 -0.00521563 -0.00047787 0.00251043 -0.000612578 -0.000174927 -0.00482792 -0.00858967 -0.0113045 0.00493991 0.0109082 0.00310865 0.00019104 -0.000596737 -0.00101107 0.000246449 0
internal_weight=256167 252386 116071 136315 134271 3063 2779 663 2116 131208 44128 9894 87080 55178 2965 113106 4215 2261 31902 2044 1158 284 3781 826 2955 34234 108891 71883 18985 399
internal_count=256167 252386 116071 136315 134271 3063 2779 663 2116 131208 44128 9894 87080 55178 2965 113106 4215 2261 31902 2044 1158 284 3781 826 2955 34234 108891 71883 18985 399
is_linear=0
shrinkage=0.03


Tree=12
num_leaves=31
num_cat=0
split_feature=16 46 41 0 82 2 74 19 37 68 76 29 22 29 35 77 41 15 29 125 12 57 45 29 118 28 42 85 147 13
split_gain=75.6724 60.0883 59.6242 56.6162 52.9153 61.0884 51.2868 50.3569 70.0291 61.448 55.5497 54.8861 54.2511 44.089 44.9808 42.1167 59.8192 71.7933 54.9831 53.6039 61.8795 58.2778 44.4699 49.0742 40.1837 39.8543 38.5263 37.9272 40.8074 36.8832
threshold=1.2241054177284243 1.0567441582679751 -0.037257444113492959 -0.0061069307848811141 0.35833333432674414 -0.90909087657928456 0.75000000000000011 1.0256935358047488 0.73417940735816967 0.32608763873577123 0.15000000596046451 -0.00019228093879064542 1.0978227853775027 -0.017872346565127369 0.33948156237602239 0.091666668653488173 0.027225253172218803 0.8774162530899049 0.0013184441486373546 0.50436052680015575 0.98555809259414684 0.9057862162590028 1.0105263590812685 0.0066225554328411826 0.10526292398571969 -0.0096299545839428884 -0.039325816556811326 0.72499999403953563 0.5002405345439912 1.1167117953300478
decision_type=10 8 8 10 2 10 2 8 8 10 2 8 10 10 10 2 10 8 10 10 10 10 10 10 10 10 10 2 10 10
left_child=1 15 3 4 13 26 -7 8 9 25 -11 -10 -13 -3 -15 16 17 18 -1 21 24 27 23 -23 -21 -4 -6 -17 -29 -5
right_child=-2 2 7 29 5 6 -8 -9 11 10 -12 12 -14 14 -16 19 -18 -19 -20 20 -22 22 -24 -25 -26 -27 -28 28 -30 -31
leaf_value=0.018625222288637076 0.0041901926577926707 -0.0074908433763238675 0.0043396840322563407 -0.00062923871914192218 -0.010491441322888907 0.0020461265666128904 -0.01421446311917593 -0.0021976667374966632 -0.00036669028665330681 -0.00035687280971748896 -0.0026348907501271665 0.001513984697125649 0.0073358233666644167 0.0021280369010701107 0.0076708550389899934 0.013419576731960042 -0.0036524118246408516 -0.00033390884347429204 0.0029443556603707065 -0.0020663375115820863 -0.00062152085485626398 0.0027887982228827039 0.00045437932876124672 -0.0011036213787738065 -0.015454230244758706 -0.00012519821356872404 8.2990923935635428e-05 0.017104843332842512 -0.00011726062506599098 -0.010957123796151901
leaf_weight=279 3814 240 1947 7307 663 6226 156 19627 11527 16791 23716 7514 1841 3028 2657 523 4743 25085 854 486 7109 16063 68241 3426 433 20036 467 123 688 312
leaf_count=279 3814 240 1947 7307 663 6226 156 19627 11527 16791 23716 7514 1841 3028 2657 523 4743 25085 854 486 7109 16063 68241 3426 433 20036 467 123 688 312
internal_value=6.15589e-06 -5.62795e-05 -0.000527833 0.000919455 0.00209754 0.0003788 0.00155863 -0.000826735 -0.00049995 -0.00100489 -0.00169865 0.000996276 0.00270489 0.00421758 0.00478898 0.00039822 -0.000559598 0 0.00732204 0.000706794 -0.0016249 0.000920652 0.00082126 0.00208874 -0.00888853 0.0002602 -0.00593499 0.00712688 0.00248252 -0.00111902
internal_weight=255922 252108 124055 21056 13437 7512 6382 102999 83372 62490 40507 20882 9355 5925 5685 128053 30961 26218 1133 97092 8028 89064 87730 19489 919 21983 1130 1334 811 7619
internal_count=255922 252108 124055 21056 13437 7512 6382 102999 83372 62490 40507 20882 9355 5925 5685 128053 30961 26218 1133 97092 8028 89064 87730 19489 919 21983 1130 1334 811 7619
is_linear=0
shrinkage=0.03


Tree=13
num_leaves=31
num_cat=0
split_feature=16 25 74 57 40 71 18 74 115 84 34 124 63 74 121 5 86 36 140 161 10 15 14 24 17 48 34 31 10 31
split_gain=76.6396 53.8336 55.9038 76.8375 46.3386 113.804 50.9932 72.5965 47.4623 41.1803 40.8501 38.1094 37.584 37.2058 34.3566 34.1467 34.6642 34.0631 52.8971 34.1686 31.3332 44.6355 33.6652 32.0938 32.0724 29.3685 26.1613 24.7067 24.4263 27.5241
threshold=1.2241054177284243 0.012333759106695654 0.25000000745058065 1.1682889461517336 -0.030112487263977524 0.58064553141593944 1.0247294902801516 0.75000000000000011 0.74603191018104564 0.65000000596046459 0.87832194566726696 -0.69811373949050892 0.38750000298023229 0.35000000894069677 0.63616314530372631 0.0010615480132400992 -0.58333334326744068 0.80819529294967662 0.76397109031677257 0.027990967035293583 1.0185207128524782 1.1387530565261843 0.95454734563827526 0.043524280190467841 1.1071428656578066 0.96688908338546764 0.61742454767227184 -0.0042577360291033975 1.0191977620124819 0.00077269991743378352
decision_type=10 10 2 10 10 10 10 2 10 2 10 8 10 2 10 10 2 10 10 10 10 10 8 10 10 10 10 10 8 8
left_child=1 28 11 4 5 9 8 -8 -6 -4 17 -3 -7 14 -5 -15 -17 -2 25 -20 22 26 -13 -24 -23 -19 -22 -16 -1 -30
right_child=10 2 3 13 6 12 7 -9 -10 -11 -12 20 -14 15 27 16 -18 18 19 -21 21 24 23 -25 -26 -27 -28 -29 29 -31
leaf_value=0.0013497241714129145 0 0.0012237511510735197 -0.00024661462846677507 -0.0061809125352725383 0.00011146422560229199 0.0070456452560401072 -0.0017282616597875573 -0.014558361572590434 -0.0020412133662219421 -0.015663689841221299 0.012378811432022303 -0.01199486240917058 0.0015202847009751716 -0.0008738493300628733 0.0061417843003862315 0.0082398348865851435 0.0024761343522069789 0.0059193300005547173 0.0051451380482883122 0.017140282629065463 -0.0030967316630129945 -0.00094240251264814459 -0.00085683913248613467 0.0030147622931306459 -0.010783897077502923 -0.011489729517170246 4.1631209592306261e-05 -0.004206561219613875 -0.0063539592265113021 0.0018512155934372952
leaf_weight=29699 1733 7145 7195 605 114313 3359 2294 484 9997 141 492 223 1901 766 644 2269 1953 107 904 343 5367 543 54800 1947 934 192 3964 251 785 586
leaf_count=29699 1733 7145 7195 605 114313 3359 2294 484 9997 141 492 223 1901 766 644 2269 1953 107 904 343 5367 543 54800 1947 934 192 3964 251 785 586
internal_value=5.65852e-05 -5.87659e-06 -0.00017141 0.000168421 1.78028e-05 0.00175385 -0.000152149 -0.0041589 -5.95415e-05 -0.0006255 0.00429051 -0.000838278 0.00511888 0.00335505 -0.000608489 0.00460454 0.00566865 0.00291827 0.00612514 0.00889979 -0.00106037 -0.00255215 -0.000771304 -0.000717704 -0.00742713 -0.00433877 -0.00173417 0.00288324 0.00116177 -0.002655
internal_weight=255936 252165 221095 146172 139684 12596 127088 2778 124310 7336 3771 74923 5260 6488 1500 4988 4222 3279 1546 1247 67778 10808 56970 56747 1477 299 9331 895 31070 1371
internal_count=255936 252165 221095 146172 139684 12596 127088 2778 124310 7336 3771 74923 5260 6488 1500 4988 4222 3279 1546 1247 67778 10808 56970 56747 1477 299 9331 895 31070 1371
is_linear=0
shrinkage=0.03


Tree=14
num_leaves=31
num_cat=0
split_feature=16 26 86 55 14 6 20 51 68 40 17 158 117 80 38 55 41 42 124 71 44 122 36 140 23 48 125 38 87 95
split_gain=77.0159 63.5806 47.6586 57.7862 81.2468 59.9187 53.0439 58.2391 54.041 50.9426 50.2305 49.9824 49.6074 47.4548 46.841 67.4256 43.4111 34.6 34.4633 33.8726 34.5404 30.0322 27.9948 45.0612 33.2528 27.4475 25.0563 30.1228 25.0542 24.7918
threshold=1.2241054177284243 0.018639726564288143 0.78333333134651195 0.93584609031677257 0.87522506713867199 0.24000077694654467 0.91625085473060619 0.83773916959762584 0.88596469163894664 -0.032097937539219849 1.0592744350433352 -0.0074064447544515124 0.42245991528034216 0.22500000149011615 -0.023208932019770142 0.97334894537925731 0.01525937393307686 -0.003400894813239574 0.46376837790012365 0.62264135479927074 1.0658701658248904 0.41758237779140478 0.80502268671989452 0.76397109031677257 0.017277830280363563 0.96688908338546764 -0.39163465797901148 -0.0026025996776297684 -0.72499999403953541 0.035946438089013107
decision_type=10 10 2 10 8 10 10 10 10 10 10 10 10 2 10 10 10 10 10 10 10 10 10 10 10 10 10 10 2 10
left_child=1 17 3 5 12 13 8 -8 -6 11 14 29 -5 -3 15 -11 -14 -1 -16 -13 -21 -7 -2 25 -25 -24 -26 -28 -19 -4
right_child=22 2 9 4 6 21 7 -9 -10 10 -12 19 16 -15 18 -17 -18 28 -20 20 -22 -23 23 24 26 -27 27 -29 -30 -31
leaf_value=-1.3819426137090431e-05 0.0015351889450419853 -0.024880393316213528 -0.012725746101681507 -0.0066887205666942718 -0.013559533021204773 0.010374536755780091 0.0018537588059954872 -0.00058881509536461249 0 -0.027883000607806734 -0.0058924960962487118 0.001975127571458487 -0.0059233545284902997 -0.0037904484208055966 -3.595015936818007e-05 0.0023713922782278639 0.012189326769340373 0.0040989353452437222 0.0025416502622075156 0.0058345962080492194 0.019611069056159992 -0.0071827363206206684 0.007700614708307337 -0.00023508879258667573 0.0071026698793100777 -0.0084235923762246961 0.026378557564468556 0.0073157915456431508 0.0011922263632634803 0.0015660159655846654
leaf_weight=23954 1976 224 133 154 543 153 9216 162781 439 103 1001 550 101 238 10256 103 896 3060 8218 488 359 148 121 219 816 230 198 236 28439 280
leaf_count=23954 1976 224 133 154 543 153 9216 162781 439 103 1001 550 101 238 10256 103 896 3060 8218 488 359 148 121 219 816 230 198 236 28439 280
internal_value=7.91485e-07 -6.21257e-05 -0.00031654 -0.000481551 -0.000443117 -0.0086343 -0.000498001 -0.000455992 -0.00740049 0.00101156 0.000548933 0.00581703 0.00741662 -0.0152464 0.000916084 -0.0125572 0.00997905 0.000833252 0.00109596 0.00855497 0.0123375 0.000897493 0.00423195 0.00694832 0.00927133 -0.001941 0.0111506 0.0174524 0.00148654 -0.00271879
internal_weight=255633 251837 196384 174893 174130 763 172979 171997 982 21491 19681 1810 1151 462 18680 206 997 55453 18474 1397 847 301 3796 1820 1469 351 1250 434 31499 413
internal_count=255633 251837 196384 174893 174130 763 172979 171997 982 21491 19681 1810 1151 462 18680 206 997 55453 18474 1397 847 301 3796 1820 1469 351 1250 434 31499 413
is_linear=0
shrinkage=0.03


Tree=15
num_leaves=31
num_cat=0
split_feature=16 26 40 71 58 58 49 3 69 77 30 22 86 16 3 158 52 1 138 86 54 30 1 111 138 110 48 119 52 96
split_gain=80.0637 59.4381 54.1113 89.2524 55.6203 44.7251 70.3051 75.0289 123.931 83.0449 59.5896 50.705 44.6726 58.7807 42.8212 39.6865 52.8651 36.5232 42.8727 35.3296 45.1202 34.8743 39.8039 59.0437 50.7439 38.2589 34.5315 32.6911 36.9685 50.5537
threshold=1.2241054177284243 0.021455070935189727 -0.030734675005078312 0.58064553141593944 0.99975594878196727 0.90760317444801342 0.83075928688049328 0.0098765813745558279 0.89247313141822826 0.30833333730697637 0.0064243909437209376 0.88206151127815258 0.81666666269302379 0.89463555812835704 0.017476509325206283 -0.011264011729508637 0.78891342878341686 0.035042800009250648 0.86527323722839367 0.71666666865348827 1.0098479986190798 -0.0070404950529336921 0.054196750745177276 -0.16954023391008374 0.93102443218231212 -0.30384616553783411 0.95422077178955089 0.45497635006904608 0.98243907094001781 0.05171636305749417
decision_type=10 10 10 10 10 8 10 10 10 2 10 10 2 8 8 8 10 10 8 2 10 10 10 2 10 2 8 10 10 10
left_child=1 17 3 27 19 10 7 9 -9 -7 11 -4 13 -8 -14 -6 -17 26 -19 20 -5 22 24 -24 25 -2 -1 -3 -29 -30
right_child=21 2 5 4 15 6 12 8 -10 -11 -12 -13 14 -15 -16 16 -18 18 -20 -21 -22 -23 23 -25 -26 -27 -28 28 29 -31
leaf_value=0.0034837501848302859 -0.0069200375288505983 -0.0080244015707179647 0.014682571346992981 0.013101048095692956 -0.00028211653568452165 0.019351688965816224 -0.0030937099699669957 0.011104424008578582 -0.016906081572094042 0 -0.017306600889669128 -0.0058662903224634133 0.00051499079667222418 -0.00059864689407528157 0.0071170202638621031 0.013449140307220659 0.0047556081782104418 -0.0087883323861276536 0 0.0061622251090372492 -0.0040400616138691874 0 0.017061492480810302 0.00056285377385447148 0.0098947083436458638 0.0042354799132561308 0.00056878737959951996 0.0010397015256165053 0.00038986065393978032 -0.0066390559223423774
leaf_weight=3893 482 449 118 128 607 494 9162 266 256 336 317 451 13638 129368 941 1004 2237 764 1531 617 1379 1187 577 350 615 580 71415 9315 2082 1531
leaf_count=3893 482 449 118 128 607 494 9162 266 256 336 317 451 13638 129368 941 1004 2237 764 1531 617 1379 1187 577 350 615 580 71415 9315 2082 1531
internal_value=-1.57225e-05 -8.2074e-05 -0.00039001 0.00109996 0.00414564 -0.00057764 -0.000536486 0.00620554 -0.00219597 0.0117697 -0.00725072 -0.000741643 -0.000598783 -0.000766252 0.000970834 0.00628967 0.00760666 0.000607193 -0.0030804 9.89955e-05 -0.00223516 0.00429864 0.00622886 0.0112925 0.00315296 -0.000584631 0.000724342 -0.000241511 1.76031e-05 -0.0025262
internal_weight=256090 252299 174696 19349 5972 155347 154461 1352 522 830 886 569 153109 138530 14579 3848 3241 77603 2295 2124 1507 3791 2604 927 1677 1062 75308 13377 12928 3613
internal_count=256090 252299 174696 19349 5972 155347 154461 1352 522 830 886 569 153109 138530 14579 3848 3241 77603 2295 2124 1507 3791 2604 927 1677 1062 75308 13377 12928 3613
is_linear=0
shrinkage=0.03


Tree=16
num_leaves=31
num_cat=0
split_feature=15 1 33 122 77 26 27 18 33 40 17 35 52 86 35 4 80 77 14 116 84 28 1 33 83 27 158 84 12 52
split_gain=73.0039 73.2738 79.1982 63.195 59.0107 54.1247 62.9157 79.5156 56.9415 56.9215 55.4648 59.2203 51.3323 47.7767 62.0698 62.6601 46.6119 49.1601 49.1413 43.0808 40.4955 39.1817 38.7003 37.6612 48.3391 36.4048 36.3142 36.0634 34.4455 33.8634
threshold=1.1499549746513369 0.054196750745177276 0.93912562727928173 0.63456791639328014 0.075000002980232253 0.021585190668702129 0.075719226151704802 0.94165822863578807 0.25209435820579534 0.025811721570789817 1.0505280494689944 0.73009949922561657 0.97962209582328807 -0.58333334326744068 0.13174180686473849 0.42105148732662206 0.12500000372529033 0.12500000372529033 0.84237992763519298 0.48473285138607031 -0.55000001192092884 -0.0022058911854401226 0.036247322335839278 0.93000724911689769 0.70000001788139354 0.047792041674256332 -0.011588260997086762 -1.0000000180025095e-35 0.98976176977157604 0.93840163946151745
decision_type=10 10 10 10 2 10 10 10 8 10 10 10 10 2 10 10 2 2 10 10 2 10 10 10 10 10 8 2 10 10
left_child=5 2 4 -3 29 22 8 -8 21 10 -10 -12 -4 14 15 -9 17 -15 -18 28 -16 -7 27 24 -11 -24 -23 -1 -6 -2
right_child=1 3 12 -5 19 6 7 13 9 23 11 -13 -14 16 20 -17 18 -19 -20 -21 -22 26 25 -25 -26 -27 -28 -29 -30 -31
leaf_value=-1.4113402292150821e-06 0.0042648378533444234 0.0033516814927549354 0.0085425889788758626 0.015649652302280239 -0.0035161538533904366 -0.0038618852234187967 -0.012601249536314215 0.012833929917861413 0.0005874452307340532 -0.0010086358160588834 -0.0017747733029315356 0.0011401603192613856 -0.011409260630991996 0.0077244286674142387 -0.00099551518314357668 -0.0012287910411803668 0.012167841700065764 0.0010725409046943868 -0.001050868885388919 -0.012085905139419165 0.0041448673656872409 0.0010930817130136623 -0.0015434894748908063 0.0016957828972083606 -0.0046548775712911532 -0.01283180405524636 -0.0016260922605335619 0.0012944764602865362 0.0057245669243057157 -0.0066688862621770836
leaf_weight=37615 316 1080 109 652 348 6068 361 1005 55809 8508 23141 8456 616 1244 2403 339 236 5652 11796 112 2980 5068 1713 2146 5615 307 28850 38757 3648 816
leaf_count=37615 316 1080 109 652 348 6068 361 1005 55809 8508 23141 8456 616 1244 2403 339 236 5652 11796 112 2980 5068 1713 2146 5615 307 28850 38757 3648 816
internal_value=-1.92792e-05 0.00285284 0.001205 0.00827821 0.00254111 -0.000109826 -0.00041202 0.000940239 -0.00065909 -0.000284525 1.54983e-05 -0.000984961 -0.00785812 0.00115214 0.00332535 0.00910091 0.000361253 0.00233475 -0.000746938 0.00424138 0.00179946 -0.00162213 0.000540376 -0.00191287 -0.00248405 -0.00351513 -0.00121055 0.000652461 0.00483162 -0.00333525
internal_weight=255766 7697 5965 1732 5240 248069 169677 26016 143661 103675 87406 31597 725 25655 6727 1344 18928 6896 12032 4108 5383 39986 78392 16269 14123 2020 33918 76372 3996 1132
internal_count=255766 7697 5965 1732 5240 248069 169677 26016 143661 103675 87406 31597 725 25655 6727 1344 18928 6896 12032 4108 5383 39986 78392 16269 14123 2020 33918 76372 3996 1132
is_linear=0
shrinkage=0.03


Tree=17
num_leaves=31
num_cat=0
split_feature=16 30 16 55 36 85 33 25 35 42 45 53 29 33 35 33 24 94 27 115 8 101 54 41 76 14 115 29 48 81
split_gain=64.8403 60.8368 61.9802 50.2623 69.9402 59.4877 49.1076 44.502 79.4248 79.3574 42.7968 42.7892 45.8041 39.5292 45.6014 48.3475 39.5202 38.9312 38.8844 41.1917 38.7181 42.0792 39.8289 42.383 38.5875 54.1044 37.5849 37.5497 43.4281 43.3281
threshold=1.2241054177284243 -0.00042249893886037165 0.9327770769596101 0.93584609031677257 0.80819529294967662 0.82500001788139354 0.25775006413459783 0.042165674269199378 0.88864421844482433 0.0259889354929328 1.0319521427154543 0.98698130249977123 0.0018970209639519455 0.96605226397514354 0.66786116361618053 0.64410218596458446 0.044624375179409988 0.66038173437118541 0.090783946216106429 0.26753807067871099 0.27272741496562963 0.47913043200969702 0.98504677414894115 0.039020167663693435 0.48333333432674414 1.0472102761268618 0.51094898581504833 0.0058700263034552344 0.912725329399109 0.11666667088866235
decision_type=10 8 8 8 10 2 8 10 10 10 8 10 10 10 10 10 10 8 10 8 10 2 10 10 2 10 10 10 8 2
left_child=1 2 11 4 5 17 10 27 9 -9 -5 12 -1 14 -2 16 -16 -3 19 -4 22 -22 -20 -24 25 -21 -13 28 -8 -29
right_child=13 3 18 6 -6 -7 7 8 -10 -11 -12 26 -14 -15 15 -17 -18 -19 20 24 21 -23 23 -25 -26 -27 -28 29 -30 -31
leaf_value=-0.020946630140709549 0.00013941949532384688 -0.0067728308493799115 0.0011897437628368666 0.00032244316253611516 0.0043345870363123177 -0.016572396312969633 0.0085502357614062711 0 -0.0030519102660726246 0.006095970461515542 -0.0017505748753029197 -0.006226417600101967 0 -0.0087488059200190454 -0.0034448310416823782 0.011382524415759545 0.0079361951772606593 0.0062136389528311175 -0.013017974963561449 -0.00062197040824543194 0.0075464989840877536 -0.0023368954687448696 -0.00094432474566634374 0.0077597959723147581 0.00039949544242807544 -0.0025314929518131441 0.00083804121325870701 0.0018666426187165096 0.0008155888765088294 -0.0018425775243920027
leaf_weight=258 1385 724 10912 24114 551 466 649 2843 1693 5412 14086 1533 126 177 505 1203 516 249 179 61650 1615 443 2257 615 20733 17316 1077 3846 68668 10134
leaf_count=258 1385 724 10912 24114 551 466 649 2843 1693 5412 14086 1533 126 177 505 1203 516 249 179 61650 1615 443 2257 615 20733 17316 1077 3846 68668 10134
internal_value=1.1288e-05 -4.61962e-05 -0.000541249 0.000392008 -0.00430182 -0.00782845 0.000465995 0.000838191 0.00274134 0.00397022 -0.000434635 -0.00479828 -0.0141379 0.0038987 0.00464645 0.00729327 0.00206077 -0.00308914 -0.000427706 -0.000548182 0.0021141 0.00527264 0 0.000856585 -0.000741605 -0.00104503 -0.00321304 0.000606697 0.000894779 -0.000799507
internal_weight=255935 252149 118714 133435 1990 1439 131445 93245 9948 8255 38200 2994 384 3786 3609 2224 1021 973 115720 110611 5109 2058 3051 2872 99699 78966 2610 83297 69317 13980
internal_count=255935 252149 118714 133435 1990 1439 131445 93245 9948 8255 38200 2994 384 3786 3609 2224 1021 973 115720 110611 5109 2058 3051 2872 99699 78966 2610 83297 69317 13980
is_linear=0
shrinkage=0.03


Tree=18
num_leaves=31
num_cat=0
split_feature=32 86 138 30 11 53 115 26 120 12 62 37 82 52 29 57 27 1 138 13 34 51 49 32 33 137 33 44 60 30
split_gain=70.4486 65.6966 66.0952 59.185 52.4194 48.631 45.806 43.6184 42.4262 44.1911 42.1645 57.8154 51.6185 54.636 52.2437 41.4537 39.3258 38.9067 36.3372 39.7139 41.9218 35.1512 34.6207 33.6765 33.4843 36.5307 33.3271 59.7704 57.4988 47.6429
threshold=-0.0048883806448429814 -0.58333334326744068 0.64218494296073925 -0.00042249893886037165 0.9723152518272401 0.97937640547752391 0.26753807067871099 0.028467305004596714 0.25179861485958105 0.98555809259414684 0.9723966419696809 0.17065960168838504 0.25833334028720861 0.87239369750022899 -0.00023968318419065324 0.92702656984329235 0.055092994123697288 0.054196750745177276 0.53946739435195934 1.006864130496979 0.67306238412857067 0.92120796442031871 0.90056550502777111 -0.0038238535635173316 0.90089017152786266 1.0313428044319155 0.25775006413459783 1.0377706289291384 0.85157677531242382 0.0053140199743211278
decision_type=8 2 10 8 10 10 8 10 8 10 10 10 2 10 10 8 10 10 10 10 10 10 10 10 10 10 8 8 8 10
left_child=1 2 4 6 -1 -4 17 -8 9 -5 11 16 13 -12 -14 18 -9 23 -10 20 -20 24 -21 -2 25 -7 27 -17 -28 -30
right_child=3 -3 5 8 -6 21 7 10 15 -11 12 -13 14 -15 -16 26 -18 -19 19 22 -22 -23 -24 -25 -26 -27 28 -29 29 -31
leaf_value=0.0075332904726904083 -0.0045234347530175743 9.9184764318013574e-05 -0.0044922653052182687 -0.0070440111605993908 -0.006208974966568327 0.01650834915871734 -0.00022054049543144118 -0.0038898821228355081 -0.0041135472326072724 -0.00077840312661858302 0.0094790502192485804 -0.0020956730463754089 -0.0022333442530816068 0.00044517913852315034 0.00031171091302842449 0.0002709076218230506 -0.013685092035209056 0.009307885683799328 0.010808072352648721 -0.016055221465089226 0.0027555173508306036 0.0054824603020585229 0.0013231480007995958 0.0013978883855530178 -0.00060104956157332244 0 -0.0095760806292175659 -0.0026655369704106095 0.0005541110049654543 0.0032196562507247378
leaf_weight=360 919 4883 245 1143 678 908 55224 1024 417 9529 680 8045 23603 5025 10193 27390 720 502 1109 111 1521 1894 371 9024 109 140 462 8012 75255 6620
leaf_count=360 919 4883 245 1143 678 908 55224 1024 417 9529 680 8045 23603 5025 10193 27390 720 502 1109 111 1521 1894 371 9024 109 140 462 8012 75255 6620
internal_value=-1.91838e-05 0.00255168 0.00523278 -0.000116571 -0.00110701 0.00731446 -0.000615008 -0.000806117 0.00031547 -0.00148945 -0.00145575 -0.00323067 -0.0010069 0.00160371 -0.00145714 0.000477002 -0.00821315 0.00126648 0.00368134 0.00484121 0.00632021 0.00838333 -0.00256152 0.000812506 0.0127033 0.0143533 0.000377802 -0.000386314 0.000710001 0.00077403
internal_weight=256116 9217 4334 246899 1038 3296 114959 104514 131940 10672 49290 9789 39501 5705 33796 121268 1744 10445 3529 3112 2630 3051 482 9943 1157 1048 117739 35402 82337 81875
internal_count=256116 9217 4334 246899 1038 3296 114959 104514 131940 10672 49290 9789 39501 5705 33796 121268 1744 10445 3529 3112 2630 3051 482 9943 1157 1048 117739 35402 82337 81875
is_linear=0
shrinkage=0.03


end of trees

feature_importances:
RSQR5=30
ROC30=28
KLEN=20
STD30=13
STD60=13
BETA20=13
RESI60=12
WVMA20=11
STD20=10
RSQR30=10
RESI5=10
IMXD30=10
ROC60=9
STD5=9
BETA10=9
RSQR10=9
RESI10=9
MIN60=9
KLOW=8
VWAP0=8
ROC10=8
ROC20=8
RSQR20=8
QTLU20=8
IMXD10=8
WVMA5=8
KUP=7
KLOW2=7
HIGH0=7
RESI20=7
MIN5=7
MIN10=7
IMIN20=7
LOW0=6
STD10=6
BETA60=6
RSQR60=6
MAX10=6
QTLU60=6
IMIN60=6
SUMN20=6
MA5=5
BETA5=5
RESI30=5
MAX20=5
MIN30=5
QTLU5=5
IMAX30=5
SUMP5=5
SUMP20=5
MAX60=4
RSV30=4
IMAX10=4
IMAX60=4
IMIN5=4
IMXD20=4
SUMD20=4
VSTD60=4
KMID2=3
KSFT=3
ROC5=3
MA20=3
MA60=3
MIN20=3
QTLD5=3
RSV60=3
CNTP60=3
CNTD30=3
SUMD10=3
ORC_TREND_VOLUME_DIVERGENCE_10_20=3
KSFT2=2
OPEN0=2
BETA30=2
MAX30=2
QTLU10=2
QTLD20=2
RSV5=2
RSV10=2
IMIN10=2
IMIN30=2
IMXD5=2
IMXD60=2
CORD10=2
SUMP60=2
SUMN5=2
SUMN10=2
SUMN60=2
KMID=1
KUP2=1
MA10=1
MA30=1
QTLU30=1
QTLD10=1
QTLD60=1
RANK5=1
RANK10=1
IMAX5=1
IMAX20=1
CORR60=1
CORD20=1
CORD30=1
CNTP20=1
CNTP30=1
CNTN20=1
CNTN30=1
CNTD20=1
SUMP30=1
SUMN30=1
SUMD30=1
SUMD60=1
VSTD5=1
WVMA10=1
WVMA30=1
VSUMP60=1
ORC_PV_COHERENCE_SHIFT_5_20=1

parameters:
[boosting: gbdt]
[objective: regression]
[metric: l2]
[tree_learner: serial]
[device_type: cpu]
[data_sample_strategy: bagging]
[data: ]
[valid: ]
[num_iterations: 500]
[learning_rate: 0.03]
[num_leaves: 31]
[num_threads: 12]
[seed: 20260814]
[deterministic: 1]
[force_col_wise: 1]
[force_row_wise: 0]
[histogram_pool_size: -1]
[max_depth: 7]
[min_data_in_leaf: 100]
[min_sum_hessian_in_leaf: 0.001]
[bagging_fraction: 0.8]
[pos_bagging_fraction: 1]
[neg_bagging_fraction: 1]
[bagging_freq: 1]
[bagging_seed: 20260814]
[bagging_by_query: 0]
[feature_fraction: 0.8]
[feature_fraction_bynode: 1]
[feature_fraction_seed: 20260814]
[extra_trees: 0]
[extra_seed: 17475]
[early_stopping_round: 0]
[early_stopping_min_delta: 0]
[first_metric_only: 0]
[max_delta_step: 0]
[lambda_l1: 10]
[lambda_l2: 20]
[linear_lambda: 0]
[min_gain_to_split: 0]
[drop_rate: 0.1]
[max_drop: 50]
[skip_drop: 0.5]
[xgboost_dart_mode: 0]
[uniform_drop: 0]
[drop_seed: 29730]
[top_rate: 0.2]
[other_rate: 0.1]
[min_data_per_group: 100]
[max_cat_threshold: 32]
[cat_l2: 10]
[cat_smooth: 10]
[max_cat_to_onehot: 4]
[top_k: 20]
[monotone_constraints: ]
[monotone_constraints_method: basic]
[monotone_penalty: 0]
[feature_contri: ]
[forcedsplits_filename: ]
[refit_decay_rate: 0.9]
[cegb_tradeoff: 1]
[cegb_penalty_split: 0]
[cegb_penalty_feature_lazy: ]
[cegb_penalty_feature_coupled: ]
[path_smooth: 0]
[interaction_constraints: ]
[verbosity: 1]
[saved_feature_importance_type: 0]
[use_quantized_grad: 0]
[num_grad_quant_bins: 4]
[quant_train_renew_leaf: 0]
[stochastic_rounding: 1]
[linear_tree: 0]
[max_bin: 255]
[max_bin_by_feature: ]
[min_data_in_bin: 3]
[bin_construct_sample_cnt: 200000]
[data_random_seed: 20260812]
[is_enable_sparse: 1]
[enable_bundle: 1]
[use_missing: 1]
[zero_as_missing: 0]
[feature_pre_filter: 1]
[pre_partition: 0]
[two_round: 0]
[header: 0]
[label_column: ]
[weight_column: ]
[group_column: ]
[ignore_column: ]
[categorical_feature: ]
[forcedbins_filename: ]
[precise_float_parser: 0]
[parser_config_file: ]
[objective_seed: 27057]
[num_class: 1]
[is_unbalance: 0]
[scale_pos_weight: 1]
[sigmoid: 1]
[boost_from_average: 1]
[reg_sqrt: 0]
[alpha: 0.9]
[fair_c: 1]
[poisson_max_delta_step: 0.7]
[tweedie_variance_power: 1.5]
[lambdarank_truncation_level: 30]
[lambdarank_norm: 1]
[label_gain: ]
[lambdarank_position_bias_regularization: 0]
[eval_at: ]
[multi_error_top_k: 1]
[auc_mu_weights: ]
[num_machines: 1]
[local_listen_port: 12400]
[time_out: 120]
[machine_list_filename: ]
[machines: ]
[gpu_platform_id: -1]
[gpu_device_id: -1]
[gpu_device_id_list: ]
[gpu_use_dp: 0]
[num_gpu: 1]

end of parameters

pandas_categorical:null
