tree
version=v4
num_class=1
num_tree_per_iteration=1
label_index=0
max_feature_idx=162
objective=regression
feature_names=KMID KLEN KMID2 KUP KUP2 KLOW KLOW2 KSFT KSFT2 OPEN0 HIGH0 LOW0 VWAP0 ROC5 ROC10 ROC20 ROC30 ROC60 MA5 MA10 MA20 MA30 MA60 STD5 STD10 STD20 STD30 STD60 BETA5 BETA10 BETA20 BETA30 BETA60 RSQR5 RSQR10 RSQR20 RSQR30 RSQR60 RESI5 RESI10 RESI20 RESI30 RESI60 MAX5 MAX10 MAX20 MAX30 MAX60 MIN5 MIN10 MIN20 MIN30 MIN60 QTLU5 QTLU10 QTLU20 QTLU30 QTLU60 QTLD5 QTLD10 QTLD20 QTLD30 QTLD60 RANK5 RANK10 RANK20 RANK30 RANK60 RSV5 RSV10 RSV20 RSV30 RSV60 IMAX5 IMAX10 IMAX20 IMAX30 IMAX60 IMIN5 IMIN10 IMIN20 IMIN30 IMIN60 IMXD5 IMXD10 IMXD20 IMXD30 IMXD60 CORR5 CORR10 CORR20 CORR30 CORR60 CORD5 CORD10 CORD20 CORD30 CORD60 CNTP5 CNTP10 CNTP20 CNTP30 CNTP60 CNTN5 CNTN10 CNTN20 CNTN30 CNTN60 CNTD5 CNTD10 CNTD20 CNTD30 CNTD60 SUMP5 SUMP10 SUMP20 SUMP30 SUMP60 SUMN5 SUMN10 SUMN20 SUMN30 SUMN60 SUMD5 SUMD10 SUMD20 SUMD30 SUMD60 VMA5 VMA10 VMA20 VMA30 VMA60 VSTD5 VSTD10 VSTD20 VSTD30 VSTD60 WVMA5 WVMA10 WVMA20 WVMA30 WVMA60 VSUMP5 VSUMP10 VSUMP20 VSUMP30 VSUMP60 VSUMN5 VSUMN10 VSUMN20 VSUMN30 VSUMN60 VSUMD5 VSUMD10 VSUMD20 VSUMD30 VSUMD60 ORC_SIGNED_IMPACT_SHOCK_20 ORC_RETURN_PER_VOLUME_SURPRISE_20 ORC_IMPACT_CONCENTRATION_20 ORC_VOLUME_CLIMAX_10 ORC_VOLUME_STABILITY_TREND_20
feature_infos=[-0.16749253869056702:0.23587034642696381] [0:0.33308270573616028] [-1:1] [0:0.27153289318084717] [0:1] [0:0.21718749403953552] [0:1] [-0.31147539615631104:0.23587034642696381] [-1:1] [0.80914634466171265:1.2011904716491699] [1:1.365384578704834] [0.7725520133972168:1] [0.90894031524658203:1.0927579402923584] [0.57777780294418335:1.6790908575057983] [0.54954206943511963:1.8924485445022583] [0.46860837936401367:2.2146341800689697] [0.46312057971954346:2.740487813949585] [0.36440131068229675:2.649662971496582] [0.74611109495162964:1.3455072641372681] [0.65066665410995483:1.4951817989349365] [0.60133224725723267:1.7117466926574707] [0.56646168231964111:1.9959673881530762] [0.4937971830368042:1.8649090528488159] [0:0.26957115530967712] [0:0.32280367612838745] [0:0.36472421884536743] [0:0.57258552312850952] [0:0.50059491395950317] [-0.16409091651439667:0.12254486232995987] [-0.11048160493373871:0.12254486232995987] [-0.11048160493373871:0.12254486232995987] [-0.11048160493373871:0.12254486232995987] [-0.11048160493373871:0.12254486232995987] [0:1] [0:1] [0:1] [0:1] [0:1] [-0.15193372964859009:0.13264167308807373] [-0.24554997682571411:0.20802642405033112] [-0.40848860144615173:0.27864286303520203] [-0.44566619396209717:0.33016127347946167] [-0.96870207786560059:0.3971981406211853] [1:1.6472727060317993] [1:1.9298244714736938] [1:2.2439024448394775] [1:3.3160974979400635] [1:3.3160974979400635] [0.5718809962272644:1] [0.54045307636260986:1] [0.4660193920135498:1] [0.43721681833267212:1] [0.33789625763893127:1] [0.86334514617919922:1.4843636751174927] [0.72140765190124512:1.7869091033935547] [0.59200000762939453:2.054157018661499] [0.56569522619247437:2.423609733581543] [0.56576049327850342:2.3250908851623535] [0.60694897174835205:1.2689855098724365] [0.54922223091125488:1.4057971239089966] [0.49352750182151794:1.5574545860290527] [0.47533980011940002:1.5740000009536743] [0.38890489935874939:1.5950908660888672] [0.20000000298023224:1] [0.10000000149011612:1] [0.05000000074505806:1] [0.033333335071802139:1] [0.01666666753590107:1] [0:1] [0:1] [0:1] [0:1] [0:1] [0.20000000298023224:1] [0.10000000149011612:1] [0.05000000074505806:1] [0.033333335071802139:1] [0.01666666753590107:1] [0.20000000298023224:1] [0.10000000149011612:1] [0.05000000074505806:1] [0.033333335071802139:1] [0.01666666753590107:1] [-0.80000001192092896:0.80000001192092896] [-0.89999997615814209:0.89999997615814209] [-0.94999998807907104:0.94999998807907104] [-0.96666663885116577:0.96666663885116577] [-0.98333334922790527:0.98333334922790527] [-1:1] [-1:1] [-1:1] [-1:1] [-1:1] [-1:1] [-1:1] [-1:1] [-1:1] [-1:1] [0:1] [0:1] [0:0.90909093618392944] [0:0.90909093618392944] [0:0.90909093618392944] [0:1] [0:1] [0:0.89999997615814209] [0:0.8571428656578064] [0:0.8571428656578064] [-1:1] [-1:1] [-0.8571428656578064:0.90909093618392944] [-0.8571428656578064:0.90909093618392944] [-0.8571428656578064:0.90909093618392944] [0:1] [0:1] [0:1] [0:1] [0:1] [0:1] [0:1] [0:1] [0:1] [0:1] [-1:1] [-1:1] [-1:1] [-1:1] [-1:1] [0.20013266801834106:26452.083984375] [0.10012400150299072:23627.859375] [0.050104878842830658:16692.724609375] [0.034610312432050705:22716.572265625] [0.017187755554914474:26107.111328125] [0.00080492562847211957:59102.5] [0.0021778203081339598:49210.34375] [0.0021778203081339598:42161.07421875] [0.0021778203081339598:37016.7265625] [0.0021778203081339598:26455.013671875] [0:2.2360680103302002] [0:3.1615598201751709] [0:4.4708261489868164] [0:5.4611344337463379] [0:7.5986995697021484] [0:1] [0:1] [0:1] [0:1] [0:1] [0:1] [0:1] [0:1] [0:1] [0:1] [-1:1] [-1:1] [-1:1] [-1:1] [-1:1] [-1.8796600103378296:337.23654174804688] [-1.954919695854187:1.9354152679443359] [-3.0736701488494873:3.6235792636871338] [-223.22998046875:4677.0361328125] [-4.2686967849731445:7.5545482635498047]
tree_sizes=3064 3050 3053 3059

Tree=0
num_leaves=31
num_cat=0
split_feature=57 26 26 28 72 62 7 24 18 42 12 112 24 38 90 22 127 36 4 1 35 106 17 82 35 86 39 23 28 52
split_gain=171.748 181.219 141.687 128.185 138.898 131.705 138.99 95.2998 93.6563 81.2239 78.5346 78.402 78.1518 72.2914 68.8675 65.1292 64.7701 59.9371 71.9269 58.0282 79.9 55.9965 48.9013 48.7773 48.3333 46.4201 40.4891 41.8394 37.1232 36.7473
threshold=0.81043940782547008 0.10575650259852411 0.019973746500909332 -0.011866270564496515 0.63312199711799633 0.67080309987068187 0.036585329100489623 0.056089349091053016 1.0273459553718569 -0.0034383569145575161 0.98653259873390209 0.26365442574024206 0.043581211939454086 -0.00088365864939987649 0.40504547953605657 0.81637945771217357 0.21832051873207095 0.79648756980896007 0.45454554259777075 0.06438098102808 0.61725431680679332 0.61324787139892589 1.134510397911072 0.24166666716337207 0.80186593532562267 0.68333333730697643 0.049356982111930854 0.01595842465758324 0.011203307192772629 0.98039710521698009
decision_type=8 10 10 10 10 8 10 10 10 8 10 2 10 10 10 10 10 10 10 10 10 2 8 2 10 2 10 10 8 10
left_child=10 2 9 4 19 6 11 13 14 -2 25 -5 -8 -7 15 -3 -9 18 -10 29 -21 -17 28 -6 26 -1 27 -16 -11 -4
right_child=1 8 3 5 23 7 12 16 17 22 -12 -13 -14 -15 24 21 -18 -19 -20 20 -22 -23 -24 -25 -26 -27 -28 -29 -30 -31
leaf_value=-0.030598765530960418 -0.00010047648533901396 0.01550597762117323 0.001523977320564683 -0.017249667095422871 0.0038941912151985577 -0.00010189776073419096 0.022106693894186454 0.0077106778419786682 0.0018633041686922733 0.0021232249543822845 -0.0043792933225132585 0.0032176226264202085 -0.007584762193426426 -0.0012261363071256505 -0.0031752645229006899 9.0121740029887164e-10 -0.0017068705784128004 0.02659799036191959 0.022146176666854707 -0.00025739407002807604 0.015192112108229731 0.017013248552756443 9.0121740029887164e-10 0.012001070024759119 -0.016085920711096803 -0.0089224074380997269 -0.014704759296304855 0.0064609303103157706 0.0078141546849922697 -0.0012565614158502228
leaf_weight=226 35525 614 9705 1018 1653 96801 153 2019 542 35705 774 166 114 111468 645 964 892 257 230 554 555 191 10429 1357 145 259 114 930 1091 7544
leaf_count=226 35525 614 9705 1018 1653 96801 153 2019 542 35705 774 166 114 111468 645 964 892 257 230 554 555 191 10429 1357 145 259 114 930 1091 7544
internal_value=-4.77279e-05 -3.13027e-06 -9.03874e-05 -0.00046857 0.00174136 -0.000692207 -0.00965233 -0.000628314 0.005874 0.000975261 -0.0110194 -0.0141251 0.00873902 -0.000705104 0.00344314 0.0076427 0.00473061 0.0138717 0.00869157 0.00074022 0.00734076 0.00301447 0.00179053 0.00770312 -0.00048451 -0.020429 0.000851899 0.00233626 0.00230426 0.000290466
internal_weight=322640 321381 316749 233999 21368 212631 1451 211180 4632 82750 1259 1184 267 208269 3603 1769 2911 1029 772 18358 1109 1155 47225 3010 1834 485 1689 1575 36796 17249
internal_count=322640 321381 316749 233999 21368 212631 1451 211180 4632 82750 1259 1184 267 208269 3603 1769 2911 1029 772 18358 1109 1155 47225 3010 1834 485 1689 1575 36796 17249
is_linear=0
shrinkage=1


Tree=1
num_leaves=31
num_cat=0
split_feature=32 30 28 72 11 81 27 53 38 62 46 28 90 138 1 19 115 96 17 1 87 44 137 30 7 46 60 35 35 38
split_gain=130.337 128.701 144.215 131.139 123.764 99.9206 93.0322 93.0194 83.1914 88.9388 85.8947 76.1026 72.7456 62.9253 82.2776 62.5271 73.1993 61.4001 81.3892 60.9762 59.5172 57.756 54.9979 49.9503 49.7174 49.6895 55.1689 48.8575 43.4349 42.8692
threshold=-0.0049711188767105332 -0.00042537348053883756 -0.0095380167476832849 0.6900586485862733 0.92630818486213695 0.61666667461395275 0.03761387616395951 1.037233352661133 0.0026871180161833767 0.94747614860534679 1.2629651427268984 -0.0055991017725318662 0.48815900087356573 0.68216311931610119 0.06438098102808 0.95602217316627514 0.53658542037010204 0.3997784703969956 0.68390467762947094 0.060893699526786811 0.70833331346511852 1.0309386849403384 1.0190429687500002 0.0015968969091773035 -0.02152646146714687 1.0685077309608462 0.95579457283020031 0.76876318454742443 0.59757748246192943 -0.019730084575712677
decision_type=8 8 8 10 8 2 10 10 10 10 10 10 10 10 10 10 8 8 8 10 2 8 10 10 10 10 10 10 10 10
left_child=5 8 3 15 12 -1 21 -5 10 11 24 -10 -4 14 -7 -3 -17 19 -19 -8 -9 23 29 -6 -2 -13 -27 -26 -12 -15
right_child=1 2 4 7 6 13 17 20 9 -11 28 25 -14 22 -16 16 -18 18 -20 -21 -22 -23 -24 -25 27 26 -28 -29 -30 -31
leaf_value=0 -0.0024553559569031953 -0.017084113920436184 0.0017215506812087522 0.0018010825326601945 0.0023004520987543386 -0.0023401822249049559 -0.000150144448604776 0.018053449637861242 0.00016563360817649912 -0.0012102394885469684 -0.0010542314499350225 -0.003457278733617055 -0.018524662028048262 0.0228526343236032 0.016672312472842406 0 0.0052262656493134276 -0.010772248983560377 -0.001481756886667828 0.0058706380675634419 0.0066517250936585651 -0.00054188723102102285 0 0.00056704121096440221 -0.00045999569659980815 0.0052382737191934512 -0.010479799119908973 0.0014702038085333861 0.0095439508108742296 0.0087203449427762664
leaf_weight=4059 9132 133 192 1171 29699 1185 57093 1010 1981 43009 417 2784 482 234 225 6165 3980 884 18915 1535 935 17168 638 31333 67128 179 2675 14271 1180 2808
leaf_count=4059 9132 133 192 1171 29699 1185 57093 1010 1981 43009 417 2784 482 234 225 6165 3980 884 18915 1535 935 17168 638 31333 67128 179 2675 14271 1180 2808
internal_value=-3.01639e-06 -0.000107069 0.000447719 0.00343497 0.000191047 0.00352162 0.000248904 0.00883053 -0.000772506 -0.0017501 -0.000231763 -0.00474714 -0.0124415 0.0063128 0.000674683 0.00175608 0.00206572 -0.000478559 -0.00192215 4.32482e-06 0.0128486 0.00098225 0.00837666 0.00141593 -0.000357241 -0.00652083 -0.00936 -0.000117627 0.00661227 0.0100476
internal_weight=322600 313451 170695 13394 157301 9149 156627 3116 142756 50628 92128 7619 674 5090 1410 10278 10145 78427 19799 58628 1945 78200 3680 61032 90531 5638 2854 81399 1597 3042
internal_count=322600 313451 170695 13394 157301 9149 156627 3116 142756 50628 92128 7619 674 5090 1410 10278 10145 78427 19799 58628 1945 78200 3680 61032 90531 5638 2854 81399 1597 3042
is_linear=0
shrinkage=0.03


Tree=2
num_leaves=31
num_cat=0
split_feature=25 56 29 22 58 38 53 158 126 60 33 11 73 121 49 35 79 50 120 11 33 3 33 76 86 1 5 20 25 53
split_gain=132.915 144.03 110.171 119.39 98.0256 124.59 87.1579 93.4562 120.256 87.0106 86.9496 79.2641 77.8957 71.2224 79.1545 64.722 65.9821 62.7299 59.0349 58.0241 54.4215 52.912 52.6397 51.1379 48.2791 33.0715 32.6567 32.4346 31.6966 31.4223
threshold=0.012498665601015093 1.1825582981109621 -0.00058528201770968724 1.09377658367157 0.92701864242553722 0.02000000607222319 1.0521218776702883 0.0032662174198776488 0.11200004443526269 0.93580311536788952 0.97732165455818187 0.92630818486213695 0.30000000447034841 0.63505220413208019 0.93671667575836193 0.82844394445419323 0.94999998807907116 0.7300505042076112 0.59712228178977977 0.98223099112510692 0.68819114565849315 0.024143597111105922 0.89324730634689342 0.48333333432674414 -0.516666680574417 0.018662544898688797 0.0014727545785717668 1.0003650784492495 0.029453468509018425 0.99613851308822643
decision_type=10 10 10 10 10 8 10 10 10 10 10 10 10 10 10 10 2 10 10 10 10 10 10 2 2 10 10 8 10 10
left_child=23 2 4 6 9 15 11 8 -8 -2 13 17 28 -3 -15 16 -6 -4 -14 -17 -16 -13 -22 25 26 -1 -5 29 -7 -25
right_child=1 10 3 24 5 12 7 -9 -10 -11 -12 21 18 14 20 19 -18 -19 -20 -21 22 -23 -24 27 -26 -27 -28 -29 -30 -31
leaf_value=0.0012928902591873678 -0.023940934326287498 0.00015427468184023521 -0.021840762368473488 0 -0.0018586472856832192 -0.006939987120063244 -0.004099872299085163 -0.014150793480221182 0.01110452992136402 -0.00040980696829572959 -0.013537987735173944 -7.7248904222175457e-06 0.014694903936660378 0.017996460328261129 0.00014405135789911173 -0.0034565579463281064 -0.00034060504800423005 -0.001792139840673218 0 0.0016151569303457949 0.013824265852526723 0.004687420158836832 0.0025816999145855464 0.00078147092559543931 0.0001483425236654842 -0.0014555034185542645 0.009302477340573807 0.0013729992810813301 0.0028479467143441382 0.0052819658430088273
leaf_weight=21701 296 1605 244 437 68844 333 585 172 1797 306 197 137002 903 599 1095 2369 42056 389 349 12727 926 2173 766 2001 1153 4702 2153 6725 1647 6438
leaf_count=21701 296 1605 244 437 68844 333 585 172 1797 306 197 137002 903 599 1095 2369 42056 389 349 12727 926 2173 766 2001 1153 4702 2153 6725 1647 6438
internal_value=2.15255e-05 -0.000211688 -0.000305974 0.000257483 -0.000942315 -0.000882495 0.000115897 0.00558646 0.00724251 -0.01286 0.00472741 1.30309e-05 0.00489969 0.00555939 0.00801744 -0.00103395 -0.00128584 -0.0104119 0.0107202 0.000795891 0.00565286 6.40902e-05 0.0089994 0.00160534 0.00553362 0.000791355 0.00779655 0.00299995 0.000998856 0.00425467
internal_weight=322690 281123 275935 146105 129830 129228 142362 2554 2382 602 5188 139808 3232 4991 3386 125996 110900 633 1252 15096 2787 139175 1692 41567 3743 26403 2590 15164 1980 8439
internal_count=322690 281123 275935 146105 129830 129228 142362 2554 2382 602 5188 139808 3232 4991 3386 125996 110900 633 1252 15096 2787 139175 1692 41567 3743 26403 2590 15164 1980 8439
is_linear=0
shrinkage=0.03


Tree=3
num_leaves=31
num_cat=0
split_feature=16 26 57 25 9 113 69 31 68 65 71 26 29 38 57 36 140 38 87 33 52 23 60 6 32 50 23 50 34 1
split_gain=149.043 136.203 116.592 121.486 104.056 80.6581 112.775 103.686 66.9576 66.0936 60.1394 59.7341 56.4578 69.0015 67.2171 53.4023 62.6 47.7001 47.284 67.0025 44.0671 42.2111 40.178 37.6838 27.5406 24.7089 26.4199 24.3989 24.086 23.6085
threshold=1.2291839718818667 0.0186607213690877 0.81043940782547008 0.037882329896092422 1.043478310108185 0.60714271664619457 0.68181791901588451 0.0089660906232893484 0.67272731661796581 0.48749999701976782 0.68055528402328502 0.10028281807899476 -0.0039590718224644652 0.0058479532599449166 1.1722830533981325 0.80335998535156261 0.76329278945922863 -0.02472728211432695 0.82499998807907116 0.91067287325859081 0.99355480074882518 0.017031788825988773 0.9624314308166505 0.066668454557657256 0.00096449870034120988 0.96022841334342968 0.015630435198545459 0.96688148379325878 0.87916666269302379 0.023255803622305397
decision_type=10 10 10 10 10 8 10 10 10 8 10 10 10 8 10 10 10 10 2 10 10 10 10 10 10 10 10 10 10 10
left_child=1 9 8 11 5 7 -7 -5 10 -1 -3 12 13 -4 -14 23 27 22 19 -10 -19 -18 -6 -2 25 26 -11 -17 -25 -27
right_child=15 2 3 4 17 6 -8 -9 18 24 -12 -13 14 -15 -16 16 21 20 -20 -21 -22 -23 -24 28 -26 29 -28 -29 -30 -31
leaf_value=8.8237753531640421e-05 0.0087183985136590689 -0.0084729792559161202 -0.00093228852409541006 0.0010675536058030368 0.0066891816529427665 -0.0043383372542551736 0.00043725250309024688 0.0077079978725830079 -0.026892580426469904 0.0009074292787933021 0.012956282750866006 0.011899562371688375 -0.00055002324564345855 -0.0035963982782187829 0.0042323747520065826 0.0080982428439227601 0 0.014171098594719397 0 -0.0048604478845523007 -0.0015946961927623625 0.014700698713658422 -0.0059329525981177402 -0.0022887983987389532 0.00057463453421650022 0.0036891056984265235 0.0048670946742964891 -0.0074557125361616461 0.0096520648876775722 -0.00056741986826333839
leaf_weight=32138 540 292 31430 31611 612 5908 17524 2273 354 11561 169 314 141688 12394 2663 120 186 941 162 259 147 1210 316 1091 10193 13159 1803 215 153 1150
leaf_count=32138 540 292 31430 31611 612 5908 17524 2273 354 11561 169 314 141688 12394 2663 120 186 941 162 259 147 1210 316 1091 10193 13159 1803 215 153 1150
internal_value=-2.03483e-07 -6.90034e-05 -0.000398513 -0.000351019 0.000830333 0.000587689 -0.000756716 0.00152614 -0.00952503 0.00109881 0 -0.000724522 -0.000748444 -0.00169387 -0.000459145 0.00612504 0.0099045 0.00750796 -0.0148033 -0.0185054 0.0117799 0.0126844 0.00204018 0.00222243 0.00194809 0.00244237 0.00147054 -0.000896728 -0.000453361 0.00332576
internal_weight=322576 319061 249057 247821 59332 57316 23432 33884 1236 70004 461 188489 188175 43824 144351 3515 1731 2016 775 613 1088 1396 928 1784 37866 27673 13364 335 1244 14309
internal_count=322576 319061 249057 247821 59332 57316 23432 33884 1236 70004 461 188489 188175 43824 144351 3515 1731 2016 775 613 1088 1396 928 1784 37866 27673 13364 335 1244 14309
is_linear=0
shrinkage=0.03


end of trees

feature_importances:
RESI5=6
KLEN=5
RSQR20=5
STD30=4
BETA5=4
RSQR5=4
LOW0=3
STD5=3
STD20=3
MIN20=3
QTLU5=3
QTLU60=3
QTLD20=3
KSFT=2
ROC60=2
MA60=2
STD10=2
BETA10=2
BETA20=2
BETA60=2
RSQR30=2
MAX30=2
MIN60=2
QTLD60=2
RSV60=2
IMXD30=2
IMXD60=2
CORR20=2
KUP=1
KUP2=1
KLOW=1
KLOW2=1
OPEN0=1
VWAP0=1
ROC30=1
MA5=1
MA10=1
MA20=1
STD60=1
BETA30=1
RSQR10=1
RESI10=1
RESI60=1
MAX10=1
MIN10=1
QTLU30=1
QTLD5=1
RANK20=1
RSV5=1
RSV10=1
RSV30=1
IMAX5=1
IMAX30=1
IMIN10=1
IMIN30=1
IMIN60=1
CORD30=1
CNTN30=1
CNTD60=1
SUMP5=1
SUMP20=1
SUMN20=1
SUMN30=1
SUMD30=1
SUMD60=1
VSTD60=1
WVMA5=1
WVMA20=1
ORC_SIGNED_IMPACT_SHOCK_20=1

parameters:
[boosting: gbdt]
[objective: regression]
[metric: l2]
[tree_learner: serial]
[device_type: cpu]
[data_sample_strategy: bagging]
[data: ]
[valid: ]
[num_iterations: 500]
[learning_rate: 0.03]
[num_leaves: 31]
[num_threads: 12]
[seed: 20260813]
[deterministic: 1]
[force_col_wise: 1]
[force_row_wise: 0]
[histogram_pool_size: -1]
[max_depth: 7]
[min_data_in_leaf: 100]
[min_sum_hessian_in_leaf: 0.001]
[bagging_fraction: 0.8]
[pos_bagging_fraction: 1]
[neg_bagging_fraction: 1]
[bagging_freq: 1]
[bagging_seed: 20260813]
[bagging_by_query: 0]
[feature_fraction: 0.8]
[feature_fraction_bynode: 1]
[feature_fraction_seed: 20260813]
[extra_trees: 0]
[extra_seed: 13549]
[early_stopping_round: 0]
[early_stopping_min_delta: 0]
[first_metric_only: 0]
[max_delta_step: 0]
[lambda_l1: 10]
[lambda_l2: 20]
[linear_lambda: 0]
[min_gain_to_split: 0]
[drop_rate: 0.1]
[max_drop: 50]
[skip_drop: 0.5]
[xgboost_dart_mode: 0]
[uniform_drop: 0]
[drop_seed: 11866]
[top_rate: 0.2]
[other_rate: 0.1]
[min_data_per_group: 100]
[max_cat_threshold: 32]
[cat_l2: 10]
[cat_smooth: 10]
[max_cat_to_onehot: 4]
[top_k: 20]
[monotone_constraints: ]
[monotone_constraints_method: basic]
[monotone_penalty: 0]
[feature_contri: ]
[forcedsplits_filename: ]
[refit_decay_rate: 0.9]
[cegb_tradeoff: 1]
[cegb_penalty_split: 0]
[cegb_penalty_feature_lazy: ]
[cegb_penalty_feature_coupled: ]
[path_smooth: 0]
[interaction_constraints: ]
[verbosity: 1]
[saved_feature_importance_type: 0]
[use_quantized_grad: 0]
[num_grad_quant_bins: 4]
[quant_train_renew_leaf: 0]
[stochastic_rounding: 1]
[linear_tree: 0]
[max_bin: 255]
[max_bin_by_feature: ]
[min_data_in_bin: 3]
[bin_construct_sample_cnt: 200000]
[data_random_seed: 20260812]
[is_enable_sparse: 1]
[enable_bundle: 1]
[use_missing: 1]
[zero_as_missing: 0]
[feature_pre_filter: 1]
[pre_partition: 0]
[two_round: 0]
[header: 0]
[label_column: ]
[weight_column: ]
[group_column: ]
[ignore_column: ]
[categorical_feature: ]
[forcedbins_filename: ]
[precise_float_parser: 0]
[parser_config_file: ]
[objective_seed: 16743]
[num_class: 1]
[is_unbalance: 0]
[scale_pos_weight: 1]
[sigmoid: 1]
[boost_from_average: 1]
[reg_sqrt: 0]
[alpha: 0.9]
[fair_c: 1]
[poisson_max_delta_step: 0.7]
[tweedie_variance_power: 1.5]
[lambdarank_truncation_level: 30]
[lambdarank_norm: 1]
[label_gain: ]
[lambdarank_position_bias_regularization: 0]
[eval_at: ]
[multi_error_top_k: 1]
[auc_mu_weights: ]
[num_machines: 1]
[local_listen_port: 12400]
[time_out: 120]
[machine_list_filename: ]
[machines: ]
[gpu_platform_id: -1]
[gpu_device_id: -1]
[gpu_device_id_list: ]
[gpu_use_dp: 0]
[num_gpu: 1]

end of parameters

pandas_categorical:null
