tree
version=v4
num_class=1
num_tree_per_iteration=1
label_index=0
max_feature_idx=157
objective=regression
feature_names=KMID KLEN KMID2 KUP KUP2 KLOW KLOW2 KSFT KSFT2 OPEN0 HIGH0 LOW0 VWAP0 ROC5 ROC10 ROC20 ROC30 ROC60 MA5 MA10 MA20 MA30 MA60 STD5 STD10 STD20 STD30 STD60 BETA5 BETA10 BETA20 BETA30 BETA60 RSQR5 RSQR10 RSQR20 RSQR30 RSQR60 RESI5 RESI10 RESI20 RESI30 RESI60 MAX5 MAX10 MAX20 MAX30 MAX60 MIN5 MIN10 MIN20 MIN30 MIN60 QTLU5 QTLU10 QTLU20 QTLU30 QTLU60 QTLD5 QTLD10 QTLD20 QTLD30 QTLD60 RANK5 RANK10 RANK20 RANK30 RANK60 RSV5 RSV10 RSV20 RSV30 RSV60 IMAX5 IMAX10 IMAX20 IMAX30 IMAX60 IMIN5 IMIN10 IMIN20 IMIN30 IMIN60 IMXD5 IMXD10 IMXD20 IMXD30 IMXD60 CORR5 CORR10 CORR20 CORR30 CORR60 CORD5 CORD10 CORD20 CORD30 CORD60 CNTP5 CNTP10 CNTP20 CNTP30 CNTP60 CNTN5 CNTN10 CNTN20 CNTN30 CNTN60 CNTD5 CNTD10 CNTD20 CNTD30 CNTD60 SUMP5 SUMP10 SUMP20 SUMP30 SUMP60 SUMN5 SUMN10 SUMN20 SUMN30 SUMN60 SUMD5 SUMD10 SUMD20 SUMD30 SUMD60 VMA5 VMA10 VMA20 VMA30 VMA60 VSTD5 VSTD10 VSTD20 VSTD30 VSTD60 WVMA5 WVMA10 WVMA20 WVMA30 WVMA60 VSUMP5 VSUMP10 VSUMP20 VSUMP30 VSUMP60 VSUMN5 VSUMN10 VSUMN20 VSUMN30 VSUMN60 VSUMD5 VSUMD10 VSUMD20 VSUMD30 VSUMD60
feature_infos=[-0.16749253869056702:0.23587034642696381] [0:0.33308270573616028] [-1:1] [0:0.27153289318084717] [0:1] [0:0.19577737152576447] [0:1] [-0.31147539615631104:0.23587034642696381] [-1:1] [0.80914634466171265:1.2011904716491699] [1:1.365384578704834] [0.79261672496795654:1] [0.90894031524658203:1.0927579402923584] [0.57777780294418335:1.6790908575057983] [0.54954206943511963:1.8924485445022583] [0.46860837936401367:2.2146341800689697] [0.46312057971954346:2.740487813949585] [0.36440131068229675:2.649662971496582] [0.74611109495162964:1.3455072641372681] [0.65066665410995483:1.4951817989349365] [0.60133224725723267:1.7117466926574707] [0.56646168231964111:1.9959673881530762] [0.4937971830368042:1.8649090528488159] [0:0.26957115530967712] [0:0.32280367612838745] [0:0.36472421884536743] [0:0.57258552312850952] [0:0.50059491395950317] [-0.16409091651439667:0.12254486232995987] [-0.11048160493373871:0.12254486232995987] [-0.11048160493373871:0.12254486232995987] [-0.11048160493373871:0.12254486232995987] [-0.11048160493373871:0.12254486232995987] [0:1] [0:1] [0:1] [0:1] [0:1] [-0.15193372964859009:0.13264167308807373] [-0.24554997682571411:0.20802642405033112] [-0.40848860144615173:0.27864286303520203] [-0.44566619396209717:0.33016127347946167] [-0.96870207786560059:0.3971981406211853] [1:1.6472727060317993] [1:1.9298244714736938] [1:2.2439024448394775] [1:3.3160974979400635] [1:3.3160974979400635] [0.5718809962272644:1] [0.54045307636260986:1] [0.4660193920135498:1] [0.43721681833267212:1] [0.34664765000343323:1] [0.86488890647888184:1.4843636751174927] [0.72140765190124512:1.7869091033935547] [0.59200000762939453:2.054157018661499] [0.56569522619247437:2.423609733581543] [0.56576049327850342:2.3250908851623535] [0.60694897174835205:1.2689855098724365] [0.54922223091125488:1.4057971239089966] [0.49352750182151794:1.5574545860290527] [0.47533980011940002:1.5740000009536743] [0.39857602119445801:1.5950908660888672] [0.20000000298023224:1] [0.10000000149011612:1] [0.05000000074505806:1] [0.033333335071802139:1] [0.01666666753590107:1] [0:1] [0:1] [0:1] [0:1] [0:1] [0.20000000298023224:1] [0.10000000149011612:1] [0.05000000074505806:1] [0.033333335071802139:1] [0.01666666753590107:1] [0.20000000298023224:1] [0.10000000149011612:1] [0.05000000074505806:1] [0.033333335071802139:1] [0.01666666753590107:1] [-0.80000001192092896:0.80000001192092896] [-0.89999997615814209:0.89999997615814209] [-0.94999998807907104:0.94999998807907104] [-0.96666663885116577:0.96666663885116577] [-0.98333334922790527:0.98333334922790527] [-1:1] [-1:1] [-1:1] [-1:1] [-1:1] [-1:1] [-1:1] [-1:1] [-1:1] [-1:1] [0:1] [0:1] [0:0.89999997615814209] [0:0.89999997615814209] [0:0.89999997615814209] [0:1] [0:1] [0:0.89999997615814209] [0:0.875] [0:0.875] [-1:1] [-1:1] [-0.875:0.89999997615814209] [-0.875:0.89999997615814209] [-0.875:0.89999997615814209] [0:1] [0:1] [0:1] [0:1] [0:1] [0:1] [0:1] [0:1] [0:1] [0:1] [-1:1] [-1:1] [-1:1] [-1:1] [-1:1] [0.20013266801834106:26452.083984375] [0.10012400150299072:23627.859375] [0.050104878842830658:12145.7685546875] [0.034610312432050705:10268.4287109375] [0.017187755554914474:8419.4609375] [0.00080492562847211957:59102.5] [0.0021778203081339598:49210.34375] [0.0021778203081339598:42161.07421875] [0.0021778203081339598:37016.7265625] [0.0021778203081339598:26455.013671875] [0:2.2360680103302002] [0:3.1615598201751709] [0:4.4708261489868164] [0:5.4611344337463379] [0:7.5986995697021484] [0:1] [0:1] [0:1] [0:1] [0:1] [0:1] [0:1] [0:1] [0:1] [0:1] [-1:1] [-1:1] [-1:1] [-1:1] [-1:1]
tree_sizes=3099 3082 2998 3111 3099 3069 3049 3050

Tree=0
num_leaves=31
num_cat=0
split_feature=54 30 11 16 26 74 27 48 81 35 11 10 17 26 20 36 60 25 86 28 16 25 27 122 18 86 49 82 28 51
split_gain=238.374 145.566 152.347 137.377 110.897 98.89 92.5853 88.9632 81.7843 81.6496 81.1695 142.983 129.24 123.485 119.423 139.528 108.129 102.712 90.5274 79.4456 119.254 77.3449 77.055 72.3202 98.4913 71.9233 77.8444 66.5557 64.1141 63.9767
threshold=1.0889381766319277 -0.00050914598978124548 0.92690601944923412 0.88605287671089183 0.053789705038070686 0.45000000298023229 0.085301764309406294 0.95299002528190624 0.050000002607703216 0.78287872672081005 0.97821971774101268 1.022944509983063 0.69109463691711437 0.039173362776637084 1.0147486329078677 0.74152275919914257 0.74633979797363292 0.081587396562099471 0.84999999403953563 -0.014604418538510798 0.89057463407516491 0.013495584949851038 0.068763133138418212 0.3871996551752091 1.0424271225929262 0.71666666865348827 0.88502365350723278 0.025000001303851608 -0.0084063014946877939 0.97740963101387035
decision_type=10 8 8 8 10 2 10 10 2 10 8 10 8 10 10 10 10 10 2 8 8 8 10 10 10 2 10 2 10 10
left_child=1 3 25 28 9 27 -2 -7 -8 -5 11 17 14 -13 15 -12 -15 18 -4 20 -14 -21 -9 24 -10 26 -3 -6 -1 -11
right_child=6 2 10 4 5 7 8 22 23 29 12 13 19 16 -16 -17 -18 -19 -20 21 -22 -23 -24 -25 -26 -27 -28 -29 -30 -31
leaf_value=0.0052913895052884722 0.0021193154373706884 -0.022757927353394533 0.00076282548581194174 -0.0012651678832949628 0.010230284590335309 0.00023976106475105113 -0.0043117134383364791 0.0026382401341277389 0.031393751686032048 -0.0018175904545979797 -0.010891415123670511 -0.0065840600312977735 0.012649614981500587 -0.0029817246681373213 0.015499118385618899 0.0006371919417452734 0.018633884898704916 -0.0071623609333841586 0.004665075172065776 0.0012425811647921335 0.00075332569305540755 -0.00013805557540120511 0.012933773624679547 0.007462258883209393 0.0012677923088740346 -3.4247059818502867e-10 0.00075611161622443656 -0.00045414128610805145 -0.01011047371682805 0.00171941755955122
leaf_weight=238 7029 488 23562 125032 532 2036 406 1254 275 6379 2368 272 1139 224 212 1482 1049 1202 7017 48275 2378 148700 1615 3359 181 339 135 10454 1946 15964
leaf_count=238 7029 488 23562 125032 532 2036 406 1254 275 6379 2368 272 1139 224 212 1482 1049 1202 7017 48275 2378 148700 1615 3359 181 339 135 10454 1946 15964
internal_value=-5.17706e-06 -0.000125855 0.000347044 -0.000810299 -0.000707765 0.00166496 0.00429754 0.00519813 0.00782697 -0.000965836 0.000396909 0.00177035 0.000171529 0.0106515 -0.00510922 -0.00639577 0.014611 0.00132275 0.00167055 0.000280513 0.00474057 0.000198882 0.008587 0.00921277 0.0206218 -0.0114349 -0.017331 5.36472e-05 -0.00826316 0.000695453
internal_weight=415542 404292 238842 165450 163266 15891 11250 4905 4221 147375 237880 33326 204554 1545 4062 3850 1273 31781 30579 200492 3517 196975 2869 3815 456 962 623 10986 2184 22343
internal_count=415542 404292 238842 165450 163266 15891 11250 4905 4221 147375 237880 33326 204554 1545 4062 3850 1273 31781 30579 200492 3517 196975 2869 3815 456 962 623 10986 2184 22343
is_linear=0
shrinkage=1


Tree=1
num_leaves=31
num_cat=0
split_feature=41 36 46 46 24 42 30 22 24 14 53 42 24 36 95 26 7 86 126 5 57 81 34 41 7 40 32 12 33 33
split_gain=287.899 157.875 153.192 149.623 120.682 86.5742 78.0249 67.8732 109.597 95.0856 90.8792 144.814 88.4373 84.2407 69.5486 66.8525 66.7771 94.5821 78.6317 74.2568 72.2351 87.882 66.2461 64.8289 60.5477 77.8792 70.5025 59.3357 59.125 71.6588
threshold=-0.066265549510717378 0.65619894862174999 1.036132335662842 1.2110691666603091 0.10003798454999925 -0.1176476553082466 0.012704058084636928 0.7882869839668275 0.0336959045380354 0.8943782150745393 0.99351683259010326 -0.053919637575745576 0.053024651482701309 0.23365145921707156 0.24776411056518557 0.038383904844522483 0.029976665042340759 0.91666665673255932 0.35125754773616796 0.0051064093131572017 0.88845324516296398 0.15000000596046451 0.88821709156036388 -0.082324188202619539 -0.013201341964304445 0.038643766194581992 0.0035327617079019551 1.0083333849906924 0.92791274189949047 0.71114075183868419
decision_type=8 10 8 10 10 10 10 8 10 8 8 10 10 10 10 10 10 2 10 10 10 2 10 10 10 10 10 10 10 8
left_child=1 5 4 7 16 15 23 8 -4 13 11 -11 -12 -9 -10 -1 19 20 -19 24 21 -18 -20 -3 26 -26 -2 -15 29 -5
right_child=2 6 3 28 -6 -7 -8 9 14 10 12 -13 -14 27 -16 -17 17 18 22 -21 -22 -23 -24 -25 25 -27 -28 -29 -30 -31
leaf_value=-0.0052212711515968804 0.0023311853483164069 0.018709797056928622 0.010297863472923378 0.0018565447705261547 -0.022283447583137852 0.00042731461865513269 -0.0041666747294984664 0.014874880228069907 0 -0.013474156683536576 -0.00059004198452516335 -0.0020608189397346172 0.0069939500007252312 0.0054784640757350239 -0.01340249148846894 0.0093509922538111811 0.0059615352824296088 0.02109250264801547 0.0016650090982732865 -0.00046208920411931146 0.0028203459836256355 -0.010767955669674874 0.015479036356723794 0.0078343078267846273 0.00089407371631854561 -0.0054873762325474452 0.010671918191536869 -0.0030963966521055128 -0.0043195112482471171 0.0075376643117374765
leaf_weight=286 7999 1095 269 6679 185 4875 221 552 466 1059 219200 16917 1367 1812 1133 2104 388 383 1214 44971 6472 809 436 1227 85709 1725 1050 1140 866 2984
leaf_count=286 7999 1095 269 6679 185 4875 221 552 466 1059 219200 16917 1367 1812 1133 2104 388 383 1214 44971 6472 809 436 1227 85709 1725 1050 1140 866 2984
internal_value=4.21865e-05 0.00511621 -7.99618e-05 -0.000530153 0.000674917 0.00279417 0.0115594 -0.000682387 -0.00636655 -0.000636757 -0.000710048 -0.0027641 -0.000541049 0.00424323 -0.00944788 0.00745386 0.000707944 0.00311959 0.00887157 0.000539996 0.00153666 -0.00508983 0.00563656 0.013207 0.00101018 0.000763517 0.00335348 0.00206754 0.00296266 0.00365384
internal_weight=415593 9808 405785 254444 151341 7265 2543 243915 1868 242047 238543 17976 220567 3504 1599 2390 151156 9702 2033 141454 7669 1197 1650 2322 96483 87434 9049 2952 10529 9663
internal_count=415593 9808 405785 254444 151341 7265 2543 243915 1868 242047 238543 17976 220567 3504 1599 2390 151156 9702 2033 141454 7669 1197 1650 2322 96483 87434 9049 2952 10529 9663
is_linear=0
shrinkage=0.03


Tree=2
num_leaves=31
num_cat=0
split_feature=41 36 29 22 58 54 38 122 58 30 16 126 82 22 1 11 61 132 39 33 69 51 114 48 5 60 16 26 113 62
split_gain=297.614 147.412 119.318 139.686 137.491 106.177 100.716 208.383 163.6 100.221 108.04 99.6774 98.4901 96.217 89.849 88.432 98.599 88.2475 79.7174 77.5925 83.4451 72.908 70.5141 64.5908 62.5375 59.9197 59.7216 62.6136 59.2383 56.931
threshold=-0.066265549510717378 0.68151316046714794 -0.0015443122829310594 1.0923955440521242 0.92768228054046642 1.0889381766319277 -0.017127021215856072 0.35288673639297491 0.94027283787727367 -0.00032588586327619845 0.86614680290222179 0.57049876451492321 0.37500000000000006 1.0946903228759768 0.064274493604898467 0.92690601944923412 0.82833755016326915 0.52010241150856029 0.013851705007255079 0.74022111296653759 0.3170726746320725 0.92077618837356578 0.57236829400062572 0.98277613520622265 0.006315789185464383 1.0179808139801028 1.0501433014869692 0.041867328807711608 0.75757578015327465 0.7977195978164674
decision_type=8 10 8 10 10 10 8 10 10 8 8 10 2 10 10 8 8 10 10 10 10 10 8 10 10 10 10 10 10 10
left_child=1 12 4 6 13 22 7 8 11 10 18 -4 26 28 -7 17 -17 -11 -8 20 23 -9 -6 -3 -22 -5 -1 -28 -2 -10
right_child=2 19 3 25 5 14 9 21 29 15 -12 -13 -14 -15 -16 16 -18 -19 -20 -21 24 -23 -24 -25 -26 -27 27 -29 -30 -31
leaf_value=0.0039061143763796918 -0.024801119502784283 0.031949784656468666 -0.006473384845286167 0.0056494759036040086 -0.00081813841870880444 0.001993765439029265 -0.016702351513696357 0.0016353719806057026 -0.021413291775720249 -0.015819994146917996 -0.0005759066426621165 0.026776860820100407 -0.00045304255627911545 0 0.014887870285301445 0.0035177205752261837 0.00048182073617982889 0.0042705680599156434 0 0.0050154961024191057 0.015773814538759846 -0.0073707905467626312 -0.0059762650888364457 0.013205140353574488 -0.0076879544611774542 -0.0069977816193376816 0.0027396768087435976 0.018476462278231839 0 -0.0031918842657508387
leaf_weight=2931 438 372 183 5430 132437 4592 636 3482 970 554 68815 108 3567 353 541 10227 172196 258 392 975 176 1027 2431 526 179 322 439 631 119 240
leaf_count=2931 438 372 183 5430 132437 4592 636 3482 970 554 68815 108 3567 353 541 10227 172196 258 392 975 176 1027 2431 526 179 322 439 631 119 240
internal_value=3.48701e-09 0.0051624 -0.000124141 0.000250245 -0.000829856 -0.000751092 0.000146207 -0.00368256 -0.0132911 0.0002386 -0.000726287 0.00583068 0.00309536 -0.0123482 0.00346349 0.000608059 0.000654031 -0.00912675 -0.0103035 0.0119602 0.0169647 -0.000373183 -0.00091421 0.0218239 0.00336471 0.00486771 0.00631998 0.0124639 -0.0198957 -0.0181537
internal_weight=415547 9796 405751 264840 140911 140001 259088 6010 1501 253078 69843 291 7568 910 5133 183235 182423 812 1028 2228 1253 4509 134868 898 355 5752 4001 1070 557 1210
internal_count=415547 9796 405751 264840 140911 140001 259088 6010 1501 253078 69843 291 7568 910 5133 183235 182423 812 1028 2228 1253 4509 134868 898 355 5752 4001 1070 557 1210
is_linear=0
shrinkage=0.03


Tree=3
num_leaves=31
num_cat=0
split_feature=54 29 57 14 38 122 58 30 59 47 31 25 122 15 27 81 122 114 1 85 15 21 34 35 51 49 14 16 11 112
split_gain=194.222 151.117 154.127 122.871 108.716 208.129 150.732 128.99 102.986 98.8937 100.902 91.4184 85.6146 81.8406 77.6405 78.8747 80.3079 74.5589 74.5334 134.127 73.9558 68.6752 66.1956 65.3131 70.3094 59.2802 57.37 55.1118 51.7854 50.1849
threshold=1.0889381766319277 -0.0008792423759587108 1.16919481754303 0.98201870918273937 -0.017127021215856072 0.35025383532047277 0.9208262860774995 -0.00032588586327619845 0.93696522712707531 1.1640319228172304 0.0067171310074627408 0.036699211224913604 0.29368703067302709 1.0270013809204104 0.042222626507282264 0.050000002607703216 0.38041049242019659 0.55434790253639232 0.064274493604898467 -0.72499999403953541 1.1497821211814883 0.96342909336090099 0.16737049072980884 0.80289128422737133 0.97956824302673351 0.82754534482955944 0.91284748911857616 0.83710405230522167 0.97333338856697094 -0.068573668599128709
decision_type=10 8 10 8 8 10 10 8 10 10 10 10 10 10 10 2 10 10 10 2 10 10 10 10 10 10 8 8 10 2
left_child=1 3 4 8 5 6 12 17 -1 10 -9 -7 -3 -5 -2 -16 -17 28 25 -20 23 29 -13 -15 -25 -18 -8 -19 -6 -10
right_child=14 2 -4 13 7 11 26 9 21 -11 -12 22 -14 20 15 16 18 27 19 -21 -22 -23 -24 24 -26 -27 -28 -29 -30 -31
leaf_value=-0.024741835719409598 -0.0026415486864950592 0.027001568101899465 0.0055528791077440283 7.4051893368660352e-05 -0.0063175903696332395 -0.0059233486670830348 -0.024631253122444578 0.00077352644059563676 0.0083390518059961779 -0.0021156662776482789 0.0035890184595231663 0.012778575191242673 -0.0078577903925425817 -0.0020146668248940958 -0.0044200867012849565 0.019249750226354966 0.024659504412514403 -0.013458753216800687 0.019455482485295248 0.0016009188098312351 0.0025861199501412283 -0.0074416881436715253 0.00056448495345155249 -0.0024378701243229282 0.0014551569482219222 0.0031863387405947127 -0.010132950261595922 -0.0018556121907198247 0.00030729947663811681 -0.0027328197886293502
leaf_weight=224 1350 100 5115 75731 1075 1702 584 151138 461 9702 12466 479 101 57160 713 371 103 364 800 785 4102 2719 2327 6499 11579 7113 672 24687 33768 1549
leaf_count=224 1350 100 5115 75731 1075 1702 584 151138 461 9702 12466 479 101 57160 713 371 103 364 800 785 4102 2719 2327 6499 11579 7113 672 24687 33768 1549
internal_value=4.58809e-05 -6.15968e-05 0.000407019 -0.000778784 0.000295255 -0.00369232 -0.0134732 0.000398847 -0.00542861 0.000814469 0.000990302 -0.000419313 0.00900179 -0.000627653 0.00393348 0.00486524 0.00562774 -0.000798636 0.00497716 0.0109297 -0.00130107 -0.00435028 0.00283134 -0.00151762 3.78987e-05 0.00360161 -0.0173897 -0.00204678 9.07918e-05 0
internal_weight=415539 404304 244280 160024 239165 5965 1457 233200 4953 173306 163604 4508 201 155071 11235 9885 9172 59894 8801 1585 79340 4729 2806 75238 18078 7216 1256 25051 34843 2010
internal_count=415539 404304 244280 160024 239165 5965 1457 233200 4953 173306 163604 4508 201 155071 11235 9885 9172 59894 8801 1585 79340 4729 2806 75238 18078 7216 1256 25051 34843 2010
is_linear=0
shrinkage=0.03


Tree=4
num_leaves=31
num_cat=0
split_feature=41 36 39 46 54 24 17 32 38 17 6 29 58 57 23 6 86 122 3 138 25 56 86 53 86 49 83 1 140 10
split_gain=236.337 126.291 125.1 110.511 127.363 119.682 82.3098 78.2635 79.9547 229.185 107.596 71.9005 87.047 73.2847 68.4225 63.3552 62.4223 66.9054 58.8258 56.7905 56.5407 56.5035 52.2946 59.4806 52.0262 77.8839 67.4351 51.968 52.7562 51.9151
threshold=-0.066265549510717378 0.77627879381179821 -0.066836908459663377 1.036132335662842 1.0889381766319277 0.10003798454999925 1.0145985484123232 -0.004925140878185629 -0.015331017319113014 0.74236810207366954 0.30000327527523046 -0.003439378808252513 0.92768228054046642 1.16919481754303 0.048825789242982871 0.22222258895635608 -0.55000001192092884 0.38550247251987463 0.022556408308446411 0.81459912657737743 0.013817405793815853 1.0533130764961245 -0.58333334326744068 0.97927466034889232 0.78333333134651195 0.92516314983367931 0.70000001788139354 0.060782417654991157 0.75547233223915111 1.0067295432090761
decision_type=8 10 10 10 10 10 10 8 10 8 10 10 10 10 10 8 2 10 10 8 10 10 2 10 2 10 10 10 10 10
left_child=1 6 -3 5 7 15 16 19 9 10 -9 12 -10 -13 -11 24 -1 21 20 29 -17 -18 23 -21 26 -26 -2 28 -6 -5
right_child=3 2 -4 4 27 -7 -8 8 11 14 -12 13 -14 -15 -16 18 17 -19 -20 22 -22 -23 -24 -25 25 -27 -28 -29 -30 -31
leaf_value=0.015002362456871195 0.0013276593948051728 -0.013423005198705788 0.018364332355319229 0.0044926061622495026 -0.006143543470000355 -0.022163447500564731 -0.00059006668584698 -0.01770063734172057 -0.014719170026117584 -0.0023333183823579348 0.0012290375842784905 -0.00029870404507298474 -0.0012367487022344461 0.0039357818937881157 0.0062906471942650406 0.0011266827773529422 0.0032204882976848131 0.0024491511950990512 0.012566184772184158 -0.0074909683654747769 -0.00066339308556426983 0.017419942313253823 0.0016224570440708727 0.010132252501502795 0.0049148947954093239 0.0010960719149537932 -0.0010087070332937254 0.011542209569621056 0.0038991937978975948 -0.0035760214812483172
leaf_weight=564 40238 101 903 1085 490 188 2966 1256 418 6282 303 151603 76748 3743 921 22943 567 4179 311 157 51256 572 2511 1716 7472 14261 15201 725 4256 1980
leaf_count=564 40238 101 903 1085 490 188 2966 1256 418 6282 303 151603 76748 3743 921 22943 567 4179 311 157 51256 572 2511 1716 7472 14261 15201 725 4256 1980
internal_value=1.3141e-05 0.00460014 0.0146739 -9.76318e-05 -0.000480787 0.000541682 0.0033927 -0.00058157 -0.000676121 -0.00349284 -0.0138626 -0.000568394 -0.00131746 -0.000194251 -0.00117473 0.000574719 0.00544703 0.00432503 -4.54142e-05 0.00243438 -0.000105689 0.0107878 0.00462537 0.00843301 0.0011772 0.00242612 0.000681501 0.00403181 0.00277796 -0.000611901
internal_weight=415916 9852 1004 406064 254194 151870 8848 248723 241274 8762 1559 232512 77166 155346 7203 151682 5882 5318 74510 7449 74199 1139 4384 1873 77172 21733 55439 5471 4746 3065
internal_count=415916 9852 1004 406064 254194 151870 8848 248723 241274 8762 1559 232512 77166 155346 7203 151682 5882 5318 74510 7449 74199 1139 4384 1873 77172 21733 55439 5471 4746 3065
is_linear=0
shrinkage=0.03


Tree=5
num_leaves=31
num_cat=0
split_feature=41 36 14 15 39 29 57 38 122 30 26 1 33 91 58 119 15 35 52 25 85 1 127 42 38 30 152 41 82 33
split_gain=206.174 155.145 111.508 105.215 139.522 127.413 125.425 101.009 168.767 99.0564 93.6433 73.5452 83.0015 70.4095 63.223 63.2046 64.5399 72.8593 60.7171 77.8466 66.3252 77.489 54.5078 44.8622 44.4939 61.5667 43.3393 43.2085 43.252 41.7483
threshold=-0.066265549510717378 0.82600522041320812 0.96087288856506359 1.1497821211814883 0.060182465240359313 -0.001240371784660965 1.16919481754303 -0.017127021215856072 0.35288673639297491 -0.00032588586327619845 0.05139425769448281 0.053838510066270835 0.93427523970603954 0.068281702697277083 0.92768228054046642 0.42592601478099829 1.0327774286270144 0.80289128422737133 0.76818338036537182 0.087922334671020522 -0.82500001788139332 0.053838510066270835 -0.26890762150287623 -0.1176476553082466 -0.0096993274055421335 -0.0083947647362947447 0.47306743264198309 -0.082324188202619539 0.35833333432674414 0.52126672863960277
decision_type=8 10 10 10 10 8 10 8 10 8 10 10 10 10 10 10 10 10 10 10 2 10 10 10 10 10 10 10 2 10
left_child=1 18 -3 4 5 15 7 8 -7 -9 -6 12 -5 -4 -12 -2 23 -18 19 26 21 -20 -13 -17 25 -22 -1 -28 -29 -26
right_child=3 2 13 11 10 6 -8 9 -10 -11 14 22 -14 -15 -16 16 17 -19 20 -21 24 -23 -24 -25 29 -27 27 28 -30 -31
leaf_value=0 -0.0051115421980401504 -0.0060946085872051635 0.0049998703122221154 0.0032300517625204611 0.0017399135987490309 -0.012290380837290603 0.0051844463182955701 -0.00075189477780564858 -0.00065029758543208636 0.0006163604332116156 -0.018257066143992466 0.018263713063781415 -0.0080296195527560753 0.033214699214653053 0.001197230963700055 0.011328382458664955 -0.0020324106781922633 0.00020522607715084859 0.0023558643752102947 -0.0054182445265352729 0.0091027960769183985 0.019177963214345232 0.0043194065539456901 -0.00020686686648486229 0.0098267836597031068 -0.0056549653184442333 0.016547008515384692 0.010323182687203844 -0.0029594188578633083 0.00079099945370347704
leaf_weight=360 3105 101 150 5599 394 1514 4527 64888 4408 177659 790 466 627 320 147 284 49838 17439 819 330 269 373 722 72689 545 1638 834 670 269 3077
leaf_count=360 3105 101 150 5599 394 1514 4527 64888 4408 177659 790 466 627 320 147 284 49838 17439 819 330 269 373 722 72689 545 1638 834 670 269 3077
internal_value=-2.12919e-05 0.00428313 0.0192987 -0.000125892 -0.000192699 -0.000159115 0.00024485 0.000153236 -0.003708 0.000249046 -0.00982085 0.00340808 0.00202602 0.0253938 -0.0149303 -0.000874069 -0.000777402 -0.00144804 0.00327706 0.00732659 0.00173122 0.00809696 0.0102493 -0.000154772 0.000280525 -0.00334469 0.00946972 0.0113769 0.00622286 0.00227948
internal_weight=414851 9755 571 405096 397682 396351 252996 248469 5922 242547 1331 7414 6226 470 937 143355 140250 67277 9184 2463 6721 1192 1188 72973 5529 1907 2133 1773 939 3622
internal_count=414851 9755 571 405096 397682 396351 252996 248469 5922 242547 1331 7414 6226 470 937 143355 140250 67277 9184 2463 6721 1192 1188 72973 5529 1907 2133 1773 939 3622
is_linear=0
shrinkage=0.03


Tree=6
num_leaves=31
num_cat=0
split_feature=41 29 31 15 58 52 23 30 16 38 17 11 61 134 85 1 37 33 101 5 7 42 114 60 38 30 67 79 51 20
split_gain=218.461 111.301 125.268 108.564 160.686 108.078 97.6907 97.1059 95.5986 91.3022 178.079 95.3277 91.7172 79.745 76.261 128.819 69.5729 67.3582 65.644 65.4271 64.1214 61.5358 79.6049 58.8484 56.4677 54.924 74.6918 63.6223 73.5011 66.9285
threshold=-0.066265549510717378 -0.0016542677185498176 -0.0049264617264270774 1.1497821211814883 0.92768228054046642 0.76818338036537182 0.045430270954966552 -0.00032588586327619845 0.87237346172332775 -0.018235628493130204 0.74236810207366954 0.92690601944923412 0.82833755016326915 0.25654086470603948 -0.82500001788139332 0.053838510066270835 0.48111350834369665 0.92791274189949047 0.5313725769519807 0.01700317952781916 -0.015300558414310215 0.066981181502342238 0.57236829400062572 0.91027936339378368 0.0039762987289577731 -0.0042739221826195708 0.39191177487373358 0.15000000223517421 0.91457977890968334 1.0020604133605959
decision_type=8 8 8 10 10 10 10 8 8 8 8 8 8 10 2 8 10 10 2 10 10 10 8 10 10 10 10 2 8 10
left_child=5 3 25 4 16 6 18 8 24 10 20 13 -13 -11 15 -7 -2 -5 -1 -19 -9 22 -6 -8 -4 27 -27 -3 29 -29
right_child=1 2 7 17 21 14 23 9 -10 11 -12 12 -14 -15 -16 -17 -18 19 -20 -21 -22 -23 -24 -25 -26 26 -28 28 -30 -31
leaf_value=0.0043482494767902048 -0.025868477935566802 -0.0068877235633352969 -0.014803146137992907 0.0043293107718090197 -0.00084562378189124055 0.0018743890786730062 -0.022569666133254517 -0.017537280354757701 -0.00066880819543434396 0.0014786599364330663 -7.5452229281322561e-05 0.0033777769300784091 0.00047873627869292427 -0.01660874809719675 0.00079411232854168347 0.022308618369295451 -0.0051352991648555661 -0.0091917236725275863 0.015157516481882075 0.014240481934708648 0 0.0077994620188265472 -0.0068633839730890961 0.0026511650727402448 -0.00055320796260440884 0.0083592205860856649 -0.0062902855761757179 0 0.00017935959952277125 0.012500327938391374
leaf_weight=900 304 623 677 5313 128111 881 101 891 67911 321 3346 10440 174517 510 5653 416 370 620 1593 102 274 702 2006 206 464 3009 311 576 3008 1073
leaf_count=900 304 623 677 5313 128111 881 101 891 67911 321 3346 10440 174517 510 5653 416 370 620 1593 102 274 702 2006 206 464 3009 311 576 3008 1073
internal_value=1.24969e-05 -9.35853e-05 0.00026166 -0.000787841 -0.000970313 0.00444607 0.0094389 0.000142195 -0.000819701 0.000492855 -0.00370574 0.000596801 0.000644344 -0.00939884 0.00237021 0.00889551 -0.015395 0.00312846 0.0114403 -0.00518243 -0.0137019 -0.00089136 -0.000941745 -0.00560173 -0.00937601 0.00382087 0.00686766 0.0018298 0.00308462 0.0081388
internal_weight=415229 405479 267951 137528 131493 9750 2800 259351 69052 190299 4511 185788 184957 831 6950 1297 674 6035 2493 722 1165 130819 130117 307 1141 8600 3320 5280 4657 1649
internal_count=415229 405479 267951 137528 131493 9750 2800 259351 69052 190299 4511 185788 184957 831 6950 1297 674 6035 2493 722 1165 130819 130117 307 1141 8600 3320 5280 4657 1649
is_linear=0
shrinkage=0.03


Tree=7
num_leaves=31
num_cat=0
split_feature=41 36 54 29 57 53 75 91 39 42 36 14 25 54 139 73 117 26 58 35 70 42 15 50 7 1 39 108 118 121
split_gain=216.909 122.524 109.499 127.654 135.899 98.7834 82.1935 82.7001 76.928 66.2946 65.7766 99.3412 63.5295 60.1456 56.8512 52.6496 56.6404 51.4033 51.4024 51.3743 64.5007 64.2673 65.4957 57.288 48.0686 47.2936 47.898 54.8307 47.4685 46.7329
threshold=-0.066265549510717378 0.68151316046714794 1.0889381766319277 -0.003439378808252513 1.16919481754303 0.96992573142051708 0.17500000447034839 0.84808138012886058 -0.016706795431673523 -0.10959380865097045 0.79750531911849987 0.96087288856506359 0.013608650304377081 1.0711352825164797 1.5113418698310854 0.70000001788139354 0.46778707206249243 0.10755445063114168 1.0443981885910036 0.73979735374450695 0.15037599951028827 -0.1176476553082466 1.0234916210174563 0.98576587438583385 -0.01125857140868902 0.064274493604898467 -0.066836908459663377 -0.45000000298023218 0.50877204537391674 0.65056300163269054
decision_type=8 10 10 8 10 10 2 10 10 10 10 10 8 10 10 10 10 10 10 10 10 10 10 10 10 10 10 2 10 10
left_child=1 9 3 5 6 -2 -5 12 10 -1 18 -12 -8 -10 -9 16 -6 -13 -3 21 -21 23 -23 -7 -22 26 -4 -28 -29 -27
right_child=2 8 25 4 15 19 7 14 13 -11 11 17 -14 -15 -16 -17 -18 -19 -20 20 24 22 -24 -25 -26 29 27 28 -30 -31
leaf_value=0.0060752813518904925 -0.014672394745625419 -0.0033521660190745668 0.021222926584420768 -0.00086596434231304672 0.0050557034945131665 0.014192899661179358 0.0012926538983708247 -0.0021615975607601648 0.0096081265502584133 0.00021371903415615825 -0.010857574940128557 0.010629276222690455 9.1314254871044802e-05 0.029237484110467064 -0.011602328272215381 0.00093232505158542085 0.017308219178445401 0.033019095766358079 0.013674441585722176 0.0013778225349104815 -0.0086436003033525128 -0.00061346224588333957 -0.0026223557706672659 -0.0048271834311890416 -0.0011259710129421104 0 -0.00017435377820727472 -0.011122950996714969 0.0075054764938592387 0.017234738467795611
leaf_weight=2868 472 659 111 73820 3849 409 50967 3378 424 4643 102 419 180700 301 714 2883 389 156 187 13709 851 27817 31910 172 8100 178 2791 102 1840 427
leaf_count=2868 472 659 111 73820 3849 409 50967 3378 424 4643 102 419 180700 301 714 2883 389 156 187 13709 851 27817 31910 172 8100 178 2791 102 1840 427
internal_value=-6.84765e-06 0.00440748 -0.000114014 -0.000172351 0.000101834 -0.0012164 6.48204e-06 0.000280982 0.0105638 0.00250192 0.0062913 0.013132 0.000356994 0.0187265 -0.00393026 0.00419355 0.00632682 0.0181136 0.000293867 -0.00113272 7.25161e-05 -0.00159042 -0.00169228 0.00808974 -0.00189181 0.00410003 0.00300026 0.00242228 0.00627074 0.0120476
internal_weight=415348 9759 405589 400140 316700 83440 309579 235759 2248 7511 1523 677 231667 725 4092 7121 4238 575 846 82968 22660 60308 59727 581 8951 5449 4844 4733 1942 605
internal_count=415348 9759 405589 400140 316700 83440 309579 235759 2248 7511 1523 677 231667 725 4092 7121 4238 575 846 82968 22660 60308 59727 581 8951 5449 4844 4733 1942 605
is_linear=0
shrinkage=0.03


end of trees

feature_importances:
BETA20=8
RSQR30=8
RESI30=8
KLEN=7
RESI5=7
QTLD5=7
SUMN60=7
ROC20=6
ROC30=6
STD20=6
STD30=6
BETA10=6
RSQR5=6
RESI60=6
QTLU10=6
IMXD30=6
LOW0=5
ROC10=5
RESI10=5
QTLU60=5
KSFT=4
ROC60=4
STD10=4
RSQR20=4
MIN30=4
KLOW=3
MA60=3
STD60=3
MAX30=3
MIN10=3
QTLU5=3
QTLD20=3
IMIN30=3
IMIN60=3
IMXD20=3
SUMP10=3
KLOW2=2
HIGH0=2
MA20=2
STD5=2
BETA5=2
BETA30=2
BETA60=2
RSQR10=2
MIN5=2
MIN60=2
QTLD30=2
CORR30=2
SUMD30=2
KUP=1
VWAP0=1
MA5=1
MA30=1
RSQR60=1
RESI20=1
MAX60=1
MIN20=1
QTLU30=1
QTLD10=1
QTLD60=1
RANK60=1
RSV10=1
RSV20=1
IMAX5=1
IMAX10=1
IMAX20=1
IMIN10=1
IMXD5=1
CORD20=1
CNTP30=1
CNTD5=1
CNTD60=1
SUMP5=1
SUMP60=1
SUMN5=1
SUMN10=1
SUMN30=1
SUMD60=1
VMA60=1
VSTD10=1
WVMA5=1
WVMA10=1
WVMA20=1
VSUMN60=1

parameters:
[boosting: gbdt]
[objective: regression]
[metric: l2]
[tree_learner: serial]
[device_type: cpu]
[data_sample_strategy: bagging]
[data: ]
[valid: ]
[num_iterations: 500]
[learning_rate: 0.03]
[num_leaves: 31]
[num_threads: 12]
[seed: 20260814]
[deterministic: 1]
[force_col_wise: 1]
[force_row_wise: 0]
[histogram_pool_size: -1]
[max_depth: 7]
[min_data_in_leaf: 100]
[min_sum_hessian_in_leaf: 0.001]
[bagging_fraction: 0.8]
[pos_bagging_fraction: 1]
[neg_bagging_fraction: 1]
[bagging_freq: 1]
[bagging_seed: 20260814]
[bagging_by_query: 0]
[feature_fraction: 0.8]
[feature_fraction_bynode: 1]
[feature_fraction_seed: 20260814]
[extra_trees: 0]
[extra_seed: 17475]
[early_stopping_round: 0]
[early_stopping_min_delta: 0]
[first_metric_only: 0]
[max_delta_step: 0]
[lambda_l1: 10]
[lambda_l2: 20]
[linear_lambda: 0]
[min_gain_to_split: 0]
[drop_rate: 0.1]
[max_drop: 50]
[skip_drop: 0.5]
[xgboost_dart_mode: 0]
[uniform_drop: 0]
[drop_seed: 29730]
[top_rate: 0.2]
[other_rate: 0.1]
[min_data_per_group: 100]
[max_cat_threshold: 32]
[cat_l2: 10]
[cat_smooth: 10]
[max_cat_to_onehot: 4]
[top_k: 20]
[monotone_constraints: ]
[monotone_constraints_method: basic]
[monotone_penalty: 0]
[feature_contri: ]
[forcedsplits_filename: ]
[refit_decay_rate: 0.9]
[cegb_tradeoff: 1]
[cegb_penalty_split: 0]
[cegb_penalty_feature_lazy: ]
[cegb_penalty_feature_coupled: ]
[path_smooth: 0]
[interaction_constraints: ]
[verbosity: 1]
[saved_feature_importance_type: 0]
[use_quantized_grad: 0]
[num_grad_quant_bins: 4]
[quant_train_renew_leaf: 0]
[stochastic_rounding: 1]
[linear_tree: 0]
[max_bin: 255]
[max_bin_by_feature: ]
[min_data_in_bin: 3]
[bin_construct_sample_cnt: 200000]
[data_random_seed: 20260812]
[is_enable_sparse: 1]
[enable_bundle: 1]
[use_missing: 1]
[zero_as_missing: 0]
[feature_pre_filter: 1]
[pre_partition: 0]
[two_round: 0]
[header: 0]
[label_column: ]
[weight_column: ]
[group_column: ]
[ignore_column: ]
[categorical_feature: ]
[forcedbins_filename: ]
[precise_float_parser: 0]
[parser_config_file: ]
[objective_seed: 27057]
[num_class: 1]
[is_unbalance: 0]
[scale_pos_weight: 1]
[sigmoid: 1]
[boost_from_average: 1]
[reg_sqrt: 0]
[alpha: 0.9]
[fair_c: 1]
[poisson_max_delta_step: 0.7]
[tweedie_variance_power: 1.5]
[lambdarank_truncation_level: 30]
[lambdarank_norm: 1]
[label_gain: ]
[lambdarank_position_bias_regularization: 0]
[eval_at: ]
[multi_error_top_k: 1]
[auc_mu_weights: ]
[num_machines: 1]
[local_listen_port: 12400]
[time_out: 120]
[machine_list_filename: ]
[machines: ]
[gpu_platform_id: -1]
[gpu_device_id: -1]
[gpu_device_id_list: ]
[gpu_use_dp: 0]
[num_gpu: 1]

end of parameters

pandas_categorical:null
