tree
version=v4
num_class=1
num_tree_per_iteration=1
label_index=0
max_feature_idx=157
objective=regression
feature_names=KMID KLEN KMID2 KUP KUP2 KLOW KLOW2 KSFT KSFT2 OPEN0 HIGH0 LOW0 VWAP0 ROC5 ROC10 ROC20 ROC30 ROC60 MA5 MA10 MA20 MA30 MA60 STD5 STD10 STD20 STD30 STD60 BETA5 BETA10 BETA20 BETA30 BETA60 RSQR5 RSQR10 RSQR20 RSQR30 RSQR60 RESI5 RESI10 RESI20 RESI30 RESI60 MAX5 MAX10 MAX20 MAX30 MAX60 MIN5 MIN10 MIN20 MIN30 MIN60 QTLU5 QTLU10 QTLU20 QTLU30 QTLU60 QTLD5 QTLD10 QTLD20 QTLD30 QTLD60 RANK5 RANK10 RANK20 RANK30 RANK60 RSV5 RSV10 RSV20 RSV30 RSV60 IMAX5 IMAX10 IMAX20 IMAX30 IMAX60 IMIN5 IMIN10 IMIN20 IMIN30 IMIN60 IMXD5 IMXD10 IMXD20 IMXD30 IMXD60 CORR5 CORR10 CORR20 CORR30 CORR60 CORD5 CORD10 CORD20 CORD30 CORD60 CNTP5 CNTP10 CNTP20 CNTP30 CNTP60 CNTN5 CNTN10 CNTN20 CNTN30 CNTN60 CNTD5 CNTD10 CNTD20 CNTD30 CNTD60 SUMP5 SUMP10 SUMP20 SUMP30 SUMP60 SUMN5 SUMN10 SUMN20 SUMN30 SUMN60 SUMD5 SUMD10 SUMD20 SUMD30 SUMD60 VMA5 VMA10 VMA20 VMA30 VMA60 VSTD5 VSTD10 VSTD20 VSTD30 VSTD60 WVMA5 WVMA10 WVMA20 WVMA30 WVMA60 VSUMP5 VSUMP10 VSUMP20 VSUMP30 VSUMP60 VSUMN5 VSUMN10 VSUMN20 VSUMN30 VSUMN60 VSUMD5 VSUMD10 VSUMD20 VSUMD30 VSUMD60
feature_infos=[-0.16749253869056702:0.23587034642696381] [0:0.33308270573616028] [-1:1] [0:0.27153289318084717] [0:1] [0:0.19577737152576447] [0:1] [-0.31147539615631104:0.23587034642696381] [-1:1] [0.80914634466171265:1.2011904716491699] [1:1.365384578704834] [0.79261672496795654:1] [0.90894031524658203:1.0927579402923584] [0.57777780294418335:1.6790908575057983] [0.54954206943511963:1.8924485445022583] [0.46860837936401367:2.2146341800689697] [0.46312057971954346:2.740487813949585] [0.36440131068229675:2.649662971496582] [0.74611109495162964:1.3455072641372681] [0.65066665410995483:1.4951817989349365] [0.60133224725723267:1.7117466926574707] [0.56646168231964111:1.9959673881530762] [0.4937971830368042:1.8649090528488159] [0:0.26957115530967712] [0:0.32280367612838745] [0:0.36472421884536743] [0:0.57258552312850952] [0:0.50059491395950317] [-0.16409091651439667:0.12254486232995987] [-0.11048160493373871:0.12254486232995987] [-0.11048160493373871:0.12254486232995987] [-0.11048160493373871:0.12254486232995987] [-0.11048160493373871:0.12254486232995987] [0:1] [0:1] [0:1] [0:1] [0:1] [-0.15193372964859009:0.13264167308807373] [-0.24554997682571411:0.20802642405033112] [-0.40848860144615173:0.27864286303520203] [-0.44566619396209717:0.33016127347946167] [-0.96870207786560059:0.3971981406211853] [1:1.6472727060317993] [1:1.9298244714736938] [1:2.2439024448394775] [1:3.3160974979400635] [1:3.3160974979400635] [0.5718809962272644:1] [0.54045307636260986:1] [0.4660193920135498:1] [0.43721681833267212:1] [0.34664765000343323:1] [0.86488890647888184:1.4843636751174927] [0.72140765190124512:1.7869091033935547] [0.59200000762939453:2.054157018661499] [0.56569522619247437:2.423609733581543] [0.56576049327850342:2.3250908851623535] [0.60694897174835205:1.2689855098724365] [0.54922223091125488:1.4057971239089966] [0.49352750182151794:1.5574545860290527] [0.47533980011940002:1.5740000009536743] [0.39857602119445801:1.5950908660888672] [0.20000000298023224:1] [0.10000000149011612:1] [0.05000000074505806:1] [0.033333335071802139:1] [0.01666666753590107:1] [0:1] [0:1] [0:1] [0:1] [0:1] [0.20000000298023224:1] [0.10000000149011612:1] [0.05000000074505806:1] [0.033333335071802139:1] [0.01666666753590107:1] [0.20000000298023224:1] [0.10000000149011612:1] [0.05000000074505806:1] [0.033333335071802139:1] [0.01666666753590107:1] [-0.80000001192092896:0.80000001192092896] [-0.89999997615814209:0.89999997615814209] [-0.94999998807907104:0.94999998807907104] [-0.96666663885116577:0.96666663885116577] [-0.98333334922790527:0.98333334922790527] [-1:1] [-1:1] [-1:1] [-1:1] [-1:1] [-1:1] [-1:1] [-1:1] [-1:1] [-1:1] [0:1] [0:1] [0:0.89999997615814209] [0:0.89999997615814209] [0:0.89999997615814209] [0:1] [0:1] [0:0.89999997615814209] [0:0.875] [0:0.875] [-1:1] [-1:1] [-0.875:0.89999997615814209] [-0.875:0.89999997615814209] [-0.875:0.89999997615814209] [0:1] [0:1] [0:1] [0:1] [0:1] [0:1] [0:1] [0:1] [0:1] [0:1] [-1:1] [-1:1] [-1:1] [-1:1] [-1:1] [0.20013266801834106:26452.083984375] [0.10012400150299072:23627.859375] [0.050104878842830658:12145.7685546875] [0.034610312432050705:10268.4287109375] [0.017187755554914474:8419.4609375] [0.00080492562847211957:59102.5] [0.0021778203081339598:49210.34375] [0.0021778203081339598:42161.07421875] [0.0021778203081339598:37016.7265625] [0.0021778203081339598:26455.013671875] [0:2.2360680103302002] [0:3.1615598201751709] [0:4.4708261489868164] [0:5.4611344337463379] [0:7.5986995697021484] [0:1] [0:1] [0:1] [0:1] [0:1] [0:1] [0:1] [0:1] [0:1] [0:1] [-1:1] [-1:1] [-1:1] [-1:1] [-1:1]
tree_sizes=3101 3065 3067 3046 3044 3070 3050 3082

Tree=0
num_leaves=31
num_cat=0
split_feature=41 36 29 22 54 14 11 30 59 11 17 25 16 42 30 26 69 134 1 113 26 28 79 45 42 4 35 39 108 26
split_gain=272.464 139.204 138.181 142.001 136.035 127.237 109.366 117.035 102.289 98.0675 141.024 98.7002 95.3668 92.9616 91.2088 92.9815 93.582 85.2708 80.3306 73.3359 72.0613 68.3513 67.4022 65.2118 69.8409 85.8356 77.0333 62.6536 55.1993 52.5586
threshold=-0.066265549510717378 0.68151316046714794 -0.001240371784660965 1.0923955440521242 1.0889381766319277 0.98069036006927501 0.92690601944923412 -0.00032588586327619845 0.93696522712707531 0.97681894898414623 0.69958773255348217 0.081587396562099471 0.8628222942352296 -0.1176476553082466 0.012704058084636928 0.092503029853105559 0.28571479022502905 0.25654086470603948 0.064274493604898467 0.021052109077572826 0.045804498717188842 -0.020344879478216168 0.94999998807907116 1.0540540814399721 -0.094018824398517595 0.25806303322315222 0.82959511876106273 0.013049342669546606 -0.45000000298023218 0.038383904844522483
decision_type=8 10 8 10 10 8 8 8 10 8 8 10 8 10 10 10 10 10 10 10 10 10 2 10 10 10 10 10 2 10
left_child=1 13 4 6 5 8 17 12 -2 11 -11 -9 27 29 15 -3 19 -4 28 -17 -14 -16 -10 -7 25 -25 -26 -8 -6 -1
right_child=2 14 3 -5 18 23 7 9 22 10 -12 -13 20 -15 21 16 -18 -19 -20 -21 -22 -23 -24 24 26 -27 -28 -29 -30 -31
leaf_value=-0.003485761214980385 -0.02706549655777472 0.0077051614033249579 0.00057480157723435938 0.0050974707242591863 -0.00016277953057657797 0.00011875711863572994 -0.016562314682827744 0.0028823690093955066 -0.0062231020962792262 -0.005231530796954288 0.00050567622279906591 -0.005883116383482846 -0.0010716601120628758 0.00055100760063031367 -0.019664110545821799 0.0035016869606261671 0.0070418187998851495 -0.017508176837377862 0.014495009633463384 0.035783814151962801 0.0020427425828878757 0.010104693228044406 0.011208355911829953 0.0061605011388195666 -0.0018254024539789842 -0.0020917278144258035 0.00049778715910471429 -3.4247059818502867e-10 0.0063558790267348592 0.0093774516652730833
leaf_weight=282 194 1209 350 5442 2710 42260 553 22605 3263 3927 155710 1179 56775 5098 124 106 320 537 566 385 7504 103 183 2435 80193 2023 15057 362 1927 2143
leaf_count=282 194 1209 350 5442 2710 42260 553 22605 3263 3927 155710 1179 56775 5098 124 106 320 537 566 385 7504 103 183 2435 80193 2023 15057 362 1927 2143
internal_value=3.73621e-06 0.0049499 -0.000114859 0.000310082 -0.000835152 -0.0010073 0.00020406 0.000243155 -0.00654294 0.000632137 0.000362027 0.00243067 -0.000846491 0.00292334 0.0115169 0.0135772 0.0215739 -0.0101867 0.00391051 0.0298115 -0.000702893 -0.00521763 -0.00515151 -0.000862356 -0.00128114 0.0023561 -0.00145498 -0.0103826 0.00249743 0.00774263
internal_weight=415525 9770 405755 254944 150811 145608 249502 248615 3640 183421 159637 23784 65194 7523 2247 2020 811 887 5203 491 64279 227 3446 141968 99708 4458 95250 915 4637 2425
internal_count=415525 9770 405755 254944 150811 145608 249502 248615 3640 183421 159637 23784 65194 7523 2247 2020 811 887 5203 491 64279 227 3446 141968 99708 4458 95250 915 4637 2425
is_linear=0
shrinkage=1


Tree=1
num_leaves=31
num_cat=0
split_feature=41 36 57 46 39 25 82 14 112 49 123 15 53 42 55 6 25 11 58 86 49 83 16 84 42 29 117 82 79 16
split_gain=261.524 155.066 133.501 157.147 118.257 94.3459 92.4453 89.8929 87.0493 82.792 166.735 126.909 75.2481 117.983 92.5535 65.5967 74.2118 86.2448 64.6247 57.7134 75.0678 59.9015 55.757 60.4815 54.8181 53.0979 53.6187 50.0869 60.1068 49.5427
threshold=-0.062672588974237428 0.78798821568489086 1.229449510574341 1.0436248779296877 0.060182465240359313 0.081587396562099471 0.37500000000000006 0.95588234066963207 0.2314560413360596 0.82754534482955944 -0.166666604578495 0.79725009202957164 0.99424907565116893 -0.050630884245038026 0.96329024434089672 0.18750048428773883 0.014779172837734224 0.97333338856697094 1.0099179148674013 0.84999999403953563 0.92872691154479992 0.70000001788139354 1.2180514931678774 -0.84999999403953541 -0.15595123916864392 -0.0075972126796841613 0.61407536268234264 0.091666668653488173 0.84999999403953563 1.005285441875458
decision_type=8 10 10 8 10 10 2 10 2 8 10 8 10 8 10 8 10 10 10 2 10 10 10 2 10 10 10 2 2 8
left_child=1 6 3 5 9 15 25 -3 -7 10 -5 -12 13 -11 -14 19 -17 -18 -9 21 -21 -2 23 -4 -8 26 29 28 -28 -1
right_child=2 7 22 4 -6 8 24 18 -10 12 11 -13 14 -15 -16 16 17 -19 -20 20 -22 -23 -24 -25 -26 -27 27 -29 -30 -31
leaf_value=0.0013496739727692363 0.0012793248572174399 -0.0035119358654078017 -0.0063644095759143367 0.024774585807015949 -0.014076596756300104 -0.015313034095067778 0.00925764065591928 0.030674202132935601 0.0048288957779783065 -0.010805359243778141 -0.0068622169503629255 0.0081427192647656535 -0.010831844960011128 -0.001894707265235757 -0.00057153355583459096 0.0010851595429855589 0.0029932448615214561 -0.0010007536462508057 0.011763169636765276 0.0054178786764255277 0.00099184729318680179 -0.00079865016665611526 0.007214637981295134 0.0033090614359385612 -0.00088833365000512985 0.0016776342864666814 0.031107083148898856 0 0.0072184113635235837 0.0094232839482084763
leaf_weight=1273 48026 161 669 308 581 616 517 304 238 1461 873 1134 778 16482 199294 34225 5274 56648 603 6010 8574 16666 2848 3342 4343 1963 242 122 237 1776
leaf_count=1273 48026 161 669 308 581 616 517 304 238 1461 873 1134 778 16482 199294 34225 5274 56648 603 6010 8574 16666 2848 3342 4343 1963 242 122 237 1776
internal_value=-2.5492e-05 0.00442255 -0.000153499 -0.000225966 -0.000759481 0.000440946 0.00325911 0.0152861 -0.00937441 -0.000721728 0.00488 0.0014646 -0.000783029 -0.00264818 -0.00061401 0.000491503 -3.22687e-05 -0.000654878 0.0189503 0.00113037 0.00284126 0.000739278 0.00398773 0.00159762 0.000163023 0.0058765 0.00803149 0.0164352 0.0206517 0.00618095
internal_weight=415588 11541 404047 397188 220911 176277 10473 1068 854 220330 2315 2007 218015 17943 200072 175423 96147 61922 907 79276 14584 64692 6859 4011 4860 5613 3650 601 479 3049
internal_count=415588 11541 404047 397188 220911 176277 10473 1068 854 220330 2315 2007 218015 17943 200072 175423 96147 61922 907 79276 14584 64692 6859 4011 4860 5613 3650 601 479 3049
is_linear=0
shrinkage=0.03


Tree=2
num_leaves=31
num_cat=0
split_feature=42 30 32 38 17 31 13 37 16 15 49 16 10 35 0 62 76 62 35 1 81 62 43 109 10 16 87 52 35 52
split_gain=216.512 130.296 152.928 121.529 250.279 124.987 195.948 131.351 114.689 112.595 107.882 99.4141 91.1051 82.7013 72.0354 114.712 78.4615 76.2167 71.8042 70.775 152.137 143.859 64.0118 70.7582 63.0607 62.1877 61.3392 59.709 69.5437 58.3242
threshold=-0.1176476553082466 -0.00032588586327619845 -0.0046714213676750651 -0.017127021215856072 0.74896535277366649 0.0084722405299544352 0.99485132098197948 0.41246969997882849 0.88605287671089183 0.72362977266311657 0.95781633257865917 0.75691154599189769 1.0192102789878847 0.8605177402496339 0.015590212773531677 0.89959189295768749 0.58333334326744091 0.75304409861564647 0.8328758478164674 0.036036059260368354 0.21666666865348819 0.66871806979179393 1.0776025056838991 0.18333333730697635 1.0301365256309511 0.92691171169281017 0.87500000000000011 0.87958118319511425 0.8328758478164674 0.7072320580482484
decision_type=8 8 8 8 8 10 10 10 8 8 10 8 10 10 10 10 2 10 10 8 2 10 10 2 10 8 2 10 10 10
left_child=-1 2 -2 4 13 9 7 11 -4 -5 12 -7 -8 22 16 25 18 -18 -10 21 -21 -11 24 -24 -3 -16 -9 28 29 -6
right_child=1 3 8 5 27 6 10 26 14 19 -12 -13 -14 -15 15 -17 17 -19 -20 20 -22 -23 23 -25 -26 -27 -28 -29 -30 -31
leaf_value=0.0062345476147122984 0.0030930998376722829 -0.00051847961562824377 -0.0075366448366018263 -0.021319000033278749 0.01495606068657928 -0.016321431459860165 0.0011270055301885254 0.0016325047867748203 -0.0010170605428076363 -0.016651492342613001 0.021154468996156736 0 0.013817717718261647 -0.026350148039553337 -0.00015060002430831884 -0.0017637802033691099 0.021857436861800538 0.0012235954383020148 0.0012719801619738009 0.0044368989899496057 -0.00052270166322905228 0.00028334473268864298 0.016198955454591733 -0.0083288071072633273 -0.019423578841182964 -0.013648341301665371 0.011250740576665055 -0.0063475929262552149 -0.0070982491498827894 0.0019238850170636116
leaf_weight=4988 9255 262 2273 194 345 588 1199 3562 119452 432 670 705 951 369 473 16616 145 15451 13625 11448 10623 194508 141 289 586 1193 731 1065 638 2774
leaf_count=4988 9255 262 2273 194 345 588 1199 3562 119452 432 670 705 951 369 473 16616 145 15451 13625 11448 10623 194508 141 289 586 1193 731 1065 638 2774
internal_value=3.40768e-05 -4.08231e-05 -0.00065087 0.000427062 -0.00361476 0.000544594 0.00413342 0.000809993 -0.00085774 0.000403954 0.0105589 -0.0074304 0.0069543 -0.0136369 -0.000764122 -0.00254464 -0.000542846 0.00146239 -0.000780289 0.000426719 0.0020379 0.000242573 -0.00938557 0 -0.0140748 -0.0100413 0.0033844 -8.74617e-05 0.00163189 0.00354708
internal_weight=415551 410563 178483 232080 6469 225611 8406 5586 169228 217205 2820 1293 2150 1647 166955 18282 148673 15596 133077 217011 22071 194940 1278 430 848 1666 4293 4822 3757 3119
internal_count=415551 410563 178483 232080 6469 225611 8406 5586 169228 217205 2820 1293 2150 1647 166955 18282 148673 15596 133077 217011 22071 194940 1278 430 848 1666 4293 4822 3757 3119
is_linear=0
shrinkage=0.03


Tree=3
num_leaves=31
num_cat=0
split_feature=54 29 57 58 51 47 38 38 122 58 26 30 16 62 27 35 15 126 69 60 17 81 122 18 26 42 30 13 4 86
split_gain=220.349 141.528 136.095 111.841 115.861 109.37 97.1847 95.21 168.399 118.991 106.274 101.68 119.503 97.0664 95.1695 89.0033 80.5106 73.6499 69.5918 67.5497 84.7878 64.564 75.7411 85.7592 62.6968 83.6632 61.048 58.8468 93.0327 56.5183
threshold=1.0889381766319277 -0.003439378808252513 1.16919481754303 0.92768228054046642 0.86445575952529918 1.2263821959495547 0.032048635184764869 -0.015331017319113014 0.35288673639297491 0.9208262860774995 0.04058871045708657 -0.00032588586327619845 0.88605287671089183 0.81775730848312389 0.085301764309406294 0.73322415351867687 0.75971341133117687 0.27562937140464788 0.28571479022502905 1.0332158803939822 1.0015151500701907 0.050000002607703216 0.38888882100582128 1.0424271225929262 0.032636674121022231 -0.1176476553082466 -0.0067573988344520322 1.0195035338401797 0.26316045224666601 -0.74999999999999989
decision_type=10 8 10 10 10 10 10 8 10 10 10 8 8 8 10 10 10 10 10 10 8 2 10 10 10 10 10 10 10 2
left_child=1 3 6 5 17 -1 7 8 9 -3 -10 12 -9 -13 26 24 -8 27 -19 -17 -21 -16 23 -23 -6 -26 -2 28 -5 -24
right_child=14 2 -4 4 15 -7 16 11 10 -11 -12 13 -14 -15 21 19 -18 18 -20 20 -22 22 29 -25 25 -27 -28 -29 -30 -31
leaf_value=-0.024656507211693476 0.0054741170784270597 0.0083992504865762242 0.0042580452617197876 0.0027546164268517363 -0.0012388923479784142 0 -0.024946204688619165 -0.0079862329434973664 -0.0050022886718130172 -0.013220021831347267 0.0024062089399917949 0.0024616751461287154 -0.00043940963909490653 0.0003482209578883343 -0.0033283335962741105 -0.0005354307522757412 0 0.0068670653158155416 -0.0064315670761251539 0.014375868994373169 0.0018362013177756972 0.030613380082026877 0.011404697403784102 0.0024404824214677013 0.006654772289816431 -0.0036943188972518495 -0.00020998078876255315 0.0023407352573359863 0.019796509860489794 0.0032427863505443744
leaf_weight=341 2686 231 7156 638 37255 299 235 1912 2985 1784 4086 22029 98122 179531 382 19257 257 522 960 563 3537 277 1541 187 691 19851 4319 1521 604 1809
leaf_count=341 2686 231 7156 638 37255 299 235 1912 2985 1784 4086 22029 98122 179531 382 19257 257 522 960 563 3537 277 1541 187 691 19851 4319 1521 604 1809
internal_value=-2.5328e-06 -0.000118321 0.000172658 -0.00119817 -0.001099 -0.013542 7.74754e-05 9.99493e-05 -0.00292035 -0.010536 -0.000684245 0.000192123 -0.000588222 0.000580915 0.00414357 -0.00135471 -0.0129776 0.00370261 -0.00151863 0.00019639 0.00369235 0.00773082 0.00892831 0.0204491 -0.00198658 -0.00332547 0.00193621 0.00660174 0.0114624 0.00713169
internal_weight=415568 404367 318328 86039 85399 640 311172 310680 9086 2015 7071 301594 100034 201560 11201 81154 492 4245 1482 23357 4100 4196 3814 464 57797 20542 7005 2763 1242 3350
internal_count=415568 404367 318328 86039 85399 640 311172 310680 9086 2015 7071 301594 100034 201560 11201 81154 492 4245 1482 23357 4100 4196 3814 464 57797 20542 7005 2763 1242 3350
is_linear=0
shrinkage=0.03


Tree=4
num_leaves=31
num_cat=0
split_feature=41 29 36 57 15 58 38 38 17 6 40 24 17 51 37 16 6 0 117 15 35 52 113 1 138 117 56 43 114 16
split_gain=243.133 129.767 125.178 121.39 106.373 187.961 88.841 85.4266 178.016 110.256 109.054 94.108 78.5917 76.8317 75.6126 67.6264 66.9553 66.0593 64.6122 63.4361 82.1269 63.6756 56.2435 55.3797 57.6497 64.5626 53.9236 52.1067 49.8946 49.5258
threshold=-0.066265549510717378 -0.0014439154183492062 0.77627879381179821 1.16919481754303 1.1497821211814883 0.92768228054046642 0.032048635184764869 -0.017127021215856072 0.74236810207366954 0.29999817907810217 -0.029530432075262066 0.10003798454999925 1.011374890804291 0.91457977890968334 0.1724980100989342 1.0501433014869692 0.28358338773250585 -0.056871930137276643 0.61407536268234264 1.0234916210174563 0.80289128422737133 0.97564810514450084 0.75757578015327465 0.055796675384044654 0.62052744626998912 0.45376257598400122 1.0533130764961245 1.0469353199005129 0.57236829400062572 0.93457946181297313
decision_type=8 8 10 10 10 10 10 8 8 10 8 10 10 10 10 10 10 10 10 10 10 10 10 10 8 10 10 10 8 8
left_child=2 4 12 6 5 22 7 8 9 -3 11 -9 15 -10 -8 18 -12 -4 -1 28 29 -22 -2 24 25 -6 27 -20 -7 -21
right_child=1 3 17 -5 23 19 14 10 13 -11 16 -13 -14 -15 -16 -17 -18 -19 26 20 21 -23 -24 -25 -26 -27 -28 -29 -30 -31
leaf_value=0.0017817877726176562 -0.02070576372592588 -0.017519293829202635 -0.0038324886661670779 0.0046492813468882585 -0.0082672884754321618 -5.7354652630401923e-05 -0.024377166669688078 0.0029773296564448055 0.0017626568715791607 0.0015124783138262814 0.00057699435790159665 0.022128175978136599 -0.0004422901329468493 -0.0070565735012676342 0 0.012446769265969543 -0.00044113768707521609 0.017604764321775813 0.016817334190120593 -0.0099271997380989026 -0.0016559584936636652 0.0019425534739274922 0 0.0099307322837350331 0.0033760966533268946 0.0080768678010441353 0.016511642155801934 -0.0025246176579042422 -0.0047347342248042655 -0.0019682749037201303
leaf_weight=3668 546 1037 118 5567 856 59804 225 8713 3441 328 143839 224 2955 1170 230 1046 97265 876 150 714 8257 9437 146 881 4217 255 574 403 2112 56876
leaf_count=3668 546 1037 118 5567 856 59804 225 8713 3441 328 143839 224 2955 1170 230 1046 97265 876 150 714 8257 9437 146 881 4217 255 574 403 2112 56876
internal_value=-1.08691e-05 -0.000124307 0.00465521 0.00027249 -0.000847878 -0.00102259 0.000175962 0.00020115 -0.00333361 -0.0127737 0.00028709 0.00353916 0.00345084 -0.000431174 -0.0127765 0.00546638 0.000165018 0.0147386 0.00383597 -0.00094035 -0.00152594 0.000246379 -0.0164232 0.00297497 0.00173589 -0.00417419 0.0101124 0.00260215 -0.000223225 -0.00207557
internal_weight=415930 406140 9790 262039 144101 137892 256472 256017 5976 1365 250041 8937 8796 4611 455 5841 241104 994 4795 137200 75284 17694 692 6209 5328 1111 1127 553 61916 57590
internal_count=415930 406140 9790 262039 144101 137892 256472 256017 5976 1365 250041 8937 8796 4611 455 5841 241104 994 4795 137200 75284 17694 692 6209 5328 1111 1127 553 61916 57590
is_linear=0
shrinkage=0.03


Tree=5
num_leaves=31
num_cat=0
split_feature=41 36 46 32 38 86 82 53 42 42 15 21 38 122 29 53 138 39 36 58 59 7 86 5 40 57 33 139 38 10
split_gain=241.475 133.187 116.11 122.015 101.393 85.1286 79.3835 72.795 103.512 82.4209 76.3988 82.9471 74.5049 161.286 79.6653 69.1351 69.7737 66.8505 85.1356 74.3798 59.5011 59.4238 73.7051 67.1525 80.7788 65.7002 63.6391 81.3979 58.9071 60.3354
threshold=-0.066265549510717378 0.65619894862174999 1.0436248779296877 -0.004925140878185629 0.032048635184764869 -0.58333334326744068 0.37500000000000006 0.99628594517707836 -0.053919637575745576 -0.090228755027055726 0.72362977266311657 0.89398837089538585 -0.013101394753903149 0.34754310548305517 0.0005151913210283966 0.97927466034889232 0.6412218213081361 -0.016706795431673523 0.79750531911849987 1.0443981885910036 0.99056291580200206 0.029976665042340759 0.84999999403953563 0.0035714762052521114 0.061431951820850379 0.88845324516296398 0.8418654501438142 1.2162190079689028 -0.024740925058722493 1.0117906928062441
decision_type=8 10 8 8 10 2 2 8 10 8 8 10 8 10 10 10 10 10 10 10 10 10 2 10 10 10 10 10 10 10
left_child=1 6 4 5 21 15 28 8 -5 -9 -10 -12 13 -11 -14 -4 -17 18 19 -3 -19 23 25 24 -2 -23 -24 -28 -1 -30
right_child=2 17 3 7 -6 -7 -8 9 10 12 11 -13 14 -15 -16 16 -18 20 -20 -21 -22 22 26 -25 -26 -27 27 -29 29 -31
leaf_value=-0.0052931752575891789 0.00097038490034964003 -0.0030483109912612014 -0.0068347024214844461 -0.0092575137722843252 -0.015955417972107803 5.1584619563305126e-05 -0.0007922203298039031 0.0024961123127196696 -0.018974327263452547 -0.013002811711319871 0.0072442982535938193 -0.0019026421179881802 -0.00087024479262664677 -0.0016790337902066813 0.00056159974284573639 -7.4127312119783947e-05 0.009503913897133693 0 0.014900075156338415 0.015608491406282073 0.021447592119290496 -0.0062699492767934557 0.003716063011641884 -0.00029324163995484933 -0.01534336154886713 0.0021496633630279575 0.019684439408173399 0 -0.0010742043425225549 0.0086172062102624868
leaf_weight=369 88014 813 302 1774 317 4492 3364 7802 211 1276 902 20333 131099 9989 47411 816 2867 164 673 227 680 929 2178 76963 252 6332 585 242 655 2805
leaf_count=369 88014 813 302 1774 317 4492 3364 7802 211 1276 902 20333 131099 9989 47411 816 2867 164 673 227 680 929 2178 76963 252 6332 585 242 655 2805
internal_value=-7.76538e-06 0.00465199 -0.000120886 -0.000566214 0.000458153 0.0029549 0.00249253 -0.000703013 -0.00229502 -0.000514182 -0.00169702 -0.00149354 -0.000639772 -0.00300905 -0.000488256 0.00613609 0.00731186 0.0105438 0.00671772 0.000958542 0.0176268 0.000491325 0.00270815 0.000351463 0.000916946 0.00101696 0.00666167 0.0137941 0.00544543 0.00670072
internal_weight=414836 9750 405086 229274 175812 8477 7193 220797 23220 197577 21446 21235 189775 11265 178510 3985 3683 2557 1713 1040 844 175495 10266 165229 88266 7261 3005 827 3829 3460
internal_count=414836 9750 405086 229274 175812 8477 7193 220797 23220 197577 21446 21235 189775 11265 178510 3985 3683 2557 1713 1040 844 175495 10266 165229 88266 7261 3005 827 3829 3460
is_linear=0
shrinkage=0.03


Tree=6
num_leaves=31
num_cat=0
split_feature=41 36 29 22 38 17 54 11 61 4 134 14 16 42 78 15 35 82 14 120 58 42 51 25 41 41 10 17 33 1
split_gain=201.795 128.462 106.576 120.207 115.247 185.069 112.637 99.8721 110.159 114.062 97.4632 82.6225 89.4934 95.3018 75.7791 71.9384 70.5447 69.2458 67.2514 65.4855 65.3995 64.5332 63.116 62.9195 60.5686 57.7015 56.9306 54.0664 51.4406 48.2241
threshold=-0.066265549510717378 0.68151316046714794 -0.00019487296958686781 1.0923955440521242 -0.017127021215856072 0.74896535277366649 1.0889381766319277 0.92690601944923412 0.82833755016326915 0.40624935925006872 0.25803883373737341 0.98201870918273937 0.76763245463371288 0.066981181502342238 0.70000001788139354 1.0234916210174563 0.78287872672081005 0.37500000000000006 0.96087288856506359 0.46666653454303747 0.93714612722396862 0.033842297270894058 0.97652587294578563 0.013608650304377081 0.033755537122488029 -0.082324188202619539 1.0180897116661074 0.66978281736373912 0.12315318360924722 0.064274493604898467
decision_type=8 10 8 10 8 8 10 8 8 10 10 8 8 10 10 10 10 2 8 10 10 10 10 8 10 10 10 10 10 10
left_child=1 17 6 4 5 19 11 10 9 -9 27 12 28 26 -3 -13 24 -1 -16 20 -4 -7 -18 -10 -17 -20 -14 -6 -2 -8
right_child=2 14 3 -5 7 21 29 8 23 -11 -12 15 13 -15 18 16 22 -19 25 -21 -22 -23 -24 -25 -26 -27 -28 -29 -30 -31
leaf_value=0.0050639370485794132 0 0.022307618869625557 0 0.0052665739890326762 0.018879937932880345 -0.0046515539799958537 0.002612148885754801 0.0016029924443117553 0.001330522393922535 0.0091002587690660382 -0.017964150359830105 3.4548707840112691e-05 -0.0051676199396742811 0.0095385954721298599 -0.0079140298691484645 -0.0018806006720624162 -0.0019566199355128674 -0.00060721130481757707 0.015596880579100175 0.0052045369587581736 -0.018243703954958272 0.002669994384966041 0.0012350547609863371 4.963407727847301e-06 0.0034419564350648877 0.0035089725101179487 0.003067807692449259 -0.0050909892326364142 -0.025473339733878539 0.012022840070185182
leaf_weight=4023 102 419 228 4414 101 2007 4641 7449 40522 2471 504 83011 5531 470 189 62317 8352 3553 768 125 1081 2271 16595 159403 1929 821 813 240 245 563
leaf_count=4023 102 419 228 4414 101 2007 4641 7449 40522 2471 504 83011 5531 470 189 62317 8352 3553 768 125 1081 2271 16595 159403 1929 821 813 240 245 563
internal_value=3.13271e-05 0.00428718 -7.07392e-05 0.000373122 0.000271446 -0.00392107 -0.000603378 0.000386894 0.000430157 0.00351524 -0.00977156 -0.000731173 -0.0038918 -0.00305181 0.0106813 -0.000597561 -0.0011891 0.00237019 0.00755693 -0.0131801 -0.0152133 -0.000700731 0.000153788 0.000275242 -0.0017151 0.00965904 -0.00405876 0.00183051 -0.018504 0.00372981
internal_weight=415158 9773 405385 220816 216402 5712 184569 210690 209845 9920 845 179365 7161 6814 2197 172204 89193 7576 1778 1434 1309 4278 24947 199925 64246 1589 6344 341 347 5204
internal_count=415158 9773 405385 220816 216402 5712 184569 210690 209845 9920 845 179365 7161 6814 2197 172204 89193 7576 1778 1434 1309 4278 24947 199925 64246 1589 6344 341 347 5204
is_linear=0
shrinkage=0.03


Tree=7
num_leaves=31
num_cat=0
split_feature=41 36 46 32 24 82 38 17 6 138 81 11 33 68 26 13 41 91 39 86 56 24 85 82 62 16 38 69 62 23
split_gain=212 131.796 118.447 111.105 103.14 81.4655 81.3116 224.356 97.4305 74.3158 89.9812 66.7463 63.4204 87.7448 76.6999 58.3404 105.251 57.8054 53.3495 52.0031 75.5482 75.2974 84.8438 69.8182 51.8347 72.1314 58.4237 49.3307 47.9395 46.2688
threshold=-0.066265549510717378 0.78798821568489086 1.0347031950950625 -0.004925140878185629 0.10003798454999925 0.37500000000000006 -0.018235628493130204 0.74236810207366954 0.27272681891918188 0.63789105415344249 0.61666667461395275 0.9722222387790681 0.25225098431110388 0.84848490357398998 0.06047536991536618 0.91876906156539928 0.042138654738664634 0.8693467676639558 0.0072295323479920634 0.84999999403953563 0.94842833280563366 0.021318079903721813 0.77500000596046459 0.92500001192092907 0.82995113730430614 1.0501433014869692 0.014010866172611715 0.29914517700672155 0.77276524901390087 0.048825789242982871
decision_type=8 10 8 8 10 2 8 8 10 8 2 10 8 10 10 8 10 10 10 2 10 10 2 2 10 10 10 10 10 10
left_child=1 5 4 9 18 24 7 8 -5 11 -11 -4 15 14 -14 -8 -17 -15 -2 20 23 28 -23 -20 26 -26 -1 -3 -21 -9
right_child=2 27 3 6 -6 -7 12 29 -10 10 -12 -13 13 17 -16 16 -18 -19 19 21 -22 22 -24 -25 25 -27 -28 -29 -30 -31
leaf_value=0.012566429060459157 0.00025513738582524253 0.019131087510398017 0.0069532716741702348 -0.020108167005856107 -0.020182862051209942 7.1234096691357804e-05 -0.016976643764911981 -0.0025782018092053638 0 0.00036829621690136845 0.0073525907743301651 -0.0060203190504898203 -0.00014881174632786097 -0.0018569420140768891 0.0023213893909328322 -0.0014079553994245538 0.0054827333346295333 -0.018641972813440766 -0.0036009777851707622 -0.011935425503562917 0.0015028187819699213 0.00072100965010397922 0.0090727891877699588 0.019062553585120816 0.00015475535947687832 0.0098201540119106246 -0.0043435530134819326 0.0010556045371518171 0.0014090851598499933 0.0049356926180479559
leaf_weight=1377 104472 687 451 928 194 4192 195 3484 255 3105 3804 1320 139795 20598 12283 69955 2018 171 3933 235 28258 1818 3102 103 2125 1063 173 216 4144 898
leaf_count=1377 104472 687 451 928 194 4192 195 3484 255 3105 3804 1320 139795 20598 12283 69955 2018 171 3933 235 28258 1818 3102 103 2125 1063 173 216 4144 898
internal_value=1.13234e-05 0.00435999 -9.35929e-05 -0.000479317 0.000588067 0.00319377 -0.000595979 -0.00418288 -0.0156761 0.0028477 0.00426717 -0.00250823 -0.000512951 -0.000198957 4.90075e-05 -0.00126057 -0.00120912 -0.00202737 0.000620467 0.00153032 0.000947167 0.00351694 0.00606285 -0.00285749 0.0058815 0.00351221 0.0104567 0.015249 0.000573743 -0.000954805
internal_weight=415352 9833 405519 259260 146259 8930 250580 5565 1183 8680 6909 1771 245015 172847 152078 72168 71973 20769 146065 41593 32294 9299 4920 4036 4738 3188 1550 903 4379 4382
internal_count=415352 9833 405519 259260 146259 8930 250580 5565 1183 8680 6909 1771 245015 172847 152078 72168 71973 20769 146065 41593 32294 9299 4920 4036 4738 3188 1550 903 4379 4382
is_linear=0
shrinkage=0.03


end of trees

feature_importances:
ROC30=11
RESI5=11
RESI60=10
RESI30=9
ROC60=8
ROC20=7
RSQR20=7
RSQR30=7
STD30=6
BETA10=6
QTLD5=6
QTLD60=6
IMIN60=6
LOW0=5
BETA20=5
IMXD30=5
KLEN=4
KLOW2=4
HIGH0=4
ROC10=4
STD20=4
RESI10=4
QTLU60=4
KUP2=3
ROC5=3
STD10=3
BETA60=3
RSQR5=3
MAX30=3
MIN10=3
MIN30=3
MIN60=3
QTLU5=3
QTLU10=3
RSV10=3
IMIN30=3
SUMP60=3
SUMN60=3
WVMA5=3
KMID=2
MA60=2
RSQR60=2
RESI20=2
MAX5=2
QTLU30=2
QTLD10=2
IMIN10=2
SUMP5=2
VSTD10=2
KLOW=1
KSFT=1
MA5=1
MA30=1
STD5=1
STD60=1
BETA5=1
BETA30=1
MAX20=1
MAX60=1
QTLU20=1
QTLD20=1
QTLD30=1
RSV5=1
IMAX30=1
IMIN5=1
IMXD5=1
IMXD10=1
IMXD20=1
IMXD60=1
CORR30=1
CNTD5=1
CNTD10=1
CNTD60=1
SUMP10=1
SUMN20=1
SUMD5=1
SUMD30=1
WVMA10=1

parameters:
[boosting: gbdt]
[objective: regression]
[metric: l2]
[tree_learner: serial]
[device_type: cpu]
[data_sample_strategy: bagging]
[data: ]
[valid: ]
[num_iterations: 500]
[learning_rate: 0.03]
[num_leaves: 31]
[num_threads: 12]
[seed: 20260812]
[deterministic: 1]
[force_col_wise: 1]
[force_row_wise: 0]
[histogram_pool_size: -1]
[max_depth: 7]
[min_data_in_leaf: 100]
[min_sum_hessian_in_leaf: 0.001]
[bagging_fraction: 0.8]
[pos_bagging_fraction: 1]
[neg_bagging_fraction: 1]
[bagging_freq: 1]
[bagging_seed: 20260812]
[bagging_by_query: 0]
[feature_fraction: 0.8]
[feature_fraction_bynode: 1]
[feature_fraction_seed: 20260812]
[extra_trees: 0]
[extra_seed: 9622]
[early_stopping_round: 0]
[early_stopping_min_delta: 0]
[first_metric_only: 0]
[max_delta_step: 0]
[lambda_l1: 10]
[lambda_l2: 20]
[linear_lambda: 0]
[min_gain_to_split: 0]
[drop_rate: 0.1]
[max_drop: 50]
[skip_drop: 0.5]
[xgboost_dart_mode: 0]
[uniform_drop: 0]
[drop_seed: 26770]
[top_rate: 0.2]
[other_rate: 0.1]
[min_data_per_group: 100]
[max_cat_threshold: 32]
[cat_l2: 10]
[cat_smooth: 10]
[max_cat_to_onehot: 4]
[top_k: 20]
[monotone_constraints: ]
[monotone_constraints_method: basic]
[monotone_penalty: 0]
[feature_contri: ]
[forcedsplits_filename: ]
[refit_decay_rate: 0.9]
[cegb_tradeoff: 1]
[cegb_penalty_split: 0]
[cegb_penalty_feature_lazy: ]
[cegb_penalty_feature_coupled: ]
[path_smooth: 0]
[interaction_constraints: ]
[verbosity: 1]
[saved_feature_importance_type: 0]
[use_quantized_grad: 0]
[num_grad_quant_bins: 4]
[quant_train_renew_leaf: 0]
[stochastic_rounding: 1]
[linear_tree: 0]
[max_bin: 255]
[max_bin_by_feature: ]
[min_data_in_bin: 3]
[bin_construct_sample_cnt: 200000]
[data_random_seed: 20260812]
[is_enable_sparse: 1]
[enable_bundle: 1]
[use_missing: 1]
[zero_as_missing: 0]
[feature_pre_filter: 1]
[pre_partition: 0]
[two_round: 0]
[header: 0]
[label_column: ]
[weight_column: ]
[group_column: ]
[ignore_column: ]
[categorical_feature: ]
[forcedbins_filename: ]
[precise_float_parser: 0]
[parser_config_file: ]
[objective_seed: 6428]
[num_class: 1]
[is_unbalance: 0]
[scale_pos_weight: 1]
[sigmoid: 1]
[boost_from_average: 1]
[reg_sqrt: 0]
[alpha: 0.9]
[fair_c: 1]
[poisson_max_delta_step: 0.7]
[tweedie_variance_power: 1.5]
[lambdarank_truncation_level: 30]
[lambdarank_norm: 1]
[label_gain: ]
[lambdarank_position_bias_regularization: 0]
[eval_at: ]
[multi_error_top_k: 1]
[auc_mu_weights: ]
[num_machines: 1]
[local_listen_port: 12400]
[time_out: 120]
[machine_list_filename: ]
[machines: ]
[gpu_platform_id: -1]
[gpu_device_id: -1]
[gpu_device_id_list: ]
[gpu_use_dp: 0]
[num_gpu: 1]

end of parameters

pandas_categorical:null
