tree
version=v4
num_class=1
num_tree_per_iteration=1
label_index=0
max_feature_idx=157
objective=regression
feature_names=KMID KLEN KMID2 KUP KUP2 KLOW KLOW2 KSFT KSFT2 OPEN0 HIGH0 LOW0 VWAP0 ROC5 ROC10 ROC20 ROC30 ROC60 MA5 MA10 MA20 MA30 MA60 STD5 STD10 STD20 STD30 STD60 BETA5 BETA10 BETA20 BETA30 BETA60 RSQR5 RSQR10 RSQR20 RSQR30 RSQR60 RESI5 RESI10 RESI20 RESI30 RESI60 MAX5 MAX10 MAX20 MAX30 MAX60 MIN5 MIN10 MIN20 MIN30 MIN60 QTLU5 QTLU10 QTLU20 QTLU30 QTLU60 QTLD5 QTLD10 QTLD20 QTLD30 QTLD60 RANK5 RANK10 RANK20 RANK30 RANK60 RSV5 RSV10 RSV20 RSV30 RSV60 IMAX5 IMAX10 IMAX20 IMAX30 IMAX60 IMIN5 IMIN10 IMIN20 IMIN30 IMIN60 IMXD5 IMXD10 IMXD20 IMXD30 IMXD60 CORR5 CORR10 CORR20 CORR30 CORR60 CORD5 CORD10 CORD20 CORD30 CORD60 CNTP5 CNTP10 CNTP20 CNTP30 CNTP60 CNTN5 CNTN10 CNTN20 CNTN30 CNTN60 CNTD5 CNTD10 CNTD20 CNTD30 CNTD60 SUMP5 SUMP10 SUMP20 SUMP30 SUMP60 SUMN5 SUMN10 SUMN20 SUMN30 SUMN60 SUMD5 SUMD10 SUMD20 SUMD30 SUMD60 VMA5 VMA10 VMA20 VMA30 VMA60 VSTD5 VSTD10 VSTD20 VSTD30 VSTD60 WVMA5 WVMA10 WVMA20 WVMA30 WVMA60 VSUMP5 VSUMP10 VSUMP20 VSUMP30 VSUMP60 VSUMN5 VSUMN10 VSUMN20 VSUMN30 VSUMN60 VSUMD5 VSUMD10 VSUMD20 VSUMD30 VSUMD60
feature_infos=[-0.17333331704139709:0.24100260436534882] [0:0.49935737252235413] [-1:1] [0:0.2583547830581665] [0:1] [0:0.19577737152576447] [0:1] [-0.21737830340862274:0.22217290103435516] [-1:1] [0.80580008029937744:1.2096774578094482] [1:1.2203390598297119] [0.79261672496795654:1] [0.89535439014434814:1.0984309911727905] [0.56168830394744873:1.5347062349319458] [0.53571426868438721:1.8924485445022583] [0.50147104263305664:2.0343248844146729] [0.45439684391021729:2.7393617630004883] [0.3651520311832428:2.6513261795043945] [0.73896104097366333:1.2064073085784912] [0.6396104097366333:1.4220441579818726] [0.58701300621032715:1.7117466926574707] [0.56915587186813354:1.7925502061843872] [0.52184808254241943:1.6932493448257446] [0:0.19015249609947205] [0:0.2603875994682312] [0:0.35442706942558289] [0:0.5104140043258667] [0:0.46013948321342468] [-0.11732283234596252:0.10957792401313782] [-0.11732283234596252:0.060255382210016251] [-0.11732283234596252:0.048419006168842316] [-0.11732283234596252:0.048419006168842316] [-0.11732283234596252:0.048419006168842316] [0:1] [0:1] [0:1] [0:1] [0:1] [-0.15930634737014771:0.075261890888214111] [-0.19312354922294617:0.18788224458694458] [-0.29853948950767517:0.28541278839111328] [-0.40098747611045837:0.33911812305450439] [-0.77570861577987671:0.41112944483757019] [1:1.5713194608688354] [1:1.9298244714736938] [1:2.1563692092895508] [1:3.0132980346679688] [1:3.0132980346679688] [0.56493508815765381:1] [0.5292208194732666:1] [0.47760707139968872:1] [0.44164761900901794:1] [0.35305655002593994:1] [0.86623376607894897:1.3299539089202881] [0.72197312116622925:1.6361554861068726] [0.5753246545791626:2.054157018661499] [0.54870128631591797:2.0762412548065186] [0.57493376731872559:2.000354528427124] [0.59188312292098999:1.1686868667602539] [0.53538960218429565:1.227020263671875] [0.5237005352973938:1.3664377927780151] [0.48244524002075195:1.5493515729904175] [0.43922850489616394:1.5099923610687256] [0.20000000298023224:1] [0.10000000149011612:1] [0.05000000074505806:1] [0.033333335071802139:1] [0.01666666753590107:1] [0:1] [0:1] [0:1] [0:1] [0:1] [0.20000000298023224:1] [0.10000000149011612:1] [0.05000000074505806:1] [0.033333335071802139:1] [0.01666666753590107:1] [0.20000000298023224:1] [0.10000000149011612:1] [0.05000000074505806:1] [0.033333335071802139:1] [0.01666666753590107:1] [-0.80000001192092896:0.80000001192092896] [-0.89999997615814209:0.89999997615814209] [-0.94999998807907104:0.94999998807907104] [-0.96666663885116577:0.96666663885116577] [-0.98333334922790527:0.98333334922790527] [-1:1] [-1:1] [-1:1] [-1:1] [-1:1] [-1:1] [-1:1] [-1:1] [-1:1] [-1:1] [0:1] [0:1] [0:0.94999998807907104] [0:0.92307692766189575] [0:0.92307692766189575] [0:1] [0:1] [0:0.89999997615814209] [0:0.8571428656578064] [0:0.8571428656578064] [-1:1] [-1:1] [-0.83333331346511841:0.92307692766189575] [-0.83333331346511841:0.92307692766189575] [-0.83333331346511841:0.92307692766189575] [0:1] [0:1] [0:1] [0:1] [0:1] [0:1] [0:1] [0:1] [0:1] [0:1] [-1:1] [-1:1] [-1:1] [-1:1] [-1:1] [0.20004743337631226:15222.455078125] [0.10012400150299072:19018.634765625] [0.050104878842830658:17437.12890625] [0.033520448952913284:22716.572265625] [0.017187755554914474:26107.111328125] [0.00080492562847211957:21624.73828125] [0.0021778203081339598:58684.484375] [0.0021778203081339598:44502.63671875] [0.0021778203081339598:36894.8125] [0.0021778203081339598:26550.70703125] [0:2.2360680103302002] [0:3.1615598201751709] [0:4.4708261489868164] [0:5.4658303260803223] [0:7.5986995697021484] [0:1] [0:1] [0:1] [0:1] [0:1] [0:1] [0:1] [0:1] [0:1] [0:1] [-1:1] [-1:1] [-1:1] [-1:1] [-1:1]
tree_sizes=3077 3073 3011 3060

Tree=0
num_leaves=31
num_cat=0
split_feature=16 25 40 71 44 22 35 41 74 109 16 114 15 48 42 109 28 23 36 28 20 16 36 82 140 109 45 1 17 34
split_gain=194.955 149.814 100.858 157.181 129.21 136.85 127.044 113.251 92.0458 83.9179 82.4647 75.9482 66.9397 82.6269 61.9572 60.1811 54.3082 53.1612 52.2022 51.1955 49.1224 48.3509 46.4955 51.6083 41.7371 41.393 35.4993 35.2164 32.8454 32.2578
threshold=1.2182191014289858 0.012520544230937959 -0.043583191931247704 0.5565219819545747 1.0388349890708926 0.77643781900405895 0.83247667551040661 -0.061448229476809495 0.15000000223517421 0.58571431040763866 1.1116137504577639 0.67816087603569042 0.7266124188899995 0.92157915234565746 -0.076064079999923692 0.18333333730697635 0.033457472920417793 0.017192179337143901 0.80598092079162609 0.0083653861656785029 0.99949973821640026 1.1666666865348818 0.38778497278690344 0.84166666865348827 0.77959755063056957 0.35416667163372045 1.1532144546508791 0.051053501665592201 1.0169502496719363 0.84421622753143322
decision_type=10 10 10 10 10 10 10 10 2 2 10 10 8 10 10 2 10 10 10 10 10 10 10 2 10 2 10 10 10 10
left_child=1 20 3 21 10 16 7 8 -5 14 12 -9 29 -14 -7 -8 19 -2 -19 -6 -1 25 -12 -24 -20 28 -26 -17 -3 -4
right_child=17 2 4 6 5 9 15 11 -10 -11 22 -13 13 -15 -16 27 -18 18 24 -21 -22 -23 23 -25 26 -27 -28 -29 -30 -31
leaf_value=0.0022973510285392586 -0.00028395822952620431 0.0011638604105930395 -0.017921870959940866 -0.0010362746769231137 -0.0054719201288278892 0.00093415928566256007 0.0061085597247724673 0.0035910885674165804 0.020902785611708677 0.007032581346922852 -0.0076981365325276586 0.026112543392202762 0.0025184821846680329 -0.00023328636875363795 -0.0015643443985112371 -0.0029257702154089774 4.6847287063133691e-11 0.0046724755850108494 0.00071966429560155741 -0.027214901640782631 0.00043952639554842841 0.0082423560950199426 0.007784029253416965 0.0015857752062720446 4.6847287063133691e-11 -0.013270373626324841 0.017477701087422397 -0.024787011756488155 -0.0029724022002939488 4.6847287063133691e-11
leaf_weight=26789 709 4944 260 176 216 9749 184 2123 947 1065 271 132 10497 147420 89871 190 144 1769 256 299 25456 572 2242 2959 127 208 958 137 2610 101
leaf_count=26789 709 4944 260 176 216 9749 184 2123 947 1065 271 132 10497 147420 89871 190 144 1769 256 299 25456 572 2242 2959 127 208 958 137 2610 101
internal_value=3.60001e-06 -7.37922e-05 -0.000352307 0.0023057 -0.000476159 -0.00131804 0.00726909 0.00940986 0.017244 -0.00122401 4.31425e-05 0.00525926 -8.0392e-05 -4.81766e-05 -0.00131669 -0.00613903 -0.0147827 0.00672593 0.00841145 -0.0192017 0.00139839 4.68473e-11 0.00365829 0.00433471 0.0129822 -0.000650946 0.0155386 -0.0138501 -0.000229735 -0.0126431
internal_weight=333381 329562 277317 12223 265094 101344 3889 3378 1123 100685 163750 2255 158278 157917 99620 511 659 3819 3110 515 52245 8334 5472 5201 1341 7762 1085 327 7554 361
internal_count=333381 329562 277317 12223 265094 101344 3889 3378 1123 100685 163750 2255 158278 157917 99620 511 659 3819 3110 515 52245 8334 5472 5201 1341 7762 1085 327 7554 361
is_linear=0
shrinkage=1


Tree=1
num_leaves=31
num_cat=0
split_feature=16 25 29 57 41 36 41 14 79 28 53 3 43 82 50 44 30 52 65 17 62 86 17 77 59 56 4 125 113 33
split_gain=179.414 143.235 103.878 95.5222 75.7211 112.854 86.6072 67.4516 64.2268 63.979 80.4585 88.6296 60.9644 76.8831 75.3381 58.7557 55.4805 54.8397 54.5919 53.8596 53.4527 51.9384 50.4227 104.832 44.4531 70.6648 37.9601 37.7815 42.2716 37.3062
threshold=1.2182191014289858 0.012409791350364687 -0.00023658247664570806 1.1680821776390078 -0.034607334062457078 0.76638153195381176 -0.06884815543889998 0.98362508416175853 0.84999999403953563 -0.011353900656104086 1.0921263694763186 0.015873038209974769 1.0466101765632632 0.72499999403953563 0.70915198326110851 1.0407747626304629 -0.0070894509553909293 0.75673791766166698 0.52704679965972911 0.66361886262893688 0.75438064336776745 -0.78333333134651173 1.0843551754951479 0.32500000298023229 0.93746280670166027 0.99232953786849987 0.42104916274547582 -0.33615240454673762 0.45000015199184423 0.72155153751373302
decision_type=10 10 10 10 10 10 10 8 2 10 10 10 10 2 10 10 10 10 8 8 10 2 8 2 10 10 10 10 10 10
left_child=1 18 4 9 5 8 -7 24 17 10 11 -4 14 -14 -11 -9 21 -3 -1 -17 -10 -2 23 -5 -6 -26 -8 -24 -29 -12
right_child=16 2 3 22 7 6 26 15 20 12 29 -13 13 -15 -16 19 -18 -19 -20 -21 -22 -23 27 -25 25 -27 -28 28 -30 -31
leaf_value=0.0002953948206951106 0.012210381158923327 -0.008463342500834841 0.0034039771490966173 0.02982522289197375 -0.01887975623283316 0.02003177597020547 0.0060945028235360552 -0.00024851894713663684 0.0093833458817933098 -0.010030480351928011 -0.020485031348115836 0.01829720790258646 -0.0038623370776050582 0.0028690370431594982 0.00017876086907287088 0.013641997369652117 0.001129604026611725 -0.0012655382013717119 0.002284199483267595 -0.0018294289843096636 0.0003177211327448561 0.0025199422713127755 -0.0031511201081524521 -0.001086252556394851 0.0022200124704830756 -0.0059850086944597865 -0.0041938101837170703 0.011423851346709838 0.0026335056879857152 0
leaf_weight=23476 1645 1290 2387 189 184 365 1496 38089 588 633 136 429 7118 1875 132678 179 1300 4059 27332 58373 19678 852 537 151 1170 3910 359 721 1954 128
leaf_count=23476 1645 1290 2387 189 184 365 1496 38089 588 633 136 429 7118 1875 132678 179 1300 4059 27332 58373 19678 852 537 151 1170 3910 359 721 1954 128
internal_value=-1.59164e-05 -9.17249e-05 -0.000359681 0.00017921 -0.00098055 0.000397648 0.00685806 -0.00135995 -0.000155474 5.80331e-05 0.00432241 0.00589169 -3.27508e-05 -0.00242234 0.000126537 -0.00117505 0.00644976 -0.00308234 0.00137165 -0.00177237 0.000604532 0.0090694 0.00502692 0.0159659 -0.00468031 -0.00403515 0.0039199 0.00368454 0.0051813 -0.0105963
internal_weight=333281 329484 278676 148936 129740 27835 2220 101905 25615 145384 3080 2816 142304 8993 133311 96641 3797 5349 50808 58552 20266 2497 3552 340 5264 5080 1855 3212 2675 264
internal_count=333281 329484 278676 148936 129740 27835 2220 101905 25615 145384 3080 2816 142304 8993 133311 96641 3797 5349 50808 58552 20266 2497 3552 340 5264 5080 1855 3212 2675 264
is_linear=0
shrinkage=0.03


Tree=2
num_leaves=31
num_cat=0
split_feature=21 26 38 122 39 60 26 51 34 27 39 81 46 36 33 116 37 121 4 52 79 10 50 48 52 109 18 82 86 16
split_gain=190.493 133.981 94.8647 157.62 110.273 98.3128 105.347 97.8003 107.809 90.9726 86.8749 83.8147 78.4195 74.8366 74.4184 69.4413 64.3832 60.6927 56.2561 49.4147 48.7005 48.1938 41.5078 43.9918 39.6667 38.7434 34.8541 34.6954 34.237 56.2003
threshold=1.14061576128006 0.015629536472260955 -0.016840744763612744 0.35081142187118536 -0.036001298576593392 0.75193345546722423 0.06560013443231584 0.90288320183753978 0.20625065267086032 0.082551665604114546 -0.016609647311270233 0.050000002607703216 1.0083111524581911 0.53556689620018016 0.97246596217155468 0.38549618422985082 0.88569951057434093 0.23381305485963824 0.45454554259777075 0.75673791766166698 0.55000001192092907 1.0146705508232119 0.70915198326110851 0.91098573803901683 0.97892123460769664 0.18333333730697635 1.0273942947387698 0.10833333432674409 -0.55000001192092884 0.98286670446395885
decision_type=10 10 8 10 10 10 10 10 10 10 10 2 10 10 10 10 10 10 10 10 2 10 10 10 10 2 10 2 2 8
left_child=1 20 3 11 13 22 12 8 19 -8 -10 16 -7 21 15 24 -3 -13 26 -5 27 -4 23 -6 -2 -19 -15 -1 -9 -30
right_child=14 2 4 7 5 6 9 28 10 -11 -12 17 -14 18 -16 -17 -18 25 -20 -21 -22 -23 -24 -25 -26 -27 -28 -29 29 -31
leaf_value=0.00085322056723742123 0.016026060403833857 -0.030435048358979706 -0.010229414124863083 0.021836265359078538 -0.019498562461295867 0.0011898606852592196 -0.00053472788947595505 -0.00028487035460061173 0.0024761290514911782 0.003608929899363433 -0.009976913942563604 0.012332836445844307 -0.000621495722152658 -0.0012536091308044106 -0.012215233023138079 0 -0.0072571874622872198 0.0010951197061663622 0.02125158008834916 0.0049408937457462356 0.00026818879558020647 0.0029215725055943952 0.00011933118401729798 0 0.0065499320747592028 -0.014934555637652586 0.0092917074148229327 0.0029662134296753804 5.6684165777804314e-05 -0.010742105802547528
leaf_weight=12376 1039 334 272 267 428 23690 8102 870 1616 11178 699 112 222879 322 126 524 236 154 314 523 23440 1621 162 100 947 369 975 17715 532 1487
leaf_count=12376 1039 334 272 267 428 23690 8102 870 1616 11178 699 112 222879 322 126 524 236 154 314 523 23440 1621 162 100 947 369 975 17715 532 1487
internal_value=0 -6.40947e-05 -0.000330287 -0.00372711 -0.000238352 -0.000309094 -0.000278142 -0.00165998 0.00196079 0.00185335 -0.00120876 -0.0135697 -0.000446164 0.0050289 0.00800237 0.0092244 -0.0219184 -0.00517719 0.00975754 0.0114196 0.00130855 0.000787931 -0.0114683 -0.0154456 0.0117674 -0.00979556 0.0064666 0.00210828 -0.00564132 -0.00777688
internal_weight=333409 330773 277242 7199 270043 266539 265849 5994 3105 19280 2315 1205 246569 3504 2636 2510 570 635 1611 790 53531 1893 690 528 1986 523 1297 30091 2889 2019
internal_count=333409 330773 277242 7199 270043 266539 265849 5994 3105 19280 2315 1205 246569 3504 2636 2510 570 635 1611 790 53531 1893 690 528 1986 523 1297 30091 2889 2019
is_linear=0
shrinkage=0.03


Tree=3
num_leaves=31
num_cat=0
split_feature=56 29 18 38 112 28 36 57 86 26 2 3 82 5 73 17 38 49 16 46 27 77 82 77 113 1 35 87 87 109
split_gain=175.451 135.639 112.637 94.6742 103.267 94.547 107.17 92.6937 91.4106 82.0563 80.9795 66.4838 66.4742 72.868 64.0901 93.5226 60.0243 73.48 100.639 67.4737 55.7708 55.5101 59.1504 52.1734 50.8354 49.7644 61.8674 55.2835 47.9917 47.0482
threshold=1.1777095198631289 -0.00037761937710456545 0.95201623439788829 -0.024575845338404175 0.15047170221805575 -0.012429699767380951 0.53556689620018016 1.1680821776390078 -0.74999999999999989 0.015337327029556038 0.47999992966651922 0.01473292848095298 0.22500000149011615 0.014519045595079662 0.70000001788139354 1.1001955270767214 0.021162053570151333 0.98141115903854381 0.79874777793884288 1.05780565738678 0.054899273440241821 0.52500000596046459 0.058333335444331176 0.37500000000000006 0.76829245686531078 0.057015027850866325 0.61511346697807323 -0.94166666269302357 0.24166666716337207 0.58571431040763866
decision_type=10 8 10 8 2 8 10 10 2 10 10 10 2 10 10 8 8 10 8 10 10 2 2 2 10 10 10 2 2 2
left_child=1 2 24 4 29 6 -5 9 25 -7 -8 -11 13 23 15 -9 17 19 -19 -14 -18 -15 -23 -4 -1 27 -27 -2 -25 -3
right_child=8 3 12 5 -6 7 10 14 -10 11 -12 -13 16 21 -16 -17 20 18 -20 -21 -22 22 -24 28 -26 26 -28 -29 -30 -31
leaf_value=-0.020970722010104935 -0.0052665005399069164 -0.0049509444399259027 0.0016287815042335047 0 -0.018674059286346852 0.0017787783196520262 0.015499311137449536 0.03143240208708984 0.0012738894428017289 -0.00010594294508091841 -0.0042813303644876352 0.0025733599298423887 -0.00022830306805141559 -0.00097017469376737718 0.00077054376641456641 0.0067020630717065663 -0.0026330562705464615 0.025823455480208923 -0.00065258109500355727 -0.0030976386618374522 0.007731279293446666 0.0014964832025091293 0.012419733961260377 -0.011777370942069484 0 -0.00049932187198092469 0.020115422114142259 0.0085460924213277816 -0.00057007199898083567 0.0092940005330184022
leaf_weight=339 267 901 11717 1232 449 30180 1088 143 2570 135491 188 8856 10484 915 1667 1718 666 109 58418 26904 1268 885 1067 331 108 129 610 1646 32669 242
leaf_count=339 267 901 11717 1232 449 30180 1088 143 2570 135491 188 8856 10484 915 1667 1718 666 109 58418 26904 1268 885 1067 331 108 129 610 1646 32669 242
internal_value=1.46291e-05 -7.14772e-05 -0.000753888 0.000473412 -0.00675119 0.000539513 0.00630989 0.000455849 0.00546051 0.000356373 0.0123323 5.66938e-05 -0.000704393 0.000209972 0.00526256 0.00907585 -0.00115207 -0.00126026 -0.000589344 -0.00230162 0.00401822 0.00483112 0.00768487 -8.16311e-05 -0.0154951 0.0093655 0.0162033 0.00642851 -0.000698635 -0.00156904
internal_weight=333257 328035 145880 182155 1592 180563 2508 178055 5222 174527 1276 144347 145433 47584 3528 1861 97849 95915 58527 37388 1934 2867 1952 44717 447 2652 739 1913 33000 1143
internal_count=333257 328035 145880 182155 1592 180563 2508 178055 5222 174527 1276 144347 145433 47584 3528 1861 97849 95915 58527 37388 1934 2867 1952 44717 447 2652 739 1913 33000 1143
is_linear=0
shrinkage=0.03


end of trees

feature_importances:
ROC30=6
RSQR30=5
IMIN60=5
CNTD10=5
ROC60=4
BETA5=4
STD30=3
RESI5=3
RESI30=3
MIN60=3
IMAX60=3
IMXD30=3
KLEN=2
KUP=2
KUP2=2
MA5=2
STD20=2
STD60=2
BETA10=2
RSQR5=2
RSQR10=2
RSQR20=2
RESI10=2
MAX10=2
MAX30=2
MIN5=2
MIN20=2
QTLU30=2
QTLU60=2
IMIN10=2
IMXD60=2
SUMP5=2
KMID2=1
KLOW=1
HIGH0=1
ROC10=1
ROC20=1
MA20=1
MA30=1
MA60=1
STD5=1
BETA20=1
RSQR60=1
RESI20=1
RESI60=1
MAX5=1
MAX20=1
MIN10=1
MIN30=1
QTLU5=1
QTLD10=1
QTLD20=1
QTLD60=1
RANK20=1
RSV30=1
IMAX5=1
IMAX10=1
IMIN30=1
CNTD60=1
SUMP10=1
SUMP30=1
SUMN30=1
SUMN60=1
SUMD20=1
WVMA20=1

parameters:
[boosting: gbdt]
[objective: regression]
[metric: l2]
[tree_learner: serial]
[device_type: cpu]
[data_sample_strategy: bagging]
[data: ]
[valid: ]
[num_iterations: 500]
[learning_rate: 0.03]
[num_leaves: 31]
[num_threads: 12]
[seed: 20260812]
[deterministic: 1]
[force_col_wise: 1]
[force_row_wise: 0]
[histogram_pool_size: -1]
[max_depth: 7]
[min_data_in_leaf: 100]
[min_sum_hessian_in_leaf: 0.001]
[bagging_fraction: 0.8]
[pos_bagging_fraction: 1]
[neg_bagging_fraction: 1]
[bagging_freq: 1]
[bagging_seed: 20260812]
[bagging_by_query: 0]
[feature_fraction: 0.8]
[feature_fraction_bynode: 1]
[feature_fraction_seed: 20260812]
[extra_trees: 0]
[extra_seed: 9622]
[early_stopping_round: 0]
[early_stopping_min_delta: 0]
[first_metric_only: 0]
[max_delta_step: 0]
[lambda_l1: 10]
[lambda_l2: 20]
[linear_lambda: 0]
[min_gain_to_split: 0]
[drop_rate: 0.1]
[max_drop: 50]
[skip_drop: 0.5]
[xgboost_dart_mode: 0]
[uniform_drop: 0]
[drop_seed: 26770]
[top_rate: 0.2]
[other_rate: 0.1]
[min_data_per_group: 100]
[max_cat_threshold: 32]
[cat_l2: 10]
[cat_smooth: 10]
[max_cat_to_onehot: 4]
[top_k: 20]
[monotone_constraints: ]
[monotone_constraints_method: basic]
[monotone_penalty: 0]
[feature_contri: ]
[forcedsplits_filename: ]
[refit_decay_rate: 0.9]
[cegb_tradeoff: 1]
[cegb_penalty_split: 0]
[cegb_penalty_feature_lazy: ]
[cegb_penalty_feature_coupled: ]
[path_smooth: 0]
[interaction_constraints: ]
[verbosity: -1]
[saved_feature_importance_type: 0]
[use_quantized_grad: 0]
[num_grad_quant_bins: 4]
[quant_train_renew_leaf: 0]
[stochastic_rounding: 1]
[linear_tree: 0]
[max_bin: 255]
[max_bin_by_feature: ]
[min_data_in_bin: 3]
[bin_construct_sample_cnt: 200000]
[data_random_seed: 20260812]
[is_enable_sparse: 1]
[enable_bundle: 1]
[use_missing: 1]
[zero_as_missing: 0]
[feature_pre_filter: 1]
[pre_partition: 0]
[two_round: 0]
[header: 0]
[label_column: ]
[weight_column: ]
[group_column: ]
[ignore_column: ]
[categorical_feature: ]
[forcedbins_filename: ]
[precise_float_parser: 0]
[parser_config_file: ]
[objective_seed: 6428]
[num_class: 1]
[is_unbalance: 0]
[scale_pos_weight: 1]
[sigmoid: 1]
[boost_from_average: 1]
[reg_sqrt: 0]
[alpha: 0.9]
[fair_c: 1]
[poisson_max_delta_step: 0.7]
[tweedie_variance_power: 1.5]
[lambdarank_truncation_level: 30]
[lambdarank_norm: 1]
[label_gain: ]
[lambdarank_position_bias_regularization: 0]
[eval_at: ]
[multi_error_top_k: 1]
[auc_mu_weights: ]
[num_machines: 1]
[local_listen_port: 12400]
[time_out: 120]
[machine_list_filename: ]
[machines: ]
[gpu_platform_id: -1]
[gpu_device_id: -1]
[gpu_device_id_list: ]
[gpu_use_dp: 0]
[num_gpu: 1]

end of parameters

pandas_categorical:null
