tree
version=v4
num_class=1
num_tree_per_iteration=1
label_index=0
max_feature_idx=157
objective=regression
feature_names=KMID KLEN KMID2 KUP KUP2 KLOW KLOW2 KSFT KSFT2 OPEN0 HIGH0 LOW0 VWAP0 ROC5 ROC10 ROC20 ROC30 ROC60 MA5 MA10 MA20 MA30 MA60 STD5 STD10 STD20 STD30 STD60 BETA5 BETA10 BETA20 BETA30 BETA60 RSQR5 RSQR10 RSQR20 RSQR30 RSQR60 RESI5 RESI10 RESI20 RESI30 RESI60 MAX5 MAX10 MAX20 MAX30 MAX60 MIN5 MIN10 MIN20 MIN30 MIN60 QTLU5 QTLU10 QTLU20 QTLU30 QTLU60 QTLD5 QTLD10 QTLD20 QTLD30 QTLD60 RANK5 RANK10 RANK20 RANK30 RANK60 RSV5 RSV10 RSV20 RSV30 RSV60 IMAX5 IMAX10 IMAX20 IMAX30 IMAX60 IMIN5 IMIN10 IMIN20 IMIN30 IMIN60 IMXD5 IMXD10 IMXD20 IMXD30 IMXD60 CORR5 CORR10 CORR20 CORR30 CORR60 CORD5 CORD10 CORD20 CORD30 CORD60 CNTP5 CNTP10 CNTP20 CNTP30 CNTP60 CNTN5 CNTN10 CNTN20 CNTN30 CNTN60 CNTD5 CNTD10 CNTD20 CNTD30 CNTD60 SUMP5 SUMP10 SUMP20 SUMP30 SUMP60 SUMN5 SUMN10 SUMN20 SUMN30 SUMN60 SUMD5 SUMD10 SUMD20 SUMD30 SUMD60 VMA5 VMA10 VMA20 VMA30 VMA60 VSTD5 VSTD10 VSTD20 VSTD30 VSTD60 WVMA5 WVMA10 WVMA20 WVMA30 WVMA60 VSUMP5 VSUMP10 VSUMP20 VSUMP30 VSUMP60 VSUMN5 VSUMN10 VSUMN20 VSUMN30 VSUMN60 VSUMD5 VSUMD10 VSUMD20 VSUMD30 VSUMD60
feature_infos=[-0.16749253869056702:0.24100260436534882] [0:0.49935737252235413] [-1:1] [0:0.2583547830581665] [0:1] [0:0.19577737152576447] [0:1] [-0.22120867669582367:0.222027987241745] [-1:1] [0.80580008029937744:1.2011904716491699] [1:1.2212086915969849] [0.80375176668167114:1] [0.86522871255874634:1.1014472246170044] [0.56168830394744873:1.5347062349319458] [0.53571426868438721:1.8924485445022583] [0.50147104263305664:2.2146341800689697] [0.45439684391021729:2.740487813949585] [0.3651520311832428:2.6507797241210938] [0.73896104097366333:1.2064073085784912] [0.6396104097366333:1.4220441579818726] [0.58701300621032715:1.7117466926574707] [0.56915587186813354:1.9959673881530762] [0.52184808254241943:1.8249267339706421] [0:0.19015249609947205] [0:0.2603875994682312] [0:0.36472421884536743] [0:0.57258552312850952] [0:0.50059491395950317] [-0.11732283234596252:0.10957792401313782] [-0.11732283234596252:0.086972601711750031] [-0.11732283234596252:0.086972601711750031] [-0.11732283234596252:0.086972601711750031] [-0.11732283234596252:0.086972601711750031] [0:1] [0:1] [0:1] [0:1] [0:1] [-0.15930634737014771:0.076547868549823761] [-0.24554997682571411:0.18788224458694458] [-0.26889833807945251:0.28541278839111328] [-0.40098747611045837:0.33911812305450439] [-0.96870207786560059:0.41112944483757019] [1:1.5713194608688354] [1:1.9298244714736938] [1:2.2439024448394775] [1:3.3160974979400635] [1:3.3160974979400635] [0.56493508815765381:1] [0.5292208194732666:1] [0.47760707139968872:1] [0.44164761900901794:1] [0.35305655002593994:1] [0.86623376607894897:1.3299539089202881] [0.72197312116622925:1.6361554861068726] [0.5753246545791626:2.054157018661499] [0.54870128631591797:2.423609733581543] [0.57532471418380737:2.2013657093048096] [0.59188312292098999:1.1686868667602539] [0.53538960218429565:1.227020263671875] [0.5237005352973938:1.3664377927780151] [0.48244524002075195:1.5493515729904175] [0.43624064326286316:1.5099923610687256] [0.20000000298023224:1] [0.10000000149011612:1] [0.05000000074505806:1] [0.033333335071802139:1] [0.01666666753590107:1] [0:1] [0:1] [0:1] [0:1] [0:1] [0.20000000298023224:1] [0.10000000149011612:1] [0.05000000074505806:1] [0.033333335071802139:1] [0.01666666753590107:1] [0.20000000298023224:1] [0.10000000149011612:1] [0.05000000074505806:1] [0.033333335071802139:1] [0.01666666753590107:1] [-0.80000001192092896:0.80000001192092896] [-0.89999997615814209:0.89999997615814209] [-0.94999998807907104:0.94999998807907104] [-0.96666663885116577:0.96666663885116577] [-0.98333334922790527:0.98333334922790527] [-1:1] [-1:1] [-1:1] [-1:1] [-1:1] [-1:1] [-1:1] [-1:1] [-1:1] [-1:1] [0:1] [0:1] [0:0.92307692766189575] [0:0.92307692766189575] [0:0.92307692766189575] [0:1] [0:1] [0:0.89999997615814209] [0:0.8461538553237915] [0:0.8461538553237915] [-1:1] [-1:1] [-0.83333331346511841:0.92307692766189575] [-0.83333331346511841:0.92307692766189575] [-0.83333331346511841:0.92307692766189575] [0:1] [0:1] [0:1] [0:1] [0:1] [0:1] [0:1] [0:1] [0:1] [0:1] [-1:1] [-1:1] [-1:1] [-1:1] [-1:1] [0.20044094324111938:26452.083984375] [0.10269047319889069:23627.859375] [0.051933832466602325:17437.12890625] [0.035388953983783722:22716.572265625] [0.019384508952498436:26107.111328125] [0.00080492562847211957:59102.5] [0.0021778203081339598:58684.484375] [0.0021778203081339598:44502.63671875] [0.0021778203081339598:36894.8125] [0.0021778203081339598:26550.70703125] [0:2.2360680103302002] [0:3.1571171283721924] [0:4.4644002914428711] [0:5.4658303260803223] [0:7.5907049179077148] [0:1] [0:1] [0:1] [0:1] [0:1] [0:1] [0:1] [0:1] [0:1] [0:1] [-1:1] [-1:1] [-1:1] [-1:1] [-1:1]
tree_sizes=3082 3083 3108 3040

Tree=0
num_leaves=31
num_cat=0
split_feature=16 25 74 31 18 54 56 40 18 33 48 46 24 86 123 60 49 8 80 32 26 3 113 58 77 27 77 10 37 24
split_gain=200.141 154.255 96.3576 157.454 95.7849 72.8062 65.7269 65.5023 68.8913 80.5924 72.2289 63.2279 67.3671 61.7741 54.2895 57.791 52.3481 52.165 50.2596 62.6043 61.6115 48.7961 45.3018 41.0211 37.9878 35.2746 31.5175 28.2483 28.192 28.1858
threshold=1.2186962962150576 0.012374602723866703 0.45000000298023229 -0.0051094768568873397 0.95253267884254467 1.0886594057083132 1.1776496767997744 -0.060805978253483765 1.0582133531570437 0.55458059906959545 0.94707143306732189 1.0042927861213686 0.10023414716124536 -0.74999999999999989 0.59420278668403637 0.95183295011520397 0.95344504714012157 -0.19999267905950543 0.17500000447034839 0.0028103785589337353 0.030110178515315059 0.015177845954895021 0.50859612226486217 1.0087613463401797 0.45833332836627966 0.064262554049491896 0.058333335444331176 1.0227378010749819 0.11752379685640336 0.016962277702987198
decision_type=10 10 2 8 8 10 10 10 10 10 10 10 10 2 10 10 10 10 2 10 10 10 8 10 2 10 2 10 10 10
left_child=1 22 4 16 14 18 -2 8 10 -10 -5 12 -9 26 15 -3 24 -7 19 -6 -20 -13 -1 -19 29 -18 -8 -27 -28 -4
right_child=6 2 3 7 5 17 13 11 9 -11 -12 21 -14 -15 -16 -17 25 23 20 -21 -22 -23 -24 -25 -26 27 28 -29 -30 -31
leaf_value=0.00050975267778335031 0.00064384279805278005 -0.025418815169455461 -0.0017154771855546562 -0.011193868602559789 -0.00069504008956809346 4.3975999980148082e-05 0.0030722845224929844 0.0019764258332319786 -0.024816190556341884 0.0021815462815073521 0.011612888595513286 -0.00043324685438082204 -0.01929030619267464 0.0024641353335068967 0.0031852634018188259 -0.00066393769382290871 0.0044300546349342815 0.0037982655352694463 -0.00066502657557700575 0.0027752325609322983 -0.0022108138595749631 0.001862850022108196 0.002329305199134771 0.015133321566616819 -0.0036385580200881903 0.017388470331959671 0.0023083609077316778 0.002329299644886504 0.016607694143509832 0.0069833791041948685
leaf_weight=24150 1164 289 357 110 19958 3870 334 15018 100 500 1206 121554 113 869 108 154 688 1969 51764 6080 43227 8887 26269 360 528 686 202 199 1202 1479
leaf_count=24150 1164 289 357 110 19958 3870 334 15018 100 500 1206 121554 113 869 108 154 688 1969 51764 6080 43227 8887 26269 360 528 686 202 199 1202 1479
internal_value=1.64298e-05 -6.14897e-05 -0.000338171 0.000172113 -0.000945165 -0.000887471 0.0068709 1.16292e-05 0.00549518 -0.00248958 0.00934296 -5.9229e-05 0.00177255 0.00951095 -0.0132438 -0.0178616 0.00607791 0.00226346 -0.00105168 0.000105281 -0.00137193 -0.000274252 0.00146426 0.005792 0.00303164 0.0103722 0.0127956 0.0144601 0.0148224 0.00513004
internal_weight=333394 329623 279204 151425 127779 127228 3771 147488 1916 600 1316 145572 15131 2607 551 443 3937 6199 121029 26038 94991 130441 50419 2329 2364 1573 1738 885 1404 1836
internal_count=333394 329623 279204 151425 127779 127228 3771 147488 1916 600 1316 145572 15131 2607 551 443 3937 6199 121029 26038 94991 130441 50419 2329 2364 1573 1738 885 1404 1836
is_linear=0
shrinkage=1


Tree=1
num_leaves=31
num_cat=0
split_feature=16 26 29 28 28 38 38 117 54 41 126 36 56 26 32 16 87 114 57 58 87 68 36 34 58 65 36 24 33 126
split_gain=186.452 139.674 107.492 113.856 88.8082 91.1125 87.5078 167.661 80.4961 85.8721 77.1556 76.5783 75.7049 117.509 71.0285 125.466 74.1554 69.5566 69.3916 65.5605 55.8628 51.6353 62.4206 50.5405 51.9226 48.7533 47.4611 47.1283 39.678 47.3251
threshold=1.2186962962150576 0.015744298696517948 -0.0004239714471623301 0.013003400061279537 -0.010312361177057026 -0.024867719039320942 -0.016962176188826558 0.64776113629341137 1.0886594057083132 -0.081110570579767213 0.30516418814659124 0.78437161445617687 0.95496711134910595 0.042012339457869537 0.003416247665882111 0.74736756086349498 0.82499998807907116 0.56862768530845653 1.2194364666938784 0.93934267759323131 -0.54166668653488148 0.11040866002440454 0.63387188315391552 0.041054526343941695 0.94248825311660778 0.51249998807907116 0.59816744923591625 0.038008857518434531 0.92780333757400524 -0.28873245418071741
decision_type=10 10 10 10 8 10 10 10 10 10 10 10 10 10 10 8 2 8 10 10 2 10 10 10 10 8 10 10 10 10
left_child=1 25 3 8 5 -4 7 11 9 10 -3 -6 -7 -14 15 -8 -16 -11 -2 -9 -5 -10 -23 -22 -25 -1 -20 -28 29 -29
right_child=18 2 4 20 6 12 14 19 21 17 -12 -13 13 -15 16 -17 -18 -19 26 -21 23 22 -24 24 -26 -27 27 28 -30 -31
leaf_value=0.00028527487184888944 -0.0020411460606918597 0.0030882419912679547 -0.015064885455113836 -0.00026915914131174409 -0.0027324503089762634 -0.0070438761905251513 -0.01367784965698206 0 -0.00021993282283519207 -0.0010014647990941349 0.027114678777467743 0.0095914663429581635 6.2476667776965834e-05 0.010997132060928227 0.00055902700649121612 -2.8111522832332052e-06 0.0047802141726044321 -0.0047493501226499165 0.0010764163776911025 -0.017749148515146224 -0.0020836134098661356 0.0023864531471346167 0.01209239333871175 -0.02427747140575031 -0.0082737425656463429 0.0021054356662382578 0.0040913964957241577 0.0185850691442653 0.002472565014085281 0.0014235115701616819
leaf_weight=24382 630 581 180 645 2679 363 587 207 3623 109763 149 522 1537 2259 11436 124444 5703 4681 705 880 438 2603 812 376 561 30141 848 1053 306 216
leaf_count=24382 630 581 180 645 2679 363 587 207 3623 109763 149 522 1537 2259 11436 124444 5703 4681 705 880 438 2603 812 376 561 30141 848 1053 306 216
internal_value=-1.1396e-05 -8.82581e-05 -0.00036412 -0.00101783 0.000172502 0.00439297 4.48347e-05 -0.00416475 -0.000897578 -0.00108975 0.00898455 -0.000582524 0.00537495 0.00667184 0.000174478 -7.15895e-05 0.00198504 -0.00115819 0.00661429 -0.0142416 -0.00806579 0.00219883 0.00483858 -0.0114518 -0.0153824 0.00129739 0.00845474 0.0104524 0.0135948 0.0159641
internal_weight=333310 329552 275029 124232 150797 4339 146458 4288 122212 115174 730 3201 4159 3796 142170 125031 17139 114444 3758 1087 2020 7038 3415 1375 937 54523 3128 2423 1575 1269
internal_count=333310 329552 275029 124232 150797 4339 146458 4288 122212 115174 730 3201 4159 3796 142170 125031 17139 114444 3758 1087 2020 7038 3415 1375 937 54523 3128 2423 1575 1269
is_linear=0
shrinkage=0.03


Tree=2
num_leaves=31
num_cat=0
split_feature=16 25 29 28 37 38 28 112 36 40 36 2 38 22 35 23 6 5 82 115 54 27 34 36 140 49 29 58 113 52
split_gain=173.125 148.134 95.7111 103.423 107.428 86.0206 113.437 113.252 84.6507 84.0882 140.566 73.5979 71.2086 70.4107 67.3325 64.1044 63.626 57.7146 57.1864 52.7818 52.2281 51.8735 50.5137 48.7919 49.0666 47.5982 37.555 39.5736 37.1229 37.0413
threshold=1.2186962962150576 0.012257399037480356 -0.0004239714471623301 0.014923185575753452 0.52593699097633373 -0.024867719039320942 -0.012465946376323698 0.15047170221805575 0.53533595800399791 -0.043654130771756165 0.76626667380332958 0.47727018594741827 -0.0099378698505461199 1.0946972966194155 0.79990479350090038 0.017193295061588291 0.58823418617248546 0.0097323423251509684 0.22500000149011615 0.33992342650890356 1.0045323371887209 0.071255486458539977 0.84098467230796825 0.80593857169151317 0.72813212871551525 0.98214283585548412 -0.0015476954868063328 0.94937527179718029 0.50859612226486217 0.88349711894989025
decision_type=10 10 10 10 10 10 10 2 10 10 10 10 10 10 10 10 10 10 2 10 10 10 10 10 10 10 10 10 8 10
left_child=1 28 3 9 26 7 8 20 17 10 12 -10 -3 16 18 -2 -8 -7 -11 -15 22 -12 -4 -17 -25 -16 27 -5 -1 -22
right_child=15 2 5 4 -6 6 13 -9 11 14 21 -13 -14 19 25 23 -18 -19 -20 -21 29 -23 -24 24 -26 -27 -28 -29 -30 -31
leaf_value=0.00057606715903345143 -0.0012383304229981542 -0.0036526889016415469 -0.016844429005358184 -0.027490080021828036 -0.001037947946177953 0.0056933110829172351 0.00024343182820221843 -0.019617620140469236 0.015213684168428877 -0.00032546280960710607 0.0021010816896036497 -0.0039166729445847225 0.0024782655114295778 -0.00037512112499351366 -0.0012806388842867271 0.0046599200744739024 -0.0019181607412097229 -0.0074908790095835334 -0.0018880444110481675 0.0076281456833523055 0.0063619005263798123 0.019021605053662426 0.0040302549847971193 -0.00093014409691871453 0.015047351426634197 0.0017657128371659117 -0.0002252968433442422 -0.0042738282967772065 0.0022481380091028927 -0.010496242562929787
leaf_weight=23566 720 2360 281 347 737 815 132662 428 1047 31687 299 181 5859 1084 7542 1713 13476 438 66141 1927 611 537 119 160 1134 11599 115 131 25582 115
leaf_count=23566 720 2360 281 347 737 815 132662 428 1047 31687 299 181 5859 1084 7542 1713 13476 438 66141 1927 611 537 119 160 1134 11599 115 131 25582 115
internal_value=7.21556e-06 -6.47564e-05 -0.000331819 -0.000939842 -0.00922248 0.000171777 0.000246081 -0.00679879 0.0065849 -0.000848601 0.00192194 0.012136 0.00067682 0.000137759 -0.00106594 0.0064202 4.18145e-05 0.000803686 -0.00138515 0.00466442 -0.00140716 0.0135108 -0.0100237 0.00834914 0.0128594 0.000549639 -0.0185394 -0.022157 0.00145306 0.00307958
internal_weight=333413 329686 280538 127354 1330 153184 151630 1554 2481 126024 9055 1228 8219 149149 116969 3727 146138 1253 97828 3011 1126 836 400 3007 1294 19141 593 478 49148 726
internal_count=333413 329686 280538 127354 1330 153184 151630 1554 2481 126024 9055 1228 8219 149149 116969 3727 146138 1253 97828 3011 1126 836 400 3007 1294 19141 593 478 49148 726
is_linear=0
shrinkage=0.03


Tree=3
num_leaves=31
num_cat=0
split_feature=16 25 29 38 82 28 109 28 37 7 23 59 6 25 119 31 63 91 133 71 57 38 60 65 27 86 30 38 87 140
split_gain=155.228 131.838 85.5016 103.722 102.635 93.3718 73.7904 72.292 92.7056 68.7448 63.7779 61.3511 57.8728 65.4779 57.4207 84.3402 83.4031 55.752 54.7192 53.5816 49.1467 47.395 43.526 40.0757 34.4915 34.4903 38.8778 32.7398 31.8387 28.1555
threshold=1.2186962962150576 0.011898505967110397 -0.00032848946284502739 -0.024867719039320942 0.67500001192092907 -0.012465946376323698 1.0000000180025095e-35 0.014923185575753452 0.52593699097633373 -0.026967477984726426 0.038766836747527129 0.86269003152847301 0.58823418617248546 0.041761446744203574 0.44554446637630468 0.0076961114536970862 0.72499999403953563 0.66489019989967357 0.32540488243103033 0.79761838912963878 1.2194364666938784 0.018303286284208301 0.99487832188606273 0.40312500298023229 0.049775635823607452 -0.74999999999999989 -0.0068473909050226203 -0.0011157629196532068 -0.9583333134651183 0.72363051772117626
decision_type=10 10 10 8 2 10 2 10 10 10 10 10 10 10 10 10 10 10 10 10 10 8 10 8 10 2 10 8 2 10
left_child=1 23 7 4 6 9 10 14 24 22 -4 -11 13 -7 19 21 -17 -14 -8 27 -2 -16 -5 -1 -9 26 28 -3 -22 -30
right_child=20 2 3 5 -6 12 18 8 -10 11 -12 -13 17 -15 15 16 -18 -19 -20 -21 25 -23 -24 -25 -26 -27 -28 -29 29 -31
leaf_value=0.00022158535140833288 -0.0010597327644331171 0 0.011009719190474313 0.017451297555882959 0.0031545431797844708 3.9301208498178075e-05 -0.023986736865972157 -0.0039256700683385137 -0.00016938304378488688 -0.014271356054429946 -0.016568021858111025 0.0045129559063142926 -0.0010415062106533879 0.001877344415182558 -0.00086264914885252259 0.013211159733444893 -0.0013446774725072519 -0.0073992277105567571 -0.0054415546294220895 0.0012054845258333642 0 0.0024539082929485659 -0.0003860686613079994 0.0020945093229360438 -0.021606600237942961 0.002822321840621238 0.00099370711685402226 -0.0060552074760279514 0 0.014696711685622921
leaf_weight=16659 649 1082 175 565 493 115130 471 205 732 148 103 1612 12491 20617 117035 758 582 1391 291 1596 154 3948 114 28574 395 1087 421 4341 115 1329
leaf_count=16659 649 1082 175 565 493 115130 471 205 732 148 103 1612 12491 20617 117035 758 582 1391 291 1596 154 3948 114 28574 395 1087 421 4341 115 1329
internal_value=-2.07866e-05 -9.09767e-05 -0.000331225 0.000146985 -0.00756117 0.000227648 -0.0128875 -0.00089557 -0.00782351 0.00602881 0 0.00262222 0.00013029 0.000320905 -0.000820706 -0.000665927 0.00674175 -0.00170987 -0.0176085 -0.00346594 0.0060269 -0.000751554 0.014102 0.00141176 -0.016371 0.00760094 0.00997362 -0.00489524 0.0121125 0.0134803
internal_weight=333263 329508 284275 153601 1533 152068 1040 130674 1332 2439 278 1760 149629 135747 129342 122323 1340 13882 762 7019 3755 120983 679 45233 600 3106 2019 5423 1598 1444
internal_count=333263 329508 284275 153601 1533 152068 1040 130674 1332 2439 278 1760 149629 135747 129342 122323 1340 13882 762 7019 3755 120983 679 45233 600 3106 2019 5423 1598 1444
is_linear=0
shrinkage=0.03


end of trees

feature_importances:
RESI5=7
BETA5=6
RSQR30=6
ROC30=5
STD20=4
BETA10=4
QTLD5=4
STD10=3
STD30=3
STD60=3
RSQR60=3
QTLU10=3
IMXD60=3
KLOW2=2
MA5=2
STD5=2
BETA30=2
BETA60=2
RSQR5=2
RSQR10=2
RESI20=2
MIN10=2
QTLU30=2
QTLU60=2
QTLD20=2
RANK20=2
IMAX60=2
IMIN60=2
IMXD30=2
SUMP5=2
SUMD30=2
WVMA20=2
KMID2=1
KUP=1
KLOW=1
KSFT=1
KSFT2=1
HIGH0=1
MA60=1
BETA20=1
RSQR20=1
RESI30=1
MAX30=1
MIN5=1
MIN60=1
QTLD10=1
RANK5=1
RSV5=1
RSV30=1
IMAX10=1
IMIN20=1
CORR30=1
CNTD10=1
CNTD60=1
SUMP10=1
SUMP20=1
SUMP60=1
SUMN10=1
SUMD5=1
VSTD5=1

parameters:
[boosting: gbdt]
[objective: regression]
[metric: l2]
[tree_learner: serial]
[device_type: cpu]
[data_sample_strategy: bagging]
[data: ]
[valid: ]
[num_iterations: 500]
[learning_rate: 0.03]
[num_leaves: 31]
[num_threads: 12]
[seed: 20260814]
[deterministic: 1]
[force_col_wise: 1]
[force_row_wise: 0]
[histogram_pool_size: -1]
[max_depth: 7]
[min_data_in_leaf: 100]
[min_sum_hessian_in_leaf: 0.001]
[bagging_fraction: 0.8]
[pos_bagging_fraction: 1]
[neg_bagging_fraction: 1]
[bagging_freq: 1]
[bagging_seed: 20260814]
[bagging_by_query: 0]
[feature_fraction: 0.8]
[feature_fraction_bynode: 1]
[feature_fraction_seed: 20260814]
[extra_trees: 0]
[extra_seed: 17475]
[early_stopping_round: 0]
[early_stopping_min_delta: 0]
[first_metric_only: 0]
[max_delta_step: 0]
[lambda_l1: 10]
[lambda_l2: 20]
[linear_lambda: 0]
[min_gain_to_split: 0]
[drop_rate: 0.1]
[max_drop: 50]
[skip_drop: 0.5]
[xgboost_dart_mode: 0]
[uniform_drop: 0]
[drop_seed: 29730]
[top_rate: 0.2]
[other_rate: 0.1]
[min_data_per_group: 100]
[max_cat_threshold: 32]
[cat_l2: 10]
[cat_smooth: 10]
[max_cat_to_onehot: 4]
[top_k: 20]
[monotone_constraints: ]
[monotone_constraints_method: basic]
[monotone_penalty: 0]
[feature_contri: ]
[forcedsplits_filename: ]
[refit_decay_rate: 0.9]
[cegb_tradeoff: 1]
[cegb_penalty_split: 0]
[cegb_penalty_feature_lazy: ]
[cegb_penalty_feature_coupled: ]
[path_smooth: 0]
[interaction_constraints: ]
[verbosity: -1]
[saved_feature_importance_type: 0]
[use_quantized_grad: 0]
[num_grad_quant_bins: 4]
[quant_train_renew_leaf: 0]
[stochastic_rounding: 1]
[linear_tree: 0]
[max_bin: 255]
[max_bin_by_feature: ]
[min_data_in_bin: 3]
[bin_construct_sample_cnt: 200000]
[data_random_seed: 20260814]
[is_enable_sparse: 1]
[enable_bundle: 1]
[use_missing: 1]
[zero_as_missing: 0]
[feature_pre_filter: 1]
[pre_partition: 0]
[two_round: 0]
[header: 0]
[label_column: ]
[weight_column: ]
[group_column: ]
[ignore_column: ]
[categorical_feature: ]
[forcedbins_filename: ]
[precise_float_parser: 0]
[parser_config_file: ]
[objective_seed: 27057]
[num_class: 1]
[is_unbalance: 0]
[scale_pos_weight: 1]
[sigmoid: 1]
[boost_from_average: 1]
[reg_sqrt: 0]
[alpha: 0.9]
[fair_c: 1]
[poisson_max_delta_step: 0.7]
[tweedie_variance_power: 1.5]
[lambdarank_truncation_level: 30]
[lambdarank_norm: 1]
[label_gain: ]
[lambdarank_position_bias_regularization: 0]
[eval_at: ]
[multi_error_top_k: 1]
[auc_mu_weights: ]
[num_machines: 1]
[local_listen_port: 12400]
[time_out: 120]
[machine_list_filename: ]
[machines: ]
[gpu_platform_id: -1]
[gpu_device_id: -1]
[gpu_device_id_list: ]
[gpu_use_dp: 0]
[num_gpu: 1]

end of parameters

pandas_categorical:null
