tree
version=v4
num_class=1
num_tree_per_iteration=1
label_index=0
max_feature_idx=162
objective=regression
feature_names=KMID KLEN KMID2 KUP KUP2 KLOW KLOW2 KSFT KSFT2 OPEN0 HIGH0 LOW0 VWAP0 ROC5 ROC10 ROC20 ROC30 ROC60 MA5 MA10 MA20 MA30 MA60 STD5 STD10 STD20 STD30 STD60 BETA5 BETA10 BETA20 BETA30 BETA60 RSQR5 RSQR10 RSQR20 RSQR30 RSQR60 RESI5 RESI10 RESI20 RESI30 RESI60 MAX5 MAX10 MAX20 MAX30 MAX60 MIN5 MIN10 MIN20 MIN30 MIN60 QTLU5 QTLU10 QTLU20 QTLU30 QTLU60 QTLD5 QTLD10 QTLD20 QTLD30 QTLD60 RANK5 RANK10 RANK20 RANK30 RANK60 RSV5 RSV10 RSV20 RSV30 RSV60 IMAX5 IMAX10 IMAX20 IMAX30 IMAX60 IMIN5 IMIN10 IMIN20 IMIN30 IMIN60 IMXD5 IMXD10 IMXD20 IMXD30 IMXD60 CORR5 CORR10 CORR20 CORR30 CORR60 CORD5 CORD10 CORD20 CORD30 CORD60 CNTP5 CNTP10 CNTP20 CNTP30 CNTP60 CNTN5 CNTN10 CNTN20 CNTN30 CNTN60 CNTD5 CNTD10 CNTD20 CNTD30 CNTD60 SUMP5 SUMP10 SUMP20 SUMP30 SUMP60 SUMN5 SUMN10 SUMN20 SUMN30 SUMN60 SUMD5 SUMD10 SUMD20 SUMD30 SUMD60 VMA5 VMA10 VMA20 VMA30 VMA60 VSTD5 VSTD10 VSTD20 VSTD30 VSTD60 WVMA5 WVMA10 WVMA20 WVMA30 WVMA60 VSUMP5 VSUMP10 VSUMP20 VSUMP30 VSUMP60 VSUMN5 VSUMN10 VSUMN20 VSUMN30 VSUMN60 VSUMD5 VSUMD10 VSUMD20 VSUMD30 VSUMD60 ORC_TREND_PATH_CROWD_20 ORC_TREND_ACCEL_UNCROWDED_5_20 ORC_TREND_STREAK_EXHAUST_12 ORC_TREND_RSQR_STRESS_20 ORC_TREND_ACCEL_GAP_10_30
feature_infos=[-0.16749253869056702:0.23587034642696381] [0:0.33308270573616028] [-1:1] [0:0.27153289318084717] [0:1] [0:0.19577737152576447] [0:1] [-0.31147539615631104:0.23587034642696381] [-1:1] [0.80914634466171265:1.2011904716491699] [1:1.365384578704834] [0.79261672496795654:1] [0.90894031524658203:1.0927579402923584] [0.57777780294418335:1.6790908575057983] [0.54954206943511963:1.8924485445022583] [0.46860837936401367:2.2146341800689697] [0.46312057971954346:2.740487813949585] [0.36440131068229675:2.649662971496582] [0.74611109495162964:1.3455072641372681] [0.65066665410995483:1.4951817989349365] [0.60133224725723267:1.7117466926574707] [0.56646168231964111:1.9959673881530762] [0.4937971830368042:1.8649090528488159] [0:0.26957115530967712] [0:0.32280367612838745] [0:0.36472421884536743] [0:0.57258552312850952] [0:0.50059491395950317] [-0.16409091651439667:0.12254486232995987] [-0.11048160493373871:0.12254486232995987] [-0.11048160493373871:0.12254486232995987] [-0.11048160493373871:0.12254486232995987] [-0.11048160493373871:0.12254486232995987] [0:1] [0:1] [0:1] [0:1] [0:1] [-0.15193372964859009:0.13264167308807373] [-0.24554997682571411:0.20802642405033112] [-0.40848860144615173:0.27864286303520203] [-0.44566619396209717:0.33016127347946167] [-0.96870207786560059:0.3971981406211853] [1:1.6472727060317993] [1:1.9298244714736938] [1:2.2439024448394775] [1:3.3160974979400635] [1:3.3160974979400635] [0.5718809962272644:1] [0.54045307636260986:1] [0.4660193920135498:1] [0.43721681833267212:1] [0.34664765000343323:1] [0.86488890647888184:1.4843636751174927] [0.72140765190124512:1.7869091033935547] [0.59200000762939453:2.054157018661499] [0.56569522619247437:2.423609733581543] [0.56576049327850342:2.3250908851623535] [0.60694897174835205:1.2689855098724365] [0.54922223091125488:1.4057971239089966] [0.49352750182151794:1.5574545860290527] [0.47533980011940002:1.5740000009536743] [0.39857602119445801:1.5950908660888672] [0.20000000298023224:1] [0.10000000149011612:1] [0.05000000074505806:1] [0.033333335071802139:1] [0.01666666753590107:1] [0:1] [0:1] [0:1] [0:1] [0:1] [0.20000000298023224:1] [0.10000000149011612:1] [0.05000000074505806:1] [0.033333335071802139:1] [0.01666666753590107:1] [0.20000000298023224:1] [0.10000000149011612:1] [0.05000000074505806:1] [0.033333335071802139:1] [0.01666666753590107:1] [-0.80000001192092896:0.80000001192092896] [-0.89999997615814209:0.89999997615814209] [-0.94999998807907104:0.94999998807907104] [-0.96666663885116577:0.96666663885116577] [-0.98333334922790527:0.98333334922790527] [-1:1] [-1:1] [-1:1] [-1:1] [-1:1] [-1:1] [-1:1] [-1:1] [-1:1] [-1:1] [0:1] [0:1] [0:0.89999997615814209] [0:0.89999997615814209] [0:0.89999997615814209] [0:1] [0:1] [0:0.89999997615814209] [0:0.875] [0:0.875] [-1:1] [-1:1] [-0.875:0.89999997615814209] [-0.875:0.89999997615814209] [-0.875:0.89999997615814209] [0:1] [0:1] [0:1] [0:1] [0:1] [0:1] [0:1] [0:1] [0:1] [0:1] [-1:1] [-1:1] [-1:1] [-1:1] [-1:1] [0.20013266801834106:26452.083984375] [0.10012400150299072:23627.859375] [0.050104878842830658:12145.7685546875] [0.034610312432050705:10268.4287109375] [0.017187755554914474:8419.4609375] [0.00080492562847211957:59102.5] [0.0021778203081339598:49210.34375] [0.0021778203081339598:42161.07421875] [0.0021778203081339598:37016.7265625] [0.0021778203081339598:26455.013671875] [0:2.2360680103302002] [0:3.1615598201751709] [0:4.4708261489868164] [0:5.4611344337463379] [0:7.5986995697021484] [0:1] [0:1] [0:1] [0:1] [0:1] [0:1] [0:1] [0:1] [0:1] [0:1] [-1:1] [-1:1] [-1:1] [-1:1] [-1:1] [-0.39993909001350403:2.8038227558135986] [-0.084833331406116486:0.083563074469566345] [-3.7620944976806641:5.0776824951171875] [0:1.8427994251251221] [-78937640:8421699]
tree_sizes=3101 3066 3098 3050 3084 3081

Tree=0
num_leaves=31
num_cat=0
split_feature=41 46 32 52 25 161 1 38 17 6 15 30 16 54 75 1 81 138 39 159 23 86 19 80 158 5 15 49 40 17
split_gain=298.625 125.793 149.423 115.145 107.165 106.138 105.495 90.534 272.107 124.527 84.8394 85.9967 164.816 74.9459 73.833 74.34 68.6242 81.9988 67.254 74.0054 66.4814 65.261 84.5957 67.8961 67.49 63.1486 62.3992 122.572 54.7423 51.6034
threshold=-0.066265549510717378 1.0347031950950625 -0.004925140878185629 0.76818338036537182 0.095394432544708266 0.89490446448326122 0.083115298300981535 -0.018235628493130204 0.74236810207366954 0.30000327527523046 1.1497821211814883 -0.00040144669765140856 0.87237346172332775 0.93165975809097301 0.17500000447034839 0.053838510066270835 0.61666667461395275 0.6828104853630067 0.0072295323479920634 0.015905552543699745 0.048825789242982871 0.84999999403953563 0.95917662978172313 0.47499999403953558 0.087535500526428237 0.0044557282235473403 0.87526348233222973 0.95124804973602306 0.030375158414244655 1.017904579639435
decision_type=8 8 8 10 10 10 10 8 8 10 10 10 8 10 2 10 2 10 8 10 10 2 10 2 10 10 8 10 10 10
left_child=3 6 16 4 26 29 18 8 9 -4 11 12 -9 -13 15 -7 -3 -18 19 25 -10 24 23 -23 -20 -2 27 -1 -27 -5
right_child=1 2 7 5 -6 14 -8 10 20 -11 -12 13 -14 -15 -16 -17 17 -19 21 -21 -22 22 -24 -25 -26 28 -28 -29 -30 -31
leaf_value=0.0044636395922169067 0.00083531468155159314 0.00021832858538693589 -0.021800776953756519 0.0036146757165219138 -0.005344504467924633 0.0057194229632383173 -0.011025251753914308 -0.011693938245845293 -0.0028468330639455559 0.0018852640127043183 0.0031954326014693069 0.018173963345934092 -0.0010126658806016791 1.0391423083058294e-05 0.0025378041950105037 0.028536247164097781 -0.00047693321457873864 0.0080145196838709333 0.0014182267489460322 -0.020411146812959434 0.0061870855934446625 0.0080879457144062607 0.00098216014653596754 -0.0038486052047551978 -0.0034811956961762376 -0.00090716806428453914 0.0089258905147579989 0.030907357698196202 0.0050442746846375763 -0.0020829280196937765
leaf_weight=312 63666 3831 954 3494 313 296 680 1298 3517 219 5205 185 145964 92266 555 310 1336 3583 30399 136 894 4025 4651 432 2711 38362 1807 402 1411 2328
leaf_count=312 63666 3831 954 3494 313 296 680 1298 3517 219 5205 185 145964 92266 555 310 1336 3583 30399 136 894 4025 4651 432 2711 38362 1807 402 1411 2328
internal_value=-5.17706e-06 -0.000131114 -0.000528758 0.00515884 0.0102848 0.00301225 0.000570629 -0.000664463 -0.00444283 -0.0171696 -0.000576737 -0.000660155 -0.00111043 5.3905e-05 0.0112477 0.0184094 0.00331475 0.00565491 0.000628276 0.000213458 -0.000928516 0.00163828 0.00389613 0.00685195 0.00100615 0.000247415 0.0123701 0.0201973 -0.000686065 0.00128573
internal_weight=415542 405725 259252 9817 2834 6983 146473 250502 5584 1173 244918 239713 147262 92451 1161 606 8750 4919 145793 103575 4411 42218 9108 4457 33110 103439 2521 714 39773 5822
internal_count=415542 405725 259252 9817 2834 6983 146473 250502 5584 1173 244918 239713 147262 92451 1161 606 8750 4919 145793 103575 4411 42218 9108 4457 33110 103439 2521 714 39773 5822
is_linear=0
shrinkage=1


Tree=1
num_leaves=31
num_cat=0
split_feature=41 36 46 46 24 82 30 22 24 14 53 49 36 95 41 7 86 116 7 67 25 57 34 79 48 28 58 33 33 70
split_gain=281.8 154.147 149.541 149.518 122.273 77.1667 76.1677 68.006 109.456 95.2325 91.9406 145.513 84.0488 70.3471 67.8161 67.3781 94.5022 80.8713 72.8433 79.1301 77.0612 72.3756 66.2769 65.3159 63.2183 59.7528 59.1333 58.7729 72.0956 64.018
threshold=-0.066265549510717378 0.68151316046714794 1.036132335662842 1.2110691666603091 0.10003798454999925 0.37500000000000006 0.012704058084636928 0.7882869839668275 0.0336959045380354 0.8943782150745393 0.99351683259010326 0.82754534482955944 0.23365145921707156 0.24776411056518557 -0.082324188202619539 0.029976665042340759 0.91666665673255932 0.67522782087326061 -0.013201341964304445 0.72524511814117443 0.021415785886347297 0.88845324516296398 0.88821709156036388 0.25000000745058065 0.8632129728794099 -0.020344879478216168 1.0020396113395693 0.92791274189949047 0.71114075183868419 0.02173941116780043
decision_type=8 10 8 10 10 2 10 8 10 8 8 8 10 10 10 10 2 10 10 10 10 10 10 2 10 10 10 10 8 10
left_child=1 5 4 7 15 -1 14 8 -4 12 24 -12 -9 -10 26 18 21 -18 19 -2 -20 -17 -19 -22 -11 -8 -3 28 -5 -30
right_child=2 6 3 27 -6 -7 25 9 13 10 11 -13 -14 -15 -16 16 17 22 20 -21 23 -23 -24 -25 -26 -27 -28 -29 29 -31
leaf_value=0.0057786597200282282 -0.00098868910874214968 0.032188244983678893 0.010288303086734013 0.0018548747180374421 -0.022442967013728509 -0.00021164844464118267 -0.01830555233723399 0.014874361723264945 0 -0.015046827626145037 0.024161707903388997 -0.00055855876688840143 0.0020804115524544644 -0.013422300733334296 0.00800017059984332 -0.0050924803601552432 0.021273678647138791 0.0016348995737512765 0.00088986685211204174 0.0045752213164210916 0.00020280540843163532 0.0028253694892721726 0.015447488132734799 -0.0020947404088024987 -0.0024844382271138731 0.010173094505217016 0.013492492778847615 -0.0042912544036516915 0.017101107713633046 0.0052477341190739699
leaf_weight=4013 3175 278 269 6679 185 3540 112 552 466 360 194 220373 2952 1133 1098 1197 382 1215 82722 7581 30696 6472 436 17280 17616 103 664 866 530 2454
leaf_count=4013 3175 278 269 6679 185 3540 112 552 466 360 194 220373 2952 1133 1098 1197 382 1215 82722 7581 30696 6472 436 17280 17616 103 664 866 530 2454
internal_value=4.2273e-05 0.00506227 -7.85667e-05 -0.000523371 0.000667254 0.00293832 0.0119561 -0.000675554 -0.00636504 -0.000629884 -0.000703232 -0.000533267 0.00425401 -0.00944442 0.0137695 0.000700488 0.00312281 0.00887247 0.000531809 0.00290622 0.000333693 0.00154048 0.00560332 -0.000619002 -0.00276913 -0.00368103 0.0198763 0.00296827 0.00365737 0.00755276
internal_weight=415593 9808 405785 254444 151341 7553 2255 243915 1868 242047 238543 220567 3504 1599 2040 151156 9702 2033 141454 10756 130698 7669 1651 47976 17976 215 942 10529 9663 2984
internal_count=415593 9808 405785 254444 151341 7553 2255 243915 1868 242047 238543 220567 3504 1599 2040 151156 9702 2033 141454 10756 130698 7669 1651 47976 17976 215 942 10529 9663 2984
is_linear=0
shrinkage=0.03


Tree=2
num_leaves=31
num_cat=0
split_feature=54 39 30 49 62 126 38 17 61 49 4 26 35 35 18 121 26 33 1 84 38 52 35 116 73 62 1 36 23 22
split_gain=209.618 135.335 128.76 140.602 108.567 104.428 97.4258 250.503 104.747 116.863 92.2448 84.0617 79.2698 75.2603 70.69 92.9532 70.1636 95.9553 67.4303 65.9883 64.8912 63.6848 70.8293 62.3321 61.8258 68.4639 80.5343 68.4294 56.9269 51.2315
threshold=1.0889381766319277 0.060182465240359313 -0.00050914598978124548 0.82754534482955944 0.68538203835487377 0.26394630968570715 -0.017127021215856072 0.74896535277366649 0.82833755016326915 0.9628242850303651 0.40624935925006872 0.053789705038070686 0.89940020442008983 0.79954650998115551 1.0396109223365786 0.41988947987556463 0.044664327055215843 0.89546656608581554 0.053838510066270835 -0.55000001192092884 -0.0073033827356994143 0.87734073400497448 0.8261699676513673 0.7729896903038026 0.5000000149011613 0.82191684842109691 0.042132457718253143 0.63428544998168956 0.060081491246819503 0.7882869839668275
decision_type=10 10 8 8 10 10 8 8 8 10 10 10 10 8 10 10 10 10 10 2 10 10 10 10 10 10 10 10 10 8
left_child=1 2 3 -1 -3 11 7 12 9 10 -8 13 23 -5 29 -16 -2 24 -19 -13 -7 22 -9 -4 25 26 -18 28 -27 -10
right_child=16 4 6 5 -6 20 8 21 14 -11 -12 19 -14 -15 15 -17 17 18 -20 -21 -22 -23 -24 -25 -26 27 -28 -29 -30 -31
leaf_value=0.013488883744309062 0.000226529186553793 -0.029059768906546705 -0.01214358467002764 -0.0011943130124765712 -0.0053927315435221904 -0.027695890338915695 0.0010354823069885432 0.0042461118838942906 -0.010352084555598939 0.020089049528282745 0.0073063351405691481 -0.0011282529705425653 -0.030060536502766227 0.00080071578192850298 0.016549268163708088 0.00081595369124897376 0.026699316110742752 -0.0036392543665311017 0.0085890694151810835 0.0028720408942029094 -0.0062084740751724658 -0.0061668551480474169 -0.0062030693369897654 0.0092420092669129369 -0.00024986091319419753 0.0015159900535097605 0.0037321981531289747 0.011541628699024593 0.012668108074098383 0.00029567982665595156
leaf_weight=602 3249 198 1254 127771 1288 139 8423 2894 386 345 2874 5792 227 19432 538 975 378 1421 544 9878 1244 1063 693 105 748 2184 273 1904 518 218207
leaf_count=602 3249 198 1254 127771 1288 139 8423 2894 386 345 2874 5792 227 19432 538 975 378 1421 544 9878 1244 1063 693 105 748 2184 273 1904 518 218207
internal_value=2.98564e-07 -0.000111308 -7.69955e-05 -0.000721976 -0.00908946 -0.000777521 0.000368563 -0.00331985 0.000469385 0.00324298 0.00266741 -0.000705229 -0.0135371 -0.000928842 0.000321038 0.0067491 0.00404229 0.0055558 -5.03428e-05 0.00137476 -0.00894594 0.000143828 0.00212098 -0.0101637 0.00743415 0.00858113 0.0179134 0.00712555 0.00384154 0.00027456
internal_weight=415547 404328 402842 164858 1486 164256 237984 6236 231748 11642 11297 162873 1586 147203 220106 1513 11219 7970 1965 15670 1383 4650 3587 1359 6005 5257 651 4606 2702 218593
internal_count=415547 404328 402842 164858 1486 164256 237984 6236 231748 11642 11297 162873 1586 147203 220106 1513 11219 7970 1965 15670 1383 4650 3587 1359 6005 5257 651 4606 2702 218593
is_linear=0
shrinkage=0.03


Tree=3
num_leaves=31
num_cat=0
split_feature=41 29 57 38 122 58 30 20 18 38 61 72 161 39 31 39 114 86 1 15 116 53 27 10 158 51 1 28 14 37
split_gain=217.692 137.62 172.757 129.116 186.389 173.183 117.431 115.709 122.413 104.197 106.245 102.529 106.086 96.2298 78.6871 69.6548 68.4256 66.048 82.9048 63.3706 63.2808 61.5629 61.2531 61.2172 57.6427 57.2421 55.1159 57.3908 54.9408 54.8482
threshold=-0.070286493748426424 -0.00019487296958686781 1.16919481754303 -0.018235628493130204 0.35025383532047277 0.9208262860774995 -0.00032588586327619845 1.0887449383735659 0.95068228244781505 0.032048635184764869 0.82833755016326915 0.60416689515113842 0.89490446448326122 0.0037770007038488988 -0.00734210037626326 -0.019706249237060543 0.59090891480445873 -0.55000001192092884 0.053838510066270835 1.0234916210174563 0.53846165537834179 0.98565354943275463 0.065050877630710616 1.0127226710319521 0.28092043101787573 0.93333336710929882 0.064274493604898467 -0.02696177642792463 0.91558441519737255 0.74026414752006542
decision_type=8 8 10 8 10 10 8 10 10 10 8 10 8 10 10 10 10 2 10 10 10 10 10 10 8 10 10 10 10 10
left_child=11 7 3 4 5 -3 16 8 14 10 -8 12 -1 15 -2 -6 21 18 -14 -10 25 -5 -15 -18 -11 -21 27 -9 -7 -22
right_child=1 2 -4 6 13 28 9 26 19 24 -12 -13 17 22 -16 -17 23 -19 -20 20 29 -23 -24 -25 -26 -27 -28 -29 -30 -31
leaf_value=0.00071005366685014356 0 0.010519211893759258 0.0061532058873802007 -0.0069345842494009701 0 -0.025843885821974548 0.0037941941334008683 -0.0086613130273021678 -0.00015375589473462457 -1.0357403915132518e-05 0.00066755949614498867 0.010251453040774943 0.0038044458933932297 -1.6831686546982722e-05 -0.019955324822223067 -0.010112862725313124 -0.0015128241431170797 0 0.025498713392533217 0.0020798950189053005 -0.0070286953065801733 0.00026697647771921151 0.025653105659336831 -0.0063410004812532329 -0.024104711616543276 -0.0013042412223844169 0.012412538563661278 0.0037290660119870095 -0.010170717997729438 0.0026032118467193355
leaf_weight=4814 261 185 4672 1087 2392 568 10501 338 89886 187 151140 2315 334 109 471 781 15370 343 387 4674 2852 30475 170 2861 212 82692 605 3766 500 591
leaf_count=4814 261 185 4672 1087 2392 568 10501 338 89886 187 151140 2315 334 109 471 781 15370 343 387 4674 2852 30475 170 2861 212 82692 605 3766 500 591
internal_value=4.6158e-05 -5.06085e-05 0.000454392 0.000329493 -0.0045698 -0.0143979 0.000440148 -0.000652364 -0.000774423 0.000832609 0.000872981 0.00488221 0.00268912 -0.000853618 -0.0128775 -0.00245402 -0.000830826 0.0111882 0.0162277 -0.000722313 -0.00128163 5.22015e-06 0.0152907 -0.00229307 -0.0140679 -0.00111933 0.00397025 0.00259881 -0.0191038 -0.00528324
internal_weight=415539 407346 221210 216538 4705 1253 211833 186136 181427 162040 161641 8193 5878 3452 732 3173 49793 1064 721 180695 90809 31562 279 18231 399 87366 4709 4104 1068 3443
internal_count=415539 407346 221210 216538 4705 1253 211833 186136 181427 162040 161641 8193 5878 3452 732 3173 49793 1064 721 180695 90809 31562 279 18231 399 87366 4709 4104 1068 3443
is_linear=0
shrinkage=0.03


Tree=4
num_leaves=31
num_cat=0
split_feature=41 36 29 14 11 16 30 21 59 14 16 11 28 25 122 134 119 15 115 155 39 42 158 114 60 79 81 78 33 116
split_gain=231.559 123.128 113.756 116.986 110.644 109.734 106.048 104.063 98.2434 97.192 83.314 81.9214 101.057 95.4484 75.5111 74.5416 71.5215 66.4673 67.5668 66.0992 65.6629 64.5278 64.392 61.5947 56.2409 52.735 51.0211 59.1391 50.6502 50.3292
threshold=-0.066265549510717378 0.79127660393714916 -0.0011861163657158611 0.98113206028938305 0.92690601944923412 1.1350749135017397 -0.00032588586327619845 1.1154609322547915 0.93696522712707531 0.96087288856506359 0.86614680290222179 0.97333338856697094 -0.015961988829076287 0.081587396562099471 0.38550247251987463 0.26426585018634802 0.40983648598194128 1.0327774286270144 0.30156569182872778 0.0058181053027510652 0.014411083888262512 -0.10959380865097045 0.0024223198415711526 0.55670085549354564 0.88880652189254772 0.94999998807907116 0.050000002607703216 0.70000001788139354 0.9646490514278413 0.64347836375236522
decision_type=8 10 8 8 8 10 8 10 10 10 8 8 8 10 10 10 10 10 10 10 10 8 8 10 10 2 2 10 10 10
left_child=1 14 3 8 15 6 10 17 -2 -3 20 13 -13 -8 24 -4 -7 -5 -19 -17 -6 -16 -10 -12 -1 -24 -26 -28 -9 -23
right_child=2 9 4 7 5 16 11 28 22 -11 23 12 -14 -15 21 19 -18 18 -20 -21 -22 29 25 -25 26 -27 27 -29 -30 -31
leaf_value=-0.0081421038149355734 -0.025627052329935774 -0.0051718845828953707 0 -0.00010908350935944348 -0.0151629842466579 -0.00097660481473658576 0.0031146554557319483 0.0050204399471913633 -0.0096957363247349802 0.019805458237581248 6.7048160224195361e-05 0.0085767508189524399 0.00033598271484623106 -0.0063996480595126474 0.0058130422495482718 0.0007746183830514389 0.0070255898235127203 0.00011928127006749706 -0.0019631916934802745 -0.021956932774781689 0.00014658058347601083 -0.00068022090915464159 -0.0027158570583496679 -0.0018414324871751609 0.0017492575982126267 0.014376996469813896 0.028896853998577332 0.0094188136900252902 -0.0077140495531125442 0.01097724101099855
leaf_weight=101 201 142 397 73946 622 1310 16580 3835 1383 723 39637 1334 163896 969 2917 119 3527 18883 51613 436 352 4518 2203 24401 345 152 252 515 268 339
leaf_count=101 201 142 397 73946 622 1310 16580 3835 1383 723 39637 1334 163896 969 2917 119 3527 18883 51613 436 352 4518 2203 24401 345 152 252 515 268 339
internal_value=1.35673e-05 0.00455397 -9.60729e-05 -0.0007441 0.000292447 0.000332439 0.000243609 -0.000606112 -0.00584269 0.0153419 -0.000794852 0.000614664 0.000405361 0.00256554 0.00345056 -0.00979982 0.0048015 -0.000741919 -0.00140125 -0.0167038 -0.00943673 0.00230009 -0.00456829 -0.000655823 0.0104236 -0.00137453 0.0124889 0.0167713 0.0040825 0.000113592
internal_weight=415916 9852 406064 152484 253580 252628 247791 148545 3939 865 65012 182779 165230 17549 8987 952 4837 144442 70496 555 974 7774 3738 64038 1213 2355 1112 767 4103 4857
internal_count=415916 9852 406064 152484 253580 252628 247791 148545 3939 865 65012 182779 165230 17549 8987 952 4837 144442 70496 555 974 7774 3738 64038 1213 2355 1112 767 4103 4857
is_linear=0
shrinkage=0.03


Tree=5
num_leaves=31
num_cat=0
split_feature=41 36 14 29 57 53 54 11 30 17 161 119 134 28 43 4 90 124 81 103 69 30 45 69 117 116 72 81 78 160
split_gain=201.423 151.979 108.6 105.963 135.028 124.363 109.604 83.3965 77.0862 64.923 91.2737 64.8894 62.4179 61.8246 109.289 70.9911 60.6422 55.8929 65.4033 53.8768 54.1729 51.5384 51.0396 63.1407 48.7889 61.0996 52.1892 50.2963 63.4248 48.5984
threshold=-0.066265549510717378 0.82600522041320812 0.96152284741401683 -0.001240371784660965 1.16919481754303 0.96992573142051708 1.0889381766319277 0.92690601944923412 -0.00032588586327619845 1.011374890804291 0.96060115098953258 0.42592601478099829 0.26426585018634802 -0.0095558245666325075 1.0469353199005129 0.35000152885913854 -0.17056247591972348 0.1807234585285187 0.81666666269302379 0.77500000596046459 0.20763874799013141 0.011551840230822565 1.0588891506195071 0.26506075263023382 0.61407536268234264 0.47368432581424719 0.73684206604957592 0.050000002607703216 0.70000001788139354 -0.10422470048069953
decision_type=8 10 10 8 10 10 10 8 8 8 10 10 8 8 10 10 10 10 2 2 10 10 10 10 10 10 10 2 10 10
left_child=1 9 -3 5 7 29 11 12 17 21 -11 -7 -5 15 -15 -10 -4 -9 -19 -8 -21 24 -13 -24 25 -1 -27 -26 -29 -2
right_child=3 2 16 4 -6 6 19 8 13 10 -12 22 -14 14 -16 -17 -18 18 -20 20 -22 -23 23 -25 27 26 -28 28 -30 -31
leaf_value=0.010415590628207946 0.0027066398723187245 -0.0058131558908393879 0.0044075159274639597 0 0.0049547733859749993 -0.0051975188832902022 0.0071522604481235692 -0.00013550437102231226 0.0013091960274834529 -0.0019900168474214297 0.01063329705980277 1.6836974401354501e-05 -0.015572602888821835 0.0005777274699946028 -0.0026161406066877199 0.008554774664629115 0.031875994422302489 -0.0027523068288495575 0.0024433285020875493 -0.00090709611956293955 0.0093700702857649146 -0.0082217365024635745 -0.00061206182345435625 -0.0022903722759294045 0.00093395928163362847 0.00092417910936043598 0.017999883856198617 0.026876319265861506 0.0077378908560633052 -0.016950531656070734
leaf_weight=1077 103 102 134 359 5351 3033 2178 46845 4327 3052 599 49213 510 166594 10189 1756 335 16603 2433 2515 537 209 61376 30608 344 2963 155 291 494 566
leaf_count=1077 103 102 134 359 5351 3033 2178 46845 4327 3052 599 49213 510 166594 10189 1756 335 16603 2433 2515 537 209 61376 30608 344 2963 155 291 494 566
internal_value=-2.12824e-05 0.00423324 0.0190957 -0.000124679 0.000246747 -0.000757425 -0.000696591 0.00014423 0.000178179 0.00323711 4.59491e-05 -0.000853149 -0.00902141 0.000496121 0.000391675 0.00347114 0.0251426 -0.000699663 -0.00207064 0.00355054 0.000852748 0.00528106 -0.000756982 -0.00117416 0.00589605 0.0042545 0.00197795 0.0115542 0.0156967 -0.013498
internal_weight=414851 9755 571 405096 254967 150129 149460 249616 248747 9184 3651 144230 869 182866 176783 6083 469 65881 19036 5230 3052 5533 141197 91984 5324 4195 3118 1129 785 669
internal_count=414851 9755 571 405096 254967 150129 149460 249616 248747 9184 3651 144230 869 182866 176783 6083 469 65881 19036 5230 3052 5533 141197 91984 5324 4195 3118 1129 785 669
is_linear=0
shrinkage=0.03


end of trees

feature_importances:
BETA20=7
KLEN=6
RESI30=6
ROC10=5
RSQR30=5
RESI5=5
RESI10=5
SUMP30=5
ROC20=4
ROC60=4
BETA5=4
RSQR5=4
MIN10=4
IMIN30=4
LOW0=3
ROC30=3
STD20=3
BETA10=3
RSQR20=3
MAX30=3
QTLU5=3
QTLU10=3
QTLU60=3
IMXD30=3
ORC_TREND_PATH_CROWD_20=3
ORC_TREND_RSQR_STRESS_20=3
KUP2=2
KSFT=2
MA5=2
MA60=2
STD5=2
STD10=2
STD30=2
MIN60=2
QTLD5=2
QTLD30=2
QTLD60=2
RSV10=2
RSV60=2
IMIN5=2
IMIN10=2
SUMP10=2
SUMN10=2
SUMN60=2
VSTD10=2
KLOW=1
KLOW2=1
HIGH0=1
MA10=1
MA20=1
MA30=1
STD60=1
BETA30=1
BETA60=1
RSQR10=1
RSQR60=1
RESI20=1
RESI60=1
MAX5=1
MAX20=1
MIN5=1
MIN30=1
QTLD10=1
QTLD20=1
RANK60=1
RSV20=1
IMAX5=1
IMAX20=1
IMIN20=1
IMIN60=1
IMXD10=1
CORR20=1
CORD20=1
CNTN5=1
SUMP20=1
SUMP60=1
SUMN30=1
SUMD10=1
SUMD30=1
WVMA5=1
VSUMD20=1
ORC_TREND_ACCEL_UNCROWDED_5_20=1
ORC_TREND_STREAK_EXHAUST_12=1

parameters:
[boosting: gbdt]
[objective: regression]
[metric: l2]
[tree_learner: serial]
[device_type: cpu]
[data_sample_strategy: bagging]
[data: ]
[valid: ]
[num_iterations: 500]
[learning_rate: 0.03]
[num_leaves: 31]
[num_threads: 12]
[seed: 20260814]
[deterministic: 1]
[force_col_wise: 1]
[force_row_wise: 0]
[histogram_pool_size: -1]
[max_depth: 7]
[min_data_in_leaf: 100]
[min_sum_hessian_in_leaf: 0.001]
[bagging_fraction: 0.8]
[pos_bagging_fraction: 1]
[neg_bagging_fraction: 1]
[bagging_freq: 1]
[bagging_seed: 20260814]
[bagging_by_query: 0]
[feature_fraction: 0.8]
[feature_fraction_bynode: 1]
[feature_fraction_seed: 20260814]
[extra_trees: 0]
[extra_seed: 17475]
[early_stopping_round: 0]
[early_stopping_min_delta: 0]
[first_metric_only: 0]
[max_delta_step: 0]
[lambda_l1: 10]
[lambda_l2: 20]
[linear_lambda: 0]
[min_gain_to_split: 0]
[drop_rate: 0.1]
[max_drop: 50]
[skip_drop: 0.5]
[xgboost_dart_mode: 0]
[uniform_drop: 0]
[drop_seed: 29730]
[top_rate: 0.2]
[other_rate: 0.1]
[min_data_per_group: 100]
[max_cat_threshold: 32]
[cat_l2: 10]
[cat_smooth: 10]
[max_cat_to_onehot: 4]
[top_k: 20]
[monotone_constraints: ]
[monotone_constraints_method: basic]
[monotone_penalty: 0]
[feature_contri: ]
[forcedsplits_filename: ]
[refit_decay_rate: 0.9]
[cegb_tradeoff: 1]
[cegb_penalty_split: 0]
[cegb_penalty_feature_lazy: ]
[cegb_penalty_feature_coupled: ]
[path_smooth: 0]
[interaction_constraints: ]
[verbosity: 1]
[saved_feature_importance_type: 0]
[use_quantized_grad: 0]
[num_grad_quant_bins: 4]
[quant_train_renew_leaf: 0]
[stochastic_rounding: 1]
[linear_tree: 0]
[max_bin: 255]
[max_bin_by_feature: ]
[min_data_in_bin: 3]
[bin_construct_sample_cnt: 200000]
[data_random_seed: 20260812]
[is_enable_sparse: 1]
[enable_bundle: 1]
[use_missing: 1]
[zero_as_missing: 0]
[feature_pre_filter: 1]
[pre_partition: 0]
[two_round: 0]
[header: 0]
[label_column: ]
[weight_column: ]
[group_column: ]
[ignore_column: ]
[categorical_feature: ]
[forcedbins_filename: ]
[precise_float_parser: 0]
[parser_config_file: ]
[objective_seed: 27057]
[num_class: 1]
[is_unbalance: 0]
[scale_pos_weight: 1]
[sigmoid: 1]
[boost_from_average: 1]
[reg_sqrt: 0]
[alpha: 0.9]
[fair_c: 1]
[poisson_max_delta_step: 0.7]
[tweedie_variance_power: 1.5]
[lambdarank_truncation_level: 30]
[lambdarank_norm: 1]
[label_gain: ]
[lambdarank_position_bias_regularization: 0]
[eval_at: ]
[multi_error_top_k: 1]
[auc_mu_weights: ]
[num_machines: 1]
[local_listen_port: 12400]
[time_out: 120]
[machine_list_filename: ]
[machines: ]
[gpu_platform_id: -1]
[gpu_device_id: -1]
[gpu_device_id_list: ]
[gpu_use_dp: 0]
[num_gpu: 1]

end of parameters

pandas_categorical:null
