tree
version=v4
num_class=1
num_tree_per_iteration=1
label_index=0
max_feature_idx=162
objective=regression
feature_names=KMID KLEN KMID2 KUP KUP2 KLOW KLOW2 KSFT KSFT2 OPEN0 HIGH0 LOW0 VWAP0 ROC5 ROC10 ROC20 ROC30 ROC60 MA5 MA10 MA20 MA30 MA60 STD5 STD10 STD20 STD30 STD60 BETA5 BETA10 BETA20 BETA30 BETA60 RSQR5 RSQR10 RSQR20 RSQR30 RSQR60 RESI5 RESI10 RESI20 RESI30 RESI60 MAX5 MAX10 MAX20 MAX30 MAX60 MIN5 MIN10 MIN20 MIN30 MIN60 QTLU5 QTLU10 QTLU20 QTLU30 QTLU60 QTLD5 QTLD10 QTLD20 QTLD30 QTLD60 RANK5 RANK10 RANK20 RANK30 RANK60 RSV5 RSV10 RSV20 RSV30 RSV60 IMAX5 IMAX10 IMAX20 IMAX30 IMAX60 IMIN5 IMIN10 IMIN20 IMIN30 IMIN60 IMXD5 IMXD10 IMXD20 IMXD30 IMXD60 CORR5 CORR10 CORR20 CORR30 CORR60 CORD5 CORD10 CORD20 CORD30 CORD60 CNTP5 CNTP10 CNTP20 CNTP30 CNTP60 CNTN5 CNTN10 CNTN20 CNTN30 CNTN60 CNTD5 CNTD10 CNTD20 CNTD30 CNTD60 SUMP5 SUMP10 SUMP20 SUMP30 SUMP60 SUMN5 SUMN10 SUMN20 SUMN30 SUMN60 SUMD5 SUMD10 SUMD20 SUMD30 SUMD60 VMA5 VMA10 VMA20 VMA30 VMA60 VSTD5 VSTD10 VSTD20 VSTD30 VSTD60 WVMA5 WVMA10 WVMA20 WVMA30 WVMA60 VSUMP5 VSUMP10 VSUMP20 VSUMP30 VSUMP60 VSUMN5 VSUMN10 VSUMN20 VSUMN30 VSUMN60 VSUMD5 VSUMD10 VSUMD20 VSUMD30 VSUMD60 ORC_TREND_PATH_CROWD_20 ORC_TREND_ACCEL_UNCROWDED_5_20 ORC_TREND_STREAK_EXHAUST_12 ORC_TREND_RSQR_STRESS_20 ORC_TREND_ACCEL_GAP_10_30
feature_infos=[-0.16749253869056702:0.23587034642696381] [0:0.33308270573616028] [-1:1] [0:0.27153289318084717] [0:1] [0:0.19577737152576447] [0:1] [-0.31147539615631104:0.23587034642696381] [-1:1] [0.80914634466171265:1.2011904716491699] [1:1.365384578704834] [0.79261672496795654:1] [0.90894031524658203:1.0927579402923584] [0.57777780294418335:1.6790908575057983] [0.54954206943511963:1.8924485445022583] [0.46860837936401367:2.2146341800689697] [0.46312057971954346:2.740487813949585] [0.36440131068229675:2.649662971496582] [0.74611109495162964:1.3455072641372681] [0.65066665410995483:1.4951817989349365] [0.60133224725723267:1.7117466926574707] [0.56646168231964111:1.9959673881530762] [0.4937971830368042:1.8649090528488159] [0:0.26957115530967712] [0:0.32280367612838745] [0:0.36472421884536743] [0:0.57258552312850952] [0:0.50059491395950317] [-0.16409091651439667:0.12254486232995987] [-0.11048160493373871:0.12254486232995987] [-0.11048160493373871:0.12254486232995987] [-0.11048160493373871:0.12254486232995987] [-0.11048160493373871:0.12254486232995987] [0:1] [0:1] [0:1] [0:1] [0:1] [-0.15193372964859009:0.13264167308807373] [-0.24554997682571411:0.20802642405033112] [-0.40848860144615173:0.27864286303520203] [-0.44566619396209717:0.33016127347946167] [-0.96870207786560059:0.3971981406211853] [1:1.6472727060317993] [1:1.9298244714736938] [1:2.2439024448394775] [1:3.3160974979400635] [1:3.3160974979400635] [0.5718809962272644:1] [0.54045307636260986:1] [0.4660193920135498:1] [0.43721681833267212:1] [0.34664765000343323:1] [0.86488890647888184:1.4843636751174927] [0.72140765190124512:1.7869091033935547] [0.59200000762939453:2.054157018661499] [0.56569522619247437:2.423609733581543] [0.56576049327850342:2.3250908851623535] [0.60694897174835205:1.2689855098724365] [0.54922223091125488:1.4057971239089966] [0.49352750182151794:1.5574545860290527] [0.47533980011940002:1.5740000009536743] [0.39857602119445801:1.5950908660888672] [0.20000000298023224:1] [0.10000000149011612:1] [0.05000000074505806:1] [0.033333335071802139:1] [0.01666666753590107:1] [0:1] [0:1] [0:1] [0:1] [0:1] [0.20000000298023224:1] [0.10000000149011612:1] [0.05000000074505806:1] [0.033333335071802139:1] [0.01666666753590107:1] [0.20000000298023224:1] [0.10000000149011612:1] [0.05000000074505806:1] [0.033333335071802139:1] [0.01666666753590107:1] [-0.80000001192092896:0.80000001192092896] [-0.89999997615814209:0.89999997615814209] [-0.94999998807907104:0.94999998807907104] [-0.96666663885116577:0.96666663885116577] [-0.98333334922790527:0.98333334922790527] [-1:1] [-1:1] [-1:1] [-1:1] [-1:1] [-1:1] [-1:1] [-1:1] [-1:1] [-1:1] [0:1] [0:1] [0:0.89999997615814209] [0:0.89999997615814209] [0:0.89999997615814209] [0:1] [0:1] [0:0.89999997615814209] [0:0.875] [0:0.875] [-1:1] [-1:1] [-0.875:0.89999997615814209] [-0.875:0.89999997615814209] [-0.875:0.89999997615814209] [0:1] [0:1] [0:1] [0:1] [0:1] [0:1] [0:1] [0:1] [0:1] [0:1] [-1:1] [-1:1] [-1:1] [-1:1] [-1:1] [0.20013266801834106:26452.083984375] [0.10012400150299072:23627.859375] [0.050104878842830658:12145.7685546875] [0.034610312432050705:10268.4287109375] [0.017187755554914474:8419.4609375] [0.00080492562847211957:59102.5] [0.0021778203081339598:49210.34375] [0.0021778203081339598:42161.07421875] [0.0021778203081339598:37016.7265625] [0.0021778203081339598:26455.013671875] [0:2.2360680103302002] [0:3.1615598201751709] [0:4.4708261489868164] [0:5.4611344337463379] [0:7.5986995697021484] [0:1] [0:1] [0:1] [0:1] [0:1] [0:1] [0:1] [0:1] [0:1] [0:1] [-1:1] [-1:1] [-1:1] [-1:1] [-1:1] [-0.39993909001350403:2.8038227558135986] [-0.084833331406116486:0.083563074469566345] [-3.7620944976806641:5.0776824951171875] [0:1.8427994251251221] [-78937640:8421699]
tree_sizes=3096 3081 3081 3083 3078

Tree=0
num_leaves=31
num_cat=0
split_feature=41 36 29 57 54 14 58 11 30 11 17 25 42 30 1 78 132 79 31 23 15 35 31 56 36 87 108 14 73 64
split_gain=272.464 139.204 138.181 144.684 136.035 127.237 108.58 107.498 110.214 95.4345 140.71 100.169 92.9616 91.2088 80.3306 70.5773 70.2612 67.0484 66.1386 65.5442 65.0521 91.961 81.007 63.0269 59.3739 60.918 55.1993 51.3611 47.6328 47.5789
threshold=-0.066265549510717378 0.68151316046714794 -0.001240371784660965 1.16919481754303 1.0889381766319277 0.98069036006927501 0.92768228054046642 0.92690601944923412 -0.00032588586327619845 0.97681894898414623 0.69958773255348217 0.10544417798519136 -0.1176476553082466 0.012704058084636928 0.064274493604898467 0.5000000149011613 0.48381313681602484 0.94999998807907116 -0.0041855657473206511 0.045430270954966552 1.0234916210174563 0.82273763418197643 -0.00734210037626326 0.98746642470359813 0.77627879381179821 0.80833333730697643 -0.45000000298023218 0.98429313302040111 0.70000001788139354 0.29285715520381933
decision_type=8 10 8 10 10 8 10 8 8 8 8 10 10 10 10 10 10 2 10 10 10 10 10 10 10 2 2 10 10 10
left_child=1 12 4 7 5 6 -2 16 18 11 -11 -10 -1 15 26 -3 -4 23 -9 -15 -7 22 -22 -8 -17 -26 -6 -20 29 -5
right_child=2 13 3 28 14 20 17 8 9 10 -12 -13 -14 19 -16 24 -18 -19 27 -21 21 -23 -24 -25 25 -27 -28 -29 -30 -31
leaf_value=0.007742629068266265 -0.027555928922600451 0.028596191026174739 -0.016342282293463732 -3.4247059818502867e-10 -0.00016277953057657797 -0.00013734825968056568 0.0033777870290094209 0.0017903504195972517 0.0026799307699961255 -0.005231530796954288 0.00049955451383176515 -0.011662156278302431 0.00055100760063031367 0.0082962223837412287 0.014495009633463384 0.0054049153449211938 0.00036966501892489348 0.011208355911829953 -0.002494986945207809 -0.020740770196470876 0.0047716324776202745 0.00049219862480989307 -0.0021517192950329281 -0.0079267228739757188 0.022319308091983504 0.0016934119396230787 0.0063558790267348592 -0.00055104054812461637 0.0017571567577070125 0.0094646864140330647
leaf_weight=2425 196 258 563 580 2710 62935 475 7678 23207 3927 155286 420 5098 116 566 987 313 183 17952 111 1516 17172 60345 2786 563 212 1927 40211 2340 2467
leaf_count=2425 196 258 563 580 2710 62935 475 7678 23207 3927 155286 420 5098 116 566 987 313 183 17952 111 1516 17172 60345 2786 563 212 1927 40211 2340 2467
internal_value=3.73621e-06 0.0049499 -0.000114859 0.000310082 -0.000835152 -0.0010073 -0.00654294 0.000203621 0.000242153 0.000622063 0.000355674 0.00240265 0.00292334 0.0115169 0.00391051 0.0135772 -0.0101612 -0.00510828 -0.000808167 -0.00521763 -0.000862356 -0.00143571 -0.00197572 -0.00617811 0.0109135 0.017239 0.00249743 -0.00115685 0.00516748 0.00766015
internal_weight=415525 9770 405755 254944 150811 145608 3640 249557 248681 182840 159213 23627 7523 2247 5203 2020 876 3444 65841 227 141968 79033 61861 3261 1762 775 4637 58163 5387 3047
internal_count=415525 9770 405755 254944 150811 145608 3640 249557 248681 182840 159213 23627 7523 2247 5203 2020 876 3444 65841 227 141968 79033 61861 3261 1762 775 4637 58163 5387 3047
is_linear=0
shrinkage=1


Tree=1
num_leaves=31
num_cat=0
split_feature=41 36 54 46 32 24 17 53 42 38 117 15 161 0 29 5 7 69 3 86 86 35 53 122 78 72 51 40 38 4
split_gain=261.565 153.346 142.907 149.991 112.657 106.107 91.9754 87.655 143.355 85.4765 224.479 79.1258 78.9126 74.7836 70.5294 65.96 77.2665 81.0977 71.2258 65.0846 62.2001 69.0837 89.1648 53.8458 62.1931 80.8877 53.2473 51.606 50.0391 47.5037
threshold=-0.062672588974237428 0.79750531911849987 1.093691408634186 1.0436248779296877 -0.004925140878185629 0.10003798454999925 1.011374890804291 0.99351683259010326 -0.053919637575745576 -0.015331017319113014 0.64893561601638805 0.72362977266311657 1.0817228555679324 -0.056871930137276643 0.00038085445703472948 0.0035714762052521114 0.028985491953790191 0.96202537417411815 0.026339140720665458 -0.55000001192092884 -0.58333334326744068 0.80614650249481212 0.97927466034889232 0.38550247251987463 0.70000001788139354 0.70270290970802318 0.7671753764152528 0.045020652934908874 0.015883738175034526 0.35294283926486975
decision_type=8 10 10 8 8 10 10 10 8 8 10 8 10 10 10 10 10 10 10 2 2 10 10 10 10 10 10 10 10 10
left_child=1 6 3 5 20 15 19 8 -6 10 -9 -10 -8 -3 -11 27 18 -18 -17 29 21 22 -5 24 25 -21 -4 -2 -26 -1
right_child=2 13 26 4 7 -7 12 9 11 14 -12 -13 -14 -15 -16 16 17 -19 -20 23 -22 -23 -24 -25 28 -27 -28 -29 -30 -31
leaf_value=0.019763688688554239 0.0011362599617229354 -0.0052775942065542737 0.025018786432179196 -0.0075770362011222262 -0.012930486540329645 -0.020938691695214052 -0.0022815999705411709 -0.0015559462750363482 -0.020279306360662049 -0.00091074367930677315 -0.015818019788415325 -0.0018601904626615257 0.011898485220947556 0.018756974861986828 0.00036006712658902723 -0.00048111969450327261 -0.00016292922524158561 0.0067007835045078835 0.010412348015751513 0.026582072657281613 0.00034656636048354419 -0.0016479700323804032 0.010188664539798567 0.0026974505121125287 0.0072926357731692435 0 0.0048365049267139991 -0.0033020427199404608 -0.011324009914732688 0.00014528936753497242
leaf_weight=442 90801 104 112 251 1194 188 3095 6654 197 137510 1164 15159 376 864 54622 76408 3106 2914 522 319 4144 762 2316 4999 869 162 3654 2369 123 188
leaf_count=442 90801 104 112 251 1194 188 3095 6654 197 137510 1164 15159 376 864 54622 76408 3106 2914 522 319 4144 762 2316 4999 869 162 3654 2369 123 188
internal_value=-2.53675e-05 0.00442302 -0.000153384 -0.000208966 -0.000724688 0.000444488 0.00332369 -0.000850853 -0.00295317 -0.000675065 -0.00375261 -0.00214207 -0.000600225 0.0158165 -0.000547898 0.000471392 -0.000140734 0.00312099 -0.000400618 0.00527987 0.00288292 0.00592972 0.00829043 0.00428869 0.00937956 0.0182432 0.00564495 0.00101951 0.0045097 0.0145555
internal_weight=415588 11541 404047 400281 223973 176308 10573 216500 16550 199950 7818 15356 3471 968 192132 176120 82950 6020 76930 7102 7473 3329 2567 6472 1473 481 3766 93170 992 630
internal_count=415588 11541 404047 400281 223973 176308 10573 216500 16550 199950 7818 15356 3471 968 192132 176120 82950 6020 76930 7102 7473 3329 2567 6472 1473 481 3766 93170 992 630
is_linear=0
shrinkage=0.03


Tree=2
num_leaves=31
num_cat=0
split_feature=42 30 32 11 16 38 17 31 13 49 1 81 62 87 35 140 0 62 76 62 35 43 16 24 75 24 33 15 51 34
split_gain=218.874 129.343 148.82 125.64 118.784 118.247 245.236 143.145 187.91 107.984 88.1236 160.46 159.23 86.9142 82.3568 75.6752 71.8438 114.343 78.3221 75.746 72.2473 71.1439 62.4542 57.0556 56.04 64.0517 54.9303 50.8087 49.6809 67.0747
threshold=-0.1176476553082466 -0.00032588586327619845 -0.0046714213676750651 0.92690601944923412 0.88605287671089183 -0.017127021215856072 0.74896535277366649 0.0084722405299544352 0.99485132098197948 0.95781633257865917 0.036036059260368354 0.21666666865348819 0.66871806979179393 0.82499998807907116 0.8605177402496339 1.437697231769562 0.015590212773531677 0.89959189295768749 0.58333334326744091 0.75304409861564647 0.8328758478164674 1.0776025056838991 0.92691171169281017 0.040071574971079833 0.67499998211860668 0.022181089967489246 0.92214521765708934 0.93193194270133983 0.91377553343772899 0.098621990531682982
decision_type=8 8 10 8 8 8 8 10 10 10 8 2 10 2 10 8 10 10 2 10 10 10 8 10 2 10 10 8 10 10
left_child=24 2 23 15 27 6 14 10 13 -10 12 -12 -7 -9 21 -3 18 22 20 -20 -6 -5 -18 -2 25 -1 -25 -4 29 -8
right_child=1 3 4 5 16 7 28 8 9 -11 11 -13 -14 -15 -16 -17 17 -19 19 -21 -22 -23 -24 26 -26 -27 -28 -29 -30 -31
leaf_value=-0.0086013936768198056 0.0013595707138545144 0 0.00053529423119708748 -0.014119670320871032 -0.0010116927795615165 -0.01721299405547301 0.010911004337780654 -0.00058152545610816366 0.0071287727524421305 0.021362711054098326 0.004746653998141886 -0.00040797305583834952 0.00027966777372490976 0.009386271096794515 -0.026157725823834865 -0.016831557551113024 -0.00011363023763586735 -0.0017564167315679518 0.021799672891131855 0.0012284060901874656 0.0012845108125792181 0.00029512817610520867 -0.013634530844449082 0.0080871773014851486 0.019401177775914737 0.0062242138894454731 -0.0035034670879895888 -0.0099302448506440981 -0.005574745084141461 -6.6284332079435433e-05
leaf_weight=245 6295 376 470 847 119452 449 565 4424 2133 670 11204 10342 194524 927 369 586 473 16616 145 15451 13625 415 1193 2582 276 4467 378 1803 1120 3129
leaf_count=245 6295 376 470 847 119452 449 565 4424 2133 670 11204 10342 194524 927 369 586 473 16616 145 15451 13625 415 1193 2582 276 4467 378 1803 1120 3129
internal_value=3.40554e-05 -4.1256e-05 -0.000649071 0.000424912 -0.000853157 0.000471611 -0.003522 0.00058781 0.00448899 0.0107646 0.000439107 0.00226046 0.000236084 0.00111795 -0.0135001 -0.0102699 -0.000757926 -0.00253603 -0.000536947 0.00146655 -0.000774186 -0.0092148 -0.0100206 0.00304411 0.00626826 0.00535686 0.00649277 -0.0076496 -3.74434e-05 0.00158164
internal_weight=415551 410563 178483 232080 169228 231118 6445 224673 8154 2803 216519 21546 194973 5351 1631 962 166955 18282 148673 15596 133077 1262 1666 9255 4988 4712 2960 2273 4814 3694
internal_count=415551 410563 178483 232080 169228 231118 6445 224673 8154 2803 216519 21546 194973 5351 1631 962 166955 18282 148673 15596 133077 1262 1666 9255 4988 4712 2960 2273 4814 3694
is_linear=0
shrinkage=0.03


Tree=3
num_leaves=31
num_cat=0
split_feature=41 36 29 57 38 117 18 54 18 117 42 31 3 61 55 38 30 37 14 1 26 119 42 45 53 34 33 62 26 56
split_gain=238.944 142.527 115.243 128.383 132.539 175.177 127.73 126.588 119.996 101.699 96.3796 96.3607 88.9826 102.517 150.107 81.6863 81.8787 80.9338 78.1406 77.6946 74.8168 74.0608 70.279 85.1633 78.0791 69.4427 65.3176 63.8617 57.7604 55.9388
threshold=-0.066265549510717378 0.65619894862174999 -0.0008792423759587108 1.16919481754303 -0.017127021215856072 0.64639952778816234 0.97183626890182506 1.0889381766319277 0.95068228244781505 0.71166664361953746 -0.10959380865097045 -0.00734210037626326 0.021359209902584556 0.79531866312026989 0.93125653266906749 0.032048635184764869 -0.00032588586327619845 0.18559519946575168 0.95430296659469616 0.064274493604898467 0.040895225480198867 0.42592601478099829 -0.086869582533836351 1.0588891506195071 0.99799105525016796 0.16737049072980884 0.60456988215446483 0.80835273861885082 0.03890651464462281 0.9553191363811494
decision_type=8 10 8 10 8 10 10 10 10 10 10 10 10 10 10 10 8 10 8 10 10 10 10 10 10 10 10 10 10 10
left_child=1 10 7 4 5 20 9 8 11 -7 28 -2 15 14 -14 16 -6 -17 -3 -9 -4 -10 24 -24 -23 -22 -20 -8 -1 -15
right_child=2 18 3 -5 12 6 27 19 21 -11 -12 -13 13 29 -16 17 -18 -19 26 -21 25 22 23 -25 -26 -27 -28 -29 -30 -31
leaf_value=-0.0022672473427867799 7.1917439313806791e-05 -0.0038983584415413193 -0.0064172966526124114 0.0049728858248190349 -0.0007047766658439202 -0.0095873966582084268 -0.020078917743397366 0.0024546392590051634 -0.0048326845571320613 0.024782521719418797 -0.00028300372384091184 -0.021225142467207015 -0.0062374127909200841 -0.0033093210187152325 0.023322902809260256 -0.024714681789397876 0.00058912945432352539 0 0.019315845035217619 0.014269401709196694 0.012148948890434649 -0.010588225018708323 4.5374490297828023e-05 -0.0014387934188351535 0.0031580032866847197 -0.00025542181179361132 0.0080229305547704268 -0.00090382302692041218 0.0086465107920949743 0.0047864938831908479
leaf_weight=475 276 253 1528 5156 59371 152 1033 4670 4061 114 4426 449 188 1028 511 215 168676 204 860 564 461 368 56529 88912 6158 2341 1404 225 2371 2589
leaf_count=475 276 253 1528 5156 59371 152 1033 4670 4061 114 4426 449 188 1028 511 215 168676 204 860 564 461 368 56529 88912 6158 2341 1404 225 2371 2589
internal_value=-2.47741e-06 0.00462347 -0.000115035 0.000296194 0.000193484 -0.00425368 -0.0129486 -0.000735751 -0.00089073 0.00479659 0.0024264 -0.0129306 0.000306965 0.00456801 0.0150029 0.000224763 0.000250919 -0.0126906 0.0107837 0.00383433 -0.00107894 -0.000831213 -0.000721687 -0.000859948 0.00230704 0.00175074 0.0125756 -0.0169519 0.00671721 0.00239752
internal_weight=415568 9789 405779 243792 238636 5854 1524 161987 156753 266 7272 725 232782 4316 699 228466 228047 419 2517 5234 4330 156028 151967 145441 6526 2802 2264 1258 2846 3617
internal_count=415568 9789 405779 243792 238636 5854 1524 161987 156753 266 7272 725 232782 4316 699 228466 228047 419 2517 5234 4330 156028 151967 145441 6526 2802 2264 1258 2846 3617
is_linear=0
shrinkage=0.03


Tree=4
num_leaves=31
num_cat=0
split_feature=41 36 39 46 15 39 32 25 37 17 16 33 122 38 17 30 61 38 78 98 38 81 138 84 32 161 11 25 131 25
split_gain=234.499 119.75 118.047 117.871 119.489 116.424 91.8432 75.3008 83.2457 74.9305 68.3826 67.0462 65.3076 62.4186 178.368 81.0033 58.725 67.4509 86.7406 64.0188 57.7647 56.9195 56.5439 55.8251 59.438 53.2501 53.0565 51.2121 72.0692 48.8369
threshold=-0.066265549510717378 0.77627879381179821 -0.066836908459663377 1.0410256981849673 1.1497821211814883 0.060182465240359313 -0.004925140878185629 0.081587396562099471 0.7337559461593629 1.011374890804291 1.0501433014869692 0.93427523970603954 0.38888882100582128 -0.015331017319113014 0.74236810207366954 -0.00040144669765140856 0.82833755016326915 0.01306903036311269 0.30000000447034841 0.77500000596046459 0.0087741483002901095 0.61666667461395275 0.578840732574463 0.25000000745058065 0.0042149871587753305 1.1316858530044558 0.97947075963020336 0.013608650304377081 0.87545678019523632 0.087922334671020522
decision_type=8 10 10 10 10 10 8 10 10 10 10 10 10 10 8 10 8 10 10 2 10 2 10 2 10 10 10 8 8 10
left_child=1 9 -3 7 5 6 21 16 20 10 12 -6 29 14 -8 -15 17 18 22 -20 -9 -5 -2 -19 -25 -11 -13 -18 -29 -1
right_child=3 2 -4 4 11 -7 13 8 -10 25 -12 26 -14 15 -16 -17 27 23 19 -21 -22 -23 -24 24 -26 -27 -28 28 -30 -31
leaf_value=0.012011682926162625 0.011431451738403292 -0.012182076580911165 0.018142661286122061 0.00010818169096677521 0.0040999163620476483 -0.013671929135219562 -0.012937565203013946 -0.0050270445501670877 0.0058471018395035478 -0.0018690557275312964 0.012373412792364431 0.011991710945597438 0.0015710930864841102 -0.0010721268425277018 -0.0012056461703114398 0.00014548706057517609 0.0012392035272184583 -0.018591956263693747 0.0053767694434541874 0.018311212952148763 -0.025458929500403415 0.0057554854980090128 0.00032141485990868171 -0.0041073822738789591 0.0091819782606038323 0.011151948710117536 -0.0090153828892698355 0.0011626331686815556 -0.00045447931387536557 -0.0049233879307284947
leaf_weight=1066 479 106 888 3509 6805 601 1420 354 224 2661 1046 102 3589 139845 6591 75208 47876 143 988 632 241 3128 2758 967 417 294 607 36616 76629 140
leaf_count=1066 479 106 888 3509 6805 601 1420 354 224 2661 1046 102 3589 139845 6591 75208 47876 143 988 632 241 3128 2758 967 417 294 607 36616 76629 140
internal_value=-1.097e-05 0.0045715 0.0144365 -0.000122389 -0.000552931 -0.000675572 -0.000639075 0.000484113 -0.00846031 0.00339245 0.00536036 0.00315799 0.00372316 -0.000743706 -0.0033496 -0.000644936 0.000530641 0.00335477 0.00509655 0.0107675 -0.0143494 0.0028241 0.00211765 -0.00198575 0 -0.000406463 -0.00533561 0.000416478 6.5853e-05 0.00975281
internal_weight=415930 9790 994 406140 237816 230302 229701 168324 819 8796 5841 7514 4795 223064 8011 215053 167505 6384 4857 1620 595 6637 3237 1527 1384 2955 709 161121 113245 1206
internal_count=415930 9790 994 406140 237816 230302 229701 168324 819 8796 5841 7514 4795 223064 8011 215053 167505 6384 4857 1620 595 6637 3237 1527 1384 2955 709 161121 113245 1206
is_linear=0
shrinkage=0.03


end of trees

feature_importances:
RESI5=8
ROC60=5
BETA20=5
RSQR30=5
RESI60=5
LOW0=4
ROC20=4
STD20=4
BETA30=4
BETA60=4
RSQR20=4
RESI30=4
QTLD60=4
KLEN=3
ROC10=3
ROC30=3
STD10=3
BETA10=3
RSQR5=3
QTLU5=3
QTLU10=3
IMIN5=3
SUMP60=3
KMID=2
KUP=2
MA5=2
STD30=2
RSQR10=2
RSQR60=2
RESI10=2
MAX30=2
MIN30=2
QTLU30=2
QTLU60=2
QTLD30=2
IMIN30=2
IMXD30=2
IMXD60=2
SUMN60=2
ORC_TREND_RSQR_STRESS_20=2
KUP2=1
KLOW=1
KSFT=1
ROC5=1
STD5=1
RESI20=1
MAX5=1
MAX20=1
MIN10=1
QTLU20=1
QTLD5=1
RANK10=1
RSV10=1
RSV60=1
IMAX5=1
IMAX20=1
IMAX30=1
IMIN10=1
IMXD10=1
CNTP5=1
CNTD5=1
SUMN10=1
VMA30=1
VMA60=1
WVMA5=1
WVMA20=1

parameters:
[boosting: gbdt]
[objective: regression]
[metric: l2]
[tree_learner: serial]
[device_type: cpu]
[data_sample_strategy: bagging]
[data: ]
[valid: ]
[num_iterations: 500]
[learning_rate: 0.03]
[num_leaves: 31]
[num_threads: 12]
[seed: 20260812]
[deterministic: 1]
[force_col_wise: 1]
[force_row_wise: 0]
[histogram_pool_size: -1]
[max_depth: 7]
[min_data_in_leaf: 100]
[min_sum_hessian_in_leaf: 0.001]
[bagging_fraction: 0.8]
[pos_bagging_fraction: 1]
[neg_bagging_fraction: 1]
[bagging_freq: 1]
[bagging_seed: 20260812]
[bagging_by_query: 0]
[feature_fraction: 0.8]
[feature_fraction_bynode: 1]
[feature_fraction_seed: 20260812]
[extra_trees: 0]
[extra_seed: 9622]
[early_stopping_round: 0]
[early_stopping_min_delta: 0]
[first_metric_only: 0]
[max_delta_step: 0]
[lambda_l1: 10]
[lambda_l2: 20]
[linear_lambda: 0]
[min_gain_to_split: 0]
[drop_rate: 0.1]
[max_drop: 50]
[skip_drop: 0.5]
[xgboost_dart_mode: 0]
[uniform_drop: 0]
[drop_seed: 26770]
[top_rate: 0.2]
[other_rate: 0.1]
[min_data_per_group: 100]
[max_cat_threshold: 32]
[cat_l2: 10]
[cat_smooth: 10]
[max_cat_to_onehot: 4]
[top_k: 20]
[monotone_constraints: ]
[monotone_constraints_method: basic]
[monotone_penalty: 0]
[feature_contri: ]
[forcedsplits_filename: ]
[refit_decay_rate: 0.9]
[cegb_tradeoff: 1]
[cegb_penalty_split: 0]
[cegb_penalty_feature_lazy: ]
[cegb_penalty_feature_coupled: ]
[path_smooth: 0]
[interaction_constraints: ]
[verbosity: 1]
[saved_feature_importance_type: 0]
[use_quantized_grad: 0]
[num_grad_quant_bins: 4]
[quant_train_renew_leaf: 0]
[stochastic_rounding: 1]
[linear_tree: 0]
[max_bin: 255]
[max_bin_by_feature: ]
[min_data_in_bin: 3]
[bin_construct_sample_cnt: 200000]
[data_random_seed: 20260812]
[is_enable_sparse: 1]
[enable_bundle: 1]
[use_missing: 1]
[zero_as_missing: 0]
[feature_pre_filter: 1]
[pre_partition: 0]
[two_round: 0]
[header: 0]
[label_column: ]
[weight_column: ]
[group_column: ]
[ignore_column: ]
[categorical_feature: ]
[forcedbins_filename: ]
[precise_float_parser: 0]
[parser_config_file: ]
[objective_seed: 6428]
[num_class: 1]
[is_unbalance: 0]
[scale_pos_weight: 1]
[sigmoid: 1]
[boost_from_average: 1]
[reg_sqrt: 0]
[alpha: 0.9]
[fair_c: 1]
[poisson_max_delta_step: 0.7]
[tweedie_variance_power: 1.5]
[lambdarank_truncation_level: 30]
[lambdarank_norm: 1]
[label_gain: ]
[lambdarank_position_bias_regularization: 0]
[eval_at: ]
[multi_error_top_k: 1]
[auc_mu_weights: ]
[num_machines: 1]
[local_listen_port: 12400]
[time_out: 120]
[machine_list_filename: ]
[machines: ]
[gpu_platform_id: -1]
[gpu_device_id: -1]
[gpu_device_id_list: ]
[gpu_use_dp: 0]
[num_gpu: 1]

end of parameters

pandas_categorical:null
