tree
version=v4
num_class=1
num_tree_per_iteration=1
label_index=0
max_feature_idx=157
objective=regression
feature_names=KMID KLEN KMID2 KUP KUP2 KLOW KLOW2 KSFT KSFT2 OPEN0 HIGH0 LOW0 VWAP0 ROC5 ROC10 ROC20 ROC30 ROC60 MA5 MA10 MA20 MA30 MA60 STD5 STD10 STD20 STD30 STD60 BETA5 BETA10 BETA20 BETA30 BETA60 RSQR5 RSQR10 RSQR20 RSQR30 RSQR60 RESI5 RESI10 RESI20 RESI30 RESI60 MAX5 MAX10 MAX20 MAX30 MAX60 MIN5 MIN10 MIN20 MIN30 MIN60 QTLU5 QTLU10 QTLU20 QTLU30 QTLU60 QTLD5 QTLD10 QTLD20 QTLD30 QTLD60 RANK5 RANK10 RANK20 RANK30 RANK60 RSV5 RSV10 RSV20 RSV30 RSV60 IMAX5 IMAX10 IMAX20 IMAX30 IMAX60 IMIN5 IMIN10 IMIN20 IMIN30 IMIN60 IMXD5 IMXD10 IMXD20 IMXD30 IMXD60 CORR5 CORR10 CORR20 CORR30 CORR60 CORD5 CORD10 CORD20 CORD30 CORD60 CNTP5 CNTP10 CNTP20 CNTP30 CNTP60 CNTN5 CNTN10 CNTN20 CNTN30 CNTN60 CNTD5 CNTD10 CNTD20 CNTD30 CNTD60 SUMP5 SUMP10 SUMP20 SUMP30 SUMP60 SUMN5 SUMN10 SUMN20 SUMN30 SUMN60 SUMD5 SUMD10 SUMD20 SUMD30 SUMD60 VMA5 VMA10 VMA20 VMA30 VMA60 VSTD5 VSTD10 VSTD20 VSTD30 VSTD60 WVMA5 WVMA10 WVMA20 WVMA30 WVMA60 VSUMP5 VSUMP10 VSUMP20 VSUMP30 VSUMP60 VSUMN5 VSUMN10 VSUMN20 VSUMN30 VSUMN60 VSUMD5 VSUMD10 VSUMD20 VSUMD30 VSUMD60
feature_infos=[-0.16749253869056702:0.24100260436534882] [0:0.49935737252235413] [-1:1] [0:0.27153289318084717] [0:1] [0:0.2003205418586731] [0:1] [-0.31147539615631104:0.23587034642696381] [-1:1] [0.80580008029937744:1.2011904716491699] [1:1.365384578704834] [0.79261672496795654:1] [0.90894031524658203:1.0927579402923584] [0.57777780294418335:1.6790908575057983] [0.54954206943511963:1.8924485445022583] [0.46860837936401367:2.2146341800689697] [0.46312057971954346:2.740487813949585] [0.36440131068229675:2.649662971496582] [0.74611109495162964:1.3455072641372681] [0.65066665410995483:1.4951817989349365] [0.60133224725723267:1.7117466926574707] [0.56646168231964111:1.9959673881530762] [0.4937971830368042:1.8649090528488159] [0:0.26957115530967712] [0:0.32280367612838745] [0:0.36472421884536743] [0:0.57258552312850952] [0:0.50059491395950317] [-0.16409091651439667:0.12254486232995987] [-0.11048160493373871:0.12254486232995987] [-0.11048160493373871:0.12254486232995987] [-0.11048160493373871:0.12254486232995987] [-0.11048160493373871:0.12254486232995987] [0:1] [0:1] [0:1] [0:1] [0:1] [-0.15193372964859009:0.13264167308807373] [-0.24554997682571411:0.20802642405033112] [-0.40848860144615173:0.27864286303520203] [-0.44566619396209717:0.33016127347946167] [-0.96870207786560059:0.3971981406211853] [1:1.6472727060317993] [1:1.9298244714736938] [1:2.2439024448394775] [1:3.3160974979400635] [1:3.3160974979400635] [0.5718809962272644:1] [0.54045307636260986:1] [0.4660193920135498:1] [0.43721681833267212:1] [0.34664765000343323:1] [0.86488890647888184:1.4843636751174927] [0.72140765190124512:1.7869091033935547] [0.59200000762939453:2.054157018661499] [0.56569522619247437:2.423609733581543] [0.56576049327850342:2.3250908851623535] [0.60694897174835205:1.2689855098724365] [0.54922223091125488:1.4057971239089966] [0.49352750182151794:1.5574545860290527] [0.47533980011940002:1.5740000009536743] [0.39857602119445801:1.5950908660888672] [0.20000000298023224:1] [0.10000000149011612:1] [0.05000000074505806:1] [0.033333335071802139:1] [0.01666666753590107:1] [0:1] [0:1] [0:1] [0:1] [0:1] [0.20000000298023224:1] [0.10000000149011612:1] [0.05000000074505806:1] [0.033333335071802139:1] [0.01666666753590107:1] [0.20000000298023224:1] [0.10000000149011612:1] [0.05000000074505806:1] [0.033333335071802139:1] [0.01666666753590107:1] [-0.80000001192092896:0.80000001192092896] [-0.89999997615814209:0.89999997615814209] [-0.94999998807907104:0.94999998807907104] [-0.96666663885116577:0.96666663885116577] [-0.98333334922790527:0.98333334922790527] [-1:1] [-1:1] [-1:1] [-1:1] [-1:1] [-1:1] [-1:1] [-1:1] [-1:1] [-1:1] [0:1] [0:1] [0:0.89999997615814209] [0:0.89999997615814209] [0:0.89999997615814209] [0:1] [0:1] [0:0.89999997615814209] [0:0.8571428656578064] [0:0.8571428656578064] [-1:1] [-1:1] [-0.8571428656578064:0.89999997615814209] [-0.8571428656578064:0.89999997615814209] [-0.8571428656578064:0.89999997615814209] [0:1] [0:1] [0:1] [0:1] [0:1] [0:1] [0:1] [0:1] [0:1] [0:1] [-1:1] [-1:1] [-1:1] [-1:1] [-1:1] [0.20013266801834106:26452.083984375] [0.10012400150299072:23627.859375] [0.050104878842830658:12145.7685546875] [0.034610312432050705:10268.4287109375] [0.017187755554914474:8419.4609375] [0.00080492562847211957:59102.5] [0.0021778203081339598:49210.34375] [0.0021778203081339598:42161.07421875] [0.0021778203081339598:37016.7265625] [0.0021778203081339598:26455.013671875] [0:2.2360680103302002] [0:3.1615598201751709] [0:4.4708261489868164] [0:5.4611344337463379] [0:7.5986995697021484] [0:1] [0:1] [0:1] [0:1] [0:1] [0:1] [0:1] [0:1] [0:1] [0:1] [-1:1] [-1:1] [-1:1] [-1:1] [-1:1]
tree_sizes=3085 3077 3110 3084 3050 3121 3117

Tree=0
num_leaves=31
num_cat=0
split_feature=56 40 44 81 22 124 14 33 33 29 84 71 28 0 16 75 10 50 118 116 1 14 82 24 81 81 54 77 1 22
split_gain=220.242 112.796 152.81 127.917 116.747 128.214 136.374 91.2243 88.5707 84.3314 79.7539 91.6563 79.2208 77.2141 69.6664 96.2398 74.596 76.9356 69.3463 69.143 106.548 65.9474 71.409 62.9917 62.1591 58.5623 58.05 56.5836 56.4859 54.2324
threshold=1.178559482097626 -0.047677515074610703 1.037277936935425 0.15000000596046451 0.7987084984779359 0.69481685757637035 0.97648319602012645 0.3644604235887528 0.97672224044799816 -0.00041401588532607997 0.65000000596046459 0.57272744178771984 0.016868742182850841 -0.029138337820768353 1.1288060545921328 0.22500000149011615 1.0244886279106142 0.95909735560417186 0.54545488953590404 0.37065641582012182 0.055808296427130706 0.86095678806304943 0.7916666865348817 0.045713180676102645 0.050000002607703216 0.25000000745058065 1.0641286969184878 0.075000002980232253 0.01127358013764024 0.7987084984779359
decision_type=10 8 10 2 10 10 8 8 10 10 2 10 10 10 10 2 10 8 10 10 10 10 2 10 2 2 10 2 10 8
left_child=1 3 14 10 5 6 18 23 19 12 11 24 -9 -12 15 29 17 -17 -4 20 27 22 -5 28 -1 -25 -13 -2 -6 -3
right_child=8 2 4 21 7 -7 -8 9 -10 -11 13 26 -14 -15 -16 16 -18 -19 -20 -21 -22 -23 -24 25 -26 -27 -28 -29 -30 -31
leaf_value=-0.0012809390956765839 -0.0019496084349577114 0.017814542773566949 -0.017949761053305615 3.2049715509296416e-10 0.001316864914036935 0.0089442249575277105 0.012406653144219676 -0.0007123819658427672 -0.012352856943261624 0.0015970500229655639 -0.019276324655738471 0.0087582503636482161 -0.011513742951761021 0.0094580113293942641 0.0041998379287102698 3.8058901446432623e-05 0.0042042130905594333 0.0015447226007185872 0.0046810651695460082 0.00083192125306887652 0.015810607043436287 -0.00042117650960529416 0.025982583905477478 -0.0052839978875181609 0.0082519495215638925 0.0051742551861887519 0.021627881348755131 0.0072716776725006123 -0.0026213373013709647 -0.00085311684058847058
leaf_weight=1052 716 119 1168 220 3456 271 148 68298 212 16028 181 1148 601 113 3902 115521 4889 41641 105 1689 1215 6654 162 600 1307 1905 552 2484 39602 65046
leaf_count=1052 716 119 1168 220 3456 271 148 68298 212 16028 181 1148 601 113 3902 115521 4889 41641 105 1689 1215 6654 162 600 1307 1905 552 2484 39602 65046
internal_value=-4.4231e-05 -0.000138797 -0.000231786 0.00279638 -0.00104569 -0.00885052 -0.0125294 -0.000940847 0.00550116 -0.000355387 0.00682857 0.00796223 -0.000814268 -0.00737779 0.000232457 0.000162641 0.000555254 0.000439313 -0.0158076 0.00620856 0.00818477 0.000246968 0.0120735 -0.0020249 0.00389961 0.00252846 0.0133144 0.00511595 -0.00229781 -0.00080897
internal_weight=381005 374689 363300 11389 132182 1692 1421 130490 6316 84927 4353 4059 68899 294 231118 227216 162051 157162 1273 6104 4415 7036 382 45563 2359 2505 1700 3200 43058 65165
internal_count=381005 374689 363300 11389 132182 1692 1421 130490 6316 84927 4353 4059 68899 294 231118 227216 162051 157162 1273 6104 4415 7036 382 45563 2359 2505 1700 3200 43058 65165
is_linear=0
shrinkage=1


Tree=1
num_leaves=31
num_cat=0
split_feature=56 30 28 72 33 79 38 17 16 54 6 10 86 34 82 126 12 81 120 82 140 45 19 16 38 46 37 27 86 12
split_gain=176.696 139.341 138.212 134.746 100.39 99.8685 98.325 199.114 93.9997 76.5813 71.662 81.2512 78.4233 71.3361 70.3067 67.5031 65.4813 61.7469 60.4401 60.6004 54.9428 54.3457 52.0475 65.4491 49.1986 63.0329 48.8086 58.4588 47.1959 46.5586
threshold=1.178559482097626 -0.0003089340752921998 -0.0097619062289595587 0.68991521000862133 0.97672224044799816 0.94999998807907116 -0.015347143169492481 0.74533405900001537 0.93142858147621166 1.084481477737427 0.28571192920207983 1.028927266597748 0.88333332538604747 0.24309013783931735 0.24166666716337207 -0.2289159148931503 1.0125671029090884 0.15000000596046451 0.46788974106311804 0.17500000447034839 0.81485649943351757 1.0763533711433413 0.95954111218452465 0.88104087114334118 -0.00030608502856921399 1.2542607784271242 0.8509635627269746 0.0908847711980343 -0.81666666269302357 1.0191188454627993
decision_type=10 8 8 10 10 2 8 8 8 10 8 10 2 10 2 10 10 2 10 2 10 10 10 8 10 10 10 10 2 10
left_child=1 8 3 22 15 14 7 13 18 10 12 -12 -8 -4 -5 20 -15 -11 -1 21 -2 -20 -3 -24 25 -22 28 -28 -10 -9
right_child=4 2 6 5 -6 -7 9 29 26 17 11 -13 -14 16 -16 -17 -18 -19 19 -21 24 -23 23 -25 -26 -27 27 -29 -30 -31
leaf_value=-4.9180504845250009e-05 0.00033572410645077173 -0.013749895065279816 0.001968387900176042 0.00102137704137406 -0.013572084360546906 0.016319919206788405 0.00050889265778935439 -0.0019996623291121465 -0.0019543494096643222 0.029082204148070022 -0.00045957820387628118 0.010671066806123954 0.002892200381911827 -0.0056287212609771858 0.011677800576687528 -0.00024875177271454574 -0.019910121590457856 0 0.0055815067830936689 -0.0097936462453549391 0.0037648381678415024 -0.0071543612237551157 0.0071608095157549489 0.00074113953786454363 0.0048075842961450401 0.015519389855089917 0.00025455095402177752 0.0059404365706129756 -0.00050300170906543396 0.0044594035481506523
leaf_weight=1803 913 172 232 1650 225 1023 100436 4031 24535 131 76878 573 14274 559 885 1251 880 120 531 2309 691 626 1736 8566 1792 1481 9445 1981 119997 1306
leaf_count=1803 913 172 232 1650 225 1023 100436 4031 24535 131 76878 573 14274 559 885 1251 880 120 531 2309 691 626 1736 8566 1792 1481 9445 1981 119997 1306
internal_value=1.29718e-05 -7.04879e-05 0.000431416 0.00330868 0.00496699 0.00835545 0.000227144 -0.00325406 -0.000736802 0.000355821 0.000331717 -0.000370625 0.000808528 -0.0122307 0.00492137 0.00573842 -0.0147211 0.0163156 -0.00467865 -0.00698672 0.0073302 -0.00105888 0.00155306 0.00186377 0.00885611 0.0119851 -0.000601121 0.00127522 -0.000751687 -0.000352336
internal_weight=381032 374679 213452 14032 6353 3558 199420 7008 161227 192412 192161 77451 114710 1671 2535 6128 1439 251 5269 3466 4877 1157 10474 10302 3964 2172 155958 11426 144532 5337
internal_count=381032 374679 213452 14032 6353 3558 199420 7008 161227 192412 192161 77451 114710 1671 2535 6128 1439 251 5269 3466 4877 1157 10474 10302 3964 2172 155958 11426 144532 5337
is_linear=0
shrinkage=0.03


Tree=2
num_leaves=31
num_cat=0
split_feature=46 30 41 71 14 1 116 16 91 18 11 10 27 28 84 5 15 35 1 17 9 33 33 58 65 33 121 82 29 42
split_gain=178.25 131.472 121.644 106.312 159.122 98.4645 108.378 97.9996 90.0141 91.8347 66.0314 116.853 101.883 113.28 101.789 80.1776 62.9689 59.6395 58.9773 65.6452 57.3488 55.231 75.0228 80.2319 74.8814 59.2275 51.6957 51.1806 95.3042 71.7283
threshold=1.2125691771507265 -0.00046967716480139638 -0.074074752628803239 0.55445492267608654 0.94970288872718822 0.055808296427130706 0.35238085687160497 0.93142858147621166 0.85003653168678295 0.95523348450660717 0.97760358452796947 1.0228471159935 0.132122278213501 -0.0068789615761488667 0.84999999403953563 0.0048543650191277274 0.79443269968032848 0.27791295945644384 0.023001085035502914 0.86291244626045238 0.98525586724281322 0.92062216997146618 0.74193543195724498 1.0154340863227846 0.1757352948188782 0.88423082232475292 0.60096165537834179 0.24166666716337207 -0.0067517270799726239 0.0013612385373562577
decision_type=10 8 8 10 10 10 10 8 10 8 8 10 10 10 2 10 8 10 10 8 10 10 10 10 10 10 10 2 10 10
left_child=1 7 3 -3 -5 21 -7 17 10 -10 11 16 15 -14 -13 -12 -4 -1 -9 20 -20 22 24 -24 -2 -25 -26 28 -21 -29
right_child=5 2 8 4 -6 6 -8 18 9 -11 12 14 13 -15 -16 -17 -18 -19 19 27 -22 -23 23 25 26 -27 -28 29 -30 -31
leaf_value=-0.0028563210012573759 -0.0024488035251527501 0.0010191932632082179 -0.0043575041693395284 -0.01107250253893643 0.019439931968780952 0.015154955144346711 0.0026407337055069013 -0.00025886481970645813 -0.016379721622300395 -0.0023315760230032062 0.00071426277921412618 0.0040077684997632907 0.0042623085795105041 -0.012641308950129002 0.022174692575462302 -0.00059297474945310777 0.0016640040080068122 -0.010758113380399052 -0.01213513200219352 0.0051772176330879575 -0.002685547773529689 -0.0038419417186989152 0.0035375516185805586 0.020613545710394934 -0.00047683540424929419 0.00088838899330903392 0.0069318832859403823 -0.0029206556362359713 -0.0012896415529013447 0.000188020069249623
leaf_weight=3303 2831 1237 1623 159 869 1234 1397 103066 469 3729 115893 894 478 1104 432 66200 25212 1246 938 2875 1792 1177 1864 542 1272 227 2142 20024 6917 9753
leaf_count=3303 2831 1237 1623 159 869 1234 1397 103066 469 3729 115893 894 478 1104 432 66200 25212 1246 938 2875 1792 1177 1864 542 1272 227 2142 20024 6917 9753
internal_value=1.63751e-05 -0.00010338 0.000365441 0.00725656 0.0143131 0.00351059 0.00869341 -0.000788018 0.000291137 -0.00404238 0.000378805 0.00173212 0.000169517 -0.00735718 0.0103908 0.000237356 0.00128567 -0.00512395 -0.000649581 -0.00159394 -0.00610606 0.00211011 0.00293977 0.00718771 0.00108366 0.0153412 0.00409745 -0.00127213 0.000585182 -0.00189295
internal_weight=380899 368213 218299 2265 1028 12686 2631 149914 216034 4198 211836 28161 183675 1582 1326 182093 26835 4549 145365 42299 2730 10055 8878 2633 6245 769 3414 39569 9792 29777
internal_count=380899 368213 218299 2265 1028 12686 2631 149914 216034 4198 211836 28161 183675 1582 1326 182093 26835 4549 145365 42299 2730 10055 8878 2633 6245 769 3414 39569 9792 29777
is_linear=0
shrinkage=0.03


Tree=3
num_leaves=31
num_cat=0
split_feature=25 25 28 33 15 1 26 84 51 0 113 7 81 30 58 105 49 27 0 80 119 103 17 39 86 59 28 51 1 140
split_gain=154.754 150.406 150.038 113.893 103.767 95.9314 89.723 83.5579 73.4392 70.2661 66.6948 95.2538 71.2072 70.1351 64.428 64.2505 61.9703 60.5727 75.0822 59.4866 60.037 57.5466 60.3514 56.1461 56.1209 86.1448 76.8657 78.546 68.2543 68.4381
threshold=0.040900170803070075 0.013380165211856367 -0.0097619062289595587 0.92062216997146618 0.79443269968032848 0.036781571805477149 0.10228982567787172 0.65000000596046459 0.83114498853683483 -0.037407588213682168 0.83720949292182933 0.030710153281688694 0.11666667088866235 0.0091132386587560194 1.0058229565620425 0.40588235855102545 0.97811099886894237 0.115273404866457 -0.019461745396256443 0.82500001788139354 0.42028993368148809 1.0000000180025095e-35 0.79334256052970897 -0.040239963680505746 0.84999999403953563 0.93427696824073803 -0.0097619062289595587 0.75815242528915416 0.029827317222952846 1.3778172135353091
decision_type=8 8 8 10 8 10 10 2 8 10 10 10 2 10 10 2 10 10 10 2 10 2 8 8 2 10 10 10 10 10
left_child=1 -1 3 7 5 -4 24 14 15 -9 11 13 -13 -7 -2 17 -5 -6 -19 20 -17 -12 -23 -10 -3 28 -27 -28 -26 -30
right_child=2 6 4 16 8 10 -8 9 23 -11 21 12 -14 -15 -16 19 -18 18 -20 -21 -22 22 -24 -25 25 26 27 -29 29 -31
leaf_value=0.0010557520426613899 0.0037040553576675687 -0.0007442949217161376 0.00113428338640758 0.0068398837166733844 0.0020297127866303498 0.014900480178943834 0.012795766365451136 -0.025561694798576409 0.011800130206217811 0.00052365114204277672 -0.0084824556195377612 -0.0042768132483268426 -0.030742598583048671 -0.0081813435160900377 0.0085137788687199654 0.0037545522760881068 -0.0050254608088399679 -0.018146862677625709 -0.0002984866059693269 -0.0087696548819557324 0.011159622984034922 -0.00020310485210454012 0.019638333078338437 -9.0682196566358619e-05 2.1095303004609454e-05 0.011851076099613077 -0.016700798582285473 2.7402625236213995e-05 0.013529291397505248 -0.00044305316861256787
leaf_weight=62236 6024 234244 2333 488 12078 105 428 117 342 222 563 179 300 1171 4822 3502 1616 276 881 222 1506 556 152 26445 1130 469 236 16805 1163 373
leaf_count=62236 6024 234244 2333 488 12078 105 428 117 342 222 563 179 300 1171 4822 3502 1616 276 881 222 1506 556 152 26445 1130 469 236 16805 1163 373
internal_value=6.18062e-06 -0.000264475 0.00135358 0.00419181 0.000601055 -0.00332509 -0.00058812 0.00540257 0.0010739 -0.0085661 -0.00684655 -0.0106311 -0.0220215 -0.00584986 0.00588174 0.00252886 -0.00209369 0.00138175 -0.00504708 0.00535826 0.00607659 -0.00130478 0.00406704 5.86318e-05 -0.000612818 0.000898005 0.000112996 -0.000205988 0.00590294 0.00998138
internal_weight=380984 317084 63900 13289 50611 5359 254848 11185 45252 339 3026 1755 479 1276 10846 18465 2104 13235 1157 5230 5008 1271 708 26787 254420 20176 17510 17041 2666 1536
internal_count=380984 317084 63900 13289 50611 5359 254848 11185 45252 339 3026 1755 479 1276 10846 18465 2104 13235 1157 5230 5008 1271 708 26787 254420 20176 17510 17041 2666 1536
is_linear=0
shrinkage=0.03


Tree=4
num_leaves=31
num_cat=0
split_feature=56 30 41 16 33 14 51 14 25 28 15 11 7 5 72 53 1 121 35 74 37 1 17 114 77 59 3 42 27 14
split_gain=144.285 124.285 133.646 89.6623 80.1162 76.3375 124.802 118.524 67.5904 81.0321 69.515 112.752 80.6829 65.5563 65.247 67.9831 57.045 95.4053 54.763 59.2158 53.3794 65.0422 54.931 56.9523 51.1478 50.8014 48.6358 45.8788 43.892 40.2112
threshold=1.178559482097626 -0.0003089340752921998 -0.074074752628803239 0.93142858147621166 0.97672224044799816 0.95340505242347728 0.84271284937858593 1.0672054290771487 0.011856814380735161 -0.010782477911561726 0.79443269968032848 0.97760358452796947 0.046674842014908798 0.010905150789767505 0.68991521000862133 1.0379624962806704 0.055808296427130706 0.64878830313682567 0.17882225662469867 0.15000000223517421 0.8509635627269746 0.022429883480072025 0.86291244626045238 0.30107222497463232 0.075000002980232253 0.99304148554801952 0.016887812875211242 -0.075623515993356691 0.0908847711980343 1.0476190447807314
decision_type=10 8 8 8 10 8 10 8 10 8 8 10 10 10 10 10 10 10 10 2 10 10 8 10 2 10 8 10 10 10
left_child=1 3 5 18 16 13 7 25 -4 14 12 -12 -11 -3 26 -16 24 -18 19 -1 21 -5 23 -23 29 -7 -10 -24 -22 -2
right_child=4 2 8 20 -6 6 -8 -9 9 10 11 -13 -14 -15 15 -17 17 -19 -20 -21 28 22 27 -25 -26 -27 -28 -29 -30 -31
leaf_value=0.0047701988692646895 0.0081387341496237144 0.005377728282925388 0.0016091917036026462 -0.00033145277241316255 -0.012396018540435393 0 0.0021426140037464738 -0.00020590804748368694 0.00048093749568175743 -0.001735482962640383 0.0019079371650107596 -0.00029833770073117293 -0.011925829477279121 -0.022658265093889306 0 0.010474976207021055 0.0015990084780891879 0.015489895781896778 -0.0084678582133182728 -0.0044443836153500093 0.00047050286032571949 0.0022279215486071739 0.0010565579159143813 -0.007672068239261795 0.0048665905216822769 0.025266288683660876 0.0097820255402943767 -0.0018220156063272989 0.0054014791788372461 -0.0061651194913866321
leaf_weight=807 196 127 29952 100508 216 104 1197 249 6758 4309 24412 141925 846 116 860 1634 859 1053 2036 2368 9512 599 5646 2448 3268 677 537 35421 1989 759
leaf_count=807 196 127 29952 100508 216 104 1197 249 6758 4309 24412 141925 846 116 860 1634 859 1053 2036 2368 9512 599 5646 2448 3268 677 537 35421 1989 759
internal_value=-2.47709e-05 -0.000101598 0.000371977 -0.000730724 0.00445101 0.00728664 0.00909423 0.0166925 0.00028902 6.90871e-05 -8.08894e-05 2.38474e-05 -0.00350544 -0.00757033 0.00272189 0.00691753 0.00513126 0.0094856 -0.00460297 -0.00199319 -0.000598983 -0.000756789 -0.00171848 -0.00562621 0.00305366 0.0223253 0.00123149 -0.00141864 0.00135721 -0.00281504
internal_weight=381388 375037 213703 161334 6351 2470 2227 1030 211233 181281 171492 166337 5155 243 9789 2494 6135 1912 5211 3175 156123 144622 44114 3047 4223 781 7295 41067 11501 955
internal_count=381388 375037 213703 161334 6351 2470 2227 1030 211233 181281 171492 166337 5155 243 9789 2494 6135 1912 5211 3175 156123 144622 44114 3047 4223 781 7295 41067 11501 955
is_linear=0
shrinkage=0.03


Tree=5
num_leaves=31
num_cat=0
split_feature=56 30 16 40 81 44 109 22 23 3 1 116 72 87 125 50 7 22 0 104 28 3 37 81 77 26 35 27 18 46
split_gain=153.887 110.478 90.4786 89.2717 96.25 95.8762 118.665 159.441 109.802 85.2787 78.4637 85.7535 68.7573 72.4416 66.6643 65.0968 89.9156 99.5307 70.6883 65.0185 57.5734 57.3493 55.5272 53.0321 49.8678 48.9192 73.2941 64.8463 64.169 56.9845
threshold=1.178559482097626 -0.0003089340752921998 0.93142858147621166 -0.04021260887384414 0.15000000596046451 1.037277936935425 0.52777779102325451 0.7987084984779359 0.028433217667043213 0.019490269944071773 0.055808296427130706 0.35238085687160497 0.57509151101112377 0.89166665077209484 0.043478447943925864 0.95909735560417186 -0.01282048551365733 0.98040056228637706 0.015202684327960016 0.38750000298023229 -0.0074971935246139756 0.0098159522749483603 0.78565120697021495 0.083333335816860213 0.075000002980232253 0.046823509037494666 0.80675354599952709 0.0908847711980343 0.95523348450660717 1.0225463509559634
decision_type=10 8 8 8 2 10 2 10 10 10 10 10 10 2 10 10 8 10 10 2 10 10 10 2 2 10 10 10 10 10
left_child=1 2 14 4 12 15 7 8 -7 19 24 -12 -3 -14 21 16 17 -5 -18 -6 -9 22 -1 -17 -2 26 29 28 -27 -4
right_child=10 3 25 5 9 6 -8 20 -10 -11 11 -13 13 -15 -16 23 18 -19 -20 -21 -22 -23 -24 -25 -26 27 -28 -29 -30 -31
leaf_value=-0.01141936175601164 -0.0034566950814395739 8.4660189466138598e-05 0.0022195208043941897 0.00450205710595869 -0.010088768102888591 0.00021707551245756711 0.0069071126280604656 0.00072663540077978479 -0.01793076257643152 0.010567581769613657 0.01520371986360027 0.0019092877484932433 0.0089592588945986117 -0.0044779384672577359 -0.00046523162949701124 2.8108815028511873e-05 -0.00047439464744301305 -0.0016457936592616323 0.001308171290831747 0.00030302657433413876 -0.0017021224929274926 0.00052076770073794455 0.00014660755410276298 0.0025567708802044136 0.0040473801815074728 -0.011752115957776834 0.00116387048068228 0.004221710696357738 0.00024305016447631625 -0.0011748273730541148
leaf_weight=2057 979 1541 4558 8234 572 411 1607 12153 839 658 1089 825 3765 356 2226 11536 83240 3227 26326 5943 30296 583 393 22468 3419 390 15228 3897 19043 112466
leaf_count=2057 979 1541 4558 8234 572 411 1607 12153 839 658 1089 825 3765 356 2226 11536 83240 3227 26326 5943 30296 583 393 22468 3419 390 15228 3897 19043 112466
internal_value=-1.89441e-05 -9.82407e-05 -0.000692405 0.00034868 0.0027739 0.000191544 -0.00101988 -0.00132128 -0.0118181 0.000416963 0.00461781 0.00970748 0.00569504 0.00771 -0.00456305 0.000547591 0.000218783 0.00274506 -4.319e-05 -0.000591523 -0.000999699 -0.00744954 -0.00945646 0.00170825 0.00230097 -0.000559071 -0.000783567 0.000700271 0 -0.0010397
internal_weight=380325 374013 160841 213172 12835 200337 45306 43699 1250 7173 6312 1914 5662 4121 5259 155031 121027 11461 109566 6515 42449 3033 2450 34004 4398 155582 132252 23330 19433 117024
internal_count=380325 374013 160841 213172 12835 200337 45306 43699 1250 7173 6312 1914 5662 4121 5259 155031 121027 11461 109566 6515 42449 3033 2450 34004 4398 155582 132252 23330 19433 117024
is_linear=0
shrinkage=0.03


Tree=6
num_leaves=31
num_cat=0
split_feature=56 29 58 22 28 40 52 79 33 124 86 1 25 35 8 116 82 5 91 26 41 123 82 140 127 22 82 33 52 40
split_gain=130.881 102.171 154.805 91.2072 74.5599 69.3664 81.299 72.4091 79.0557 78.2236 67.1632 78.4153 67.0423 63.0994 62.6331 76.2421 58.7332 64.2641 57.8916 105.311 57.0478 55.4864 55.3942 53.3998 50.009 49.4943 48.5188 48.0639 47.8952 44.0452
threshold=1.178559482097626 -0.0012580383336171506 0.927760809659958 1.0991482734680178 -0.012051464524120091 -0.04021260887384414 0.83261057734489452 0.94999998807907116 0.59559795260429393 -0.1999997869133949 -0.74999999999999989 0.068818710744380965 0.012381107080727817 0.82006552815437328 0.68420976400375377 0.54739692807197582 0.22500000149011615 0.01919500716030598 0.85003653168678295 0.10228982567787172 0.039111372083425529 0.52941140532493602 0.27500000596046453 0.88728919625282299 0.046783635392785079 0.95604443550109874 0.14166667312383655 0.93285343050956737 0.97459891438484203 -0.0057248882949352256
decision_type=10 8 10 10 8 10 10 2 10 10 2 10 10 10 10 10 2 10 10 8 10 10 2 10 10 10 2 10 10 10
left_child=1 2 21 4 14 6 7 8 -4 -9 11 23 -6 16 15 -3 17 -7 19 -14 -20 24 -8 -2 -1 -18 -17 -12 29 -15
right_child=10 3 5 -5 12 13 22 9 -10 -11 27 -13 18 28 -16 26 25 -19 20 -21 -22 -23 -24 -25 -26 -27 -28 -29 -30 -31
leaf_value=-0.0071539895516165826 -0.00069718610427645577 -0.00043743367442228802 0.0060117210021979287 0.0049864304992803523 0.0013410678354532515 -0.00029108752209528707 0.003453380258415655 0.004444519881013991 -0.0046263767727821583 0.017927964038308136 0.0023853877775218608 0.016884578126439551 -4.0297909890425331e-05 0.0060956358809186066 -0.0062579581335588282 0.0017174259589055531 -0.0044463101279707037 0.0080272344482752184 -0.0017377783338396664 0.006932400648774659 -0.011344792051650381 0.00065122308330265463 -0.0020631740181839106 0.0079561239560613436 -0.026890012762622439 -0.0013490822025786966 0.011519682106307168 -0.0095005150312100391 0.0021785043667222142 -0.0018218530877751017
leaf_weight=294 926 1156 1427 3731 38002 35799 2368 1227 1070 629 2741 628 183225 670 407 738 5081 835 2768 1950 719 142 5139 1692 301 68311 1671 319 10245 6378
leaf_count=294 926 1156 1427 3731 38002 35799 2368 1227 1070 629 2741 628 183225 670 407 738 5081 835 2768 1950 719 142 5139 1692 301 68311 1671 319 10245 6378
internal_value=3.0869e-05 -4.06594e-05 -0.000682825 0.000341456 0.000264588 -0.000606896 0.00157715 0.00483279 0.00133342 0.0093164 0.00431045 0.0073186 0.000191605 -0.000812915 0.00433242 0.00565332 -0.00107889 -8.90265e-05 -3.84578e-05 3.22495e-05 -0.00385764 -0.0142306 -0.000278629 0.0047996 -0.0181757 -0.00156875 0.00867912 0.000995254 0.000861325 -0.00101163
internal_weight=380589 374283 139916 234367 230636 139179 11860 4353 2497 1856 6306 3246 226664 127319 3972 3565 110026 36634 188662 185175 3487 737 7507 2618 595 73392 2409 3060 17293 7048
internal_count=380589 374283 139916 234367 230636 139179 11860 4353 2497 1856 6306 3246 226664 127319 3972 3565 110026 36634 188662 185175 3487 737 7507 2618 595 73392 2409 3060 17293 7048
is_linear=0
shrinkage=0.03


end of trees

feature_importances:
KLEN=10
RSQR5=10
BETA5=8
IMIN30=7
IMIN60=7
ROC10=6
ROC30=6
MA60=6
STD60=5
BETA20=5
QTLU30=5
KMID=4
ROC60=4
STD20=4
RSQR20=4
RESI20=4
IMXD30=4
SUMP30=4
KUP=3
KLOW=3
KSFT=3
HIGH0=3
ROC20=3
STD30=3
BETA10=3
RSQR60=3
RESI30=3
MAX30=3
MIN30=3
QTLD5=3
RSV60=3
IMAX60=3
IMXD10=3
WVMA20=3
LOW0=2
VWAP0=2
MA5=2
RESI5=2
RESI60=2
MAX10=2
MIN20=2
MIN60=2
QTLU10=2
QTLD10=2
RSV30=2
IMIN10=2
CORR30=2
SUMN30=2
SUMD10=2
KLOW2=1
KSFT2=1
OPEN0=1
MA10=1
STD5=1
STD10=1
RSQR10=1
RESI10=1
MAX20=1
MIN10=1
QTLU5=1
RANK20=1
IMAX10=1
IMAX20=1
IMIN20=1
IMXD60=1
CNTN5=1
CNTN10=1
CNTN20=1
CNTD10=1
SUMP5=1
SUMP10=1
SUMN5=1
SUMN10=1
SUMN20=1
SUMD5=1
SUMD20=1
SUMD30=1
SUMD60=1

parameters:
[boosting: gbdt]
[objective: regression]
[metric: l2]
[tree_learner: serial]
[device_type: gpu]
[data_sample_strategy: bagging]
[data: ]
[valid: ]
[num_iterations: 500]
[learning_rate: 0.03]
[num_leaves: 31]
[num_threads: 12]
[seed: 20260813]
[deterministic: 0]
[force_col_wise: 1]
[force_row_wise: 0]
[histogram_pool_size: -1]
[max_depth: 7]
[min_data_in_leaf: 100]
[min_sum_hessian_in_leaf: 0.001]
[bagging_fraction: 0.8]
[pos_bagging_fraction: 1]
[neg_bagging_fraction: 1]
[bagging_freq: 1]
[bagging_seed: 20260813]
[bagging_by_query: 0]
[feature_fraction: 0.8]
[feature_fraction_bynode: 1]
[feature_fraction_seed: 20260813]
[extra_trees: 0]
[extra_seed: 13549]
[early_stopping_round: 0]
[early_stopping_min_delta: 0]
[first_metric_only: 0]
[max_delta_step: 0]
[lambda_l1: 10]
[lambda_l2: 20]
[linear_lambda: 0]
[min_gain_to_split: 0]
[drop_rate: 0.1]
[max_drop: 50]
[skip_drop: 0.5]
[xgboost_dart_mode: 0]
[uniform_drop: 0]
[drop_seed: 11866]
[top_rate: 0.2]
[other_rate: 0.1]
[min_data_per_group: 100]
[max_cat_threshold: 32]
[cat_l2: 10]
[cat_smooth: 10]
[max_cat_to_onehot: 4]
[top_k: 20]
[monotone_constraints: ]
[monotone_constraints_method: basic]
[monotone_penalty: 0]
[feature_contri: ]
[forcedsplits_filename: ]
[refit_decay_rate: 0.9]
[cegb_tradeoff: 1]
[cegb_penalty_split: 0]
[cegb_penalty_feature_lazy: ]
[cegb_penalty_feature_coupled: ]
[path_smooth: 0]
[interaction_constraints: ]
[verbosity: 1]
[saved_feature_importance_type: 0]
[use_quantized_grad: 0]
[num_grad_quant_bins: 4]
[quant_train_renew_leaf: 0]
[stochastic_rounding: 1]
[linear_tree: 0]
[max_bin: 63]
[max_bin_by_feature: ]
[min_data_in_bin: 3]
[bin_construct_sample_cnt: 200000]
[data_random_seed: 20260812]
[is_enable_sparse: 1]
[enable_bundle: 1]
[use_missing: 1]
[zero_as_missing: 0]
[feature_pre_filter: 1]
[pre_partition: 0]
[two_round: 0]
[header: 0]
[label_column: ]
[weight_column: ]
[group_column: ]
[ignore_column: ]
[categorical_feature: ]
[forcedbins_filename: ]
[precise_float_parser: 0]
[parser_config_file: ]
[objective_seed: 16743]
[num_class: 1]
[is_unbalance: 0]
[scale_pos_weight: 1]
[sigmoid: 1]
[boost_from_average: 1]
[reg_sqrt: 0]
[alpha: 0.9]
[fair_c: 1]
[poisson_max_delta_step: 0.7]
[tweedie_variance_power: 1.5]
[lambdarank_truncation_level: 30]
[lambdarank_norm: 1]
[label_gain: ]
[lambdarank_position_bias_regularization: 0]
[eval_at: ]
[multi_error_top_k: 1]
[auc_mu_weights: ]
[num_machines: 1]
[local_listen_port: 12400]
[time_out: 120]
[machine_list_filename: ]
[machines: ]
[gpu_platform_id: 0]
[gpu_device_id: 0]
[gpu_use_dp: 1]
[num_gpu: 1]

end of parameters

pandas_categorical:null
