tree
version=v4
num_class=1
num_tree_per_iteration=1
label_index=0
max_feature_idx=157
objective=regression
feature_names=KMID KLEN KMID2 KUP KUP2 KLOW KLOW2 KSFT KSFT2 OPEN0 HIGH0 LOW0 VWAP0 ROC5 ROC10 ROC20 ROC30 ROC60 MA5 MA10 MA20 MA30 MA60 STD5 STD10 STD20 STD30 STD60 BETA5 BETA10 BETA20 BETA30 BETA60 RSQR5 RSQR10 RSQR20 RSQR30 RSQR60 RESI5 RESI10 RESI20 RESI30 RESI60 MAX5 MAX10 MAX20 MAX30 MAX60 MIN5 MIN10 MIN20 MIN30 MIN60 QTLU5 QTLU10 QTLU20 QTLU30 QTLU60 QTLD5 QTLD10 QTLD20 QTLD30 QTLD60 RANK5 RANK10 RANK20 RANK30 RANK60 RSV5 RSV10 RSV20 RSV30 RSV60 IMAX5 IMAX10 IMAX20 IMAX30 IMAX60 IMIN5 IMIN10 IMIN20 IMIN30 IMIN60 IMXD5 IMXD10 IMXD20 IMXD30 IMXD60 CORR5 CORR10 CORR20 CORR30 CORR60 CORD5 CORD10 CORD20 CORD30 CORD60 CNTP5 CNTP10 CNTP20 CNTP30 CNTP60 CNTN5 CNTN10 CNTN20 CNTN30 CNTN60 CNTD5 CNTD10 CNTD20 CNTD30 CNTD60 SUMP5 SUMP10 SUMP20 SUMP30 SUMP60 SUMN5 SUMN10 SUMN20 SUMN30 SUMN60 SUMD5 SUMD10 SUMD20 SUMD30 SUMD60 VMA5 VMA10 VMA20 VMA30 VMA60 VSTD5 VSTD10 VSTD20 VSTD30 VSTD60 WVMA5 WVMA10 WVMA20 WVMA30 WVMA60 VSUMP5 VSUMP10 VSUMP20 VSUMP30 VSUMP60 VSUMN5 VSUMN10 VSUMN20 VSUMN30 VSUMN60 VSUMD5 VSUMD10 VSUMD20 VSUMD30 VSUMD60
feature_infos=[-0.15450645983219147:0.33106967806816101] [0:0.33106967806816101] [-1:1] [0:0.27153289318084717] [0:1] [0:0.19577737152576447] [0:1] [-0.31147539615631104:0.33106967806816101] [-1:1] [0.75127547979354858:1.1827411651611328] [1:1.365384578704834] [0.75127547979354858:1] [0.90894031524658203:1.0877940654754639] [0.62103557586669922:1.6790908575057983] [0.51279789209365845:1.8924485445022583] [0.43777582049369812:2.2146341800689697] [0.40953221917152405:2.740487813949585] [0.32686084508895874:2.649662971496582] [0.8043818473815918:1.3455072641372681] [0.69517505168914795:1.4951817989349365] [0.58934980630874634:1.7117466926574707] [0.53464740514755249:1.9959673881530762] [0.46012550592422485:1.8649090528488159] [0:0.26957115530967712] [0:0.32280367612838745] [0:0.36472421884536743] [0:0.57258552312850952] [0:0.50059491395950317] [-0.16409091651439667:0.17131471633911133] [-0.11732283234596252:0.17131471633911133] [-0.11732283234596252:0.17131471633911133] [-0.11732283234596252:0.17131471633911133] [-0.11732283234596252:0.17131471633911133] [0:1] [0:1] [0:1] [0:1] [0:1] [-0.11478264629840851:0.13264167308807373] [-0.24554997682571411:0.20802642405033112] [-0.40848860144615173:0.27287426590919495] [-0.44566619396209717:0.27581575512886047] [-0.96870207786560059:0.36147966980934143] [1:1.6472727060317993] [1:1.9298244714736938] [1:2.2439024448394775] [1:3.3160974979400635] [1:3.3160974979400635] [0.58144122362136841:1] [0.49132096767425537:1] [0.42983227968215942:1] [0.39746984839439392:1] [0.31774049997329712:1] [0.86334514617919922:1.4843636751174927] [0.78309857845306396:1.7869091033935547] [0.69679319858551025:2.054157018661499] [0.57799351215362549:2.423609733581543] [0.52150630950927734:2.3250908851623535] [0.70860719680786133:1.2689855098724365] [0.53621649742126465:1.4057971239089966] [0.45107382535934448:1.5574545860290527] [0.43389230966567993:1.5740000009536743] [0.37328624725341797:1.5950908660888672] [0.20000000298023224:1] [0.10000000149011612:1] [0.05000000074505806:1] [0.033333335071802139:1] [0.01666666753590107:1] [0:1] [0:1] [0:1] [0:1] [0:1] [0.20000000298023224:1] [0.10000000149011612:1] [0.05000000074505806:1] [0.033333335071802139:1] [0.01666666753590107:1] [0.20000000298023224:1] [0.10000000149011612:1] [0.05000000074505806:1] [0.033333335071802139:1] [0.01666666753590107:1] [-0.80000001192092896:0.80000001192092896] [-0.89999997615814209:0.89999997615814209] [-0.94999998807907104:0.94999998807907104] [-0.96666663885116577:0.96666663885116577] [-0.98333334922790527:0.98333334922790527] [-1:1] [-1:1] [-1:1] [-1:1] [-1:1] [-1:1] [-1:1] [-1:1] [-1:1] [-1:1] [0:1] [0:1] [0:0.94999998807907104] [0:0.90909093618392944] [0:0.90909093618392944] [0:1] [0:1] [0:0.89999997615814209] [0:0.8571428656578064] [0:0.8571428656578064] [-1:1] [-1:1] [-0.83333331346511841:0.90909093618392944] [-0.83333331346511841:0.90909093618392944] [-0.83333331346511841:0.90909093618392944] [0:1] [0:1] [0:1] [0:1] [0:1] [0:1] [0:1] [0:1] [0:1] [0:1] [-1:1] [-1:1] [-1:1] [-1:1] [-1:1] [0.20013266801834106:26452.083984375] [0.10012400150299072:23627.859375] [0.050104878842830658:26698.134765625] [0.033777147531509399:28136.5] [0.017187755554914474:26107.111328125] [0.00080492562847211957:59102.5] [0.0021778203081339598:49210.34375] [0.0021778203081339598:56418.4921875] [0.0021778203081339598:57003.12109375] [0.0021778203081339598:42065.70703125] [0:2.2360680103302002] [0:3.1615598201751709] [0:4.4708261489868164] [0:5.465825080871582] [0:7.5986995697021484] [0:1] [0:1] [0:1] [0:1] [0:1] [0:1] [0:1] [0:1] [0:1] [0:1] [-1:1] [-1:1] [-1:1] [-1:1] [-1:1]
tree_sizes=3101 3113 3120 3087 3082 3078 3082 3054 3118 3105 3049 3078 3058 3088 3069 3093 3057 3030 3084 3090 3108 3101

Tree=0
num_leaves=31
num_cat=0
split_feature=16 26 40 71 1 63 84 14 80 123 77 41 79 30 140 104 36 23 86 15 102 42 5 13 86 32 138 51 81 68
split_gain=173.38 103.921 72.0464 93.5546 68.194 60.5628 55.449 50.6731 116.737 103.128 84.5493 78.8638 72.4781 49.8415 57.9754 43.9952 43.0487 43.7534 41.8939 40.2789 37.2739 52.2335 72.3831 39.4212 39.9999 38.2844 36.0885 36.0442 33.7005 31.693
threshold=1.2217961549758913 0.021813971921801571 -0.031314985826611512 0.56493511795997631 0.036217371001839645 0.38750000298023229 -1.0000000180025095e-35 0.91923817992210399 0.37500000000000006 0.22352960705757144 0.091666668653488173 0.057501185685396201 0.15000000223517421 -0.0071613250765949479 0.76447904109954845 0.35416667163372045 0.78697091341018688 0.01684655994176865 0.71666666865348827 0.94875985383987438 0.54316771030426036 -0.072452347725629793 0.0031413777032867078 0.91692447662353527 0.68333333730697643 -0.005015013273805379 0.60301345586776745 0.86796221137046825 0.35000000894069677 0.96551784873008739
decision_type=10 10 10 10 10 10 2 8 2 10 2 10 2 10 10 2 10 10 2 10 2 10 10 10 2 10 10 10 2 10
left_child=1 4 3 15 6 27 -1 8 9 26 29 -11 -12 14 -2 -3 -16 -18 28 -6 21 22 -9 24 -22 -23 -4 -5 -7 -10
right_child=13 2 7 5 19 18 -8 20 10 11 12 -13 -14 -15 16 -17 17 -19 -20 -21 23 25 -24 -25 -26 -27 -28 -29 -30 -31
leaf_value=0.00013359195530825193 -0.0012154512132910263 -0.013575424278355867 -0.0035904938890275778 0.00917842786193627 0.00098818084373974774 -0.0055466815225193433 0.0017381040807678604 -0.0029690753032503023 -0.0045076510287082091 -0.0005312969481814883 0.010157327975332059 -0.0082896616482845843 0.00059187004833675819 0.0010853796112263122 0.0044795174383389378 2.4078637920326876e-11 2.4078637920326876e-11 0.015790798906292914 0.0066330701904666342 -0.0073620154315418322 2.4078637920326876e-11 0.0014622521708096746 0.0044080036539578911 2.7057689714194169e-05 0.018130965950194169 -0.0013414717389264405 0.011362514476674353 0.0029729142438659015 0.0035467635421040115 0.0087330413912961903
leaf_weight=38860 399 198 137 2170 716 1038 39552 1774 933 4798 2369 1589 1118 1273 849 12146 169 1222 638 1420 276 4449 3410 21959 201 109112 697 1707 504 166
leaf_count=38860 399 198 137 2170 716 1038 39552 1774 933 4798 2369 1589 1118 1273 849 12146 169 1222 638 1420 276 4449 3410 21959 201 109112 697 1707 504 166
internal_value=8.50016e-06 -8.78788e-05 -0.000506636 0.00126007 0.000799329 0.00430964 0.00094699 -0.000721229 0.00115442 -0.0011897 0.00489969 -0.00252815 0.00719686 0.00626058 0.00861723 -0.000216582 0.0104967 0.0138411 0.000161216 -0.00444063 -0.000880356 -0.00109266 0.00182416 0.000229899 0.00858733 -0.00122875 0.00852836 0.00655247 -0.00237509 -0.00211925
internal_weight=255849 251937 171389 18401 80548 6057 78412 152988 11807 7221 4586 6387 3487 3912 2639 12344 2240 1391 2180 2136 141181 118745 5184 22436 477 113561 834 3877 1542 1099
internal_count=255849 251937 171389 18401 80548 6057 78412 152988 11807 7221 4586 6387 3487 3912 2639 12344 2240 1391 2180 2136 141181 118745 5184 22436 477 113561 834 3877 1542 1099
is_linear=0
shrinkage=1


Tree=1
num_leaves=31
num_cat=0
split_feature=16 26 33 13 50 10 46 86 27 45 30 29 70 14 22 42 93 16 36 140 2 19 77 10 10 125 29 48 77 68
split_gain=183.226 105.345 73.1157 74.5974 105.767 68.673 69.7041 62.7483 60.6457 56.6516 54.5872 54.3012 57.5881 51.4408 47.3135 45.0309 56.7569 48.0793 43.4579 70.7204 40.6278 43.3342 40.011 65.526 39.7874 38.3571 54.4606 35.1708 31.6803 30.9158
threshold=1.2217961549758913 0.021813971921801571 0.31842058897018438 0.98287948966026317 0.89808109402656566 1.0173542499542239 1.004668712615967 -0.81666666269302357 0.077238835394382491 1.0305223464965823 -0.0063421379309147588 -0.00081669329665601243 0.90049755573272716 0.88593873381614696 1.100579619407654 -0.0014562382712028918 -0.032552571967244141 0.85638764500617992 0.80070549249649059 0.76447904109954845 -0.071427688002586351 1.0215296149253847 0.74166667461395275 1.0146477818489077 1.0367646813392641 0.47692285478115087 -0.00060799895436502982 0.96671107411384594 0.075000002980232253 0.63551411032676708
decision_type=10 10 8 8 10 10 10 2 10 8 10 10 10 8 10 10 10 10 10 10 10 10 2 10 10 10 10 10 2 10
left_child=1 9 8 5 25 6 -4 10 13 -1 -6 -7 -13 -3 -8 22 -17 -18 -2 27 21 -15 23 -10 -11 26 -5 -20 -9 -22
right_child=18 2 3 4 7 11 14 28 15 24 -12 12 -14 20 -16 16 17 -19 19 -21 29 -23 -24 -25 -26 -27 -28 -29 -30 -31
leaf_value=0.0015281492661393615 0.0029832935836148697 0.0096780268214315731 0.0012652517239909716 0 0.0029735886070143738 -0.0076061438597964147 -0.0024447223324224861 -0.00084680388146223711 0.00014138407968249009 4.255756512722787e-05 -0.0026415706611309766 0.0037288395692321639 -0.010219323643032912 -0.00042999031264907112 0.0039999224628025076 -0.0011647216385959449 -0.00059649995520375779 0.007815190486184502 0.0095563128244799105 0.012297760158196166 -0.0038969045252457363 -0.0043494441933565071 0.0018937566052556474 -0.010134555850176535 -0.008689403082097048 -0.0022309421368558154 0.0069738178476915587 -0.008785678918747878 0.00091037918143504039 -0.0017268357612055217
leaf_weight=41949 1997 317 6132 1440 1761 451 28946 11478 1217 38142 10615 4744 253 18847 1011 1810 765 2107 120 1598 12034 2966 1633 931 455 651 3879 238 44312 13152
leaf_count=41949 1997 317 6132 1440 1761 451 28946 11478 1217 38142 10615 4744 253 18847 1011 1810 765 2107 120 1598 12034 2966 1633 931 455 651 3879 238 44312 13152
internal_value=-2.63163e-05 -0.000128255 -0.000549676 -0.000116574 0.000450772 -0.00113613 -0.00161472 0.000110363 -0.00144209 0.000764982 -0.00181487 0.00197363 0.00292492 -0.00186238 -0.00221469 0.000871216 0.00285479 0.00548225 0.00636452 0.00959967 -0.00195068 -0.000980171 -0.00150821 -0.00422651 -5.70574e-05 0.00427416 0.0051319 -0.00166355 0.000543314 -0.00277788
internal_weight=255951 251998 171452 115673 74136 41537 36089 68166 55779 80546 12376 5448 4997 47316 29957 8463 4682 2872 3953 1956 46999 21813 3781 2148 38597 5970 5319 358 55790 25186
internal_count=255951 251998 171452 115673 74136 41537 36089 68166 55779 80546 12376 5448 4997 47316 29957 8463 4682 2872 3953 1956 46999 21813 3781 2148 38597 5970 5319 358 55790 25186
is_linear=0
shrinkage=0.03


Tree=2
num_leaves=31
num_cat=0
split_feature=16 26 33 27 86 13 65 14 39 44 10 10 0 45 22 14 38 28 136 23 36 140 38 81 93 8 1 35 46 5
split_gain=150.533 103.841 71.341 64.7118 60.4971 81.3424 62.0994 58.9333 58.7915 57.1268 60.9209 55.1787 52.7516 52.3731 49.4264 54.051 49.2279 45.2543 43.5447 43.419 52.0714 79.1624 42.5313 40.165 40.0693 39.3075 39.2771 38.6585 35.9568 34.2546
threshold=1.2217961549758913 0.019717284478247169 0.31842058897018438 0.096453994512557997 0.68333333730697643 0.98287948966026317 0.20294117927551272 0.88593873381614696 -0.016625338234007355 1.0421348214149477 1.0152594447135928 1.0173542499542239 -0.013854912482202051 1.0305223464965823 0.9658874273300172 0.88593873381614696 -0.002515720902010798 -0.014165462926030157 0.38867342472076422 0.01684655994176865 0.80070549249649059 0.76447904109954845 -0.0040229940786957732 0.35000000894069677 -0.40325441956520075 0.74603220820426952 0.053658556193113334 0.85689958930015575 1.0839845538139345 0.0090090055018663424
decision_type=10 10 8 10 2 8 10 8 10 10 10 10 10 10 10 10 10 10 10 10 10 10 10 2 10 10 10 10 10 10
left_child=1 13 3 7 5 8 26 25 12 16 -11 17 -4 -1 15 -13 -9 -6 24 -2 -21 -22 -10 -8 -5 -3 -7 -26 -19 -20
right_child=19 2 4 18 11 6 23 9 22 10 -12 14 -14 -15 -16 -17 -18 28 29 20 21 -23 -24 -25 27 -27 -28 -29 -30 -31
leaf_value=0.0017467826182947076 -0.001171776817847636 0.013661476333675876 0.01838549135338562 -0.0020521749072669585 0.0098015440475552329 -0.00072474167338120561 -0.00010252257636691609 0.00060765196417857624 -0.00015965531844244987 -0.0015902086715084442 -0.0050280620101750047 -0.0032506830173570397 0.00041859218538432065 9.4675454920178832e-06 -0.00080759049254307464 0.0073163561214275143 -0.0016779101823218426 0.00053828368081326804 0.0023635354782866802 0.0030509816975154754 -0.0015105265153234257 0.014003544768039267 -0.0025557944211712274 0.002098028318821592 0.010452885340066671 -0.003706751246173898 0.0039066459115140242 -0.0028512555881667861 -0.0090636872469409616 -0.0069482883765749391
leaf_weight=35549 601 360 219 366 450 39439 11806 12923 10162 13211 7506 449 481 28464 1221 3238 23786 17301 963 1664 328 1380 21044 19164 1187 125 1684 186 336 523
leaf_count=35549 601 360 219 366 450 39439 11806 12923 10162 13211 7506 449 481 28464 1221 3238 23786 17301 963 1664 328 1380 21044 19164 1187 125 1684 186 336 523
internal_value=2.74199e-05 -6.29207e-05 -0.000419172 -0.00126103 -1.14001e-05 -0.000321687 0.000232905 -0.001495 -0.00158357 -0.00158864 -0.0028539 0.00137795 0.0068109 0.000979198 0.0042025 0.00593799 -0.000865242 0.000591134 0.0028313 0.00580753 0.00713949 0.0108677 -0.00178572 0.00124996 0.00604726 0.00862155 -0.000525986 0.00842015 0.000328308 -0.000763324
internal_weight=256116 252143 188130 61136 126994 103999 72093 57911 31906 57426 20717 22995 700 64013 4908 3687 36709 18087 3225 3973 3372 1708 31206 30970 1739 485 41123 1373 17637 1486
internal_count=256116 252143 188130 61136 126994 103999 72093 57911 31906 57426 20717 22995 700 64013 4908 3687 36709 18087 3225 3973 3372 1708 31206 30970 1739 485 41123 1373 17637 1486
is_linear=0
shrinkage=0.03


Tree=3
num_leaves=31
num_cat=0
split_feature=16 26 27 2 35 47 42 71 45 1 13 93 36 52 75 1 122 138 153 85 45 40 138 120 52 85 79 81 37 42
split_gain=159.272 82.8711 72.3109 58.0099 62.5342 61.841 54.0747 62.4991 52.0012 49.6 49.1825 47.291 45.9511 44.2994 39.954 48.6398 66.8552 56.3835 46.7623 37.9127 37.8058 69.8463 45.0683 37.7198 37.6842 50.4671 35.1529 34.613 33.6805 33.1339
threshold=1.2217961549758913 0.021813971921801571 0.074022222310304656 -0.071427688002586351 0.74938622117042553 1.0500568747520449 0.10516722872853281 0.92857125401496898 1.0305223464965823 0.034548884257674224 1.0730694532394411 0.81520569324493419 0.43381434679031378 0.9801006317138673 0.22500000149011615 0.053658556193113334 0.62162163853645336 0.61764490604400646 -0.11391493305563925 -0.32500000298023218 1.1180189847946169 -0.031314985826611512 0.63168394565582286 0.30075173079967504 0.72308903932571422 0.82500001788139354 0.65000000596046459 0.083333335816860213 0.65340811014175426 -0.10343208909034728
decision_type=10 10 10 10 10 10 8 10 8 10 10 10 10 10 2 10 10 10 10 2 10 10 8 10 10 2 2 2 10 10
left_child=1 8 3 4 5 -3 7 23 -1 28 -6 20 -13 -12 15 17 -17 18 -2 -11 21 27 -23 -5 -8 -26 -9 -4 -10 -22
right_child=14 2 11 6 10 -7 24 26 9 19 13 12 -14 -15 -16 16 -18 -19 -20 -21 29 22 -24 -25 25 -27 -28 -29 -30 -31
leaf_value=0.0014344563367279821 0.0068961652678913091 0.0016598704926567523 0.0093224307902349396 -0.0044075806616775421 0.0010706579484685676 -0.001133166768854035 0.0015100431250744046 0.00040246523972169705 -0.0003491717283783269 0.000243142128285523 0.02113498626947756 -0.0005411435445037933 0.007427981585992581 0.0033265985266837149 0.00027412240811403992 0.0035214128414229879 0.02110514810716612 0.0074730663701116935 -0.011716943063580364 -0.009287895753511943 0.0023420079828043762 -0.0025719854412083144 0.0012554704919429097 -0.001372864786133523 -0.0034196008619099163 -0.017416581933224894 0.0074195669161264731 0.0024641921665681209 0.0018458850600676453 -0.0023675061918163906
leaf_weight=41907 168 8507 1226 4040 17318 41877 282 10016 28944 537 191 906 1800 474 951 408 487 1647 277 890 1665 3509 12489 57916 612 454 679 1814 7992 5882
leaf_count=41907 168 8507 1226 4040 17318 41877 282 10016 28944 537 191 906 1800 474 951 408 487 1647 277 890 1665 3509 12489 57916 612 454 679 1814 7992 5882
internal_value=2.26224e-06 -9.03719e-05 -0.00046349 -0.000743928 -0.000109037 -0.000655158 -0.00132626 -0.00120967 0.00070372 -8.70368e-05 0.00140343 0.000888892 0.00466538 0.00934719 0.00597468 0.00767596 0.0136694 0.00486465 -0.00405044 -0.00554012 0.000490001 0.00121016 0.000395065 -0.00157695 -0.00728115 -0.009868 0.00088898 0.00537094 0.000118406 -0.00128542
internal_weight=255865 251927 171657 142366 68367 50384 73999 72651 80270 38363 17983 29291 2706 665 3938 2987 895 2092 445 1427 26585 19038 15998 61956 1348 1066 10695 3040 36936 7547
internal_count=255865 251927 171657 142366 68367 50384 73999 72651 80270 38363 17983 29291 2706 665 3938 2987 895 2092 445 1427 26585 19038 15998 61956 1348 1066 10695 3040 36936 7547
is_linear=0
shrinkage=0.03


Tree=4
num_leaves=31
num_cat=0
split_feature=16 26 27 45 18 115 125 18 73 1 0 36 23 138 1 84 4 42 5 1 116 52 15 37 38 125 1 84 62 15
split_gain=120.664 88.8801 71.1951 57.2237 74.1057 49.5619 66.4033 68.9254 49.7302 49.4356 45.8603 45.0227 48.6082 52.7902 72.2425 40.6656 38.0923 37.7997 51.935 49.3651 36.7397 34.6212 34.1478 32.401 36.798 30.8574 30.0776 43.4046 29.6069 54.1169
threshold=1.2217961549758913 0.021813971921801571 0.074022222310304656 1.1180189847946169 1.0356991887092593 0.24999956786632541 0.067873280495405211 1.0117943882942202 0.5000000149011613 0.036217371001839645 -0.0080183399841189367 0.80070549249649059 0.01684655994176865 0.63168394565582286 0.065034598112106337 -0.15000000223517415 0.58333590626716625 -0.072452347725629793 0.0032679765718057756 0.022508054040372375 0.55941319465637218 0.96871796250343334 0.94875985383987438 0.66929045319557201 0.013611209113150837 -0.40397334098815912 0.038147164508700378 0.55000001192092907 0.96990886330604564 0.89612454175949108
decision_type=10 10 10 10 10 10 10 10 10 10 10 10 10 10 10 2 10 8 10 8 10 10 10 10 10 10 10 2 10 8
left_child=1 9 5 4 28 -3 17 10 -9 15 -8 -2 -13 14 -14 23 20 18 -7 -19 21 -5 -11 24 -1 -15 -6 -28 29 -4
right_child=11 2 3 16 26 6 7 8 -10 22 -12 12 13 25 -16 -17 -18 19 -20 -21 -22 -23 -24 -25 -26 -27 27 -29 -30 -31
leaf_value=-0.00046403308837512843 0.0017385543180189309 0.0019143533074647233 0.0029362245989175946 0.0014447707766259842 0.00018837558672230134 -0.0028328539508320405 0.0015565574904833786 0.0041911684220874122 -0.00093708925967984436 0.0012578582224505375 -0.00092959707366736919 -0.0022145169842252999 -0.0050089822275420793 0.0085719452710914593 0.01892141777206402 0.0014795908990579416 -0.0078912042085504536 -0.0010592172082761512 0.0032325845573673616 -0.0026998303213182232 -0.0066351117718408603 -0.0034506018970617601 -0.0064596111255702604 0.0018061806664413378 0.010526675972850485 0.0200327734695562 0.02012107378067304 0 0.002979841956913397 -0.0009065884385614176
leaf_weight=29015 2032 5792 5196 4852 216 1971 7869 5202 2389 706 41414 284 370 726 137 41130 704 48439 3377 25907 790 1748 1418 7931 255 482 366 131 6538 8801
leaf_count=29015 2032 5792 5196 4852 216 1971 7869 5202 2389 706 41414 284 370 726 137 41130 704 48439 3377 25907 790 1748 1418 7931 255 482 366 131 6538 8801
internal_value=-3.42462e-05 -0.00011792 -0.000504471 0.000835762 0.00165926 -0.000782894 -0.000899747 -0.00011088 0.00253959 0.000703225 -0.000526078 0.00510061 0.00831851 0.0102411 0.00136083 0.000829188 -0.00128783 -0.00145879 0.000939061 -0.00163552 -0.000598675 9.64138e-05 -0.00376666 0.000101625 -0.000350917 0.013641 0.0110899 0.015057 0.00130674 0.000500701
internal_weight=256188 252157 171702 29342 21248 142360 136568 56874 7591 80455 49283 4031 1999 1715 507 78331 8094 79694 5348 74346 7390 6600 2124 37201 29270 1208 713 497 20535 13997
internal_count=256188 252157 171702 29342 21248 142360 136568 56874 7591 80455 49283 4031 1999 1715 507 78331 8094 79694 5348 74346 7390 6600 2124 37201 29270 1208 713 497 20535 13997
is_linear=0
shrinkage=0.03


Tree=5
num_leaves=31
num_cat=0
split_feature=16 30 16 125 0 27 42 5 57 0 33 49 47 97 60 80 30 29 53 26 33 44 127 10 78 5 127 89 74 6
split_gain=127.69 76.1856 68.4003 62.9714 53.9565 53.5684 49.1717 69.9439 48.4912 45.8655 45.3977 43.9912 43.654 43.3418 42.4707 52.7307 41.3325 40.8989 48.5958 39.8423 53.5914 42.1722 39.59 42.1875 39.2475 37.1676 35.7593 34.7139 45.4927 32.1088
threshold=1.2217961549758913 -0.00073484188760630776 0.93234935402870189 0.47692285478115087 0.027891878038644794 0.089987765997648253 -0.072452347725629793 0.0031413777032867078 0.93333336710929882 0.040954003110527999 0.97755658626556408 0.87829908728599559 1.2773673534393313 0.28396037220954901 0.90105512738227855 0.27500000596046453 -0.0071613250765949479 0.00019348623754922303 0.98799124360084545 0.019717284478247169 0.24902608245611194 1.0375035405158999 -0.24210513383150098 1.0201278328895571 0.30000000447034841 0.0099010318517684954 0.18994402885437014 -0.34163641929626459 0.15000000223517421 0.59090593457221996
decision_type=10 8 8 10 8 10 10 10 8 10 10 10 10 10 10 2 10 10 10 10 10 10 8 8 10 10 10 10 2 10
left_child=1 2 17 8 -5 6 7 -4 9 13 16 -11 25 -3 15 -6 -2 18 -1 22 21 -21 -10 -24 -22 -8 -20 28 -7 -15
right_child=10 3 5 4 14 27 12 -9 19 11 -12 -13 -14 29 -16 -17 -18 -19 26 20 24 -23 23 -25 -26 -27 -28 -29 -30 -31
leaf_value=-0.021889436763999643 0.0081408953750871527 0.0018021555926530544 -0.0021835443936942304 -0.0009158705290250416 -0.012642920406826836 0 -0.00059164082067389206 0.0035419590228055807 0.0082605291546785625 -0.014492182020665557 -0.01175344473371903 0.0044664144793852834 -0.0045325427443721339 0.0098518223957717414 0.0017014650610307682 0.0027670774084205428 0.0011694005812618528 0 -0.0087168319525822279 -0.00026780423270127862 -0.00053686382862176316 -0.0029815190080489736 0.0013013747284970469 -0.0030368409401975932 0.0010886006566031834 -0.002504026060036752 0.0012144781671197373 0.0006701478631175289 0.010252582452464604 -0.0032494215617539144
leaf_weight=205 2560 2205 2924 10860 967 597 80360 5294 696 213 106 162 2961 1480 328 205 1253 755 1075 17064 19754 7554 38252 2073 40108 10476 388 3588 930 143
leaf_count=205 2560 2205 2924 10860 967 597 80360 5294 696 213 106 162 2961 1480 328 205 1253 755 1075 17064 19754 7554 38252 2073 40108 10476 388 3588 930 143
internal_value=-2.39549e-05 -0.000109018 -0.000704311 0.000347966 -0.00169051 -0.000587881 -0.000740493 0.00146803 0.000544764 0.00371634 0.00533415 -0.00573112 -0.000937462 0.00474477 -0.0070157 -0.00969461 0.0059463 -0.00568237 -0.00827876 0.000435583 5.92927e-05 -0.00111442 0.00120281 0.00106953 0.0005472 -0.000815998 -0.00589981 0.00238847 0.00617124 0.0084894
internal_weight=255536 251617 109553 142064 12360 107130 102015 8218 129704 4203 3919 375 93797 3828 1500 1172 3813 2423 1668 125501 84480 24618 41021 40325 59862 90836 1463 5115 1527 1623
internal_count=255536 251617 109553 142064 12360 107130 102015 8218 129704 4203 3919 375 93797 3828 1500 1172 3813 2423 1668 125501 84480 24618 41021 40325 59862 90836 1463 5115 1527 1623
is_linear=0
shrinkage=0.03


Tree=6
num_leaves=31
num_cat=0
split_feature=16 25 29 22 42 41 10 137 86 3 12 125 2 33 70 125 60 9 35 140 35 5 10 38 51 1 33 33 76 110
split_gain=142.592 72.0546 56.1685 74.9098 71.6727 71.9639 64.3016 59.2423 58.7035 58.6099 60.5988 56.1309 51.9643 48.6924 45.0512 43.8621 60.6456 52.5305 41.2085 49.3274 40.4376 40.1394 34.6035 32.3609 32.1918 30.8411 27.9703 27.7479 26.4016 26.1138
threshold=1.2217961549758913 0.012747216969728472 -0.00060799895436502982 1.0918973684310915 0.067184466868639006 -0.033296482637524598 1.024162828922272 0.55350217223167431 -0.516666680574417 0.016273399814963344 0.98679167032241832 0.32751086354255682 -0.19999984651803968 0.59664440155029308 0.90049755573272716 0.47692285478115087 0.91094145178794872 0.96891391277313244 0.66447558999061596 0.82012742757797252 0.35271680355072027 0.0012307190918363633 1.0191100239753725 -0.0043523451313376418 0.97320589423179638 0.065034598112106337 0.039597280323505409 0.63237780332565319 0.31666667759418493 -0.30384616553783411
decision_type=10 8 8 10 10 10 10 10 2 10 10 10 10 10 10 10 8 10 10 10 10 10 10 10 10 10 10 10 2 2
left_child=1 22 4 9 5 12 7 -7 21 15 -11 -6 13 -3 -12 16 -4 -17 24 29 -8 -5 -1 -21 -2 -25 -14 -26 -24 -20
right_child=18 2 3 8 11 6 20 -9 -10 10 14 -13 26 -15 -16 17 -18 -19 19 23 -22 -23 28 25 27 -27 -28 -29 -30 -31
leaf_value=0.0014351158262862519 0.0044047111611137859 -0.0010974495507168299 0.0024947738496342081 -0.0013944612867662107 0.002237617187074398 -0.0016427019886239244 -0.0088121976523175671 0.00017318212702466821 -0.0006335738922832576 -0.012153979696320472 0.0044611154016913814 0.022781672272778285 0.0063059687361010216 0.0025845745455203907 -0.0084905630934411554 -0.0083769360679569194 -0.00012999682707926402 -0.0011884235331244086 -0.0051556498005239908 0.015658003322198206 -0.0026334271765180556 0.0086858126072845397 -0.0073886024398275808 0.0031578599823407325 -0.017387571595201733 0.015735286630025363 -0.0016959502244803333 0 0.00092611989811001907 0.0069936922993573463
leaf_weight=32296 1061 4299 8689 362 418 49312 1496 23627 1276 196 4901 178 380 11835 221 1018 86561 9748 316 746 3264 2092 701 836 100 249 8191 321 542 278
leaf_count=32296 1061 4299 8689 362 418 49312 1496 23627 1276 196 4901 178 380 11835 221 1018 86561 9748 316 746 3264 2092 701 836 100 249 8191 321 542 278
internal_value=3.34955e-05 -5.38552e-05 -0.00025413 0.000199335 -0.00076356 -0.00082747 -0.00127704 -0.00105049 0.00437084 5.61238e-05 0.00312508 0.00940073 0.000574204 0.00158476 0.00381309 -9.55529e-05 0.000106767 -0.00191023 0.00570673 0.0081316 -0.00466683 0.00707832 0.00123873 0.010551 0.00148372 0.00654834 -0.00129241 -0.00506336 -0.00356825 8.44006e-05
internal_weight=255510 251603 218064 115064 103000 102404 77699 72939 3730 111334 5318 596 24705 16134 5122 106016 95250 10766 3907 2425 4760 2454 33539 1831 1482 1085 8571 421 1243 594
internal_count=255510 251603 218064 115064 103000 102404 77699 72939 3730 111334 5318 596 24705 16134 5122 106016 95250 10766 3907 2425 4760 2454 33539 1831 1482 1085 8571 421 1243 594
is_linear=0
shrinkage=0.03


Tree=7
num_leaves=31
num_cat=0
split_feature=16 30 125 84 9 16 35 53 41 81 33 44 30 27 30 81 125 31 88 118 39 2 140 52 137 86 86 77 34 18
split_gain=116.3 78.375 62.3359 63.8249 61.7323 57.2429 54.9171 55.1008 48.8065 69.3293 52.1872 93.6719 73.2751 46.7503 43.3956 42.2962 39.7401 50.5426 38.5376 37.9884 46.9109 40.5805 33.8994 33.827 33.4619 33.0267 32.8647 32.7789 30.898 29.5474
threshold=1.2217961549758913 -0.00043860780715476716 0.47692285478115087 0.84999999403953563 0.96891391277313244 0.93234935402870189 0.2111419886350632 0.98546966910362255 0.025888621807098392 0.28333334624767309 0.34123358130455023 1.0375035405158999 0.0052248141728341588 0.089987765997648253 -0.0071613250765949479 0.55000001192092907 -0.46495121717452997 -0.0021171543048694725 0.88853099942207348 0.19464209675788882 0.036403991281986244 0.89655032753944408 0.76447904109954845 0.89441579580307018 0.93960836529731762 -0.58333334326744068 -0.65000000596046437 0.041666667908430106 0.12139914929866792 0.95904463529586803
decision_type=10 8 10 2 10 8 10 10 10 2 8 8 10 10 10 2 8 10 10 10 10 10 10 10 10 2 2 2 10 10
left_child=1 5 3 8 18 6 -1 -8 10 27 11 -3 -12 16 22 -11 -7 28 -4 20 25 -21 -2 -23 -24 -15 -5 -10 -18 -19
right_child=14 2 4 26 -6 13 7 -9 9 15 12 -13 -14 19 -16 -17 17 29 -20 21 -22 23 24 -25 -26 -27 -28 -29 -30 -31
leaf_value=-0.0010265161796896764 -1.9438861204045159e-05 0.00072368893752406283 -0.011020764300006503 -0.0092875798211001157 -0.00087867826995749281 0.001067184723571094 -0.025287945078152622 -0.0063875027501768397 -0.0051995525726782881 -0.0038265001804161018 0.0009205471470176259 -0.002666530358925574 0.0046353349440089696 0.015040044990517551 0.00032873403122404642 -0.00038709797276159923 -0.00012171364755680201 0.012054279613710656 0.001951962405114205 0.00029475936524611858 -0.0076049134215898807 0 0.010371121718428423 0.020630775174434634 0 0 0.0033258108080814184 0.0049799506305802628 -0.002022592182225798 -0.00026222630183669231
leaf_weight=1725 400 27812 899 159 11269 10809 166 1088 285 5958 53339 9924 5298 510 1278 7457 10376 155 211 4251 105 102 1872 149 379 151 9023 2072 34184 54326
leaf_count=1725 400 27812 899 159 11269 10809 166 1088 285 5958 53339 9924 5298 510 1278 7457 10376 155 211 4251 105 102 1872 149 379 151 9023 2072 34184 54326
internal_value=2.16277e-05 -5.73049e-05 0.000438772 0.000647497 -0.0015805 -0.000621468 -0.00472564 -0.00948266 0.000447189 -0.0010915 0.000702291 -0.000160882 0.00126277 -0.000511853 0.00513093 -0.00194039 -0.0006465 -0.000836732 -0.00829839 0.00223095 0.00837823 0.00108624 0.00731387 0.0123729 0.00873778 0.0115065 0.00305508 0.00358948 -0.00158695 -0.00021727
internal_weight=255732 251803 133706 121327 12379 118097 2979 1254 112145 15772 96373 37736 58637 115118 3929 13415 109850 99041 1110 5268 766 4502 2651 251 2251 661 9182 2357 44560 54481
internal_count=255732 251803 133706 121327 12379 118097 2979 1254 112145 15772 96373 37736 58637 115118 3929 13415 109850 99041 1110 5268 766 4502 2651 251 2251 661 9182 2357 44560 54481
is_linear=0
shrinkage=0.03


Tree=8
num_leaves=31
num_cat=0
split_feature=16 30 16 125 84 25 25 86 33 30 35 53 1 9 101 41 1 41 2 69 57 37 42 15 4 24 49 1 42 25
split_gain=104.188 78.465 55.1162 53.49 59.1828 50.4654 51.0828 68.9746 48.0133 52.2125 47.0083 48.4551 47.8451 40.3933 40.2235 39.4427 38.2615 49.2288 56.7569 56.6679 67.3882 44.8985 44.7323 35.7233 34.1594 30.013 42.3357 70.0176 53.4486 31.858
threshold=1.2217961549758913 -0.00028683057462330902 0.93234935402870189 0.47692285478115087 0.84999999403953563 0.012747216969728472 0.037259336560964591 -0.58333334326744068 0.97755658626556408 -0.0071613250765949479 0.19156574457883838 0.98546966910362255 0.053658556193113334 0.96891391277313244 0.67261904478073131 0.057501185685396201 0.022508054040372375 -0.033296482637524598 -0.90476253628730763 0.33910466730594641 1.1088877320289614 0.5135169029235841 -0.072452347725629793 0.97907742857933056 0.34782721102237707 0.048062201589345939 0.87829908728599559 0.031813366338610656 0.10516722872853281 0.053663823753595359
decision_type=10 8 8 10 2 10 10 2 10 10 10 10 10 10 2 8 10 10 10 10 10 10 10 8 10 10 10 10 10 10
left_child=1 2 10 4 5 -3 15 -8 9 -2 12 -12 -1 14 -5 -7 21 18 -18 22 -21 23 -19 -4 -20 26 27 -6 -28 -27
right_child=8 3 16 13 25 6 7 -9 -10 -11 11 -13 -14 -15 -16 -17 17 19 24 20 -22 -23 -24 -25 -26 29 28 -29 -30 -31
leaf_value=-0.002707267285174739 0.007911483516857545 0.0018112606877997148 0.0055143057610686965 -0.0094268173896538687 -0.00028881863121713914 -0.00010590008210175702 0.014582357890509639 0.0013816809711907263 -0.012426201496908271 0.0002402705800503769 -0.023659844866525483 -0.0060490124706001529 0.014921510163314488 -0.00086484317307222367 0.0045457921852357685 -0.005560751763624334 -0.00568241302190015 0.00083559774573034509 0.002510810751408988 -0.0022558534383950836 0.0014375370119433669 0.00072499207602310755 -0.004231519495009833 -0.00084437834283910282 -0.0020475397759904122 -0.01823595973556159 0.0030306890448533637 0.016704764364486181 -0.010026700111650404 0.0013253302122305693
leaf_weight=1816 2559 19355 778 945 319 72878 352 14227 112 1278 167 1189 127 11275 185 1197 1106 1729 6478 11351 7187 31787 10319 46501 1828 102 7701 495 264 125
leaf_count=1816 2559 19355 778 945 319 72878 352 14227 112 1278 167 1189 127 11275 185 1197 1106 1729 6478 11351 7187 31787 10319 46501 1828 102 7701 495 264 125
internal_value=-1.52492e-05 -9.24347e-05 -0.000638014 0.000421096 0.000621524 0.000423176 0.000116405 0.00174049 0.00480608 0.00544869 -0.00446361 -0.00874829 -0.00126189 -0.00144333 -0.00683912 -0.000199573 -0.000528764 -0.00128558 0.00058662 -0.0018715 -0.000807791 -0.000141885 -0.0034793 -0.000731113 0.00146906 0.00296087 0.00326826 0.00983818 0.0025363 -0.00701463
internal_weight=255732 251783 122363 129420 117015 108009 88654 14579 3949 3837 3299 1356 1943 12405 1130 74075 119064 39998 9412 30586 18538 79066 12048 47279 8306 9006 8779 814 7965 227
internal_count=255732 251783 122363 129420 117015 108009 88654 14579 3949 3837 3299 1356 1943 12405 1130 74075 119064 39998 9412 30586 18538 79066 12048 47279 8306 9006 8779 814 7965 227
is_linear=0
shrinkage=0.03


Tree=9
num_leaves=31
num_cat=0
split_feature=32 30 125 50 0 0 48 138 86 53 33 56 33 33 49 0 1 11 137 79 33 39 44 33 50 27 27 60 5 27
split_gain=84.5463 75.6868 66.7518 62.5831 62.6951 63.9733 66.3423 61.0213 67.084 57.4086 55.5642 53.0531 42.8595 48.4958 60.4571 42.8264 42.2931 42.0416 41.4301 41.2131 40.9086 53.9482 39.4474 79.3601 51.2413 49.1655 45.8621 37.8701 37.6552 43.1849
threshold=-0.005015013273805379 -0.00043860780715476716 0.47692285478115087 0.86989927291870128 -0.0080183399841189367 0.015267151873558761 0.8961038887500764 0.51389935612678539 -0.58333334326744068 0.98216989636421215 0.93427529931068432 1.1585621237754824 0.68267440795898449 0.8980139195919038 0.97704085707664501 0.032596437260508544 0.021967936307191852 0.97230187058448803 1.0230528116226199 0.15000000223517421 0.20330414175987246 -0.014071235898882149 1.0294685959815981 0.4990741908550263 0.95882332324981701 0.054899351671338088 0.033381560817360885 0.9186028540134431 0.014869909267872574 0.053385572507977493
decision_type=8 8 10 8 10 10 10 8 2 10 10 10 10 10 10 8 10 10 10 2 10 10 8 10 10 10 10 10 10 10
left_child=7 11 3 4 20 19 -7 17 9 -9 18 16 -13 28 -15 -4 -2 -1 -11 -6 -3 -22 24 -24 26 -25 -5 -18 29 -14
right_child=1 2 15 22 5 6 -8 8 -10 10 -12 12 13 14 -16 -17 27 -19 -20 -21 21 -23 23 25 -26 -27 -28 -29 -30 -31
leaf_value=0.0056895096566734272 -0.00039177291163769776 0.0006586344240390999 -0.0011121797754619369 0.0013281536143309835 0.0020247909865909334 -0.0047298975779335121 0.0060478820977517972 -0.0043411716781426146 0.0011221113396143595 0.010870780096417627 -0.0033746100004104313 -0.00042075709195451053 -0.0017556035353434403 0.013614810502920778 -0.0033800758483768325 -0.0073471137993734109 0.0099547871178231728 -0.0086600562938591932 0.00014659549293771776 -0.0031489524778654915 0.013921557325404137 0.0032410472071310453 -0.0018209934436011655 -4.2961391447988984e-05 0.0022557707572348385 0.0029724323719745207 -0.0005107715891684995 -0.0017394395520210924 -0.00045228072817045069 0.012070657674908478
leaf_weight=216 73018 826 11281 22548 2624 561 3304 328 4205 2474 297 2780 194 214 946 1100 224 618 439 2831 1000 911 18392 16922 16967 6706 26286 36009 329 1215
leaf_count=216 73018 826 11281 22548 2624 561 3304 328 4205 2474 297 2780 194 214 946 1100 224 618 439 2831 1000 911 18392 16922 16967 6706 26286 36009 329 1215
internal_value=4.63754e-07 -0.000100071 0.000387823 0.000606335 0.00265841 0.00143801 0.00438998 0.00292626 0.0037794 0.00682927 0.00808336 -0.000664115 0.00214396 0.00469309 0 -0.00170127 -0.000813167 -0.00454613 0.00936891 -0.000607145 0.00666471 0.00907167 0.000373631 -0.000339282 0.000833415 0.000801959 0.000332366 -0.00165342 0.00783488 0.00995911
internal_weight=255765 247188 132259 119878 12057 9320 3865 8577 7743 3538 3210 114929 5678 2898 1160 12381 109251 834 2913 5455 2737 1911 107821 42020 65801 23628 48834 36233 1738 1409
internal_count=255765 247188 132259 119878 12057 9320 3865 8577 7743 3538 3210 114929 5678 2898 1160 12381 109251 834 2913 5455 2737 1911 107821 42020 65801 23628 48834 36233 1738 1409
is_linear=0
shrinkage=0.03


Tree=10
num_leaves=31
num_cat=0
split_feature=16 30 29 16 53 125 50 38 50 12 79 4 30 10 17 4 12 18 71 55 62 86 29 114 32 36 140 23 66 46
split_gain=88.3496 66.9752 63.7079 60.2554 61.9569 51.9914 53.763 50.0015 49.5609 49.496 62.2661 77.374 61.2994 53.0267 51.0935 49.0273 48.723 46.908 46.1633 54.7437 42.6203 45.0276 42.067 40.7795 39.6099 39.2284 57.761 43.0908 38.3804 37.1272
threshold=1.2217961549758913 -0.00043860780715476716 0.012960944790393116 0.93234935402870189 0.98799124360084545 0.47692285478115087 0.86989927291870128 -0.008565455209463833 0.95532315969467174 1.008264482021332 0.15000000223517421 0.49999551475048071 0.0075294561684131631 1.0225835442543032 0.87473538517951976 0.23077056556940082 0.98679167032241832 1.0117943882942202 0.58415815234184276 1.0327479839324953 0.90802496671676647 0.68333333730697643 0.0018225450767204168 0.15116269141435626 0.00065799013827927421 0.80070549249649059 0.76447904109954845 0.017364542931318287 0.39827586710453039 1.016412675380707
decision_type=10 8 10 8 10 10 8 8 8 10 2 10 10 10 10 10 10 10 10 10 10 2 10 8 10 10 10 10 10 10
left_child=1 2 3 4 22 6 9 18 17 10 13 -12 14 -3 -11 -4 20 -9 -8 -20 21 -7 -1 -5 -14 -2 -27 -28 -6 -25
right_child=25 5 15 23 28 16 7 8 -10 12 11 -13 24 -15 -16 -17 -18 -19 19 -21 -22 -23 -24 29 -26 26 27 -29 -30 -31
leaf_value=-0.021398398274347613 0.001279779674835434 0.0031282829533547641 0.021690570191934929 0.0014845060601522532 -0.0087702081299060337 -0.018358186392847087 -0.003672093829806372 -0.00025703859129446604 0.001443218470337345 0.0012797641477549869 0.00092307751068372666 -0.008761059178510458 -0.0069810142111085922 0.015782405499103602 0.018140007671900091 0 -0.00073381065968970249 0.0023857502642153725 -0.00067703244727813732 0.0091814071821712945 0.0049653402468385665 -0.0048234692799494468 0 0.0042756147554554765 0.0059308022005504848 -0.0026226283632203129 -0.00011721184736841337 0.012180148159090085 -0.00040181605118043445 -0.00077254360364548103
leaf_weight=293 2005 4802 182 8126 704 319 5030 54013 35991 286 4974 848 298 317 553 212 10806 6782 6374 530 208 1025 132 1291 591 358 258 1311 1823 105409
leaf_count=293 2005 4802 182 8126 704 319 5030 54013 35991 286 4974 848 298 317 553 212 10806 6782 6374 530 208 1025 132 1291 591 358 258 1311 1823 105409
internal_value=-2.62274e-05 -9.72069e-05 -0.000618485 -0.000662075 -0.00489256 0.000361149 0.000551737 0.000332792 0.00056103 0.00240351 0.00161559 -0.000461272 0.00714507 0.00402865 0.0129055 0.0110895 -0.00148458 3.3533e-05 -0.00149099 6.07782e-05 -0.0064452 -0.00847797 -0.0153944 -0.00054987 0.00121425 0.00442292 0.00749247 0.0099932 -0.00290152 -0.000707863
internal_weight=255851 251919 118172 117778 2952 133747 121389 108720 96786 12669 10941 5822 1728 5119 839 394 12358 60795 11934 6904 1552 1344 425 114826 889 3932 1927 1569 2527 106700
internal_count=255851 251919 118172 117778 2952 133747 121389 108720 96786 12669 10941 5822 1728 5119 839 394 12358 60795 11934 6904 1552 1344 425 114826 889 3932 1927 1569 2527 106700
is_linear=0
shrinkage=0.03


Tree=11
num_leaves=31
num_cat=0
split_feature=16 26 86 3 9 42 23 6 29 57 49 40 76 1 117 24 42 111 24 107 82 47 127 38 13 33 59 53 111 76
split_gain=99.7639 61.7358 60.7407 85.5469 77.6953 43.6552 64.136 44.0411 39.7459 72.0863 60.3107 47.9409 40.2118 37.647 65.004 38.9745 37.4436 36.5382 35.4144 35.1607 35.0572 53.1451 34.0686 31.1233 29.3238 57.864 61.9905 38.3788 28.5159 27.813
threshold=1.2217961549758913 0.019717284478247169 0.81666666269302379 0.018558969721198085 0.97890970110893261 -0.072452347725629793 0.0083135380409657973 0.1538462042808533 -0.0038810293190181251 1.1498969197273257 0.98132190108299266 -0.028646766208112236 0.41666667163372045 0.053658556193113334 0.3709776252508164 0.048062201589345939 -0.0029001287184655662 0.20344828069210055 0.056208917871117599 0.40175439417362219 0.52500000596046459 1.0744534730911257 -0.30918854475021357 -0.0093160308897495252 1.0936335325241091 0.72923424839973461 0.99916690587997448 1.0058410167694094 -0.27681992948055262 0.18333333730697635
decision_type=10 10 2 10 10 10 8 10 8 8 10 10 2 10 10 10 8 2 10 2 2 10 10 10 10 10 10 10 2 2
left_child=1 16 5 18 -5 6 -3 29 10 11 22 -10 -12 24 15 -15 -1 -6 20 -9 -4 -22 -7 -20 25 26 27 -2 -11 -8
right_child=13 2 3 4 17 8 7 19 9 28 12 -13 -14 14 -16 -17 -18 -19 23 -21 21 -23 -24 -25 -26 -27 -28 -29 -30 -31
leaf_value=-0.00011516917724847629 -0.00037671185395564833 0.013748576438027267 0.0015861103611153609 -0.011314912885983488 0.018547078510087946 0.0014719727569043469 0.0023671888056712386 -0.0028207833508437563 0.0017058006762862472 0.0057800816300399935 -0.0014714973586732012 -0.00077571284761071969 0.0010546040000770337 8.9145252930706938e-05 0.0027112092066833714 0.021913382404770951 0.0013412842908022129 0.0054780049854822477 -0.016301686115770986 0.0035359287550743635 9.9160866647796244e-05 -0.010120550401428908 -0.0031683652269662681 0 -0.0034635453831030759 0.010940842655891223 -0.0061131952080043682 0.011703736851829816 0.0013215795227055787 -0.0027585678682373162
leaf_weight=27797 377 342 13489 114 468 1453 1244 858 7435 1660 14161 102336 9313 125 728 379 35980 501 181 5040 1768 573 16672 223 523 726 656 457 7171 3406
leaf_count=27797 377 342 13489 114 468 1453 1244 858 7435 1660 14161 102336 9313 125 728 379 35980 501 181 5040 1768 573 16672 223 523 726 656 457 7171 3406
internal_value=-2.74006e-05 -0.000103033 -0.000377163 0.00130988 0.00941869 -0.000549804 0.00127712 0.000819117 -0.00067601 -0.000392576 -0.00147632 -0.000604623 -0.000456486 0.00467705 0.00909293 0.0172831 0.000701954 0.0123408 0.000739549 0.0025541 0.00098439 -0.00233977 -0.00277862 -0.00774045 0.00253054 0.00409771 0.000463979 0.00601069 0.00220472 -0.00131879
internal_weight=256156 252185 188408 17317 1083 171091 10890 10548 160201 118602 41599 109771 23474 3971 1232 504 63777 969 16234 5898 15830 2341 18125 404 2739 2216 1490 834 8831 4650
internal_count=256156 252185 188408 17317 1083 171091 10890 10548 160201 118602 41599 109771 23474 3971 1232 504 63777 969 16234 5898 15830 2341 18125 404 2739 2216 1490 834 8831 4650
is_linear=0
shrinkage=0.03


Tree=12
num_leaves=31
num_cat=0
split_feature=15 1 33 77 111 46 37 29 22 68 53 38 138 24 42 126 45 74 120 25 11 25 1 27 1 23 5 6 84 52
split_gain=62.8947 99.7077 86.4115 73.0791 71.4289 65.3045 61.6134 66.7916 62.5751 62.0421 55.6808 68.9007 50.1498 49.2246 46.3975 44.2831 43.6863 41.408 39.1801 60.3665 47.9632 45.2498 44.8344 52.7081 42.3597 47.3415 78.2139 42.1278 40.6896 39.0997
threshold=1.1476951241493227 0.053658556193113334 0.93427529931068432 0.075000002980232253 -0.196153849363327 1.0578584074974062 0.65340811014175426 -0.00020210129878250879 1.100579619407654 0.156250074505806 0.99900588393211376 -0.010194169357419012 0.80446895956993114 0.043029993772506721 -0.0835604853928089 -0.022508182562887665 1.1114405989646914 0.35000000894069677 0.23999977111816409 0.041645765304565437 0.96187913417816173 0.021443096920847896 0.038147164508700378 0.038980470970273025 0.021468900144100193 0.036585234105587013 0.0073229824192821988 0.59090593457221996 0.75000000000000011 0.93983402848243724
decision_type=10 10 10 2 2 8 8 8 8 10 10 8 10 10 10 10 10 2 8 10 10 10 10 10 10 10 10 10 2 8
left_child=5 2 3 29 13 18 10 9 -9 -8 -7 12 -12 -3 -11 17 -16 -5 20 21 -1 22 -20 -24 -21 27 -27 -26 -23 -2
right_child=1 4 -4 15 -6 6 7 8 -10 14 11 -13 -14 -15 16 -17 -18 -19 19 24 -22 28 23 -25 25 26 -28 -29 -30 -31
leaf_value=-0.008335499976160619 0.0036425067744725805 0 -0.0079264243375875617 0.0031850534973015621 0.0021603755416199975 -0.0031928023286164424 0.0016104119144393107 0.0012044241543481926 0.0069108392577247107 0.0061869175800633716 -0.0069798657045404252 -0.00042040577224523802 -0.0015168670251357952 0.01807637758485646 -0.00087609748563158122 -0.013133503170245036 -0.0043693907106589084 0.011488235300030885 0.00092216397759079004 -0.0010128290777555262 -0.00074056573235926849 -0.00097469089685660749 0 -0.011527036098874611 0.0057985502747708879 -0.016076697086146247 0.0049547577260628988 -0.0027088896413143292 0.0013269109698961616 -0.0077330180613488135
leaf_weight=825 343 186 846 3404 859 9655 8674 11262 2081 652 2529 61118 4229 735 13311 102 4389 689 72441 1705 8008 30228 915 545 5380 247 348 518 8857 837
leaf_count=825 343 186 846 3404 859 9655 8674 11262 2081 652 2529 61118 4229 735 13311 102 4389 689 72441 1705 8008 30228 915 545 5380 247 348 518 8857 837
internal_value=3.76783e-05 0.00265289 0.000797828 0.00225089 0.00888865 -4.57193e-05 -0.000558068 0.000386804 0.00212587 -0.000461635 -0.00105389 -0.000744368 -0.00362007 0.0146659 -0.001458 0.00413962 -0.0017632 0.00470479 0.000416588 0.000559063 -0.00150105 0.000375397 0.000813376 -0.0043212 0.00304679 0.00415871 -0.00352704 0.00499405 -0.000445044 -0.00417081
internal_weight=255918 8001 6221 5375 1780 247917 117900 40369 13343 27026 77531 67876 6758 921 18352 4195 17700 4093 130017 121184 8833 112986 73901 1460 8198 6493 595 5898 39085 1180
internal_count=255918 8001 6221 5375 1780 247917 117900 40369 13343 27026 77531 67876 6758 921 18352 4195 17700 4093 130017 121184 8833 112986 73901 1460 8198 6493 595 5898 39085 1180
is_linear=0
shrinkage=0.03


Tree=13
num_leaves=31
num_cat=0
split_feature=16 46 40 25 42 23 27 119 80 1 86 35 5 77 45 125 56 107 35 36 39 82 52 125 33 41 1 100 138 110
split_gain=104.333 49.7427 62.3173 50.786 45.0982 60.7608 53.7665 51.8206 53.6841 61.113 51.0749 63.1114 44.7303 44.4088 50.9303 52.6506 48.1379 42.3332 41.2391 37.3099 36.6093 50.1221 40.4412 35.7303 35.0474 37.9042 33.8648 60.1448 41.0279 44.6773
threshold=1.2217961549758913 1.0753926634788515 -0.028646766208112236 0.013263684697449209 -0.072452347725629793 0.0083135380409657973 0.089987765997648253 0.44303797185420996 0.72499999403953563 0.018382397480309013 -0.58333334326744068 0.15420205891132358 0.0031413777032867078 0.17500000447034839 1.0105541348457339 0.47692285478115087 0.93582370877265941 0.50423729419708263 0.90433144569396984 0.80070549249649059 0.018103178590536121 0.94166666269302379 0.9801006317138673 -0.50724646449089039 0.57788860797882091 0.04402491636574269 0.065034598112106337 0.39444445073604589 0.63168394565582286 -0.35147058963775629
decision_type=10 8 10 10 8 10 10 8 2 8 2 10 10 2 10 10 10 2 10 10 10 2 10 10 8 8 10 2 10 2
left_child=1 2 -1 -4 5 -3 7 24 17 -10 11 -8 -7 16 15 -15 -5 -9 -16 -12 22 -22 -14 -13 25 -6 28 -28 29 -2
right_child=26 4 3 13 6 12 10 8 9 -11 19 23 20 14 18 -17 -18 -19 -20 -21 21 -23 -24 -25 -26 -27 27 -29 -30 -31
leaf_value=0.0026767605775787516 -0.013004734649498648 0.013463956473099078 0.0011107525973722363 -0.010061806812603397 -0.0061298383172370269 -0.0019066285794342903 0.012283205441941234 -0.00093366376973806934 -0.00012811919354057877 -0.0023816687629696015 -0.0018673960723828271 -0.012172692455157327 0.004421859762334935 0.0026013386740991198 -5.6249449315840539e-05 -0.0010654189016351704 -0.00091344620946139403 0.0017379506947423299 -0.0043919120766508189 0.0067771135927666591 -0.0085088334580761694 0.0070317062493413691 -0.0010480259158225256 0.0030173099034881781 -0.0010082660530637041 0 0.016716801467207821 0.00034047415492032679 0.0049464717785485772 0.0022645972853206331
leaf_weight=8927 245 333 34342 513 4176 3652 728 10249 19701 24865 3150 124 4554 13050 58837 4678 36979 10940 2030 497 577 235 1538 2040 4080 1119 503 393 2469 416
leaf_count=8927 245 333 34342 513 4176 3652 728 10249 19701 24865 3150 124 4554 13050 58837 4678 36979 10940 2030 497 577 235 1538 2040 4080 1119 503 393 2469 416
internal_value=0 -7.68621e-05 0.000243055 9.62998e-05 -0.000630834 0.00116947 -0.00087477 -0.00110438 -0.000800218 -0.00139269 0.00171288 0.00468772 0.00072853 -0.000201361 0.000200726 0.00161675 -0.00105192 0.000431899 -0.000207172 -0.000577005 0.00216726 -0.00358977 0.00299293 0.00190604 -0.00319952 -0.00482137 0.00477914 0.0100257 0.0031279 -0.00317018
internal_weight=255940 251914 159356 150429 92558 10889 81669 75130 65755 44566 6539 2892 10556 116087 78595 17728 37492 21189 60867 3647 6904 812 6092 2164 9375 5295 4026 896 3130 661
internal_count=255940 251914 159356 150429 92558 10889 81669 75130 65755 44566 6539 2892 10556 116087 78595 17728 37492 21189 60867 3647 6904 812 6092 2164 9375 5295 4026 896 3130 661
is_linear=0
shrinkage=0.03


Tree=14
num_leaves=31
num_cat=0
split_feature=16 25 74 16 39 33 36 33 59 38 81 40 13 43 16 51 42 4 124 116 24 37 27 60 42 125 38 30 75 39
split_gain=78.704 60.4045 47.9012 59.049 59.394 39.2611 39.4393 42.233 103.631 40.3446 37.9446 61.8559 58.235 43.07 35.3645 53.5231 34.5735 50.4429 34.2127 33.9825 33.9388 33.7031 33.0348 30.5201 33.9213 76.857 39.3474 30.3439 29.8306 51.093
threshold=1.2217961549758913 0.012200717814266683 0.25000000745058065 1.1601091027259829 -0.011191505938768385 0.97755658626556408 0.81379902362823497 0.63237780332565319 0.99816277623176586 0.010702332481741907 0.11666667088866235 -0.034463472664356225 1.0936335325241091 1.0526343584060671 0.92660087347030651 0.82655826210975658 -0.0835604853928089 0.39999930560588842 -0.57142618298530568 0.55941319465637218 0.034798167645931251 0.65340811014175426 0.068523529917001738 0.95027992129325878 0.067184466868639006 0.24882625788450244 -0.0019434593850746749 0.0034312482457607989 0.22500000149011615 -0.019969322718679901
decision_type=10 10 2 10 10 10 10 10 10 10 2 10 10 10 8 10 10 10 10 10 10 10 10 10 10 10 10 10 2 10
left_child=1 21 16 10 22 6 -2 8 -8 -9 11 12 -4 -13 19 -16 17 28 -19 -12 -10 -1 -5 24 26 -26 -18 -25 29 -3
right_child=5 2 3 4 -6 -7 7 9 20 -11 14 13 -14 -15 15 -17 23 18 -20 -21 -22 -23 -24 27 25 -27 -28 -29 -30 -31
leaf_value=0.00062508840109393572 0.0017529411613308979 -0.0096077978172395221 0.0059287886659138041 0.0024371787830952461 0.00075813512191514525 -0.011773764088824391 0.011794827956872801 0.014384644435873204 -0.016701627160860773 -0.0022737253947310485 0.012174425489880177 0.00079652140956931912 -0.0079686293861967444 -0.0033393260563849459 0.0038258795846986232 -0.00016256005660605322 0 0.0013086560161131293 -0.0088566748254838828 -0.001777580093962607 1.9929239393344945e-05 0.0029459241155252768 0.013914375813377308 -0.00094873300296697606 -0.011018628468645699 0.017026728256951174 -0.0092359038629906201 0.0041430932198401674 0.0061662627460508284 0.0029734861308712262
leaf_weight=22225 2093 331 3144 456 1836 105 461 884 201 112 134 28863 262 2420 3111 91180 607 502 574 14532 148 7779 674 67085 133 172 1212 1030 1760 1588
leaf_count=22225 2093 331 3144 456 1836 105 461 884 201 112 134 28863 262 2420 3111 91180 607 502 574 14532 148 7779 674 67085 133 172 1212 1030 1760 1588
internal_value=4.22951e-05 -2.3087e-05 -0.000195328 0.000118352 0.00429463 0.00420513 0.00476988 0.00804446 0.00239229 0.0122083 2.94459e-05 0.000895143 0.00473191 0.000465066 -0.00024353 -2.70027e-05 -0.000812433 0.00163502 -0.00390305 -0.00161327 -0.00918079 0.00123835 0.00966667 -0.000982808 -0.00454134 0.00394856 -0.00615547 -0.00086614 0.0033482 0.000571959
internal_weight=255614 251610 221606 146612 2966 4004 3899 1806 810 996 143646 34689 3406 31283 108957 94291 74994 4755 1076 14666 349 30004 1130 70239 2124 305 1819 68115 3679 1919
internal_count=255614 251610 221606 146612 2966 4004 3899 1806 810 996 143646 34689 3406 31283 108957 94291 74994 4755 1076 14666 349 30004 1130 70239 2124 305 1819 68115 3679 1919
is_linear=0
shrinkage=0.03


Tree=15
num_leaves=31
num_cat=0
split_feature=16 26 27 33 40 102 30 30 78 15 121 23 5 32 29 24 40 126 59 33 86 7 54 33 117 108 83 42 14 15
split_gain=69.3943 54.5041 47.9039 60.7938 57.0522 60.451 44.4369 39.0515 38.1737 36.7331 65.9322 57.4514 66.0099 48.9409 46.041 40.6452 37.9535 50.5771 58.1764 42.5813 56.0337 35.7048 33.3037 37.2847 39.2067 32.7768 61.3315 31.5433 28.8041 43.5017
threshold=1.2217961549758913 0.021813971921801571 0.074022222310304656 0.24902608245611194 0.026594107970595363 0.54316771030426036 -0.0063421379309147588 -0.0071613250765949479 0.30000000447034841 0.89612454175949108 0.44148929417133337 0.044223204255104072 0.01355388341471553 -0.0036012687487527724 0.012960944790393116 0.023712198249995712 -0.045195139944553368 0.30898857116699224 1.0050874352455141 0.93427529931068432 -0.58333334326744068 -0.030387171544134613 1.0754745006561282 0.92190930247306835 0.34713014960289007 0.77500000596046459 0.70000001788139354 -0.0043895151466131202 0.88593873381614696 0.88283517956733715
decision_type=10 10 10 8 8 2 8 10 10 8 8 10 10 10 10 10 10 10 10 10 2 8 10 10 10 2 10 8 8 10
left_child=1 21 3 28 5 6 -5 8 -2 10 11 12 -4 15 -13 -12 17 18 -11 20 -18 -1 -10 -24 -25 26 -6 -23 -3 -30
right_child=7 2 9 4 25 -7 -8 -9 22 16 13 14 -14 -15 -16 -17 19 -19 -20 -21 -22 27 23 24 -26 -27 -28 -29 29 -31
leaf_value=-0.0067248804961623212 0.015403834263618545 0.0083065374492155824 0.00021915304099147902 0.0026358615306363233 -0.00082300142079981856 0.0019767435643097157 -0.00042617094927465218 -0.00011329140212968214 -0.00090479720968928898 -0.01112775645270366 0.014166145451179677 0 0.0083905965037958975 0.019663014499119839 -0.021797175364637815 -0.0031429061555232245 0.002241867101656973 0.020825276773212657 0.004474449594013003 -0.0058661759125519901 -0.001035553191547841 -5.1504821433847537e-05 0.0092709578442669721 -0.0076753081298990113 0.010350266878712265 0.0014007335515572039 -0.0051202027460414664 0.0011475419708752951 -0.0057988820598193908 -0.0014106591659019578
leaf_weight=570 346 233 3451 4503 8096 12988 70464 1296 666 217 174 176 1219 328 142 267 7311 135 1768 1101 12977 33472 1227 271 150 2189 4933 46558 2194 36642
leaf_count=570 346 233 3451 4503 8096 12988 70464 1296 666 217 174 176 1219 328 142 267 7311 135 1768 1101 12977 33472 1227 271 150 2189 4933 46558 2194 36642
internal_value=3.82846e-06 -5.70128e-05 -0.000360478 -0.000589076 -0.000203971 8.63569e-05 -0.000237591 0.00393736 0.00600897 0.000739981 0.00288732 0.00153576 0.00244278 0.0110126 -0.010253 0.00335405 0.000199372 0.00401447 0.00252521 -0.000168151 0.000131773 0.000584936 0.00435571 0.00664683 -0.000394488 -0.00189957 -0.00247834 0.000642414 -0.00159776 -0.00166915
internal_weight=256064 252108 171508 142242 103173 87955 74967 3956 2660 29266 5757 4988 4670 769 318 441 23509 2120 1985 21389 20288 80600 2314 1648 421 15218 13029 80030 39069 38836
internal_count=256064 252108 171508 142242 103173 87955 74967 3956 2660 29266 5757 4988 4670 769 318 441 23509 2120 1985 21389 20288 80600 2314 1648 421 15218 13029 80030 39069 38836
is_linear=0
shrinkage=0.03


Tree=16
num_leaves=31
num_cat=0
split_feature=56 30 116 35 30 140 86 114 125 57 33 44 55 78 5 24 6 109 101 29 26 48 1 9 80 27 1 127 29 4
split_gain=52.0697 57.6376 50.2778 49.7721 48.6367 57.5225 61.2337 43.613 41.3887 42.7126 40.1889 64.5637 43.0059 50.0518 40.2824 40.0175 70.8998 48.6231 46.3561 39.0039 37.972 36.5211 36.2401 35.718 48.62 36.6211 35.2662 39.0997 34.1976 36.2195
threshold=1.1585621237754824 -0.00073484188760630776 0.56569597125053417 0.2111419886350632 -0.0057166235055774442 0.82012742757797252 -0.74999999999999989 0.36363638937473303 0.47692285478115087 0.9072425663471223 0.27197717130184179 1.0405204296112063 0.94927152991294872 0.30000000447034841 0.016631077043712143 0.039672056213021285 0.3157923966646195 0.29285715520381933 0.56594201922416698 0.012960944790393116 0.022340046241879467 0.97965118288993847 0.027832938358187679 0.97333648800849926 0.27500000596046453 0.077238835394382491 0.053658556193113334 -0.22701571136713025 0.012960944790393116 0.3749981969594956
decision_type=10 8 8 10 10 10 2 10 10 8 8 8 8 10 10 10 10 2 2 10 10 10 10 10 2 10 10 10 10 10
left_child=1 2 28 -4 5 -2 -7 -6 9 15 11 -11 13 -12 -13 -3 18 -18 -17 -14 -5 -9 -8 24 25 -10 27 -24 -1 -30
right_child=4 8 3 20 7 6 22 21 23 10 12 14 19 -15 -16 16 17 -19 -20 -21 -22 -23 26 -25 -26 -27 -28 -29 29 -31
leaf_value=-0.00046896498781431769 -0.0015146058968909953 0.010970709413128606 0.00011254868385543476 -0.00097566327704642095 -0.0078309491104508293 0.0078139270407981774 0.0061235580320152336 -0.002008869192327724 -0.0044928816838408275 0.00025867504786033357 -0.0073763025200855948 -0.0033746532849577809 0.00082370322482289279 0.0047655950356777612 0.0043767082523323408 0.0069584882424766513 -0.00016750974491340655 0.021610777544465706 -0.011640840602931395 0.0073663545047156134 -0.0085336291887223529 0.014909593350464495 -0.011948838239409645 -0.00065774795739661845 0.0065782009833292481 -0.016950981033572909 0.0040746305835952382 0 0.016349197223306439 -0.0022734428057447076
leaf_weight=100241 1638 661 1840 1017 713 2861 943 266 1029 31561 1131 7439 86241 369 607 139 126 173 362 821 1899 152 379 10864 213 307 686 733 203 112
leaf_count=100241 1638 661 1840 1017 713 2861 943 266 1029 31561 1131 7439 86241 369 607 139 126 173 362 821 1899 152 379 10864 213 307 686 733 203 112
internal_value=2.99381e-05 -4.77113e-05 -0.00058056 -0.00359683 0.0023548 0.00327952 0.00473506 -0.00325819 0.000345262 0.000505447 0.000444298 -0.000344667 0.000800527 -0.00416862 -0.00274329 0.00558884 0.0006171 0.0120578 -0.0058357 0.000890524 -0.00602445 0.00385825 0.00137943 -0.00130155 -0.00555977 -0.00778466 -0.000983712 -0.00438611 -0.00043423 0.00909187
internal_weight=255726 247355 105312 4756 8371 7240 5602 1131 142043 129630 128169 39607 88562 1500 8046 1461 800 299 501 87062 2916 418 2741 12413 1549 1336 1798 1112 100556 315
internal_count=255726 247355 105312 4756 8371 7240 5602 1131 142043 129630 128169 39607 88562 1500 8046 1461 800 299 501 87062 2916 418 2741 12413 1549 1336 1798 1112 100556 315
is_linear=0
shrinkage=0.03


Tree=17
num_leaves=31
num_cat=0
split_feature=16 37 29 46 54 33 79 22 23 51 60 30 122 82 40 79 20 61 66 72 35 28 84 152 119 16 117 32 24 36
split_gain=61.3636 48.1438 54.2365 42.1473 65.0869 52.8976 54.7162 55.216 37.8153 53.7526 37.2127 35.3145 61.7221 47.8666 34.461 34.7675 33.4045 77.2494 57.1926 69.905 55.1338 53.1865 45.5799 36.1451 35.483 35.3514 33.3894 51.8206 45.9144 36.2058
threshold=1.2217961549758913 0.65340811014175426 -0.0035890409490093584 1.0578584074974062 0.99637779593467724 0.4990741908550263 0.15000000223517421 0.9658874273300172 0.044223204255104072 0.78631964325904857 0.90105512738227855 0.0026909885928034787 0.43428571522235876 0.075000002980232253 -0.056540567427873605 0.35000000894069677 0.92855459451675426 0.85989081859588634 0.96609193086624157 0.782608062028885 0.64890792965888988 0.0036606402136385445 0.84999999403953563 0.50665640830993663 0.20388374477624896 0.94283035397529613 0.32683882117271429 -0.0024324496043846007 0.056208917871117599 0.012918034568428995
decision_type=10 8 8 8 10 8 2 10 10 10 10 10 10 2 8 2 10 10 10 10 10 10 2 10 10 8 8 10 10 10
left_child=1 3 26 16 -5 6 10 -8 14 -10 -6 13 -13 -7 15 -4 18 21 19 -1 -20 -18 25 -22 -21 -19 -3 28 29 -28
right_child=-2 2 8 4 5 11 7 -9 9 -11 -12 12 -14 -15 -16 -17 17 22 20 24 23 -23 -24 -25 -26 -27 27 -29 -30 -31
leaf_value=-0.0067010616783137935 0.0037108035430448694 0.0023239080678943329 0 -0.004147719919901826 0.0063413967646254498 0.0024369931405382734 -0.0070657768537116293 -0.00079381059111399428 -0.016947634464734608 0 -0.0059695371155106657 -0.0057523338962821484 0.0058987614160599172 -0.00055657950862474418 0.0010394713112556525 0.017598744210865398 0 -0.0012073477050867627 0.0020309248557495996 0.023015088222705132 -0.0073870876610266046 0.013417120582822219 0.0024482915617731055 0.00090727253158596371 0.0035781077952253527 0.00026707259432135475 0.0073235994798365438 0.00039476852789999204 0.0085172156841352084 -0.0036500424806407928
leaf_weight=225 3928 2606 241 5035 198 5599 1318 29606 231 477 3176 470 2023 32888 57059 212 483 19107 1005 171 2446 650 6953 503 250 61912 244 8293 275 8377
leaf_count=225 3928 2606 241 5035 198 5599 1318 29606 231 477 3176 470 2023 32888 57059 212 483 19107 1005 171 2446 650 6953 503 250 61912 244 8293 275 8377
internal_value=0 -5.85146e-05 0.000559211 -0.000337207 -0.0008418 -0.000615655 -0.00148516 -0.00107521 0.00102262 -0.00570755 -0.00512558 0.000105124 0.00355453 -0.000112251 0.00111264 0.00926054 9.21581e-05 0.000224153 -0.00238964 0.0055859 -0.00378972 0.00794304 0.000119549 -0.00587472 0.0128389 -7.71554e-05 -0.000788247 -0.00127966 -0.00287162 -0.00328851
internal_weight=255961 252033 78015 174018 80313 75278 34298 30924 58220 708 3374 40980 2493 38487 57512 453 93705 89105 4600 646 3954 1133 87972 2949 421 81019 19795 17189 8896 8621
internal_count=255961 252033 78015 174018 80313 75278 34298 30924 58220 708 3374 40980 2493 38487 57512 453 93705 89105 4600 646 3954 1133 87972 2949 421 81019 19795 17189 8896 8621
is_linear=0
shrinkage=0.03


Tree=18
num_leaves=31
num_cat=0
split_feature=16 46 29 53 55 15 81 84 35 1 17 138 37 37 2 45 1 8 41 28 41 28 20 48 42 35 31 107 86 42
split_gain=65.4072 42.9744 59.1261 49.3891 53.4174 48.3299 42.8687 56.5317 53.1267 40.5082 44.6888 41.9303 40.677 36.806 50.1987 48.7938 63.537 53.875 36.2812 35.7244 35.5773 49.8665 46.0679 44.3037 46.6666 41.3648 35.7112 33.1171 29.026 28.7835
threshold=1.2217961549758913 1.0098814368247988 0.0067080026492476472 0.97631582617759716 0.94927152991294872 0.95295348763465892 0.28333334624767309 0.84999999403953563 0.45483416318893438 0.065034598112106337 1.2523347139358523 0.63168394565582286 0.60460519790649425 0.65340811014175426 0.93103402853012096 1.1114405989646914 0.043518491089344032 -0.38461957871913904 0.022190772928297523 0.0040196103509515533 0.0039451448246836671 -0.0033546895720064636 0.97668671607971203 0.98133972287178051 0.087212365120649352 0.80279701948165905 -0.0018323143012821672 0.516954004764557 -0.88333332538604725 0.10516722872853281
decision_type=10 8 10 8 10 8 2 2 10 10 8 10 10 10 8 10 10 10 10 10 10 10 10 10 10 10 10 2 2 10
left_child=1 2 18 4 -3 -6 29 -8 -9 11 -11 12 -2 20 15 17 -17 -15 -1 -20 23 22 -22 24 -5 -25 -23 -21 -7 -4
right_child=9 3 6 13 5 28 7 8 -10 10 -12 -13 -14 14 -16 16 -18 -19 19 27 21 26 -24 25 -26 -27 -28 -29 -30 -31
leaf_value=0.0010798872988657274 0.0060085003293881356 -0.015278781394089662 0.0018180934472429881 -0.0019898931447468902 0.0069457127827414816 0.0071429876891309267 -0.0079929421048812559 0.0096742203893983962 -0.0042251171572908761 0 0.014465097910675989 0.0038532484283046245 -0.0097223847444399512 0.0018443260452972847 0.0057640783820948121 -0.0028501896026520701 0.0029074136931580264 -7.1227895536275671e-05 -0.0028190911560188789 0.0060333511428114122 0.0089205007232539303 -0.0011811330034074397 0.0015028134762993554 -0.00067145755279073862 0.0062894869726166473 0.001508560997855444 0.00044228758277908213 -0.0007501716492235432 -0.0062263836893656005 -0.0047024224880896134
leaf_weight=13728 178 349 3178 27744 357 126 1546 380 608 286 555 2464 437 20231 1509 8202 2118 37222 535 3912 941 19052 4353 60246 591 8920 33553 679 1397 721
leaf_count=13728 178 349 3178 27744 357 126 1546 380 608 286 555 2464 437 20231 1509 8202 2118 37222 535 3912 941 19052 4353 60246 591 8920 33553 679 1397 721
internal_value=-4.60411e-05 -0.00010711 0.00106333 -0.000238948 -0.00466841 -0.00240072 -0.00139019 -0.00442468 0.000909042 0.00378736 0.00964483 0.00203873 -0.0046511 -0.000193258 0.000379381 0.000253397 -0.00163619 0.000598486 0.00191695 0.00408748 -0.000450504 0.000134097 0.00290636 -0.00080069 -0.00180231 -0.00038562 -0.000140193 0.00496612 -0.00484764 0.00051793
internal_weight=256118 252198 25287 226911 2229 1880 6433 2534 988 3920 841 3079 615 224682 69282 67773 10320 57453 18854 5126 155400 57899 5294 97501 28335 69166 52605 4591 1523 3899
internal_count=256118 252198 25287 226911 2229 1880 6433 2534 988 3920 841 3079 615 224682 69282 67773 10320 57453 18854 5126 155400 57899 5294 97501 28335 69166 52605 4591 1523 3899
is_linear=0
shrinkage=0.03


Tree=19
num_leaves=31
num_cat=0
split_feature=16 34 74 57 47 125 25 15 80 73 60 39 1 114 38 25 58 7 25 58 57 119 83 19 73 16 56 60 61 51
split_gain=62.5773 54.0361 42.6799 60.3051 44.6305 46.3499 49.311 40.2079 45.1041 60.5779 41.2661 40.0763 36.4195 42.4703 36.1255 33.6028 33.4352 32.6685 39.7343 30.3638 30.0334 29.9915 51.3074 29.5785 38.6264 37.837 43.2363 33.8492 28.6469 28.1138
threshold=1.2217961549758913 0.8833613693714143 0.25000000745058065 1.1621301770210268 1.0938650369644167 0.47692285478115087 0.041645765304565437 1.0865418910980227 0.47499999403953558 0.5000000149011613 0.91094145178794872 -0.035821676254272454 0.01196955004706979 0.15116269141435626 -0.0019434593850746749 0.021443096920847896 1.0266667008399966 -0.016032032668590542 0.026762165129184726 1.0120490193367007 1.0640909075737002 0.40393130481243139 0.30000000447034841 1.0199387073516848 0.70000001788139354 1.1601091027259829 1.0752145051956179 0.93525594472885143 1.0193366408348086 0.96997213363647472
decision_type=10 10 2 10 8 10 8 8 2 10 10 10 8 10 8 10 10 10 10 10 10 10 10 10 10 10 10 10 10 10
left_child=2 29 12 4 5 6 15 8 9 -6 -10 16 14 -14 20 -4 28 -7 -19 -8 -1 -9 -23 24 27 26 -25 -13 -5 -2
right_child=1 -3 3 11 7 17 19 21 10 -11 -12 23 13 -15 -16 -17 -18 18 -20 -21 -22 22 -24 25 -26 -27 -28 -29 -30 -31
leaf_value=0.0011127474643731711 0.004724710758040331 0.013056932662046423 0.00097273815356680685 0.0045861435715030402 0.0016915230141012583 0.0043911206641735348 0.0025136044279595805 -0.0056266307297497698 0.0062401748250710135 -0.0013994160532536295 -0.0019058149803634411 0.018068365484688837 0.0012779626507499163 -0.0011483369286020173 -0.00018968624257437796 -0.00023134424803474056 0.0029455602486411201 0.0009177417438067057 -0.0029913044496977172 0.01038333578914262 0.0063749428256914403 0.0012153234558809933 0.010184765799315459 0.005488806869669508 0.0004944078120612636 0.0040501537102794897 -0.005786489351475875 0.0049842732336619847 0.029666390833622623 -0.00054189964778309397
leaf_weight=3226 1924 487 53879 122 11142 793 6469 421 537 11628 25256 209 7139 60777 11980 33461 327 3262 7390 492 1518 4940 653 358 1898 1089 1277 1967 111 1540
leaf_count=3226 1924 487 53879 122 11142 793 6469 421 537 11628 25256 209 7139 60777 11980 33461 327 3262 7390 492 1518 4940 653 358 1898 1089 1277 1967 111 1540
internal_value=2.98766e-05 0.00376715 -2.7749e-05 0.000248203 0.000124192 0.000485293 0.000706216 -0.000569889 -0.000860697 0.000100061 -0.00171989 0.00290196 -0.000577913 -0.000888579 0.000665337 0.000508058 0.0106201 -0.0013069 -0.00176664 0.00314096 0.00287923 0.00172373 0.00234854 0.00219287 0.00380793 -0.000123428 -0.00309988 0.0065307 0.0191207 0.00230754
internal_weight=256272 3951 252321 167681 160323 105746 94301 54577 48563 22770 25793 7358 84640 67916 16724 87340 560 11445 10652 6961 4744 6014 5593 6798 4074 2724 1635 2176 233 3464
internal_count=256272 3951 252321 167681 160323 105746 94301 54577 48563 22770 25793 7358 84640 67916 16724 87340 560 11445 10652 6961 4744 6014 5593 6798 4074 2724 1635 2176 233 3464
is_linear=0
shrinkage=0.03


Tree=20
num_leaves=31
num_cat=0
split_feature=32 81 138 11 50 46 68 86 71 38 83 95 69 35 86 72 110 58 20 34 38 113 111 58 58 77 115 12 57 38
split_gain=54.5648 50.3735 53.7808 56.9529 50.7713 50.2569 58.6419 63.4144 62.3152 61.0914 62.5138 55.7101 51.239 48.8174 54.5908 47.7073 47.0147 41.3713 40.9955 36.2593 35.0993 40.462 43.7167 38.4624 34.4142 33.0501 37.881 48.5488 38.405 51.2839
threshold=-0.005015013273805379 0.61666667461395275 0.70931851863861095 0.97230187058448803 0.82747837901115429 1.0578584074974062 0.3218385130167008 -1.0000000180025095e-35 0.58415815234184276 -0.011280843522399662 -0.50000001490116108 -0.15809943526983258 0.18749945610761645 0.80279701948165905 -0.81666666269302357 0.72941175103187572 -0.35147058963775629 1.0078460574150088 0.97470092773437511 0.77319431304931652 -1.0000000180025095e-35 0.59999975562095653 -0.18019481003284452 0.96842107176780712 0.96579989790916454 0.091666668653488173 0.73750004172325145 0.98679167032241832 0.9072425663471223 0.0031847270438447599
decision_type=8 2 8 10 10 8 8 2 10 8 10 10 10 8 2 10 2 10 10 10 10 10 2 10 10 2 8 10 10 10
left_child=1 -1 3 -3 -4 25 8 20 9 10 11 -7 15 14 -11 -10 -5 -12 -14 -9 -8 23 -23 -22 -6 -2 28 -28 29 -27
right_child=5 2 4 16 24 6 7 19 12 13 17 -13 18 -15 -16 -17 -18 -19 -20 -21 21 22 -24 -25 -26 26 27 -29 -30 -31
leaf_value=-0.00020143818281545637 -0.00053351424953346335 0.0077122390898432302 0.016771993037725044 -0.014139011600175751 -2.6393307984035887e-05 0.0063141920725830799 0.00027724307504925949 -0.0039043444793524901 0.0048276876094370466 -0.0022274489072854047 -0.00080716032684525596 -0.0027266788848868983 0.0061221388257685092 0.002366003705579003 0.00036050345438247482 0.019131891418634573 0 -0.0082900451464307211 -0.0018940390436285415 0.00080107147227148883 0.003604519391057665 0.0002283770095865453 -0.0044621925483481406 -0.0010489438470929206 0.0069720041549497904 0.011856489719555142 -0.0064552960863801627 -0.00028550097318998666 0.00071622201638561755 -7.2167779669054106e-05
leaf_weight=3683 30526 518 393 288 786 912 18638 9875 916 9282 1111 1754 913 7946 34315 308 742 2108 1401 1605 1724 2353 6121 17013 2067 632 1322 8870 87309 548
leaf_count=3683 30526 518 393 288 786 912 18638 9875 916 9282 1111 1754 913 7946 34315 308 742 2108 1401 1605 1724 2353 6121 17013 2067 632 1322 8870 87309 548
internal_value=-1.50345e-06 0.00236112 0.00438479 -3.04608e-05 0.00656954 -8.38201e-05 -0.000531512 -0.00122059 0.000111728 -0.000121861 -0.00301548 0.000278369 0.00396698 0.000203746 -0.000184374 0.00891799 -0.00428281 -0.00582097 0.00116561 -0.00322015 -0.000712201 -0.00140064 -0.00312696 -0.000601396 0.00495277 0.00032376 0.000592043 -0.00112623 0.000793551 0.00615787
internal_weight=255979 8477 4794 1548 3246 247502 118295 57329 60966 57428 5885 2666 3538 51543 43597 1224 1030 3219 2314 11480 45849 27211 8474 18737 2853 129207 98681 10192 88489 1180
internal_count=255979 8477 4794 1548 3246 247502 118295 57329 60966 57428 5885 2666 3538 51543 43597 1224 1030 3219 2314 11480 45849 27211 8474 18737 2853 129207 98681 10192 88489 1180
is_linear=0
shrinkage=0.03


Tree=21
num_leaves=31
num_cat=0
split_feature=16 26 40 71 14 80 54 23 50 82 142 58 52 156 38 48 61 18 10 18 73 20 16 52 47 96 28 38 5 28
split_gain=62.7163 48.1769 51.1258 70.5338 57.9156 73.0321 88.9557 83.5129 73.8213 62.6409 53.7163 41.9073 37.6654 50.4222 36.6218 50.2158 43.4271 40.5713 34.8185 33.2265 68.3193 63.8142 32.9788 52.7852 39.8372 33.8797 32.7177 37.8082 31.0573 30.4625
threshold=1.2217961549758913 0.021813971921801571 -0.031314985826611512 0.58415815234184276 0.91923817992210399 0.37500000000000006 0.99746471643447887 0.0080673410557210463 0.86989927291870128 0.67500001192092907 1.3003242015838625 0.9995112717151643 0.84865117073059093 0.12223057076334955 -0.0022249654866755004 0.92357099056243908 1.0462576150894167 1.045954763889313 1.0367646813392641 1.0242341160774233 0.5000000149011613 1.0697090625762942 1.1601091027259829 0.98244860768318187 1.2773673534393313 -0.02445957530289888 -0.0056249997578561297 0.0031847270438447599 0.016631077043712143 0.0097519150003790873
decision_type=10 10 8 10 8 2 10 10 10 2 10 10 10 10 10 10 10 10 10 10 10 10 8 10 10 10 10 8 10 10
left_child=1 18 3 22 5 6 9 -8 10 -4 -7 -5 13 -13 -2 16 -16 -17 -1 26 21 -21 23 -3 -24 -25 28 -28 -6 -10
right_child=14 2 4 11 19 8 7 -9 29 -11 -12 12 -14 -15 15 17 -18 -19 -20 20 -22 -23 24 25 -26 -27 27 -29 -30 -31
leaf_value=0.00059503686484997263 0.0066273970924216148 0.00030276500838143843 -0.00095674207947437121 2.8174123409124647e-05 0.00073477189091504947 0.010916615890064957 -0.014840889988765822 0.0075276111292739501 0.0032549015645179521 -0.010466060003072236 0.0019111431482121129 0.0094920276271153823 0.0015970105970084291 -0.0044995659391714043 0.00067822106366085611 0.00029001022066078559 0.020656900166910377 -0.012070042983901954 -0.0074673908558615942 -0.0038755051695430471 -0.0093075989530855014 0.0030778260228418041 -0.00015712790590689772 0 0.0080818433678934137 -0.0077011324942428266 -0.00043745688159750249 -0.0016423767336954862 -0.0035100147387992693 -0.0043734905576979892
leaf_weight=80071 1974 8592 4700 1833 21595 1671 139 1607 1019 720 1076 2154 1445 217 278 1274 168 263 460 3132 1186 1848 1091 887 892 1383 77691 34246 1635 838
leaf_count=80071 1974 8592 4700 1833 21595 1671 139 1607 1019 720 1076 2154 1445 217 278 1274 168 263 460 3132 1186 1848 1091 887 892 1383 77691 34246 1635 838
internal_value=-2.73034e-07 -6.04011e-05 -0.000345553 0.00113845 -0.000526897 0.00148524 -0.000371971 0.00542906 0.00442993 -0.00230895 0.0075369 0.00392681 0.00571139 0.00805908 0.00373651 0.000671522 0.00941117 -0.00176015 0.000543417 -0.000696774 -0.00285987 -0.00123324 -6.86999e-05 -0.000742501 0.00344287 -0.00479795 -0.000595471 -0.000808997 0.000420345 -3.76197e-05
internal_weight=256085 252128 171597 18494 153103 11770 7166 1746 4604 5420 2747 5649 3816 2371 3957 1983 446 1537 80531 141333 6166 4980 12845 10862 1983 2270 135167 111937 23230 1857
internal_count=256085 252128 171597 18494 153103 11770 7166 1746 4604 5420 2747 5649 3816 2371 3957 1983 446 1537 80531 141333 6166 4980 12845 10862 1983 2270 135167 111937 23230 1857
is_linear=0
shrinkage=0.03


end of trees

feature_importances:
ROC30=28
KLEN=24
RSQR5=24
BETA20=18
RESI60=18
IMXD30=17
SUMD20=16
RESI5=15
STD60=14
BETA10=13
RSQR20=13
KLOW=12
STD20=11
HIGH0=10
STD5=10
STD30=10
ROC20=9
RSQR30=9
RESI20=9
WVMA5=9
STD10=8
RSQR60=8
RESI30=8
MAX20=8
MAX30=8
MIN60=8
QTLU5=8
IMIN30=8
IMXD10=8
KMID=7
RESI10=7
MIN20=7
QTLU60=7
QTLD20=7
IMAX60=7
WVMA20=7
KMID2=6
KUP2=6
ROC5=6
ROC10=6
MA5=6
BETA5=6
BETA60=6
QTLD5=6
IMIN10=6
IMIN20=6
OPEN0=5
MA60=5
MAX10=5
MAX60=5
MIN5=5
MIN30=5
RSV30=5
KLOW2=4
VWAP0=4
MA20=4
MIN10=4
QTLU30=4
RSV5=4
IMAX5=4
IMAX10=4
IMIN60=4
CNTD30=4
SUMD60=4
LOW0=3
RSQR10=3
QTLU10=3
QTLU20=3
QTLD10=3
QTLD30=3
IMAX30=3
IMIN5=3
IMXD5=3
CORD5=3
CNTN60=3
CNTD20=3
SUMP10=3
SUMP30=3
SUMP60=3
SUMN10=3
VSTD60=3
KUP=2
KSFT=2
KSFT2=2
ROC60=2
MA10=2
BETA30=2
QTLD60=2
RANK30=2
RSV10=2
RSV20=2
RSV60=2
IMAX20=2
IMXD20=2
CNTP30=2
CNTP60=2
SUMP20=2
SUMN20=2
SUMN60=2
SUMD30=2
MAX5=1
RANK5=1
RANK20=1
CORR5=1
CORR10=1
CORD20=1
CORD30=1
CORD60=1
CNTP20=1
CNTN10=1
CNTD5=1
CNTD10=1
SUMP5=1
SUMN5=1
SUMN30=1
SUMD5=1
SUMD10=1
VSTD30=1
WVMA60=1
VSUMN60=1
VSUMD5=1
VSUMD30=1

parameters:
[boosting: gbdt]
[objective: regression]
[metric: l2]
[tree_learner: serial]
[device_type: gpu]
[data_sample_strategy: bagging]
[data: ]
[valid: ]
[num_iterations: 500]
[learning_rate: 0.03]
[num_leaves: 31]
[num_threads: 12]
[seed: 20260812]
[deterministic: 0]
[force_col_wise: 1]
[force_row_wise: 0]
[histogram_pool_size: -1]
[max_depth: 7]
[min_data_in_leaf: 100]
[min_sum_hessian_in_leaf: 0.001]
[bagging_fraction: 0.8]
[pos_bagging_fraction: 1]
[neg_bagging_fraction: 1]
[bagging_freq: 1]
[bagging_seed: 20260812]
[bagging_by_query: 0]
[feature_fraction: 0.8]
[feature_fraction_bynode: 1]
[feature_fraction_seed: 20260812]
[extra_trees: 0]
[extra_seed: 9622]
[early_stopping_round: 0]
[early_stopping_min_delta: 0]
[first_metric_only: 0]
[max_delta_step: 0]
[lambda_l1: 10]
[lambda_l2: 20]
[linear_lambda: 0]
[min_gain_to_split: 0]
[drop_rate: 0.1]
[max_drop: 50]
[skip_drop: 0.5]
[xgboost_dart_mode: 0]
[uniform_drop: 0]
[drop_seed: 26770]
[top_rate: 0.2]
[other_rate: 0.1]
[min_data_per_group: 100]
[max_cat_threshold: 32]
[cat_l2: 10]
[cat_smooth: 10]
[max_cat_to_onehot: 4]
[top_k: 20]
[monotone_constraints: ]
[monotone_constraints_method: basic]
[monotone_penalty: 0]
[feature_contri: ]
[forcedsplits_filename: ]
[refit_decay_rate: 0.9]
[cegb_tradeoff: 1]
[cegb_penalty_split: 0]
[cegb_penalty_feature_lazy: ]
[cegb_penalty_feature_coupled: ]
[path_smooth: 0]
[interaction_constraints: ]
[verbosity: 1]
[saved_feature_importance_type: 0]
[use_quantized_grad: 0]
[num_grad_quant_bins: 4]
[quant_train_renew_leaf: 0]
[stochastic_rounding: 1]
[linear_tree: 0]
[max_bin: 63]
[max_bin_by_feature: ]
[min_data_in_bin: 3]
[bin_construct_sample_cnt: 200000]
[data_random_seed: 20260812]
[is_enable_sparse: 1]
[enable_bundle: 1]
[use_missing: 1]
[zero_as_missing: 0]
[feature_pre_filter: 1]
[pre_partition: 0]
[two_round: 0]
[header: 0]
[label_column: ]
[weight_column: ]
[group_column: ]
[ignore_column: ]
[categorical_feature: ]
[forcedbins_filename: ]
[precise_float_parser: 0]
[parser_config_file: ]
[objective_seed: 6428]
[num_class: 1]
[is_unbalance: 0]
[scale_pos_weight: 1]
[sigmoid: 1]
[boost_from_average: 1]
[reg_sqrt: 0]
[alpha: 0.9]
[fair_c: 1]
[poisson_max_delta_step: 0.7]
[tweedie_variance_power: 1.5]
[lambdarank_truncation_level: 30]
[lambdarank_norm: 1]
[label_gain: ]
[lambdarank_position_bias_regularization: 0]
[eval_at: ]
[multi_error_top_k: 1]
[auc_mu_weights: ]
[num_machines: 1]
[local_listen_port: 12400]
[time_out: 120]
[machine_list_filename: ]
[machines: ]
[gpu_platform_id: 0]
[gpu_device_id: 0]
[gpu_use_dp: 1]
[num_gpu: 1]

end of parameters

pandas_categorical:null
