tree
version=v4
num_class=1
num_tree_per_iteration=1
label_index=0
max_feature_idx=157
objective=regression
feature_names=KMID KLEN KMID2 KUP KUP2 KLOW KLOW2 KSFT KSFT2 OPEN0 HIGH0 LOW0 VWAP0 ROC5 ROC10 ROC20 ROC30 ROC60 MA5 MA10 MA20 MA30 MA60 STD5 STD10 STD20 STD30 STD60 BETA5 BETA10 BETA20 BETA30 BETA60 RSQR5 RSQR10 RSQR20 RSQR30 RSQR60 RESI5 RESI10 RESI20 RESI30 RESI60 MAX5 MAX10 MAX20 MAX30 MAX60 MIN5 MIN10 MIN20 MIN30 MIN60 QTLU5 QTLU10 QTLU20 QTLU30 QTLU60 QTLD5 QTLD10 QTLD20 QTLD30 QTLD60 RANK5 RANK10 RANK20 RANK30 RANK60 RSV5 RSV10 RSV20 RSV30 RSV60 IMAX5 IMAX10 IMAX20 IMAX30 IMAX60 IMIN5 IMIN10 IMIN20 IMIN30 IMIN60 IMXD5 IMXD10 IMXD20 IMXD30 IMXD60 CORR5 CORR10 CORR20 CORR30 CORR60 CORD5 CORD10 CORD20 CORD30 CORD60 CNTP5 CNTP10 CNTP20 CNTP30 CNTP60 CNTN5 CNTN10 CNTN20 CNTN30 CNTN60 CNTD5 CNTD10 CNTD20 CNTD30 CNTD60 SUMP5 SUMP10 SUMP20 SUMP30 SUMP60 SUMN5 SUMN10 SUMN20 SUMN30 SUMN60 SUMD5 SUMD10 SUMD20 SUMD30 SUMD60 VMA5 VMA10 VMA20 VMA30 VMA60 VSTD5 VSTD10 VSTD20 VSTD30 VSTD60 WVMA5 WVMA10 WVMA20 WVMA30 WVMA60 VSUMP5 VSUMP10 VSUMP20 VSUMP30 VSUMP60 VSUMN5 VSUMN10 VSUMN20 VSUMN30 VSUMN60 VSUMD5 VSUMD10 VSUMD20 VSUMD30 VSUMD60
feature_infos=[-0.15450645983219147:0.33106967806816101] [0:0.33106967806816101] [-1:1] [0:0.27153289318084717] [0:1] [0:0.19577737152576447] [0:1] [-0.31147539615631104:0.33106967806816101] [-1:1] [0.75127547979354858:1.1827411651611328] [1:1.365384578704834] [0.75127547979354858:1] [0.90894031524658203:1.0877940654754639] [0.62103557586669922:1.6790908575057983] [0.51279789209365845:1.8924485445022583] [0.43777582049369812:2.2146341800689697] [0.40953221917152405:2.740487813949585] [0.32686084508895874:2.649662971496582] [0.8043818473815918:1.3455072641372681] [0.69517505168914795:1.4951817989349365] [0.58934980630874634:1.7117466926574707] [0.53464740514755249:1.9959673881530762] [0.46012550592422485:1.8649090528488159] [0:0.26957115530967712] [0:0.32280367612838745] [0:0.36472421884536743] [0:0.57258552312850952] [0:0.50059491395950317] [-0.16409091651439667:0.17131471633911133] [-0.11732283234596252:0.17131471633911133] [-0.11732283234596252:0.17131471633911133] [-0.11732283234596252:0.17131471633911133] [-0.11732283234596252:0.17131471633911133] [0:1] [0:1] [0:1] [0:1] [0:1] [-0.11478264629840851:0.13264167308807373] [-0.24554997682571411:0.20802642405033112] [-0.40848860144615173:0.27287426590919495] [-0.44566619396209717:0.27581575512886047] [-0.96870207786560059:0.36147966980934143] [1:1.6472727060317993] [1:1.9298244714736938] [1:2.2439024448394775] [1:3.3160974979400635] [1:3.3160974979400635] [0.58144122362136841:1] [0.49132096767425537:1] [0.42983227968215942:1] [0.39746984839439392:1] [0.31774049997329712:1] [0.86334514617919922:1.4843636751174927] [0.78309857845306396:1.7869091033935547] [0.69679319858551025:2.054157018661499] [0.57799351215362549:2.423609733581543] [0.52150630950927734:2.3250908851623535] [0.70860719680786133:1.2689855098724365] [0.53621649742126465:1.4057971239089966] [0.45107382535934448:1.5574545860290527] [0.43389230966567993:1.5740000009536743] [0.37328624725341797:1.5950908660888672] [0.20000000298023224:1] [0.10000000149011612:1] [0.05000000074505806:1] [0.033333335071802139:1] [0.01666666753590107:1] [0:1] [0:1] [0:1] [0:1] [0:1] [0.20000000298023224:1] [0.10000000149011612:1] [0.05000000074505806:1] [0.033333335071802139:1] [0.01666666753590107:1] [0.20000000298023224:1] [0.10000000149011612:1] [0.05000000074505806:1] [0.033333335071802139:1] [0.01666666753590107:1] [-0.80000001192092896:0.80000001192092896] [-0.89999997615814209:0.89999997615814209] [-0.94999998807907104:0.94999998807907104] [-0.96666663885116577:0.96666663885116577] [-0.98333334922790527:0.98333334922790527] [-1:1] [-1:1] [-1:1] [-1:1] [-1:1] [-1:1] [-1:1] [-1:1] [-1:1] [-1:1] [0:1] [0:1] [0:0.94999998807907104] [0:0.90909093618392944] [0:0.90909093618392944] [0:1] [0:1] [0:0.89999997615814209] [0:0.8571428656578064] [0:0.8571428656578064] [-1:1] [-1:1] [-0.83333331346511841:0.90909093618392944] [-0.83333331346511841:0.90909093618392944] [-0.83333331346511841:0.90909093618392944] [0:1] [0:1] [0:1] [0:1] [0:1] [0:1] [0:1] [0:1] [0:1] [0:1] [-1:1] [-1:1] [-1:1] [-1:1] [-1:1] [0.20013266801834106:26452.083984375] [0.10012400150299072:23627.859375] [0.050104878842830658:26698.134765625] [0.033777147531509399:28136.5] [0.017187755554914474:26107.111328125] [0.00080492562847211957:59102.5] [0.0021778203081339598:49210.34375] [0.0021778203081339598:56418.4921875] [0.0021778203081339598:57003.12109375] [0.0021778203081339598:42065.70703125] [0:2.2360680103302002] [0:3.1615598201751709] [0:4.4708261489868164] [0:5.465825080871582] [0:7.5986995697021484] [0:1] [0:1] [0:1] [0:1] [0:1] [0:1] [0:1] [0:1] [0:1] [0:1] [-1:1] [-1:1] [-1:1] [-1:1] [-1:1]
tree_sizes=3090 3111 3095 3009 3043 3091 3069 3100 3044

Tree=0
num_leaves=31
num_cat=0
split_feature=16 26 33 30 27 118 86 1 14 36 7 43 14 1 120 25 67 32 86 1 77 24 67 45 141 15 10 15 26 44
split_gain=171.839 104.069 74.5728 79.3185 77.352 71.5359 69.9543 66.6977 62.7734 60.1447 57.7251 80.4257 55.8515 55.8174 75.6728 53.1124 51.5538 52.7557 51.0805 58.8065 62.9667 49.3499 48.002 44.2947 43.8198 39.9585 38.6255 37.9142 37.7935 37.3324
threshold=1.2217961549758913 0.021813971921801571 0.27197717130184179 -0.00043860780715476716 0.096453994512557997 0.33333341777324682 0.84999999403953563 0.036217371001839645 0.88593873381614696 0.80070549249649059 -0.0088593387044966204 1.0047093033790591 0.90703368186950695 0.053658556193113334 0.70247909426689159 0.03607903607189656 0.48360213637351995 0.00075109294266439985 -0.58333334326744068 0.047678958624601371 0.091666668653488173 0.043029993772506721 0.97530490159988414 1.0305223464965823 0.83377921581268322 1.1138952374458315 1.0158994197845461 0.95679154992103588 0.05085036717355252 1.0389942526817324
decision_type=10 10 8 10 10 10 2 8 8 10 10 10 8 10 10 10 10 10 2 10 2 10 10 10 10 8 10 10 10 10
left_child=1 7 4 16 8 10 12 23 22 -2 -5 -12 -7 14 -11 -8 17 28 19 20 -6 -15 -3 -1 -16 -20 -18 -9 -4 -10
right_child=9 2 3 5 18 6 15 27 29 13 11 -13 -14 21 24 -17 26 -19 25 -21 -22 -23 -24 -25 -26 -27 -28 -29 -30 -31
leaf_value=0.0016431490900495878 0.0023263239008166304 0.015878064580743197 -0.0012815220479604928 0.0027204657052657703 0.00069851362129905691 0.010984556632647755 0.003136101507843513 2.4078637920326876e-11 -0.0011346502837082809 0.015104071225774052 0.0012498280709991843 -0.0023042568394384712 0.0010469065540198131 2.4078637920326876e-11 -0.010020882104520864 0.013071813004473814 -0.0039336339327094502 0.0021784236936745688 0.0023447664492167318 -0.0011328965306653918 0.026130602203748507 0.022845337352275133 -0.0037294540105425556 0.00020228032950117141 0.0047337248258612109 -0.011208667129598438 0.00094866107491869077 -0.0075174569899903471 0.00085275931366046926 -0.002877843145777978
leaf_weight=40966 2016 297 36192 4419 169 506 1581 978 27215 528 8957 15480 29369 118 224 778 7244 5819 2073 203 249 428 131 37135 657 192 1700 1302 9216 19734
leaf_count=40966 2016 297 36192 4419 169 506 1581 978 27215 528 8957 15480 29369 118 224 778 7244 5819 2073 203 249 428 131 37135 657 192 1700 1302 9216 19734
internal_value=1.84084e-05 -7.82622e-05 -0.000496761 -9.13194e-05 -0.00146851 0.00066728 0.00164003 0.000810937 -0.00176342 0.00619565 -0.000409341 -0.000989339 0.00123249 0.00996985 0.00632377 0.00662136 -0.000866455 -0.000491942 0.00324841 0.0107777 0.0170346 0.0182929 0.00930848 0.000962121 0.00051014 0.000976525 -0.00297214 -0.00420074 -0.00084156 -0.00187466
internal_weight=255876 251905 171524 121261 50263 61090 32234 80381 47377 3971 28856 24437 29875 1955 1409 2359 60171 51227 2886 621 418 546 428 78101 881 2265 8944 2280 45408 46949
internal_count=255876 251905 171524 121261 50263 61090 32234 80381 47377 3971 28856 24437 29875 1955 1409 2359 60171 51227 2886 621 418 546 428 78101 881 2265 8944 2280 45408 46949
is_linear=0
shrinkage=1


Tree=1
num_leaves=31
num_cat=0
split_feature=16 26 33 25 10 102 83 80 29 60 83 45 33 35 140 32 15 80 33 123 35 86 10 54 17 44 38 40 85 29
split_gain=168.112 97.7627 82.2522 75.9736 74.7634 73.9058 59.7169 61.5949 59.378 95.8082 71.7102 53.5181 52.5905 56.9819 55.8861 49.2329 52.2716 55.4037 49.1635 41.9746 87.2069 59.3509 37.8785 34.6958 31.3467 45.9377 39.9757 39.7434 30.3532 28.1969
threshold=1.2217961549758913 0.021813971921801571 0.27197717130184179 0.041645765304565437 1.018200218677521 0.53390806913375866 0.70000001788139354 0.82500001788139354 0.00039392498729284858 0.86302116513252269 -0.50000001490116108 1.0305223464965823 0.97755658626556408 0.66447558999061596 0.76447904109954845 -0.004386170767247676 1.1275949478149416 0.42499999701976782 0.64947423338890087 0.19999813288450244 0.13631138950586322 0.81666666269302379 1.0367646813392641 1.0104431509971621 0.76834985613822948 1.0421348214149477 -0.002515720902010798 0.018016762100160125 -0.37499999999999994 -0.00020210129878250879
decision_type=10 10 8 8 10 2 10 2 10 10 10 8 10 10 10 10 8 2 10 8 10 2 10 10 8 10 10 10 2 10
left_child=1 11 15 5 19 6 7 -4 10 -10 -6 -1 13 -2 -15 16 17 -3 -16 21 -21 -5 -13 -8 27 26 -26 29 -27 -17
right_child=12 2 3 4 8 -7 23 -9 9 -11 -12 22 -14 14 18 24 -18 -19 -20 20 -22 -23 -24 -25 25 28 -28 -29 -30 -31
leaf_value=0.0015354381544936729 0.0018826057591509343 -0.0018373931500970029 0.00019115522853322225 0.0012971876841042938 0.0041566163342319938 0.0014196918546871919 -0.0032566262330049577 -0.0016461927049565045 -0.0018964920764958032 0.0096725874963911104 -0.0039387939415997508 9.2168071271578865e-05 -0.011495460795007482 -0.0005706861646420135 0.005877014876724305 0.008543613409188161 -0.0035937184381317879 0.0085948695786743721 0.016119994678246673 0.0091587560860262821 -0.0020566442423161314 0.014693339820657431 -0.0083874011733278166 0.0052100115177532757 0.00034497838160687985 -0.0019393930082960856 -0.0019799370941743139 -0.010511765088148342 -0.004595448352893737 0.00043840525245135236
leaf_weight=41829 1468 625 44715 7543 2981 16135 10257 25717 794 2589 1417 38175 117 348 937 602 858 1313 1084 651 7906 297 460 411 10110 9290 18382 182 7524 1259
leaf_count=41829 1468 625 44715 7543 2981 16135 10257 25717 794 2589 1417 38175 117 348 937 602 858 1313 1084 651 7906 297 460 411 10110 9290 18382 182 7524 1259
internal_value=2.61986e-05 -6.9157e-05 -0.000474894 -5.01138e-05 0.00145132 -0.000426759 -0.000798072 -0.000475739 0.00387207 0.00687395 0.00147441 0.000792095 0.00614927 0.0068219 0.00971568 -0.00149698 0.00231412 0.00509287 0.0116221 0.000280988 -0.00114905 0.00187893 -5.31867e-06 -0.00289323 -0.00172924 -0.00189657 -0.00114479 0.00181845 -0.0031498 0.00328275
internal_weight=255976 252022 171558 121413 24178 97235 81100 70432 7781 3383 4398 80464 3954 3837 2369 50145 2796 1938 2021 16397 8557 7840 38635 10668 47349 45306 28492 2043 16814 1861
internal_count=255976 252022 171558 121413 24178 97235 81100 70432 7781 3383 4398 80464 3954 3837 2369 50145 2796 1938 2021 16397 8557 7840 38635 10668 47349 45306 28492 2043 16814 1861
is_linear=0
shrinkage=0.03


Tree=2
num_leaves=31
num_cat=0
split_feature=16 26 40 71 58 33 27 33 30 10 84 18 108 39 25 84 9 59 21 111 52 16 117 140 111 49 52 99 44 37
split_gain=171.574 90.3904 82.2559 105.112 63.3718 63.0034 56.1912 54.0034 60.4144 52.3272 49.7057 49.6793 46.1149 49.3406 52.0979 43.0574 39.0942 41.8643 37.9352 36.5089 31.3878 37.5891 31.3568 30.4888 43.5633 33.6888 28.8063 41.7709 27.708 27.0009
threshold=1.2217961549758913 0.021813971921801571 -0.031314985826611512 0.56493511795997631 0.99968677759170543 0.24902608245611194 0.089987765997648253 0.97755658626556408 -0.0071613250765949479 1.0367646813392641 0.65000000596046459 1.0220747590065005 -0.90000000596046437 0.018103178590536121 0.033905735239386565 -1.0000000180025095e-35 0.9895714819431306 0.93142947554588329 1.0698937177658083 1.0000000180025095e-35 0.98244860768318187 1.1601091027259829 0.34713014960289007 0.82012742757797252 -0.18019481003284452 0.93213221430778515 0.84865117073059093 0.58571431040763866 1.0405204296112063 0.66929045319557201
decision_type=10 10 10 10 10 8 10 10 10 10 2 10 2 10 8 2 8 10 10 2 10 8 10 10 2 10 10 2 10 10
left_child=1 9 3 10 -5 6 11 8 23 15 20 28 -7 14 -14 29 19 -18 -15 -8 22 -22 -3 -2 25 -25 27 -6 -4 -1
right_child=7 2 5 4 26 12 16 -9 -10 -11 -12 -13 13 18 -16 -17 17 -19 -20 -21 21 -23 -24 24 -26 -27 -28 -29 -30 -31
leaf_value=-0.00032965047487449397 0.0025689821248592779 0.011596081211077998 -0.0012158879263862181 0.0001423214267128374 0.01152814669983942 -0.00470156791300035 0.010331321579865271 -0.011927064896992115 0.0012392723885092777 -0.0092779841104428801 -0.017167847499761538 -0.011291571510366898 -0.00042586563050825904 -0.0023317607323971486 0.001157210366128368 0.001478712950792279 0.014622429044854167 -0.0021283908862341108 0.00282986297558507 0.00017717933001753925 -0.0046669384585155326 0.0018302047424653156 0.00064151305092617942 0.023325701592564276 0.0039815079535891361 0.010706188866595702 0.0032214645024765242 0.0025497147134005234 -0.0028593002234685986 0.0015515920219342201
leaf_weight=30890 571 227 26121 2042 1703 2107 745 114 1286 443 133 500 64694 13423 26284 40504 124 1677 1349 654 2259 1142 8631 344 637 1014 1573 789 15312 8784
leaf_count=30890 571 227 26121 2042 1703 2107 745 114 1286 443 133 500 64694 13423 26284 40504 124 1677 1349 654 2259 1142 8631 344 637 1014 1573 789 15312 8784
internal_value=0 -9.77398e-05 -0.000488263 0.00139473 0.0046109 -0.000718061 -0.00166054 0.0061754 0.00684746 0.000729137 -0.000170961 -0.00195683 -0.000320664 -0.000229668 2.835e-05 0.00079047 0.00211697 -0.000662411 -0.00183692 0.00586531 1.66713e-05 -0.00239967 0.000981523 0.00951078 0.0113035 0.0144127 0.0067705 0.00884782 -0.00183155 7.98791e-05
internal_weight=256076 252110 171489 18499 6107 152990 45133 3966 3852 80621 12392 41933 107857 105750 90978 80178 3200 1801 14772 1399 12259 3401 8858 2566 1995 1358 4065 2492 41433 39674
internal_count=256076 252110 171489 18499 6107 152990 45133 3966 3852 80621 12392 41933 107857 105750 90978 80178 3200 1801 14772 1399 12259 3401 8858 2566 1995 1358 4065 2492 41433 39674
is_linear=0
shrinkage=0.03


Tree=3
num_leaves=31
num_cat=0
split_feature=16 30 16 27 120 25 6 45 1 0 25 39 84 1 17 1 60 82 86 33 30 57 118 33 48 37 47 86 140 137
split_gain=156.644 93.3073 67.1279 61.3494 51.8816 66.8295 68.2432 66.6832 65.7875 65.0518 48.2719 46.862 46.2066 57.7885 45.1621 42.7085 43.3111 75.051 47.0428 41.0768 40.6049 39.6839 37.4889 38.2628 33.0387 32.8573 40.8089 32.5382 32.2132 36.8043
threshold=1.2217961549758913 -0.00043860780715476716 0.93234935402870189 0.089987765997648253 0.23999977111816409 0.04340119659900666 0.61538472771644603 1.1114405989646914 0.021468900144100193 0.032596437260508544 0.012747216969728472 0.022164302878081802 0.84999999403953563 0.053658556193113334 0.82625856995582592 0.021967936307191852 1.0314961075782778 0.37500000000000006 -0.81666666269302357 0.97755658626556408 -0.0071613250765949479 1.1972027420997622 0.24358976632356646 0.90945842862129223 0.97875043749809276 0.65340811014175426 1.2773673534393313 -0.55000001192092884 0.73694482445716869 0.93960836529731762
decision_type=10 8 8 10 8 8 10 10 10 8 8 10 2 10 8 10 10 2 2 10 10 10 10 10 10 10 10 2 10 10
left_child=1 2 11 15 9 10 7 8 -7 -3 -6 24 21 -14 -13 25 18 -18 -17 20 28 -12 23 27 -1 -4 -27 -5 -2 -30
right_child=19 4 3 22 5 6 -8 -9 -10 -11 12 14 13 -15 -16 16 17 -19 -20 -21 -22 -23 -24 -25 -26 26 -28 -29 29 -31
leaf_value=0 0 -0.00076742573605130071 -0.00060679072760954429 0.01377636212280909 0.0017526836131483126 -0.00042719848621548611 -0.0043101705410107357 -0.0030857452047165974 0.0055562348228530402 -0.0094247672817555778 -8.5084051507571754e-05 0 0.0029848278102690318 -0.012256797572039067 -0.017865817848096432 -0.0044725491396083042 0.0050391491543644975 -0.0012941482093000187 -0.0014059042566495516 -0.010285224227625275 0.0018294979638039306 0.007780599584235378 0.0013218349832160524 -0.0027917235438884081 -0.00753148612042357 0.0011487538165195347 -0.0056306844119330662 0 0.01172296471201343 0.001097008559231004
leaf_weight=1492 285 8039 53677 640 21431 1969 1048 1160 7943 862 83685 203 6968 205 417 5811 2270 6264 22718 104 1275 561 4314 191 857 18206 804 167 1878 428
leaf_count=1492 285 8039 53677 640 21431 1969 1048 1160 7943 862 83685 203 6968 205 417 5811 2270 6264 22718 104 1275 561 4314 191 857 18206 804 167 1878 428
internal_value=9.31521e-05 0 -0.000615114 -0.000496829 0.000541847 0.000701222 0.00282127 0.00352988 0.00433896 -0.00165871 0.000470414 -0.00506481 0.000166218 0.00247466 -0.0124272 -0.00065159 -0.00148153 0.000363248 -0.00204375 0.0059908 0.00655653 -2.73115e-05 0.00263482 0.00787823 -0.00290641 -0.000223986 0.000840647 0.0107728 0.00873591 0.00990613
internal_weight=255872 251902 118031 115062 133871 124970 12120 11072 9912 8901 112850 2969 91419 7173 620 109750 37063 8534 28529 3970 3866 84246 5312 998 2349 72687 19010 807 2591 2306
internal_count=255872 251902 118031 115062 133871 124970 12120 11072 9912 8901 112850 2969 91419 7173 620 109750 37063 8534 28529 3970 3866 84246 5312 998 2349 72687 19010 807 2591 2306
is_linear=0
shrinkage=0.03


Tree=4
num_leaves=31
num_cat=0
split_feature=16 30 16 125 25 81 4 41 119 59 80 35 26 33 77 18 34 114 9 29 4 9 62 10 4 53 80 36 140 23
split_gain=137.046 86.0855 77.3821 55.4093 81.5369 81.6141 123.689 74.4381 87.1817 69.4973 66.3756 52.6825 51.7921 54.3133 58.902 58.642 48.3234 36.9379 38.0486 36.9287 40.6293 36.7869 40.7668 40.2323 41.1544 39.5931 39.1974 36.5442 58.6595 41.8777
threshold=1.2217961549758913 -0.00073484188760630776 0.93777728080749523 0.47692285478115087 0.04340119659900666 0.61666667461395275 0.30000405013561254 0.04402491636574269 0.22429900616407397 0.96390101313591015 0.52500000596046459 0.19156574457883838 0.020248291082680229 0.31842058897018438 0.12500000372529033 1.017259478569031 0.65764543414115917 0.15116269141435626 1.0074426531791689 0.012960944790393116 0.39999930560588842 0.97333648800849926 0.90802496671676647 1.0191100239753725 0.26213613152503973 1.0088592171669009 0.27500000596046453 0.80070549249649059 0.76447904109954845 0.017364542931318287
decision_type=10 8 8 10 10 2 10 10 10 10 2 10 10 10 2 10 10 8 10 10 10 10 10 10 10 10 2 10 10 10
left_child=1 2 11 4 12 7 9 8 -6 -7 -8 -1 -3 15 -15 -14 -9 18 -4 -19 -21 22 26 24 -23 -26 -5 -2 -29 -30
right_child=27 3 17 21 5 6 10 16 -10 -11 -12 -13 13 14 -16 -17 -18 19 -20 20 -22 23 -24 -25 25 -27 -28 28 29 -31
leaf_value=-0.000563110113266336 0.0024512694152366604 0.0012341513534180107 -0.0006543900040492706 -0.010145069530891875 0.014512708145859247 0.026643962085244832 0.012222381770361664 0.005568582289852202 0.0025646627025941657 0 -0.013317827840734804 -0.0090046736179013893 -0.00084037191106332246 -0.0011865500996224023 0.0011272602452542825 -0.0073690833395415887 -0.0064199367453887128 -0.00072984133597522296 0.0034572900805056195 0.015990462014678776 -0.0037874512537199208 2.6359545165527599e-05 0.0054939862021679119 0.0039947172157530934 -0.0029976155658381254 -0.015658837797527667 0.0028737743350987634 -0.0012717842050046931 0 0.01324408964984956
leaf_weight=1245 1978 43395 3817 1105 592 402 137 357 7508 128 190 1648 24263 13395 36986 1304 1227 98863 4057 226 107 5768 201 1321 3529 236 205 383 266 1316
leaf_count=1245 1978 43395 3817 1105 592 402 137 357 7508 128 190 1648 24263 13395 36986 1304 1227 98863 4057 226 107 5768 201 1321 3529 236 205 383 266 1316
internal_value=4.92541e-05 -3.65406e-05 -0.000667957 0.000449481 0.000633832 0.00316469 0.0120182 0.00232711 0.00350844 0.0207597 -0.00166522 -0.00550365 0.000407288 -6.14153e-05 0.000505899 -0.00119058 -0.0034952 -0.000533493 0.0014295 -0.000692592 0.00893101 -0.00146065 -0.00584744 -0.000812738 -0.00151729 -0.00394906 -0.00786963 0.00558526 0.00853237 0.0110795
internal_weight=256155 252212 109963 142249 129884 10541 857 9684 8100 530 327 2893 119343 75948 50381 25567 1584 107070 7874 99196 333 12365 1511 10854 9533 3765 1310 3943 1965 1582
internal_count=256155 252212 109963 142249 129884 10541 857 9684 8100 530 327 2893 119343 75948 50381 25567 1584 107070 7874 99196 333 12365 1511 10854 9533 3765 1310 3943 1965 1582
is_linear=0
shrinkage=0.03


Tree=5
num_leaves=31
num_cat=0
split_feature=16 26 40 71 1 84 30 58 84 33 14 41 1 42 41 80 25 10 18 52 49 140 36 52 16 122 15 85 41 44
split_gain=119.289 83.2863 60.2486 100.283 55.4278 49.7801 48.1892 44.9645 44.8713 40.9519 53.1609 71.3633 51.302 43.6163 105.903 114.059 48.791 88.2656 66.6239 40.5406 50.3168 39.2165 36.2364 36.0502 42.383 36.9964 34.9599 35.6764 32.3436 32.1345
threshold=1.2217961549758913 0.021813971921801571 -0.031314985826611512 0.56493511795997631 0.036217371001839645 -1.0000000180025095e-35 -0.0071613250765949479 0.9995112717151643 0.65000000596046459 0.27197717130184179 0.91923817992210399 0.016249717213213447 0.020979066379368309 0.10516722872853281 0.030320540070533756 0.42499999701976782 0.03607903607189656 1.0173542499542239 1.0242341160774233 0.84865117073059093 0.96467477083206188 0.82012742757797252 0.78697091341018688 0.98244860768318187 1.1601091027259829 0.6550632417201997 0.95295348763465892 -0.32500000298023218 1.0000000180025095e-35 1.0405204296112063
decision_type=10 10 10 8 10 2 10 10 2 8 8 10 10 10 10 2 8 10 10 10 10 10 10 10 8 10 10 2 10 10
left_child=1 4 3 8 5 -1 21 -5 23 10 11 28 -13 16 -15 -16 18 -18 -11 20 -9 -2 -23 25 -25 -3 -6 -28 -4 -12
right_child=6 2 9 7 26 -7 -8 19 -10 13 29 12 -14 14 15 -17 17 -19 -20 -21 -22 22 -24 24 -26 -27 27 -29 -30 -31
leaf_value=7.7289561002367335e-05 0.00038985533221988971 0.00048880599047736075 0.0030998018619346293 0.00035038617345653522 0.00081240332671609153 0.0015987028446176786 9.4325777996647509e-05 0.0028764457326885097 -0.017147553669367457 -0.0003890898754170087 -0.00093906520014501341 -0.0052298797435889194 0.009992515349279819 0.0052598978678789253 -0.0099993950820153089 0.005556075679015106 -6.6435090048705278e-05 0.0039958997497839882 -0.0047059146965433294 0.0021089710589475568 0.012071865367864958 0.0037883681577442693 0.012812406027142257 -0.0051429175374861176 0.0017155174027454663 0.012669675850655692 0 -0.01049399987483143 -0.0089964967730157951 -0.0025943800235147725
leaf_weight=38761 627 8646 285 1910 756 39532 1253 1011 122 72532 27735 200 1131 840 2019 495 19376 6325 3368 1620 1487 789 1231 2288 1155 214 505 867 447 17990
leaf_count=38761 627 8646 285 1910 756 39532 1253 1011 122 72532 27735 200 1131 840 2019 495 19376 6325 3368 1620 1487 789 1231 2288 1155 214 505 867 447 17990
internal_value=1.05972e-06 -7.86634e-05 -0.000453816 0.00115869 0.000716126 0.00084953 0.00519526 0.00433083 -0.000360657 -0.000650714 -0.00138039 0.00326207 0.00743953 -0.000315421 -0.00367631 -0.0067985 -0.00020082 0.000923969 -0.000585786 0.00609392 0.00852181 0.00747857 0.00950643 -0.000142289 -0.00275891 0.000844673 -0.00401461 -0.00686336 -0.00393075 -0.00159774
internal_weight=255517 251617 171196 18453 80421 78293 3900 6028 12425 152743 47788 2063 1331 104955 3354 2514 101601 25701 75900 4118 2498 2647 2020 12303 3443 8860 2128 1372 732 45725
internal_count=255517 251617 171196 18453 80421 78293 3900 6028 12425 152743 47788 2063 1331 104955 3354 2514 101601 25701 75900 4118 2498 2647 2020 12303 3443 8860 2128 1372 732 45725
is_linear=0
shrinkage=0.03


Tree=6
num_leaves=31
num_cat=0
split_feature=16 25 86 3 9 33 30 55 115 1 86 117 42 42 23 16 15 58 137 37 106 17 17 9 33 1 111 138 78 138
split_gain=123.463 77.2778 61.2896 68.8339 91.2612 42.5514 47.3437 41.0071 45.5099 46.4397 56.0815 52.5857 43.9707 62.0236 67.8422 54.6091 46.9728 45.7923 44.4906 37.3348 31.254 28.8805 28.3582 27.7758 37.8126 27.7292 54.034 42.6756 33.1295 27.1546
threshold=1.2217961549758913 0.012747216969728472 0.81666666269302379 0.018558969721198085 0.98090901970863353 0.97755658626556408 -0.0071613250765949479 0.94927152991294872 0.67469879984855663 0.038147164508700378 0.71666666865348827 0.5863192379474641 0.0013824507477693262 -0.072452347725629793 0.0083135380409657973 0.93777728080749523 0.88283517956733715 1.0040007233619692 0.51503071188926708 0.65340811014175426 0.3964285701513291 1.0600298047065737 1.0708319544792178 1.0080915689468386 0.93427529931068432 0.053658556193113334 -0.18019481003284452 0.94297990202903759 0.30000000447034841 0.70931851863861095
decision_type=10 10 2 10 10 10 10 10 10 10 2 10 10 8 10 10 10 10 10 10 2 10 10 10 10 10 2 10 10 10
left_child=1 19 7 21 -5 6 25 8 -3 11 -11 -10 13 14 -9 17 -17 -14 -15 22 -6 23 -1 24 -4 27 -27 -2 -29 -25
right_child=5 2 3 4 20 -7 -8 12 9 10 -12 -13 15 18 -16 16 -18 -19 -20 -21 -22 -23 -24 29 -26 26 -28 28 -30 -31
leaf_value=0.00092837901907119602 0.0014805519370507006 0.00040314102299701486 -2.7399340236875349e-05 -0.012006332178831479 0.0059901854475188799 -0.011363869831191316 0.0009157272764817049 0.014235310380026931 -0.011299065792034525 -0.020948326651424626 -0.0012234746803937667 0.0047904242213064833 -0.001475947658164248 -0.0015090304305483411 0.00088465772501546299 0.0069133964876774605 0.00047077362432563466 0.0035759055433854385 -0.00017079695243786387 0.0029389992316058359 0.018395112488218353 -0.0044864608875184019 -0.0032012428040417988 0 0.0056748172128902397 0.01856419290612701 0.0022670003221457831 0.025958723895120151 0.0068568225718591723 0.0051344645743583049
leaf_weight=23759 1055 901 11590 137 533 104 1296 339 300 378 247 382 22084 61668 10598 1024 63133 1693 35925 8957 426 813 1551 1410 1120 548 347 118 472 2637
leaf_count=23759 1055 901 11590 137 533 104 1296 339 300 378 247 382 22084 61668 10598 1024 63133 1693 35925 8957 426 813 1551 1410 1120 548 347 118 472 2637
internal_value=2.60488e-05 -5.54902e-05 -0.000265428 0.00137349 0.00863064 0.0052828 0.00586852 -0.000421043 -0.00448059 -0.00802868 -0.0138978 -0.00197999 -0.00037344 -0.000777748 0.00135108 0.000122218 0.0005804 -0.00110093 -0.00101962 0.00126667 0.0120703 0.000894437 0.000661144 0.00117842 0.000459637 0.00825153 0.0127611 0.00549397 0.0118949 0.0033487
internal_weight=255545 251605 217338 18666 1096 3940 3836 198672 2208 1307 625 682 196464 108530 10937 87934 64157 23777 97593 34267 959 17570 25310 16757 12710 2540 895 1645 590 4047
internal_count=255545 251605 217338 18666 1096 3940 3836 198672 2208 1307 625 682 196464 108530 10937 87934 64157 23777 97593 34267 959 17570 25310 16757 12710 2540 895 1645 590 4047
is_linear=0
shrinkage=0.03


Tree=7
num_leaves=31
num_cat=0
split_feature=16 26 40 86 24 52 33 32 42 24 86 118 49 39 29 30 1 117 80 138 151 1 5 14 2 121 30 42 44 138
split_gain=107.262 74.7542 74.5193 70.2955 56.4968 54.9182 45.2047 53.8132 106.916 59.5518 52.5426 48.022 106.626 60.484 57.7163 50.6904 43.0884 76.5523 42.6529 42.4473 40.7395 40.5259 38.5736 36.9389 36.3251 36.1527 36.9917 35.5708 39.5011 33.6664
threshold=1.2217961549758913 0.021813971921801571 -0.031314985826611512 0.65000000596046459 0.043029993772506721 0.76662477850914013 0.24902608245611194 -0.0036012687487527724 -0.0014562382712028918 0.056208917871117599 -0.58333334326744068 0.33333341777324682 0.90957370400428783 -0.015243297908455132 -0.00040951419214252377 0.0092141665518283861 0.053658556193113334 0.3709776252508164 0.47499999403953558 0.61764490604400646 0.49350029230117803 0.036217371001839645 0.0052957269363105306 1.007720470428467 -0.90476253628730763 0.42209629714488989 -0.001200498081743717 -0.10343208909034728 1.0437740087509157 0.79270884394645702
decision_type=10 10 8 2 10 10 8 10 10 10 2 8 10 10 10 10 10 10 2 10 10 10 10 8 10 10 8 10 10 10
left_child=1 21 3 24 5 22 7 8 9 -4 -10 13 18 -8 -14 -15 19 -18 -13 20 -2 23 -5 -1 -3 -23 -27 29 -29 -9
right_child=16 2 6 4 -6 -7 11 27 10 -11 -12 12 14 15 -16 -17 17 -19 -20 -21 -22 25 -24 -25 -26 26 -28 28 -30 -31
leaf_value=0.0013220689831186633 -0.013061357363608804 -0.0042696635213025514 -0.0092068639418116851 0.0033258195996995425 -0.0052533423978280364 0.003291941746140125 0.0049816989381467379 0.014819740869507596 0.0087501029659918135 0.01199555661267139 0.0010202643198654415 0.011280832749933323 -0.00069087755497135891 -0.0011252687631264644 0.0012749470134261456 -0.0069564060662203756 0.018189975723651441 0.0026236689147567964 0.0023143468692729493 0.0043978920255019222 0.0026969457867524614 0.0028652089621974356 0.015606761743909226 0 0.00077618797011159328 0.00046759515777805593 -0.0088308378509827888 -0.0012779272162669946 -0.0033303187030761378 -0.00049189295263294081
leaf_weight=44053 257 1403 950 457 429 2906 1376 202 1359 107 2118 1000 41994 41128 19725 1393 519 735 1119 2210 253 538 720 34209 12537 498 1084 27457 12782 223
leaf_count=44053 257 1403 950 457 429 2906 1376 202 1359 107 2118 1000 41994 41128 19725 1393 519 735 1119 2210 253 538 720 34209 12537 498 1084 27457 12782 223
internal_value=-4.10335e-05 -0.000119568 -0.00047458 0.00131982 0.00456948 0.00569526 -0.000693188 -0.00149138 0.00156796 -0.00659909 0.00416006 -0.000355322 0.000165833 -0.00111978 -5.75439e-05 -0.00132653 0.00483496 0.00948608 0.00675198 0.00252758 -0.00487119 0.000633563 0.0112242 0.000747912 0.000241466 -0.00341507 -0.00574721 -0.00184048 -0.00193866 0.00645046
internal_weight=255741 251767 171385 18452 4512 4083 152933 45198 4534 1057 3477 107735 63838 43897 61719 42521 3974 1254 2119 2720 510 80382 1177 78262 13940 2120 1582 40664 40239 425
internal_count=255741 251767 171385 18452 4512 4083 152933 45198 4534 1057 3477 107735 63838 43897 61719 42521 3974 1254 2119 2720 510 80382 1177 78262 13940 2120 1582 40664 40239 425
is_linear=0
shrinkage=0.03


Tree=8
num_leaves=31
num_cat=0
split_feature=16 30 16 39 17 33 43 41 85 79 39 120 74 56 17 29 37 17 18 39 16 23 36 141 114 39 68 14 111 88
split_gain=112.972 76.4056 74.4127 57.6022 50.9233 40.5641 67.2994 58.4273 74.1225 43.4723 50.0429 39.8879 43.3297 57.7715 46.495 42.3117 100.995 92.6739 45.9974 43.8224 41.2322 38.2442 41.9918 46.4591 37.6733 36.6905 36.2213 35.965 50.7943 39.6734
threshold=1.2217961549758913 -0.00073484188760630776 0.93234935402870189 0.022164302878081802 0.82625856995582592 0.34123358130455023 1.0348431468009951 0.049656229093670852 0.82500001788139354 0.15000000223517421 0.0079419440589845198 0.70247909426689159 0.25000000745058065 1.1585621237754824 1.1569750905036928 -0.0035890409490093584 0.73069125413894664 1.0600298047065737 1.0043552517890932 0.036403991281986244 1.1005720496177676 0.017364542931318287 0.80070549249649059 0.85481849312782299 0.2745096236467362 -0.019969322718679901 0.35897386074066168 0.90703368186950695 0.1695402339100838 0.060147006064653404
decision_type=10 8 8 10 8 8 8 10 2 2 10 10 2 10 10 10 10 10 10 10 8 10 10 10 10 10 10 8 2 10
left_child=1 2 3 26 -5 6 27 -7 9 10 -9 15 14 -14 -13 17 -17 18 -4 -19 -18 -2 -23 -24 -15 -16 -1 28 29 -3
right_child=21 5 11 4 -6 7 -8 8 -10 -11 -12 12 13 24 25 16 20 19 -20 -21 -22 22 23 -25 -26 -27 -28 -29 -30 -31
leaf_value=-0.0088681264520214936 -0.0011027435786392298 0 -0.0018088767273101497 0 -0.020671879422942813 0.00095562529670737751 -0.002865638466156264 -0.0014981991817984437 -0.0091051483584633584 -0.002962647523547047 0.007273323392923082 0.00079020529091472578 0.0015654658727816222 0.0013859638095363542 -0.011507471980797702 -0.00098947024562714872 0.00097696571961314576 -0.0037758250401348798 0.0012896306682166772 0.0022601842486462678 0.0049551543716588407 0.002647484186998996 0.00075458240521913196 0.012815934546020856 0.015720841275183726 -0.0019175186224666295 0 1.0904197839516356e-05 -0.0015588331782728571 0.016245919182240796
leaf_weight=640 675 231 8023 168 360 86782 7788 1162 1086 2827 1068 10224 4684 330 417 42949 8711 14642 9234 1092 3347 1645 450 1207 470 3014 1289 40345 462 411
leaf_count=640 675 231 8023 168 360 86782 7788 1162 1086 2827 1068 10224 4684 330 417 42949 8711 14642 9234 1092 3347 1645 450 1207 470 3014 1289 40345 462 411
internal_value=3.99083e-06 -7.42755e-05 -0.000670448 -0.00582398 -0.0145838 0.000383239 -0.000308547 0.000753002 -0.00205459 -0.000451478 0.00259667 -0.000548396 0.000683783 0.00293464 -0.000201218 -0.000819889 -0.000303536 -0.00167103 -0.000133967 -0.00333552 0.00211243 0.00500912 0.00634794 0.00976733 0.0103516 -0.00322994 -0.00314729 0.00016583 0.00545966 0.010858
internal_weight=255733 251756 109594 2457 528 142162 49237 92925 6143 5057 2230 107137 19139 5484 13655 87998 55007 32991 17257 15734 12058 3977 3302 1657 800 3431 1929 41449 1104 642
internal_count=255733 251756 109594 2457 528 142162 49237 92925 6143 5057 2230 107137 19139 5484 13655 87998 55007 32991 17257 15734 12058 3977 3302 1657 800 3431 1929 41449 1104 642
is_linear=0
shrinkage=0.03


end of trees

feature_importances:
ROC30=16
RSQR5=14
KLEN=12
BETA20=10
IMXD30=9
STD20=8
ROC60=7
STD30=7
RESI10=7
HIGH0=6
IMIN20=6
OPEN0=5
ROC10=5
ROC20=5
BETA10=5
RESI30=5
RESI60=5
MAX10=5
MIN60=5
IMXD10=5
WVMA20=5
MA5=4
RSQR30=4
RSQR60=4
RESI20=4
CNTD30=4
WVMA5=4
KUP2=3
STD5=3
STD10=3
STD60=3
BETA60=3
RSQR20=3
MAX20=3
MIN10=3
QTLD5=3
IMXD20=3
SUMP60=3
SUMN5=3
SUMN20=3
MAX5=2
QTLD10=2
QTLD20=2
RANK60=2
RSV30=2
IMAX60=2
IMXD5=2
SUMP10=2
VSTD60=2
WVMA30=2
KMID=1
KMID2=1
KUP=1
KLOW=1
KLOW2=1
KSFT=1
MA30=1
RSQR10=1
RESI5=1
MAX60=1
MIN5=1
QTLU5=1
QTLU10=1
QTLU20=1
QTLU30=1
QTLU60=1
QTLD60=1
RSV5=1
IMAX10=1
IMIN5=1
IMIN10=1
IMIN30=1
IMIN60=1
CORR5=1
CNTP10=1
CNTP60=1
CNTN30=1
CNTD5=1
SUMP20=1
SUMN10=1
SUMN30=1
SUMN60=1
SUMD5=1
SUMD20=1
VSUMN30=1

parameters:
[boosting: gbdt]
[objective: regression]
[metric: l2]
[tree_learner: serial]
[device_type: gpu]
[data_sample_strategy: bagging]
[data: ]
[valid: ]
[num_iterations: 500]
[learning_rate: 0.03]
[num_leaves: 31]
[num_threads: 12]
[seed: 20260814]
[deterministic: 0]
[force_col_wise: 1]
[force_row_wise: 0]
[histogram_pool_size: -1]
[max_depth: 7]
[min_data_in_leaf: 100]
[min_sum_hessian_in_leaf: 0.001]
[bagging_fraction: 0.8]
[pos_bagging_fraction: 1]
[neg_bagging_fraction: 1]
[bagging_freq: 1]
[bagging_seed: 20260814]
[bagging_by_query: 0]
[feature_fraction: 0.8]
[feature_fraction_bynode: 1]
[feature_fraction_seed: 20260814]
[extra_trees: 0]
[extra_seed: 17475]
[early_stopping_round: 0]
[early_stopping_min_delta: 0]
[first_metric_only: 0]
[max_delta_step: 0]
[lambda_l1: 10]
[lambda_l2: 20]
[linear_lambda: 0]
[min_gain_to_split: 0]
[drop_rate: 0.1]
[max_drop: 50]
[skip_drop: 0.5]
[xgboost_dart_mode: 0]
[uniform_drop: 0]
[drop_seed: 29730]
[top_rate: 0.2]
[other_rate: 0.1]
[min_data_per_group: 100]
[max_cat_threshold: 32]
[cat_l2: 10]
[cat_smooth: 10]
[max_cat_to_onehot: 4]
[top_k: 20]
[monotone_constraints: ]
[monotone_constraints_method: basic]
[monotone_penalty: 0]
[feature_contri: ]
[forcedsplits_filename: ]
[refit_decay_rate: 0.9]
[cegb_tradeoff: 1]
[cegb_penalty_split: 0]
[cegb_penalty_feature_lazy: ]
[cegb_penalty_feature_coupled: ]
[path_smooth: 0]
[interaction_constraints: ]
[verbosity: 1]
[saved_feature_importance_type: 0]
[use_quantized_grad: 0]
[num_grad_quant_bins: 4]
[quant_train_renew_leaf: 0]
[stochastic_rounding: 1]
[linear_tree: 0]
[max_bin: 63]
[max_bin_by_feature: ]
[min_data_in_bin: 3]
[bin_construct_sample_cnt: 200000]
[data_random_seed: 20260812]
[is_enable_sparse: 1]
[enable_bundle: 1]
[use_missing: 1]
[zero_as_missing: 0]
[feature_pre_filter: 1]
[pre_partition: 0]
[two_round: 0]
[header: 0]
[label_column: ]
[weight_column: ]
[group_column: ]
[ignore_column: ]
[categorical_feature: ]
[forcedbins_filename: ]
[precise_float_parser: 0]
[parser_config_file: ]
[objective_seed: 27057]
[num_class: 1]
[is_unbalance: 0]
[scale_pos_weight: 1]
[sigmoid: 1]
[boost_from_average: 1]
[reg_sqrt: 0]
[alpha: 0.9]
[fair_c: 1]
[poisson_max_delta_step: 0.7]
[tweedie_variance_power: 1.5]
[lambdarank_truncation_level: 30]
[lambdarank_norm: 1]
[label_gain: ]
[lambdarank_position_bias_regularization: 0]
[eval_at: ]
[multi_error_top_k: 1]
[auc_mu_weights: ]
[num_machines: 1]
[local_listen_port: 12400]
[time_out: 120]
[machine_list_filename: ]
[machines: ]
[gpu_platform_id: 0]
[gpu_device_id: 0]
[gpu_use_dp: 1]
[num_gpu: 1]

end of parameters

pandas_categorical:null
