tree
version=v4
num_class=1
num_tree_per_iteration=1
label_index=0
max_feature_idx=359
objective=regression
feature_names=CLOSE59 CLOSE58 CLOSE57 CLOSE56 CLOSE55 CLOSE54 CLOSE53 CLOSE52 CLOSE51 CLOSE50 CLOSE49 CLOSE48 CLOSE47 CLOSE46 CLOSE45 CLOSE44 CLOSE43 CLOSE42 CLOSE41 CLOSE40 CLOSE39 CLOSE38 CLOSE37 CLOSE36 CLOSE35 CLOSE34 CLOSE33 CLOSE32 CLOSE31 CLOSE30 CLOSE29 CLOSE28 CLOSE27 CLOSE26 CLOSE25 CLOSE24 CLOSE23 CLOSE22 CLOSE21 CLOSE20 CLOSE19 CLOSE18 CLOSE17 CLOSE16 CLOSE15 CLOSE14 CLOSE13 CLOSE12 CLOSE11 CLOSE10 CLOSE9 CLOSE8 CLOSE7 CLOSE6 CLOSE5 CLOSE4 CLOSE3 CLOSE2 CLOSE1 CLOSE0 OPEN59 OPEN58 OPEN57 OPEN56 OPEN55 OPEN54 OPEN53 OPEN52 OPEN51 OPEN50 OPEN49 OPEN48 OPEN47 OPEN46 OPEN45 OPEN44 OPEN43 OPEN42 OPEN41 OPEN40 OPEN39 OPEN38 OPEN37 OPEN36 OPEN35 OPEN34 OPEN33 OPEN32 OPEN31 OPEN30 OPEN29 OPEN28 OPEN27 OPEN26 OPEN25 OPEN24 OPEN23 OPEN22 OPEN21 OPEN20 OPEN19 OPEN18 OPEN17 OPEN16 OPEN15 OPEN14 OPEN13 OPEN12 OPEN11 OPEN10 OPEN9 OPEN8 OPEN7 OPEN6 OPEN5 OPEN4 OPEN3 OPEN2 OPEN1 OPEN0 HIGH59 HIGH58 HIGH57 HIGH56 HIGH55 HIGH54 HIGH53 HIGH52 HIGH51 HIGH50 HIGH49 HIGH48 HIGH47 HIGH46 HIGH45 HIGH44 HIGH43 HIGH42 HIGH41 HIGH40 HIGH39 HIGH38 HIGH37 HIGH36 HIGH35 HIGH34 HIGH33 HIGH32 HIGH31 HIGH30 HIGH29 HIGH28 HIGH27 HIGH26 HIGH25 HIGH24 HIGH23 HIGH22 HIGH21 HIGH20 HIGH19 HIGH18 HIGH17 HIGH16 HIGH15 HIGH14 HIGH13 HIGH12 HIGH11 HIGH10 HIGH9 HIGH8 HIGH7 HIGH6 HIGH5 HIGH4 HIGH3 HIGH2 HIGH1 HIGH0 LOW59 LOW58 LOW57 LOW56 LOW55 LOW54 LOW53 LOW52 LOW51 LOW50 LOW49 LOW48 LOW47 LOW46 LOW45 LOW44 LOW43 LOW42 LOW41 LOW40 LOW39 LOW38 LOW37 LOW36 LOW35 LOW34 LOW33 LOW32 LOW31 LOW30 LOW29 LOW28 LOW27 LOW26 LOW25 LOW24 LOW23 LOW22 LOW21 LOW20 LOW19 LOW18 LOW17 LOW16 LOW15 LOW14 LOW13 LOW12 LOW11 LOW10 LOW9 LOW8 LOW7 LOW6 LOW5 LOW4 LOW3 LOW2 LOW1 LOW0 VWAP59 VWAP58 VWAP57 VWAP56 VWAP55 VWAP54 VWAP53 VWAP52 VWAP51 VWAP50 VWAP49 VWAP48 VWAP47 VWAP46 VWAP45 VWAP44 VWAP43 VWAP42 VWAP41 VWAP40 VWAP39 VWAP38 VWAP37 VWAP36 VWAP35 VWAP34 VWAP33 VWAP32 VWAP31 VWAP30 VWAP29 VWAP28 VWAP27 VWAP26 VWAP25 VWAP24 VWAP23 VWAP22 VWAP21 VWAP20 VWAP19 VWAP18 VWAP17 VWAP16 VWAP15 VWAP14 VWAP13 VWAP12 VWAP11 VWAP10 VWAP9 VWAP8 VWAP7 VWAP6 VWAP5 VWAP4 VWAP3 VWAP2 VWAP1 VWAP0 VOLUME59 VOLUME58 VOLUME57 VOLUME56 VOLUME55 VOLUME54 VOLUME53 VOLUME52 VOLUME51 VOLUME50 VOLUME49 VOLUME48 VOLUME47 VOLUME46 VOLUME45 VOLUME44 VOLUME43 VOLUME42 VOLUME41 VOLUME40 VOLUME39 VOLUME38 VOLUME37 VOLUME36 VOLUME35 VOLUME34 VOLUME33 VOLUME32 VOLUME31 VOLUME30 VOLUME29 VOLUME28 VOLUME27 VOLUME26 VOLUME25 VOLUME24 VOLUME23 VOLUME22 VOLUME21 VOLUME20 VOLUME19 VOLUME18 VOLUME17 VOLUME16 VOLUME15 VOLUME14 VOLUME13 VOLUME12 VOLUME11 VOLUME10 VOLUME9 VOLUME8 VOLUME7 VOLUME6 VOLUME5 VOLUME4 VOLUME3 VOLUME2 VOLUME1 VOLUME0
feature_infos=[-4.4904155731201172:12.207799911499023] [-4.5232486724853516:12.317498207092285] [-4.5596213340759277:12.828096389770508] [-4.6336784362792969:11.230463981628418] [-4.6511387825012207:9.5628328323364258] [-4.7200074195861816:11.414474487304688] [-4.6992378234863281:9.6098718643188477] [-4.8582911491394043:9.3752841949462891] [-4.9000072479248047:9.9280281066894531] [-4.896306037902832:11.904008865356445] [-4.9988784790039062:14.104987144470215] [-5.0850915908813477:14.119842529296875] [-5.0747823715209961:13.772034645080566] [-5.1256499290466309:16.204652786254883] [-5.2347016334533691:13.829370498657227] [-5.2960891723632812:11.665279388427734] [-5.2903070449829102:9.6957082748413086] [-5.2237458229064941:11.266861915588379] [-5.377655029296875:10.175777435302734] [-5.3856625556945801:8.7040243148803711] [-5.4613652229309082:7.8706173896789551] [-5.4363861083984375:8.6125421524047852] [-5.5281996726989746:10.193233489990234] [-5.6301445960998535:12.366391181945801] [-5.6593670845031738:12.926149368286133] [-5.7637081146240234:15.240093231201172] [-5.8010082244873047:12.846419334411621] [-5.9480853080749512:13.291098594665527] [-6.008112907409668:15.886442184448242] [-5.9089851379394531:18.826955795288086] [-5.9339718818664551:22.135293960571289] [-6.0201334953308105:19.116195678710938] [-5.7380666732788086:16.326665878295898] [-5.8209037780761719:19.41926383972168] [-5.7307333946228027:16.624153137207031] [-5.9011273384094238:17.179410934448242] [-6.0772461891174316:14.563096046447754] [-6.1608285903930664:13.83275032043457] [-6.3581118583679199:12.99347972869873] [-6.4696846008300781:13.138708114624023] [-6.7489876747131348:12.596780776977539] [-6.9109148979187012:12.885946273803711] [-6.8769254684448242:13.091307640075684] [-6.9186525344848633:13.254171371459961] [-7.1225705146789551:13.551502227783203] [-7.2040390968322754:13.064685821533203] [-7.4665942192077637:13.749843597412109] [-7.6629085540771484:13.28919792175293] [-8.0684852600097656:12.57823371887207] [-8.5505504608154297:12.936747550964355] [-9.04193115234375:13.933615684509277] [-9.5043439865112305:13.491730690002441] [-10.170346260070801:13.854236602783203] [-10.937721252441406:12.984281539916992] [-11.082827568054199:18.256818771362305] [-12.073580741882324:15.396571159362793] [-13.290007591247559:13.083724975585938] [-12.767669677734375:11.748091697692871] [-9.9642553329467773:14.820465087890625] [0:1] [-4.5060877799987793:10.705911636352539] [-4.4776420593261719:10.959723472595215] [-4.515477180480957:11.38120174407959] [-4.5564994812011719:10.736789703369141] [-4.625274658203125:9.7896089553833008] [-4.6482138633728027:10.053220748901367] [-4.7114391326904297:9.4435482025146484] [-4.7027239799499512:9.4323110580444336] [-4.8496193885803223:9.4201259613037109] [-4.9042034149169922:9.3488006591796875] [-4.9245200157165527:12.511114120483398] [-4.9960603713989258:12.523300170898438] [-5.0765318870544434:12.193946838378906] [-5.0853605270385742:14.438279151916504] [-5.155064582824707:13.691545486450195] [-5.2324051856994629:11.543551445007324] [-5.3199162483215332:9.5886726379394531] [-5.2885246276855469:8.125065803527832] [-5.2236328125:9.9871940612792969] [-5.3762741088867188:8.426274299621582] [-5.425600528717041:8.7311592102050781] [-5.4177160263061523:7.4519734382629395] [-5.3963432312011719:8.3741331100463867] [-5.5605716705322266:10.789878845214844] [-5.6501178741455078:11.296235084533691] [-5.6563630104064941:13.41217041015625] [-5.7210769653320312:12.685262680053711] [-5.7975735664367676:11.593866348266602] [-5.9451594352722168:13.167995452880859] [-5.9782185554504395:15.059138298034668] [-5.9085993766784668:19.713329315185547] [-5.9347414970397949:18.833087921142578] [-5.9563493728637695:16.093364715576172] [-5.7373237609863281:17.154552459716797] [-5.7753462791442871:16.340280532836914] [-5.7046017646789551:15.01935863494873] [-5.9531879425048828:14.277485847473145] [-6.1118583679199219:12.828607559204102] [-6.1671147346496582:12.212607383728027] [-6.3014988899230957:12.68026065826416] [-6.4790725708007812:12.905065536499023] [-6.7568697929382324:12.641118049621582] [-6.8751320838928223:12.868398666381836] [-6.8767905235290527:13.12968635559082] [-6.9294295310974121:13.376042366027832] [-7.0387058258056641:13.59478759765625] [-7.2207942008972168:13.078981399536133] [-7.5001106262207031:13.548933029174805] [-7.6675534248352051:13.344855308532715] [-8.1018466949462891:12.726864814758301] [-8.5933170318603516:13.178141593933105] [-8.9368419647216797:14.152790069580078] [-9.4647960662841797:12.235870361328125] [-10.281223297119141:10.901738166809082] [-10.901007652282715:11.066193580627441] [-11.103601455688477:13.903392791748047] [-12.210824012756348:11.473542213439941] [-13.163003921508789:12.69507884979248] [-12.045253753662109:13.387150764465332] [-11.330784797668457:13.05804443359375] [-4.4694552421569824:12.364547729492188] [-4.5065441131591797:12.475584030151367] [-4.5342764854431152:12.552258491516113] [-4.614220142364502:11.467157363891602] [-4.6605353355407715:9.7191200256347656] [-4.7014274597167969:11.157842636108398] [-4.6744346618652344:9.7485008239746094] [-4.7516059875488281:9.3603830337524414] [-4.8161330223083496:9.6873931884765625] [-4.879483699798584:11.628432273864746] [-4.950554370880127:13.794612884521484] [-5.0396823883056641:13.809728622436523] [-5.0407071113586426:13.465097427368164] [-5.1080689430236816:15.858750343322754] [-5.1834869384765625:13.516513824462891] [-5.2806301116943359:11.381366729736328] [-5.2730488777160645:9.4378576278686523] [-5.1841301918029785:11.404111862182617] [-5.260861873626709:10.971304893493652] [-5.3813142776489258:10.426162719726562] [-5.4248251914978027:8.6595821380615234] [-5.4215583801269531:8.6486663818359375] [-5.4711065292358398:9.9189023971557617] [-5.5930747985839844:12.057721138000488] [-5.6625690460205078:12.601513862609863] [-5.7410435676574707:14.864160537719727] [-5.7670345306396484:12.517831802368164] [-5.8784995079040527:12.960195541381836] [-6.0144743919372559:15.515985488891602] [-5.9076542854309082:18.397211074829102] [-5.9397273063659668:21.642131805419922] [-5.9762492179870605:18.663383483886719] [-5.7502484321594238:15.929986953735352] [-5.8212075233459473:18.964868545532227] [-5.6945705413818359:16.203899383544922] [-5.7385001182556152:16.747577667236328] [-6.0227470397949219:15.105884552001953] [-6.1280398368835449:13.969944953918457] [-6.3203849792480469:13.583281517028809] [-6.4115762710571289:13.272178649902344] [-6.6393833160400391:12.917142868041992] [-6.9075002670288086:12.775017738342285] [-6.8597655296325684:12.863348960876465] [-6.9257116317749023:13.397958755493164] [-7.0508217811584473:13.689351081848145] [-7.1778035163879395:13.560194969177246] [-7.4344058036804199:13.299524307250977] [-7.6260838508605957:13.969143867492676] [-7.8991255760192871:13.379057884216309] [-8.4126701354980469:13.358641624450684] [-8.9342136383056641:13.383628845214844] [-9.3077974319458008:14.836186408996582] [-9.9708642959594727:13.20805549621582] [-10.729340553283691:12.717198371887207] [-10.871740341186523:17.252283096313477] [-11.412809371948242:14.353494644165039] [-12.802080154418945:12.82408332824707] [-12.016819953918457:17.571023941040039] [-8.8328723907470703:16.732889175415039] [-0.9664994478225708:18.150262832641602] [-4.509951114654541:10.970551490783691] [-4.4893026351928711:10.572331428527832] [-4.5212345123291016:11.663507461547852] [-4.6033682823181152:11.011089324951172] [-4.6560182571411133:9.5434284210205078] [-4.6723294258117676:10.316717147827148] [-4.7199673652648926:9.7006664276123047] [-4.8146672248840332:9.3147363662719727] [-4.8514189720153809:9.1351890563964844] [-4.8982100486755371:9.6126041412353516] [-4.9627609252929688:12.835577011108398] [-5.0531826019287109:12.846935272216797] [-5.0791473388671875:12.513778686523438] [-5.0944623947143555:14.802810668945312] [-5.1988992691040039:14.052196502685547] [-5.2982311248779297:11.868125915527344] [-5.3243680000305176:9.8822784423828125] [-5.2925944328308105:8.0626363754272461] [-5.3336315155029297:9.5021562576293945] [-5.3936553001403809:8.678898811340332] [-5.4276752471923828:7.3090300559997559] [-5.4547786712646484:7.4885468482971191] [-5.4678592681884766:8.3379850387573242] [-5.6112656593322754:11.115287780761719] [-5.7098345756530762:11.634455680847168] [-5.7502040863037109:13.802389144897461] [-5.7573409080505371:13.060978889465332] [-5.8767204284667969:11.949478149414062] [-6.0333976745605469:13.344522476196289] [-6.0230088233947754:15.493541717529297] [-5.9386749267578125:20.259696960449219] [-5.9732193946838379:19.366657257080078] [-6.0415310859680176:16.565855026245117] [-5.8352794647216797:17.650793075561523] [-5.842282772064209:16.832828521728516] [-5.8002214431762695:15.490848541259766] [-6.0294156074523926:14.7484130859375] [-6.2035160064697266:12.3193359375] [-6.2449593544006348:11.640876770019531] [-6.3707242012023926:12.700116157531738] [-6.6030707359313965:12.507758140563965] [-6.8974943161010742:12.737316131591797] [-6.9426660537719727:12.919164657592773] [-6.8843932151794434:13.194018363952637] [-6.9864888191223145:13.271907806396484] [-7.1765751838684082:12.282461166381836] [-7.3374285697937012:12.516636848449707] [-7.5778088569641113:13.330254554748535] [-7.8059706687927246:11.930482864379883] [-8.3610620498657227:11.968048095703125] [-8.7595834732055664:12.861322402954102] [-9.2837324142456055:13.049732208251953] [-9.9335489273071289:10.72990894317627] [-10.472552299499512:10.996842384338379] [-11.284056663513184:10.400058746337891] [-11.82917594909668:15.071050643920898] [-13.020894050598145:12.20367431640625] [-14.091683387756348:9.2834072113037109] [-17.09532356262207:9.2433996200561523] [-18.621809005737305:0.97749477624893188] [-4.4851565361022949:11.250247001647949] [-4.4998044967651367:11.140832901000977] [-4.5257129669189453:12.130561828613281] [-4.6108927726745605:10.811211585998535] [-4.6575088500976562:9.3570899963378906] [-4.695035457611084:10.758352279663086] [-4.7102055549621582:9.5577478408813477] [-4.7844686508178711:9.3146648406982422] [-4.8468632698059082:9.1570854187011719] [-4.8921751976013184:10.64986515045166] [-4.9702982902526855:13.342713356018066] [-5.0465164184570312:13.356831550598145] [-5.0750961303710938:13.01786994934082] [-5.108086109161377:15.364109039306641] [-5.2056975364685059:13.80452823638916] [-5.2899789810180664:11.642142295837402] [-5.3154764175415039:9.6744718551635742] [-5.2443265914916992:9.6650094985961914] [-5.3128485679626465:10.191084861755371] [-5.3990697860717773:9.0887775421142578] [-5.4501681327819824:8.1712169647216797] [-5.4283246994018555:8.075596809387207] [-5.4640283584594727:8.9648656845092773] [-5.6155581474304199:11.617894172668457] [-5.6817092895507812:12.15272331237793] [-5.7364325523376465:14.375732421875] [-5.7794094085693359:12.817586898803711] [-5.8947405815124512:12.484643936157227] [-6.0207681655883789:14.530891418457031] [-5.9752917289733887:17.006471633911133] [-5.9518251419067383:21.013839721679688] [-5.9984264373779297:19.063619613647461] [-5.8605942726135254:16.288663864135742] [-5.8234906196594238:18.369888305664062] [-5.769096851348877:16.566127777099609] [-5.8080649375915527:16.17707633972168] [-6.0472779273986816:14.500238418579102] [-6.1795253753662109:12.158082008361816] [-6.3032870292663574:12.574977874755859] [-6.4212551116943359:13.015398979187012] [-6.6533603668212891:12.803818702697754] [-6.9075193405151367:12.833154678344727] [-6.9041876792907715:12.909438133239746] [-6.9317159652709961:13.225727081298828] [-7.0699520111083984:13.564881324768066] [-7.1657681465148926:13.076746940612793] [-7.4217629432678223:12.957056045532227] [-7.6558694839477539:13.652429580688477] [-7.9180240631103516:12.703413963317871] [-8.4232568740844727:12.459072113037109] [-8.9301271438598633:13.267132759094238] [-9.3723907470703125:14.0672607421875] [-10.001141548156738:11.75190258026123] [-10.776379585266113:10.828951835632324] [-11.225838661193848:13.92197322845459] [-11.705896377563477:15.008130073547363] [-13.201790809631348:12.156516075134277] [-13.247754096984863:12.385733604431152] [-12.01241397857666:11.325177192687988] [-11.108595848083496:12.819646835327148] [-0.023151803761720657:320.79556274414062] [-0.023552883416414261:342.58062744140625] [-0.024514675140380859:319.25338745117188] [-0.025893921032547951:317.08056640625] [-0.025641471147537231:420.46987915039062] [-0.036820705980062485:140.58912658691406] [-0.019704068079590797:399.36898803710938] [-0.027579342946410179:149.06684875488281] [-0.032341785728931427:134.7333984375] [-0.029248002916574478:155.65849304199219] [-0.026169661432504654:319.512939453125] [-0.024268930777907372:351.22409057617188] [-0.02471037395298481:370.87823486328125] [-0.022950077429413795:385.64321899414062] [-0.022395225241780281:386.80337524414062] [-0.023825481534004211:379.16131591796875] [-0.015462658368051052:198.29983520507812] [-0.023323949426412582:336.31124877929688] [-0.015774592757225037:234.04183959960938] [-0.018414083868265152:277.28448486328125] [-0.025623979046940804:413.89871215820312] [-0.026942715048789978:458.59365844726562] [-0.022823723033070564:376.15072631835938] [-0.03072655200958252:352.529052734375] [-0.026520777493715286:444.79776000976562] [-0.02059701643884182:385.6285400390625] [-0.026999535039067268:455.86917114257812] [-0.022171834483742714:371.3687744140625] [-0.016349649056792259:462.75802612304688] [-0.024673076346516609:413.50241088867188] [-0.018979929387569427:379.58163452148438] [-0.014445589855313301:267.478759765625] [-0.035802990198135376:390.68917846679688] [-0.019427074119448662:289.63323974609375] [-0.022304005920886993:333.93392944335938] [-0.02372928149998188:377.6591796875] [-0.0097173424437642097:128.033935546875] [-0.022759448736906052:340.16921997070312] [-0.010578913614153862:124.95587921142578] [-0.020813301205635071:412.00271606445312] [-0.013653680682182312:173.86936950683594] [-0.011283853091299534:157.67851257324219] [-0.01480985339730978:225.16484069824219] [-0.017652995884418488:297.6595458984375] [-0.0095784598961472511:167.72279357910156] [-0.011939272284507751:135.77664184570312] [-0.017059490084648132:362.34173583984375] [-0.016829557716846466:191.77696228027344] [-0.012630914337933064:248.39170837402344] [-0.013145782984793186:433.60562133789062] [-0.018381858244538307:197.36744689941406] [-0.0091012157499790192:187.41542053222656] [-0.019375069066882133:449.85595703125] [-0.033517889678478241:157.14990234375] [-0.011998369358479977:467.15005493164062] [-0.010289213620126247:490.4542236328125] [-0.019199203699827194:267.81991577148438] [-0.018684670329093933:22.048089981079102] [-0.047170400619506836:67.832717895507812] [0:1]
tree_sizes=3072 3079 3038 3085 3071 3065 3081 3063 3087 3076 3041 3043 3123 3009 3064 3008 3025 3066 3092 3090 3102 3108 3090 3097 3040

Tree=0
num_leaves=31
num_cat=0
split_feature=93 161 234 208 100 37 56 235 123 299 101 292 172 293 43 108 315 112 90 257 233 236 297 232 48 238 132 50 111 58
split_gain=226.647 156.176 89.2342 236.252 107.555 201.821 124.212 112.371 97.1504 133.803 96.1725 98.9305 85.492 81.9219 81.3915 62.9167 62.5858 59.9343 129.092 64.1766 63.7505 70.0008 65.7492 58.9558 60.5406 58.5575 57.8844 55.8529 53.8892 62.3632
threshold=2.130030751228333 0.1064535714685917 1.1992532610893252 -1.8391088247299192 -2.705623865127563 -2.2530168294906612 0.47885355353355413 -0.031915763393044465 -2.6826618909835811 -1.9496388435363767 -1.5018765330314634 -1.684388995170593 -0.4322908073663711 1.8522346019744875 -0.36607210338115687 0.099555891007184996 -0.020934008993208405 0.55633777379989635 1.1766546964645388 1.7062012553215029 0.78066441416740429 -2.5898666381835933 1.0044223666191103 2.221982598304749 1.7831988930702212 -0.060037897899746888 1.475519120693207 -0.60001415014266957 1.0091433525085451 -0.85038620233535755
decision_type=2 2 2 2 2 2 2 2 2 2 2 2 2 2 2 2 2 2 2 2 2 2 2 2 2 2 2 2 2 2
left_child=1 2 4 28 6 10 7 12 9 -7 16 -12 -1 14 15 -3 -6 18 -16 -20 22 -22 -19 24 -2 -17 -10 -8 29 -4
right_child=23 13 3 -5 5 8 27 -9 26 -11 11 -13 -14 -15 17 25 -18 20 19 -21 21 -23 -24 -25 -26 -27 -28 -29 -30 -31
leaf_value=-0.0010521159187348958 0.006107355995846336 0.0013933864183534688 2.4775454454345236e-09 0.0010482236345166513 -0.00073106070240672215 0.0085733241014739631 -0.016321713792576954 0.014117012602046406 0.00023966902633919084 -0.0078644925522466293 0.037916934674134636 0.00912875646059025 -0.01117300506031039 0.0020521172714561987 -0.0010180432952578149 0.021903146181720529 0.0062908336276345312 -0.0025261599127142796 0.0013957595486312534 0.0077124626892976457 -0.019776002984595878 -0.00097130887385370038 -0.0076039251107533458 0.0100325226774583 -0.00099782966900355849 0.0027493278609646401 0.0055779604054212823 0.0032653465080372387 2.4775454454345236e-09 0.021225526382806562
leaf_weight=4292 2942 3053 166 5590 1507 504 827 349 243120 2587 140 551 917 8188 79976 276 3883 19183 6758 1896 161 34283 2692 1919 1587 375 1828 119 163 881
leaf_count=4292 2942 3053 166 5590 1507 504 827 349 243120 2587 140 551 917 8188 79976 276 3883 19183 6758 1896 161 34283 2692 1919 1587 375 1828 119 163 881
internal_value=-1.61268e-05 -0.000101785 0.000338205 0.00372893 0.000248307 0.000347001 -0.00355108 -0.0017563 0.000213138 -0.00504992 0.00573939 0.0162858 -0.0029271 -0.000853857 -0.00101619 0.0033435 0.00427667 -0.00113012 -0.000638487 0.00282886 -0.00189797 -0.00107934 -0.00317112 0.00555651 0.00355825 0.0117277 0.000281184 -0.0135307 0.015651 0.0181061
internal_weight=430713 424265 267424 6800 260624 254120 6504 5558 248039 3091 6081 691 5209 156841 148653 3704 5390 144949 88630 8654 56319 34444 21875 6448 4529 651 244948 946 1210 1047
internal_count=430713 424265 267424 6800 260624 254120 6504 5558 248039 3091 6081 691 5209 156841 148653 3704 5390 144949 88630 8654 56319 34444 21875 6448 4529 651 244948 946 1210 1047
is_linear=0
shrinkage=1


Tree=1
num_leaves=31
num_cat=0
split_feature=32 102 158 57 102 37 294 56 1 58 112 204 178 113 17 58 79 229 40 226 232 48 53 118 122 235 171 204 31 179
split_gain=224.764 169.531 100.624 97.6417 105.509 160.982 139.446 125.908 119.682 152.189 111.798 93.9983 93.1633 85.5315 103.132 88.5749 110.639 82.7982 80.0351 97.641 75.9814 105.853 88.5158 67.9767 71.7146 65.2603 62.1912 70.1978 61.8355 57.1431
threshold=2.1318826675415044 0.032469367608428008 -2.2027825117111202 1.8488304615020754 -2.7113461494445796 -2.2530168294906612 -0.83225336670875538 0.43838283419609075 -2.144117951393127 1.0825396776199343 -0.26477292180061335 -1.0199068188667295 -0.31325657665729517 1.5780028104782107 -1.4365394115447996 -0.92049512267112721 -0.069810941815376268 -0.068250939249992357 -2.2303539514541622 -0.40556862950325007 1.7727413177490237 1.7831988930702212 -0.25802296400070185 1.0972082018852236 -2.676815271377563 -1.3747863769531248 0.49566279351711279 -0.94628149271011341 -0.14011123776435849 1.2107168436050417
decision_type=2 2 2 2 2 2 2 2 2 2 2 2 2 2 2 2 2 2 2 2 2 2 2 2 2 2 2 2 2 2
left_child=1 3 -3 4 6 18 7 10 9 -7 -1 17 -8 15 28 16 -4 -5 29 -20 21 -2 -23 25 -25 -17 -16 -28 -15 -6
right_child=20 2 13 11 5 8 12 -9 -10 -11 -12 -13 -14 14 26 23 -18 -19 19 -21 -22 22 -24 24 -26 -27 27 -29 -30 -31
leaf_value=-0.0030240987062196785 0.0058650493954227967 0.014245886739350528 -0.0076249503280511072 0.0044564967122381893 0.00018664461139511937 -0.001415139318269306 0.016501854550102633 -0.022704526394360804 0.00043890735407215201 -0.012311612420772555 -0.020988817683522898 -0.00071028649293656512 0 0.0029773569374590557 0.022261264788160543 0.0036983925517769197 -0.0016766955641858978 0.01572048439857528 0.010799277507298631 -0.009297767003905404 0.0094758623564308222 0.012257265977845018 -0.0093811960260555254 0.018717463466010109 -0.0029114994471922504 -0.00069749536840742839 -0.013808044196152582 0.0010074764794837947 0.024275903839678051 0.010291563806811383
leaf_weight=4039 2692 376 3875 2253 2905 9242 384 368 222526 1318 329 1805 1213 297 102 3075 10963 857 2487 207 2651 182 868 116 15296 127132 273 12124 259 607
leaf_count=4039 2692 376 3875 2253 2905 9242 384 368 222526 1318 329 1805 1213 297 102 3075 10963 857 2487 207 2651 182 868 116 15296 127132 273 12124 259 607
internal_value=-1.27735e-05 -9.76913e-05 -0.000817901 0.000401001 0.000315718 0.000418111 -0.00349512 -0.00609951 0.000289555 -0.00282419 -0.00453508 0.00458363 0.00402272 -0.000853912 0.00147011 -0.00104503 -0.00325847 0.0077369 0.00518181 0.0090874 0.00556082 0.00267184 -0.00519115 -0.000817009 -0.00270522 -0.000590825 0.000871069 0.000635342 0.0139181 0.00206646
internal_weight=430821 424428 173888 250540 245625 239292 6333 4736 233086 10560 4368 4915 1597 173512 13055 160457 14838 3110 6206 2694 6393 3742 1050 145619 15412 130207 12499 12397 556 3512
internal_count=430821 424428 173888 250540 245625 239292 6333 4736 233086 10560 4368 4915 1597 173512 13055 160457 14838 3110 6206 2694 6393 3742 1050 145619 15412 130207 12499 12397 556 3512
is_linear=0
shrinkage=0.03


Tree=2
num_leaves=31
num_cat=0
split_feature=93 102 7 296 105 199 57 58 180 55 204 114 46 78 210 105 52 179 284 146 51 52 48 53 18 173 103 165 54 339
split_gain=222.027 186.925 118.514 159.65 80.862 79.6031 72.5344 99.6362 207.493 109.628 78.6463 98.5605 71.1507 69.327 64.9808 61.4159 73.9047 58.087 58.0323 85.6705 60.4909 55.1994 73.5961 66.0956 54.6187 53.4332 55.5337 51.8457 91.2676 50.4408
threshold=2.130030751228333 0.032469367608428008 -1.4628277420997617 0.72499513626098644 -1.1925878524780271 -1.8932140469551084 1.8488304615020754 1.8329334855079653 -2.1458063125610347 0.22644875198602679 -1.0199068188667295 0.66306865215301525 1.0693333745002749 1.7102169990539553 -2.3905712366104122 -0.098640590906143175 0.23206117004156115 -0.23278751224279401 0.36524130403995519 -0.65139231085777272 2.281894445419312 1.8537222146987917 1.7831988930702212 -0.46627905964851374 -1.9018019437789915 2.5057821273803715 0.69337928295135509 -1.3802581429481504 0.71741464734077465 -0.019589143805205819
decision_type=2 2 2 2 2 2 2 2 2 2 2 2 2 2 2 2 2 2 2 2 2 2 2 2 2 2 2 2 2 2
left_child=1 6 3 17 -4 -6 7 18 9 -9 11 27 13 -7 -13 16 -5 -3 20 24 29 22 -2 -24 -20 26 -17 28 -8 -1
right_child=21 2 4 15 5 12 10 8 -10 -11 -12 14 -14 -15 -16 25 -18 -19 19 -21 -22 -23 23 -25 -26 -27 -28 -29 -30 -31
leaf_value=-0.002583704740646447 0.0055835704446478823 -0.0036812732780996337 0.012509418376367773 0.0047634113932716023 -0.017557735683565792 -0.0014110928630420847 0.0003877150307472439 -0.024666514249393232 -0.00037409522954921429 -0.0011712064509729629 -0.00075631059552576287 0.029183331270043442 0.00027447491463292254 0.0028828671030165193 0.0094933428320346496 0.0084956723095012746 0.026518078517493018 0.0028213026469739244 -0.00027144941026985346 0 0.011571947906368223 0.0087253252149314675 0.011955720954958567 -0.007327425080394568 -0.011295492707622564 0.020794726269801857 -0.0037944639943716992 0.0077959401525382159 -0.026878173150205981 0.00056837985034398125
leaf_weight=4610 2694 2159 375 301 244 131086 786 571 2784 299 1791 185 31616 3411 1313 765 362 2838 678 3938 428 2801 168 851 1253 177 517 667 105 231038
leaf_count=4610 2694 2159 375 301 244 131086 786 571 2784 299 1791 185 31616 3411 1313 765 362 2838 678 3938 428 2801 168 851 1253 177 517 667 105 231038
internal_value=1.08231e-05 -7.29891e-05 -0.000829314 0.00294562 -0.000992626 -0.00102637 0.000450852 0.000377605 -0.00451837 -0.0171365 0.00408384 0.00700447 -0.000998166 -0.00129955 0.0124751 0.00979785 0.0175095 0 0.000453154 -0.0024797 0.000527541 0.00549946 0.00295186 -0.00369058 -0.00762103 0.00590131 0.00332679 0.00146295 -0.00301567 0.000505228
internal_weight=430811 424297 173851 7119 166732 166357 250446 245599 3654 870 4847 3056 166113 134497 1498 2122 663 4997 241945 5869 236076 6514 3713 1019 1931 1459 1282 1558 891 235648
internal_count=430811 424297 173851 7119 166732 166357 250446 245599 3654 870 4847 3056 166113 134497 1498 2122 663 4997 241945 5869 236076 6514 3713 1019 1931 1459 1282 1558 891 235648
is_linear=0
shrinkage=0.03


Tree=3
num_leaves=31
num_cat=0
split_feature=113 51 203 42 132 201 233 236 211 113 2 199 282 296 236 178 195 145 208 161 94 195 166 167 178 299 234 237 216 56
split_gain=202.644 157.922 173.942 98.1648 114.655 140.081 103.695 95.4821 108.862 121.21 102.755 145.07 93.4326 84.2561 81.0105 89.9667 139.163 91.3397 77.6066 69.9205 110.664 69.641 69.2022 70.4087 63.2712 62.1507 61.2482 59.4657 58.8843 55.0821
threshold=1.8583177924156191 0.22915493696928027 1.4654814004898074 2.1802957057952885 -1.3250389695167539 -2.4053090810775752 1.1970387697219851 -1.2221473455429075 -1.4660765528678892 0.7867369055747987 -2.6830145120620723 -0.77991983294486988 0.067635919898748412 0.8546048402786256 0.40097747743129736 0.36866980791091924 -2.766782164573669 0.18277643620967868 -0.86508706212043751 -2.6826281547546382 -2.3057551383972164 1.68648236989975 0.32992140948772436 0.13640183955430987 -0.20462608337402341 -1.0544645786285398 1.1992532610893252 1.2776501178741457 -0.8151859939098357 1.0212240219116213
decision_type=2 2 2 2 2 2 2 2 2 2 2 2 2 2 2 2 2 2 2 2 2 2 2 2 2 2 2 2 2 2
left_child=1 2 12 4 5 13 -7 21 9 -9 11 18 14 -2 15 17 -17 -1 -10 26 -21 -3 -14 -24 -25 -12 -16 -8 -11 -4
right_child=3 7 29 -5 -6 6 27 8 10 28 25 -13 22 -15 19 16 -18 -19 -20 20 -22 -23 23 24 -26 -27 -28 -29 -30 -31
leaf_value=0.0007495362347420617 -0.016147643315239942 -0.0073605474545750896 0.0046480288552634298 0.0078682805622789266 0.00051707485872851924 -0.0062335584861575623 0.024930820444560992 0.00022300711925515157 0.011548199600964674 0.014223832774307324 -0.0036198397995031153 0.038670286816283518 -0.0015762221091486744 0.007990207373986348 -0.012032490334030791 -0.011681743050415251 -0.0009752896657402167 -0.001404284319173885 -0.015786709617019341 0.019965395276910696 0.0019829837853282259 0.0032364039140136227 0.0058150791399678471 -0.0018865658965707042 0.0013697786204903014 -0.00087778142236311042 0.010496020663529634 0.006693263165149334 -0.0042874463096666685 0.015540049020762257
leaf_weight=142407 232 3298 4441 3606 8042 140 599 2485 252 1089 8018 119 41385 235 529 1141 21315 20139 119 296 27198 616 1993 9498 12290 118227 105 313 143 484
leaf_count=142407 232 3298 4441 3606 8042 140 599 2485 252 1089 8018 119 41385 235 529 1141 21315 20139 119 296 27198 616 1993 9498 12290 118227 105 313 143 484
internal_value=-2.59773e-05 -0.00014229 0.000258712 0.00363472 0.00199359 0.00950745 0.0155445 -0.000989681 -0.000847962 0.00418357 -0.000998535 0.0123959 0.000158492 -0.00355586 0.00046335 0.00023335 -0.00154255 0.000480698 0.00165411 0.00196419 0.00220186 -0.00560853 -0.0008338 0.000445838 -3.64251e-05 -0.00105486 -0.00763583 0.0192715 0.0118014 0.00583762
internal_weight=430754 417587 283221 13167 9561 1519 1052 134366 130452 3717 126735 490 278296 467 213130 185002 22456 162546 371 28128 27494 3914 65166 23781 21788 126245 634 912 1232 4925
internal_count=430754 417587 283221 13167 9561 1519 1052 134366 130452 3717 126735 490 278296 467 213130 185002 22456 162546 371 28128 27494 3914 65166 23781 21788 126245 634 912 1232 4925
is_linear=0
shrinkage=0.03


Tree=4
num_leaves=31
num_cat=0
split_feature=92 102 218 113 185 58 199 57 204 58 1 236 228 180 233 225 227 332 354 236 43 51 218 49 146 339 346 297 180 126
split_gain=194.414 157.56 91.455 80.8737 101.4 88.0878 113.568 70.3817 75.1421 74.8112 190.572 77.6286 72.9466 94.7128 66.7028 63.2963 59.7755 58.1796 56.8778 56.5613 54.1519 59.8423 53.2953 79.7851 52.4536 52.0829 51.0607 50.618 48.8722 66.1619
threshold=2.1374750137329106 0.032469367608428008 -2.7554876804351802 1.5780028104782107 -1.9551493525505064 -0.92049512267112721 -0.18771144747734067 1.8488304615020754 -1.0199068188667295 1.8329334855079653 -1.9457365274429319 0.43646487593650823 -1.4203357100486753 -2.3718802928924556 -2.6299608945846553 -1.6180980801582334 -1.1889778971672056 -0.0089247217401862127 -1.0000000180025095e-35 -2.0369098186492915 0.2834965735673905 2.281894445419312 1.6906276345252993 1.1079094409942629 -0.65139231085777272 -0.019589143805205819 -0.014496503397822378 -0.31277543306350702 0.30956307053565985 1.2717275619506838
decision_type=2 2 2 2 2 2 2 2 2 2 2 2 2 2 2 2 2 2 2 2 2 2 2 2 2 2 2 2 2 2
left_child=1 7 -3 5 17 6 -4 9 12 20 11 -11 13 -9 -7 -16 -13 -5 -15 -8 21 25 23 27 -22 -1 -23 -2 -6 -30
right_child=22 2 3 4 28 14 19 8 -10 10 -12 16 -14 18 15 -17 -18 -19 -20 -21 24 26 -24 -25 -26 -27 -28 -29 29 -31
leaf_value=-0.0027230530519742084 -0.0019336578142113803 0.015894168949910081 -0.0080011708187404853 0 0.0028044949919499916 0.012293597706036658 -0.0094813654580960006 -0.016067377891718842 -0.00071161793242471958 -0.019874364873376155 0.00042596623398625139 0.014032809504379446 0.010386472672303264 0.0016549862479166445 0.013414281874236805 -0.00085363613950005892 -0.010401124962820456 0.027317681076248913 0.023749229990160443 -0.0011327266104511635 -0.006564254079106469 -0.004468938931975453 0.0067370604691974071 -0.0066795293317272802 -0.00050738693779429271 0.00048169181885444846 0.016972862596947191 0.011692565044723234 -0.0037564244208129422 0.0023363784379245721
leaf_weight=4611 351 273 3450 129 6473 327 782 219 1837 731 2586 110 1908 815 258 144928 253 192 109 10683 1871 102 4786 748 4441 230933 334 579 3389 2960
leaf_count=4611 351 273 3450 129 6473 327 782 219 1837 731 2586 110 1908 815 258 144928 253 192 109 10683 1871 102 4786 748 4441 230933 334 579 3389 2960
internal_value=-2.88988e-05 -0.000108295 -0.000802917 -0.000832736 0.00141868 -0.00101921 -0.00322007 0.000371902 0.00393421 0.000299577 -0.00392725 -0.0143096 0.00681556 0.000520603 -0.000791146 -0.000824371 -0.00186747 0.017618 0.00502708 -0.00174381 0.000365332 0.000439834 0.00512568 0.000327786 -0.0023652 0.000417456 0.0113228 0.00630154 0.000962961 -0.000870347
internal_weight=431168 424704 173844 173571 13143 160428 14915 250860 4888 245972 3680 1094 3051 1143 145513 145186 363 321 924 11465 242292 235980 6464 1678 6312 235544 436 930 12822 6349
internal_count=431168 424704 173844 173571 13143 160428 14915 250860 4888 245972 3680 1094 3051 1143 145513 145186 363 321 924 11465 242292 235980 6464 1678 6312 235544 436 930 12822 6349
is_linear=0
shrinkage=0.03


Tree=5
num_leaves=31
num_cat=0
split_feature=93 102 39 293 73 284 286 171 92 5 21 299 220 176 237 172 170 234 320 233 117 275 57 267 178 39 185 232 48 200
split_gain=199.552 156.599 90.3533 92.1286 87.7464 69.0861 68.3944 68.8597 65.0486 63.4456 112.58 99.1722 97.3689 83.479 76.1926 87.9352 66.9419 132.96 136.127 63.968 103.546 91.7607 64.8895 62.2693 60.5574 71.8717 60.199 51.0372 61.2368 49.4384
threshold=2.130030751228333 0.032469367608428008 -1.5188497900962827 1.8522346019744875 -1.567773103713989 -0.76751956343650807 1.0000000180025095e-35 0.36365112662315374 -0.35188072919845576 -2.7125881910324092 -1.6692855954170225 1.116928279399872 -0.79636943340301503 0.85632660984992992 -0.52557501196861256 -0.065760899335145936 -1.9151962399482725 -2.046948909759521 -0.022864529862999913 -0.90878230333328236 -0.58263838291168202 -2.2955058813095088 -0.5867246389389037 -0.39457049965858454 2.7909538745880131 -1.6961676478385923 1.0000000180025095e-35 2.221982598304749 1.7831988930702212 -0.77945315837860096
decision_type=2 2 2 2 2 2 2 2 2 2 2 2 2 2 2 2 2 2 2 2 2 2 2 2 2 2 2 2 2 2
left_child=1 9 -3 5 8 -4 29 -8 -5 10 11 14 -12 -13 15 -1 17 18 -11 20 21 -18 -22 -6 25 -19 -25 28 -2 -7
right_child=27 2 3 4 23 6 7 -9 -10 16 12 13 -14 -15 -16 -17 19 24 -20 -21 22 -23 -24 26 -26 -27 -28 -29 -30 -31
leaf_value=0.00077547610259351364 0.0059154540042135684 0.012741754048712533 0.0075184282937560964 0 -0.0078231440123209626 -0.0058146597707942104 1.5943666903497771e-05 -0.0013412015402819962 0.026623851920863702 -0.0076088461103295162 -0.027539518187446616 -0.018012581534685504 -0.0032538787300087492 0 0.0086336651303674829 -0.01270839851413837 0.0062020402653860402 0.0019870840039310608 0.0023690824717975665 0.00060759689872315478 -0.0065324044013101122 -9.3767592721650893e-05 -0.0016268574657040931 0.0060228349135201835 0.021294975413504655 0.0090267749558237392 0.0002582741807684844 0.0093649797890382157 -0.0012759808515896652 -0.0018601689395804984
leaf_weight=2742 2929 422 833 129 553 3292 62057 72378 207 1684 271 497 384 377 868 491 2235 3053 4379 188989 3131 26388 12054 2587 217 2481 4673 1949 1565 26212
leaf_count=2742 2929 422 833 129 553 3292 62057 72378 207 1684 271 497 384 377 868 491 2235 3053 4379 188989 3131 26388 12054 2587 217 2481 4673 1949 1565 26212
internal_value=6.99078e-06 -7.21323e-05 -0.000765746 -0.000801915 0.00229741 -0.000957276 -0.00100308 -0.000712585 0.0169567 0.000407161 -0.00272799 -0.00109801 -0.0142645 -0.010178 0.000804312 -0.00124566 0.000480764 0.00268593 -0.000368877 0.000367346 -0.000662063 0.000391348 -0.00266533 0.001587 0.00594857 0.00521827 0.00236451 0.00523935 0.00335008 -0.0023152
internal_weight=430027 423584 173343 172921 8149 164772 163939 134435 336 250241 5630 4975 655 874 4101 3233 244611 11814 6063 232797 43808 28623 15185 7813 5751 5534 7260 6443 4494 29504
internal_count=430027 423584 173343 172921 8149 164772 163939 134435 336 250241 5630 4975 655 874 4101 3233 244611 11814 6063 232797 43808 28623 15185 7813 5751 5534 7260 6443 4494 29504
is_linear=0
shrinkage=0.03


Tree=6
num_leaves=31
num_cat=0
split_feature=232 51 203 115 215 110 36 102 258 230 112 172 55 22 57 166 79 158 118 177 55 102 113 183 10 236 149 225 58 251
split_gain=168.032 124.54 163.322 96.4845 183.004 97.8729 81.6809 75.0479 74.7132 67.5082 70.2076 65.7635 59.5884 148.429 77.657 61.6928 59.2854 75.6883 62.6645 58.8451 56.0038 54.9939 82.6763 54.4561 174.696 67.3781 65.3263 52.3895 51.7653 48.5574
threshold=2.221982598304749 0.26576808094978338 1.4654814004898074 -0.58579492568969715 -1.583437919616699 -0.26738294959068293 2.1429007053375249 0.032469367608428008 -2.1285164356231685 -0.38031724095344538 -0.065474942326545701 0.54361161589622509 1.56258761882782 -1.0975449681282041 1.547933876514435 0.32992140948772436 2.1204321384429936 0.58962836861610424 -1.3096992373466489 2.0545539855957036 0.50245365500450145 0.51426714658737194 0.094988033175468459 -2.6911176443099971 -0.99556317925453175 0.68058389425277721 -1.7864727973937986 1.0593830347061159 0.75511661171913158 -1.9190031290054319
decision_type=2 2 2 2 2 2 2 2 2 2 2 2 2 2 2 2 2 2 2 2 2 2 2 2 2 2 2 2 2 2
left_child=1 2 7 8 5 -5 -2 9 -3 10 20 -7 14 -14 15 -9 17 18 -10 -12 -1 28 -23 24 25 -6 -25 -28 -4 -11
right_child=6 3 21 4 23 11 -8 12 16 29 19 -13 13 -15 -16 -17 -18 -19 -20 -21 -22 22 -24 26 -26 -27 27 -29 -30 -31
leaf_value=-7.9690274908545595e-06 0.0022722320173390576 -0.015828766694762641 -0.0013952706023192404 -0.001125516181006091 -0.010939972560029218 -0.00021459012909326702 0.0095468278946609936 -0.0012565930160156934 -0.0098992752931504075 0.0056885562780125418 -0.0042289631863312192 0.013528064515315793 0.030606461666916548 -0.0025026433322185905 -0.0099766189716650518 0.00057621190196406385 0.0070374191860555534 -0.0090161133536470275 0.00098775002406132923 0.008553621270052509 0.0028788591906506317 0.010519150438506332 0 0.011753840307158625 0.039400660195131235 0.012187663257481659 -0.0012602553615977494 0.0002214370176484776 0.011010270151809914 0.0009700597783317002
leaf_weight=112176 4329 491 1415 843 236 340 2158 48231 574 2021 4969 1508 170 293 794 24867 401 1958 2227 314 6361 2515 876 343 107 182 97248 27136 357 84898
leaf_count=112176 4329 491 1415 843 236 340 2158 48231 574 2021 4969 1508 170 293 794 24867 401 1958 2227 314 6361 2515 876 343 107 182 97248 27136 357 84898
internal_value=-2.31392e-05 -9.72774e-05 0.000250803 -0.000855714 -0.000683128 0.00701671 0.00476025 0.000153762 -0.00469411 0.000443731 -3.75872e-06 0.0108638 -0.000663943 0.0097969 -0.000736182 -0.000629006 -0.00351966 -0.00449771 -0.00119131 -0.00338325 0.000144875 0.00553013 0.00777308 -0.000852045 0.00855992 -8.84132e-05 -0.000895433 -0.00093461 0.00103162 0.00108451
internal_weight=430338 423851 290257 133594 127943 2691 6487 285094 5651 210739 123820 1848 74355 463 73892 73098 5160 4759 2801 5283 118537 5163 3391 125252 525 418 124727 124384 1772 86919
internal_count=430338 423851 290257 133594 127943 2691 6487 285094 5651 210739 123820 1848 74355 463 73892 73098 5160 4759 2801 5283 118537 5163 3391 125252 525 418 124727 124384 1772 86919
is_linear=0
shrinkage=0.03


Tree=7
num_leaves=31
num_cat=0
split_feature=93 102 224 57 188 95 226 236 239 204 106 56 107 197 171 7 49 27 190 298 37 40 152 109 296 173 115 232 109 232
split_gain=164.932 127.783 94.5698 74.1772 73.3821 124.594 146.177 117.716 79.0143 73.2031 85.4134 65.7149 68.2203 70.7614 100.538 65.9519 60.7607 56.3314 118.382 111.306 107.687 158.681 83.643 61.8135 53.2022 74.4903 51.9371 50.1813 66.3142 49.121
threshold=2.130030751228333 0.032469367608428008 -1.1117488741874693 1.8488304615020754 -2.7325698137283321 -2.7773771286010738 -2.1601423025131221 1.3103042244911196 -2.4549291133880611 -1.0199068188667295 -0.93627795577049244 -1.6321120858192442 1.0906029939651491 1.7056494355201723 0.24544698745012286 -1.4628277420997617 -2.0018615722656246 -2.828880667686462 -2.4086794853210445 -2.4617047309875484 -2.2530168294906612 -2.2303539514541622 -2.7808232307434078 -1.7275045514106748 2.4911173582077031 0.6035883128643037 1.8612223863601687 1.7727413177490237 1.7891629338264468 -1.0000000180025095e-35
decision_type=2 2 2 2 2 2 2 2 2 2 2 2 2 2 2 2 2 2 2 2 2 2 2 2 2 2 2 2 2 2
left_child=1 3 -3 4 5 6 16 8 -7 10 24 29 13 15 -15 -13 -1 18 22 -20 21 -19 -6 -22 25 -5 -26 28 -2 -4
right_child=27 2 11 9 17 7 -8 -9 -10 -11 -12 12 -14 14 -16 -17 -18 20 19 -21 23 -23 -24 -25 26 -27 -28 -29 -30 -31
leaf_value=-0.0064594758060929659 0.0048147388114377597 0.010595665226328812 -0.0021306547980319505 0 0.005522402647200839 0.0021967023030778688 0.015784028620740308 0.02116172658421725 -0.0094184860400804912 -0.00060578619840897846 0.011734381269575258 0.0020950376465742378 0.00065884701349425297 0.0096894888230831845 -0.00089183466488588787 -0.001145294582099117 0.0092044579889625309 0.0013096589042458247 -0.024060896951068521 -0.0045911432434757662 0.0025210309323735382 0.011227537919424548 -0.010227151040308698 0.00023462887438845882 0.0012341192455876571 0.016911243890059421 -0.018853899616640631 0.0079679455263060844 -0.0041522589512047597 -0.010342866062413454
leaf_weight=890 2773 647 2096 813 1310 586 558 111 2915 1794 1575 5829 30710 1342 1870 130236 265 5559 353 1167 11212 1993 366 218229 219 314 175 2693 960 1041
leaf_count=890 2773 647 2096 813 1310 586 558 111 2915 1794 1575 5829 30710 1342 1870 130236 265 5559 353 1167 11212 1993 366 218229 219 314 175 2693 960 1041
internal_value=4.5503e-05 -2.61692e-05 -0.000651844 0.000406845 0.000332469 -0.0031378 0.00338622 -0.00631604 -0.00738769 0.0040634 0.0068518 -0.00069683 -0.000615091 -0.000898197 0.00346891 -0.00100399 -0.00251477 0.000410909 -0.00352217 -0.0095613 0.000465508 0.00398938 0.00182613 0.000347875 0.00151451 0.00498293 -0.00744337 0.00480847 0.00241896 -0.00499913
internal_weight=430601 424175 173771 250404 245514 5325 1713 3612 3501 4890 3096 173124 169987 139277 3212 136065 1155 240189 3196 1520 236993 7552 1676 229441 1521 1127 394 6426 3733 3137
internal_count=430601 424175 173771 250404 245514 5325 1713 3612 3501 4890 3096 173124 169987 139277 3212 136065 1155 240189 3196 1520 236993 7552 1676 229441 1521 1127 394 6426 3733 3137
is_linear=0
shrinkage=0.03


Tree=8
num_leaves=31
num_cat=0
split_feature=232 112 197 36 55 175 225 49 212 236 37 101 230 39 14 230 31 222 236 57 27 55 14 148 56 153 233 20 315 36
split_gain=181.396 107.337 152.205 98.1487 80.3708 78.9325 75.5549 83.8549 80.1269 75.3571 136.982 112.952 75.1541 75.7112 72.7196 71.8097 81.9161 86.8235 80.8108 60.7506 59.6728 58.2908 55.0718 49.6904 45.9638 49.7634 51.1818 45.7892 45.2083 64.0862
threshold=2.221982598304749 1.0000000180025095e-35 1.7056494355201723 2.1429007053375249 -1.0000000180025095e-35 -1.0000000180025095e-35 -1.6180980801582334 -1.1473207473754881 -2.349589347839355 -1.2221473455429075 -1.9561004638671873 -2.2300488948822017 0.12734415382146838 -1.6961676478385923 1.4673927426338198 -0.34353119134902949 0.64207744598388683 1.301217317581177 1.0765917301177981 -0.92044058442115773 0.90822696685791027 1.2202646732330324 -1.9193161129951475 0.99496337771415722 -1.1874104142189024 1.3204712867736819 -0.71763250231742848 2.1254072189331059 -0.022748014889657494 -1.4068368673324583
decision_type=2 2 2 2 2 2 2 2 2 2 2 2 2 2 2 2 2 2 2 2 2 2 2 2 2 2 2 2 2 2
left_child=1 2 4 -2 5 28 7 -7 -8 14 11 22 -13 -14 -3 18 21 -18 20 -4 -12 -17 -11 -21 -6 26 -26 -25 -1 -30
right_child=3 9 19 -5 24 6 8 -9 -10 10 15 12 13 -15 -16 16 17 -19 -20 23 -22 -23 -24 27 25 -27 -28 -29 29 -31
leaf_value=-0.003375975693798672 0.0022275571062530548 -0.0057450638555199014 -8.9955332720634124e-06 0.010188947849702427 0.010350352550085954 -0.016179348386963832 0.014258989797846211 0.0012658282274399444 -0.0026456645779824005 -0.0084297706710614873 -0.0057706331051543833 0.0058575475239459156 0.029028812552355229 0.0010372955118390648 0.0032509754212901782 -0.00029836207387772462 -0.0022878876067644609 0.00047619160985269335 0.0040786810225396323 0 0.0039513970084934617 0.0018419483284328887 0.005280306375435583 0.01655017769436613 -0.0014684973664778973 0.0068234471711410066 0.0013107329634118828 0.0044933776599016375 0.0015368506609360565 -0.00012071648340296548
leaf_weight=3364 4285 4452 598 2162 479 730 241 321 5279 437 5726 729 355 145 928 110048 36325 13995 1022 289 579 12750 596 993 6645 1345 50605 530 24635 140061
leaf_count=3364 4285 4452 598 2162 479 730 241 321 5279 437 5726 729 355 145 928 110048 36325 13995 1022 289 579 12750 596 993 6645 1345 50605 530 24635 140061
internal_value=-1.86162e-05 -9.53259e-05 0.000329749 0.00496705 0.000250736 -7.12505e-05 -0.00329247 -0.0106469 -0.00180465 -0.000630516 -0.000525344 0.00676798 0.0128457 0.0218403 -0.00413148 -0.000619173 -0.000493814 -0.0015133 -0.00353085 0.00780331 -0.00482074 -7.34293e-05 -0.00028465 0.0105173 0.00120735 0.00112398 0.00098251 0.0126615 5.32881e-05 0.000125555
internal_weight=430649 424202 236115 6447 233705 174631 6571 1051 5520 188087 182707 2262 1229 500 5380 180445 173118 50320 7327 2410 6305 122798 1033 1812 59074 58595 57250 1523 168060 164696
internal_count=430649 424202 236115 6447 233705 174631 6571 1051 5520 188087 182707 2262 1229 500 5380 180445 173118 50320 7327 2410 6305 122798 1033 1812 59074 58595 57250 1523 168060 164696
is_linear=0
shrinkage=0.03


Tree=9
num_leaves=31
num_cat=0
split_feature=137 102 224 224 58 7 199 296 296 102 234 37 56 169 172 36 286 1 108 131 160 226 177 199 236 297 280 20 119 210
split_gain=140.659 109.328 93.2647 85.6907 75.3639 93.5835 84.8881 83.3046 70.073 68.6137 150.469 142.65 123.224 96.1035 83.3456 79.6981 78.1972 77.5927 143.865 72.7728 69.9824 95.747 67.6314 66.1626 54.6482 52.7947 51.9609 48.8022 49.3278 55.2463
threshold=2.1444970369338994 0.032469367608428008 -1.0252794027328489 2.1531192064285283 -0.92049512267112721 -1.4628277420997617 -0.18771144747734067 0.72499513626098644 0.78677484393119823 -2.7113461494445796 1.1992532610893252 -2.2530168294906612 0.47885355353355413 -1.3295841813087461 -1.4305522441864011 -2.7375241518020625 0.82386979460716259 -2.144117951393127 1.351797938346863 -1.9035474658012388 -2.1924400329589839 -0.69589006900787342 0.27393209934234625 -1.8932140469551084 -2.0369098186492915 -1.9049146175384519 -2.7305053472518916 2.1254072189331059 -0.41216002404689783 2.0998431444168095
decision_type=2 2 2 2 2 2 2 2 2 2 2 2 2 2 2 2 2 2 2 2 2 2 2 2 2 2 2 2 2 2
left_child=1 9 -3 4 6 7 8 -6 -4 10 12 20 13 14 -1 -13 -15 18 -17 -19 -11 25 -5 -7 -8 -22 -14 -2 -29 -30
right_child=27 2 3 22 5 23 24 -9 -10 11 -12 15 26 16 -16 17 -18 19 -20 -21 21 -23 -24 -25 -26 -27 -28 28 29 -31
leaf_value=-0.0020708208525217014 0.0086913977963046143 0.009230695597710406 -0.0081613058432681695 -0.0035875018702038238 0.00049640309909701279 -0.015969489860716599 -0.0091913024648745314 0.0081229196324370048 0.0058698207234352158 0.002133378582603037 0.018045709999675322 0.020684695181950274 -0.016923845423080185 0.006959142183586898 -0.01345653241325873 -0.0028014281705133872 -0.013959893878283246 0.0038004326098275646 0.015843712561739443 0.00032376483816887213 0.0010473810213497252 -0.0055950894292112188 0.0056932128533435707 -0.00070661417160983056 -0.00095913304211112604 0.013142987230788151 0 0.0073481411221391997 -0.0048880781263412982 0.0034914153960623451
leaf_weight=3270 1805 834 3292 853 3955 238 772 1965 315 3905 279 153 767 1377 715 10820 155 5557 362 220152 466 332 3146 147669 11215 1821 238 1372 1076 1951
leaf_count=3270 1805 834 3292 853 3955 238 772 1965 315 3905 279 153 767 1377 715 10820 155 5557 362 220152 466 332 3146 147669 11215 1821 238 1372 1076 1951
internal_value=7.14857e-06 -5.77773e-05 -0.000635353 -0.000685589 -0.000789663 -0.00058553 -0.00278079 0.00309717 -0.00682764 0.000343029 -0.0026185 0.000427162 -0.00360081 -0.0017563 -0.00424558 0.000305159 0.00449674 0.000288985 -0.00214383 0.000411019 0.00479971 0.00861531 0.00363096 -0.000735358 -0.00152872 0.0108389 -0.0132018 0.004485 0.00265962 0.000401787
internal_weight=430827 424623 174254 173420 169421 153827 15594 5920 3607 250369 6801 243568 6522 5517 3985 237044 1532 236891 11182 225709 6524 2619 3999 147907 11987 2287 1005 6204 4399 3027
internal_count=430827 424623 174254 173420 169421 153827 15594 5920 3607 250369 6801 243568 6522 5517 3985 237044 1532 236891 11182 225709 6524 2619 3999 147907 11987 2287 1005 6204 4399 3027
is_linear=0
shrinkage=0.03


Tree=10
num_leaves=31
num_cat=0
split_feature=93 102 225 169 226 121 174 51 57 56 102 277 234 56 223 54 44 1 49 170 113 158 27 350 296 16 267 87 173 100
split_gain=143.818 95.1096 78.8026 94.7443 76.5013 74.8462 121.584 69.288 60.7536 59.6423 57.9573 153.641 119.812 99.741 99.4039 82.7801 80.8496 69.0153 154.003 60.1839 57.878 54.5099 54.0048 53.7704 38.9567 37.7231 37.0057 36.5967 43.3847 37.3153
threshold=2.130030751228333 0.032469367608428008 -1.0971112251281736 -0.36956961452960962 -0.066081631928682313 -1.9357834458351133 1.4236027598381045 2.281894445419312 1.3533295392990115 -1.6321120858192442 -2.7113461494445796 -2.2600692510604854 1.1992532610893252 0.47885355353355413 -0.7638564109802245 -0.63120487332344044 -1.5875261425971983 -2.144117951393127 0.93217140436172496 -1.9151962399482725 -1.2299637794494627 -2.2027825117111202 0.90822696685791027 -0.0092898961156606657 0.66881003975868236 0.22377205640077594 -2.3723809719085689 2.1355316638946538 0.20667888969182971 2.201118111610413
decision_type=2 2 2 2 2 2 2 2 2 2 2 2 2 2 2 2 2 2 2 2 2 2 2 2 2 2 2 2 2 2
left_child=1 7 3 -3 21 6 -6 10 -8 -7 12 14 13 15 16 -1 -12 18 -13 -19 -11 -4 24 -9 -23 -2 -15 28 -27 -30
right_child=25 2 4 -5 5 9 8 23 -10 20 11 17 -14 26 -16 -17 -18 19 -20 -21 -22 22 -24 -25 -26 27 -28 -29 29 -31
leaf_value=-0.003416026974270531 0.013136114281994685 0 0.012427349158922548 0.016843071486100366 0.0012187896870565458 -0.0052811505492038786 0.027518720780505341 0 0.0022156698346295725 0.0053225418303788881 0.0032354833752191382 -0.0031476336537771175 0.015853107569319666 -0.016120698988249478 -0.0093928517267780638 0.0060707738345269361 0.010654828544021798 0.00320662178375703 0.0098784308056674777 0.00027971571423356795 -0.00045439230827311008 -0.0034842428570318724 0.0012102119556584858 0.016450573871948045 0.0002683976959049814 0.0080358051345588554 -0.0026290310704141589 0.0055739288294867888 -0.0059602208871259261 0.0025755818903597772
leaf_weight=4474 431 703 200 491 1640 2271 268 305 166 1551 4005 10030 283 663 377 979 2122 6518 861 219163 142894 17363 3125 406 2732 531 342 3750 879 874
leaf_count=4474 431 703 200 491 1640 2271 268 305 166 1551 4005 10030 283 663 377 979 2122 6518 861 219163 142894 17363 3125 406 2732 531 342 3750 879 874
internal_value=2.37587e-05 -4.33634e-05 -0.000584063 0.0070123 -0.000639282 -0.000385832 0.00523433 0.000329704 0.0190253 -0.000468027 0.000301452 0.000378696 -0.00243242 -0.0033265 0.00492282 -0.00164205 0.00588018 0.000252092 -0.00207413 0.000365855 -0.000389557 -0.00223498 -0.00238476 0.00956591 -0.00295938 0.004458 -0.0119631 0.00374724 0.000595512 -0.00155424
internal_weight=430397 423932 173404 1194 172210 148790 2074 250528 434 146716 249817 243076 6741 6458 6504 5453 6127 236572 10891 225681 144445 23420 23220 711 20095 6465 1005 6034 2284 1753
internal_count=430397 423932 173404 1194 172210 148790 2074 250528 434 146716 249817 243076 6741 6458 6504 5453 6127 236572 10891 225681 144445 23420 23220 711 20095 6465 1005 6034 2284 1753
is_linear=0
shrinkage=0.03


Tree=11
num_leaves=31
num_cat=0
split_feature=232 51 23 211 173 109 111 102 54 102 236 117 8 2 236 40 27 216 249 145 113 229 182 58 41 286 113 64 149 38
split_gain=137.492 117.774 160.796 84.7378 152.745 161.528 93.8497 81.8244 80.6859 64.108 72.9441 73.9962 96.3838 62.6058 174.517 78.7872 62.1696 61.7553 59.9337 58.0272 57.3393 57.0002 59.3855 71.3477 56.6098 55.794 55.5205 51.8097 60.357 56.628
threshold=2.221982598304749 0.26576808094978338 1.4815602302551272 -1.4660765528678892 0.78903788328170787 0.16485938429832461 0.16308590024709704 0.47203227877616888 0.30767510831356054 0.065702121704816832 0.40097747743129736 0.61152783036232006 -2.3940252065658565 -2.6830145120620723 0.58937203884124767 -0.45886945724487299 -1.2539091706275938 1.6934903264045718 1.4558804631233218 0.18277643620967868 0.062995973974466338 -0.10338452830910681 -0.60045146942138661 1.5456030368804934 -0.69286924600601185 0.067930258810520186 0.66542112827301036 0.18891683220863345 0.36954227089881903 0.68684411048889171
decision_type=2 2 2 2 2 2 2 2 2 2 2 2 2 2 2 2 2 2 2 2 2 2 2 2 2 2 2 2 2 2
left_child=1 2 9 4 16 6 -6 18 -8 10 11 19 -13 14 15 -5 -3 27 -4 -1 -9 22 23 -15 -24 -11 -7 28 -2 -30
right_child=17 3 7 13 5 26 8 20 -10 25 -12 12 -14 21 -16 -17 -18 -19 -20 -21 -22 -23 24 -25 -26 -27 -28 -29 29 -31
leaf_value=0.00050900079148380982 0.00047406213967884751 -0.0040243609718109237 -0.0051017442800214445 -0.025255113560951462 0.014493027759319918 0 0.010065075167853916 0.010547400488900507 -0.0088677058133534332 -0.0017167357533931715 0.0018146917596713003 -0.014508868642196934 -0.0017374854863665514 -0.0079978532838716893 0.023426672132210447 0.0038732081511636458 0.010128179444059068 0.0075234702787224947 0.0059690707623291563 -0.0011351497216211452 0.0014912799545981567 -0.00083421302176135074 0.0047707635926700302 0.0051755689968116317 -0.0029444194664599581 2.6110436614253445e-05 0.021624845819048465 -0.0029048908543568446 0.030171907317988175 0.0066677493636804154
leaf_weight=158537 1348 2018 908 113 361 112 260 2496 654 26168 29314 593 4878 3062 317 178 296 2971 816 21892 958 120199 1059 378 3855 43938 762 1363 111 616
leaf_count=158537 1348 2018 908 113 361 112 260 2496 654 26168 29314 593 4878 3062 317 178 296 2971 816 21892 958 120199 1059 378 3855 43938 762 1363 111 616
internal_value=-9.62924e-06 -7.63255e-05 0.000261951 -0.000813912 0.00322608 0.00897357 0.00182489 0.00549278 -0.00306061 0.000165592 0.000423076 0.000201851 -0.00322421 -0.000956309 0.00844388 -0.00736989 -0.0020142 0.0043439 0 0.000307745 0.008145 -0.00100441 -0.00340954 -0.00644205 -0.00120834 -0.000620456 0.0187924 0.00148186 0.00450679 0.0113698
internal_weight=430531 424122 290498 133624 4463 2149 1275 5178 914 285320 215214 185900 5471 129161 608 291 2314 6409 1724 180429 3454 128553 8354 3440 4914 70106 874 3438 2075 727
internal_count=430531 424122 290498 133624 4463 2149 1275 5178 914 285320 215214 185900 5471 129161 608 291 2314 6409 1724 180429 3454 128553 8354 3440 4914 70106 874 3438 2075 727
is_linear=0
shrinkage=0.03


Tree=12
num_leaves=31
num_cat=0
split_feature=232 51 17 236 215 169 117 86 118 236 238 84 211 201 240 216 105 293 280 240 202 211 299 239 145 109 49 71 58 181
split_gain=145.602 116.707 160.117 71.753 112.58 100.297 93.8603 80.6322 67.5485 66.5405 74.9135 89.2281 61.0862 64.3735 67.499 51.0296 50.8564 61.2442 50.1458 84.2549 98.3561 80.2535 57.2482 51.9096 49.2423 102.615 80.904 58.8137 78.0025 57.4292
threshold=2.221982598304749 0.22915493696928027 1.7066934704780581 -1.2221473455429075 -1.583437919616699 0.65940150618553173 -0.9231741428375243 -2.3751088380813594 -1.0843590497970579 0.54855266213417064 1.0960009694099428 -0.036316752433776849 0.51996138691902172 2.0775796175003056 1.0287346839904787 1.6934903264045718 -0.2278138920664787 -1.0000000180025095e-35 1.727145314216614 1.0287346839904787 1.0000000180025095e-35 0.7738960087299348 -1.0544645786285398 -0.088936995714902864 0.18277643620967868 -2.6208701133728023 -0.41130168735980982 -0.52863863110542286 1.8329334855079653 -0.20316797494888303
decision_type=2 2 2 2 2 2 2 2 2 2 2 2 2 2 2 2 2 2 2 2 2 2 2 2 2 2 2 2 2 2
left_child=1 2 9 7 5 16 -7 -3 -4 24 -11 -12 -10 14 -14 -2 17 -5 21 20 -20 22 -6 -23 27 -26 -27 28 -1 -29
right_child=15 3 8 4 18 6 -8 -9 12 10 11 -13 13 -15 -16 -17 -18 -19 19 -21 -22 23 -24 -25 25 26 -28 29 -30 -31
leaf_value=-0.00016133665419001413 0.001843455094409975 -0.018285545175341335 -0.0010329453370140167 -0.0074028378138073572 -0.003400810320715817 -0.0099501180429731242 0.016483169907252283 -0.0032695620494442566 -0.00092356420186486964 0.002333484498467482 0.0017862222143373841 -0.0054845585017004742 0.02433645683218337 0.0026863426480659928 0.0094796472107208825 0.0073318210464146331 -0.0076758128913094427 0.0065389620586313217 -0.0056363150769614088 -0.0015718394820303035 0.0071255182651610415 -0.0043988208798834754 -0.0003138244528070194 -0.0015275812031170205 0.014368431979538243 -0.0024269814417683293 -1.0530648495331966e-05 0.0018168737073366598 -0.0068040245864196044 0.00027707423023010466
leaf_weight=91751 3491 350 696 322 5770 112 848 3668 403 23149 3381 2676 467 670 1033 3007 427 1348 620 3600 3013 7849 89676 22702 379 19328 35786 31900 1603 70729
leaf_count=91751 3491 350 696 322 5770 112 848 3668 403 23149 3381 2676 467 670 1033 3007 427 1348 620 3600 3013 7849 89676 22702 379 19328 35786 31900 1603 70729
internal_value=-5.04511e-06 -7.41006e-05 0.000274878 -0.000782444 -0.000663008 0.00499721 0.012953 -0.00473596 0.00685839 0.00019665 0.00155181 -0.00138414 0.00910021 0.0110902 0.0145618 0.00444397 0.00112539 0.00361747 -0.000795866 0.00161511 0.00484655 -0.000936886 -0.000504258 -0.00227745 3.79612e-05 -0.000749397 -0.000863973 0.000262488 -0.000280045 0.000758871
internal_weight=430754 424256 283951 140305 136287 3057 960 4018 3269 280682 29206 6057 2573 2170 1500 6498 2097 1670 133230 7233 3633 125997 95446 30551 251476 55493 55114 195983 93354 102629
internal_count=430754 424256 283951 140305 136287 3057 960 4018 3269 280682 29206 6057 2573 2170 1500 6498 2097 1670 133230 7233 3633 125997 95446 30551 251476 55493 55114 195983 93354 102629
is_linear=0
shrinkage=0.03


Tree=13
num_leaves=31
num_cat=0
split_feature=224 51 203 293 131 108 55 58 28 58 0 107 218 118 145 176 236 86 215 26 63 70 55 358 95 293 50 332 31 54
split_gain=128.792 111.557 146.722 72.4449 81.5848 85.6555 68.3545 109.557 115.798 83.8913 132.414 79.2016 66.1957 63.6712 86.8997 60.731 57.5659 72.7705 69.7847 66.5509 60.9791 142.277 56.445 54.7106 54.1568 53.391 52.5361 51.7929 50.515 50.4904
threshold=2.1531192064285283 0.22915493696928027 1.4654814004898074 1.8522346019744875 -1.7143498659133909 0.27490039169788366 1.56258761882782 -0.85038620233535755 -2.0463681221008296 1.8329334855079653 -1.4907796382904051 -0.56441602110862721 -0.036174772307276719 -0.15047083795070645 0.18277643620967868 0.85632660984992992 -1.2221473455429075 -2.3751088380813594 -1.583437919616699 -0.75373458862304676 -2.6826878786087032 -1.0701729655265806 1.3678907752037051 -0.016043639741837975 -2.2921169996261592 0.55947336554527294 0.78062325716018688 -0.0070644505321979514 0.64207744598388683 0.06408946588635446
decision_type=2 2 2 2 2 2 2 2 2 2 2 2 2 2 2 2 2 2 2 2 2 2 2 2 2 2 2 2 2 2
left_child=1 2 6 16 5 22 9 -8 29 13 -11 -12 -7 14 -1 -4 17 -3 19 -18 21 -20 -5 -2 -15 -17 -24 -10 -22 -9
right_child=23 3 15 4 -6 12 7 8 27 10 11 -13 -14 24 -16 25 18 -19 20 -21 28 -23 26 -25 -26 -27 -28 -29 -30 -31
leaf_value=0.00012006184202534508 0.0079009562783316431 -0.017453069554328567 0.0040102383194576116 -0.01549409631360322 0.00077090490882999031 0.022378288180374122 -0.0091521398732012128 0 -0.00036364823430017935 -0.011196295922711706 0.0054443525482710557 -0.0056247805807552601 -0.00069411356422894351 0.0047861731639351878 -0.001707245057349125 0.019046391084062513 0.0023041796992156124 -0.0031232106717762748 0 0.019436633419795082 -0.00057787953540810208 0.035689047627771892 0.017949708946590318 0.0019423459284519736 0.00057965951893598007 0 -0.0055280519484464698 0.011458641273613623 -0.0018797578847889753 0.022664048537515059
leaf_weight=117513 2344 351 4111 130 7817 450 373 104 1048 1492 1216 1076 113 2822 29165 474 2453 3370 451 213 85199 115 159 3856 123300 153 124 440 39905 499
leaf_count=117513 2344 351 4111 130 7817 450 373 104 1048 1492 1216 1076 113 2822 29165 474 2453 3370 451 213 85199 115 159 3856 123300 153 124 440 39905 499
internal_value=-2.31738e-05 -8.66371e-05 0.000255134 -0.000777308 0.00184499 0.00995815 0.000164943 0.00512221 0.00787322 0.000119329 -0.00430188 0.000114386 0.0173679 0.000182066 -0.000241412 0.00548089 -0.000954438 -0.00464121 -0.000844499 0.0039192 -0.000948552 0.00865546 0 0.00426148 0.000676903 0.0142377 0.00698666 0.00303886 -0.000995777 0.0188407
internal_weight=430836 424636 283786 140850 8793 976 279048 2464 2091 276584 3784 2292 563 272800 146678 4738 132057 3721 128336 2666 125670 566 413 6200 126122 627 283 1488 125104 603
internal_count=430836 424636 283786 140850 8793 976 279048 2464 2091 276584 3784 2292 563 272800 146678 4738 132057 3721 128336 2666 125670 566 413 6200 126122 627 283 1488 125104 603
is_linear=0
shrinkage=0.03


Tree=14
num_leaves=31
num_cat=0
split_feature=292 51 23 17 47 216 326 222 189 238 211 173 230 60 117 101 164 47 178 36 234 281 195 56 97 280 116 73 170 156
split_gain=128.451 111.196 126.846 78.4473 120.563 101.416 68.8832 66.8718 81.5253 66.8585 83.6508 86.0141 82.8472 59.069 55.7834 53.6115 53.3837 56.4351 54.9289 53.1037 165.281 175.515 105.018 92.1876 79.9967 78.1684 75.0183 64.8511 59.0236 51.4131
threshold=1.8409509062767031 0.26576808094978338 1.4815602302551272 -1.4365394115447996 0.40669217705726629 1.6934903264045718 -0.020009303465485569 0.39175330102443701 1.2749916911125185 -0.90819689631462086 -1.4660765528678892 0.66301646828651439 0.095490861684083952 -0.13950841873884198 0.66451880335807811 -2.2300488948822017 -0.10334369167685507 -0.22884134948253629 0.57062706351280224 -2.2641438245773311 0.73385715484619152 -2.7348396778106685 -2.766782164573669 0.61771050095558178 -0.42582671344280237 -1.9268479347229002 0.73145222663879406 -2.7421350479125972 -1.9151962399482725 -0.54275688529014576
decision_type=2 2 2 2 2 2 2 2 2 2 2 2 2 2 2 2 2 2 2 2 2 2 2 2 2 2 2 2 2 2
left_child=1 2 19 4 -2 -5 -6 8 -4 12 11 -11 14 -9 -3 -13 18 -18 -14 20 21 23 24 -1 26 -23 -21 -24 -29 -17
right_child=3 9 7 5 6 -7 -8 13 -10 10 -12 15 16 -15 -16 29 17 -19 -20 22 -22 25 27 -25 -26 -27 -28 28 -30 -31
leaf_value=-0.00090205909278462274 -0.0013467480128630056 -0.010457223049892276 -0.006008148068160666 -9.0215376701024231e-05 0 0.0055161613849465593 0.021087001304054043 0.02136447609161676 0.006430544517636601 -0.00053857333899246483 -0.00073663436177381838 -0.0059150425192722872 0.0052800915499248468 0.0060333954732716237 0.0042100537166271995 0.013729358799742129 -0.022039099124858956 -0.0024543080950645349 -0.011968289898188773 -0.0097039673684203385 0.022202568559364106 0.0027856767763844888 0.0097977778765813966 -0.012731072524584252 0.0070803989189289112 0.010586770195217598 0.0082589336321370246 0.0027174072826581927 3.2066108462954114e-05 -0.0033146577515766359
leaf_weight=4619 476 1765 916 7144 142 4757 653 251 938 1467 113260 143 1385 3113 226 1149 120 7129 161 2084 340 4626 604 675 333 1619 199 7569 262363 145
leaf_count=4619 476 1765 916 7144 142 4757 653 251 938 1467 113260 143 1385 3113 226 1149 120 7129 161 2084 340 4626 604 675 333 1619 199 7569 262363 145
internal_value=1.40535e-05 -7.74021e-05 0.000245717 0.00292921 0.0100215 0.00213106 0.0170622 0.00487385 0.000126379 -0.000818444 -0.000605146 0.00439046 -0.0030825 0.00738546 -0.00861784 0.00956661 -0.00177868 -0.00287953 0.00316237 0.000159603 0.00212238 0.00146736 7.29971e-05 -0.00250899 -0.00588356 0.00488332 -0.00794982 0.000132135 0.000108671 0.0115698
internal_weight=430371 417199 290249 13172 1271 11901 795 5218 1854 126950 116164 2904 10786 3364 1991 1437 8795 7249 1546 285031 11879 11539 273152 5294 2616 6245 2283 270536 269932 1294
internal_count=430371 417199 290249 13172 1271 11901 795 5218 1854 126950 116164 2904 10786 3364 1991 1437 8795 7249 1546 285031 11879 11539 273152 5294 2616 6245 2283 270536 269932 1294
is_linear=0
shrinkage=0.03


Tree=15
num_leaves=31
num_cat=0
split_feature=55 7 179 178 51 17 145 57 298 206 297 211 5 29 170 144 179 201 278 118 240 65 79 118 179 239 288 168 202 117
split_gain=102.074 102.043 143.888 109.912 98.1159 124.358 91.7976 85.6714 73.2057 66.6377 113.569 111.19 100.36 105.799 70.594 66.3052 64.5912 61.2988 65.2177 72.9289 69.1513 60.4285 95.1019 60.1864 66.822 97.3517 62.5524 59.4913 57.4858 70.0715
threshold=1.56258761882782 0.070499189198017134 -0.037202738225460046 0.41616515815258032 0.26576808094978338 1.7066934704780581 1.7412600517272951 -0.63093149662017811 0.98186662793159496 -2.3990422487258907 -0.21509201824665067 -1.4660765528678892 -1.6168829202651975 -1.8119497299194334 -0.40095795691013331 -1.8149156570434568 0.081606883555650725 2.0775796175003056 0.58583277463912975 -1.0843590497970579 1.0287346839904787 -2.7032289505004878 -0.97519722580909718 -0.15047083795070645 1.2107168436050417 -0.35833036899566645 -1.5186288356781004 0.71692654490470897 -1.1983851790428159 2.4434610605239873
decision_type=2 2 2 2 2 2 2 2 2 2 2 2 2 2 2 2 2 2 2 2 2 2 2 2 2 2 2 2 2 2
left_child=4 2 3 -2 5 8 -3 -4 23 10 -6 12 13 -11 -12 -13 -14 18 -7 -20 -21 22 -17 24 26 -26 -1 -5 29 -9
right_child=1 6 7 27 9 17 -8 28 -10 11 14 15 16 -15 -16 21 -18 -19 19 20 -22 -23 -24 -25 25 -27 -28 -29 -30 -31
leaf_value=0.0014727652252680692 0.0052836213326533706 -0.0020251970336137878 0.021433100390011693 -0.012409760580464665 -0.017158490945246838 0.00035705970724162373 0.0040073948180374451 0.012691262016785205 -0.0018650359717200509 0.0003542793458433283 -0.01528085381016135 -0.0097108579483682136 -0.0070177919948627987 0.018783868507297997 0.0086589679323991111 0 0.0048818840097919229 0 -0.00055572978878196122 0.025808388056020329 0.0095625948119977249 -0.00084637660457737333 0.03330950527940877 0.00076868258796516399 0.0096820979240374236 0.00058985509339825964 -0.00048407466359796767 0 0.0034072506633528428 0.0018450597545597702
leaf_weight=16539 974 6807 315 862 572 663 3381 1708 15295 509 130 745 651 716 379 170 1033 986 291 395 902 117572 100 119388 1467 3987 127948 502 4797 890
leaf_count=16539 974 6807 315 862 572 663 3381 1708 15295 509 130 745 651 716 379 170 1033 986 291 395 902 117572 100 119388 1467 3987 127948 502 4797 890
internal_value=1.79246e-05 0.00209743 0.00423942 -0.00217126 -8.39686e-05 0.000217895 0 0.00622281 0.000150104 -0.000795235 -0.00816987 -0.000725817 0.00503381 0.0114959 0.001631 -0.000870458 7.72802e-05 0.00604905 0.00876188 0.0120363 0.0150548 -0.000810385 0.012805 0.000265786 -0.000132686 0.0031167 -0.000257832 -0.0077108 0.00547839 0.00913274
internal_weight=430674 20236 10048 2338 410438 287861 10188 7710 284624 122577 1081 121496 2909 1225 509 118587 1684 3237 2251 1588 1297 117842 270 269329 149941 5454 144487 1364 7395 2598
internal_count=430674 20236 10048 2338 410438 287861 10188 7710 284624 122577 1081 121496 2909 1225 509 118587 1684 3237 2251 1588 1297 117842 270 269329 149941 5454 144487 1364 7395 2598
is_linear=0
shrinkage=0.03


Tree=16
num_leaves=31
num_cat=0
split_feature=292 112 210 113 57 102 236 230 118 178 56 17 228 216 116 83 286 326 30 234 19 66 179 233 157 89 52 139 197 294
split_gain=113.871 114.385 115.946 69.9971 74.4147 69.2614 71.0073 100.891 68.9776 65.4449 64.6959 62.0175 112.986 82.5995 57.2701 106.375 55.3844 55 54.109 95.7634 57.1634 101.697 68.7085 66.6178 56.9091 60.9558 52.256 50.9392 50.5877 50.4922
threshold=1.8409509062767031 0.42055882513523107 1.2880109548568728 0.062995973974466338 -1.192717909812927 0.032469367608428008 0.36874344944953924 1.097332298755646 1.5456960797309878 0.031780809164047248 1.0212240219116213 -1.4365394115447996 0.3603676855564118 1.6934903264045718 1.5753385424613955 -0.94423159956932057 1.0000000180025095e-35 -0.020413833670318123 -1.4672170877456663 -1.1338964104652403 -0.83045190572738636 -2.1568874120712276 0.57410702109336864 0.52573323249816906 -0.069826718419790254 -0.5511934459209441 0.34193250536918646 -1.0382879376411436 1.7056494355201723 -0.77522847056388844
decision_type=2 2 2 2 2 2 2 2 2 2 2 2 2 2 2 2 2 2 2 2 2 2 2 2 2 2 2 2 2 2
left_child=1 2 5 4 -4 6 7 10 14 -9 -1 12 -2 -13 16 -16 -7 -14 19 -3 22 -22 26 -24 -23 -26 -20 -25 -6 -8
right_child=11 18 3 -5 28 8 29 9 -10 -11 -12 13 17 -15 15 -17 -18 -19 20 -21 21 24 23 27 25 -27 -28 -29 -30 -31
leaf_value=0.00018718397997153496 -0.0020108606733013818 -0.012060627143939464 -0.0012617377011442878 -0.00034010904572630393 0.0051242176274751243 -0.0017192947494950681 -0.0049950461855488171 0.029004620868065101 -0.0075426994523999447 0 -0.0071243997087678049 0 0 0.0051179851326058597 0.02755244895128563 -0.00051033468130361106 -4.6458186459501974e-05 0.019530884732603469 0 0.0048298674020877119 0.018874421327267413 0.00081723412120350049 -0.0062250291185345684 0.0056305832362626472 -0.0083340413023620004 -0.0011103222823524159 -0.0064036220260465671 -0.0038054132053790533 0.012577491312142875 0.0018472222923863371
leaf_weight=185032 466 312 1037 2389 3106 25402 958 160 1251 113 1074 7158 142 4744 167 289 60827 650 1361 2749 214 14625 1000 1757 1062 71702 5178 670 1281 33977
leaf_count=185032 466 312 1037 2389 3106 25402 958 160 1251 113 1074 7158 142 4744 167 289 60827 650 1361 2749 214 14625 1000 1757 1062 71702 5178 670 1281 33977
internal_value=2.19901e-05 -6.3938e-05 0.000214985 0.00382084 0.00570315 0.000122674 0.000406473 0.000171951 -0.0005881 0.0177706 0.000142617 0.00276803 0.00912242 0.00205705 -0.000482557 0.00986264 -0.000543018 0.0159307 -0.000945611 0.00294378 -0.00107128 -0.000821325 -0.00323238 0.000124828 -0.000877296 -0.00122214 -0.00503261 0.00289326 0.00741584 0.00164826
internal_weight=430853 417693 317063 7813 5424 309250 221314 186379 87936 273 186106 13160 1258 11902 86685 456 86229 792 100630 3061 97569 87603 9966 3427 87389 72764 6539 2427 4387 34935
internal_count=430853 417693 317063 7813 5424 309250 221314 186379 87936 273 186106 13160 1258 11902 86685 456 86229 792 100630 3061 97569 87603 9966 3427 87389 72764 6539 2427 4387 34935
is_linear=0
shrinkage=0.03


Tree=17
num_leaves=31
num_cat=0
split_feature=256 122 55 179 28 296 109 299 60 232 44 27 21 61 228 170 42 37 212 291 271 58 178 237 163 293 218 29 165 116
split_gain=113.707 85.1794 139.187 140.015 118.927 102.484 83.4346 74.5605 177.363 76.3756 74.9529 113.847 85.0061 73.153 71.301 67.8526 66.1281 64.9857 88.0377 66.3887 63.0059 62.3622 60.8198 93.4104 54.6059 52.4107 52.0839 48.7468 48.5665 43.747
threshold=2.1178468465805058 0.3575617671012879 1.3678907752037051 0.039724590256810195 -2.0463681221008296 2.4911173582077031 -2.6208701133728023 1.8523973822593691 -2.135402917861938 -2.6474905014038081 -0.06545757874846457 -1.3581297397613523 -2.0888669490814205 -2.1413292884826656 1.0883272886276247 1.5866364836692812 -1.4699774384498594 -1.7223899960517881 -1.4574968814849851 -0.52041137218475331 1.0000000180025095e-35 -0.18882255256175992 0.41616515815258032 0.97745603322982799 0.98508563637733471 1.0143494009971621 -2.7554876804351802 0.36846320331096655 -1.0612722635269163 1.8842418193817141
decision_type=2 2 2 2 2 2 2 2 2 2 2 2 2 2 2 2 2 2 2 2 2 2 2 2 2 2 2 2 2 2
left_child=1 2 7 22 5 26 16 10 21 -10 14 12 -12 -13 24 20 -3 19 -19 28 -6 -9 27 -24 -1 -17 -5 -4 -8 -25
right_child=-2 6 3 4 15 -7 17 8 9 -11 11 13 -14 -15 -16 25 -18 18 -20 -21 -22 -23 23 29 -26 -27 -28 -29 -30 -31
leaf_value=0.00045739535577562948 0.0040680603451035517 -0.0048671048421412705 0.0056440109556272142 0.03485085332219344 0.0042343028832708155 0.0013976864751497034 -0.0055709026955504757 0.0038164158918115552 0.0097004413867169716 -0.0020723153609826794 0.0016822415351171898 0.0054637321744444032 -0.008666681869957036 -0.00039095066147434306 0.014938739910526811 -0.0058627917065495411 0.017805913915079529 -0.01190584217611732 -0.00087118644275200566 0.019735195991061216 -0.0013830641731826677 -0.016197766865561312 -0.011421742898968492 0.0059246268588734937 0.0132206555351613 0.0080137480039469029 0.013676575685866358 -0.0040091254520041439 0.01420818020475351 -0.0050990558799735323
leaf_weight=178894 6126 130 1270 198 4204 414 317 127 540 4118 923 1927 2524 118827 289 225 360 640 96891 253 3008 1031 1070 646 284 3303 474 690 145 602
leaf_count=178894 6126 130 1270 198 4204 414 317 127 540 4118 923 1927 2524 118827 289 225 360 640 96891 253 3008 1031 1070 646 284 3303 474 690 145 602
internal_value=1.62486e-05 -4.17297e-05 0.000191601 0.00290934 0.00459661 0.014069 -0.000814073 4.90354e-05 -0.00330806 -0.000607737 0.000114534 -0.000450706 -0.00581531 -0.000294148 0.000507388 0.00358653 0.0112474 -0.000879559 -0.000949097 0.00796553 0.00185257 -0.0137206 -0.00168479 -0.0049938 0.000480773 0.00701615 0.0211759 0.00208803 0.000346381 0.000373966
internal_weight=430450 424324 325588 16104 11826 1086 98736 309484 5816 4658 303668 124201 3447 120754 179467 10740 490 98246 97531 715 7212 1158 4278 2318 179178 3528 672 1960 462 1248
internal_count=430450 424324 325588 16104 11826 1086 98736 309484 5816 4658 303668 124201 3447 120754 179467 10740 490 98246 97531 715 7212 1158 4278 2318 179178 3528 672 1960 462 1248
is_linear=0
shrinkage=0.03


Tree=18
num_leaves=31
num_cat=0
split_feature=93 283 236 57 160 193 58 147 58 180 170 111 23 173 116 236 128 199 291 119 33 226 115 176 51 237 156 188 293 55
split_gain=114.048 86.777 65.1954 77.2592 73.4189 95.0936 63.5768 89.3992 62.225 164.816 83.4591 62.0466 77.1103 61.203 85.8614 58.9478 58.6316 136.604 111.736 101.16 94.7096 60.2368 56.9349 55.0095 51.7009 90.7797 58.817 50.799 49.0555 48.9864
threshold=2.130030751228333 -0.099945403635501848 1.0765917301177981 -0.073740459978580461 -2.1924400329589839 -1.1488944888114927 -0.92049512267112721 0.99661076068878185 1.8329334855079653 -2.1458063125610347 1.3890044689178469 0.78293317556381237 -2.8141710758209224 -0.39431759715080256 -0.92258769273757923 0.58937203884124767 -1.5785538554191587 -1.8932140469551084 -0.97534459829330433 0.5054106116294862 0.035471232607960708 -1.1914115548133848 2.4494553804397587 -0.23911361396312711 0.16125679761171344 -1.1054771542549131 -2.2303527593612666 -0.37349767982959742 1.3778038620948794 0.65337377786636364
decision_type=2 2 2 2 2 2 2 2 2 2 2 2 2 2 2 2 2 2 2 2 2 2 2 2 2 2 2 2 2 2
left_child=1 2 8 -4 -5 22 7 27 10 15 24 -12 -13 14 -11 -10 18 -18 -8 20 -20 23 -6 -19 26 -26 -1 29 -7 -3
right_child=-2 6 3 4 5 28 16 -9 9 13 11 12 -14 -15 -16 -17 17 21 19 -21 -22 -23 -24 -25 25 -27 -28 -29 -30 -31
leaf_value=0.0027384847882084605 0.0039872070404250188 -0.0069828916009454581 0.015782986395788959 -0.0065004467886635659 0.0095764693964783994 0.0018148788832855229 -0.01039162786012619 0.0017371903248100163 -0.018280842898407351 -0.0036782610258890378 -0.0021096921742340337 -0.011121530779527397 0.012754417305783656 -0.0037411924638200366 0.013597383987538732 2.4844693951308724e-05 -0.018195904492212877 -0.0014449583193553346 0.0030711943474485944 0.0082836593716349525 -0.0088450747838119351 -0.00037591228850220726 -0.004032762268001271 0.013165657151256073 -0.0070193756279817643 -0.00039984373872890919 0.0003619227810448258 -0.0019311468520597651 -0.007768024721736648 0.0010313896187434841
leaf_weight=9997 6447 4052 399 719 2230 3562 520 4358 723 415 441 107 1153 1329 563 160 367 330 2585 2521 758 188091 271 545 2020 23586 159926 11538 531 744
leaf_count=9997 6447 4052 399 719 2230 3562 520 4358 723 415 441 107 1153 1329 563 160 367 330 2585 2521 758 188091 271 545 2020 23586 159926 11538 531 744
internal_value=3.29485e-05 -2.65785e-05 0.000410003 0.00311737 0.00234425 0.00337076 -0.000447847 -0.00203076 0.000304028 -0.0038311 0.000372812 0.0069587 0.0103504 0.000292378 0.00603931 -0.0147045 -0.000278772 -0.000375606 0.00253846 0.00376747 0.000243531 -0.000337487 0.00796252 0.00741102 0.000313278 -0.000938821 0.000503813 -0.00305531 0.000466986 -0.00567823
internal_weight=430988 424541 208132 7712 7313 6594 216409 20692 200420 3190 197230 1701 1260 2307 978 883 195717 189333 6384 5864 3343 188966 2501 875 195529 25606 169923 16334 4093 4796
internal_count=430988 424541 208132 7712 7313 6594 216409 20692 200420 3190 197230 1701 1260 2307 978 883 195717 189333 6384 5864 3343 188966 2501 875 195529 25606 169923 16334 4093 4796
is_linear=0
shrinkage=0.03


Tree=19
num_leaves=31
num_cat=0
split_feature=32 102 218 46 111 236 62 105 87 194 49 102 37 54 175 177 40 48 57 179 355 100 47 178 176 161 289 40 232 48
split_gain=117.018 83.9808 75.0358 67.444 81.617 69.5654 66.9098 58.1825 66.1231 56.8474 56.5913 55.0565 128.89 114.829 90.0395 90.0077 75.8175 72.2092 68.0555 65.4151 63.1919 60.1456 68.3991 57.1309 49.3893 56.6513 50.4884 44.9895 41.8567 83.8313
threshold=2.1318826675415044 0.065702121704816832 -2.7554876804351802 0.17592184990644458 -0.33246922492980951 -2.0369098186492915 -0.598219335079193 -1.3043325543403623 0.18164294958114627 1.4505687952041628 -0.33979289233684534 -2.7113461494445796 -2.2530168294906612 -0.63120487332344044 -2.2349923849105831 2.7316026687622075 -2.2303539514541622 -2.6226919889450069 -1.9380483031272886 0.43962821364402777 -0.0082858335226774198 -2.2328481674194331 -2.066302895545959 0.32449941337108618 1.6765701770782473 1.332796633243561 0.27254070341587072 -2.7372652292251582 1.7727413177490237 1.7831988930702212
decision_type=2 2 2 2 2 2 2 2 2 2 2 2 2 2 2 2 2 2 2 2 2 2 2 2 2 2 2 2 2 2
left_child=1 9 -3 7 -5 6 -6 8 -4 11 -7 13 16 14 20 23 19 -16 -18 -13 -1 27 -23 -15 25 -9 -26 -14 29 -2
right_child=28 2 3 4 5 10 -8 24 -10 -11 -12 12 21 15 17 -17 18 -19 -20 -21 -22 22 -24 -25 26 -27 -28 -29 -30 -31
leaf_value=-0.0053811790626439567 0.0046198649104923798 0.014593283652511641 -0.0061110381509472686 0.0029370340314150739 -0.022574755293914138 -0.0064790039530749997 -0.0036169823623357742 -0.0016840338754640573 0.020189272529510659 0.0054507459518271795 -0.0003253051187337769 -0.0013171014605210924 0.010498546620233442 0.012141706112420365 -0.013413573072460898 -0.018536643941270213 -0.0013434717308196411 -0.0035827642367153565 0.010358881722047219 0.0069670661696812327 0.0049586353779503206 0.0036197271730515797 0.00012244679107778955 0.00060511284822874049 0.012518935689115768 -0.0085621582911073781 -0.0026660178773408772 -0.0055066373138779913 0.0068568428692249829 -0.0052182884774369638
leaf_weight=1010 2725 269 103 6631 214 1348 844 44177 209 1846 111570 2406 139 737 1323 122 495 1610 2291 1277 1080 5134 233842 914 418 1111 299 2387 2671 1048
leaf_count=1010 2725 269 103 6631 214 1348 844 44177 209 1846 111570 2406 139 737 1323 122 495 1610 2291 1277 1080 5134 233842 914 418 1111 299 2387 2671 1048
internal_value=-5.0481e-05 -0.000112264 -0.000635887 -0.000663971 -0.000287145 -0.000477838 -0.00807752 -0.00163818 0.0107581 0.000227749 -0.000402558 0.000188302 0.000262489 -0.00246746 -0.00480715 0.00397337 0.00443651 -0.00817959 0.00817801 0.00149635 0 0.000149082 0.000199132 0.00601822 -0.00173341 -0.00186309 0.00587902 -0.00443252 0.00395423 0.00179499
internal_weight=430250 423806 167193 166924 120607 113976 1058 46317 312 256613 112918 254767 247971 6796 5023 1773 6469 2933 2786 3683 2090 241502 238976 1651 46005 45288 717 2526 6444 3773
internal_count=430250 423806 167193 166924 120607 113976 1058 46317 312 256613 112918 254767 247971 6796 5023 1773 6469 2933 2786 3683 2090 241502 238976 1651 46005 45288 717 2526 6444 3773
is_linear=0
shrinkage=0.03


Tree=20
num_leaves=31
num_cat=0
split_feature=17 122 55 179 143 39 109 178 162 58 231 290 17 37 178 175 237 201 244 239 226 107 71 155 218 221 54 172 239 57
split_gain=100.748 85.456 113.297 109.926 109.215 126.4 76.3771 73.4113 67.0905 107.031 76.1055 72.9999 67.7095 66.8533 66.772 80.7751 65.8541 65.4433 62.1382 62.1345 59.7274 58.4898 56.8147 55.8586 51.3304 63.4411 81.1901 59.9915 69.0673 58.1418
threshold=2.1236313581466679 0.3575617671012879 1.3678907752037051 -0.10564056411385535 -0.8720141053199767 1.7162474393844607 -2.6208701133728023 0.76208031177520763 1.0000000180025095e-35 -0.92049512267112721 -1.0649810433387754 1.3585634231567385 0.30518181622028356 -2.2530168294906612 0.41616515815258032 1.6531491279602053 -0.095883999019861207 2.0775796175003056 0.49769316613674169 -1.0996683835983274 -1.0936956405639646 0.51974841952323925 -0.52863863110542286 -0.71381250023841847 -0.69576534628868092 -0.84839051961898793 0.4235116988420487 0.099898945540189757 -0.74670180678367604 -0.28957226872444147
decision_type=2 2 2 2 2 2 2 2 2 2 2 2 2 2 2 2 2 2 2 2 2 2 2 2 2 2 2 2 2 2
left_child=1 2 7 14 16 -6 -3 8 11 10 -10 22 -11 -8 -4 -16 -5 -2 -9 21 -18 -19 -1 -13 25 26 -15 29 -29 -26
right_child=17 6 3 4 5 -7 13 18 9 12 -12 23 -14 24 15 -17 20 19 -20 -21 -22 -23 -24 -25 27 -27 -28 28 -30 -31
leaf_value=-6.4257148476588871e-05 0.0085206107407534565 0.010919794748770072 0.0022443685712292653 0.020821711901452176 0.00039095262126317596 0.010599672454644628 0.014007682501765857 -0.0014235070000962085 0.0052370784972716146 -0.00063071036279196665 -0.0043885388699772951 0.014756085450672031 0.001430761835595967 -0.0029735066568229267 0.0023299792616502859 -0.010301706156038423 0.00033008273706755346 -0.0054285277111777138 0.011651922452143547 -0.00054530476489930539 0.0091893803152002466 0.010426770303028033 0.00097044724954389416 0 -0.0011667937833047064 -0.0070081579689336079 0.0082717994595041255 -0.0042313510144742876 -0.00096752022989465673 0.0012134019966435847
leaf_weight=89941 1858 472 1721 343 7109 1286 248 32600 766 57347 8411 553 19070 3298 652 1237 1033 222 306 3059 2554 1015 100596 442 16256 2719 673 6743 47249 21236
leaf_count=89941 1858 472 1721 343 7109 1286 248 32600 766 57347 8411 553 19070 3298 652 1237 1033 222 306 3059 2554 1015 100596 442 16256 2719 673 6743 47249 21236
internal_value=1.00152e-06 -5.35892e-05 0.000180015 0.00264579 0.00400078 0.00201192 -0.000826491 5.2149e-05 0.000212181 -0.000484175 -0.00354283 0.000524961 -0.000112102 -0.000888077 -0.00189423 -0.00580592 0.0081416 0.0038064 -0.0012858 0.00166798 0.00673719 0.00730151 0.000480496 0.00856695 -0.000931606 -0.00347676 -0.000960596 -0.000741487 -0.00138211 0.000173314
internal_weight=431015 424861 325967 15935 12325 8395 98894 310032 277126 85594 9177 191532 76417 98422 3610 1889 3930 6154 32906 4296 3587 1237 190537 995 98174 6690 3971 91484 53992 37492
internal_count=431015 424861 325967 15935 12325 8395 98894 310032 277126 85594 9177 191532 76417 98422 3610 1889 3930 6154 32906 4296 3587 1237 190537 995 98174 6690 3971 91484 53992 37492
is_linear=0
shrinkage=0.03


Tree=21
num_leaves=31
num_cat=0
split_feature=233 136 58 173 91 175 31 230 70 229 104 186 231 122 162 236 197 55 102 155 320 106 58 42 182 53 57 231 44 44
split_gain=87.8792 76.801 79.8841 74.7559 109.492 76.0015 108.163 122.75 103.5 69.9012 89.1165 93.9949 66.3624 74.0877 65.2264 64.6151 62.3628 57.8076 61.9425 140.85 61.2198 54.4144 68.2884 53.8397 51.4731 57.6081 50.7148 60.1447 49.9716 83.1895
threshold=2.2336373329162602 -1.708433926105499 0.89743548631668102 0.10089044272899629 1.1814340949058535 -0.63809603452682484 -1.7994940280914304 0.20231508463621142 -0.33230477571487421 -0.10338452830910681 -0.5878949463367461 -2.3869847059249873 0.09734611958265306 -2.1352356672286983 1.0812010765075686 1.0765917301177981 1.7056494355201723 0.50245365500450145 -2.7113461494445796 -2.7367221117019649 -0.022864529862999913 -0.16477779299020764 0.69565084576606762 2.1802957057952885 0.14815228432416919 -1.2194090485572813 -1.3140637278556822 -1.0000000180025095e-35 -1.8106524944305418 -1.1888772845268247
decision_type=2 2 2 2 2 2 2 2 2 2 2 2 2 2 2 2 2 2 2 2 2 2 2 2 2 2 2 2 2 2
left_child=3 2 -2 4 14 8 7 28 -5 12 -11 -12 15 -14 17 -8 24 18 20 -20 -1 22 -19 -3 25 -6 -18 -28 -7 -30
right_child=1 23 -4 5 16 6 9 -9 -10 10 11 -13 13 -15 -16 -17 26 21 19 -21 -22 -23 -24 -25 -26 -27 27 -29 29 -31
leaf_value=-0.0070872409183882568 -0.0019282566662221937 7.8998129244639261e-05 0.02457677670255794 -0.010783031313584553 -0.0050746788104195405 -0.003793653445459024 -0.0016689843608185837 0.014976721443445421 -0.00022739234304432313 0.0039145957868161945 0.0090623752786050775 -0.00053112132140457522 -0.013620473466492934 -0.0033161115556898609 -0.0037321744197128912 0.0039780681475871243 -0.00037894408342593883 0.0014530113114019387 0.008556957875787639 0.00011490648898549396 -0.00033101511469690582 4.3753567522684744e-05 0.0077967937428603459 0.0058276350339580563 8.2734831909838446e-05 0.0084724622706655664 0.015257905844590766 0.0024094708417505238 0.012818871945035542 6.7100062802801863e-05
leaf_weight=2083 122 3619 276 1515 299 973 13378 780 1970 4309 903 124615 696 7688 3803 2069 408 3930 1774 232010 3074 5832 2657 2577 3977 1597 997 587 675 1509
leaf_count=2083 122 3619 276 1515 299 973 13378 780 1970 4309 903 124615 696 7688 3803 2069 408 3930 1774 232010 3074 5832 2657 2577 3977 1597 997 587 675 1509
internal_value=3.50173e-06 0.00343555 0.0160309 -4.93117e-05 0.000261599 -0.000558831 -0.000459494 0.00442911 -0.00493708 -0.000587261 -0.000310253 -0.000458281 -0.00208225 -0.00423761 0.000152767 -0.000889046 0.00374502 0.000213031 0.000107902 0.000180976 -0.00313476 0.00220817 0.00407317 0.00252925 0.0021062 0.00614883 0.00835867 0.010773 0.00165081 0.00422491
internal_weight=430702 6594 398 424108 263028 161080 157595 3937 3485 153658 129827 125518 23831 8384 255163 15447 7865 251360 238941 233784 5157 12419 6587 6196 5873 1896 1992 1584 3157 2184
internal_count=430702 6594 398 424108 263028 161080 157595 3937 3485 153658 129827 125518 23831 8384 255163 15447 7865 251360 238941 233784 5157 12419 6587 6196 5873 1896 1992 1584 3157 2184
is_linear=0
shrinkage=0.03


Tree=22
num_leaves=31
num_cat=0
split_feature=113 51 257 236 215 113 89 176 131 212 257 261 206 236 297 238 23 234 83 109 237 3 145 146 157 140 269 144 63 298
split_gain=92.8571 90.474 86.9576 63.9649 76.0658 66.0285 65.2897 63.7328 59.2834 57.5067 61.5073 129.902 56.8017 53.4785 60.9133 56.0081 88.2567 57.1071 67.1026 53.2374 59.1046 52.8386 67.7394 47.5504 45.6481 45.6261 52.9238 44.4372 74.3508 47.3665
threshold=1.8583177924156191 0.26576808094978338 1.7062012553215029 -1.2221473455429075 -1.583437919616699 0.7867369055747987 -1.8133774399757383 1.2724020481109621 -0.91968572139739979 2.1108124256134038 -1.4412282109260557 -2.3947064876556392 -2.3990422487258907 0.43646487593650823 0.55420210957527172 1.0960009694099428 1.0000000180025095e-35 -1.7477504611015318 -1.8485146164894102 0.27270217239856726 0.59392905235290538 -1.7677181959152219 -1.3566222190856931 -1.0000000180025095e-35 0.81987553834915172 2.1475193500518803 1.1765652894973757 -1.8149156570434568 -2.6826878786087032 1.5416604280471804
decision_type=2 2 2 2 2 2 2 2 2 2 2 2 2 2 2 2 2 2 2 2 2 2 2 2 2 2 2 2 2 2
left_child=1 2 13 12 5 8 7 -6 -5 10 11 -2 -3 14 -1 17 24 -15 -19 -13 -21 -16 -23 -12 -17 26 -4 29 -29 -8
right_child=9 3 25 4 6 -7 27 -9 -10 -11 23 19 -14 15 21 16 -18 18 -20 20 -22 22 -24 -25 -26 -27 -28 28 -30 -31
leaf_value=0.00012499781582928128 -0.0054305176874452337 -0.016385013666444254 0.00043416451867617125 -0.0015123818059341251 -0.001082325950525153 0.011033091916653401 -0.0094174622971790294 0.018322664480132516 0.013408230463228135 0.0064491350341517829 -0.0039372603445946763 0.0026185454432427202 -0.0032781965807040184 -0.014130640463110989 -0.0070821013563269215 0.00059626295753793053 -0.0057816866524843611 0.0080442284640779189 0.001498384218585102 0.027489774393578244 0.0076695177026905427 0.0049633985101177535 -0.0023604271817164991 0.0015723068222152625 0.018326684089418309 0.00011691211605939679 0.011065568600922629 0.01313241381294118 -0.00073236960880019349 0.0050374965513145025
leaf_weight=234699 472 329 687 1428 235 887 970 300 264 2684 1712 370 3320 180 1687 4500 2472 1482 32674 317 356 1302 7452 7286 117 1181 1403 327 119054 214
leaf_count=234699 472 329 687 1428 235 887 970 300 264 2684 1712 370 3320 180 1687 4500 2472 1482 32674 317 356 1302 7452 7286 117 1181 1403 327 119054 214
internal_value=3.61665e-05 -4.15602e-05 0.000250506 -0.00070868 -0.000589992 0.00447288 -0.000701011 0.00952659 0.000769865 0.00251219 0.00146826 0.00703401 -0.00462457 0.000193719 2.39628e-05 0.00119055 -0.00121003 0.00169532 0.00179572 0.012953 0.0179622 -0.00221438 -0.00122812 0.000484358 0.00118738 0.00510291 0.00775036 -0.000750456 -0.000689686 -0.00651538
internal_weight=430361 417164 289836 127328 123679 2579 121100 535 1692 13197 10513 1515 3649 286565 245140 41425 7089 34336 34156 1043 673 10441 8754 8998 4617 3271 2090 120565 119381 1184
internal_count=430361 417164 289836 127328 123679 2579 121100 535 1692 13197 10513 1515 3649 286565 245140 41425 7089 34336 34156 1043 673 10441 8754 8998 4617 3271 2090 120565 119381 1184
is_linear=0
shrinkage=0.03


Tree=23
num_leaves=31
num_cat=0
split_feature=293 112 197 132 266 297 237 90 233 268 109 356 236 222 42 2 55 143 210 320 170 277 280 106 114 47 119 211 56 328
split_gain=85.0979 79.0349 73.1352 56.6391 70.7002 63.4841 99.8344 61.8606 53.3542 71.074 83.1196 52.6358 49.6543 50.5514 46.0009 45.0372 61.0502 43.9074 42.7734 41.5001 80.6062 56.2582 126.031 82.734 81.3064 62.0339 67.0147 66.6793 40.6295 40.1178
threshold=1.8522346019744875 0.55633777379989635 1.4645816087722781 -1.3250389695167539 -0.037529557943344109 -0.31277543306350702 0.14420371502637866 -0.7401524782180785 0.78066441416740429 -1.2526558637619016 -0.10284212231636046 -0.0096526267006993276 -2.5898666381835933 1.301217317581177 2.1802957057952885 -0.51093983650207508 2.4498119354248051 -2.3637018203735347 -1.8337316513061521 -0.024371601641178128 -1.6448008418083189 -2.2600692510604854 -2.2422779798507686 -0.39841710031032557 0.85330197215080272 -2.066302895545959 2.4336242675781254 -2.3599267005920406 -0.84862464666366566 0.0010977475903928282
decision_type=2 2 2 2 2 2 2 2 2 2 2 2 2 2 2 2 2 2 2 2 2 2 2 2 2 2 2 2 2 2
left_child=1 2 19 5 18 -2 -7 17 29 28 -11 -4 -12 -14 15 16 -6 -8 -5 20 -1 22 24 -24 -21 26 -23 -27 -10 -3
right_child=3 8 11 4 14 6 7 -9 9 10 12 -13 13 -15 -16 -17 -18 -19 -20 21 -22 25 23 -25 -26 27 -28 -29 -30 -31
leaf_value=-0.0083022019146319088 -0.012231271577998996 -0.0021537742741477603 0.00074093086258124146 0.0089563625612737313 0.00022080144668431127 0.023722611291866216 -0.015706236790851109 0.011934389849285998 -0.0095034923880302803 -0.0079202183221052137 -0.01493114617560511 0.0061166704056538719 -0.00065764299380838504 0.0019525997007159696 0.005327104416642448 0.00011280575529818026 0.019313518475387655 0.0025654650916010976 -0.0057239257955197641 -0.00019166874611223193 -0.00012668743686831095 0.0022426509124719232 0.0098401662175598356 -0.0063185410058210567 0.016267294222989708 -0.0044192468205567345 0.016646640024361659 2.6756415499469868e-05 0.0073961355373705732 0.0010174727688498175
leaf_weight=1535 100 31116 3817 170 410 337 140 508 108 1286 186 3071 34378 8246 3624 5782 254 381 1502 7755 3855 5697 2346 287 259 3046 297 304403 1480 3910
leaf_count=1535 100 31116 3817 170 410 337 140 508 108 1286 186 3071 34378 8246 3624 5782 254 381 1502 7755 3855 5697 2346 287 259 3046 297 304403 1480 3910
internal_value=8.85469e-06 -6.55753e-05 0.000135954 0.0023784 0.00164455 0.00795312 0.00980237 0.0045921 -0.000909012 -0.000225873 -0.000457907 0.00319189 -0.000223143 -0.000144954 0.00261183 0.00102712 0.00831411 -0.002189 -0.00396578 7.0967e-05 -0.0025325 0.000115345 0.0022584 0.00793141 0.00034209 4.14533e-05 0.00305923 -1.66005e-05 0.00595632 -0.00179082
internal_weight=430286 417078 336368 13208 11742 1466 1366 1029 80710 45684 44096 6888 42810 42624 10070 6446 664 521 1672 329480 5390 324090 10647 2633 8014 313443 5994 307449 1588 35026
internal_count=430286 417078 336368 13208 11742 1466 1366 1029 80710 45684 44096 6888 42810 42624 10070 6446 664 521 1672 329480 5390 324090 10647 2633 8014 313443 5994 307449 1588 35026
is_linear=0
shrinkage=0.03


Tree=24
num_leaves=31
num_cat=0
split_feature=93 283 58 199 55 320 234 37 160 114 58 227 231 177 22 110 55 218 117 167 107 36 232 16 110 188 179 99 199 161
split_gain=87.142 71.4757 57.3035 78.1055 54.6224 53.9922 89.3341 86.521 104.588 76.4365 75.1472 65.196 90.1852 86.7711 78.3671 63.4706 77.2373 62.8324 58.2162 57.5267 61.9409 65.216 51.7234 50.4818 46.0833 79.3479 105.165 88.9837 73.6223 68.8167
threshold=2.130030751228333 -0.099945403635501848 -0.92049512267112721 -0.18771144747734067 -1.9258593320846555 -0.023517607711255547 -2.046948909759521 -2.2530168294906612 -2.1924400329589839 0.46475844085216528 1.5456030368804934 -0.4064320027828216 0.09734611958265306 0.16339210420846942 -1.5130586028099058 -2.5862360000610347 -1.1982919573783872 -0.64516803622245777 -1.6406183242797849 -1.4907678365707395 -0.52457711100578297 -2.2641438245773311 0.92356631159782421 0.22377205640077594 -0.60584241151809681 -1.4681764245033262 -0.17220873385667798 0.90158280730247509 -1.8932140469551084 0.82280266284942638
decision_type=2 2 2 2 2 2 2 2 2 2 2 2 2 2 2 2 2 2 2 2 2 2 2 2 2 2 2 2 2 2
left_child=1 5 3 -3 -5 6 19 8 9 10 -7 12 18 -14 -13 -10 -17 -16 -9 -1 21 -21 -11 -2 -4 26 29 -28 -27 -26
right_child=23 2 24 4 -6 7 -8 11 15 22 -12 14 13 -15 17 16 -18 -19 -20 20 -22 -23 -24 -25 25 28 27 -29 -30 -31
leaf_value=-0.0092861178690934101 0.013297537564400518 -0.005192895807832997 -0.0021757489130427429 -0.0084866926043566486 -0.00042558943911322325 0.0013967019100952702 -0.00020785716752459292 0.0023086604573677857 0.025473622550414826 0.01665408412424807 -0.010289136211500157 0.0049569456879457862 -0.0066499888441419117 0 -0.0010727192600093237 0 0.011439524370289941 0.0011891344040764298 -0.0001376359593133053 0.027155496580526232 -0.01422759424796095 0 -0.0020865081123539182 0.0026649893283635191 0.00048200365182837529 -0.01563308080329371 0.0072253861563431453 -0.006403039562545957 -0.00024612430439836298 -0.012195531844160027
leaf_weight=1844 434 5013 10738 786 14864 6178 7434 9599 183 440 516 4256 3613 3549 13502 858 1324 58010 96464 107 100 161 143 6012 1606 261 3939 445 177979 471
leaf_count=1844 434 5013 10738 786 14864 6178 7434 9599 183 440 516 4256 3613 3549 13502 858 1324 58010 96464 107 100 161 143 6012 1606 261 3939 445 177979 471
internal_value=9.12797e-06 -4.28355e-05 -0.000425669 -0.00192963 -0.000859907 0.000352936 -0.00183044 0.000460648 0.00323307 0.0013927 0.000423262 0.000317291 -0.0001362 -0.00339061 0.000998787 0.00871083 0.00695013 0.000757705 8.13263e-05 -0.0070984 0.00300435 0.0110174 0.0116431 0.00346618 -0.000264945 -0.000152008 0.00310502 0.00575111 -0.00027209 -0.00233871
internal_weight=430829 424383 216102 20663 15650 208281 9646 198635 9642 7277 6694 188993 113225 7162 75768 2365 2182 71512 106063 2212 368 268 583 6446 195439 184701 6461 4384 178240 2077
internal_count=430829 424383 216102 20663 15650 208281 9646 198635 9642 7277 6694 188993 113225 7162 75768 2365 2182 71512 106063 2212 368 268 583 6446 195439 184701 6461 4384 178240 2077
is_linear=0
shrinkage=0.03


end of trees

feature_importances:
LOW3=23
CLOSE1=20
OPEN17=18
CLOSE4=15
CLOSE2=14
CLOSE8=12
LOW7=12
CLOSE3=11
OPEN6=11
HIGH1=11
HIGH0=10
CLOSE22=9
LOW5=9
OPEN10=8
LOW40=8
LOW6=8
VWAP6=8
CLOSE42=7
OPEN26=7
OPEN1=7
HIGH9=7
HIGH6=7
LOW28=7
LOW21=7
LOW2=7
VWAP3=7
CLOSE23=6
CLOSE11=6
CLOSE10=6
CLOSE5=6
OPEN7=6
OPEN2=6
HIGH34=6
LOW13=6
LOW9=6
VWAP2=6
CLOSE32=5
CLOSE19=5
HIGH7=5
HIGH3=5
LOW42=5
LOW35=5
LOW23=5
LOW0=5
VWAP0=5
CLOSE58=4
CLOSE52=4
CLOSE36=4
CLOSE28=4
CLOSE20=4
CLOSE17=4
CLOSE15=4
CLOSE12=4
OPEN14=4
OPEN12=4
OPEN8=4
OPEN3=4
HIGH57=4
HIGH18=4
HIGH4=4
HIGH2=4
LOW59=4
LOW38=4
LOW29=4
LOW24=4
LOW15=4
LOW14=4
LOW8=4
LOW1=4
VWAP19=4
VWAP13=4
VOLUME39=4
CLOSE57=3
CLOSE7=3
CLOSE6=3
OPEN40=3
OPEN19=3
OPEN18=3
OPEN13=3
OPEN11=3
OPEN9=3
OPEN5=3
OPEN4=3
OPEN0=3
HIGH48=3
HIGH47=3
HIGH33=3
HIGH21=3
HIGH19=3
HIGH10=3
HIGH8=3
LOW51=3
LOW44=3
LOW36=3
LOW27=3
LOW17=3
LOW11=3
LOW10=3
VWAP59=3
VWAP42=3
VWAP7=3
VWAP1=3
CLOSE54=2
CLOSE45=2
CLOSE43=2
CLOSE39=2
CLOSE38=2
CLOSE37=2
CLOSE31=2
CLOSE30=2
CLOSE27=2
CLOSE16=2
CLOSE13=2
CLOSE9=2
OPEN59=2
OPEN56=2
OPEN49=2
OPEN48=2
OPEN46=2
OPEN36=2
OPEN33=2
OPEN32=2
OPEN30=2
OPEN29=2
OPEN27=2
OPEN24=2
HIGH36=2
HIGH35=2
HIGH30=2
HIGH24=2
HIGH23=2
HIGH22=2
HIGH17=2
HIGH14=2
HIGH13=2
HIGH12=2
LOW57=2
LOW54=2
LOW37=2
LOW33=2
LOW31=2
LOW12=2
LOW4=2
VWAP32=2
VWAP22=2
VWAP16=2
VWAP15=2
VWAP8=2
VWAP5=2
VOLUME44=2
VOLUME33=2
VOLUME27=2
VOLUME20=2
CLOSE59=1
CLOSE56=1
CLOSE51=1
CLOSE49=1
CLOSE41=1
CLOSE40=1
CLOSE33=1
CLOSE29=1
CLOSE26=1
CLOSE21=1
CLOSE18=1
OPEN58=1
OPEN57=1
OPEN55=1
OPEN54=1
OPEN53=1
OPEN41=1
OPEN35=1
OPEN28=1
OPEN25=1
OPEN22=1
OPEN20=1
OPEN16=1
OPEN15=1
HIGH58=1
HIGH56=1
HIGH53=1
HIGH51=1
HIGH43=1
HIGH42=1
HIGH40=1
HIGH39=1
HIGH32=1
HIGH31=1
HIGH27=1
HIGH26=1
HIGH16=1
HIGH15=1
HIGH11=1
HIGH5=1
LOW58=1
LOW56=1
LOW53=1
LOW50=1
LOW49=1
LOW46=1
LOW45=1
LOW39=1
LOW19=1
LOW18=1
LOW16=1
VWAP55=1
VWAP50=1
VWAP48=1
VWAP43=1
VWAP41=1
VWAP38=1
VWAP33=1
VWAP31=1
VWAP30=1
VWAP28=1
VWAP24=1
VWAP21=1
VWAP18=1
VWAP17=1
VWAP11=1
VWAP10=1
VWAP9=1
VOLUME31=1
VOLUME13=1
VOLUME9=1
VOLUME5=1
VOLUME4=1
VOLUME3=1
VOLUME1=1

parameters:
[boosting: gbdt]
[objective: regression]
[metric: l2]
[tree_learner: serial]
[device_type: gpu]
[data_sample_strategy: bagging]
[data: ]
[valid: ]
[num_iterations: 500]
[learning_rate: 0.03]
[num_leaves: 31]
[num_threads: 12]
[seed: 20260813]
[deterministic: 0]
[force_col_wise: 1]
[force_row_wise: 0]
[histogram_pool_size: -1]
[max_depth: 7]
[min_data_in_leaf: 100]
[min_sum_hessian_in_leaf: 0.001]
[bagging_fraction: 0.8]
[pos_bagging_fraction: 1]
[neg_bagging_fraction: 1]
[bagging_freq: 1]
[bagging_seed: 20260813]
[bagging_by_query: 0]
[feature_fraction: 0.8]
[feature_fraction_bynode: 1]
[feature_fraction_seed: 20260813]
[extra_trees: 0]
[extra_seed: 13549]
[early_stopping_round: 0]
[early_stopping_min_delta: 0]
[first_metric_only: 0]
[max_delta_step: 0]
[lambda_l1: 10]
[lambda_l2: 20]
[linear_lambda: 0]
[min_gain_to_split: 0]
[drop_rate: 0.1]
[max_drop: 50]
[skip_drop: 0.5]
[xgboost_dart_mode: 0]
[uniform_drop: 0]
[drop_seed: 11866]
[top_rate: 0.2]
[other_rate: 0.1]
[min_data_per_group: 100]
[max_cat_threshold: 32]
[cat_l2: 10]
[cat_smooth: 10]
[max_cat_to_onehot: 4]
[top_k: 20]
[monotone_constraints: ]
[monotone_constraints_method: basic]
[monotone_penalty: 0]
[feature_contri: ]
[forcedsplits_filename: ]
[refit_decay_rate: 0.9]
[cegb_tradeoff: 1]
[cegb_penalty_split: 0]
[cegb_penalty_feature_lazy: ]
[cegb_penalty_feature_coupled: ]
[path_smooth: 0]
[interaction_constraints: ]
[verbosity: 1]
[saved_feature_importance_type: 0]
[use_quantized_grad: 0]
[num_grad_quant_bins: 4]
[quant_train_renew_leaf: 0]
[stochastic_rounding: 1]
[linear_tree: 0]
[max_bin: 63]
[max_bin_by_feature: ]
[min_data_in_bin: 3]
[bin_construct_sample_cnt: 200000]
[data_random_seed: 20260812]
[is_enable_sparse: 1]
[enable_bundle: 1]
[use_missing: 1]
[zero_as_missing: 0]
[feature_pre_filter: 1]
[pre_partition: 0]
[two_round: 0]
[header: 0]
[label_column: ]
[weight_column: ]
[group_column: ]
[ignore_column: ]
[categorical_feature: ]
[forcedbins_filename: ]
[precise_float_parser: 0]
[parser_config_file: ]
[objective_seed: 16743]
[num_class: 1]
[is_unbalance: 0]
[scale_pos_weight: 1]
[sigmoid: 1]
[boost_from_average: 1]
[reg_sqrt: 0]
[alpha: 0.9]
[fair_c: 1]
[poisson_max_delta_step: 0.7]
[tweedie_variance_power: 1.5]
[lambdarank_truncation_level: 30]
[lambdarank_norm: 1]
[label_gain: ]
[lambdarank_position_bias_regularization: 0]
[eval_at: ]
[multi_error_top_k: 1]
[auc_mu_weights: ]
[num_machines: 1]
[local_listen_port: 12400]
[time_out: 120]
[machine_list_filename: ]
[machines: ]
[gpu_platform_id: 0]
[gpu_device_id: 0]
[gpu_use_dp: 1]
[num_gpu: 1]

end of parameters

pandas_categorical:null
