tree
version=v4
num_class=1
num_tree_per_iteration=1
label_index=0
max_feature_idx=157
objective=regression
feature_names=KMID KLEN KMID2 KUP KUP2 KLOW KLOW2 KSFT KSFT2 OPEN0 HIGH0 LOW0 VWAP0 ROC5 ROC10 ROC20 ROC30 ROC60 MA5 MA10 MA20 MA30 MA60 STD5 STD10 STD20 STD30 STD60 BETA5 BETA10 BETA20 BETA30 BETA60 RSQR5 RSQR10 RSQR20 RSQR30 RSQR60 RESI5 RESI10 RESI20 RESI30 RESI60 MAX5 MAX10 MAX20 MAX30 MAX60 MIN5 MIN10 MIN20 MIN30 MIN60 QTLU5 QTLU10 QTLU20 QTLU30 QTLU60 QTLD5 QTLD10 QTLD20 QTLD30 QTLD60 RANK5 RANK10 RANK20 RANK30 RANK60 RSV5 RSV10 RSV20 RSV30 RSV60 IMAX5 IMAX10 IMAX20 IMAX30 IMAX60 IMIN5 IMIN10 IMIN20 IMIN30 IMIN60 IMXD5 IMXD10 IMXD20 IMXD30 IMXD60 CORR5 CORR10 CORR20 CORR30 CORR60 CORD5 CORD10 CORD20 CORD30 CORD60 CNTP5 CNTP10 CNTP20 CNTP30 CNTP60 CNTN5 CNTN10 CNTN20 CNTN30 CNTN60 CNTD5 CNTD10 CNTD20 CNTD30 CNTD60 SUMP5 SUMP10 SUMP20 SUMP30 SUMP60 SUMN5 SUMN10 SUMN20 SUMN30 SUMN60 SUMD5 SUMD10 SUMD20 SUMD30 SUMD60 VMA5 VMA10 VMA20 VMA30 VMA60 VSTD5 VSTD10 VSTD20 VSTD30 VSTD60 WVMA5 WVMA10 WVMA20 WVMA30 WVMA60 VSUMP5 VSUMP10 VSUMP20 VSUMP30 VSUMP60 VSUMN5 VSUMN10 VSUMN20 VSUMN30 VSUMN60 VSUMD5 VSUMD10 VSUMD20 VSUMD30 VSUMD60
feature_infos=[-0.14947372674942017:0.222027987241745] [0:0.22217290103435516] [-1:1] [0:0.21226702630519867] [0:1] [0:0.19577737152576447] [0:1] [-0.21737830340862274:0.22217290103435516] [-1:1] [0.81831187009811401:1.1757426261901855] [1:1.2203390598297119] [0.80375176668167114:1] [0.89535439014434814:1.1014472246170044] [0.62103557586669922:1.5347062349319458] [0.58417785167694092:1.8924485445022583] [0.46860837936401367:2.2146341800689697] [0.45439684391021729:2.740487813949585] [0.36440131068229675:2.6513261795043945] [0.83368843793869019:1.2064073085784912] [0.71110033988952637:1.4220441579818726] [0.61736243963241577:1.7117466926574707] [0.56646168231964111:1.9959673881530762] [0.4937971830368042:1.8249267339706421] [0:0.15229916572570801] [0:0.2603875994682312] [0:0.36472421884536743] [0:0.57258552312850952] [0:0.50059491395950317] [-0.11732283234596252:0.079978801310062408] [-0.11732283234596252:0.079978801310062408] [-0.11732283234596252:0.079978801310062408] [-0.11732283234596252:0.079978801310062408] [-0.11732283234596252:0.079978801310062408] [0:1] [0:1] [0:1] [0:1] [0:1] [-0.087322920560836792:0.075261890888214111] [-0.18959152698516846:0.18788224458694458] [-0.29853948950767517:0.27287426590919495] [-0.40098747611045837:0.27581575512886047] [-0.96870207786560059:0.33257237076759338] [1:1.5713194608688354] [1:1.9298244714736938] [1:2.2439024448394775] [1:3.3160974979400635] [1:3.3160974979400635] [0.61784285306930542:1] [0.54045307636260986:1] [0.4660193920135498:1] [0.43721681833267212:1] [0.34951454401016235:1] [0.92685049772262573:1.3299539089202881] [0.84263509511947632:1.6361554861068726] [0.69682848453521729:2.054157018661499] [0.62161809206008911:2.423609733581543] [0.56576049327850342:2.2013657093048096] [0.73728358745574951:1.1517097949981689] [0.58504855632781982:1.2103414535522461] [0.49352750182151794:1.3664377927780151] [0.47533980011940002:1.5493515729904175] [0.39857602119445801:1.5099923610687256] [0.20000000298023224:1] [0.10000000149011612:1] [0.05000000074505806:1] [0.033333335071802139:1] [0.01666666753590107:1] [0:1] [0:1] [0:1] [0:1] [0:1] [0.20000000298023224:1] [0.10000000149011612:1] [0.05000000074505806:1] [0.033333335071802139:1] [0.01666666753590107:1] [0.20000000298023224:1] [0.10000000149011612:1] [0.05000000074505806:1] [0.033333335071802139:1] [0.01666666753590107:1] [-0.80000001192092896:0.80000001192092896] [-0.89999997615814209:0.89999997615814209] [-0.94999998807907104:0.94999998807907104] [-0.96666663885116577:0.96666663885116577] [-0.98333334922790527:0.98333334922790527] [-1:1] [-1:1] [-1:1] [-1:1] [-1:1] [-1:1] [-1:1] [-1:1] [-1:1] [-1:1] [0:1] [0:1] [0:0.94999998807907104] [0:0.91666668653488159] [0:0.91666668653488159] [0:1] [0:1] [0:0.89999997615814209] [0:0.8571428656578064] [0:0.8571428656578064] [-1:1] [-1:1] [-0.83333331346511841:0.91666668653488159] [-0.83333331346511841:0.91666668653488159] [-0.83333331346511841:0.91666668653488159] [0:1] [0:1] [0:1] [0:1] [0:1] [0:1] [0:1] [0:1] [0:1] [0:1] [-1:1] [-1:1] [-1:1] [-1:1] [-1:1] [0.20004743337631226:15222.455078125] [0.10012400150299072:19018.634765625] [0.050104878842830658:17437.12890625] [0.033520448952913284:22716.572265625] [0.017187755554914474:26107.111328125] [0.00080492562847211957:21624.73828125] [0.0021778203081339598:58684.484375] [0.0021778203081339598:44502.63671875] [0.0021778203081339598:36894.8125] [0.0021778203081339598:26550.70703125] [0:2.2360680103302002] [0:3.1615598201751709] [0:4.4708261489868164] [0:5.4658303260803223] [0:7.5986995697021484] [0:1] [0:1] [0:1] [0:1] [0:1] [0:1] [0:1] [0:1] [0:1] [0:1] [-1:1] [-1:1] [-1:1] [-1:1] [-1:1]
tree_sizes=3094 3048 3116 3066 3026 3070 3058 3073 3072 3090 3088 3104 3071 3035 3078 3055 3117 3044 3026 3050 3092

Tree=0
num_leaves=31
num_cat=0
split_feature=16 26 71 40 69 115 54 41 61 1 36 25 25 9 72 23 17 140 136 32 102 39 118 81 28 45 90 87 81 41
split_gain=183.415 110.163 76.7981 130.966 78.8661 86.5845 76.8618 73.4392 63.9855 85.0246 62.2513 58.2684 56.9041 51.6703 51.0345 50.0795 46.8966 42.2463 35.7006 39.9553 41.3052 33.7582 47.1764 33.1497 31.7523 31.6327 29.2705 34.5245 29.1912 28.983
threshold=1.2172914147377016 0.016355155035853389 0.5333329737186433 -0.028694209642708298 0.63157722353935253 0.74345564842224132 0.99139302968978893 0.04258703067898751 1.055646598339081 0.02212393190711737 0.80496826767921459 0.02175721246749163 0.045786403119564063 0.97248473763465892 0.085906889289617552 0.01609872002154589 0.92055243253707897 0.73334327340126049 0.3569148480892182 0.0051868280861526736 0.60922586917877208 -0.0021018405677750702 0.55434766411781322 0.28333334624767309 -0.010286203119903801 1.1535205245018008 0.47034798562526708 -0.59166666865348805 0.91666665673255932 -0.057597231119871133
decision_type=10 10 10 10 10 10 10 10 10 10 10 10 10 10 10 10 8 10 10 10 2 8 10 2 10 10 10 2 2 10
left_child=1 -1 6 18 11 12 28 8 9 -8 -2 16 -6 -7 -10 -12 -5 -17 19 24 -21 29 -23 -13 -4 -19 27 -9 -3 -20
right_child=10 2 3 4 5 13 7 26 14 -11 15 23 -14 -15 -16 17 -18 25 21 20 -22 22 -24 -25 -26 -27 -28 -29 -30 -31
leaf_value=0.001317740724713182 0.002885038631905618 -0.0060292378496166251 0.010469243251858659 0.0031761609415867555 0.00071794677924064815 -0.0079092718547629469 -0.00046630270397613794 0.0066037417887312355 -1.4948711436410956e-09 -0.0024045607981224462 -0.00074791230121077799 -0.0043491193118446857 0.0045236369607662193 -0.0012013901829590638 0.0059858289637784411 -1.4948711436410956e-09 -0.0011465860686094504 0.00021343262294765543 -0.002070794464105036 0.02179918619632687 -1.4948711436410956e-09 0.0082475842822098428 -0.0084578983056642441 -0.00090782824981337101 0.00285453244247728 0.01714578584093145 0.014802918611508172 -0.00025394045104291176 0.0054643999087949351 0.0048842554111642473
leaf_weight=40466 1923 3298 736 2940 43305 1202 59895 1183 3547 31273 222 7143 3883 8169 1989 175 9454 150 602 274 129 179 515 4290 2037 1048 205 1287 169 2554
leaf_count=40466 1923 3298 736 2940 43305 1202 59895 1183 3547 31273 222 7143 3883 8169 1989 175 9454 150 602 274 129 179 515 4290 2037 1048 205 1287 169 2554
internal_value=1.12128e-06 -0.000101538 -0.000405088 0.000245943 -9.41387e-05 0.000511806 -0.000961277 -0.000803936 -0.000942408 -0.00113485 0.00678123 -0.00154429 0.00103925 -0.00210875 0.0021654 0.011199 -9.35492e-05 0.013329 0.0041687 0.00656205 0.0155692 0.00209311 -0.00361864 -0.00308788 0.00504351 0.0153103 0.0040605 0.00293671 -0.00535481 0.00345845
internal_weight=234242 230724 190258 87412 80386 56559 102846 99379 96704 91168 3518 23827 47188 9371 5536 1595 12394 1373 7026 3176 403 3850 694 11433 2773 1198 2675 2470 3467 3156
internal_count=234242 230724 190258 87412 80386 56559 102846 99379 96704 91168 3518 23827 47188 9371 5536 1595 12394 1373 7026 3176 403 3850 694 11433 2773 1198 2675 2470 3467 3156
is_linear=0
shrinkage=1


Tree=1
num_leaves=31
num_cat=0
split_feature=16 26 30 81 33 60 25 29 14 45 37 42 119 36 80 86 118 125 140 57 30 33 41 39 30 77 56 36 122 34
split_gain=164.175 112.229 63.6897 68.7628 68.4539 96.6988 62.0355 86.3188 61.0571 58.6659 57.2449 52.2635 52.0458 51.7583 47.944 45.342 44.9919 43.6002 42.886 41.3199 39.68 37.7964 37.1057 36.9301 43.002 35.1912 32.2155 32.1597 31.2172 52.3737
threshold=1.2172914147377016 0.019851308315992359 -0.00040456015267409379 0.083333335816860213 0.24699738621711734 0.84452357888221752 0.058278970420360572 -9.2435213446151452e-05 0.91505607962608349 1.0481497049331667 0.72400686144828807 -0.0023050018353387709 0.351851835846901 0.80496826767921459 0.52500000596046459 -0.81666666269302357 0.10344879701733591 0.47706456482410436 0.76455602049827587 1.1457290649414065 -0.0055369366891682139 0.8547014892101289 -0.050901010632514947 -0.0081364745274186117 -0.0015963027835823593 0.10833333432674409 1.1626154184341433 0.77871072292327892 0.43202087283134466 0.44547566771507269
decision_type=10 10 10 2 10 10 10 10 8 10 10 8 10 10 2 2 10 10 10 10 10 10 10 10 10 2 10 10 10 10
left_child=1 11 3 14 9 16 17 -8 21 19 25 -1 -10 -2 28 -14 -6 -7 -15 -4 26 -5 -12 -16 -25 -11 -20 -18 29 -3
right_child=13 2 4 8 5 6 7 -9 12 10 22 -13 15 18 23 -17 27 -19 20 -21 -22 -23 -24 24 -26 -27 -28 -29 -30 -31
leaf_value=3.8169184108986244e-06 0.0028106649019531103 -0.00033892221057775631 -0.00075940964165294189 0.013658221108515939 -0.00054762579044433405 0.00091921975136520625 -0.0035773844269217335 0.011332968776393703 -0.0041873498538259413 0 0.011426053477053787 0.0017268467347102588 -0.0020699771699931539 0 -0.00073419966146695613 -0.00027365231647951755 -0.016165900821428752 -0.0015760787152994593 0 0.0094042538325455807 -0.0026229277405910557 -0.00124150409842703 -0.0014896695791611495 -0.0080079870850231442 -0.0011002556089245315 -0.0081904951076182658 0.015653945257462092 -0.0031224298104643822 -0.0022556249103638073 0.017870465471453996
leaf_weight=29349 1908 293 18152 401 703 51362 462 1082 4157 648 212 35328 16908 259 1564 52183 504 7088 119 344 103 182 1396 3461 1205 2541 1118 367 773 209
leaf_count=29349 1908 293 18152 401 703 51362 462 1082 4157 648 212 35328 16908 259 1564 52183 504 7088 119 344 103 182 1396 3461 1205 2541 1118 367 773 209
internal_value=-9.20652e-06 -0.000108607 -0.000522386 -0.00112231 4.92096e-05 0.000576703 0.000774706 0.00669094 -0.000838408 -0.00133149 -0.00428984 0.000949854 -0.000920137 0.006413 -0.00386565 -0.000718063 -0.00669714 0.000611058 0.0104384 -0.000544224 0.0125734 0.00862243 0.000148324 -0.00495785 -0.00630039 -0.00660818 0.014099 -0.0112001 0.00123362 0.00706179
internal_weight=234381 230874 166197 81336 84861 61568 59994 1544 73831 23293 4797 64677 73248 3507 7505 69091 1574 58450 1599 18496 1340 583 1608 6230 4666 3189 1237 871 1275 502
internal_count=234381 230874 166197 81336 84861 61568 59994 1544 73831 23293 4797 64677 73248 3507 7505 69091 1574 58450 1599 18496 1340 583 1608 6230 4666 3189 1237 871 1275 502
is_linear=0
shrinkage=0.03


Tree=2
num_leaves=31
num_cat=0
split_feature=16 26 27 33 44 102 1 48 30 58 2 87 5 141 39 78 46 22 5 14 38 14 30 115 42 43 121 23 33 16
split_gain=173.683 95.9079 57.3885 69.9533 83.9805 62.5475 57.3797 52.1984 50.6998 47.6928 50.3064 57.6699 48.5909 54.7896 50.9293 44.8503 71.0857 56.1422 42.4296 41.4518 39.3133 35.9703 34.3082 36.2962 28.3228 28.2949 26.7874 29.9286 28.0808 26.4248
threshold=1.2356088161468508 0.016355155035853389 0.075591053813695921 0.37528073787689215 1.0360887646675112 0.53529900312423717 0.016732269898056987 0.98995694518089306 -0.006855929968878626 0.90999317169189464 0.89090898633003246 -0.77500000596046437 0.012633948586881162 0.96239602565765392 0.022656934335827831 0.30000000447034841 1.0099236369132998 0.9328291416168214 0.014250801876187326 0.9119742512702943 -0.0009803790017031131 0.98384353518486034 -0.00036888419708702708 0.77832520008087169 -0.006115853087976574 1.0229007601737978 0.61607149243354808 0.015763077884912494 0.93945324420928966 0.9735294282436372
decision_type=10 10 10 8 10 2 10 10 10 10 10 2 10 10 10 10 10 10 10 8 10 8 10 10 8 10 10 10 10 10
left_child=1 24 3 4 7 15 21 19 26 20 12 -12 14 -14 -11 17 -17 -5 -8 -3 -4 -6 25 -24 -1 -7 -2 -28 -29 -26
right_child=8 2 9 5 6 22 18 -9 -10 10 11 -13 13 -15 -16 16 -18 -19 -20 -21 -22 -23 23 -25 29 -27 27 28 -30 -31
leaf_value=0.00015334593139345996 -6.772221968812079e-05 0.0055959374771355347 0.0039266290986710341 -0.0050518048907194748 -0.0088673240889491894 -0.0029270317692453546 -0.0042511667035433371 0.0020100447392050391 0.0010977506501441765 0.00064977803907089631 0.019304241159587926 0.0033411157350883981 0.0081086217676156445 0.0012009393185462615 -0.004488127594826777 0.0044678033569813787 -0.00020984949500076067 -0.00089153791523856568 0.00064459573986330829 -0.0011636356467239796 -0.015298857334879963 4.5907137256526213e-05 0.0030520588054075474 -0.0012059745193104755 0.00064188508592120908 0.0020583500093123244 0 0.014723243953706248 0.0018071985285964677 0.0026244695078259726
leaf_weight=14166 143 806 101 3454 410 2360 14781 6286 840 15812 255 1144 1553 3436 1928 3049 61727 20637 1663 30227 268 6654 10822 2038 10589 1723 172 1251 241 15783
leaf_count=14166 143 806 101 3454 410 2360 14781 6286 840 15812 255 1144 1553 3436 1928 3049 61727 20637 1663 30227 268 6654 10822 2038 10589 1723 172 1251 241 15783
internal_value=2.18218e-05 -6.45188e-05 -0.000346883 -0.000547379 -0.0013582 -7.8262e-05 -0.0027645 -0.000463293 0.00763486 0.00100406 0.00118219 0.00669325 0.0008242 0.00343488 7.00683e-05 -0.000399523 7.00833e-06 -0.00150415 -0.00373765 -0.000974922 -0.00933406 -0.000452649 0.00158757 0.00235315 0.00125893 -0.000750337 0.0104642 0.0115375 0.0128869 0.00184087
internal_weight=234319 231672 191134 166637 60827 105810 23508 37319 2647 24497 24128 1399 22729 4989 17740 88867 64776 24091 16444 31033 369 7064 16943 12860 40538 4083 1807 1664 1492 26372
internal_count=234319 231672 191134 166637 60827 105810 23508 37319 2647 24497 24128 1399 22729 4989 17740 88867 64776 24091 16444 31033 369 7064 16943 12860 40538 4083 1807 1664 1492 26372
is_linear=0
shrinkage=0.03


Tree=3
num_leaves=31
num_cat=0
split_feature=16 30 16 20 36 23 14 67 37 140 119 26 14 43 50 40 1 42 53 32 46 29 4 67 55 3 86 47 38 42
split_gain=157.474 98.5719 68.4278 65.7065 53.982 52.2264 48.7221 55.6072 47.5662 47.1551 47.1236 50.37 52.9103 46.8852 47.8131 62.4978 61.6058 43.1656 41.1549 39.9575 38.5499 37.3901 36.6951 36.6366 34.5174 34.3415 33.0898 30.8207 30.8 30.333
threshold=1.2172914147377016 -0.00033317979250568891 0.93432936072349559 0.89634060859680187 0.80496826767921459 0.01732260920107365 0.89523807168006908 0.97156333923339855 0.73739635944366466 0.73334327340126049 0.84999960660934459 0.022073083557188514 0.90864622592926036 1.0045455098152163 0.95558559894561779 -0.028080688789486882 0.025069650262594226 -0.0054058930836617938 0.9867444932460786 -0.0048873580526560536 1.0937035083770754 0.00055729915038682531 0.46875014901161199 0.62605932354927074 0.96208810806274425 0.0089617730118334311 -0.58333334326744068 1.0928834080696108 0.012499994132667782 -0.02446658909320831
decision_type=10 8 8 8 10 10 8 10 10 10 8 10 8 8 10 8 10 10 10 10 10 10 10 10 10 10 2 10 10 10
left_child=1 2 18 8 -2 -6 7 22 24 -7 11 17 25 20 15 -15 -16 29 21 -14 -8 -1 26 -20 -3 -13 -5 -24 -10 -4
right_child=4 3 10 6 5 9 13 -9 28 -11 -12 12 19 14 16 -17 -18 -19 23 -21 -22 -23 27 -25 -26 -27 -28 -29 -30 -31
leaf_value=-0.023068682783704268 0.0026457119651229302 -0.010625913130095185 0.00064699304447827079 0.024517889480222255 -0.00010604533473698182 0 0.0020523238691999368 -2.0204383933471632e-06 0.0052074161064692122 0.015205284649182891 0.0017159373169051621 0.013915368304052184 0.0017319247965760368 0.0021157136602565686 0.00170103791286434 -0.00060328386062046663 -0.0019167070874773467 0.0015047910421362421 -0.01148902081322822 -0.001516384399929151 -0.0088569991577429636 -0.001899914134182836 0.0076399218725582236 -0.0018340735489546 0.0017788829230926451 -0.002176283516332899 0.0081942999359983087 -0.011956004735082388 -0.0097948269866621838 -0.0017166069851178515
leaf_weight=199 1904 1043 8274 149 290 177 18580 1110 489 1125 7204 319 3505 8746 28423 56519 4887 13157 441 62003 267 172 127 2134 194 132 986 115 136 11439
leaf_count=199 1904 1043 8274 149 290 177 18580 1110 489 1125 7204 319 3505 8746 28423 56519 4887 13157 441 62003 267 172 127 2134 194 132 986 115 136 11439
internal_value=1.17152e-05 -8.30064e-05 -0.000739483 0.000502069 0.00631395 0.0104277 0.000591513 0.0047442 -0.00504361 0.012967 -0.00061044 -0.000783366 -0.0012619 0.000500212 0.00023444 -0.000233786 0.00116044 0.00016796 -0.00524742 -0.00133753 0.00187265 -0.014621 0.00873013 -0.00367901 -0.00844444 0.00867625 0.0109844 -0.000728978 0.00127532 -0.000709696
internal_weight=234246 230750 108979 121771 3496 1592 119909 2487 1862 1302 106033 98829 65959 117422 98575 65265 33310 32870 2946 65508 18847 371 1377 2575 1237 451 1135 242 625 19713
internal_count=234246 230750 108979 121771 3496 1592 119909 2487 1862 1302 106033 98829 65959 117422 98575 65265 33310 32870 2946 65508 18847 371 1377 2575 1237 451 1135 242 625 19713
is_linear=0
shrinkage=0.03


Tree=4
num_leaves=31
num_cat=0
split_feature=16 26 36 55 50 9 109 80 42 56 61 13 72 117 115 38 93 27 36 34 141 120 43 121 67 23 10 34 114 44
split_gain=134.228 104.468 57.3513 57.2405 82.2549 75.3134 56.1846 68.616 51.252 50.5784 48.8769 89.3546 56.2727 50.1771 47.0433 42.6555 41.8449 41.6591 41.0953 48.1059 38.409 32.5457 30.5344 37.3773 30.2937 30.2077 30.3037 30.0403 29.0132 44.7493
threshold=1.2172914147377016 0.019851308315992359 0.80496826767921459 0.93685635924339306 0.86984181404113781 1.0082821846008303 0.11805555596947671 0.42499999701976782 -0.0023050018353387709 1.1776843667030337 1.055646598339081 1.1141304373741152 0.085906889289617552 0.56092840433120739 0.28531847894191747 -0.022598490118980404 0.45112133026123052 0.085031293332576766 0.79510122537612926 0.83130136132240307 1.0789120197296145 0.20754655450582507 1.0079146027565005 0.25793240964412695 0.9495762586593629 0.025863966904580597 1.0198020339012148 0.86481371521949779 0.36046487092971807 1.1069678068161013
decision_type=10 10 10 10 8 10 2 2 8 10 10 10 10 10 10 10 10 10 10 10 10 10 10 10 10 10 10 10 10 10
left_child=1 8 -2 18 5 6 17 -8 -1 -4 11 13 27 -6 -14 24 -17 -5 19 21 -13 -3 -20 -24 -7 26 -10 -12 29 -11
right_child=2 3 9 4 10 15 7 -9 25 28 12 20 14 -15 -16 16 -18 -19 22 -21 -22 -23 23 -25 -26 -27 -28 -29 -30 -31
leaf_value=1.1650904613052203e-05 0.0020435769308662487 -0.014083219567799697 0 -0.0055773307409492275 -0.00097849994191164425 0.0018425812524646425 0.00050249444928888065 0.0071508360359288379 0.0017914178016998825 -0.0024581436707106019 -0.0021808341022724995 -0.023157744303193836 0.012886114964650058 0.00040870167452463057 0.002644560767671503 0.0039592263002442649 0.012251454144656981 0.001548763529360173 0.0065894305409429678 -0.015891657645937127 -0.00093994086338992585 0 0.0014003548853598706 -0.018152735283821012 -0.014876182465312573 0.013447945087066138 -0.0035909586028803919 0.0035548947446056179 0.021224668431828124 0.012342050274481303
leaf_weight=29292 1925 164 343 1921 114043 297 7599 1729 34272 190 2311 210 631 29192 1384 1579 1011 1092 332 510 146 548 170 118 110 184 914 1244 317 781
leaf_count=29292 1925 164 343 1921 114043 297 7599 1729 34272 190 2311 210 631 29192 1384 1579 1011 1092 332 510 146 548 170 118 110 184 914 1244 317 781
internal_value=1.66886e-05 -7.13095e-05 0.0057855 -0.000470281 -0.00040906 0.00167627 0.000609331 0.00177956 0.000950222 0.00994197 -0.000625698 -0.000734303 0.002113 -0.00069367 0.00609426 0.00593711 0.0073801 -0.00290253 -0.00571337 -0.0088718 -0.0153785 -0.00313687 0.000125734 -0.00629549 -0.00245856 0.00171859 0.00164112 -8.11573e-05 0.0126319 0.00915214
internal_weight=234559 231003 3556 166341 164499 15338 12341 9328 64662 1631 149161 143591 5570 143235 2015 2997 2590 3013 1842 1222 356 712 620 288 407 35370 35186 3555 1288 971
internal_count=234559 231003 3556 166341 164499 15338 12341 9328 64662 1631 149161 143591 5570 143235 2015 2997 2590 3013 1842 1222 356 712 620 288 407 35370 35186 3555 1288 971
is_linear=0
shrinkage=0.03


Tree=5
num_leaves=31
num_cat=0
split_feature=16 26 42 40 71 29 57 38 10 18 13 42 6 57 36 23 10 56 18 86 16 87 22 13 6 59 76 141 121 36
split_gain=144.391 95.1142 55.9004 53.4649 113.346 55.2924 78.8421 79.7149 69.6382 54.3618 53.5347 57.7285 65.6145 51.088 51.0253 47.7359 44.8078 44.7078 43.9156 43.2498 38.4128 55.8876 46.5462 44.8981 38.2428 34.8248 33.1365 31.3347 33.5455 29.929
threshold=1.2172914147377016 0.020587847568094734 -0.0013069527340121565 -0.029961786232888695 0.57894653081893932 -0.000276644219411537 1.171507775783539 -0.022598490118980404 1.0175137519836428 1.0273862481117251 0.98668694496154796 -0.075480598956346498 0.10000006109476091 0.94709303975105297 0.80496826767921459 0.025863966904580597 1.0206120610237124 1.1776843667030337 1.0240365266799929 -0.55000001192092884 1.1676960587501528 -0.69166666269302357 1.1318114399909975 1.1141304373741152 0.055553697049617774 0.96267154812812816 0.18333333730697635 1.1229380965232851 0.37847240269184118 0.34022067487239843
decision_type=10 10 8 10 10 10 10 10 10 10 8 10 10 10 10 10 10 10 10 2 10 2 10 8 10 10 2 10 10 10
left_child=1 2 -1 4 20 10 7 13 -9 25 16 12 -12 -7 -2 -4 26 -16 -13 24 21 29 -22 -23 -8 -6 -5 28 -11 -3
right_child=14 3 15 5 9 6 19 8 -10 27 11 18 -14 -15 17 -17 -18 -19 -20 -21 22 23 -24 -25 -26 -27 -28 -29 -30 -31
leaf_value=-6.6950182503886584e-05 0.002435669598141255 -0.0017199042032551206 0.0015210526760822912 -0.00039326274191098156 -0.0088709271367694627 -0.024144010356498311 -0.0011903107612963439 -0.00065284712120792989 0.0019185942124746564 0.021250299632046669 -0.0035752792874695623 -0.0010722083999493051 0.0044814791954900773 -0.0033726934237516466 0 0.014624000270038755 -0.012470942897303772 0.01264226661453253 -0.0049577709897193614 0.00011488901127614231 -0.0081152649846121753 0.00050714246715014943 0.0085427125728892855 -0.0070218221721593151 0.0098638841204975059 0.0035619499200105552 -0.0044581078745404897 0.0043650949969718114 0.0048141319919077141 -0.0097747518585652934
leaf_weight=33236 1884 991 36557 3067 182 182 289 63012 11103 358 1202 49057 3261 333 350 238 482 1246 2805 1220 153 8869 754 754 1384 4051 5076 584 259 883
leaf_count=33236 1884 991 36557 3067 182 182 289 63012 11103 358 1202 49057 3261 333 350 238 482 1246 2805 1220 153 8869 754 754 1384 4051 5076 584 259 883
internal_value=-1.11055e-05 -0.000104269 0.000816292 -0.000508334 0.00103241 -0.000703463 -0.000158026 -0.000350668 -0.000263165 0.00464266 -0.00134962 -0.00100438 0.0022384 -0.0119022 0.00603505 0.00162185 -0.00356194 0.0100156 -0.00128997 0.00467681 -0.000529959 -0.00102391 0.00529463 -6.5011e-05 0.00778564 0.00291765 -0.00296858 0.0103295 0.0151896 -0.00573676
internal_weight=233822 230342 70031 160311 17838 142473 77523 74630 74115 5434 64950 56325 4463 515 3480 36795 8625 1596 51862 2893 12404 11497 907 9623 1673 4233 8143 1201 617 1874
internal_count=233822 230342 70031 160311 17838 142473 77523 74630 74115 5434 64950 56325 4463 515 3480 36795 8625 1596 51862 2893 12404 11497 907 9623 1673 4233 8143 1201 617 1874
is_linear=0
shrinkage=0.03


Tree=6
num_leaves=31
num_cat=0
split_feature=16 25 29 22 41 10 3 55 71 42 14 36 15 29 25 36 42 35 78 77 76 43 86 43 1 127 86 5 123 18
split_gain=138.73 93.6155 79.2076 80.9751 67.7184 77.9813 64.4795 65.6481 67.7895 49.1123 56.5432 47.7295 45.4445 42.4597 64.3859 42.3779 41.1579 43.0779 39.9809 39.9812 39.5053 39.4959 37.2728 42.5748 37.137 32.4853 32.2077 30.3672 30.3221 25.9479
threshold=1.2356088161468508 0.012363445479422809 -0.0001840527183958329 1.0994764566421511 -0.029671665281057354 1.0225722789764407 0.017524485476315025 0.93685635924339306 0.52380993962287914 0.06504917144775392 0.98384353518486034 0.80496826767921459 0.90910273790359508 0.014949498232454063 0.044206408783793456 0.79510122537612926 -0.0019781352020800109 0.91068241000175487 0.5000000149011613 0.025000001303851608 0.18333333730697635 1.1303771138191225 -0.91666665673255909 1.0152284502983095 0.052968103438615806 0.32687312364578253 -0.55000001192092884 0.002577757579274476 -0.14951528608798978 0.98726114630699169
decision_type=10 10 10 10 10 10 10 10 10 10 8 10 8 10 10 10 10 10 10 2 2 10 2 10 10 10 2 10 8 10
left_child=1 -1 4 6 18 9 7 15 -9 10 -6 -2 -11 14 -8 -4 17 -7 19 -3 27 24 -13 -24 -20 -15 -23 -5 -21 -18
right_child=11 2 3 20 5 16 13 8 -10 12 -12 22 -14 25 -16 -17 29 -19 21 28 -22 26 23 -25 -26 -27 -28 -29 -30 -31
leaf_value=0.0013749620203669889 0.0028198607048416009 0.0074991570468619468 -0.0095656399680712021 0.0005417167115853523 -0.0051069803618332696 -0.0070711223686840442 0.0020679841147839026 -0.0013274089202703157 0.00054140460196657402 0.01908329045842632 -0.001032840095011164 0.0023376754142477043 0.00012650813223200971 -0.014665126735878895 0.011377561654437972 0.00030670861140009092 -0.011461074229524429 0.0092491748111938939 0.00064712760229486931 -0.0081305658172444346 0 0.0032476148971666893 -0.00029185373108924889 0.017655375353567239 0.0058866529760647299 0.0028254865178907358 -0.0082631694963304098 0.010575210182488356 -0.00042442946938290249 0.0027091551069781416
leaf_weight=32900 1444 230 1040 432 3252 3800 2232 23432 68294 182 63744 372 338 163 1016 528 114 119 22190 1132 692 250 103 697 1292 142 743 1236 913 780
leaf_count=32900 1444 230 1040 432 3252 3800 2232 23432 68294 182 63744 372 338 163 1016 528 114 119 22190 1132 692 250 103 697 1292 142 743 1236 913 780
internal_value=-2.5442e-05 -0.00010474 -0.000351882 0.00024491 -0.000952401 -0.00143005 0.000107383 -4.08983e-05 6.05489e-05 -0.00116039 -0.00123654 0.00681626 0.00777799 0.00406333 0.0051237 -0.00609037 -0.00513025 -0.00645495 0.000327995 -0.00343687 0.00571421 0.000692715 0.0113585 0.0150281 0.00095294 -0.00592612 -0.00506213 0.00819154 -0.00487284 0.000362735
internal_weight=233802 231186 198286 99207 99079 72329 96847 93294 91726 67516 66996 2616 520 3553 3248 1568 4813 3919 26750 2275 2360 24475 1172 800 23482 305 993 1668 2045 894
internal_count=233802 231186 198286 99207 99079 72329 96847 93294 91726 67516 66996 2616 520 3553 3248 1568 4813 3919 26750 2275 2360 24475 1172 800 23482 305 993 1668 2045 894
is_linear=0
shrinkage=0.03


Tree=7
num_leaves=31
num_cat=0
split_feature=16 26 33 32 13 20 3 53 99 44 82 2 85 45 8 23 35 32 3 11 86 35 36 24 33 60 11 22 23 53
split_gain=110.803 92.3937 55.8724 78.8177 61.5262 82.9783 69.4258 60.5834 55.2312 52.4471 55.1293 52.1224 51.9269 51.2769 49.0405 46.6441 43.5035 42.6549 42.5088 42.043 41.724 48.1542 40.5542 46.1148 52.2536 72.8122 36.4261 35.8457 33.1686 32.1077
threshold=1.2172914147377016 0.020587847568094734 0.37528073787689215 -0.0044089918956160537 0.98316064476966869 0.97004833817482006 0.017524485476315025 0.98127654194831859 0.52777779102325451 1.0378658175468447 0.24166666716337207 -0.4444452822208404 -0.52500000596046437 1.0306810140609743 0.57143208384513866 0.013060987927019598 0.85249078273773204 0.002337262150831521 0.010560065507888796 0.98538812994956981 -0.81666666269302357 0.68073198199272167 0.80496826767921459 0.03528100065886975 0.61938226222991954 1.0147046446800234 0.99466195702552807 1.1017869114875796 0.026261234655976299 1.0008548498153689
decision_type=10 10 8 10 8 10 10 10 2 10 2 10 2 8 10 10 10 10 10 10 2 10 10 10 10 10 10 10 10 10
left_child=1 13 3 14 6 16 8 -8 27 11 12 -5 -11 28 -3 -13 -6 -18 -10 -9 21 -7 -2 24 25 -24 -26 -4 -1 -16
right_child=22 2 4 9 5 20 7 19 18 10 -12 15 -14 -15 29 -17 17 -19 -20 -21 -22 -23 23 -25 26 -27 -28 -29 -30 -31
leaf_value=0.0014353420070107763 0.0020363338660080786 0.00045398233960269467 -0.0032137007243833089 0.0014221392083615784 0.0066792182770248646 -0.0034763425736061685 -0.0085352267306403849 0.01270073111265606 7.3535372100773662e-05 0.0029575245288570974 -0.0036784549717758341 -0.0020540389924062446 -0.0021978970054657588 -0.0001211186661959695 0.013736528355293173 0.0010974996019479015 -0.0042738474150352951 0.010801224249816086 -0.0038965301339532439 0.0024310151983533515 0.0005617492436783524 0.0005404265961875686 0.0069364152658996838 0.012575126554326417 0 -0.019503042620347171 0.020161240476383159 0.0038072798111948073 0.013845751231897678 0.002072007013908164
leaf_weight=38962 1904 1848 13063 7666 2790 5436 244 631 19130 2510 15086 19919 5609 30735 547 5215 718 196 2739 1041 50128 5066 155 1028 105 163 148 634 181 464
leaf_count=38962 1904 1848 13063 7666 2790 5436 244 631 19130 2510 15086 19919 5609 30735 547 5215 718 196 2739 1041 50128 5066 155 1028 105 163 148 634 181 464
internal_value=-3.98755e-05 -0.000121819 -0.000518975 -0.00125494 -9.03725e-05 0.000469277 -0.00105869 0.00443914 -0.00136563 -0.00150711 -0.00260306 -0.000721496 -0.000563881 0.000787011 0.00355662 -0.00138785 0.00481943 -0.000557853 -0.000413099 0.00658835 0.00019707 -0.00151286 0.00523837 0.00879361 0.00128279 -0.00608043 0.0114041 -0.00286177 0.00150743 0.0088181
internal_weight=234061 230558 160680 58864 101816 64334 37482 1916 35566 56005 23205 32800 8119 69878 2859 25134 3704 914 21869 1672 60630 10502 3503 1599 571 318 253 13697 39143 1011
internal_count=234061 230558 160680 58864 101816 64334 37482 1916 35566 56005 23205 32800 8119 69878 2859 25134 3704 914 21869 1672 60630 10502 3503 1599 571 318 253 13697 39143 1011
is_linear=0
shrinkage=0.03


Tree=8
num_leaves=31
num_cat=0
split_feature=16 25 71 18 55 41 42 5 28 72 84 137 32 1 36 4 48 36 33 86 75 29 140 30 4 50 65 140 77 34
split_gain=107.485 87.5522 69.4236 90.7631 68.4742 62.0757 60.2308 59.9148 54.3096 50.1943 55.8942 49.7336 49.2671 54.2136 48.1103 49.0997 45.5771 43.5492 38.6301 38.5052 37.7908 36.9475 34.1461 35.7948 34.1437 45.5389 30.14 27.9341 27.0187 26.7804
threshold=1.2172914147377016 0.012363445479422809 0.5333329737186433 1.0273862481117251 0.93685635924339306 0.0092594702728092688 -0.075480598956346498 0.0029304341878741984 -0.0035673415986821051 0.7257143259048463 0.65000000596046459 0.53611040115356456 -0.0048873580526560536 0.021359221078455452 0.79510122537612926 0.48295314610004431 0.90352180600166332 0.80496826767921459 0.93013274669647228 -0.61666667461395253 0.82500001788139354 -0.0087180091068148596 0.73334327340126049 -0.0055369366891682139 0.42445112764835363 0.92820164561271679 0.096875000745058074 1.1333540678024294 0.4083333313465119 0.28520244359970098
decision_type=10 10 10 10 10 10 10 10 8 10 2 10 10 10 10 10 10 10 10 2 2 10 10 10 10 10 10 10 2 10
left_child=1 -1 6 4 14 16 7 18 -7 -5 20 12 21 -14 15 -4 -6 -2 19 -3 -11 -8 -19 28 25 -9 -26 -16 29 -24
right_child=17 2 3 9 5 8 11 24 -10 10 -12 -13 13 -15 27 -17 -18 22 -20 -21 -22 -23 23 -25 26 -27 -28 -29 -30 -31
leaf_value=0.0013809735281907673 0.0019288956996179611 0.0040530476901438541 -0.011081955008127043 0.0029742352345612753 0.011468004913118337 0.0079970505447881125 0.0090284046400427951 -0.0084086517681134856 0.00096454827205827616 0.006777576342708271 -0.0018994078158322775 -5.0997198709626031e-05 -0.00093136424097782868 -0.0027492641136767117 -0.0037679506205533855 0.0065037994974487881 -0.00052693765303319046 -0.0011109960870458314 -0.010750771840587542 -0.003741538139758123 0.026923093056073412 0.00024721245762273741 0.025424899497842747 -0.0036237809439003468 -0.0076157941157820345 0.0050551612913710747 0.0026177964587824135 0.0085675610664860437 0.0032288485208790741 0.010823615883542248
leaf_weight=33021 1892 942 1097 1129 265 1008 604 204 40722 219 117 32273 37869 25035 376 128 46060 207 374 1354 250 1650 204 105 419 4600 561 252 333 744
leaf_count=33021 1892 942 1097 1129 265 1008 604 204 40722 219 117 32273 37869 25035 376 128 46060 207 374 1354 250 1650 204 105 419 4600 561 252 333 744
internal_value=3.11483e-05 -4.68331e-05 -0.00028718 0.000315073 0.000180455 0.000304351 -0.000811107 0.00160152 0.00114536 0.007116 0.014239 -0.00102381 -0.00150089 -0.00166028 -0.0054873 -0.0089285 -0.000446929 0.00524596 -0.0020363 -0.000406667 0.0187916 0.00279093 0.00892687 0.0106339 0.00333372 0.00438875 -0.00152239 0.000830661 0.0120709 0.014736
internal_weight=234014 230529 197508 91623 89908 88055 105885 8454 41730 1715 586 97431 65158 62904 1853 1225 46325 3485 2670 2296 469 2254 1593 1386 5784 4804 980 628 1281 948
internal_count=234014 230529 197508 91623 89908 88055 105885 8454 41730 1715 586 97431 65158 62904 1853 1225 46325 3485 2670 2296 469 2254 1593 1386 5784 4804 980 628 1281 948
is_linear=0
shrinkage=0.03


Tree=9
num_leaves=31
num_cat=0
split_feature=22 45 20 68 35 86 51 86 60 27 70 46 33 138 23 53 11 1 24 116 15 14 10 43 14 31 57 12 77 42
split_gain=98.3209 76.156 66.2341 64.0549 61.8562 93.4937 61.2535 56.8318 52.231 44.4265 49.5208 44.0077 42.7552 67.7387 53.5974 42.422 42.5881 42.1403 41.8485 41.845 41.2684 54.3266 46.7148 57.8153 47.4925 43.0263 81.5988 54.7904 39.9264 44.5945
threshold=1.1626294255256655 1.0325343012809756 0.89634060859680187 0.32352943718433386 0.5653665065765382 -0.81666666269302357 0.8661947250366212 -0.74999999999999989 0.97437331080436718 0.075591053813695921 0.74138024449348461 1.1495350003242495 0.92467281222343456 1.0550088882446291 0.029780033044517044 0.99526628851890575 0.97607815265655529 0.018803366459906105 0.029266465455293659 0.53456220030784618 0.95129305124282848 0.87937399744987499 1.0175137519836428 1.0040874481201174 0.9375000298023225 -0.0018414166988804934 1.1272476315498354 0.99121013283729564 0.091666668653488173 0.014864358119666578
decision_type=10 8 8 10 10 2 8 2 10 8 10 10 10 10 10 10 10 10 10 10 10 8 10 10 8 10 10 10 2 10
left_child=1 2 12 4 5 17 -6 18 -7 -5 15 -10 13 14 -1 16 -11 -3 -2 -17 21 -4 23 -23 -24 26 -22 -28 -27 -30
right_child=7 3 20 9 6 8 -8 -9 11 10 -12 -13 -14 -15 -16 19 -18 -19 -20 -21 25 22 24 -25 -26 28 27 -29 29 -31
leaf_value=-0.0024786996632883739 -0.0013157564847920598 -0.0013606919182298802 0.0085610836816019057 -0.001522770459960365 0.0062700494645379704 -0.0041457008994318758 0.00081563241049041385 0 0.00054991024417435437 -0.00042160488242539703 0.0056289749724120468 -0.0031893542883099303 0.0024050066874695629 0.00058475472316769602 -0.02023097472073913 0.0023230356207005584 -0.010372637199619315 -0.007225204807829063 0.0082726144195714134 -0.0027453998804184178 -0.0028139478491117577 0.0014435773233770685 0.0078149002554368744 -0.0013806937256825842 0.00016471886685566438 -9.1990247738666284e-05 0.02258765971858722 0.0027624401957567395 0.0011583571282820567 0.0033278908778891455
leaf_weight=300 420 2225 618 57920 2021 2645 23709 1668 31753 1074 1491 3079 391 419 447 4879 654 2528 2529 2035 4806 8849 1208 24010 2012 11036 153 676 25006 13524
leaf_count=300 420 2225 618 57920 2021 2645 23709 1668 31753 1074 1491 3079 391 419 447 4879 654 2528 2529 2035 4806 8849 1208 24010 2012 11036 153 676 25006 13524
internal_value=-7.16706e-06 -9.58349e-05 0.000561837 -0.000549945 9.74836e-05 -0.000604127 0.00126025 0.00431639 -9.22688e-05 -0.00120073 0.000609844 0.000209127 -0.00551419 -0.0084185 -0.0137432 -0.000232468 -0.00443501 -0.00455994 0.00680632 0.00078436 0.000669222 -0.000102993 -0.000264372 -0.000610572 0.00315784 0.00118787 -0.00126433 0.00722064 0.0014731 0.00192898
internal_weight=234085 229468 93455 136013 67960 42230 25730 4617 37477 68053 10133 34832 1557 1166 747 8642 1728 4753 2949 6914 91898 36697 36079 32859 3220 55201 5635 829 49566 38530
internal_count=234085 229468 93455 136013 67960 42230 25730 4617 37477 68053 10133 34832 1557 1166 747 8642 1728 4753 2949 6914 91898 36697 36079 32859 3220 55201 5635 829 49566 38530
is_linear=0
shrinkage=0.03


Tree=10
num_leaves=31
num_cat=0
split_feature=16 46 68 32 20 38 83 79 20 61 2 38 50 38 40 38 123 125 86 36 45 29 55 30 30 42 36 121 52 82
split_gain=111.668 69.2384 53.1954 63.8051 59.1405 58.7369 74.3833 69.9249 50.8567 50.5867 46.9776 46.4004 53.9798 42.5181 61.6126 52.1482 42.8547 42.0323 41.8534 41.1817 48.8623 63.8874 48.6965 39.049 37.9188 37.7309 36.3703 36.1614 46.9337 35.789
threshold=1.2172914147377016 1.0462247133255007 0.32352943718433386 -0.0037757301470264788 0.97583559155464183 -0.010902428999543188 -0.50000001490116108 0.15000000223517421 0.89634060859680187 0.820896476507187 0.89090898633003246 -0.0064577313605695954 0.83134385943412792 -0.018497247248888012 -0.026919037103652951 -0.00019474470900604499 0.31372633576393133 0.36842107772827154 -0.81666666269302357 0.74001097679138195 1.0105041861534121 0.0064215655438601979 0.97029820084571849 -0.0058082779869437209 -0.0070897089317440978 -0.061713535338640206 0.77871072292327892 0.64077666401863109 0.91871455311775219 0.52500000596046459
decision_type=10 10 10 10 10 8 10 2 8 8 10 10 10 8 10 10 10 10 2 10 8 10 10 10 10 10 10 10 10 2
left_child=1 8 4 10 -3 6 -6 -8 26 17 11 12 -4 14 -5 25 -17 -10 23 20 21 -11 -22 -7 27 -15 -1 -2 -29 -21
right_child=24 2 3 13 5 18 7 -9 9 19 -12 -13 -14 15 -16 16 -18 -19 -20 29 22 -23 -24 -25 -26 -27 -28 28 -30 -31
leaf_value=-0.0088034771657751979 0 0.0058894120735133006 0.020102247855706412 0.0078535320847229646 0.00099923456592174859 0.0034294375458078009 -0.014922091220126332 -0.0035427069291895565 0.022563411967764641 0.002774066001923725 0.0089544784576670311 -0.00067070843275769719 0.0027666590047736761 0.0049794963047345943 -0.013491513723610267 -0.0015454320354453674 -0.0041265633205900022 0.0042135020215562881 0.00065564064379103749 -6.015259388565472e-05 -0.0038126625589495634 -0.0013102354282163594 0.00053040724930827801 -0.0021631143719615755 0.00090530578396549085 -0.0005621544184576323 0 0.019806216876101443 0.0066754002724480847 -0.0032819287254012451
leaf_weight=874 393 1515 177 122 2626 1227 594 3199 125 18198 662 5360 1417 1140 542 26502 7726 998 43819 16009 2392 4129 56069 9081 1293 21437 791 334 1504 3892
leaf_count=874 393 1515 177 122 2626 1227 594 3199 125 18198 662 5360 1417 1140 542 26502 7726 998 43819 16009 2392 4129 56069 9081 1293 21437 791 334 1504 3892
internal_value=0 -8.21816e-05 -0.000552193 -0.00115154 7.16921e-05 -7.0824e-05 -0.00278338 -0.00547237 0.000492435 0.000580501 0.00140576 0.000620508 0.00510275 -0.00149603 -0.00901612 -0.00139971 -0.00213888 0.00687755 0.00024623 0.000505938 0.000808777 0.00200482 0.000346332 -0.00146301 0.00528381 -0.000264899 -0.00465758 0.00765756 0.0094105 -0.000707951
internal_weight=234147 230623 127146 65085 62061 60546 6419 3793 103477 101812 7616 6954 1594 57469 664 56805 34228 1123 54127 100689 80788 22327 58461 10308 3524 22577 1665 2231 1838 19901
internal_count=234147 230623 127146 65085 62061 60546 6419 3793 103477 101812 7616 6954 1594 57469 664 56805 34228 1123 54127 100689 80788 22327 58461 10308 3524 22577 1665 2231 1838 19901
is_linear=0
shrinkage=0.03


Tree=11
num_leaves=31
num_cat=0
split_feature=16 26 33 27 44 85 82 86 13 44 10 30 29 42 0 23 117 86 115 15 38 6 15 28 56 33 126 71 77 47
split_gain=95.302 89.5209 62.8598 78.3102 79.4341 57.0499 63.4962 55.1362 65.59 62.2299 98.1599 55.8633 74.3091 53.487 48.661 41.4607 41.3923 40.8812 59.0433 52.019 39.5796 38.3727 33.6298 33.0344 31.3573 34.8514 49.8665 33.2881 31.1603 28.2752
threshold=1.2172914147377016 0.020587847568094734 0.34770125150680548 0.082658629864454283 1.0397313237190249 -0.37499999999999994 0.25833334028720861 -0.81666666269302357 0.98955145478248607 1.0543478131294253 1.0185980200767519 0.0056027867831289777 -0.0013543977984227238 -0.0023050018353387709 -0.0074000528547912827 0.026261234655976299 0.50821921229362499 -0.58333334326744068 0.48030680418014532 1.0968881845474245 0.0099880574271082895 0.35714644193649298 0.81469807028770458 -0.004157780669629573 1.1776843667030337 0.96599403023719799 -0.32520295679569239 0.15384585410356524 0.20833333581686023 1.171175539493561
decision_type=10 10 8 10 10 2 2 2 8 10 10 10 10 10 10 10 10 2 10 10 10 10 8 10 10 10 10 10 2 10
left_child=1 13 3 4 14 6 -6 16 9 10 -9 -10 -13 -1 -3 29 -4 19 -19 28 -16 -7 -20 -21 -2 26 27 -26 -5 -15
right_child=24 2 7 17 5 21 -8 8 11 -11 -12 12 -14 15 20 -17 -18 18 22 23 -22 -23 -24 -25 25 -27 -28 -29 -30 -31
leaf_value=-8.1077898222671341e-05 0.00047203949185746621 0.0014028889445656086 -0.0024385715963072463 0.015888446357155205 0.0021001461606940256 -0.0062712860915980946 -0.003118594423877167 -0.00090269123695902636 0.00066658989382617452 -0.0065352345466361018 0.0043237652489385653 -0.0046884762839523751 0.0071861194352498808 0.0016543587074873346 -0.0019757294145675212 0.014428617133374283 0.0043185622443369237 -0.0045083053906001475 -0.0064518539888347133 0.011462058528599425 0.001165361700933029 -0.0013868354919134838 0.0039326498546508708 -0.003656189378513139 0.0078919867718182119 -0.0060188619632132448 0.00076968723833725436 0.019920909849716464 0.0011347605282207951 -0.0025512678631898029
leaf_weight=32635 1140 7172 11372 506 2792 6288 7720 37024 47803 1558 3512 541 2437 35789 19558 210 831 1400 274 154 4285 2117 2780 494 1201 138 716 322 236 1427
leaf_count=32635 1140 7172 11372 506 2792 6288 7720 37024 47803 1558 3512 541 2437 35789 19558 210 831 1400 274 154 4285 2117 2780 494 1201 138 716 322 236 1427
internal_value=-1.92048e-05 -9.53288e-05 -0.000486312 -0.00130034 -0.00168821 -0.00322412 -0.00170265 -5.12006e-05 0.000195102 -0.000676268 -0.00044057 0.000923297 0.00491196 0.000797937 -0.000740273 0.00157207 -0.00194757 0.00195698 0.000472235 0.00642762 -0.00139815 -0.00508284 0.00286746 0 0.00486631 0.00682711 0.00779794 0.0108549 0.0117425 0.00148376
internal_weight=234432 230915 160854 55776 49932 18917 10512 105078 92875 42094 40536 50781 2978 70061 31015 37426 12203 5844 4454 1390 23843 8405 3054 648 3517 2377 2239 1523 742 37216
internal_count=234432 230915 160854 55776 49932 18917 10512 105078 92875 42094 40536 50781 2978 70061 31015 37426 12203 5844 4454 1390 23843 8405 3054 648 3517 2377 2239 1523 742 37216
is_linear=0
shrinkage=0.03


Tree=12
num_leaves=31
num_cat=0
split_feature=22 26 86 20 50 81 42 4 33 44 38 34 82 33 138 23 86 122 59 123 112 33 11 24 51 43 19 60 34 37
split_gain=82.6625 78.5297 77.2414 52.8359 81.5707 66.2485 103.026 84.4573 57.5083 64.3426 55.5466 60.491 48.7268 46.1252 82.9163 55.5965 46.0475 49.7282 44.3149 38.3236 37.6591 37.1596 36.9343 34.2613 32.9113 55.8656 43.5545 31.4708 27.8257 26.7948
threshold=1.1626294255256655 0.016355155035853389 -0.74999999999999989 0.89634060859680187 0.84113425016403209 0.61666667461395275 0.081322934478521361 0.38461588323116308 0.5894111990928651 1.0368097424507143 0.00037451829120982444 0.55663183331489574 0.24166666716337207 0.9097576141357423 0.81046098470687877 0.029780033044517044 0.81666666269302379 0.55250200629234325 0.93450656533241283 0.32075366377830511 0.217028982937336 0.96599403023719799 0.98382505774497997 0.040613580495119102 0.92554649710655224 1.0266667008399966 1.0437173247337344 0.82337835431098949 0.83788293600082409 0.58604997396469127
decision_type=10 10 2 10 10 2 10 10 8 10 10 10 2 10 10 10 2 10 10 10 2 10 10 10 10 10 10 10 10 10
left_child=1 29 24 13 5 10 -7 -8 9 19 11 -5 -11 14 20 27 18 -18 -10 -6 -3 -4 -12 -17 25 -2 -26 -16 -15 -1
right_child=2 3 21 4 8 6 7 -9 16 12 22 -13 -14 28 15 23 17 -19 -20 -21 -22 -23 -24 -25 26 -27 -28 -29 -30 -31
leaf_value=0.00058520148991782304 0.0008444312642830865 -0.02379498447714147 2.5085402727859119e-05 0.010878495666713799 0.00027110039435091106 0.002398993038947435 0.026717810022925573 -0.0013124080477975124 -0.0032541683280025548 -0.00033576300864205256 0.00021420579370069341 0.0012729728810254087 -0.0025907646304612368 0.010595886526066202 0.016419234890379233 0.0030493061725386851 0.0028510117468800986 -0.012541887477979043 0.00010211288362653582 -0.0013764873302712472 -0.0029655205292095027 -0.016921530562629013 -0.0076913565780420351 -0.012274544163410773 -0.0018083643700996521 0.022959213218221496 0.0073277178230772601 -0.00031981889995222443 -0.0030591814506522406 0.0022851696019822202
leaf_weight=28141 208 326 1583 870 38445 910 358 101 3700 13292 2248 2040 26424 195 147 137 7168 168 72030 18823 155 103 651 426 545 269 1939 172 294 12326
leaf_count=28141 208 326 1583 870 38445 910 358 101 3700 13292 2248 2040 26424 195 147 137 7168 168 72030 18823 155 103 651 426 545 269 1939 172 294 12326
internal_value=-4.43467e-06 -8.60687e-05 0.00394684 -0.000344004 -0.000292134 0.00283422 0.00876285 0.0201264 -0.000418738 -0.000915314 0.00136029 0.00430177 -0.00184417 -0.00536837 -0.00821918 -0.00223403 0.000157511 0.00242458 -5.87231e-05 -0.000265488 -0.0180679 -0.0010206 -0.00149883 -0.00805438 0.00686381 0.0143415 0.00520498 0.00702244 0.00199908 0.00111128
internal_weight=234194 229547 4647 189080 187228 7178 1369 459 180050 96984 5809 2910 39716 1852 1363 882 83066 7336 75730 57268 481 1686 2899 563 2961 477 2484 319 489 40467
internal_count=234194 229547 4647 189080 187228 7178 1369 459 180050 96984 5809 2910 39716 1852 1363 882 83066 7336 75730 57268 481 1686 2899 563 2961 477 2484 319 489 40467
is_linear=0
shrinkage=0.03


Tree=13
num_leaves=31
num_cat=0
split_feature=16 25 46 34 40 71 18 73 39 119 25 36 23 140 18 141 137 16 57 138 91 42 85 67 84 81 61 34 1 46
split_gain=81.7716 70.0894 53.9817 58.2415 56.8097 103.904 58.3428 97.7661 55.111 68.0259 43.284 40.7449 42.336 41.0244 40.0983 40.118 40.0782 33.8447 32.6314 29.5456 29.5203 28.3209 68.2805 29.7486 27.8312 24.0758 22.5291 21.8638 21.5412 22.5662
threshold=1.2172914147377016 0.012475109193474056 1.0099236369132998 0.46985520422458654 -0.029961786232888695 0.57894653081893932 1.0246167778968813 0.5000000149011613 -0.012891530524939297 0.23584853857755664 0.034406080842018134 0.80496826767921459 0.017187087796628479 0.77970907092094432 1.0266194343566897 1.1018149852752688 0.59354394674301159 1.1676960587501528 1.2065774798393252 0.89998477697372448 -0.030475640669465062 0.10212162882089616 0.57500001788139354 0.86449503898620617 0.75000000000000011 0.18333333730697635 1.022571384906769 0.80564928054809581 0.017543845809996132 1.00847464799881
decision_type=10 10 10 10 10 10 10 10 10 10 10 10 10 10 10 10 10 8 10 10 10 10 2 10 2 2 10 10 8 8
left_child=1 28 3 25 5 17 8 10 9 -6 -8 -2 26 -14 20 -16 -10 19 -19 -4 -7 24 -23 -24 -5 -3 -13 -26 -1 -30
right_child=11 2 4 21 6 14 7 -9 16 -11 -12 12 13 -15 15 -17 -18 18 -20 -21 -22 22 23 -25 27 -27 -28 -29 29 -31
leaf_value=0.0015841383285231652 0.0014057643785610405 0.0013479732133429992 -0.0021696181090495184 -0.00075507028198427701 0.0059769655510214679 0.0073493198967858435 -0.0041749779467334016 -0.012003829024626281 -0.0010601560838340847 0.0003291121709054841 0.0019410345849682294 0.0068200087819221241 0 0.013057262140882554 0.014493373367518268 0.0031657020560136636 7.1128622919271775e-05 0 0.0084707028336986068 0.00077370835544283544 0.0013978003631830026 0.012966092650504671 0 -0.010795113649777798 0.0037748165736961295 0.0056111530623131952 -0.0087530469125698483 0.00030362990617907788 0.0038566157661568006 -0.0010788647163333992
leaf_weight=27401 1934 2307 6717 6551 2180 1066 2456 1025 94356 16319 1705 117 265 1039 662 645 39494 870 711 5430 3099 150 360 672 3189 3110 169 3757 950 5539
leaf_count=27401 1934 2307 6717 6551 2180 1066 2456 1025 94356 16319 1705 117 265 1039 662 645 39494 870 711 5430 3099 150 360 672 3189 3110 169 3757 950 5539
internal_value=2.44791e-05 -4.36953e-05 -0.000261947 0.00120673 -0.000430761 0.00110353 -0.000619777 -0.00375201 -0.000510708 0.00101661 -0.00159985 0.00454766 0.00811804 0.0104154 0.0045941 0.00926125 -0.000724156 -0.000270648 0.00379709 -0.000830115 0.00302057 0.000202392 -0.00417942 -0.0071558 0.00061394 0.00386236 -0.0013725 0.00194663 0.00121445 -0.000300583
internal_weight=234245 230721 196831 20096 176735 19200 157535 5186 152349 18499 4161 3524 1590 1304 5472 1307 133850 13728 1581 12147 4165 14679 1182 1032 13497 5417 286 6946 33890 6489
internal_count=234245 230721 196831 20096 176735 19200 157535 5186 152349 18499 4161 3524 1590 1304 5472 1307 133850 13728 1581 12147 4165 14679 1182 1032 13497 5417 286 6946 33890 6489
is_linear=0
shrinkage=0.03


Tree=14
num_leaves=31
num_cat=0
split_feature=16 45 37 8 35 20 33 29 6 27 145 41 11 13 38 41 0 138 40 17 15 33 125 32 46 56 33 36 47 57
split_gain=98.8586 66.3575 76.6374 58.5261 52.3696 50.2554 50.5853 43.2104 52.2584 41.3814 56.4808 39.782 57.7794 38.6147 52.9661 40.3322 38.4927 38.1022 34.8752 48.2347 58.0287 52.1444 43.5423 34.1281 38.8563 31.7445 37.0508 41.9858 31.6255 31.2882
threshold=1.2172914147377016 1.0266667008399966 0.73739635944366466 0.86666885018348705 0.79997140169143688 0.89634060859680187 0.95545023679733287 -0.0039086895994842044 0.28391046822071081 0.09041463211178781 0.48522083461284643 -0.039592191576957696 0.9776119887828828 0.9924113154411317 -0.0015343134291470049 0.00024111532547976824 -0.00080099381739273656 1.0550088882446291 0.058093126863241203 1.0808914303779604 0.87589567899703991 0.75395581126213085 0.47706456482410436 -0.0039681768976151935 1.0239277482032778 1.1776843667030337 0.96599403023719799 0.59925994277000438 1.1940049529075625 0.90770426392555248
decision_type=10 8 8 8 10 10 10 8 10 10 10 10 10 10 10 10 10 10 10 10 8 10 10 10 10 10 10 10 10 8
left_child=1 5 3 4 13 6 17 8 9 -4 -11 12 -10 14 -3 -15 -6 -1 19 22 -21 -22 29 -20 -25 -2 27 -27 -13 -7
right_child=25 2 7 -5 16 18 -8 -9 11 10 -12 28 -14 15 -16 -17 -18 -19 23 20 21 -23 -24 24 -26 26 -28 -29 -30 -31
leaf_value=-0.011162928864523095 0.00055939141440388231 -0.00059620314587719271 -0.00025540747051957163 -0.0030091180918986097 0.0024391051601189567 0.0086060898449097523 0.0075289066286818324 0.0015268034105178059 0.01089865054396796 -0.0022073734946527154 0.0098707677768845418 -0.001640900709974399 -0.0040468179157495581 -0.00089282443481961615 -0.003667134363138461 0.00082613230679509154 -0.00084354801230610791 0 0.018929625162257151 0.010774159931724073 -0.00046394892050897845 -0.0062639538954893416 -0.0010080345269441557 0.0097388080744343838 -0.00814592540779587 -1.7558323212492215e-05 -0.0064703988459391092 0.0098205045343653027 -0.007734856368744711 0.001138748399501812
leaf_weight=793 1157 11500 5726 10036 8140 503 210 23438 376 493 905 1670 514 57157 9424 15457 5118 420 167 294 4661 2057 9020 248 153 417 136 1851 1715 60180
leaf_count=793 1157 11500 5726 10036 8140 503 210 23438 376 493 905 1670 514 57157 9424 15457 5118 420 167 294 4661 2057 9020 248 153 417 136 1851 1715 60180
internal_value=0 -7.60529e-05 -0.000443977 -0.00081346 -0.000603793 0.00062907 -0.00489158 0.000786299 -0.000710021 0.000830138 0.00542883 -0.00333835 0.00203831 -0.000855765 -0.00199583 -0.000522661 0.00114994 -0.00737242 0.000735841 0.000675599 -0.00167789 -0.00229771 0.000917072 0.00806224 0.00213956 0.00494709 0.006913 0.00789619 -0.00484379 0.0012084
internal_weight=233936 230375 151669 116832 106796 78706 1423 34837 11399 7124 1398 4275 890 93538 20924 72614 13258 1213 77283 76715 7012 6718 69703 568 401 3561 2404 2268 3385 60683
internal_count=233936 230375 151669 116832 106796 78706 1423 34837 11399 7124 1398 4275 890 93538 20924 72614 13258 1213 77283 76715 7012 6718 69703 568 401 3561 2404 2268 3385 60683
is_linear=0
shrinkage=0.03


Tree=15
num_leaves=31
num_cat=0
split_feature=16 26 33 50 27 53 15 86 86 86 56 117 28 14 13 139 29 16 58 77 142 86 14 24 35 118 5 8 80 73
split_gain=89.0002 56.3358 46.2403 57.6784 56.3177 64.1673 49.4248 56.0096 46.15 41.788 58.5699 41.9844 49.2708 39.2209 38.0681 37.341 36.7836 51.4918 33.6596 61.7569 33.2901 33.1085 32.8057 32.6447 30.3758 29.4112 38.0465 35.801 28.168 26.3548
threshold=1.2356088161468508 0.019720630720257763 0.47850677371025091 0.77347838878631603 0.082658629864454283 1.0373063683509829 1.1122545003890993 -0.58333334326744068 -0.74999999999999989 0.68333333730697643 0.9493013620376588 0.44740024209022528 -0.014019277412444351 0.90864622592926036 0.94430768489837658 0.98538070917129528 -0.0035624320153146978 0.90333351492881786 0.97757357358932506 0.041666667908430106 1.2876369357109072 0.78333333134651195 0.88826081156730663 0.076066177338361754 0.55655452609062206 0.08278094977140428 0.019370432011783126 0.67272931337356578 0.72499999403953563 0.90000000596046459
decision_type=10 10 8 10 10 10 10 2 2 2 10 10 10 8 10 10 10 8 8 2 10 2 8 10 10 10 10 10 2 10
left_child=1 18 4 23 5 16 7 29 -8 10 14 21 -13 -12 -5 -7 17 -3 19 -1 -9 -11 -18 25 -2 27 -27 -4 -21 -6
right_child=24 2 3 9 6 15 8 20 -10 11 13 12 -14 -15 -16 -17 22 -19 -20 28 -22 -23 -24 -25 -26 26 -28 -29 -30 -31
leaf_value=-0.0051939280648854325 0.00027067358929683992 -0.011743608997168869 -0.0083274307716036996 -0.0094546689547695129 0.011519563601665506 -0.011303114879008041 0.0026526714315939547 0.0032498671151967649 -0.0082987350838680876 0 0.0049324715259852388 0.0087096066733961704 0.0014306951269091174 -8.9560035187463637e-05 0.00099340357024360572 -0.0011337698063780296 0.0068394743172057832 -0.0019410696075725161 0.00049630155244564066 0.0025697251584085334 -0.0015664278339160968 -0.012194317076482867 -0.00069015476251465993 -0.021584272550884635 0.0076442351888034782 -0.011866034502941849 0.0054364094370586511 0.0099421856971878084 0.0077984620022279781 0.00019049814699138414
leaf_weight=696 814 494 135 958 814 870 542 3123 780 436 1407 888 15892 72503 385 632 500 15483 57903 3736 2082 322 48385 110 1815 505 107 211 1395 309
leaf_count=696 814 494 135 958 814 870 542 3123 780 436 1407 888 15892 72503 385 632 500 15483 57903 3736 2082 322 48385 110 1815 505 107 211 1395 309
internal_value=2.52688e-05 -3.59793e-05 -0.000325498 0.000113825 -0.000886546 -0.00117013 0.0015311 0.00266095 -0.00361266 0.000197445 -0.000106291 0.00151645 0.00184366 3.29331e-06 -0.00626877 -0.00729237 -0.00102153 -0.00227722 0.000721806 0.00290198 0.00126731 -0.00520261 -0.000604241 -0.00674569 0.00549374 -0.00432858 -0.00828994 0.00192867 0.0040743 0.00872265
internal_weight=234232 231603 167873 93859 74014 66364 7650 6328 1322 92791 75253 17538 16780 73910 1343 1502 64862 15977 63730 5827 5205 758 48885 1068 2629 958 612 346 5131 1123
internal_count=234232 231603 167873 93859 74014 66364 7650 6328 1322 92791 75253 17538 16780 73910 1343 1502 64862 15977 63730 5827 5205 758 48885 1068 2629 958 612 346 5131 1123
is_linear=0
shrinkage=0.03


Tree=16
num_leaves=31
num_cat=0
split_feature=61 29 37 49 20 30 36 38 126 61 79 138 140 50 12 87 41 87 73 5 22 35 56 34 127 127 28 12 73 23
split_gain=77.8634 66.9135 64.7339 58.9988 58.506 55.7608 53.8812 50.1598 61.9264 49.6394 47.5255 47.0522 41.8979 40.3704 43.8671 47.5135 38.4608 44.725 39.4002 37.1741 51.3479 36.9347 73.6123 34.0135 31.9924 54.5214 39.5567 32.5557 37.7202 31.9454
threshold=1.0634995102882387 -0.0034350714413449164 0.6881941854953767 0.98146244883537304 0.89634060859680187 -0.00033317979250568891 0.79862678050994884 0.0081300716847181338 0.33990141749382025 0.820896476507187 0.15000000223517421 0.81333819031715404 0.78546378016471874 0.74964234232902538 0.97972768545150768 -0.77500000596046437 -0.090269852429628358 0.39166666567325598 0.30000000447034841 0.0078946952708065527 1.1068042516708376 0.67320367693901073 1.0968844294548037 0.8508703112602235 -0.31720194220542902 -0.23160263895988462 -0.014537415001541374 1.0054467320442202 0.30000000447034841 0.015763077884912494
decision_type=10 8 8 10 8 10 10 10 10 10 2 10 10 8 10 2 10 2 10 8 10 10 10 10 10 10 10 10 10 10
left_child=1 3 4 24 10 19 23 9 -9 -7 -3 -12 -8 -4 15 -15 18 21 -5 -6 -21 22 -18 -2 -1 26 -26 28 -27 -19
right_child=6 2 13 16 5 7 12 8 -10 -11 11 -13 -14 14 -16 -17 17 29 -20 20 -22 -23 -24 -25 25 27 -28 -29 -30 -31
leaf_value=0.0026550167569427924 -0.0003755811542761621 -0.00138286704927797 -0.011382677202170665 -0.01366916276019303 -0.00053260581521283551 0.0094685038360169133 -0.0012352117086364806 0.0042995489120596321 -0.0034374303490945879 0.00010185408295703862 -0.027259347874751046 -0.0051776959339168843 0.010874093247308625 0.026192606652052853 0.0010995334242790275 0.0040192798404924332 -0.00075641766510799006 0.00042041834781383783 0.0010933509675742244 -0.0035072996994434838 0.0074103702088486349 0.00078180234188620886 -0.0071348288293478961 0.0052285155579122906 0.0068514750682412695 -0.0026886441465979512 -0.0074768326113805001 -0.0061926137339516473 0.00016942192500811874 0.0045106643597266349
leaf_weight=1079 2538 698 206 358 39985 494 267 5310 1069 72489 155 288 1196 107 47023 476 11853 4887 220 6887 376 9041 1902 1478 149 9505 2517 1460 7037 2804
leaf_count=1079 2538 698 206 358 39985 494 267 5310 1069 72489 155 288 1196 107 47023 476 11853 4887 220 6887 376 9041 1902 1478 149 9505 2517 1460 7037 2804
internal_value=6.40327e-06 -7.72452e-05 0.000202998 -0.00101426 -0.000147373 -8.34867e-05 0.00353518 0.000399655 0.0029494 0.00017194 -0.00685445 -0.0143955 0.00847498 0.00114511 0.00121038 0.00932011 -0.000164504 -6.85311e-06 -0.0076999 -0.000901187 -0.00288211 -0.000684177 -0.00166926 0.00162824 -0.00221306 -0.00248403 -0.00651929 -0.00186321 -0.00145597 0.00195839
internal_weight=233854 228375 175563 52812 127751 126610 5479 79362 6379 72983 1141 443 1463 47812 47606 583 31065 30487 578 47248 7263 22796 13755 4016 21747 20668 2666 18002 16542 7691
internal_count=233854 228375 175563 52812 127751 126610 5479 79362 6379 72983 1141 443 1463 47812 47606 583 31065 30487 578 47248 7263 22796 13755 4016 21747 20668 2666 18002 16542 7691
is_linear=0
shrinkage=0.03


Tree=17
num_leaves=31
num_cat=0
split_feature=16 45 40 72 18 83 20 75 115 77 65 58 51 118 24 47 16 118 109 16 86 61 74 5 101 50 51 22 110 20
split_gain=71.7616 55.0833 48.9216 62.531 50.4124 57.0384 44.9403 53.7149 44.1625 45.0691 43.2771 55.806 42.289 41.9127 66.1968 42.3019 40.9252 46.9471 49.0472 37.0983 47.0027 35.3173 36.7357 34.6803 33.3636 32.7459 32.3561 29.3828 28.907 28.6947
threshold=1.2172914147377016 1.0317937135696413 -0.028080688789486882 0.73015841841697704 1.0246167778968813 -0.50000001490116108 1.0715187191963198 0.17500000447034839 0.74345564842224132 0.091666668653488173 0.67573529481887828 1.0100000500679018 0.7675570845603944 0.56000068783760082 0.034726349636912353 1.0654158592224123 0.94404292106628429 0.19642873853445056 0.38750000298023229 1.1622807383537295 -0.81666666269302357 1.0634995102882387 0.55000001192092907 0.0061983363702893266 0.5962963104248048 0.88050314784049999 0.9589240849018098 1.1421038508415224 0.24264705926179889 0.89634060859680187
decision_type=10 10 8 10 10 10 10 2 10 2 10 10 8 10 10 10 8 10 2 8 2 10 2 10 2 10 8 10 2 8
left_child=1 8 3 10 16 6 -6 -8 9 12 19 -12 25 24 15 -15 17 23 -19 20 -3 22 -18 -4 -5 -1 -14 -21 -13 -11
right_child=-2 2 4 13 5 -7 7 -9 -10 29 11 28 26 14 -16 -17 21 18 -20 27 -22 -23 -24 -25 -26 -27 -28 -29 -30 -31
leaf_value=0.01273185987711507 0.004261422271994041 -0.0051072196442723972 -0.0015314280717916263 0.017644768651633513 -0.003939537021155278 -0.0094722679949445134 -0.00080591975301281507 0.013387864194695023 -0.0013443430597775312 -0.0061049055879596956 0.0003471011459447643 0.024299969273804668 -0.0014621182963815576 0.0011650993150044704 -0.011285727218221943 0.010576976369374927 -0.00071919004504104975 -0.0036820642764758657 0.0023134481809150681 0 0 0.0061112305385437916 0.0006095447062012115 0.008732403172801613 0.0037082343617160069 -0.0038796158272773025 0.0012654936632519357 0.0076410476489199471 0.00090845520753169155 0.0012159052597262518
leaf_weight=353 3519 1805 518 361 2472 1165 733 313 10006 453 509 176 14160 1368 243 677 75591 9024 1343 1023 14048 733 24640 555 398 105 5280 916 102 61695
leaf_count=353 3519 1805 518 361 2472 1165 733 313 10006 453 509 176 14160 1368 243 677 75591 9024 1343 1023 14048 733 24640 555 398 105 5280 916 102 61695
internal_value=2.09927e-05 -4.27346e-05 -0.000421489 0.000882932 -0.000665087 -0.00371904 -0.00168627 0.00333143 0.000524719 0.00075659 0.000210661 0.00701021 -0.000475032 0.00485617 0.00260882 0.00449846 -0.000534545 -0.00223823 -0.00287353 -8.07974e-05 -0.000577859 -0.000338128 -0.000389495 0.00356562 0.0110047 0.00829295 -0.00070533 0.00379438 0.0173612 0.00115577
internal_weight=234284 230765 138713 21626 117087 4683 3518 1046 92052 82046 18579 787 19898 3047 2288 2045 112404 11440 10367 17792 15853 100964 100231 1073 759 458 19440 1939 278 62148
internal_count=234284 230765 138713 21626 117087 4683 3518 1046 92052 82046 18579 787 19898 3047 2288 2045 112404 11440 10367 17792 15853 100964 100231 1073 759 458 19440 1939 278 62148
is_linear=0
shrinkage=0.03


Tree=18
num_leaves=31
num_cat=0
split_feature=37 20 45 1 25 53 14 28 112 78 58 39 24 81 17 16 29 16 6 39 138 80 48 7 115 55 41 34 82 10
split_gain=56.473 71.7189 66.795 57.8921 69.893 57.5627 84.5497 65.5415 53.6766 45.2319 85.1153 63.086 77.9864 55.8323 45.1541 46.639 56.6569 56.9471 42.014 45.7354 41.116 54.1513 40.911 40.1818 39.3263 47.8199 40.2078 39.1853 37.1974 36.8031
threshold=0.71337547898292553 0.89634060859680187 1.0266667008399966 0.054840089753270156 0.028284236788749698 1.0005736947059634 0.89523807168006908 0.0056036158930510291 0.18808962404727939 0.30000000447034841 0.98408600687980663 -0.014486968051642178 0.025834591127932075 0.28333334624767309 1.0808914303779604 1.0233306288719179 -0.0001840527183958329 1.0864197611808779 0.30769589543342596 -0.01644257269799709 0.77583488821983349 0.075000001117587103 0.98148342967033397 0.01241143560037017 0.20588185638189319 1.091137766838074 0.00473078084178269 0.71931475400924694 0.12500000372529033 1.0233172178268435
decision_type=8 8 8 8 8 10 8 10 2 10 10 10 10 2 10 10 10 10 10 10 10 2 10 10 10 10 10 10 2 8
left_child=1 20 9 14 -5 -4 7 -7 29 11 -11 -3 -13 -14 28 -16 18 -18 -17 -20 21 -1 -12 -19 25 -8 -26 -10 -2 -6
right_child=3 2 5 4 8 6 24 -9 27 10 22 12 13 -15 15 16 17 23 19 -21 -22 -23 -24 -25 26 -27 -28 -29 -30 -31
leaf_value=0 0.00046990186424925457 0.0071738742781743059 -0.0020446354847951527 -0.0075705931849348118 0.0048871889232199577 0 -0.0012856070196139626 0.023783237897903368 0.0047765968781443334 0.0034938111424428738 -0.0016387229139133276 0.00020708191171596248 -0.00011735829071569617 -0.0069461312386517472 -0.0044817781401368332 6.874711928611748e-05 0 0.0031492274834013039 -0.014941355399133318 -0.0025021924972900215 -0.0030531643065178824 -0.023035214088022653 0.0012438050790899474 0.011494054349763456 -0.00074254757195956075 0.0089521005007515628 0.00083857867966896974 -0.0097156490455657645 0.0025798862712033037 0.014459603930504336
leaf_weight=123 18065 982 20529 309 925 215 670 212 479 11381 6831 23575 1993 2588 2196 9460 4920 2460 279 4464 796 256 12406 722 74363 872 17794 233 13430 816
leaf_count=123 18065 982 20529 309 925 215 670 212 479 11381 6831 23575 1993 2588 2196 9460 4920 2460 279 4464 796 256 12406 722 74363 872 17794 233 13430 816
internal_value=3.75565e-05 -0.000230517 -0.00017855 0.000843548 0.00508316 -0.000603696 -0.000285872 0.0127128 0.00684678 0.000632095 0.00143813 -0.000205001 -0.000477912 -0.00405385 0.000627334 -0.000328572 7.05352e-05 0.00208203 -0.00105713 -0.00335656 -0.00756105 -0.0156493 0.000204011 0.00519634 -0.00035101 0.00435224 -0.000433888 0 0.00138022 0.00965737
internal_weight=234344 175586 174411 58758 2762 114655 94126 427 2453 59756 30618 29138 28156 4581 55996 24501 22305 8102 14203 4743 1175 379 19237 3182 93699 1542 92157 712 31495 1741
internal_count=234344 175586 174411 58758 2762 114655 94126 427 2453 59756 30618 29138 28156 4581 55996 24501 22305 8102 14203 4743 1175 379 19237 3182 93699 1542 92157 712 31495 1741
is_linear=0
shrinkage=0.03


Tree=19
num_leaves=31
num_cat=0
split_feature=16 25 29 42 6 115 25 71 29 22 10 9 39 27 3 44 127 56 68 38 113 95 86 7 62 36 52 28 78 19
split_gain=58.9698 56.4045 38.9539 57.429 64.4696 55.5976 69.7857 73.8689 87.0659 71.0222 58.1892 57.5798 47.4961 44.3309 42.0943 46.9905 40.1934 54.5274 45.2546 40.4298 36.5268 33.0991 31.0616 30.9431 30.8353 27.3837 36.0622 36.0389 28.1317 27.4963
threshold=1.2172914147377016 0.012363445479422809 -0.00046219836804084474 -0.073155574500560747 0.16666175425052646 0.74345564842224132 0.043740468099713332 0.51948043704032909 0.0037639484507963066 1.1017869114875796 1.0340314507484438 0.97345134615898143 0.018026698380708698 0.077931307256221785 0.014475249219685795 1.033478915691376 -0.30878172814846033 1.0785494446754458 0.20000059157609942 -0.010902428999543188 0.91428592801094066 -0.21804543584585187 -0.516666680574417 -0.0054526303429156533 0.92721861600875866 0.81750500202178966 0.92230904102325451 -0.0081395413726568205 0.30000000447034841 1.0209202766418459
decision_type=10 10 10 10 10 10 10 10 10 10 10 10 10 10 10 10 8 10 10 8 10 10 2 10 10 10 10 10 10 10
left_child=1 -1 3 4 -3 6 9 23 -9 10 -4 13 21 20 15 -13 -5 18 -18 -19 -7 -6 -11 -8 -14 -2 28 -28 -27 -29
right_child=25 2 5 16 12 11 7 8 -10 22 -12 14 24 -15 -16 -17 17 19 -20 -21 -22 -23 -24 -25 -26 26 27 29 -30 -31
leaf_value=0.0011158594018028495 0.0013447168173500231 -0.00112973709613481 0.00013069427558077399 0.0017878177240869344 0.00079782369363768475 -0.0097532533614062954 0.0026676603978168815 0.010718716606953687 0.00255542210569685 0.01044189033176946 -0.005814449160539051 -0.0010131389917624487 -0.014134492458407441 -0.019033121692478103 0.0053606377419422972 -0.0099787248067137822 0.0005572821880567107 -0.0077144998637058738 -0.0011767005364254008 -0.0021151995167739582 0.00086969918090549472 0.0068503514131483655 0 -0.0040194098480361012 0 0.026856715283003346 0.0073288587091007718 0.0031775475723239089 0.0057156215000399796 -0.012483405606233811
leaf_weight=32910 2001 4108 80854 4614 1286 550 941 1558 5389 835 1489 7503 152 252 805 561 19174 1292 44577 16133 495 2982 365 1605 543 125 871 175 197 156
leaf_count=32910 2001 4108 80854 4614 1286 550 941 1558 5389 835 1489 7503 152 252 805 561 19174 1292 44577 16133 495 2982 365 1605 543 125 871 175 197 156
internal_value=2.53152e-05 -3.23294e-05 -0.00022472 -0.000664151 0.00159157 0.00017634 0.000409298 0.00284542 0.00445477 0.000128276 1.81606e-05 -0.00192278 0.00389977 -0.00781205 -0.00101215 -0.00169712 -0.000906472 -0.00106371 -0.000650466 -0.00255593 -0.0045178 0.00510884 0.00731425 -0.00142943 -0.00304077 0.00386594 0.00692168 0.00405283 0.0158904 -0.00363948
internal_weight=234498 230973 198063 94861 9071 103202 93036 9493 6947 83543 82343 10166 4963 1297 8869 8064 85790 81176 63751 17425 1045 4268 1200 2546 695 3525 1524 1202 322 331
internal_count=234498 230973 198063 94861 9071 103202 93036 9493 6947 83543 82343 10166 4963 1297 8869 8064 85790 81176 63751 17425 1045 4268 1200 2546 695 3525 1524 1202 322 331
is_linear=0
shrinkage=0.03


Tree=20
num_leaves=31
num_cat=0
split_feature=16 46 29 1 53 119 41 20 120 73 108 38 37 42 12 23 126 37 35 50 32 81 94 120 120 38 35 29 124 120
split_gain=72.7053 51.0991 51.1388 42.041 44.355 68.75 56.6819 64.9248 48.9705 70.1959 43.8364 45.7632 42.6216 42.5547 39.11 38.0265 43.8603 35.542 35.8918 59.2732 32.8886 31.6415 31.1649 30.3771 30.1848 30.6472 29.3676 27.9587 41.018 38.7519
threshold=1.2172914147377016 1.0095785260200503 0.0065654295030981311 0.013170263264328243 1.0118665695190432 0.23584853857755664 0.0044953427277505406 0.94258311390876781 0.46666668355464941 0.5000000149011613 -0.22500000149011609 -0.0049327258020639411 0.71692693233490001 -0.075480598956346498 0.99797368049621593 0.025863966904580597 0.15982685983181003 0.38173909485340124 0.61854526400566112 0.86216598749160778 -0.0010519759962335227 0.68333333730697643 0.41793587803840643 0.26972308754920965 0.2542374879121781 0.0024096294073387985 0.87317159771919262 -0.015778590925037857 -0.28282789885997767 0.80242037773132335
decision_type=10 10 10 10 10 10 8 10 10 8 2 10 10 10 10 10 8 10 10 10 10 2 10 8 8 10 10 10 10 10
left_child=1 2 15 24 6 14 7 -5 9 -7 -8 -12 -9 -10 -6 16 -1 18 19 -4 27 -19 -17 -18 -3 -26 -22 -2 29 -29
right_child=20 3 17 4 5 8 10 12 13 -11 11 -13 -14 -15 -16 22 23 21 -20 -21 26 -23 -24 -25 25 -27 -28 28 -30 -31
leaf_value=0.0038305738657629265 0.010671160815634313 -0.0053277372334589682 0.016710930103568403 0.0065772882579131775 -0.0044211329638665494 0.0030545673030390043 0.0039320684330592017 -0.002677642429075487 0.0016858693598992343 -0.00095817850532939743 0.0012914490113736239 -0.00097271246218086967 -0.00015134672838911458 -0.0008109857636100199 0.013362749159137268 0.0023895346642274296 -0.0018396873531265471 0.0014875180642311531 -0.0072851980975402698 -0.0028466437559011839 -0.010241522482685388 -0.0095957686746283907 0.015120092541910707 0.0015711045274667851 0.00097498964179733381 -0.0006608241502149998 0.0055438739081312503 -0.0017304725528000469 0.0082588432384035938 0.012118043570102736
leaf_weight=5878 723 762 145 765 101 9720 2106 25463 7075 6407 10232 35995 8205 43473 514 475 3174 3369 1307 877 231 225 348 8439 42245 13391 141 1233 963 192
leaf_count=5878 723 762 145 765 101 9720 2106 25463 7075 6407 10232 35995 8205 43473 514 475 3174 3369 1307 877 231 225 348 8439 42245 13391 141 1233 963 192
internal_value=1.13745e-05 -5.24724e-05 0.00124832 -0.00020674 -0.0004702 9.78021e-05 -0.000935529 -0.00186678 0 0.00144258 -0.000265397 -0.000464729 -0.00207134 -0.00045505 0.00992244 0.0020374 0.00171359 -0.00113972 -0.00402878 0 0.00430197 0.000661382 0.00835945 0.000611537 0.000488839 0.00057578 -0.00351546 0.00534904 0.00353787 6.97184e-05
internal_weight=234174 230691 24237 206454 150056 67290 82766 34433 66675 16127 48333 46227 33668 50548 615 18314 17491 5923 2329 1022 3483 3594 823 11613 56398 55636 372 3111 2388 1425
internal_count=234174 230691 24237 206454 150056 67290 82766 34433 66675 16127 48333 46227 33668 50548 615 18314 17491 5923 2329 1022 3483 3594 823 11613 56398 55636 372 3111 2388 1425
is_linear=0
shrinkage=0.03


end of trees

feature_importances:
ROC30=26
IMXD30=20
RSQR30=19
RSQR5=17
RESI60=17
BETA10=16
RESI5=15
STD5=13
MA20=12
ROC10=11
STD20=11
BETA20=11
STD30=10
RSQR10=10
RESI30=10
KLEN=9
MA60=9
RSQR20=9
MIN20=9
HIGH0=8
BETA60=8
RSQR60=8
MAX20=8
MAX30=8
QTLU30=8
KLOW=7
ROC5=7
MA5=7
STD60=7
BETA5=7
RESI10=7
RESI20=7
MAX5=7
MAX10=7
QTLU5=7
QTLD30=7
RSV30=7
IMAX60=7
IMIN30=7
SUMP20=7
WVMA20=7
KLOW2=6
ROC20=6
STD10=6
QTLU20=6
QTLU60=6
WVMA5=6
KUP=5
LOW0=5
IMAX5=5
IMIN60=5
IMXD60=5
SUMN5=5
SUMN20=5
KUP2=4
VWAP0=4
MAX60=4
MIN30=4
QTLD5=4
QTLD20=4
RANK60=4
RSV60=4
IMIN5=4
IMIN20=4
SUMN10=4
SUMN30=4
SUMD60=4
WVMA30=4
KMID2=3
KSFT2=3
OPEN0=3
ROC60=3
MIN5=3
RSV5=3
IMXD20=3
SUMP60=3
SUMD5=3
SUMD20=3
SUMD30=3
KMID=2
KSFT=2
MA10=2
MIN60=2
QTLD10=2
RANK20=2
IMAX20=2
IMAX30=2
IMIN10=2
IMXD5=2
IMXD10=2
CNTP60=2
CNTD10=2
CNTD60=2
SUMN60=2
VSTD60=2
BETA30=1
MIN10=1
QTLU10=1
QTLD60=1
RSV10=1
RSV20=1
IMAX10=1
CORR20=1
CORR30=1
CORD5=1
CORD10=1
CORD20=1
CNTP10=1
CNTP30=1
CNTD5=1
CNTD20=1
SUMP5=1
SUMP10=1
SUMP30=1
SUMD10=1
VSTD30=1
WVMA10=1
WVMA60=1
VSUMP20=1

parameters:
[boosting: gbdt]
[objective: regression]
[metric: l2]
[tree_learner: serial]
[device_type: cpu]
[data_sample_strategy: bagging]
[data: ]
[valid: ]
[num_iterations: 500]
[learning_rate: 0.03]
[num_leaves: 31]
[num_threads: 12]
[seed: 20260812]
[deterministic: 1]
[force_col_wise: 1]
[force_row_wise: 0]
[histogram_pool_size: -1]
[max_depth: 7]
[min_data_in_leaf: 100]
[min_sum_hessian_in_leaf: 0.001]
[bagging_fraction: 0.8]
[pos_bagging_fraction: 1]
[neg_bagging_fraction: 1]
[bagging_freq: 1]
[bagging_seed: 20260812]
[bagging_by_query: 0]
[feature_fraction: 0.8]
[feature_fraction_bynode: 1]
[feature_fraction_seed: 20260812]
[extra_trees: 0]
[extra_seed: 9622]
[early_stopping_round: 0]
[early_stopping_min_delta: 0]
[first_metric_only: 0]
[max_delta_step: 0]
[lambda_l1: 10]
[lambda_l2: 20]
[linear_lambda: 0]
[min_gain_to_split: 0]
[drop_rate: 0.1]
[max_drop: 50]
[skip_drop: 0.5]
[xgboost_dart_mode: 0]
[uniform_drop: 0]
[drop_seed: 26770]
[top_rate: 0.2]
[other_rate: 0.1]
[min_data_per_group: 100]
[max_cat_threshold: 32]
[cat_l2: 10]
[cat_smooth: 10]
[max_cat_to_onehot: 4]
[top_k: 20]
[monotone_constraints: ]
[monotone_constraints_method: basic]
[monotone_penalty: 0]
[feature_contri: ]
[forcedsplits_filename: ]
[refit_decay_rate: 0.9]
[cegb_tradeoff: 1]
[cegb_penalty_split: 0]
[cegb_penalty_feature_lazy: ]
[cegb_penalty_feature_coupled: ]
[path_smooth: 0]
[interaction_constraints: ]
[verbosity: -1]
[saved_feature_importance_type: 0]
[use_quantized_grad: 0]
[num_grad_quant_bins: 4]
[quant_train_renew_leaf: 0]
[stochastic_rounding: 1]
[linear_tree: 0]
[max_bin: 255]
[max_bin_by_feature: ]
[min_data_in_bin: 3]
[bin_construct_sample_cnt: 200000]
[data_random_seed: 20260812]
[is_enable_sparse: 1]
[enable_bundle: 1]
[use_missing: 1]
[zero_as_missing: 0]
[feature_pre_filter: 1]
[pre_partition: 0]
[two_round: 0]
[header: 0]
[label_column: ]
[weight_column: ]
[group_column: ]
[ignore_column: ]
[categorical_feature: ]
[forcedbins_filename: ]
[precise_float_parser: 0]
[parser_config_file: ]
[objective_seed: 6428]
[num_class: 1]
[is_unbalance: 0]
[scale_pos_weight: 1]
[sigmoid: 1]
[boost_from_average: 1]
[reg_sqrt: 0]
[alpha: 0.9]
[fair_c: 1]
[poisson_max_delta_step: 0.7]
[tweedie_variance_power: 1.5]
[lambdarank_truncation_level: 30]
[lambdarank_norm: 1]
[label_gain: ]
[lambdarank_position_bias_regularization: 0]
[eval_at: ]
[multi_error_top_k: 1]
[auc_mu_weights: ]
[num_machines: 1]
[local_listen_port: 12400]
[time_out: 120]
[machine_list_filename: ]
[machines: ]
[gpu_platform_id: -1]
[gpu_device_id: -1]
[gpu_device_id_list: ]
[gpu_use_dp: 0]
[num_gpu: 1]

end of parameters

pandas_categorical:null
