tree
version=v4
num_class=1
num_tree_per_iteration=1
label_index=0
max_feature_idx=163
objective=regression
feature_names=KMID KLEN KMID2 KUP KUP2 KLOW KLOW2 KSFT KSFT2 OPEN0 HIGH0 LOW0 VWAP0 ROC5 ROC10 ROC20 ROC30 ROC60 MA5 MA10 MA20 MA30 MA60 STD5 STD10 STD20 STD30 STD60 BETA5 BETA10 BETA20 BETA30 BETA60 RSQR5 RSQR10 RSQR20 RSQR30 RSQR60 RESI5 RESI10 RESI20 RESI30 RESI60 MAX5 MAX10 MAX20 MAX30 MAX60 MIN5 MIN10 MIN20 MIN30 MIN60 QTLU5 QTLU10 QTLU20 QTLU30 QTLU60 QTLD5 QTLD10 QTLD20 QTLD30 QTLD60 RANK5 RANK10 RANK20 RANK30 RANK60 RSV5 RSV10 RSV20 RSV30 RSV60 IMAX5 IMAX10 IMAX20 IMAX30 IMAX60 IMIN5 IMIN10 IMIN20 IMIN30 IMIN60 IMXD5 IMXD10 IMXD20 IMXD30 IMXD60 CORR5 CORR10 CORR20 CORR30 CORR60 CORD5 CORD10 CORD20 CORD30 CORD60 CNTP5 CNTP10 CNTP20 CNTP30 CNTP60 CNTN5 CNTN10 CNTN20 CNTN30 CNTN60 CNTD5 CNTD10 CNTD20 CNTD30 CNTD60 SUMP5 SUMP10 SUMP20 SUMP30 SUMP60 SUMN5 SUMN10 SUMN20 SUMN30 SUMN60 SUMD5 SUMD10 SUMD20 SUMD30 SUMD60 VMA5 VMA10 VMA20 VMA30 VMA60 VSTD5 VSTD10 VSTD20 VSTD30 VSTD60 WVMA5 WVMA10 WVMA20 WVMA30 WVMA60 VSUMP5 VSUMP10 VSUMP20 VSUMP30 VSUMP60 VSUMN5 VSUMN10 VSUMN20 VSUMN30 VSUMN60 VSUMD5 VSUMD10 VSUMD20 VSUMD30 VSUMD60 ORC_TREND_VOLUME_DIVERGENCE_10_20 ORC_VOLUME_WEIGHTED_DIRECTION_10 ORC_LAGGED_VOLUME_LEAD_20 ORC_PV_COHERENCE_SHIFT_5_20 ORC_NET_VOLUME_PRESSURE_20 ORC_VOLUME_TREND_DIVERGENCE_10
feature_infos=[-0.16749253869056702:0.23587034642696381] [0:0.33308270573616028] [-1:1] [0:0.27153289318084717] [0:1] [0:0.19577737152576447] [0:1] [-0.31147539615631104:0.23587034642696381] [-1:1] [0.80914634466171265:1.2011904716491699] [1:1.365384578704834] [0.79261672496795654:1] [0.90894031524658203:1.0927579402923584] [0.57777780294418335:1.6790908575057983] [0.54954206943511963:1.8924485445022583] [0.46860837936401367:2.2146341800689697] [0.46312057971954346:2.740487813949585] [0.36440131068229675:2.649662971496582] [0.74611109495162964:1.3455072641372681] [0.65066665410995483:1.4951817989349365] [0.60133224725723267:1.7117466926574707] [0.56646168231964111:1.9959673881530762] [0.4937971830368042:1.8649090528488159] [0:0.26957115530967712] [0:0.32280367612838745] [0:0.36472421884536743] [0:0.57258552312850952] [0:0.50059491395950317] [-0.16409091651439667:0.12254486232995987] [-0.11048160493373871:0.12254486232995987] [-0.11048160493373871:0.12254486232995987] [-0.11048160493373871:0.12254486232995987] [-0.11048160493373871:0.12254486232995987] [0:1] [0:1] [0:1] [0:1] [0:1] [-0.15193372964859009:0.13264167308807373] [-0.24554997682571411:0.20802642405033112] [-0.40848860144615173:0.27864286303520203] [-0.44566619396209717:0.33016127347946167] [-0.96870207786560059:0.3971981406211853] [1:1.6472727060317993] [1:1.9298244714736938] [1:2.2439024448394775] [1:3.3160974979400635] [1:3.3160974979400635] [0.5718809962272644:1] [0.54045307636260986:1] [0.4660193920135498:1] [0.43721681833267212:1] [0.34664765000343323:1] [0.86488890647888184:1.4843636751174927] [0.72140765190124512:1.7869091033935547] [0.59200000762939453:2.054157018661499] [0.56569522619247437:2.423609733581543] [0.56576049327850342:2.3250908851623535] [0.60694897174835205:1.2689855098724365] [0.54922223091125488:1.4057971239089966] [0.49352750182151794:1.5574545860290527] [0.47533980011940002:1.5740000009536743] [0.39857602119445801:1.5950908660888672] [0.20000000298023224:1] [0.10000000149011612:1] [0.05000000074505806:1] [0.033333335071802139:1] [0.01666666753590107:1] [0:1] [0:1] [0:1] [0:1] [0:1] [0.20000000298023224:1] [0.10000000149011612:1] [0.05000000074505806:1] [0.033333335071802139:1] [0.01666666753590107:1] [0.20000000298023224:1] [0.10000000149011612:1] [0.05000000074505806:1] [0.033333335071802139:1] [0.01666666753590107:1] [-0.80000001192092896:0.80000001192092896] [-0.89999997615814209:0.89999997615814209] [-0.94999998807907104:0.94999998807907104] [-0.96666663885116577:0.96666663885116577] [-0.98333334922790527:0.98333334922790527] [-1:1] [-1:1] [-1:1] [-1:1] [-1:1] [-1:1] [-1:1] [-1:1] [-1:1] [-1:1] [0:1] [0:1] [0:0.89999997615814209] [0:0.89999997615814209] [0:0.89999997615814209] [0:1] [0:1] [0:0.89999997615814209] [0:0.875] [0:0.875] [-1:1] [-1:1] [-0.875:0.89999997615814209] [-0.875:0.89999997615814209] [-0.875:0.89999997615814209] [0:1] [0:1] [0:1] [0:1] [0:1] [0:1] [0:1] [0:1] [0:1] [0:1] [-1:1] [-1:1] [-1:1] [-1:1] [-1:1] [0.20013266801834106:26452.083984375] [0.10012400150299072:23627.859375] [0.050104878842830658:12145.7685546875] [0.034610312432050705:10268.4287109375] [0.017187755554914474:8419.4609375] [0.00080492562847211957:59102.5] [0.0021778203081339598:49210.34375] [0.0021778203081339598:42161.07421875] [0.0021778203081339598:37016.7265625] [0.0021778203081339598:26455.013671875] [0:2.2360680103302002] [0:3.1615598201751709] [0:4.4708261489868164] [0:5.4611344337463379] [0:7.5986995697021484] [0:1] [0:1] [0:1] [0:1] [0:1] [0:1] [0:1] [0:1] [0:1] [0:1] [-1:1] [-1:1] [-1:1] [-1:1] [-1:1] [-681.060791015625:16.19074821472168] [-0.11966706067323685:0.21138943731784821] [-1690.6951904296875:498.31732177734375] [-0.48144441843032837:0.43292140960693359] [0:0] [-537.621826171875:24.261236190795898]
tree_sizes=3096 3073 3024 3069 3073 3084 3065 3086 3132 3045

Tree=0
num_leaves=31
num_cat=0
split_feature=41 36 29 57 38 122 58 114 30 11 29 42 30 26 69 33 61 16 26 34 28 39 57 42 4 45 127 26 90 113
split_gain=272.464 139.204 138.181 144.684 127.742 260.145 145.54 125.736 125.481 132.506 109.856 92.9616 91.2088 92.9815 93.582 91.2485 89.5095 88.8859 72.6904 72.1362 68.3513 68.0682 67.9862 65.5247 71.0372 69.8884 79.896 62.1982 62.0896 58.1992
threshold=-0.066265549510717378 0.68151316046714794 -0.001240371784660965 1.16919481754303 -0.017127021215856072 0.35288673639297491 0.9208262860774995 0.57236829400062572 -0.00050914598978124548 0.92690601944923412 -0.015034088864922522 -0.1176476553082466 0.012704058084636928 0.092503029853105559 0.28571479022502905 0.91314551234245311 0.82833755016326915 0.8628222942352296 0.04502579756081105 0.16737049072980884 -0.020344879478216168 0.013049342669546606 0.88845324516296398 -0.094018824398517595 0.25806303322315222 1.0594280362129214 -0.32456429302692408 0.045804498717188842 0.49007210135459905 0.56589165329933178
decision_type=8 10 8 10 8 8 10 8 8 8 10 10 10 10 10 10 8 8 10 10 10 10 10 10 10 10 10 10 10 10
left_child=1 11 7 4 5 6 -4 10 17 28 29 -1 13 -3 15 -15 -11 21 -7 -20 -14 -6 -8 24 -12 -25 -27 -19 -10 -2
right_child=2 12 3 -5 8 18 22 -9 9 16 23 -13 20 14 -16 -17 -18 27 19 -21 -22 -23 -24 25 -26 26 -28 -29 -30 -31
leaf_value=0.007742629068266265 0.0065621996801786811 0.0077051614033249579 0.0075801144358695434 0.0051674811955233655 -0.017229328467258085 -0.0049540415101029011 -0.028011748916211554 -0.00660912815016908 0.00059795870951790731 0.0034959624126178457 0.0055664617288618276 0.00055100760063031367 -0.019664110545821799 0.036119425319810217 0.0070418187998851495 0.0007381123511819124 0.00059470369635170604 -0.0011038536605943576 0.013673536609910848 0.00032102232738631702 0.010104693228044406 -3.4247059818502867e-10 -0.012101477313825075 -3.9416444240427488e-05 -0.0013135391228831861 0.002630012718918313 -0.0016416498900307594 0.0017760944171175644 -0.016441098746531081 -0.012429424932416954
leaf_weight=2425 2432 1209 194 5387 504 1862 483 3312 234 10176 2931 5098 124 391 320 100 172156 52016 433 2128 103 328 802 50342 2375 4062 85231 7667 574 126
leaf_count=2425 2432 1209 194 5387 504 1862 483 3312 234 10176 2931 5098 124 391 320 100 172156 52016 433 2128 103 328 802 50342 2375 4062 85231 7667 574 126
internal_value=3.73621e-06 0.0049499 -0.000114859 0.000310082 0.000203621 -0.00414641 -0.0149534 -0.000835152 0.000310554 0.000702798 -0.000702589 0.00292334 0.0115169 0.0135772 0.0215739 0.0298115 0.000758635 -0.0008714 -0.000414098 0.00278329 -0.00521763 -0.0105198 -0.0186493 -0.000813467 0.00243723 -0.00093947 -0.00144342 -0.000728394 -0.011249 0.00542119
internal_weight=415525 9770 405755 254944 249557 5902 1479 150811 243655 183140 147499 7523 2247 2020 811 491 182332 60515 4423 2561 227 832 1285 144941 5306 139635 89293 59683 808 2558
internal_count=415525 9770 405755 254944 249557 5902 1479 150811 243655 183140 147499 7523 2247 2020 811 491 182332 60515 4423 2561 227 832 1285 144941 5306 139635 89293 59683 808 2558
is_linear=0
shrinkage=1


Tree=1
num_leaves=31
num_cat=0
split_feature=41 36 54 46 32 24 17 14 53 25 51 22 15 33 5 7 69 3 86 58 86 35 53 51 122 30 40 78 4 1
split_gain=261.462 154.929 144.613 149.939 112.442 106.641 91.5857 89.9123 88.2907 95.2055 116.68 91.416 82.468 79.8974 66.008 78.7637 80.9143 70.9278 65.8418 64.408 62.8421 69.2266 89.1682 53.2011 51.9018 58.3253 51.5746 49.1871 47.5048 44.8629
threshold=-0.062672588974237428 0.78798821568489086 1.093691408634186 1.0436248779296877 -0.004925140878185629 0.10003798454999925 1.011374890804291 0.95588234066963207 0.99351683259010326 0.10544417798519136 0.75276568531990062 0.79991668462753307 0.72362977266311657 0.25225098431110388 0.0035714762052521114 0.028985491953790191 0.96202537417411815 0.026339140720665458 -0.55000001192092884 1.0099179148674013 -0.58333334326744068 0.80614650249481212 0.97927466034889232 0.7671753764152528 0.38550247251987463 0.011551840230822565 0.045020652934908874 0.70000001788139354 0.35294283926486975 0.052019124850630767
decision_type=8 10 10 8 8 10 10 10 10 10 8 10 10 10 10 10 10 10 2 10 2 10 10 10 10 10 10 10 10 10
left_child=1 6 3 5 20 14 18 -3 9 10 -6 12 -10 -13 26 17 -17 -16 28 -9 21 22 -5 -4 25 27 -2 -20 -1 -25
right_child=2 7 23 4 8 -7 -8 19 11 -11 -12 13 -14 -15 15 16 -18 -19 24 -21 -22 -23 -24 29 -26 -27 -28 -29 -30 -31
leaf_value=0.019753151728651431 0.0011359425449623027 -0.0035192372401383863 0.02505054434570907 -0.007563183277783523 0.0087053434699191721 -0.0209931335917477 -0.000661023660903552 0.030653107374458127 0.00035542867182450399 -0.019249287083169773 -0.003191654319213701 -0.0015154699313152174 -0.012271889293333515 -0.00020674702272582 -0.00048413889781185536 -0.00012803924509885317 0.0067270231165381632 0.01038627078470377 0.020226430634224881 0.011767071197067281 0.00033043203578408243 -0.0016444947673460407 0.01020244307564276 0.0028995111416619344 0.0026704381164108777 -0.0070895156879329452 -0.0033009989050806674 0.0066136963234185607 0.0001366758062907208 0.011115148647845031
leaf_weight=442 90801 161 112 251 748 188 3455 304 704 303 15499 60928 1132 137186 76408 3106 2914 522 408 603 4144 762 2316 2836 4972 139 2369 869 188 818
leaf_count=442 90801 161 112 251 748 188 3455 304 704 303 15499 60928 1132 137186 76408 3106 2914 522 408 603 4144 762 2316 2836 4972 139 2369 869 188 818
internal_value=-2.54982e-05 0.00442202 -0.00015349 -0.000209398 -0.00072503 0.000443941 0.00325907 0.0152808 -0.000851075 -0.00296096 -0.00261545 -0.00067466 -0.00731675 -0.000610858 0.000470908 -0.000141444 0.00315179 -0.0004038 0.00522797 0.0189455 0.00287911 0.00594126 0.00830432 0.00567939 0.00421974 0.00933792 0.00101922 0.0114391 0.0145452 0.00487085
internal_weight=415588 11541 404047 400281 223973 176308 10473 1068 216500 16550 16247 199950 1836 198114 176120 82950 6020 76930 7018 907 7473 3329 2567 3766 6388 1416 93170 1277 630 3654
internal_count=415588 11541 404047 400281 223973 176308 10473 1068 216500 16550 16247 199950 1836 198114 176120 82950 6020 76930 7018 907 7473 3329 2567 3766 6388 1416 93170 1277 630 3654
is_linear=0
shrinkage=0.03


Tree=2
num_leaves=31
num_cat=0
split_feature=41 36 46 32 1 7 86 39 14 33 33 82 15 3 7 29 138 86 114 5 115 60 14 48 59 114 1 57 35 36
split_gain=257.616 148.225 137.723 144.535 97.2829 112.393 114.7 84.4314 81.4962 86.587 80.9048 79.2169 77.6173 77.6152 80.7754 68.7468 68.5731 80.7667 64.8603 56.8101 55.2145 56.1295 54.7996 53.6387 54.2643 49.3463 48.292 46.7791 54.9011 45.7519
threshold=-0.066265549510717378 0.68486416339874279 1.0278849601745608 -0.004925140878185629 0.083115298300981535 0.03336229361593724 0.91666665673255932 0.060182465240359313 0.94380378723144542 0.73671871423721325 0.8448053002357484 0.37500000000000006 1.1497821211814883 0.024203588254749778 -0.036890637129545205 -0.0035086555872112508 0.63789105415344249 -0.58333334326744068 0.91216221451759349 0.0049850211944431075 0.74965307116508495 0.88065609335899364 0.98201870918273937 0.98366993665695202 0.99128565192222606 0.85714307427406322 0.060782417654991157 0.87762168049812328 0.75612664222717296 0.79750531911849987
decision_type=8 10 10 8 10 10 2 10 8 10 10 2 10 10 10 10 8 2 10 10 10 10 8 10 10 10 10 10 10 10
left_child=1 11 4 16 5 19 20 12 -3 23 25 -1 13 15 -15 -5 26 -18 -12 -2 21 -7 -9 24 -10 -8 -4 28 -6 -11
right_child=2 8 3 7 27 6 10 22 9 29 18 -13 -14 14 -16 -17 17 -19 -20 -21 -22 -23 -24 -25 -26 -27 -28 -29 -30 -31
leaf_value=0.0056676742075573586 0.0010708945674589383 -0.0067260397014434672 -0.0034244546331698125 -0.0014373170364978623 -0.022993643140314216 0.011193064722481633 0.010961970712954966 -0.023916148209214411 0.0049838895108550788 0.00018303441942701495 0.030972879963525227 -0.00040019453970567629 0.0029818115993982268 -0.0034134384472659465 0.0062919667666620251 -0.0003667049672418949 0.0082653460022955455 0.0017044309046830137 0.0024517670408822595 -0.00034589849641998495 -0.0024638890966816383 0.0021464232605530498 -0.003911987539613619 0.01145923574725166 0.032376303294323457 -0.0025348707690504911 0.011938857845962048 0 0 0.014208362812821108
leaf_weight=4026 77331 165 1699 76306 296 838 774 202 120 574 286 3544 5467 1007 2779 188642 3126 3990 130 37564 1414 2727 408 580 387 296 181 235 100 357
leaf_count=4026 77331 165 1699 76306 296 838 774 202 120 574 286 3544 5467 1007 2779 188642 3126 3990 130 37564 1414 2727 408 580 387 296 181 235 100 357
internal_value=3.40693e-05 0.00484769 -8.11159e-05 -0.000444123 0.000760882 0.00082509 0.00467462 -0.000567639 0.0117437 0.0134523 0.0119842 0.00279382 -0.000541246 -0.000614251 0.00362733 -0.000676263 0.00328867 0.00464371 0.0232694 0.000605095 0.00239381 0.00440722 -0.0115615 0.0192868 0.0268973 0.00697503 -0.00167733 -0.0107734 -0.0168178 0.00606233
internal_weight=415551 9753 405798 283807 121991 121360 6465 274811 2183 2018 1486 7570 274201 268734 3786 264948 8996 7116 416 114895 4979 3565 610 1087 507 1070 1880 631 396 931
internal_count=415551 9753 405798 283807 121991 121360 6465 274811 2183 2018 1486 7570 274201 268734 3786 264948 8996 7116 416 114895 4979 3565 610 1087 507 1070 1880 631 396 931
is_linear=0
shrinkage=0.03


Tree=3
num_leaves=31
num_cat=0
split_feature=41 36 29 57 38 122 18 15 18 112 30 16 11 61 14 26 33 114 134 62 34 15 35 122 16 33 60 11 30 123
split_gain=236.388 140.42 113.081 126.799 135.559 177.67 124.441 120.447 194.542 100.149 91.0328 107.383 92.7745 90.8551 73.0471 71.8121 70.5597 69.7688 68.9784 68.6326 68.1109 62.5554 79.3649 60.8 78.9584 59.2204 62.1176 61.5268 56.4278 53.6003
threshold=-0.066265549510717378 0.65619894862174999 -0.0008792423759587108 1.16919481754303 -0.017127021215856072 0.35288673639297491 0.97183626890182506 1.1497821211814883 0.95068228244781505 0.099019609391689314 -0.00032588586327619845 0.82736137509346019 0.92690601944923412 0.79531866312026989 0.94033721089363109 0.040895225480198867 0.60456988215446483 0.57236829400062572 0.25803883373737341 0.80332398414611828 0.16737049072980884 1.0234916210174563 0.79954650998115551 0.50395327806472789 1.0511201620101931 0.93102675676345836 1.0415751338005068 0.97975352406501781 0.011551840230822565 0.56883510947227489
decision_type=8 10 8 10 8 10 10 10 10 2 8 8 8 8 8 10 10 8 8 10 10 10 10 10 10 10 10 10 10 10
left_child=1 23 7 4 5 6 9 8 29 -4 11 -6 18 -14 -3 -7 -16 21 -12 -8 -17 -10 -23 24 -1 26 -9 -27 -18 -2
right_child=2 14 3 -5 10 15 19 25 17 -11 12 -13 13 -15 16 20 28 -19 -20 -21 -22 22 -24 -25 -26 27 -28 -29 -30 -31
leaf_value=0.0024905140957881228 -0.02179116019872291 -0.0074738326016544352 -0.015960215776227412 0.004940980896687831 -0.016009746773821051 -0.0063559751868801015 -0.020490912782450448 0.00205579092503996 -5.7657312984422769e-05 0.018757808092880891 0.000511439203264137 -0.00058842488674023098 0.0045742478999713527 0.00058012242721794643 0.018764948347523961 0.011939382523060107 0.0094456106296379599 -0.0046152926843366559 -0.016486468736281682 -0.0010663778239260709 -0.0003446254113956679 -0.0018082454259709785 0.00040245086777108502 -0.00082211916166855404 0.012681025899725746 0.014540957723278552 0.0089448474927826226 -0.008364439096769271 -0.0090875321763715777 0
leaf_weight=3449 490 153 100 5156 391 1531 1007 3743 70233 165 320 59508 5297 166792 917 461 1313 4263 474 237 2353 61734 18868 2942 881 100 1832 621 134 103
leaf_count=3449 490 153 100 5156 391 1531 1007 3743 70233 165 320 59508 5297 166792 917 461 1313 4263 474 237 2353 61734 18868 2942 881 100 1832 621 134 103
internal_value=-2.15832e-06 0.00459898 -0.000114116 0.000293229 0.000191146 -0.00430649 -0.0131218 -0.000728987 -0.000895159 0.0044034 0.000305901 -0.000699407 0.000655988 0.000705324 0.010714 -0.00113014 0.0120697 -0.000826357 -0.00942313 -0.017103 0.00163199 -0.000716685 -0.00128705 0.00241773 0.00468165 0.00332253 0.0043971 -0.00447597 0.00742435 -0.0177868
internal_weight=415568 9789 405779 243792 238636 5854 1509 161987 155691 265 232782 59899 172883 172089 2517 4345 2364 155098 794 1244 2814 150835 80602 7272 4330 6296 5575 721 1447 593
internal_count=415568 9789 405779 243792 238636 5854 1509 161987 155691 265 232782 59899 172883 172089 2517 4345 2364 155098 794 1244 2814 150835 80602 7272 4330 6296 5575 721 1447 593
is_linear=0
shrinkage=0.03


Tree=4
num_leaves=31
num_cat=0
split_feature=41 29 36 39 57 58 31 29 38 28 38 17 30 37 17 60 30 1 140 42 8 121 122 56 64 43 17 60 73 42
split_gain=231.918 124.388 118.954 117.789 117.42 107.629 107.813 95.953 90.6412 99.789 89.9428 187.737 98.3667 78.1866 70.3435 64.1198 84.9281 81.8497 70.6084 60.9713 60.6649 60.4664 71.055 58.0486 53.1985 52.4332 52.0497 47.7014 57.5024 46.6091
threshold=-0.066265549510717378 -0.0014439154183492062 0.77627879381179821 -0.066836908459663377 1.16919481754303 0.92768228054046642 -0.00734210037626326 -0.016832389868795868 0.032048635184764869 -0.014604418538510798 -0.015331017319113014 0.74236810207366954 -0.00050914598978124548 0.1724980100989342 1.011374890804291 1.0332158803939822 -0.0063187081832438699 0.016699473373591903 0.78197023272514354 0.065134614706039443 0.66666686534881603 0.5268816649913789 0.38550247251987463 1.0533130764961245 0.14642857760190967 1.0469353199005129 0.97427546977996837 1.0179808139801028 0.70000001788139354 -0.15595123916864392
decision_type=8 8 10 10 10 10 10 10 10 8 8 8 8 10 10 10 10 10 10 10 10 10 10 10 10 10 10 10 10 10
left_child=2 5 14 -4 8 6 -2 -7 9 20 11 -11 -12 -10 21 17 18 -9 -17 -19 24 22 23 25 -3 -1 -18 28 -6 -16
right_child=1 4 3 -5 27 7 -8 15 13 10 12 -13 -14 -15 29 16 26 19 -20 -21 -22 -23 -24 -25 -26 -27 -28 -29 -30 -31
leaf_value=0.016526058534595607 0.001068779052220245 -0.00080505438367391375 -0.012208670355778719 0.018081593200775164 0.0079640724912454323 0.0069564802331191413 -0.019227562667580231 -0.00019788013736188602 -0.024706798867189458 -0.01204906400003857 -0.00077424591491943439 -0.00060147004836797 0.00059695567001244356 0 0.0080367085544525516 -0.0028825763541559806 0.0042136355294508732 -0.0018270174983756136 0.0070554459418678576 0.0063568766450047337 -0.0060294244930818412 0.010816431550586562 0.0011280095657699592 0.01657472319958311 0.010658452583553612 -0.0029890201985335917 -0.0013873523989896112 -0.0080337575912751528 0.0015077400200387992 -0.0020549172446867841
leaf_weight=149 354 404 106 888 2981 1407 547 57042 225 1620 63302 6351 182449 230 470 759 1802 70360 2975 794 269 1386 3336 571 1622 399 8061 223 2363 2485
leaf_count=149 354 404 106 888 2981 1407 547 57042 225 1620 63302 6351 182449 230 470 759 1802 70360 2975 794 269 1386 3336 571 1622 399 8061 223 2363 2485
internal_value=-1.08052e-05 -0.000121613 0.00454637 0.0143785 0.000266856 -0.00083004 -0.0110774 -0.000761932 0.0001719 0.000197331 0.000139538 -0.00298992 0.000242499 -0.0129116 0.00337115 -0.000841607 0.00110535 -0.00105059 0.00495086 -0.00172972 0.00640058 0.0052772 0.0034462 0.00995274 0.00824039 0.00218399 -0.000327224 0.00457149 0.00518142 -0.000305741
internal_weight=415930 406140 9790 994 262039 144101 901 143200 256472 256017 253722 7971 245751 455 8796 141793 13597 128196 3734 71154 2295 5841 4455 1119 2026 548 9863 5567 5344 2955
internal_count=415930 406140 9790 994 262039 144101 901 143200 256472 256017 253722 7971 245751 455 8796 141793 13597 128196 3734 71154 2295 5841 4455 1119 2026 548 9863 5567 5344 2955
is_linear=0
shrinkage=0.03


Tree=5
num_leaves=31
num_cat=0
split_feature=42 30 16 11 32 38 17 61 10 69 90 56 35 1 30 116 6 25 35 35 51 81 27 82 112 1 151 4 17 38
split_gain=185.227 118.079 131.811 112.521 100.3 88.913 204.568 123.054 151.99 109.855 87.3938 87.1778 80.762 80.3469 76.7629 76.4519 66.0776 68.8816 63.1104 60.666 66.2757 60.6355 56.0471 55.9896 47.0518 45.4163 49.1863 44.3512 44.3181 100.553
threshold=-0.10333798453211783 -0.00050914598978124548 0.88605287671089183 0.92690601944923412 -0.0046714213676750651 -0.015331017319113014 0.74236810207366954 0.85176599025726329 1.0216305851936343 0.28571479022502905 0.38681644201278692 0.94187122583389293 0.89940020442008983 0.064274493604898467 0.0028979687485843901 0.76272055506706249 0.21428750455379489 0.013608650304377081 0.44531464576721197 0.81608304381370556 0.97740963101387035 0.25000000745058065 0.090932514518499388 0.058333335444331176 -0.0168079100549221 0.020189523696899418 0.49214696884155279 0.53846159577369701 0.84713932871818554 -0.0042318047489970914
decision_type=8 8 8 8 10 8 8 8 10 10 10 10 10 10 10 10 8 10 10 10 10 2 10 2 2 10 10 8 8 10
left_child=13 2 28 10 22 6 12 8 9 -7 -3 -10 15 25 -8 -5 23 -18 -15 -6 -21 -12 -4 -9 -20 -1 -27 -16 29 -2
right_child=1 3 4 5 19 7 14 16 11 -11 21 -13 -14 18 27 -17 17 -19 24 20 -22 -23 -24 -25 -26 26 -28 -29 -30 -31
leaf_value=-0.0022435876062904827 -0.01720113360387834 0.004714993092024492 -0.00014253442816259022 -0.010622653269465869 -0.0010115453158139323 0.014642636477029958 -0.0051499225988004471 -0.00041717362489389613 0.0014945819830816227 0.00086567710252181051 -0.0040841441911130035 0.011588150418591533 -0.02733732504422651 0.00073671422081623365 0.0029167214345711574 0.0105044814486367 0.0010631930647562354 -0.0006806821091607855 0.024309814958860164 -0.0019072082058940931 0.0020087428044434181 -0.022387450311346778 0.0045642487206054207 0.0012043435431714899 0.0084729679655468643 0 0.0059709985090821522 -0.0065441244465155417 -0.013036415743463932 0.0017077340288950372
leaf_weight=1122 332 250 3941 1455 137288 527 1946 24852 1235 13408 356 2449 248 409 4245 142 27179 80611 368 5494 12830 409 5007 80156 515 1769 4066 463 950 814
leaf_count=1122 332 250 3941 1455 137288 527 1946 24852 1235 13408 356 2449 248 409 4245 142 27179 80611 368 5494 12830 409 5007 80156 515 1769 4066 463 950 814
internal_value=-7.65276e-06 -9.8771e-05 -0.00071272 0.000326451 -0.000615004 0.000370388 -0.00263398 0.000482726 0.00289249 0.00142844 -0.00953315 0.00831178 -0.0114172 0.00443659 -0.000126722 -0.00845188 0.000281542 -0.00023807 0.0113425 -0.000794164 0.000817488 -0.0145731 0.00246208 0.00081772 0.0157976 0.00308226 0.00416175 0.00189911 -0.0081644 -0.00371402
internal_weight=414836 406587 166656 239931 164560 238916 8499 230417 17619 13935 1015 3684 1845 8249 6654 1597 212798 107790 1292 155612 18324 765 8948 105008 883 6957 5835 4708 2096 1146
internal_count=414836 406587 166656 239931 164560 238916 8499 230417 17619 13935 1015 3684 1845 8249 6654 1597 212798 107790 1292 155612 18324 765 8948 105008 883 6957 5835 4708 2096 1146
is_linear=0
shrinkage=0.03


Tree=6
num_leaves=31
num_cat=0
split_feature=42 29 57 21 51 10 42 11 134 5 14 19 4 82 61 29 28 4 43 99 30 49 27 19 102 37 35 125 1 16
split_gain=186.206 110.551 101.493 84.2978 91.6637 100.405 87.6806 83.7481 113.617 74.1326 73.5013 70.3173 69.0385 67.34 73.6486 65.2454 64.3755 87.2757 82.9446 105.927 71.5162 64.7742 63.116 61.9951 61.304 93.9184 59.3206 75.8743 60.9621 52.4674
threshold=-0.10333798453211783 -0.00019487296958686781 1.16919481754303 0.87009871006011974 0.83218246698379528 1.0102197527885439 0.08914587646722795 0.92690601944923412 0.25803883373737341 0.016490022651851181 0.98201870918273937 1.0169381499290469 0.54545751214027416 0.025000001303851608 1.0130410194396975 -0.016832389868795868 -0.0095558245666325075 0.52941185235977184 1.0469353199005129 0.76388889551162731 -0.00032588586327619845 0.86335718631744396 0.074489742517471327 0.95666044950485241 0.53923079371452343 0.29163804650306707 0.82273763418197643 -0.11442789435386656 0.046746071428060539 0.92137867212295543
decision_type=8 8 10 10 8 10 10 8 10 10 8 10 10 2 10 10 8 10 10 2 10 10 10 10 2 10 10 10 10 10
left_child=9 3 7 -2 5 6 11 8 22 13 -6 -5 -7 14 29 -15 17 23 20 -20 -18 -19 -3 -9 25 -11 27 -12 -28 -1
right_child=1 2 -4 4 10 12 -8 16 -10 24 26 -13 -14 15 -16 -17 18 21 19 -21 -22 -23 -24 -25 -26 -27 28 -29 -30 -31
leaf_value=0 -0.013497586472885157 -0.0048725284530966792 0.0048249000291435756 -0.0047995193605771657 -0.0040277392121523571 0.0098267812614157603 0.023927156384843478 -0.015553899557215343 -0.017601108203693813 0.003843450364492333 -0.0014180553053728564 0.006524538691660811 -0.00089689713407268992 0.0085608142039412631 0.0033841176407043276 4.1010428453541562e-05 -0.0006031197738186134 0.031476812393532366 -0.0032432944869080381 0.007113404861562294 0.00071396789613113591 0.0075517198675264978 0.019963669596200294 0.0026120318652215727 0.00081790463928595777 0.024321890993135798 0.00057798309989768692 -8.3521925308855838e-05 0.0082624049862937352 0.023134300605812928
leaf_weight=103 437 219 4544 2015 5739 2134 102 151 520 419 79129 616 651 980 897 4621 49050 133 9887 942 149925 563 121 5276 427 481 18363 75354 970 389
leaf_count=103 437 219 4544 2015 5739 2134 102 151 520 419 79129 616 651 980 897 4621 49050 133 9887 942 149925 563 121 5276 427 481 18363 75354 970 389
internal_value=3.14894e-05 -5.87281e-05 0.000393183 -0.000599502 -0.000565971 0.00322621 -0.000762188 0.000298471 -0.00892529 0.00447018 -0.000684527 -0.00200581 0.00722462 0.00315688 0.00906926 0.00161024 0.00033742 0.00336842 0.00024722 -0.00230327 0.000387753 0.0132941 0.00375095 0.00199626 0.0110157 0.0154049 -0.000571966 -0.000769131 0.000987177 0.0183112
internal_weight=415158 406841 221331 185510 185073 5518 2733 216787 860 8317 179555 2631 2785 6990 1389 5601 215927 6123 209804 10829 198975 696 340 5427 1327 900 173816 154483 19333 492
internal_count=415158 406841 221331 185510 185073 5518 2733 216787 860 8317 179555 2631 2785 6990 1389 5601 215927 6123 209804 10829 198975 696 340 5427 1327 900 173816 154483 19333 492
is_linear=0
shrinkage=0.03


Tree=7
num_leaves=31
num_cat=0
split_feature=41 36 46 56 24 82 14 53 69 32 38 17 49 161 78 36 33 5 37 62 16 38 26 1 42 10 43 1 25 121
split_gain=213.284 131.581 114.293 110.252 102.728 84.4917 79.9957 65.1666 81.8373 65.6405 85.4999 224.288 82.9696 65.0963 63.245 63.3783 53.8329 78.2124 53.4623 52.972 71.1262 58.3062 48.8732 47.3186 45.9375 42.0094 45.3105 80.5482 63.4705 41.9615
threshold=-0.066265549510717378 0.78798821568489086 1.0347031950950625 1.1507541537284853 0.10003798454999925 0.37500000000000006 0.96152284741401683 0.96992573142051708 0.74528315663337719 -0.004925140878185629 -0.018235628493130204 0.74236810207366954 0.84982979297637951 0.028583916835486892 0.30000000447034841 0.79750531911849987 0.57288953661918651 0.0072332851123064765 0.84897723793983471 0.82995113730430614 1.0501433014869692 0.014010866172611715 0.10755445063114168 0.098801098763942732 -0.15595123916864392 1.023309111595154 1.0033772587776186 0.024711696431040767 0.013608650304377081 0.35185173153877264
decision_type=8 10 8 10 10 2 10 8 10 8 8 8 8 8 10 10 10 10 10 10 10 10 10 10 10 10 10 10 10 10
left_child=1 5 4 7 23 19 -3 8 -4 18 11 -11 -12 -5 15 -15 -10 -18 -9 21 -21 -1 -8 25 -7 26 27 -2 -28 -26
right_child=2 6 3 13 -6 24 22 9 16 10 12 -13 -14 14 -16 -17 17 -19 -20 20 -22 -23 -24 -25 29 -27 28 -29 -30 -31
leaf_value=0.012674497804924799 0.00055117078853282066 -0.0033968438844121296 -0.02000092562497394 0.0015068298187339044 -0.020154012045431359 0.0081926282238255922 0.012088620057886775 0.00016884765116415216 -0.012517526986222658 -0.015826264859311601 0.0051863266672508637 -0.00096391600029460255 -0.00060476243739447275 0.00021465090834177459 0.00508804830706932 0.031980250619880447 -0.0045967419319582628 0.01781799005547547 0.0060174667623907139 0.00021471475248332491 0.0098169442680854629 -0.0042135693938495505 0.030839444666307687 -0.012588482244105716 0.0081943399034376634 0.0036478162177860144 0.0013789194051494723 0.0038861493197287558 -0.00020590299826430831 -0.0022491996618714191
leaf_weight=1377 22428 141 327 7349 194 529 519 3701 283 1182 2218 4042 235574 110 1383 165 369 191 2366 2125 1063 173 243 222 359 4057 31950 9339 78069 3304
leaf_count=1377 22428 141 327 7349 194 529 519 3701 283 1182 2218 4042 235574 110 1383 165 369 191 2366 2125 1063 173 243 222 359 4057 31950 9339 78069 3304
internal_value=1.16864e-05 0.0043735 -9.35493e-05 -0.000472459 0.000576031 0.00320809 0.0152542 -0.000590898 -0.00761485 -0.000556091 -0.000634104 -0.00443146 -0.000549053 0.00277906 0.00815422 0.021167 -0.00211048 0.00288183 0.00251125 0.0059448 0.00355122 0.0105688 0.0190876 0.000608373 3.01681e-05 0.000632241 0.000543337 0.00154287 0.000251777 -0.00110526
internal_weight=415352 9833 405519 259260 146259 8930 903 250253 1170 249083 243016 5224 237792 9007 1658 275 843 560 6067 4738 3188 1550 762 146065 4192 145843 141786 31767 110019 3663
internal_count=415352 9833 405519 259260 146259 8930 903 250253 1170 249083 243016 5224 237792 9007 1658 275 843 560 6067 4738 3188 1550 762 146065 4192 145843 141786 31767 110019 3663
is_linear=0
shrinkage=0.03


Tree=8
num_leaves=31
num_cat=0
split_feature=54 30 11 126 26 74 1 46 82 37 76 11 17 109 12 44 59 52 117 86 25 25 28 84 132 36 62 1 1 85
split_gain=148.198 113.026 77.2764 69.7415 76.8181 89.4885 77.0188 70.1559 64.9284 64.8536 66.505 63.9258 108.159 119.29 93.7593 98.6817 106.551 91.2455 81.733 76.7405 67.4936 66.959 74.6424 62.5144 59.2936 58.8468 57.8909 93.1509 85.3243 140.672
threshold=1.0889381766319277 -0.00028689291502814735 0.92690601944923412 0.26394630968570715 0.053789705038070686 0.45000000298023229 0.022382352501153949 1.0533738136291506 0.025000001303851608 0.84897723793983471 0.11666667088866235 0.97789904475212108 0.69958773255348217 1.0000000180025095e-35 0.99804866313934337 1.0077520012855532 0.87886998057365429 0.8347204625606538 0.71999993920326244 -0.48333333432674402 0.02128822356462479 0.013608650304377081 -0.013142870273441075 0.65000000596046459 0.49626961350440985 0.51676306128501903 0.82617574930191051 0.041436463594436652 0.064274493604898467 -0.77500000596046437
decision_type=8 8 10 8 10 2 10 10 2 10 2 10 8 2 10 10 10 10 10 2 10 10 8 2 10 10 8 10 10 2
left_child=1 3 24 4 6 8 -1 -5 -6 10 -8 14 13 20 15 19 -17 -16 -15 -4 -13 -14 -23 -7 -3 -11 27 -2 -28 -30
right_child=26 2 11 7 5 23 9 -9 -10 25 -12 12 21 18 17 16 -18 -19 -20 -21 -22 22 -24 -25 -26 -27 28 -29 29 -31
leaf_value=-0.00040785856207281834 0.018727953144669983 -0.013508323244581089 0.012357500698991407 -0.00018452771198909347 0.0091976073653964891 0.0062703655266497897 -0.0042408980935263341 -0.012573559034848586 -0.00075010110410974815 0.0076215639539962922 -0.0014835572391195951 0.014959956188076015 0.0012783546510116569 -0.010512575366202325 0.013174849600628912 -0.0095522446724268448 0.00033989963210676212 -0.0043358705550516864 0.0016269016975179464 0.0025779426844100783 -0.00068943810838173881 0.0036115313635120324 -0.000164442815522508 -0.0010436710256064696 0.0011098763520470299 -0.00042725915219743611 0.0013282229699565296 0.00081262367356138489 0.018160291504379256 0.0007442655494612465
leaf_weight=112368 533 619 771 860 603 4132 11149 870 10879 1082 28985 270 45668 2355 1109 1022 16020 310 574 12543 1521 4853 140838 1313 347 2932 8636 569 762 981
leaf_count=112368 533 619 771 860 603 4132 11149 870 10879 1082 28985 270 45668 2355 1109 1022 16020 310 574 12543 1521 4853 140838 1313 347 2932 8636 569 762 981
internal_value=-1.15008e-05 -0.000107811 0.000330342 -0.000681835 -0.000619727 0.00129215 -0.00082855 -0.00665877 -0.00018651 -0.00189186 -0.00225873 0.000367835 0.000163776 -0.00430908 0.00161672 0.00124967 -0.000246246 0.00913382 -0.00803696 0.00318445 0.00164327 0.000276109 -3.61269e-05 0.00445441 -0.00803701 0.00169502 0.00334568 0.00992441 0.00260058 0.00864796
internal_weight=415474 403993 228820 175173 173443 16927 156516 1730 11482 44148 40134 227854 196079 4720 31775 30356 17042 1419 2929 13314 1791 191359 145691 5445 966 4014 11481 1102 10379 1743
internal_count=415474 403993 228820 175173 173443 16927 156516 1730 11482 44148 40134 227854 196079 4720 31775 30356 17042 1419 2929 13314 1791 191359 145691 5445 966 4014 11481 1102 10379 1743
is_linear=0
shrinkage=0.03


Tree=9
num_leaves=31
num_cat=0
split_feature=54 29 58 57 27 51 49 32 38 28 81 46 87 42 17 37 5 7 37 81 67 49 73 122 113 110 31 4 87 6
split_gain=152.258 122.9 106.036 98.4265 96.3441 95.2511 93.8092 93.6986 89.6603 82.3199 87.2017 77.8532 75.1848 68.5227 72.4852 87.8994 68.9305 65.3473 64.592 58.8148 58.5583 54.9086 53.7185 68.8943 79.7666 50.8631 48.826 46.3899 45.6139 45.1231
threshold=1.0889381766319277 -0.003439378808252513 0.92768228054046642 1.16919481754303 0.085301764309406294 0.84060949087142955 0.95586708188056957 -0.0041373546700924626 0.032048635184764869 -0.014604418538510798 0.11666667088866235 1.0291994810104372 0.77500000596046459 -0.10333798453211783 0.79335907101631176 0.85905194282531749 0.016016390174627308 0.029976665042340759 0.18559519946575168 0.050000002607703216 0.99159604310989391 0.99307957291603099 0.5000000149011613 0.38550247251987463 0.12499916180968286 0.064583335071802153 -0.0039020893163979049 0.044773435220122344 0.84166666865348827 0.071428790688514723
decision_type=10 8 10 10 10 10 10 10 10 8 2 8 2 10 8 10 10 10 10 2 10 10 10 10 10 2 10 10 2 10
left_child=1 2 7 8 26 6 25 -1 9 10 12 17 -3 16 15 -15 27 -11 -10 -6 -13 -16 23 24 -21 -4 -2 -7 -8 -20
right_child=4 3 5 -5 19 13 28 -9 18 11 -12 20 -14 14 21 -17 -18 -19 29 22 -22 -23 -24 -25 -26 -27 -28 -29 -30 -31
leaf_value=0.00071592837555277302 0.0044710656246342382 0.01550927310266087 0.0085381730131834262 0.0036557895589105459 -0.0032227071274603487 0.010097253975686402 0.01226423525978086 -0.021393137765977975 -0.023747445954969956 0.00046071790456614858 0.00087729240699427498 -0.00037383494209939483 0 -0.0091082908458374537 -0.0016654434985020961 0.0023414006751113965 0.017514881911619169 0.0031429185829163595 -0.011696014118160535 0 0.0051260242143018218 9.3871205362292868e-05 -0.00041042985740044434 0.0077945861568633713 0.031165575794315423 -0.0041103255974594497 -0.00064541999214290423 -0.00016850374402690261 -0.0029103099425593689 0.01166203006229356
leaf_weight=243 2620 903 361 7198 404 458 1165 412 223 117187 2184 179443 390 2152 54833 774 266 8832 152 115 1733 22074 501 2989 246 1085 4388 2009 166 107
leaf_count=243 2620 903 361 7198 404 458 1165 412 223 117187 2184 179443 390 2152 54833 774 266 8832 152 115 1733 22074 501 2989 246 1085 4388 2009 166 107
internal_value=1.53368e-05 -7.985e-05 -0.00108653 0.000191199 0.00345329 -0.000988812 0.00443437 -0.0129682 0.000109858 0.000131276 0.0047096 7.81761e-05 0.0108423 -0.00117588 -0.00133877 -0.00598239 0.00344855 0.000651548 -0.0125523 0.00701867 -0.000319012 -0.00115669 0.00818167 0.00955047 0.0221291 -0.000674533 0.00123202 0.00168259 0.0101346 -0.000826655
internal_weight=415613 404350 85998 318352 11263 85343 2777 655 311154 310672 3477 307195 1293 82566 79833 2926 2733 126019 482 4255 181176 76907 3851 3350 361 1446 7008 2467 1331 259
internal_count=415613 404350 85998 318352 11263 85343 2777 655 311154 310672 3477 307195 1293 82566 79833 2926 2733 126019 482 4255 181176 76907 3851 3350 361 1446 7008 2467 1331 259
is_linear=0
shrinkage=0.03


end of trees

feature_importances:
KLEN=12
BETA20=11
ROC60=9
BETA10=9
RSQR30=9
RESI5=9
RESI60=9
LOW0=7
RSQR5=7
RSQR20=7
QTLU60=7
KUP2=6
ROC10=6
ROC30=6
STD30=6
RSQR60=6
RESI30=6
SUMN60=6
KLOW=5
STD20=5
BETA5=5
BETA60=5
MAX30=5
MIN30=5
IMIN60=5
IMXD30=5
KSFT=4
ROC20=4
MIN10=4
QTLD5=4
QTLD20=4
QTLD30=4
RSV10=4
SUMP10=4
HIGH0=3
STD60=3
RESI10=3
MAX5=3
QTLU5=3
QTLU10=3
QTLU30=3
QTLD60=3
IMIN30=3
KUP=2
KLOW2=2
MA5=2
MA10=2
STD10=2
BETA30=2
RSQR10=2
QTLD10=2
IMAX5=2
IMIN5=2
IMXD60=2
CORR20=2
CNTD60=2
SUMP5=2
SUMN30=2
VSTD10=2
KSFT2=1
VWAP0=1
MA30=1
MA60=1
RESI20=1
MAX10=1
MAX20=1
MIN5=1
MIN60=1
RANK10=1
RANK60=1
IMAX10=1
IMAX30=1
IMXD10=1
IMXD20=1
CNTP10=1
CNTP60=1
CNTD10=1
CNTD20=1
SUMP20=1
SUMP30=1
SUMP60=1
SUMD5=1
SUMD20=1
SUMD30=1
SUMD60=1
VMA60=1
WVMA5=1
WVMA20=1
VSUMN30=1
ORC_PV_COHERENCE_SHIFT_5_20=1

parameters:
[boosting: gbdt]
[objective: regression]
[metric: l2]
[tree_learner: serial]
[device_type: cpu]
[data_sample_strategy: bagging]
[data: ]
[valid: ]
[num_iterations: 500]
[learning_rate: 0.03]
[num_leaves: 31]
[num_threads: 12]
[seed: 20260812]
[deterministic: 1]
[force_col_wise: 1]
[force_row_wise: 0]
[histogram_pool_size: -1]
[max_depth: 7]
[min_data_in_leaf: 100]
[min_sum_hessian_in_leaf: 0.001]
[bagging_fraction: 0.8]
[pos_bagging_fraction: 1]
[neg_bagging_fraction: 1]
[bagging_freq: 1]
[bagging_seed: 20260812]
[bagging_by_query: 0]
[feature_fraction: 0.8]
[feature_fraction_bynode: 1]
[feature_fraction_seed: 20260812]
[extra_trees: 0]
[extra_seed: 9622]
[early_stopping_round: 0]
[early_stopping_min_delta: 0]
[first_metric_only: 0]
[max_delta_step: 0]
[lambda_l1: 10]
[lambda_l2: 20]
[linear_lambda: 0]
[min_gain_to_split: 0]
[drop_rate: 0.1]
[max_drop: 50]
[skip_drop: 0.5]
[xgboost_dart_mode: 0]
[uniform_drop: 0]
[drop_seed: 26770]
[top_rate: 0.2]
[other_rate: 0.1]
[min_data_per_group: 100]
[max_cat_threshold: 32]
[cat_l2: 10]
[cat_smooth: 10]
[max_cat_to_onehot: 4]
[top_k: 20]
[monotone_constraints: ]
[monotone_constraints_method: basic]
[monotone_penalty: 0]
[feature_contri: ]
[forcedsplits_filename: ]
[refit_decay_rate: 0.9]
[cegb_tradeoff: 1]
[cegb_penalty_split: 0]
[cegb_penalty_feature_lazy: ]
[cegb_penalty_feature_coupled: ]
[path_smooth: 0]
[interaction_constraints: ]
[verbosity: 1]
[saved_feature_importance_type: 0]
[use_quantized_grad: 0]
[num_grad_quant_bins: 4]
[quant_train_renew_leaf: 0]
[stochastic_rounding: 1]
[linear_tree: 0]
[max_bin: 255]
[max_bin_by_feature: ]
[min_data_in_bin: 3]
[bin_construct_sample_cnt: 200000]
[data_random_seed: 20260812]
[is_enable_sparse: 1]
[enable_bundle: 1]
[use_missing: 1]
[zero_as_missing: 0]
[feature_pre_filter: 1]
[pre_partition: 0]
[two_round: 0]
[header: 0]
[label_column: ]
[weight_column: ]
[group_column: ]
[ignore_column: ]
[categorical_feature: ]
[forcedbins_filename: ]
[precise_float_parser: 0]
[parser_config_file: ]
[objective_seed: 6428]
[num_class: 1]
[is_unbalance: 0]
[scale_pos_weight: 1]
[sigmoid: 1]
[boost_from_average: 1]
[reg_sqrt: 0]
[alpha: 0.9]
[fair_c: 1]
[poisson_max_delta_step: 0.7]
[tweedie_variance_power: 1.5]
[lambdarank_truncation_level: 30]
[lambdarank_norm: 1]
[label_gain: ]
[lambdarank_position_bias_regularization: 0]
[eval_at: ]
[multi_error_top_k: 1]
[auc_mu_weights: ]
[num_machines: 1]
[local_listen_port: 12400]
[time_out: 120]
[machine_list_filename: ]
[machines: ]
[gpu_platform_id: -1]
[gpu_device_id: -1]
[gpu_device_id_list: ]
[gpu_use_dp: 0]
[num_gpu: 1]

end of parameters

pandas_categorical:null
