tree
version=v4
num_class=1
num_tree_per_iteration=1
label_index=0
max_feature_idx=163
objective=regression
feature_names=KMID KLEN KMID2 KUP KUP2 KLOW KLOW2 KSFT KSFT2 OPEN0 HIGH0 LOW0 VWAP0 ROC5 ROC10 ROC20 ROC30 ROC60 MA5 MA10 MA20 MA30 MA60 STD5 STD10 STD20 STD30 STD60 BETA5 BETA10 BETA20 BETA30 BETA60 RSQR5 RSQR10 RSQR20 RSQR30 RSQR60 RESI5 RESI10 RESI20 RESI30 RESI60 MAX5 MAX10 MAX20 MAX30 MAX60 MIN5 MIN10 MIN20 MIN30 MIN60 QTLU5 QTLU10 QTLU20 QTLU30 QTLU60 QTLD5 QTLD10 QTLD20 QTLD30 QTLD60 RANK5 RANK10 RANK20 RANK30 RANK60 RSV5 RSV10 RSV20 RSV30 RSV60 IMAX5 IMAX10 IMAX20 IMAX30 IMAX60 IMIN5 IMIN10 IMIN20 IMIN30 IMIN60 IMXD5 IMXD10 IMXD20 IMXD30 IMXD60 CORR5 CORR10 CORR20 CORR30 CORR60 CORD5 CORD10 CORD20 CORD30 CORD60 CNTP5 CNTP10 CNTP20 CNTP30 CNTP60 CNTN5 CNTN10 CNTN20 CNTN30 CNTN60 CNTD5 CNTD10 CNTD20 CNTD30 CNTD60 SUMP5 SUMP10 SUMP20 SUMP30 SUMP60 SUMN5 SUMN10 SUMN20 SUMN30 SUMN60 SUMD5 SUMD10 SUMD20 SUMD30 SUMD60 VMA5 VMA10 VMA20 VMA30 VMA60 VSTD5 VSTD10 VSTD20 VSTD30 VSTD60 WVMA5 WVMA10 WVMA20 WVMA30 WVMA60 VSUMP5 VSUMP10 VSUMP20 VSUMP30 VSUMP60 VSUMN5 VSUMN10 VSUMN20 VSUMN30 VSUMN60 VSUMD5 VSUMD10 VSUMD20 VSUMD30 VSUMD60 ORC_TREND_VOLUME_DIVERGENCE_10_20 ORC_VOLUME_WEIGHTED_DIRECTION_10 ORC_LAGGED_VOLUME_LEAD_20 ORC_PV_COHERENCE_SHIFT_5_20 ORC_NET_VOLUME_PRESSURE_20 ORC_VOLUME_TREND_DIVERGENCE_10
feature_infos=[-0.16749253869056702:0.23587034642696381] [0:0.33308270573616028] [-1:1] [0:0.27153289318084717] [0:1] [0:0.19577737152576447] [0:1] [-0.31147539615631104:0.23587034642696381] [-1:1] [0.80914634466171265:1.2011904716491699] [1:1.365384578704834] [0.79261672496795654:1] [0.90894031524658203:1.0927579402923584] [0.57777780294418335:1.6790908575057983] [0.54954206943511963:1.8924485445022583] [0.46860837936401367:2.2146341800689697] [0.46312057971954346:2.740487813949585] [0.36440131068229675:2.649662971496582] [0.74611109495162964:1.3455072641372681] [0.65066665410995483:1.4951817989349365] [0.60133224725723267:1.7117466926574707] [0.56646168231964111:1.9959673881530762] [0.4937971830368042:1.8649090528488159] [0:0.26957115530967712] [0:0.32280367612838745] [0:0.36472421884536743] [0:0.57258552312850952] [0:0.50059491395950317] [-0.16409091651439667:0.12254486232995987] [-0.11048160493373871:0.12254486232995987] [-0.11048160493373871:0.12254486232995987] [-0.11048160493373871:0.12254486232995987] [-0.11048160493373871:0.12254486232995987] [0:1] [0:1] [0:1] [0:1] [0:1] [-0.15193372964859009:0.13264167308807373] [-0.24554997682571411:0.20802642405033112] [-0.40848860144615173:0.27864286303520203] [-0.44566619396209717:0.33016127347946167] [-0.96870207786560059:0.3971981406211853] [1:1.6472727060317993] [1:1.9298244714736938] [1:2.2439024448394775] [1:3.3160974979400635] [1:3.3160974979400635] [0.5718809962272644:1] [0.54045307636260986:1] [0.4660193920135498:1] [0.43721681833267212:1] [0.34664765000343323:1] [0.86488890647888184:1.4843636751174927] [0.72140765190124512:1.7869091033935547] [0.59200000762939453:2.054157018661499] [0.56569522619247437:2.423609733581543] [0.56576049327850342:2.3250908851623535] [0.60694897174835205:1.2689855098724365] [0.54922223091125488:1.4057971239089966] [0.49352750182151794:1.5574545860290527] [0.47533980011940002:1.5740000009536743] [0.39857602119445801:1.5950908660888672] [0.20000000298023224:1] [0.10000000149011612:1] [0.05000000074505806:1] [0.033333335071802139:1] [0.01666666753590107:1] [0:1] [0:1] [0:1] [0:1] [0:1] [0.20000000298023224:1] [0.10000000149011612:1] [0.05000000074505806:1] [0.033333335071802139:1] [0.01666666753590107:1] [0.20000000298023224:1] [0.10000000149011612:1] [0.05000000074505806:1] [0.033333335071802139:1] [0.01666666753590107:1] [-0.80000001192092896:0.80000001192092896] [-0.89999997615814209:0.89999997615814209] [-0.94999998807907104:0.94999998807907104] [-0.96666663885116577:0.96666663885116577] [-0.98333334922790527:0.98333334922790527] [-1:1] [-1:1] [-1:1] [-1:1] [-1:1] [-1:1] [-1:1] [-1:1] [-1:1] [-1:1] [0:1] [0:1] [0:0.89999997615814209] [0:0.89999997615814209] [0:0.89999997615814209] [0:1] [0:1] [0:0.89999997615814209] [0:0.875] [0:0.875] [-1:1] [-1:1] [-0.875:0.89999997615814209] [-0.875:0.89999997615814209] [-0.875:0.89999997615814209] [0:1] [0:1] [0:1] [0:1] [0:1] [0:1] [0:1] [0:1] [0:1] [0:1] [-1:1] [-1:1] [-1:1] [-1:1] [-1:1] [0.20013266801834106:26452.083984375] [0.10012400150299072:23627.859375] [0.050104878842830658:12145.7685546875] [0.034610312432050705:10268.4287109375] [0.017187755554914474:8419.4609375] [0.00080492562847211957:59102.5] [0.0021778203081339598:49210.34375] [0.0021778203081339598:42161.07421875] [0.0021778203081339598:37016.7265625] [0.0021778203081339598:26455.013671875] [0:2.2360680103302002] [0:3.1615598201751709] [0:4.4708261489868164] [0:5.4611344337463379] [0:7.5986995697021484] [0:1] [0:1] [0:1] [0:1] [0:1] [0:1] [0:1] [0:1] [0:1] [0:1] [-1:1] [-1:1] [-1:1] [-1:1] [-1:1] [-681.060791015625:16.19074821472168] [-0.11966706067323685:0.21138943731784821] [-1690.6951904296875:498.31732177734375] [-0.48144441843032837:0.43292140960693359] [0:0] [-537.621826171875:24.261236190795898]
tree_sizes=3093 3071 3062 3024 3078 3047 3085 3083 3084 3058 3097

Tree=0
num_leaves=31
num_cat=0
split_feature=41 36 46 56 38 39 42 14 83 6 3 25 11 49 56 124 3 87 37 36 38 26 58 37 140 61 73 124 7 40
split_gain=318.759 158.708 145.618 158.207 106.462 102.143 88.1134 81.9772 72.0446 71.5898 96.5145 75.4036 67.3828 67.0476 154.553 107.894 76.2019 64.5546 64.4241 61.9534 59.6294 58.2131 57.655 53.722 52.4838 67.1126 57.7706 52.6204 51.9466 54.0765
threshold=-0.066265549510717378 0.68151316046714794 1.0420370101928713 1.1507541537284853 0.032048635184764869 0.060182465240359313 -0.10959380865097045 0.94798371195793163 -0.3000000044703483 0.2142848148941994 0.022556408308446411 0.015422070398926737 0.97333338856697094 0.82754534482955944 0.97275531291961681 0.74193608760833751 0.01869846694171429 0.84166666865348827 0.84897723793983471 0.82600522041320812 0.015883738175034526 0.038383904844522483 0.92768228054046642 0.68928351998329174 0.81312352418899547 1.0640330314636233 0.5000000149011613 -0.32075500488281244 0.046833109110593803 0.037412455305457122
decision_type=8 10 10 10 10 10 10 8 10 10 10 10 10 8 10 10 10 2 10 10 10 10 10 10 10 10 10 10 10 10
left_child=1 6 4 5 9 13 21 -3 19 28 11 -11 -13 14 15 -4 -16 18 -15 -9 -19 -1 -7 -6 -5 27 -27 -26 29 -2
right_child=2 7 3 24 23 22 -8 8 -10 10 -12 12 -14 17 16 -17 -18 20 -20 -21 -22 -23 -24 -25 25 26 -28 -29 -30 -31
leaf_value=-0.0020459384745528907 0.0012024286972701791 -0.0047697089227821919 -0.0049759079807166519 -0.0010731217364522371 -0.026284034610609526 -0.01910726683322778 0.00050364023086168868 0.0068399638835309473 0.025661051120498202 0.00096574853023052691 0.013961428689707563 0.0025182914711636612 -0.0011991903433455091 -0.00089573693482935222 0.007262273177589664 0.016048471769950206 0.027657192925153559 -0.0029643812005346374 0.0010880158672654748 0.021092173106834988 -0.014847031925995199 0.0090385397694997868 0.0014117690768450063 -3.4247059818502867e-10 -0.0006373624998110408 0.010113285736617086 -0.0053514203923811857 0.0054809572285930653 0.0056838429317491671 -0.0022292600009541793
leaf_weight=456 77958 196 1321 1922 180 407 4678 1248 414 33091 418 4764 48171 200096 620 240 258 6063 15755 402 406 2470 133 139 2515 2123 203 2373 2221 4288
leaf_count=456 77958 196 1321 1922 180 407 4678 1248 414 33091 418 4764 48171 200096 620 240 258 6063 15755 402 406 2470 133 139 2515 2123 203 2373 2221 4288
internal_value=-4.29524e-05 0.00527912 -0.000173355 -0.000659639 0.000490675 -0.000817736 0.0031346 0.0122722 0.0140647 0.000525628 -7.80749e-05 -0.000153009 -0.000858138 -0.000784364 0.00412219 -0.00139158 0.0140719 -0.000839907 -0.000749465 0.010703 -0.00379984 0.00720709 -0.0136479 -0.0162775 0.00319961 0.00437927 0.00860162 0.00228203 0.00114688 0.00101937
internal_weight=415529 9864 405665 234435 171230 225299 7604 2260 2064 170911 86444 86026 52935 224759 2439 1561 878 222320 215851 1650 6469 2926 540 319 9136 7214 2326 4888 84467 82246
internal_count=415529 9864 405665 234435 171230 225299 7604 2260 2064 170911 86444 86026 52935 224759 2439 1561 878 222320 215851 1650 6469 2926 540 319 9136 7214 2326 4888 84467 82246
is_linear=0
shrinkage=1


Tree=1
num_leaves=31
num_cat=0
split_feature=41 36 46 32 38 86 33 7 86 5 124 34 38 17 7 53 42 25 25 58 86 83 30 17 16 18 35 116 138 53
split_gain=255.784 158.164 126.18 161.872 78.9976 78.1773 90.2204 73.9306 102.108 86.776 75.5473 137.777 73.5135 252.359 110.569 79.5839 163.252 106.926 92.4984 114.3 74.0666 72.7012 67.7678 66.3153 66.4194 65.8941 61.9842 59.3902 57.1332 56.9844
threshold=-0.066265549510717378 0.68151316046714794 1.0380854010581972 -0.004925140878185629 0.032048635184764869 -0.58333334326744068 0.93102675676345836 0.029976665042340759 0.91666665673255932 0.0048661467153579005 0.88000077009201061 0.89950025081634533 -0.017127021215856072 0.74236810207366954 -0.016185035929083821 0.99424907565116893 -0.049600584432482712 0.10544417798519136 0.041643859818577773 1.0107070207595827 -0.81666666269302357 0.70000001788139354 0.012704058084636928 1.017904579639435 1.0511201620101931 1.0396109223365786 0.056474436074495322 0.64744022488594066 0.71039175987243663 0.97776407003402721
decision_type=8 10 8 8 10 2 10 10 2 10 10 10 8 8 10 8 10 10 10 10 2 10 10 10 10 10 10 10 10 10
left_child=1 23 4 5 7 6 29 9 21 -2 11 -10 13 14 25 16 -14 -18 20 -20 -17 -9 28 24 26 -5 -1 -23 -3 -4
right_child=2 22 3 12 -6 -7 -8 8 10 -11 -12 -13 15 -15 -16 18 17 -19 19 -21 -22 27 -24 -25 -26 -27 -28 -29 -30 -31
leaf_value=0.0078445942440549792 0.00095441026110265061 0.0035049828188074752 -0.0049197988175558593 -0.022724969491676881 -0.014171121976001618 0.00076176450403480679 -0.0070731470744297099 0.0038717249837916658 0.0073705745119301471 -0.00057423675231707864 -0.006690600685635169 0.031356514099877109 -0.011583408773785674 -0.00084777058478081434 0.00120001201165968 -0.0021815506443264819 -0.0012560548911525356 -0.019936548916313652 0.00048287478630018338 0.0064398573526897943 -0.00041091805650806599 0.0019547447828978932 -0.0027273205313909504 -0.0010936938027734206 0.011418461051436892 0 0 -0.0063235057679640969 0.016414866491200615 0.0090102027720116388
leaf_weight=1386 97706 480 245 903 305 4661 360 4654 1557 50520 206 251 1591 5259 242 24677 17843 263 24970 3286 159671 1523 219 2627 1054 107 2560 1489 1536 3442
leaf_count=1386 97706 480 245 903 305 4661 360 4654 1557 50520 206 251 1591 5259 242 24677 17843 263 24970 3286 159671 1523 219 2627 1054 107 2560 1489 1536 3442
internal_value=2.22969e-05 0.00479169 -9.31226e-05 -0.000516713 0.000567667 0.00349079 0.00654089 0.000599826 0.0031422 0.000431369 0.00914894 0.0111712 -0.000664378 -0.00381173 -0.0158169 -0.000574551 -0.00240096 -0.00156565 -0.00040372 0.00119031 -0.000649775 0.00150539 0.0118147 0.00266892 0.00470204 -0.0201296 0.00278387 -0.00205343 0.0135531 0.00798208
internal_weight=415593 9862 405731 247520 158211 8708 4047 157906 9680 148226 2014 1808 238812 6511 1252 232301 19697 18106 212604 28256 184348 7666 2235 7627 5000 1010 3946 3012 2016 3687
internal_count=415593 9862 405731 247520 158211 8708 4047 157906 9680 148226 2014 1808 238812 6511 1252 232301 19697 18106 212604 28256 184348 7666 2235 7627 5000 1010 3946 3012 2016 3687
is_linear=0
shrinkage=0.03


Tree=2
num_leaves=31
num_cat=0
split_feature=54 29 57 18 11 38 127 58 61 4 28 26 31 27 42 4 132 15 35 22 28 117 81 122 18 86 114 50 51 114
split_gain=210.075 163.315 164.092 146.433 111.157 97.4331 204.984 159.427 150.361 121.93 101.607 92.7026 84.69 83.6099 80.228 82.8603 76.6504 73.9978 123.577 69.3701 63.8737 99.7346 63.5512 62.9989 112.478 60.0656 54.5084 51.8002 50.3273 49.9256
threshold=1.0889381766319277 -0.001240371784660965 1.16919481754303 0.95068228244781505 0.92690601944923412 -0.017127021215856072 0.29769212007522589 0.9208262860774995 0.82833755016326915 0.40000243484973913 -0.015961988829076287 0.044287523254752166 -0.0084492610767483694 0.085301764309406294 -0.094018824398517595 0.27868963778018957 0.48381313681602484 1.0270013809204104 0.76655977964401256 0.94371128082275402 -0.0074547396507114163 0.60000011324882518 0.050000002607703216 0.3871996551752091 1.0424271225929262 -0.74999999999999989 0.57236829400062572 0.97966977953910839 0.84060949087142955 0.60294136404991161
decision_type=10 8 10 10 8 8 10 10 8 10 8 10 10 10 10 10 10 10 10 10 10 10 2 10 10 2 8 10 10 10
left_child=1 3 4 12 16 6 11 -8 9 -7 -10 -6 -1 -2 15 -5 -3 26 19 -19 21 -17 -15 24 -24 -25 28 -20 -16 -27
right_child=13 2 -4 14 5 8 7 -9 10 -11 -12 -13 -14 22 17 20 -18 18 27 -21 -22 -23 23 25 -26 29 -28 -29 -30 -31
leaf_value=0 0.0019820150156147566 -0.016756573962766554 0.0055435204882350137 0.0062013784055158366 -0.0054709249460031398 0.0019261665375449372 0.011148261976871276 -0.016843233004705249 0.0089407228982604763 0.0093617870693786104 0.00017495311381929255 0.0032124022285597359 -0.021609739302845883 -0.0032803047091785106 0.003186544804968253 -0.0018624655143402635 0.00069568138135114811 -0.013762198993172495 -0.0017090175068002482 -0.0023838355726707888 -0.0074888643944954914 0.017151201895711551 0.031601035478507927 0.011342833825507617 0 0.0014773868479227934 -0.0044545004575002314 0.0011621983684093299 -0.00029444100914775687 0.021601861473172904
leaf_weight=219 7042 563 5368 2887 1830 7870 185 1302 1178 2717 231709 2721 463 402 3946 941 316 480 8872 47674 913 307 255 1582 173 1708 2661 15456 63713 104
leaf_count=219 7042 563 5368 2887 1830 7870 185 1302 1178 2717 231709 2721 463 402 3946 941 316 480 8872 47674 913 307 255 1582 173 1708 2661 15456 63713 104
internal_value=1.4202e-05 -9.7764e-05 0.000360894 -0.000889495 0.000248155 0.000287242 -0.00346606 -0.01306 0.00038183 0.00387675 0.000221345 -0.000222274 -0.014585 0.00405184 -0.000822327 0.00287271 -0.0102729 -0.00095543 -0.00162873 -0.00250915 -0.00145277 0.00277493 0.00740624 0.00861957 0.0196732 0.00703069 -0.000256899 0.000102251 -8.6109e-05 0.00301941
internal_weight=415557 404291 255759 148532 250391 249512 6038 1487 243474 10587 232887 4551 682 11266 147850 5048 879 142802 72482 48154 2161 1248 4224 3822 428 3394 70320 24328 67659 1812
internal_count=415557 404291 255759 148532 250391 249512 6038 1487 243474 10587 232887 4551 682 11266 147850 5048 879 142802 72482 48154 2161 1248 4224 3822 428 3394 70320 24328 67659 1812
is_linear=0
shrinkage=0.03


Tree=3
num_leaves=31
num_cat=0
split_feature=40 27 46 15 110 39 32 25 23 1 117 49 87 61 62 39 48 59 79 35 5 81 12 87 7 43 18 53 40 86
split_gain=178.793 132.223 128.747 150.109 120.908 84.958 92.7058 82.5331 82.739 80.9599 92.5978 101.349 80.5636 73.4059 70.8391 69.9456 68.1438 93.9154 103.336 68.7548 67.2822 65.6459 64.7548 60.8587 59.8914 69.0295 59.5584 59.273 79.7938 62.4738
threshold=-0.048737950623035424 0.085301764309406294 1.0436248779296877 1.1497821211814883 0.34166666865348821 0.060182465240359313 -0.004925140878185629 0.081587396562099471 0.027544845826923851 0.053838510066270835 0.3985507339239121 0.94597771763801586 0.89166665077209484 0.82833755016326915 0.93819740414619457 0.048151351511478431 0.94799929857254039 0.99913683533668529 0.65000000596046459 0.8261699676513673 0.0031152123119682078 0.61666667461395275 0.99374088644981395 0.87500000000000011 0.029976665042340759 1.0051231384277346 0.95068228244781505 0.99298247694969188 -0.013182442169636486 0.94999998807907116
decision_type=8 10 10 10 2 10 8 10 10 10 8 10 2 8 10 10 10 10 2 10 10 2 10 2 10 10 10 10 10 2
left_child=1 -1 7 5 16 6 21 13 22 10 11 -5 -6 15 -12 -2 -3 19 -19 -18 23 -4 -9 -15 -22 -26 -7 28 -8 -29
right_child=2 4 3 9 12 26 27 8 -10 -11 14 -13 -14 20 -16 -17 17 18 -20 -21 24 -23 -24 -25 25 -27 -28 29 -30 -31
leaf_value=0.00064963347634443649 0.0047819633288738441 0 0 0.009500238793314731 0.0021392146347488246 -0.017914273797431875 -0.014990369275047053 -0.011193330126814545 -0.014766086188300704 0.010322397377719937 -0.011875319789062337 -0.0050363556451383396 -0.018870506290567857 0.0013576082877534716 0.0060004353516356374 -0.0049179224091389891 0.022174337492660078 -0.0013102007175559941 0.010139339632799473 0 -0.00033459960565027097 0.0060543998190887346 0.016933353860748179 -0.0010458793425682433 0.0064287333168497381 -0.0013576027491320549 0.0014903256544151673 -0.00063098094319952289 -0.0022112704121640789 -0.014496126683397313
leaf_weight=7118 5846 762 3249 508 425 416 445 100 596 1302 182 2183 226 72513 3711 709 743 884 2792 149 81401 3029 151 10749 2542 1607 167 196584 14183 275
leaf_count=7118 5846 762 3249 508 425 416 445 100 596 1302 182 2183 226 72513 3711 709 743 884 2792 149 81401 3029 151 10749 2542 1607 167 196584 14183 275
internal_value=1.66582e-05 0.00346379 -9.49612e-05 -0.000569129 0.0067496 -0.000717247 -0.000684582 0.000512096 -0.0087007 0.00348546 0.00206085 -0.00213167 -0.00505245 0.000559291 0.00503164 0.00367541 0.00826066 0.0096405 0.00731261 0.0185342 0.000436093 0.00289221 0.00462142 0.00104354 -0.00015171 0.00334891 -0.0119933 -0.000792442 -0.00264044 -0.000653344
internal_weight=415547 13099 402448 226234 5981 218348 217765 176214 847 7886 6584 2691 651 175367 3893 6555 5330 4568 3676 892 168812 6278 251 83262 85550 4149 583 211487 14628 196859
internal_count=415547 13099 402448 226234 5981 218348 217765 176214 847 7886 6584 2691 651 175367 3893 6555 5330 4568 3676 892 168812 6278 251 83262 85550 4149 583 211487 14628 196859
is_linear=0
shrinkage=0.03


Tree=4
num_leaves=31
num_cat=0
split_feature=41 29 57 58 11 38 122 58 62 23 61 4 85 42 29 42 39 30 76 38 119 132 38 37 83 82 42 33 16 60
split_gain=218.306 124.757 144.59 115.413 112.146 109.453 184.178 150.223 109.195 120.58 104.224 114.416 100.871 98.2703 96.4774 91.6532 80.3317 72.129 69.5931 66.8972 65.4046 60.1222 56.1132 54.3319 52.1725 49.9632 49.8048 49.3803 47.2453 43.5307
threshold=-0.066265549510717378 -0.00019487296958686781 1.16919481754303 0.92768228054046642 0.92690601944923412 -0.017127021215856072 0.35025383532047277 0.9208262860774995 0.83395060896873485 0.048825789242982871 0.82833755016326915 0.40624935925006872 -0.82500001788139332 0.071097377687692656 -0.016832389868795868 0.043432885780930526 0.0054800405632704505 -0.00036346260458230967 0.78333333134651195 -0.016138300299644467 0.42592601478099829 0.48381313681602484 -0.024740925058722493 0.51796534657478344 1.0000000180025095e-35 0.24166666716337207 -0.010194041300565003 0.88344103097915661 1.0974505543708803 0.92800658941268932
decision_type=8 8 10 10 8 8 10 10 10 10 8 10 2 8 10 10 10 8 2 10 8 10 10 10 10 2 10 10 8 10
left_child=8 3 4 15 21 6 7 -6 9 18 11 -7 19 14 -5 27 -8 -12 23 -10 24 -3 -14 -1 -16 -22 -20 -2 -4 -11
right_child=1 2 28 13 5 10 16 -9 12 29 17 -13 22 -15 20 -17 -18 -19 26 -21 25 -23 -24 -25 -26 -27 -28 -29 -30 -31
leaf_value=-0.0038703426668545249 0.0017305102821180438 -0.016173152716681113 0.0001752954784805953 0.0071014850232214398 0.0095405034965857175 0.0014601886827277902 -0.0018820644819816683 -0.017194945842584408 0.020575052739479217 -0.02190547688412206 -0.00075932321569573949 0.0089146976508714219 -0.0073895959815749286 0.0088669779173432359 -0.0057644269973438182 -0.02227822500419907 0.013373780969954303 0.00056543658794466127 0.013070304075568811 0.0048555485993612467 2.1240216673978025e-05 0 0.0016878393134588784 0.0097891016389473045 -0.00044681679585880849 -0.0010294674539183502 0.032837798115709478 -0.016090502673760054 0.0073505072133177177 0.0012028971390696023
leaf_weight=271 454 554 1199 1388 195 7462 3956 1207 370 116 48803 2515 672 947 4140 374 315 151208 632 910 63444 294 5044 1488 2986 111052 192 168 3452 107
leaf_count=271 454 554 1199 1388 195 7462 3956 1207 370 116 48803 2515 672 947 4140 374 315 151208 632 910 63444 294 5044 1488 2986 111052 192 168 3452 107
internal_value=-2.36739e-05 -0.00013127 0.000348658 -0.000706748 0.000234525 0.000279169 -0.00382046 -0.0131835 0.00439486 0.00941004 0.000391706 0.0033834 0.00231949 -0.000649249 -0.000701094 -0.0108094 -0.000629893 0.00024065 0.011302 0.00987687 -0.00076315 -0.0105183 0.000546307 0.00749618 -0.00358566 -0.000645769 0.0187008 -0.0029669 0.00557368 -0.0103966
internal_weight=415915 406113 221160 184953 216509 215661 5673 1402 9802 2806 209988 9977 6996 183957 183010 996 4271 200011 2583 1280 181622 848 5716 1759 7126 174496 824 622 4651 223
internal_count=415915 406113 221160 184953 216509 215661 5673 1402 9802 2806 209988 9977 6996 183957 183010 996 4271 200011 2583 1280 181622 848 5716 1759 7126 174496 824 622 4651 223
is_linear=0
shrinkage=0.03


Tree=5
num_leaves=31
num_cat=0
split_feature=41 36 46 32 14 25 22 15 95 49 118 74 27 26 1 7 17 25 50 6 7 53 42 26 81 0 37 25 140 119
split_gain=257.922 142.393 118.685 113.226 100.525 88.4719 79.9871 96.096 97.5027 82.3161 118.398 75.7531 75.1633 72.8919 71.3634 98.4798 68.9489 72.5671 86.1051 71.1871 67.1071 66.3205 141.643 64.0131 62.2532 61.3544 61.0798 60.5823 59.4204 50.4128
threshold=-0.066265549510717378 0.79750531911849987 1.036132335662842 -0.004925140878185629 0.96087288856506359 0.081587396562099471 0.7882869839668275 0.88579314947128307 0.28160001337528234 0.82754534482955944 0.58283972740173351 0.84999999403953563 0.090932514518499388 0.10755445063114168 0.083115298300981535 0.043297730386257179 1.0168173313140871 0.087922334671020522 0.89555037021636974 0.1666599437594414 -0.013201341964304445 0.99424907565116893 -0.053919637575745576 0.10755445063114168 0.61666667461395275 -0.0061728714499622575 0.33048608899116522 0.041643859818577773 0.72411164641380321 0.12962955236434939
decision_type=8 10 8 8 10 10 8 10 10 8 10 2 10 10 10 10 8 10 10 10 10 8 10 10 2 10 8 10 10 10
left_child=1 16 5 24 -3 13 7 8 -5 10 11 -8 -7 14 15 20 17 18 19 -1 -2 22 -11 -6 -4 -20 -17 -23 -26 -10
right_child=2 4 3 6 23 12 9 -9 29 21 -12 -13 -14 -15 -16 26 -18 -19 25 -21 -22 27 -24 -25 28 -27 -28 -29 -30 -31
leaf_value=0.027819937319267192 0.002778293644031159 -0.0043776735394627231 0 0.00041944192744892121 0.012969657596048413 -0.016315920096274045 -0.0034229042516396068 0.012377667143077089 0.0026760462760541804 -0.011722049795377464 0.02291025052308196 0.010146107944272682 0.0027537242586101241 0.020683528899737957 -0.0099997378247072381 -0.00026979726850829828 0.00023457153153822138 -0.0058125653133525709 0.0075185658199418415 0.0072240844934814323 0.00030258361584171192 -0.00069685048363492253 -0.0016116195120749598 0.035115583275479298 -0.0055154648990529773 0 0.0086319315022393948 0.00075606003732345425 0.0060764655150550833 -0.015691517160424242
leaf_weight=291 10659 138 3798 623 457 493 859 187 116 1335 286 601 246 143 551 921 3462 409 2860 440 136091 192143 18311 223 394 1435 2165 29633 4483 1098
leaf_count=291 10659 138 3798 623 457 493 859 187 116 1335 286 601 246 143 551 921 3462 409 2860 440 136091 192143 18311 223 394 1435 2165 29633 4483 1098
internal_value=-2.01174e-05 0.00480453 -0.000136782 -0.000533716 0.0167398 0.00052737 -0.000653965 -0.00657891 -0.0087827 -0.000602879 0.00583383 0.00202162 -0.00966743 0.00058069 0.000556832 0.000598983 0.00363846 0.00574287 0.00676198 0.016345 0.000484802 -0.000651152 -0.00232513 0.0214566 0.00282423 0.00499325 0.00589404 -0.000501314 0.00506002 -0.0136784
internal_weight=414851 9715 405136 253867 818 151269 245192 2024 1837 243168 1746 1460 739 150530 150387 149836 8897 5435 5026 731 146750 241422 19646 680 8675 4295 3086 221776 4877 1214
internal_count=414851 9715 405136 253867 818 151269 245192 2024 1837 243168 1746 1460 739 150530 150387 149836 8897 5435 5026 731 146750 241422 19646 680 8675 4295 3086 221776 4877 1214
is_linear=0
shrinkage=0.03


Tree=6
num_leaves=31
num_cat=0
split_feature=54 46 24 27 26 60 7 31 14 123 49 81 74 7 86 79 34 40 22 33 44 84 3 122 18 43 99 53 1 34
split_gain=181.913 107.953 104.042 98.8276 92.6286 111.252 136.3 97.7372 93.2235 90.6711 80.3692 79.6579 72.7321 70.337 92.7789 96.0442 86.5495 71.4353 69.205 67.0394 76.6362 70.9965 66.7592 66.0228 65.9859 62.7716 62.5295 61.3149 73.4667 72.049
threshold=1.0889381766319277 1.0269691348075869 0.10003798454999925 0.085301764309406294 0.06047536991536618 0.88499709963798534 0.046833109110593803 0.0094293244183063524 0.8943782150745393 0.73333513736724865 0.9538545310497285 0.050000002607703216 0.45000000298023229 0.03336229361593724 0.91666665673255932 0.15000000223517421 0.88821709156036388 0.038643766194581992 1.034318268299103 0.37244094908237463 1.0386473536491396 -0.65000000596046437 0.010040150023996832 0.38550247251987463 1.0424271225929262 1.0180943608283999 0.76388889551162731 0.990063637495041 0.064274493604898467 0.33436490595340734
decision_type=10 8 10 10 10 10 10 10 8 10 10 2 2 10 2 2 10 10 10 8 10 2 10 10 10 10 2 8 10 8
left_child=1 2 13 -2 8 6 9 12 -3 26 22 -5 25 17 -15 -16 -17 -1 -14 20 -10 -22 -9 24 -13 -7 -6 28 -21 -29
right_child=3 4 -4 11 5 7 -8 10 19 -11 -12 23 18 14 15 16 -18 -19 -20 27 21 -23 -24 -25 -26 -27 -28 29 -30 -31
leaf_value=0.00068597053647602977 0.0015656624471835675 0.0067961942460549006 -0.020983797946493282 -0.0046459999864773569 -0.0030771740443471282 -0.0033713652998018442 -0.01786371959490541 -0.0007967098789294655 -0.00050622822061939022 0.0084540717866646957 0.019708779155611762 0.02909253664790246 0.0014250241641482672 0.0016645685749023379 0.001964380552914495 0.01130274805197819 0.037888847906542428 -0.003704261550726833 0.0067130458785893349 -0.0021522500995945367 -0.0003517234991344288 -0.0030385814107349303 0.01323489693760321 0.0071851775950487239 0.0028460510703980139 0.0015259823681713918 0.0061356135652833634 0.00069989140530685634 -0.018239528812419508 -0.00064892460478502105
leaf_weight=108048 6980 1511 178 397 5938 3367 433 716 57876 809 472 264 5697 5249 791 681 143 3404 3866 8135 13190 28686 467 3350 170 7709 709 61934 251 83768
leaf_count=108048 6980 1511 178 397 5938 3367 433 716 57876 809 472 264 5697 5249 791 681 143 3404 3866 8135 13190 28686 467 3350 170 7709 709 61934 251 83768
internal_value=3.83776e-05 -6.53502e-05 0.000694906 0.00381355 -0.000381927 0.00118598 -0.00185166 0.00227503 -0.00056851 -0.000836345 0.00928701 0.00746958 0.00168978 0.000733597 0.00368432 0.00996466 0.0170606 0.000548551 0.00360365 -0.000614063 -0.00122059 -0.00220001 0.00462096 0.0088373 0.0200507 6.80456e-06 -0.00203404 -0.000219363 -0.0027117 -7.35031e-05
internal_weight=415189 404028 118494 11161 285534 30183 7889 22294 255351 7456 1655 4181 20639 118316 6864 1615 824 111452 9563 253840 99752 41876 1183 3784 434 11076 6647 154088 8386 145702
internal_count=415189 404028 118494 11161 285534 30183 7889 22294 255351 7456 1655 4181 20639 118316 6864 1615 824 111452 9563 253840 99752 41876 1183 3784 434 11076 6647 154088 8386 145702
is_linear=0
shrinkage=0.03


Tree=7
num_leaves=31
num_cat=0
split_feature=42 30 11 31 74 35 134 126 26 50 51 12 62 143 11 54 109 44 44 46 90 11 75 124 62 18 82 72 84 26
split_gain=200.116 119.174 111.73 91.9127 121.006 84.6226 73.0923 70.7038 70.5917 140.258 89.3116 93.883 112.021 86.4257 69.2769 65.1634 63.6034 109.245 61.7617 59.0738 57.9216 57.9094 95.8497 65.0915 65.5119 61.2023 58.7447 81.0605 57.1232 55.0158
threshold=-0.10333798453211783 -0.00050914598978124548 0.92690601944923412 -0.00464536971412599 0.45000000298023229 0.80289128422737133 0.26426585018634802 0.26394630968570715 0.10131740570068361 0.80712574720382702 0.69086378812789928 0.98274594545364391 0.68538203835487377 0.042304309085011489 0.99067911505699169 1.085144102573395 0.58571431040763866 1.0257847905158999 1.0304479598999026 1.0597565174102785 0.49007210135459905 0.98344829678535473 0.67499998211860668 -0.16666662693023679 0.7452475130558015 1.0322787165641787 0.025000001303851608 0.25165563821792608 0.65000000596046459 0.018607008270919326
decision_type=8 8 8 10 2 10 10 10 10 10 8 10 10 10 10 10 2 10 8 10 10 10 2 10 10 10 2 10 2 10
left_child=21 3 6 4 15 7 -3 29 10 13 11 -4 -13 -10 -15 -2 18 -18 -12 -9 -8 23 26 24 -1 -24 -23 -28 -6 -5
right_child=1 2 8 5 28 -7 20 19 9 -11 16 12 -14 14 -16 -17 17 -19 -20 -21 -22 22 25 -25 -26 -27 27 -29 -30 -31
leaf_value=0.0261880470285921 -0.00099556445548321906 0.00017598689860971137 0.0063663367015801163 -5.6246443903382642e-05 0.0059317697891057754 0.0010452019159380675 0 -0.00095771206783660265 0.018365871473390874 0.013242274166089762 0.00057462865167895894 -0.020710855724049515 9.2149615453263685e-05 -0.0031670950037017589 0.0064430090455382871 0.0043133371016199481 0.0010382391752026103 0.0077709825361588136 -0.00047917196635266637 -0.013845620801570944 -0.020946097563673487 0.0081043702709326405 0.030697029739487586 -0.0061756257760238699 0.0081116046233572821 0.006596535967439413 0.0045016712023942095 -0.0035189337553103279 -0.00093746013861770432 -0.001546440202641784
leaf_weight=210 15629 376 277 29607 5118 15761 165 662 219 1112 139190 557 343 2278 932 2372 13621 2602 77881 724 462 1030 151 204 1902 355 2099 2412 1285 95853
leaf_count=210 15629 376 277 29607 5118 15761 165 662 219 1112 139190 557 343 2278 932 2372 13621 2602 77881 724 462 1030 151 204 1902 355 2099 2412 1285 95853
internal_value=-1.32941e-05 -0.000108505 0.000318828 -0.000724394 0.000970028 -0.00101656 -0.0095639 -0.00127522 0.000362352 0.0040639 0.000289044 -0.00787461 -0.0126269 0.000940911 -0.000261375 -0.00027535 0.000332188 0.00214481 0.000195154 -0.00800448 -0.0156933 0.00457401 0.00293613 0.00866028 0.0102785 0.0152526 0.00170663 0.000150297 0.00450787 -0.00119723
internal_weight=415389 407026 240015 167011 24404 142607 1003 126846 239012 4541 234471 1177 900 3429 3210 18001 233294 16223 217071 1386 627 8363 6047 2316 2112 506 5541 4511 6403 125460
internal_count=415389 407026 240015 167011 24404 142607 1003 126846 239012 4541 234471 1177 900 3429 3210 18001 233294 16223 217071 1386 627 8363 6047 2316 2112 506 5541 4511 6403 125460
is_linear=0
shrinkage=0.03


Tree=8
num_leaves=31
num_cat=0
split_feature=15 1 30 38 17 16 40 81 15 81 33 3 77 111 35 36 37 52 43 6 10 28 73 0 62 16 76 52 3 61
split_gain=143.136 167.794 136.468 124.95 248.652 119.35 108.886 186.81 107.345 116.458 101.498 97.1411 92.7048 87.3113 85.8728 73.8489 68.2142 72.3569 67.6269 65.7967 81.0626 64.1183 62.4935 58.4325 72.1891 60.4263 60.2757 56.4797 55.6407 53.9724
threshold=1.1497821211814883 0.053838510066270835 -0.00032588586327619845 -0.017127021215856072 0.74236810207366954 0.88605287671089183 -0.048737950623035424 0.15000000596046451 0.72362977266311657 0.21666666865348819 0.93427523970603954 0.018049999140203003 0.075000002980232253 -0.16954023391008374 0.8605177402496339 0.82267123460769664 0.84897723793983471 0.82030060887336742 1.0802942514419558 0.21428750455379489 1.031861484050751 -0.0089502483606338484 0.90000000596046459 0.015909080393612388 0.89959189295768749 0.92691171169281017 0.58333334326744091 0.87958118319511425 0.026339140720665458 0.80523839592933666
decision_type=10 10 10 10 8 8 10 2 8 2 10 10 2 2 10 10 10 8 10 10 10 10 10 10 10 8 2 10 10 10
left_child=2 10 5 4 14 21 7 15 9 -8 12 -9 -2 -3 18 -5 23 -18 -4 29 -21 -1 -11 26 25 -25 28 -6 -7 -10
right_child=1 13 3 6 27 16 8 11 19 22 -12 -13 -14 -15 -16 -17 17 -19 -20 20 -22 -23 -24 24 -26 -27 -28 -29 -30 -31
leaf_value=0.0056170550384066834 -0.0045593127238092723 0.017066887614183471 -0.014227178575857443 0.0070352486921521958 0.0013638991798845311 -0.00082503934847435545 0.0021428509494644758 -0.0016874351743055589 0.0048242162406531451 -0.0024195234669825514 -0.0077063968105093132 0.01167088677567675 0.0045887485771336943 0.0042824316557601664 -0.027539473559265417 0.019024814853398998 0.010044240625899099 0.00087515261997645562 0 -0.0001328133767444609 0.0091493375321550201 -0.0091046225229257337 -0.027697059612848463 0.00034948133704263725 -0.0017724243549063737 -0.012044340766834871 0.0011756646285225841 -0.0063161758792427093 0.009764788864224494 0.00086257049457484115
leaf_weight=264 1183 1087 873 2571 3912 125787 344 3800 3211 165 911 542 5221 1019 334 622 821 11941 401 108699 833 2132 302 438 15476 1163 15748 1079 424 104187
leaf_count=264 1183 1087 873 2571 3912 125787 344 3800 3211 165 911 542 5221 1019 334 622 821 11941 401 108699 833 2132 302 438 15476 1163 15748 1079 424 104187
internal_value=2.67084e-05 0.00367891 -5.74628e-05 0.000418397 -0.00363847 -0.000692592 0.000538879 0.00408409 0.000414454 -0.0103322 0.00147105 0 0.00284321 0.0111206 -0.0138233 0.00956809 -0.0005975 0.00150328 -0.00962553 0.000456962 -5.7826e-05 -0.00732529 -0.0198482 -0.000768133 -0.00243048 -0.0085061 -0.000565734 -0.000255164 -0.000785545 0.000984685
internal_weight=415490 9421 406069 231875 6599 174194 225276 7535 217741 811 7315 4342 6404 2106 1608 3193 171798 12762 1274 216930 109532 2396 467 159036 17077 1601 141959 4991 126211 107398
internal_count=415490 9421 406069 231875 6599 174194 225276 7535 217741 811 7315 4342 6404 2106 1608 3193 171798 12762 1274 216930 109532 2396 467 159036 17077 1601 141959 4991 126211 107398
is_linear=0
shrinkage=0.03


Tree=9
num_leaves=31
num_cat=0
split_feature=41 36 16 30 16 38 17 11 18 10 39 82 14 115 3 79 30 25 27 35 91 26 81 17 90 27 91 36 52 33
split_gain=163.872 114.664 84.9409 95.2699 153.335 135.503 239.631 115.277 88.8446 105.979 75.1082 73.4482 73.2784 66.4993 63.7864 181.796 62.2441 61.6469 68.7765 65.361 60.6348 60.3548 59.6372 52.4969 52.2774 50.7672 76.8686 49.8519 54.7284 74.8924
threshold=-0.066265549510717378 0.78798821568489086 1.2022368311882021 -0.00050914598978124548 0.87530267238616954 -0.015331017319113014 0.74896535277366649 0.92690601944923412 1.0424271225929262 1.0365515947341921 0.013305041939020159 0.37500000000000006 0.96087288856506359 0.26634342968463903 0.022556408308446411 0.15000000223517421 0.0025117873447015886 0.095394432544708266 0.096437238156795516 0.72306999564170849 0.84808138012886058 0.10755445063114168 0.25000000745058065 0.84713932871818554 0.39126977324485784 0.082225840538740172 0.035004023462533958 0.81622272729873668 0.91267606616020214 0.58661273121833812
decision_type=8 10 10 8 8 8 8 8 10 10 10 2 10 8 10 2 10 10 10 10 10 10 2 8 10 10 10 10 10 10
left_child=1 11 3 4 10 6 8 22 9 -5 -2 17 -3 -6 20 -16 -8 18 19 -1 -9 -14 -7 -12 -24 -15 -27 -4 -29 -30
right_child=2 12 27 5 13 7 16 14 -10 -11 23 -13 21 25 15 -17 -18 -19 -20 -21 -22 -23 24 -25 -26 26 -28 28 29 -31
leaf_value=0.0011533353491218112 -0.015812670046293852 -0.0038364481126228647 0.00046307658602707239 -0.0068559945838767081 0.0013627980704850428 -0.0013846521453441756 -0.0058290367011049962 0.00041557959696017938 0.0076576671412032921 -0.022403696922039969 0.0039279815667624283 -8.7345992171493264e-05 0.01065882020656644 -0.00096008945303629036 0.011928867079953906 -0.0014408799124104863 0.0011463379614982789 -0.0082500043513460287 0.010840399724237485 0.015472277813875711 -0.0035213708969223391 0.031441463026450948 0 -0.014381686730764455 -0.02242597866051646 0.0040585148009259298 -0.000909948488414087 0.015840103651902981 -0.0020129943836059067 0.0087763202081228026
leaf_weight=2438 877 135 2471 899 13902 455 1520 220621 144 856 417 4143 504 137250 1587 2040 4426 250 1751 317 3544 220 108 182 369 4695 6732 470 925 1354
leaf_count=2438 877 135 2471 899 13902 455 1520 220621 144 856 417 4143 504 137250 1587 2040 4426 250 1751 317 3544 220 108 182 369 4695 6732 470 925 1354
internal_value=-2.62592e-06 0.0038344 -9.5806e-05 -0.000146154 -0.000702113 0.000238149 -0.00363007 0.000372443 -0.0128559 -0.0147754 -0.0102758 0.00276447 0.0142623 -0.000612099 0.000417209 0.00436015 -0.000600083 0.00530149 0.00615276 0.00300867 0.00035169 0.0180527 -0.0100328 -0.0014355 -0.0172907 -0.000798937 0.00110876 0.00369686 0.00647094 0.00428725
internal_weight=415602 9758 405844 400624 164055 236569 7845 228724 1899 1755 1476 8899 859 162579 227792 3627 5946 4756 4506 2755 224165 724 932 599 477 148677 11427 5220 2749 2279
internal_count=415602 9758 405844 400624 164055 236569 7845 228724 1899 1755 1476 8899 859 162579 227792 3627 5946 4756 4506 2755 224165 724 932 599 477 148677 11427 5220 2749 2279
is_linear=0
shrinkage=0.03


Tree=10
num_leaves=31
num_cat=0
split_feature=41 36 46 32 24 42 39 138 81 23 60 6 3 25 42 1 38 33 41 39 85 39 58 116 25 26 50 139 38 30
split_gain=190.513 119.167 94.2503 107.474 92.3779 85.2784 76.9723 76.3449 79.2737 66.3138 82.636 65.9263 97.8049 75.5236 60.0785 59.8304 58.9025 57.6409 125.809 72.1345 51.4291 56.7333 50.515 48.3053 47.4923 48.3562 47.2184 46.6476 45.0962 45.6458
threshold=-0.070286493748426424 0.65619894862174999 1.0410256981849673 -0.004925140878185629 0.10003798454999925 -0.1176476553082466 0.060182465240359313 0.63789105415344249 0.61666667461395275 0.048825789242982871 0.930619776248932 0.22222258895635608 0.024203588254749778 0.015422070398926737 -0.090228755027055726 0.060782417654991157 0.032048635184764869 0.37244094908237463 0.042138654738664634 -0.052577447146177285 0.42499999701976782 -0.015334582421928642 0.92768228054046642 0.33734917640686041 0.020577361807227138 0.07351474836468698 0.83267307281494152 0.70316341519355785 -0.024740925058722493 -0.0054988786578178397
decision_type=8 10 8 8 10 10 10 8 2 10 10 10 10 10 8 10 10 10 10 8 2 10 10 10 8 10 10 10 10 10
left_child=1 5 4 7 11 28 14 15 -9 -3 -11 20 13 -13 16 -4 27 18 -16 -19 24 -22 -15 -18 -2 -26 -10 -5 29 -1
right_child=2 9 3 6 -6 -7 -8 8 26 10 -12 12 -14 22 17 -17 23 19 -20 -21 21 -23 -24 -25 25 -27 -28 -29 -30 -31
leaf_value=0.0083788697371960843 0.00077595558351980717 0.013738067202852543 -0.0045713292397475229 0.0065115956375499471 -0.019535587242419793 -0.00034039495463295059 -0.011469617906237557 0.0005062689970615615 0.016023435872685107 -0.01892156358257643 0.007774001687078984 0.00095933265568239588 0.015999730275315163 0.0048576378767836836 -0.0015037954248803718 0.012348076059636705 0 0.0068284530767747428 0.0044726041542337714 -0.00034308273075929848 0.0052237329314159392 0.0013623532990907382 -0.0010721147868488969 0.026480781625767672 -0.0023804587820217896 0.010112641299381218 0.0056363275438889582 0.00036642302615562861 0.0091442377395003754 -0.0096347028237846553
leaf_weight=211 24289 1583 1626 1331 187 3803 567 3021 489 117 404 31468 317 1292 82257 186 114 1251 3255 134657 3739 49540 49054 138 7601 262 3357 7060 1764 251
leaf_count=211 24289 1583 1626 1331 187 3803 567 3021 489 117 404 31468 317 1292 82257 186 114 1251 3255 134657 3739 49540 49054 138 7601 262 3357 7060 1764 251
internal_value=4.54165e-06 0.00454588 -8.5676e-05 -0.000468476 0.000458625 0.00232047 -0.00059297 0.00279902 0.00425866 0.0106996 0.000746622 0.000485057 -0.000118567 -0.00018858 -0.000563865 -0.00255497 0.00187817 -0.000660704 -0.0012718 -0.000273868 0.00106877 0.00164082 -0.000912118 0.0157321 0.000111059 -0.00190152 0.00711066 0.00139002 0.00696253 -0.000779016
internal_weight=415191 8133 407058 239309 167749 6029 230630 8679 6867 2104 521 167562 82131 81814 230063 1812 8643 221420 85512 135908 85431 53279 50346 252 32152 7863 3846 8391 2226 462
internal_count=415191 8133 407058 239309 167749 6029 230630 8679 6867 2104 521 167562 82131 81814 230063 1812 8643 221420 85512 135908 85431 53279 50346 252 32152 7863 3846 8391 2226 462
is_linear=0
shrinkage=0.03


end of trees

feature_importances:
RESI5=12
STD20=10
RESI60=10
STD30=9
KSFT=8
RSQR30=8
RESI10=8
IMIN30=8
KUP=7
LOW0=7
MA5=7
BETA20=7
RESI30=7
MAX30=7
ROC30=6
ROC60=6
STD60=6
RSQR5=6
RSQR20=6
QTLD5=6
IMXD30=6
KLEN=5
ROC20=5
RSQR60=5
RESI20=5
QTLU5=5
QTLD30=5
QTLD60=5
KLOW2=4
ROC10=4
BETA60=4
MIN10=4
MIN20=4
SUMD10=4
KUP2=3
MA60=3
STD5=3
BETA5=3
BETA10=3
BETA30=3
RSQR10=3
MAX5=3
MAX10=3
MIN60=3
QTLU10=3
QTLD20=3
IMAX10=3
IMIN10=3
IMIN60=3
IMXD5=3
IMXD60=3
SUMN60=3
KMID=2
KLOW=2
HIGH0=2
VWAP0=2
STD10=2
MIN30=2
QTLU30=2
QTLU60=2
IMAX5=2
IMAX30=2
IMXD10=2
IMXD20=2
CORR20=2
CORR30=2
SUMP10=2
SUMP30=2
SUMP60=2
SUMN10=2
VMA60=2
WVMA5=2
WVMA20=2
MIN5=1
QTLD10=1
RSV60=1
IMAX20=1
IMAX60=1
CORD20=1
CNTP10=1
CNTD10=1
CNTD20=1
CNTD30=1
SUMP20=1
SUMN5=1
SUMD5=1
SUMD30=1
SUMD60=1
VSTD10=1
WVMA10=1
VSUMP5=1

parameters:
[boosting: gbdt]
[objective: regression]
[metric: l2]
[tree_learner: serial]
[device_type: cpu]
[data_sample_strategy: bagging]
[data: ]
[valid: ]
[num_iterations: 500]
[learning_rate: 0.03]
[num_leaves: 31]
[num_threads: 12]
[seed: 20260813]
[deterministic: 1]
[force_col_wise: 1]
[force_row_wise: 0]
[histogram_pool_size: -1]
[max_depth: 7]
[min_data_in_leaf: 100]
[min_sum_hessian_in_leaf: 0.001]
[bagging_fraction: 0.8]
[pos_bagging_fraction: 1]
[neg_bagging_fraction: 1]
[bagging_freq: 1]
[bagging_seed: 20260813]
[bagging_by_query: 0]
[feature_fraction: 0.8]
[feature_fraction_bynode: 1]
[feature_fraction_seed: 20260813]
[extra_trees: 0]
[extra_seed: 13549]
[early_stopping_round: 0]
[early_stopping_min_delta: 0]
[first_metric_only: 0]
[max_delta_step: 0]
[lambda_l1: 10]
[lambda_l2: 20]
[linear_lambda: 0]
[min_gain_to_split: 0]
[drop_rate: 0.1]
[max_drop: 50]
[skip_drop: 0.5]
[xgboost_dart_mode: 0]
[uniform_drop: 0]
[drop_seed: 11866]
[top_rate: 0.2]
[other_rate: 0.1]
[min_data_per_group: 100]
[max_cat_threshold: 32]
[cat_l2: 10]
[cat_smooth: 10]
[max_cat_to_onehot: 4]
[top_k: 20]
[monotone_constraints: ]
[monotone_constraints_method: basic]
[monotone_penalty: 0]
[feature_contri: ]
[forcedsplits_filename: ]
[refit_decay_rate: 0.9]
[cegb_tradeoff: 1]
[cegb_penalty_split: 0]
[cegb_penalty_feature_lazy: ]
[cegb_penalty_feature_coupled: ]
[path_smooth: 0]
[interaction_constraints: ]
[verbosity: 1]
[saved_feature_importance_type: 0]
[use_quantized_grad: 0]
[num_grad_quant_bins: 4]
[quant_train_renew_leaf: 0]
[stochastic_rounding: 1]
[linear_tree: 0]
[max_bin: 255]
[max_bin_by_feature: ]
[min_data_in_bin: 3]
[bin_construct_sample_cnt: 200000]
[data_random_seed: 20260812]
[is_enable_sparse: 1]
[enable_bundle: 1]
[use_missing: 1]
[zero_as_missing: 0]
[feature_pre_filter: 1]
[pre_partition: 0]
[two_round: 0]
[header: 0]
[label_column: ]
[weight_column: ]
[group_column: ]
[ignore_column: ]
[categorical_feature: ]
[forcedbins_filename: ]
[precise_float_parser: 0]
[parser_config_file: ]
[objective_seed: 16743]
[num_class: 1]
[is_unbalance: 0]
[scale_pos_weight: 1]
[sigmoid: 1]
[boost_from_average: 1]
[reg_sqrt: 0]
[alpha: 0.9]
[fair_c: 1]
[poisson_max_delta_step: 0.7]
[tweedie_variance_power: 1.5]
[lambdarank_truncation_level: 30]
[lambdarank_norm: 1]
[label_gain: ]
[lambdarank_position_bias_regularization: 0]
[eval_at: ]
[multi_error_top_k: 1]
[auc_mu_weights: ]
[num_machines: 1]
[local_listen_port: 12400]
[time_out: 120]
[machine_list_filename: ]
[machines: ]
[gpu_platform_id: -1]
[gpu_device_id: -1]
[gpu_device_id_list: ]
[gpu_use_dp: 0]
[num_gpu: 1]

end of parameters

pandas_categorical:null
