tree
version=v4
num_class=1
num_tree_per_iteration=1
label_index=0
max_feature_idx=162
objective=regression
feature_names=KMID KLEN KMID2 KUP KUP2 KLOW KLOW2 KSFT KSFT2 OPEN0 HIGH0 LOW0 VWAP0 ROC5 ROC10 ROC20 ROC30 ROC60 MA5 MA10 MA20 MA30 MA60 STD5 STD10 STD20 STD30 STD60 BETA5 BETA10 BETA20 BETA30 BETA60 RSQR5 RSQR10 RSQR20 RSQR30 RSQR60 RESI5 RESI10 RESI20 RESI30 RESI60 MAX5 MAX10 MAX20 MAX30 MAX60 MIN5 MIN10 MIN20 MIN30 MIN60 QTLU5 QTLU10 QTLU20 QTLU30 QTLU60 QTLD5 QTLD10 QTLD20 QTLD30 QTLD60 RANK5 RANK10 RANK20 RANK30 RANK60 RSV5 RSV10 RSV20 RSV30 RSV60 IMAX5 IMAX10 IMAX20 IMAX30 IMAX60 IMIN5 IMIN10 IMIN20 IMIN30 IMIN60 IMXD5 IMXD10 IMXD20 IMXD30 IMXD60 CORR5 CORR10 CORR20 CORR30 CORR60 CORD5 CORD10 CORD20 CORD30 CORD60 CNTP5 CNTP10 CNTP20 CNTP30 CNTP60 CNTN5 CNTN10 CNTN20 CNTN30 CNTN60 CNTD5 CNTD10 CNTD20 CNTD30 CNTD60 SUMP5 SUMP10 SUMP20 SUMP30 SUMP60 SUMN5 SUMN10 SUMN20 SUMN30 SUMN60 SUMD5 SUMD10 SUMD20 SUMD30 SUMD60 VMA5 VMA10 VMA20 VMA30 VMA60 VSTD5 VSTD10 VSTD20 VSTD30 VSTD60 WVMA5 WVMA10 WVMA20 WVMA30 WVMA60 VSUMP5 VSUMP10 VSUMP20 VSUMP30 VSUMP60 VSUMN5 VSUMN10 VSUMN20 VSUMN30 VSUMN60 VSUMD5 VSUMD10 VSUMD20 VSUMD30 VSUMD60 ORC_SIGNED_IMPACT_SHOCK_20 ORC_RETURN_PER_VOLUME_SURPRISE_20 ORC_IMPACT_CONCENTRATION_20 ORC_VOLUME_CLIMAX_10 ORC_VOLUME_STABILITY_TREND_20
feature_infos=[-0.15450645983219147:0.33106967806816101] [0:0.33106967806816101] [-1:1] [0:0.27153289318084717] [0:1] [0:0.19577737152576447] [0:1] [-0.31147539615631104:0.33106967806816101] [-1:1] [0.75127547979354858:1.1827411651611328] [1:1.365384578704834] [0.75127547979354858:1] [0.90894031524658203:1.0877940654754639] [0.62103557586669922:1.6790908575057983] [0.58417785167694092:1.8924485445022583] [0.46860837936401367:2.2146341800689697] [0.45439684391021729:2.740487813949585] [0.36440131068229675:2.649662971496582] [0.8043818473815918:1.3455072641372681] [0.71110033988952637:1.4951817989349365] [0.61736243963241577:1.7117466926574707] [0.56646168231964111:1.9959673881530762] [0.4937971830368042:1.8649090528488159] [0:0.26957115530967712] [0:0.32280367612838745] [0:0.36472421884536743] [0:0.57258552312850952] [0:0.50059491395950317] [-0.16409091651439667:0.17131471633911133] [-0.11732283234596252:0.17131471633911133] [-0.11732283234596252:0.17131471633911133] [-0.11732283234596252:0.17131471633911133] [-0.11732283234596252:0.17131471633911133] [0:1] [0:1] [0:1] [0:1] [0:1] [-0.11478264629840851:0.13264167308807373] [-0.24554997682571411:0.20802642405033112] [-0.40848860144615173:0.27287426590919495] [-0.44566619396209717:0.27581575512886047] [-0.96870207786560059:0.33257237076759338] [1:1.6472727060317993] [1:1.9298244714736938] [1:2.2439024448394775] [1:3.3160974979400635] [1:3.3160974979400635] [0.58144122362136841:1] [0.54045307636260986:1] [0.4660193920135498:1] [0.43721681833267212:1] [0.33789625763893127:1] [0.86334514617919922:1.4843636751174927] [0.78309857845306396:1.7869091033935547] [0.69682848453521729:2.054157018661499] [0.62161809206008911:2.423609733581543] [0.56576049327850342:2.3250908851623535] [0.70860719680786133:1.2689855098724365] [0.58504855632781982:1.4057971239089966] [0.49352750182151794:1.5574545860290527] [0.47533980011940002:1.5740000009536743] [0.38890489935874939:1.5950908660888672] [0.20000000298023224:1] [0.10000000149011612:1] [0.05000000074505806:1] [0.033333335071802139:1] [0.01666666753590107:1] [0:1] [0:1] [0:1] [0:1] [0:1] [0.20000000298023224:1] [0.10000000149011612:1] [0.05000000074505806:1] [0.033333335071802139:1] [0.01666666753590107:1] [0.20000000298023224:1] [0.10000000149011612:1] [0.05000000074505806:1] [0.033333335071802139:1] [0.01666666753590107:1] [-0.80000001192092896:0.80000001192092896] [-0.89999997615814209:0.89999997615814209] [-0.94999998807907104:0.94999998807907104] [-0.96666663885116577:0.96666663885116577] [-0.98333334922790527:0.98333334922790527] [-1:1] [-1:1] [-1:1] [-1:1] [-1:1] [-1:1] [-1:1] [-1:1] [-1:1] [-1:1] [0:1] [0:1] [0:0.89999997615814209] [0:0.8888888955116272] [0:0.8888888955116272] [0:1] [0:1] [0:0.89999997615814209] [0:0.8571428656578064] [0:0.8571428656578064] [-1:1] [-1:1] [-0.83333331346511841:0.8888888955116272] [-0.83333331346511841:0.8888888955116272] [-0.83333331346511841:0.8888888955116272] [0:1] [0:1] [0:1] [0:1] [0:1] [0:1] [0:1] [0:1] [0:1] [0:1] [-1:1] [-1:1] [-1:1] [-1:1] [-1:1] [0.20013266801834106:26452.083984375] [0.10012400150299072:23627.859375] [0.050104878842830658:26698.134765625] [0.033777147531509399:28136.5] [0.017187755554914474:26107.111328125] [0.00080492562847211957:59102.5] [0.0021778203081339598:49210.34375] [0.0021778203081339598:56418.4921875] [0.0021778203081339598:57003.12109375] [0.0021778203081339598:42065.70703125] [0:2.2360680103302002] [0:3.1615598201751709] [0:4.4708261489868164] [0:5.4656624794006348] [0:7.5986995697021484] [0:1] [0:1] [0:1] [0:1] [0:1] [0:1] [0:1] [0:1] [0:1] [0:1] [-1:1] [-1:1] [-1:1] [-1:1] [-1:1] [-5.735206127166748:337.23654174804688] [-1.954919695854187:2.1624271869659424] [-3.132145881652832:3.4166228771209717] [-1204.73095703125:4677.0361328125] [-4.2686967849731445:7.5545482635498047]
tree_sizes=3090 3068 3084 3099 3094 3036 3008 2956 3085 3072 3083 2944 3117 3109 3111 3061 3093 3117 3046 3074 3113 3097 3104 3085

Tree=0
num_leaves=31
num_cat=0
split_feature=27 86 25 29 42 6 42 137 41 42 25 10 9 57 36 57 1 29 138 24 36 6 113 36 41 80 7 10 5 46
split_gain=137.883 127.623 97.1662 56.2781 85.6838 71.7141 64.0427 57.4685 52.631 53.5968 51.7788 87.6465 62.2329 62.3955 57.4617 49.8799 70.4052 51.726 49.4953 55.6981 48.5442 44.5747 41.6578 55.1441 41.223 45.5255 40.8031 40.0843 39.0705 38.0817
threshold=0.092328459024429335 -0.58333334326744068 0.012410786934196951 -0.00062755055841989804 -0.077859010547399507 0.15384439378976825 0.12005405128002168 0.52995488047599804 -0.031841535121202462 0.079758316278457655 0.042319050058722503 1.0169082283973696 1.0316528677940371 1.167222857475281 0.053017925471067436 0.88306891918182384 0.03812129236757756 0.010921885725110771 0.49768894910812383 0.025968584232032303 0.8265923559665681 0.36363442242145544 0.60402685403823864 0.88836807012557995 0.041228830814361579 0.37500000000000006 0.017274231649935249 1.0191387534141543 0.013333320152014496 1.0786896347999575
decision_type=8 2 10 10 10 10 10 10 10 10 8 10 10 10 10 8 10 10 10 10 10 10 10 10 10 2 10 10 10 10
left_child=2 18 27 4 5 -4 10 8 -6 -10 12 26 13 -5 -13 21 22 20 -2 -20 -18 -3 23 -17 28 -26 -12 -1 -8 -21
right_child=1 15 3 6 7 -7 24 -9 9 -11 11 14 -14 -15 -16 16 17 -19 19 29 -22 -23 -24 -25 25 -27 -28 -29 -30 -31
leaf_value=0.0015597733332372147 -0.0017726671860481384 -0.013862098706435386 -0.0010024739929116941 -6.1030507113763705e-05 4.4143326217389785e-10 0.0047647753860456899 -0.0043448348012022518 -7.8916732694234211e-05 -0.0020770501432033754 0.016289334065965704 -0.0013261162114278 0.018345441834624464 -0.0069915134146831173 0.006806666609105499 0.0044589149192460634 0.00029281868556417181 0.0013748940535301577 0.014481824432810143 0.00017211893542047794 -0.0062296136550619536 0.010990554523500135 0.0026953176725519412 -0.0037772651750969393 0.014920532898023123 -0.014072088261614742 0.0017079183689035164 0.0030875981925672065 -0.0039090875027216363 0.015432900438707584 0.009828299767434788
leaf_weight=32280 493 357 3397 97925 14357 4279 297 34123 53905 120 5325 293 1132 1185 3714 4011 2729 424 806 102 584 187 2266 230 651 170 2877 1205 103 3577
leaf_count=32280 493 357 3397 97925 14357 4279 297 34123 53905 120 5325 293 1132 1185 3714 4011 2729 424 806 102 584 187 2266 230 651 170 2877 1205 103 3577
internal_value=1.28322e-05 0.00273537 -0.000153 -0.000379536 -0.000862873 0.00217754 8.63881e-05 -0.00109386 -0.00159576 -0.00202469 0.000163763 0.00200739 -5.81459e-05 1.94129e-05 0.00563489 0.000865598 0.00136628 0.00464408 0.00670772 0.00771022 0.00321569 -0.00774482 -0.00047868 0.00122283 -0.00668568 -0.010485 0.000189331 0.0013518 0.000526034 0.00927072
internal_weight=273104 15766 257338 223853 110181 7676 113672 102505 68382 54025 112451 12209 100242 99110 4007 10788 10244 3737 4978 4485 3313 544 6507 4241 1221 821 8202 33485 400 3679
internal_count=273104 15766 257338 223853 110181 7676 113672 102505 68382 54025 112451 12209 100242 99110 4007 10788 10244 3737 4978 4485 3313 544 6507 4241 1221 821 8202 33485 400 3679
is_linear=0
shrinkage=1


Tree=1
num_leaves=31
num_cat=0
split_feature=16 26 39 27 33 64 86 35 49 91 33 118 36 1 120 24 15 37 86 3 80 56 15 2 49 113 23 141 33 17
split_gain=182.169 92.8904 85.5309 77.8895 84.0879 64.4311 60.9303 57.3547 51.7666 81.4632 110.823 50.6114 48.1928 74.808 65.9095 43.1628 43.1359 48.3176 39.9338 37.3263 42.9632 36.9354 35.9357 43.4177 41.8465 55.9262 43.9763 34.8575 36.1067 34.5273
threshold=1.2206377983093264 0.021392118185758594 0.019643191248178486 0.0761079676449299 0.26178121566772466 0.44722221791744238 -0.81666666269302357 0.4955908209085465 0.8330044448375703 0.27119196951389318 0.88040038943290722 0.22047246992588046 0.80461445450782787 0.055469902232289321 0.69607850909233104 0.045104321092367179 1.1616019010543825 0.43854577839374548 -0.58333334326744068 0.0070921881124377259 0.12500000372529033 1.1637761592864992 1.1475881934165957 -0.39130440354347223 0.86216032505035411 0.98000028729438793 0.034211913123726852 0.84728437662124645 0.6713005304336549 0.95938429236412059
decision_type=10 10 10 10 8 10 2 10 10 10 10 10 10 10 10 10 8 10 2 10 2 10 10 10 10 10 10 10 10 10
left_child=1 5 3 4 19 -1 7 -6 9 10 -5 -8 -2 14 21 -15 18 -18 -10 -3 -21 -14 23 29 25 -25 -26 -16 -29 -4
right_child=12 2 22 8 6 -7 11 -9 16 -11 -12 -13 13 15 27 -17 17 -19 -20 20 -22 -23 -24 24 26 -27 -28 28 -30 -31
leaf_value=-0.00023515918383805432 0.0027881948259145832 -0.0011520994614415212 -0.019160344014465071 0.021969192404376604 -0.0049702569342269425 0.0014342838971206358 -0.0010774697373003939 -0.00065754940060020275 0.0040164324172607931 -0.0045528577417495962 -0.0039635353296128386 0.00061030332537579995 0 0.0011610489119936165 -0.0075328607105992129 0.024267107674449773 0.0041788540938018492 -0.0075526764875079805 0.00070109456924406571 -0.0067753399960423172 -0.002098698659800132 0.018864805091984734 0.0026634353521943232 -0.011677165329004377 -0.0024811534828746867 0.0018812797526847414 0.0028898470605494705 -0.0027776914885053869 0.010125937191706553 -0.0034413683966043294
leaf_weight=36536 2063 30855 246 454 3976 47480 20788 9810 4244 264 182 68219 127 125 274 393 407 998 15630 2463 7516 379 1116 897 14816 333 1445 285 424 374
leaf_count=36536 2063 30855 246 454 3976 47480 20788 9810 4244 264 182 68219 127 125 274 393 407 998 15630 2463 7516 379 1116 897 14816 333 1445 285 424 374
internal_value=-2.42158e-05 -0.000120825 -0.000497383 -0.000275558 -0.000532614 0.000704841 -7.19594e-05 -0.0019285 0.00137455 0.00839103 0.0141963 0.000212593 0.00625817 0.00961427 0.00576372 0.0194994 0.0010561 -0.00393281 0.00142748 -0.00168429 -0.00329423 0.0143791 -0.00239245 -0.00272314 -0.0024168 -0.0077951 -0.00198248 0.000831564 0.00459358 -0.0105509
internal_weight=273119 269049 185033 165806 143627 84016 102793 13786 22179 900 636 89007 4070 2007 1489 518 21279 1405 19874 40834 9979 506 19227 18111 17491 1230 16261 983 709 620
internal_count=273119 269049 185033 165806 143627 84016 102793 13786 22179 900 636 89007 4070 2007 1489 518 21279 1405 19874 40834 9979 506 19227 18111 17491 1230 16261 983 709 620
is_linear=0
shrinkage=0.03


Tree=2
num_leaves=31
num_cat=0
split_feature=16 29 57 115 57 0 35 42 17 39 10 51 23 36 140 24 111 61 33 78 45 42 138 15 15 97 17 60 84 78
split_gain=152.89 74.5289 75.0329 67.681 89.177 64.9885 57.6273 61.7798 70.7313 70.4466 76.533 57.6886 52.4732 58.1393 84.9838 48.4385 53.1024 48.1373 46.6984 65.3977 55.4593 44.9962 42.805 41.7027 39.0937 38.3378 37.0483 32.6159 32.5448 32.1627
threshold=1.2206377983093264 -0.0013969257706776259 1.1707749962806704 0.74207225441932689 0.92394757270812999 0.029829532839357856 0.82423430681228649 0.065921377390623107 1.0552440881729128 0.022993783466517929 1.0162225365638735 0.97481110692024242 0.017329806461930278 0.80461445450782787 0.76692378520965587 0.049329595640301711 0.13188406080007556 1.0644010305404665 0.2562058717012406 0.30000000447034841 1.0303369760513308 -0.070793412625789628 0.58936071395874035 0.9279364049434663 0.9157715141773225 0.01513184327632189 1.302364230155945 0.89853191375732433 0.75000000000000011 0.70000001788139354
decision_type=10 8 10 10 8 8 10 10 10 10 10 10 10 10 10 10 2 10 8 10 8 10 10 8 8 10 10 10 2 8
left_child=1 6 3 4 15 28 7 8 9 21 -11 17 -2 -14 -15 22 -17 -8 20 -20 -6 -1 -3 29 -9 -25 -13 -7 -5 -10
right_child=12 2 -4 5 18 27 11 24 23 10 -12 26 13 14 -16 16 -18 -19 19 -21 -22 -23 -24 25 -26 -27 -28 -29 -30 -31
leaf_value=0.0024751968056601322 -0.0014690085075362105 -0.0010750568207887915 0.0042416719398069664 -0.0026355753129867839 0.00054558027260280789 -0.011001457142656447 -0.0028477019943365161 0.019219576762478846 -7.928720953793304e-05 -0.0028775646984577023 -0.01932620916510687 0.0023492042911846243 0.003065378880846987 -0.0013413647134245064 0.014555919512899477 0.012417995568214203 -0.0092239223884980504 0.009703359717830937 -0.00021647652631164569 0.0013534081462310656 -0.0015973195824750595 -0.00032613234783442427 0.0091271445511595817 -0.00096053900323699384 0.00018408878514652741 -0.0029205593463918936 -0.0086938422127212922 0 0.00070584708707997952 0.01625232766638569
leaf_weight=5802 676 385 4335 5815 21920 961 4019 199 164 3732 265 11594 1702 340 1370 116 338 267 41370 55540 21268 45369 2022 16252 235 21852 250 267 4553 177
leaf_count=5802 676 385 4335 5815 21920 961 4019 199 164 3732 265 11594 1702 340 1370 116 338 267 41370 55540 21268 45369 2022 16252 235 21852 250 267 4553 177
internal_value=2.60426e-05 -6.05448e-05 0.00035398 0.000242461 0.000423073 -0.00195525 -0.000661023 -0.000946794 -0.00100304 -0.00030798 -0.00413358 0.000985716 0.00577069 0.00729266 0.0112427 0.00565391 -0.00277071 -0.00195472 0.000313319 0.000680237 -0.000503002 -1.80159e-06 0.00737628 -0.00199197 0.0100353 -0.00209339 0.00207656 -0.00846269 -0.00114081 0.00799756
internal_weight=273155 269067 158890 154555 142959 11596 110177 94047 93613 55168 3997 16130 4088 3412 1710 2861 454 4286 140098 96910 43188 51171 2407 38445 434 38104 11844 1228 10368 341
internal_count=273155 269067 158890 154555 142959 11596 110177 94047 93613 55168 3997 16130 4088 3412 1710 2861 454 4286 140098 96910 43188 51171 2407 38445 434 38104 11844 1228 10368 341
is_linear=0
shrinkage=0.03


Tree=3
num_leaves=31
num_cat=0
split_feature=16 26 27 33 42 64 51 35 82 120 33 30 93 23 1 7 41 12 36 44 38 36 1 85 82 80 23 112 83 23
split_gain=159.305 80.2589 81.0164 80.4517 80.2833 57.0804 50.8282 49.8328 77.4142 47.7163 47.68 48.0797 44.8602 45.1886 69.0151 52.7618 43.1668 41.9546 44.3546 41.0168 42.4348 40.6598 31.3836 30.3127 37.8317 29.8049 29.3504 33.3693 27.8466 26.9372
threshold=1.2394970059394839 0.019933737814426426 0.075317058712244048 0.2562058717012406 0.12005405128002168 0.47499999403953558 0.75565457344055187 0.74131309986114513 0.95833331346511852 0.25574485957622534 0.96601486206054699 -0.0069329803809523574 0.8090224862098695 0.047230407595634467 0.060804652050137527 0.025125644169747833 -0.053020846098661416 0.99448072910308849 0.69723430275917064 1.0387821793556216 -0.0017094038776122031 0.43717427551746374 0.033147407695651061 -0.32500000298023218 0.25833334028720861 0.22500000149011615 0.016468620859086517 -0.18257576227188108 -0.70000001788139332 0.026551869697868827
decision_type=10 10 10 8 10 10 10 10 2 8 10 10 10 10 10 10 10 10 10 10 10 10 10 2 2 2 10 2 10 10
left_child=1 5 3 19 7 -1 -6 8 -5 -9 11 26 13 14 15 -4 -16 -15 -19 20 -3 -14 -22 24 -21 -8 -2 -28 -25 -7
right_child=10 2 12 4 6 29 25 9 -10 -11 -12 -13 21 17 16 -17 -18 18 -20 23 22 -23 -24 28 -26 -27 27 -29 -30 -31
leaf_value=-0.00015170247881450479 0 0.00048209666840058678 -4.2505372751793347e-05 -0.00019372260837846196 -0.00017818914262134945 0.0014903606542778221 -0.025174432755777593 -0.0015969932272014784 -0.0028979959940027967 0.0014122555161725349 -0.0077293196927084038 0.0014393192590141713 -0.00013792037916060269 -0.012483319210767714 0.015576435160695864 0.0039743679733442207 0.0036467474272076014 0.0053409271100058912 -0.009671679131285256 0.0013277356426168833 -0.0023462643164276725 0.0071888934688586975 0.001343862197168305 0.0015847214949670848 -0.0027035479000714507 -0.0048720842620564829 0.016465237208366117 0.0071388081543743301 -0.004748381247461928 0.013454087739805415
leaf_weight=31554 205 11117 20262 78781 308 39233 206 5703 10874 25866 156 878 937 415 397 3396 1168 429 270 2658 15595 1888 2270 599 8458 169 790 1011 7248 157
leaf_count=31554 205 11117 20262 78781 308 39233 206 5703 10874 25866 156 878 937 415 397 3396 1168 429 270 2658 15595 1888 2270 599 8458 169 790 1011 7248 157
internal_value=1.63331e-06 -7.44151e-05 -0.000384271 -0.0006362 -0.000223797 0.000790438 -0.0103395 -0.000162633 -0.000525635 0.000858465 0.00680927 0.0077468 0.00107222 0.000671742 0.000944502 0.000524299 0.00702064 -0.00514723 -0.000148415 -0.00167801 -0.000951326 0.00466939 -0.00185963 -0.00277065 -0.00171202 -0.0174943 0.010318 0.0115305 -0.00422401 0.00155246
internal_weight=272998 269958 199014 169852 121907 70944 683 121224 89655 31569 3040 2884 29162 26337 25223 23658 1565 1114 699 47945 28982 2825 17865 18963 11116 375 2006 1801 7847 39390
internal_count=272998 269958 199014 169852 121907 70944 683 121224 89655 31569 3040 2884 29162 26337 25223 23658 1565 1114 699 47945 28982 2825 17865 18963 11116 375 2006 1801 7847 39390
is_linear=0
shrinkage=0.03


Tree=4
num_leaves=31
num_cat=0
split_feature=16 26 27 33 40 45 40 41 86 44 35 33 30 1 18 38 64 39 33 4 18 1 35 53 33 25 33 25 86 70
split_gain=121.826 88.7564 76.1395 79.5447 63.518 58.2718 83.1245 68.9786 51.7919 51.7688 49.6644 49.6209 58.006 49.5715 48.7876 48.0944 45.8059 41.21 44.61 41.1456 41.009 40.2701 38.9843 39.6717 38.8888 36.3727 49.8713 36.0016 34.0462 33.8856
threshold=1.2206377983093264 0.021769763901829723 0.074487730860710158 0.34483984112739569 0.026447542011737827 1.1177077889442446 -0.02971203904598951 -0.036639105528593056 -0.81666666269302357 1.0409234166145327 0.4955908209085465 0.96601486206054699 -0.0071641574613749972 0.036224953830242164 0.94259545207023632 -0.001645433949306607 0.4083333313465119 0.019643191248178486 0.88932564854621898 0.58620762825012218 1.0396255850791933 0.033147407695651061 0.68111485242843639 1.0465302467346194 0.65942704677581798 0.03077192418277264 0.65942704677581798 0.035754250362515456 0.58333334326744091 0.13333313912153247
decision_type=10 10 10 8 10 10 10 10 2 10 10 10 10 10 10 10 10 10 10 10 10 10 10 10 10 10 10 10 2 10
left_child=1 13 3 9 8 6 20 24 10 15 -5 12 -2 16 -9 -3 -1 -6 -19 25 28 -17 23 -11 -8 -7 -27 -10 -4 -24
right_child=11 2 5 4 17 19 7 14 27 22 -12 -13 -14 -15 -16 21 -18 18 -20 -21 -22 -23 29 -25 -26 26 -28 -29 -30 -31
leaf_value=0 0.0084021678400945255 0.00046157257293324077 0.00082571485064747777 -0.0046870943558843881 -0.00084697480356466957 -0.010017933318021061 -0.01116675987728896 -0.0092332471434585749 1.6183516184878618e-05 -0.0037203774816392671 -0.00048171846902073974 -0.0087022344917058944 0.00045304485240194481 -0.0036783214729574996 0.0016125659117702804 -0.0024277639003829183 0.0013989296573316632 -0.0058991214896947867 0 -0.0081584145298435346 0.014279522174602712 0.0014477057336142777 0.001382660803776675 -0.015810624989784808 0.0006696195483335063 -0.0021000192181423439 0.0030587454363749707 0.0016615730882478671 0.0075895868604338888 -0.0026393437801661961
leaf_weight=37067 2629 12762 1393 3604 10034 327 623 355 56722 11610 9036 190 1324 2257 16425 17085 47983 3829 1634 693 483 2694 2733 249 331 4250 2765 15280 1517 5524
leaf_count=37067 2629 12762 1393 3604 10034 327 623 355 56722 11610 9036 190 1324 2257 16425 17085 47983 3829 1634 693 483 2694 2733 249 331 4250 2765 15280 1517 5524
internal_value=-3.74214e-05 -0.000117239 -0.000495458 -0.000764621 -0.000264592 0.000904115 0.00173668 0.000890559 5.5419e-05 -0.00170938 -0.00170999 0.00505375 0.00583092 0.000667511 0.00135453 -0.000955069 0.000787202 -0.00202959 -0.004136 -0.00124664 0.00604 -0.00188382 -0.00291255 -0.00402568 -0.00682258 -0.000533102 -2.11053e-05 0.000369892 0.00448189 -0.00127172
internal_weight=273408 269265 181958 152796 100139 29162 21127 17734 84642 52657 12640 4143 3953 87307 16780 32541 85050 15497 5463 8035 3393 19779 20116 11859 954 7342 7015 72002 2910 8257
internal_count=273408 269265 181958 152796 100139 29162 21127 17734 84642 52657 12640 4143 3953 87307 16780 32541 85050 15497 5463 8035 3393 19779 20116 11859 954 7342 7015 72002 2910 8257
is_linear=0
shrinkage=0.03


Tree=5
num_leaves=31
num_cat=0
split_feature=16 26 38 26 58 49 49 3 117 49 24 123 50 33 78 46 62 33 27 11 27 121 24 2 40 113 48 121 142 97
split_gain=132.317 66.1793 74.706 90.0544 86.649 83.7875 63.3521 111.003 89.6098 52.5108 53.4947 50.7663 44.5218 43.107 42.1049 70.4647 40.7606 39.6405 39.6245 38.887 55.7544 36.8693 35.7813 64.9635 37.8695 34.8279 31.6663 37.9197 30.9753 41.2832
threshold=1.2394970059394839 0.019933737814426426 -0.00081632685032673169 0.069893267005682005 0.90896162390708934 0.85446846485137951 0.8330044448375703 0.010563364718109371 0.54936933517456066 0.91315093636512767 0.049329595640301711 0.10526307299733163 0.77039915323257457 0.96601486206054699 0.5000000149011613 1.0114613175392153 1.0852662920951845 0.8148995339870454 0.095824528485536589 0.97153580188751232 0.058048976585268981 0.31352818012237554 0.027736262418329719 -0.90909138321876515 -0.034799998626112931 0.83333334326744091 0.91728729009628307 0.64468553662300121 1.9393044710159304 0.18018047511577609
decision_type=10 10 10 10 10 10 10 10 10 10 10 8 10 10 10 10 10 10 10 10 10 10 10 10 10 10 10 10 10 8
left_child=1 11 3 19 5 28 7 8 -6 10 17 -1 -12 16 15 -8 -2 -5 -16 20 -3 -11 24 -24 -21 -9 27 -18 29 -4
right_child=13 2 4 9 6 -7 14 25 -10 21 12 -13 -14 -15 18 -17 26 -19 -20 22 -22 -23 23 -25 -26 -27 -28 -29 -30 -31
leaf_value=0 0.0020126448500277739 -0.0015063420539921882 -0.0084299782183425466 0.0156052109323131 0.02203358049428886 0.0043785580618539823 0.0003949461998740718 0 -0.00084286597390312518 -0.0067506799104058131 -0.0069847257211451833 0.0016198884992283434 0.0074734690294118314 -0.0081800488886520535 -0.00066489998035921941 -0.0026654926127446582 0.001857339078102444 0.0022195329977014711 0.0026523849629517772 0.002776049888845764 0.010692688518620406 0.0029019558082673111 -0.0076788535115091972 -0.00073181510791807782 4.1329204214276833e-05 -0.020808109920926209 0.0077151918582172808 0.028988410019008926 -0.00090977934418496351 -0.03204833162361935
leaf_weight=40777 1073 548 192 829 399 180 9205 117 203 377 297 30124 441 143 67976 23957 102 343 3353 4907 711 2688 1310 15989 64319 103 1553 153 114 188
leaf_count=40777 1073 548 192 829 399 180 9205 117 203 377 297 30124 441 143 67976 23957 102 343 3353 4907 711 2688 1310 15989 64319 103 1553 153 114 188
internal_value=-2.75984e-05 -9.88994e-05 -0.000380581 0.000238556 -0.000925219 -0.0115265 -0.000852347 0.00730515 0.0140581 0.00415698 0.00807545 0.000686351 0.00122838 0.00619056 -0.000920776 -0.00180722 0.00705874 0.0120424 -0.000504058 1.2174e-05 0.00520778 0.00158135 -6.11454e-05 -0.00128347 0.000240255 -0.00955491 0.00983457 0.0201512 -0.0178504 -0.021883
internal_weight=272671 269647 198746 92759 105987 674 105313 822 602 4975 1910 70901 738 3024 104491 33162 2881 1172 71329 87784 1259 3065 86525 17299 69226 220 1808 255 494 380
internal_count=272671 269647 198746 92759 105987 674 105313 822 602 4975 1910 70901 738 3024 104491 33162 2881 1172 71329 87784 1259 3065 86525 17299 69226 220 1808 255 494 380
is_linear=0
shrinkage=0.03


Tree=6
num_leaves=31
num_cat=0
split_feature=16 25 55 49 36 85 85 25 81 42 23 49 30 140 34 4 43 35 12 1 26 113 36 23 69 5 10 31 78 1
split_gain=141.51 80.908 54.1507 88.3003 74.9824 57.7108 54.6685 57.5662 98.485 56.8088 56.7422 55.0715 48.5508 50.1333 45.1377 81.194 82.2734 61.6947 48.3161 41.0124 40.6202 41.7317 34.8271 36.3071 33.5152 38.4754 33.3438 31.8272 30.9993 28.5427
threshold=1.2206377983093264 0.012410786934196951 0.93731585144996654 0.8330044448375703 0.80770382285118114 0.82500001788139354 0.37500000000000006 0.042319050058722503 0.61666667461395275 -0.077859010547399507 0.0083423661999404448 0.87457564473152172 -0.0069329803809523574 0.82000133395195018 0.51552367210388195 0.40000240504741674 1.0246306061744692 0.7764699161052705 0.99101302027702343 0.018544884398579601 0.046242590993642814 0.91666629910469066 0.80461445450782787 0.016468620859086517 0.95370346307754528 0.0096286037005484122 1.0191387534141543 0.00078220220166258525 0.30000000447034841 0.041100084781646735
decision_type=10 10 10 10 10 2 2 10 2 10 10 10 10 10 10 10 10 10 10 10 10 10 10 10 10 10 10 8 10 10
left_child=1 26 4 14 5 20 9 11 -9 10 -5 -8 13 -2 18 17 -17 -16 -4 -11 28 -22 -15 -24 -6 -26 -1 -28 -3 -20
right_child=12 2 3 6 24 -7 7 8 -10 19 -12 -13 -14 22 15 16 -18 -19 29 -21 21 -23 23 -25 25 -27 27 -29 -30 -31
leaf_value=0.0015215172389614322 0.00011509258662208782 -0.0016274018692342734 -0.014520741705827775 0.015850951140143853 -0.0021557362372986969 -0.016717719098663694 0.010039639503974091 0.0018341418014711413 0.018640002341626535 -0.00019502466040313682 0.0013278252121586721 -1.0913649000227502e-05 0.00045638412102947334 0.0048699231513702514 0.020666540571707769 -0.016266965951996722 0.014211588407383778 -0.00024082304600968346 -0.001850638900825288 -0.0012118225610601864 -0.016528839136685763 0 0 0.01547679463895555 5.6000583184262118e-05 0.023531307262610497 -0.006528193324191211 0.0029778978121656999 0.015014387267737054 0.017437356456182898
leaf_weight=32973 657 381 135 235 355 515 474 11739 308 72460 8361 65477 1255 894 549 155 122 127 100 71978 303 241 157 1060 178 107 892 421 107 100
leaf_count=32973 657 381 135 235 355 515 474 11739 308 72460 8361 65477 1255 894 549 155 122 127 100 71978 303 241 157 1060 178 107 892 421 107 100
internal_value=5.12137e-05 -3.1467e-05 -0.000231605 -0.000185816 -0.00491402 -0.00851079 -0.000231062 0.000413063 0.00231885 -0.000561329 0.00179555 5.97955e-05 0.00562247 0.00783708 0.00758018 0.0108892 -0.00178005 0.0164136 -0.00107129 -0.000703901 -0.00389014 -0.0094799 0.010076 0.0135172 0.00331994 0.0108182 0.00132802 -0.00325616 0.00187842 0.00713821
internal_weight=272816 268793 234507 232320 2187 1547 231032 77998 12047 153034 8596 65951 4023 2768 1288 953 277 676 335 144438 1032 544 2111 1217 640 285 34286 1313 488 200
internal_count=272816 268793 234507 232320 2187 1547 231032 77998 12047 153034 8596 65951 4023 2768 1288 953 277 676 335 144438 1032 544 2111 1217 640 285 34286 1313 488 200
is_linear=0
shrinkage=0.03


Tree=7
num_leaves=31
num_cat=0
split_feature=16 25 86 55 49 10 33 40 41 51 46 19 126 105 23 30 59 12 10 79 1 122 122 83 11 119 1 1 51 85
split_gain=116.136 71.1305 67.3816 67.3488 71.1555 58.0028 62.3728 52.2193 61.5206 46.2951 44.7566 47.6844 43.7608 52.128 42.8018 39.1872 38.4618 38.4016 42.2162 33.8793 30.325 66.0962 31.432 29.4032 28.3854 52.6871 30.6026 28.0928 30.9063 25.9362
threshold=1.2394970059394839 0.012410786934196951 0.81666666269302379 0.93731585144996654 0.8330044448375703 1.0077120661735537 0.90932521224021923 -0.033931845799088471 -0.0374193787574768 0.80077409744262706 1.0037141442298891 0.95909300446510326 0.25000001490116125 0.34166666865348821 0.043943552300333984 -0.010216695722192524 0.87291401624679577 1.0204320549964907 1.0198371410369875 0.65000000596046459 0.051660547032952316 0.62848302721977245 0.62285074591636669 -0.70000001788139332 0.98799082636833202 0.68585437536239635 0.019120405428111557 0.018259963952004913 0.96984371542930614 0.87500000000000011
decision_type=10 10 2 10 10 10 10 10 10 10 10 10 10 2 10 10 10 10 10 2 10 10 10 10 10 10 10 8 8 2
left_child=1 27 3 16 5 14 -7 12 9 -9 19 -12 -4 -14 -5 20 -3 18 -10 -6 22 -22 -2 -15 -17 26 -26 -1 -29 -18
right_child=15 2 7 4 10 6 -8 8 17 -11 11 -13 13 23 -16 24 29 -19 -20 -21 21 -23 -24 -25 25 -27 -28 28 -30 -31
leaf_value=0.0016536756072270194 0.011307414056360722 -0.018100231159358587 0 0.01874579438983898 0.0015290529839210442 0.0052387139772224773 -0.017525620818646115 -0.021971461853284514 0.00084753430074650143 0 -0.002998237494821105 -0.00036319200234987607 -0.0017025898754315632 0.002205356148973344 -3.8711335659027099e-05 -0.0016731082255647058 0 -0.012362701265308796 0.0050760329059614919 0.010551697435295757 0.0045558950843900122 0.023954665048140217 -0.001191935283686256 0.019355703932967393 0 -0.00015779971745586032 0.017581650976671054 0.0015175927573408299 -0.0026209454589567627 -0.011799298414197844
leaf_weight=28001 280 252 406 402 5095 557 112 158 14827 209 6397 202366 167 169 105 722 526 158 2531 405 404 323 358 462 109 511 332 3174 3208 234
leaf_count=28001 280 252 406 402 5095 557 112 158 14827 209 6397 202366 167 169 105 722 526 158 2531 405 404 323 358 462 109 511 332 3174 3208 234
internal_value=3.37094e-05 -3.10562e-05 -0.000218238 -0.000370068 -0.00033196 0.00695254 0.000594131 0.00148643 0.00105529 -0.0106946 -0.000373987 -0.000445653 0.00752319 0.0115255 0.0144324 0.00584679 -0.00802833 0.00133051 0.00148649 0.00228362 0.00966774 0.0139868 0.0040147 0.015432 0.00247669 0.00590222 0.0132771 0.00124188 -0.000517529 -0.00392561
internal_weight=272960 269921 235538 216451 215439 1176 669 19087 17883 367 214263 208763 1204 798 507 3039 1012 17516 17358 5500 1365 727 638 631 1674 952 441 34383 6382 760
internal_count=272960 269921 235538 216451 215439 1176 669 19087 17883 367 214263 208763 1204 798 507 3039 1012 17516 17358 5500 1365 727 638 631 1674 952 441 34383 6382 760
is_linear=0
shrinkage=0.03


Tree=8
num_leaves=31
num_cat=0
split_feature=22 29 57 40 41 71 26 137 10 116 51 41 26 10 123 10 27 83 29 105 159 54 4 35 85 18 28 58 84 43
split_gain=88.4193 81.1836 80.2512 61.6098 81.1435 67.0846 60.639 59.6101 56.5156 56.3631 66.1769 56.0987 69.6099 51.5848 51.3582 49.8505 45.214 44.1825 44.1473 47.525 40.7351 38.4492 54.3417 38.2032 51.4983 36.9957 36.8489 92.9206 72.4111 38.3342
threshold=1.1661723852157595 -0.0011563174775801597 1.1707749962806704 -0.028458484448492524 -0.039029836654663079 0.56862738728523265 0.021392118185758594 0.54424685239791881 1.0355787277221682 0.33832040429115301 0.9373396933078767 -0.031841535121202462 0.030101267620921138 1.0203437805175783 -0.41935375332832331 1.016392767429352 0.047465292736887939 -0.3000000044703483 -0.0030129344668239351 0.48684211075305944 0.016842523589730266 0.99127179384231578 0.33333723247051245 0.79886817932128917 0.42499999701976782 1.0176748633384707 -0.02607801184058189 1.043700158596039 -0.74999999999999989 1.0803003907203677
decision_type=8 8 10 10 10 10 10 10 10 10 8 10 10 10 8 8 10 10 10 2 8 10 10 10 2 8 8 10 2 10
left_child=1 7 3 5 16 8 13 11 -3 10 -2 17 25 -6 26 -8 -5 -1 19 -19 -16 22 -4 24 -14 -13 27 28 -12 -28
right_child=9 2 21 4 6 -7 15 -9 -10 -11 14 12 23 -15 20 -17 -18 18 -20 -21 -22 -23 -24 -25 -26 -27 29 -29 -30 -31
leaf_value=0.00078381711210039073 0.01662001891238174 0.0012505120588189801 0.003642415623698725 0.0033914583229400605 0.0011772165551569465 0.0049808427486253484 -0.00064398381910286636 0.00026410802545160961 -0.010369187316857278 -0.00018552726990015366 -0.018826002135201421 -0.00041512565969090137 -0.0043659293815977336 -0.0036334441437670755 -0.0087668407324581876 0.0011792738987644884 -0.013030320521715837 -0.012852461960879474 0.004666497658241983 -0.0018490251916908492 0.0080749834520356025 0.005901069305558837 -0.012082800591176829 -0.0010864403718088113 0.00045521057096795673 -0.0038197268147108819 0.0021356280197894926 0.014996523423112553 0.0042930065719365999 0.01153831975887913
leaf_weight=16263 458 1444 622 153 49542 4737 73799 37833 475 1982 238 30429 14219 2044 409 16413 626 591 384 1049 151 3343 261 7778 2186 3200 728 218 188 1170
leaf_count=16263 458 1444 622 153 49542 4737 73799 37833 475 1982 238 30429 14219 2044 409 16413 626 591 384 1049 151 3343 261 7778 2186 3200 728 218 188 1170
internal_value=-1.6106e-05 -9.50673e-05 0.000354029 0.00023616 0.000102076 0.0030545 0.000157854 -0.000702559 -0.00154822 0.00372633 0.00597689 -0.00118703 -0.0016457 0.000979455 0.00421297 -0.000308751 -0.00942536 0.000246829 -0.00388659 -0.00610209 -0.00358647 0.00442498 -0.000838135 -0.0028771 -0.00370547 -0.000750087 0.00606286 0 -0.00821561 0.0081481
internal_weight=272933 267391 153459 149233 142577 6656 141798 113932 1919 5542 3560 76099 57812 51586 3102 90212 779 18287 2024 1640 560 4226 883 24183 16405 33629 2542 644 426 1898
internal_count=272933 267391 153459 149233 142577 6656 141798 113932 1919 5542 3560 76099 57812 51586 3102 90212 779 18287 2024 1640 560 4226 883 24183 16405 33629 2542 644 426 1898
is_linear=0
shrinkage=0.03


Tree=9
num_leaves=31
num_cat=0
split_feature=16 29 40 115 14 28 41 85 50 21 61 41 1 114 0 79 46 124 87 73 42 23 36 140 3 40 3 138 1 6
split_gain=110.497 64.8602 88.1551 66.6195 74.2677 101.135 64.9809 60.9718 57.0224 56.3694 55.583 54.2624 116.197 52.383 52.1464 46.4385 44.5587 42.7605 43.9784 41.385 41.1763 38.7227 44.7176 62.6694 37.957 37.6083 35.1718 34.4711 34.4203 33.7364
threshold=1.2206377983093264 -0.0015410915948450563 -0.029080298729240891 0.74207225441932689 0.9111917018890382 0.011475408915430309 -0.0374193787574768 0.67499998211860668 0.95221486687660228 1.008698642253876 0.86075952649116527 -0.030649034306406971 0.018639719113707546 0.87898090481758129 0.029829532839357856 0.84999999403953563 1.069396495819092 0.17138372361660006 -0.22500000149011609 0.5000000149011613 0.065921377390623107 0.017329806461930278 0.80461445450782787 0.82000133395195018 0.012077321298420431 -0.015553535893559454 0.0066411162260919818 0.83506447076797496 0.057770330458879478 0.066667936742305769
decision_type=10 8 8 10 8 10 8 2 10 10 8 10 10 10 8 2 10 10 2 10 10 10 10 10 10 10 10 10 10 10
left_child=1 11 9 4 5 13 8 -7 -6 17 -8 15 -13 -4 25 16 24 18 19 -3 -14 -2 29 -24 -1 26 -5 -18 -20 -23
right_child=21 2 3 14 6 7 10 -9 -10 -11 -12 12 20 -15 -16 -17 27 -19 28 -21 -22 22 23 -25 -26 -27 -28 -29 -30 -31
leaf_value=0.0049610388283032533 -0.0012809083137208604 0.005470853467952513 0.0089213717581176338 -0.0016730404953317094 -0.013039688351551962 0.002713527734326383 0.0053128325926273777 -0.0067890254921141443 0 -0.0028551972006920666 0.00018916539904686178 1.523997323664793e-05 -0.002392301196831753 -0.00015332398150688726 -0.0077492487818707481 0.0010735466673209653 -0.0062298165806041793 0.0011761911431952428 0.0075704225904172518 -0.00765392464358666 0.0081808324455393145 0.0085992039917213714 0.00027209403648511198 0.013387993096020807 -0.010354018006122337 -0.00070403575235062428 -0.015615506764303689 -0.0005080740183419269 0.021175491475999238 -0.00015731715844594874
leaf_weight=1078 676 631 2681 475 603 1572 1919 949 513 925 135336 42362 35949 644 1275 22962 2108 1975 2412 296 303 533 515 1197 139 9372 291 1939 203 1172
leaf_count=1078 676 631 2681 475 603 1572 1919 949 513 925 135336 42362 35949 644 1275 22962 2108 1975 2412 296 303 533 515 1197 139 9372 291 1939 203 1172
internal_value=9.6476e-06 -6.38862e-05 0.000313146 0.000168544 0.00034503 0.00365431 0.000202541 -0.000770811 -0.00693345 0.00374878 0.00026375 -0.000638588 -0.00104485 0.00708365 -0.00203203 0.000482221 -0.00203472 0.00491652 0.00689958 0.000890059 -0.0022912 0.00489061 0.00619918 0.00966441 0.00283018 -0.00126963 -0.00761397 -0.00357816 0.00889313 0.00247411
internal_weight=273005 268912 162072 155630 144217 5846 138371 2521 1116 6442 137255 106840 78614 3325 11413 28226 5264 5517 3542 927 36252 4093 3417 1712 1217 10138 766 4047 2615 1705
internal_count=273005 268912 162072 155630 144217 5846 138371 2521 1116 6442 137255 106840 78614 3325 11413 28226 5264 5517 3542 927 36252 4093 3417 1712 1217 10138 766 4047 2615 1705
is_linear=0
shrinkage=0.03


Tree=10
num_leaves=31
num_cat=0
split_feature=16 25 40 36 18 60 38 48 49 44 42 10 41 34 38 52 109 1 140 36 124 60 13 71 24 38 57 1 16 33
split_gain=87.7759 84.7861 46.1791 87.6031 65.4544 72.0208 46.271 79.9856 50.8596 45.6987 50.2051 49.9134 44.9251 44.0226 39.7588 56.7308 36.7205 62.7315 34.9697 37.3457 49.3232 43.8207 33.8608 57.0179 30.9047 30.4755 39.7114 34.0657 29.2794 30.4402
threshold=1.2206377983093264 0.012410786934196951 -0.030343431979417797 0.81698989868164074 1.024536728858948 1.0340443849563601 -0.0015779093955643473 0.85566958785057079 0.81136205792427074 1.0405647158622744 -0.072938788682222352 1.0217581987380984 -1.0000000180025095e-35 0.87956127524375927 -0.0011431621387600897 0.97945204377174389 0.18333333730697635 0.057770330458879478 0.72992762923240673 0.81698989868164074 -0.42222225666046137 1.0453408360481264 1.1147735714912417 0.11450397223234178 0.047748180106282241 -0.014360066037625073 0.9617179036140443 0.057770330458879478 1.0977731943130495 0.89252814650535595
decision_type=10 10 10 10 10 10 8 10 10 10 10 10 10 10 10 10 2 10 10 10 10 10 8 10 10 10 10 10 10 10
left_child=1 -1 3 22 6 12 9 -8 -9 11 -11 -4 -6 14 18 24 17 -5 -2 -20 21 -21 25 -24 -16 27 -27 -3 -7 -30
right_child=13 2 4 16 5 28 7 8 -10 10 -12 -13 -14 -15 15 -17 -18 -19 19 20 -22 -23 23 -25 -26 26 -28 -29 29 -31
leaf_value=0.0013083585820104103 -0.0062581971964820399 -0.0047386798252966539 0.0004302115157748381 0.0069758056896373965 -0.0075764582374760209 0.0036628828802133429 -0.013194066035276413 0.0099559318906888728 -0.00067491777279228419 0.0039596755652368375 -0.0011596672831788669 0.0035371480432422001 0.0012408073573422274 0.012366635697373568 -0.001762203268793309 -0.0107262565748021 0.0012288902778380046 0.028945608050455526 0.0030588251452275993 -0.010542346943679842 0.020061158293661851 0.010580529981919823 0.00087405459704806873 -0.011880402244225711 0.0072620527191244273 -0.0072543380324909664 0.001385680049453521 0.0040819602068990863 0.00095150279966504448 -0.0063450960252823948
leaf_weight=34354 153 1658 48803 1295 3108 1201 441 383 124510 1815 24323 5181 550 540 634 355 867 127 1026 106 369 236 674 512 622 464 16282 463 1052 884
leaf_count=34354 153 1658 48803 1295 3108 1201 441 383 124510 1815 24323 5181 550 540 634 355 867 127 1026 106 369 236 674 512 622 464 16282 463 1052 884
internal_value=-1.43809e-05 -8.15705e-05 -0.000286486 0.0010063 -0.000424062 -0.00332142 -0.000326464 -0.000686996 -0.000638326 0.000233799 -0.00078996 0.000735148 -0.00616963 0.0043619 0.0029788 -0.000314279 0.00654752 0.00952024 0.00591672 0.0072189 0.0125637 0.0029842 0.00035294 -0.00448904 0.00251548 0.000677627 0.00112002 -0.00265293 0 -0.00225765
internal_weight=272988 268947 234593 22342 212251 6795 205456 125334 124893 80122 26138 53984 3658 4041 3501 1611 2289 1422 1890 1737 711 342 20053 1186 1256 18867 16746 2121 3137 1936
internal_count=272988 268947 234593 22342 212251 6795 205456 125334 124893 80122 26138 53984 3658 4041 3501 1611 2289 1422 1890 1737 711 342 20053 1186 1256 18867 16746 2121 3137 1936
is_linear=0
shrinkage=0.03


Tree=11
num_leaves=31
num_cat=0
split_feature=16 25 86 55 14 38 40 38 79 53 34 83 42 23 86 1 124 111 24 17 52 33 11 23 141 21 38 124 137 59
split_gain=102.604 62.5947 56.8608 79.409 70.2863 56.9804 52.4767 57.5286 62.1303 49.436 46.8733 43.6052 41.4416 56.7116 44.5127 37.6807 46.846 41.1103 44.5455 36.4608 35.8993 44.6368 31.5625 29.6707 27.2134 32.2134 26.9832 26.5981 26.5227 24.8998
threshold=1.2206377983093264 0.012410786934196951 0.81666666269302379 0.93731585144996654 0.87782910466194164 -0.0085295797325670702 -0.041960727423429482 -0.022880334407091137 0.15000000223517421 1.0038992166519167 0.87956127524375927 -0.70000001788139332 -0.077859010547399507 0.0083423661999404448 -0.81666666269302357 0.055469902232289321 -0.31297709047794336 -0.16954023391008374 0.045104321092367179 1.0601355433464053 0.7320179045200349 0.52104809880256664 0.98563537001609813 0.016238090582191948 0.94612154364585888 1.1250088810920718 -0.0072103270795196286 -0.70212748646736134 1.0459232926368716 1.0351116657257082
decision_type=10 10 2 10 8 10 10 10 2 8 10 10 10 8 2 10 10 2 10 10 10 10 10 10 10 10 10 10 10 10
left_child=1 -1 3 26 5 -5 11 8 -8 -7 15 -4 13 -6 -14 16 24 18 -17 23 -13 -22 -18 -9 -2 -26 -3 29 -24 -12
right_child=10 2 6 4 12 9 7 19 -10 -11 27 20 14 -15 -16 17 22 -19 -20 -21 21 -23 28 -25 25 -27 -28 -29 -30 -31
leaf_value=0.0010902428217565868 -0.0069469142887064661 0 -0.0020132216362225546 0.018808958828682078 0.015353631894210015 0.0058880783401468054 -0.027909163608856032 0.00039148257949558229 0 -0.011603545105603418 -0.0018679584682298202 0.021663729400671738 -0.0017255243937525447 0.0011075947459217319 -0.00034707508526907042 0 0 0.00021639470899574153 0.017350974032489735 -0.0050897050509452323 -0.00865319246381876 0.012992006755243953 0.01504071468494987 0.0029611100689243479 -0.0055012190061794856 0.006010317006139511 -0.011199549807856811 0.019747494196975215 0 0.014245384746955499
leaf_weight=34323 620 196 188 260 244 853 108 10214 131 147 160 249 24061 8752 180548 158 447 443 465 763 106 203 378 7053 341 504 801 268 191 115
leaf_count=34323 620 196 188 260 244 853 108 10214 131 147 160 249 24061 8752 180548 158 447 443 465 763 106 203 378 7053 341 504 801 268 191 115
internal_value=-3.13791e-05 -0.000104284 -0.000280197 -0.000419816 -0.000378737 0.00661641 0.0012878 0.000945793 -0.013002 0.00284559 0.00467131 0.00902834 -0.000422019 0.00156047 -0.000510793 0.00325901 0.00106837 0.00796769 0.0128347 0.0011615 0.0132084 0.00458029 0.00603721 0.00146066 -0.00221048 0.000998227 -0.00879646 0.0129204 0.0105989 0.00436235
internal_weight=273290 269200 234877 215862 214865 1260 19015 18269 239 1000 4090 746 213605 8996 204609 3547 2481 1066 623 18030 558 309 1016 17267 1465 845 997 543 569 275
internal_count=273290 269200 234877 215862 214865 1260 19015 18269 239 1000 4090 746 213605 8996 204609 3547 2481 1066 623 18030 558 309 1016 17267 1465 845 997 543 569 275
is_linear=0
shrinkage=0.03


Tree=12
num_leaves=31
num_cat=0
split_feature=16 47 37 120 57 0 138 2 40 34 76 82 38 53 35 14 20 86 8 8 13 52 1 24 11 84 48 26 40 26
split_gain=77.5723 56.4993 57.0166 53.1451 56.1565 53.9801 48.363 47.9575 46.8274 45.8029 45.1097 44.4839 42.9831 47.1148 42.3169 83.1098 66.2395 63.4034 59.5466 80.5149 54.2741 54.0043 52.9748 49.0009 46.5344 36.9873 44.2164 38.0566 35.1434 34.2534
threshold=1.2206377983093264 1.0824294686317446 0.85078144073486339 0.25574485957622534 0.92394757270812999 0.029829532839357856 0.58936071395874035 0.9302317500114442 -0.056817302480339997 0.87956127524375927 0.050000002607703216 0.14166667312383655 -0.018661867827177044 0.9966220259666444 0.46341206133365637 0.91430118680000316 0.92615920305252086 -0.81666666269302357 -0.77777925133705128 0.66666468977928173 1.1029161214828493 0.78372988104820263 0.016304305754601959 0.053123867139220245 0.98514285683631908 0.84999999403953563 0.97961786389350902 0.021392118185758594 -0.032377017661929124 0.029274290427565578
decision_type=10 8 8 8 10 10 10 10 8 10 2 2 10 10 10 8 8 2 10 10 8 8 10 10 10 2 10 10 8 10
left_child=1 3 14 5 6 -1 -5 8 11 -2 -10 -4 -8 -14 15 18 -16 22 -3 -20 -19 24 -17 -23 -18 26 27 -6 -28 -12
right_child=9 2 7 4 25 -7 12 -9 10 -11 29 -13 13 -15 16 17 21 20 19 -21 -22 23 -24 -25 -26 -27 28 -29 -30 -31
leaf_value=-0.00078927294346922119 0.0027494469168625542 0.02231350895635591 0.00078315722786238503 -0.0037423819433832356 0.00073606424832386465 -0.0075466922086752791 -0.0075935420426312926 0.011754768069861969 0.0029868190765191872 0.012349061150763072 0.0026633635993955377 0.020778965235497996 0.0028745543315135394 0.012119105509126522 -0.0091894926137237425 -5.7293245733262997e-05 0.010192916505797747 -0.00090909824810863043 -0.0020460629891864827 0.011878323515509624 -0.0080615622585847365 -0.00027387016035899898 -0.0061044698725378271 0.0055977498671186616 0.00035210747072820039 0.0025549148721527655 0.0037974229050135289 -0.00094785544339387494 0.00072798377210534686 -0.0020826709699004165
leaf_weight=9755 3523 154 258 443 19680 1201 144 382 4684 532 1806 191 1112 1099 693 2011 837 54245 928 573 965 60760 4309 1284 1011 7414 3631 30803 53531 5121
leaf_count=9755 3523 154 258 443 19680 1201 144 382 4684 532 1806 191 1112 1099 693 2011 837 54245 928 573 965 60760 4309 1284 1011 7414 3631 30803 53531 5121
internal_value=2.8184e-05 -3.29347e-05 -0.000450647 0.000419412 0.000607106 -0.00156976 0.00480384 0.0014792 0.00110996 0.00413693 0.000705553 0.0104522 0.00655576 0.00767157 -0.000641121 -0.0011934 -9.59696e-05 -0.00137637 0.00536521 0.00315857 -0.00104242 8.13458e-07 -0.00423385 -0.000145759 0.00503124 0.000501626 0.000356972 -0.000285434 0.000929465 -0.000798001
internal_weight=273080 269025 140212 128813 117857 10956 2798 12442 12060 4055 11611 449 2355 2211 127770 63185 64585 61530 1655 1501 55210 63892 6320 62044 1848 115059 107645 50483 57162 6927
internal_count=273080 269025 140212 128813 117857 10956 2798 12442 12060 4055 11611 449 2355 2211 127770 63185 64585 61530 1655 1501 55210 63892 6320 62044 1848 115059 107645 50483 57162 6927
is_linear=0
shrinkage=0.03


Tree=13
num_leaves=31
num_cat=0
split_feature=16 46 40 25 32 53 86 42 4 23 86 43 35 86 30 73 44 99 25 29 41 115 30 140 106 83 10 49 69 36
split_gain=101.384 54.5823 69.0739 60.5448 52.1557 62.7925 49.7529 48.2458 69.6209 52.6652 50.3398 54.5175 53.6704 46.9083 73.1699 55.0135 45.8387 39.3368 46.9035 51.7529 40.9922 42.4595 39.182 49.6911 34.4909 33.3986 31.7924 31.3873 29.4785 28.73
threshold=1.2206377983093264 1.0748502612113955 -0.029080298729240891 0.013636420015245678 -0.0049950752872973672 0.99464884400367748 -0.88333332538604725 -0.075341708958148942 0.41666708886623388 0.0083423661999404448 -0.81666666269302357 1.1307523846626284 0.55302762985229503 -0.58333334326744068 -0.0065398823935538522 0.90000000596046459 1.0120506286621096 0.5634920895099641 0.025473547168076042 0.012057486455887558 -0.039029836654663079 0.74207225441932689 -0.0069329803809523574 0.81253799796104442 0.5962963104248048 -0.50000001490116108 1.0311891436576845 0.91467267274856578 0.32558155059814459 0.85577198863029491
decision_type=10 8 10 10 8 8 2 8 10 10 2 10 10 2 10 10 10 2 10 10 10 10 10 10 2 10 10 10 10 10
left_child=1 2 29 -4 13 6 -6 8 9 -7 12 -12 -9 14 28 25 -17 18 26 -20 -19 -22 23 -2 -25 -16 -5 -26 -3 -1
right_child=22 4 3 17 5 7 -8 10 -10 -11 11 -13 -14 -15 15 16 -18 20 19 -21 21 -23 -24 24 27 -27 -28 -29 -30 -31
leaf_value=0.0022018521206964839 -0.00017979767040920879 -0.0079266658336894606 0.0011258666967579572 -0.00018036294596852681 0.0042149098714066718 0.017946412499644512 -0.0045596741904489705 -0.0043041594439595663 -0.0034636363390113042 0.0022828635695575253 -0.00032398587509014634 -0.012654407075834833 -0.00093634328990844519 -0.00024514876364454012 0.0041648049771091057 0.013279977110962914 -0.0060371838789725187 -0.011944591336592566 -0.0025476507517126368 0.0065460991473917504 0.000831592930210304 -0.0014330808541439732 4.2183954145438527e-05 0.0026516451149998488 0.020490196878101084 0.017284368145051781 -0.0072170927574411415 0.0084496586361811274 0.0026385922080506851 0.0079152366446269638
leaf_weight=7731 663 337 40095 49584 596 186 5725 6836 2006 7441 61535 306 12118 2900 346 148 299 220 14502 550 43793 8883 1282 713 310 675 568 1177 651 934
leaf_count=7731 663 337 40095 49584 596 186 5725 6836 2006 7441 61535 306 12118 2900 346 148 299 220 14502 550 43793 8883 1282 713 310 675 568 1177 651 934
internal_value=4.53493e-07 -7.03679e-05 0.000262673 0.00011767 -0.000617506 -0.000779483 -0.00367433 -0.000573046 0.0014205 0.00275002 -0.000814737 -0.00039392 -0.00217006 0.0022446 0.00528385 0.00950412 1.10803e-05 -0.000222206 -0.000716854 -0.00218722 0.00038191 0.000443598 0.00464629 0.00658927 0.0087476 0.013292 -0.000268883 0.0113975 -0.000753298 0.00286905
internal_weight=273110 268965 166860 158195 102105 96749 6321 90428 9633 7627 80795 61841 18954 5356 2456 1468 447 118100 65204 15052 52896 52676 4145 2863 2200 1021 50152 1487 988 8665
internal_count=273110 268965 166860 158195 102105 96749 6321 90428 9633 7627 80795 61841 18954 5356 2456 1468 447 118100 65204 15052 52896 52676 4145 2863 2200 1021 50152 1487 988 8665
is_linear=0
shrinkage=0.03


Tree=14
num_leaves=31
num_cat=0
split_feature=16 25 39 27 67 27 79 33 44 27 102 43 114 82 74 16 121 29 53 111 37 41 33 33 35 23 0 60 37 39
split_gain=81.6743 63.087 47.8783 54.3053 45.8125 45.5019 43.4757 43.1815 58.7842 48.3731 47.6781 44.349 44.3447 41.7573 41.3915 55.7738 41.4177 40.7994 40.7472 38.1609 35.4247 51.3001 37.6993 34.9996 32.0917 41.3312 31.1074 29.759 25.7396 26.0593
threshold=1.2394970059394839 0.012410786934196951 0.023679794743657116 0.073694020509719863 0.075235851109027876 0.023800524882972244 0.45000000298023229 0.37253709137439733 1.0387821793556216 0.034745140001177795 0.53529900312423717 1.1307523846626284 0.48148144781589514 0.42499999701976782 0.25000000745058065 1.1702715158462527 0.74748593568801891 -0.015768441371619698 1.0359762310981753 0.097619049251079573 0.84724488854408275 0.062723249197006239 0.85658830404281627 0.97387737035751354 0.61996904015541088 0.016129424795508388 -0.0021977900760248299 0.85410505533218395 0.65855157375335704 -0.012000935617834328
decision_type=10 10 10 10 10 10 2 8 10 10 2 10 10 2 2 10 10 10 10 2 10 10 10 10 10 10 10 10 8 10
left_child=1 28 3 7 14 13 18 8 9 -3 11 -9 -10 -4 16 -16 -5 26 -6 -8 22 -22 -19 24 -2 -26 -7 -12 29 -1
right_child=23 2 5 4 6 17 19 10 12 -11 27 -13 -14 -15 15 -17 -18 20 -20 -21 21 -23 -24 -25 25 -27 -28 -29 -30 -31
leaf_value=-0.0030802093074544243 0.00097851294328295648 0.00082883810770748988 -0.00067053183760348118 -0.0048602888983438246 0.0012378841843632919 -0.007286102846808677 0.0047999080189760441 -0.00010750500378012566 -0.001362349335150784 -0.0011188027892698601 -0.0052417279243458965 -0.0089770170721296515 -0.0045773659180945326 0.016105208471388077 -0.0021518997480291496 0.0089625573384352203 0.0078975403560937185 -0.0042056761712583888 -0.0038041221197910907 0.00073421169361661176 0.003175766548417917 -0.0081043478428867895 0 -0.010307241308037191 -0.0030733456216622754 0.0094818092454265184 0.0078855638685158616 0.0017685411782291834 0.0025181057673573175 0.00092124663906608089
leaf_weight=1516 1053 21463 229 2649 11683 117 5835 105406 19703 24473 524 491 4976 218 965 643 216 8582 1607 3530 1770 429 2425 100 224 1710 565 16968 9616 23111
leaf_count=1516 1053 21463 229 2649 11683 117 5835 105406 19703 24473 524 491 4976 218 965 643 216 8582 1607 3530 1770 429 2425 100 224 1710 565 16968 9616 23111
internal_value=4.50434e-05 -9.55811e-06 -0.000185661 -7.52506e-05 0.00117953 -0.00186548 0.00173352 -0.000252359 -0.00084427 -0.0002023 8.40409e-05 -0.000153149 -0.00202592 0.00720787 -0.0015548 0.00216373 -0.00374637 -0.00218903 0.000600875 0.0033042 -0.00257522 0.000786737 -0.00327429 0.00488146 0.0055549 0.00785754 0.00472202 0.00153566 0.00119203 0.000660452
internal_weight=272797 269710 235467 221132 27128 14335 22655 194004 70615 45936 123389 105897 24679 447 4473 1608 2865 13888 13290 9365 13206 2199 11007 3087 2987 1934 682 17492 34243 24627
internal_count=272797 269710 235467 221132 27128 14335 22655 194004 70615 45936 123389 105897 24679 447 4473 1608 2865 13888 13290 9365 13206 2199 11007 3087 2987 1934 682 17492 34243 24627
is_linear=0
shrinkage=0.03


Tree=15
num_leaves=31
num_cat=0
split_feature=32 47 115 57 120 38 0 38 123 37 74 30 161 54 3 86 35 13 38 32 13 60 119 123 86 5 13 25 122 84
split_gain=67.7163 62.163 52.3618 87.658 50.8052 49.272 43.1392 42.8874 44.7214 42.1307 42.1082 53.1268 41.7356 51.3219 46.4973 41.6548 43.0758 40.7753 50.0985 49.0649 39.0076 38.9331 38.8995 36.497 42.375 36.1109 34.5165 33.7186 44.669 42.5968
threshold=-0.0049950752872973672 1.0944131016731264 0.74207225441932689 0.92394757270812999 0.7078249752521516 -0.02034240402281284 0.029829532839357856 -0.022880334407091137 0.73584935069084179 0.744307041168213 0.25000000745058065 -0.0060663858894258729 0.57496303319931041 0.9861707091331483 0.0080831721425056475 -0.81666666269302357 0.55760550498962413 0.98892244696617138 -0.01138774026185274 -0.00042947186739183957 1.0067873597145083 0.98767289519310009 0.62244912981987011 0.47368426620960241 -0.516666680574417 0.010504228994250299 1.1147735714912417 0.021421742625534538 0.43413670361042028 0.84999999403953563
decision_type=8 8 10 10 10 8 10 10 10 10 2 10 10 10 10 2 10 10 10 8 10 10 10 8 2 10 10 10 10 2
left_child=5 2 3 7 15 9 -4 -2 20 -1 -6 -12 13 14 -7 16 25 19 -19 22 -9 -21 -17 -15 -25 -3 -20 28 -5 -29
right_child=1 4 6 27 10 12 -8 8 -10 -11 11 -13 -14 23 -16 17 -18 18 26 21 -22 -23 -24 24 -26 -27 -28 29 -30 -31
leaf_value=0.0011596769365548555 -0.010465335755847221 -0.0028557132163624169 -0.00091335807558006691 0.0020259958901962171 0 0.0020979417757885327 -0.0068351156532253298 0.010976124627455506 0.00028692547412209266 0.019774388625058714 0.0082310385407110033 0.0011586517697239386 0.0062070897557790806 0.00067344113019789044 -0.016354444975122246 -0.00062740545931009738 -0.00072218792503161479 -0.0031011665021261903 0.00019868618914929177 -0.0068999969448344184 0 0 -0.0056250180548166632 0.012247851678595708 -0.0027949647190717028 -0.00875625496172577 -0.007057038666206967 -0.00050532799504118407 0.00036661964916527096 0.0026387603807164813
leaf_weight=246 109 7396 10070 19421 11936 164 1260 1582 811 258 1398 3368 1677 5379 265 19803 9608 4690 55753 2490 302 1152 1517 530 192 1142 575 44468 61482 4212
leaf_count=246 109 7396 10070 19421 11936 164 1260 1582 811 258 1398 3368 1677 5379 265 19803 9608 4690 55753 2490 302 1152 1517 530 192 1142 575 44468 61482 4212
internal_value=4.45041e-06 -8.02362e-05 0.000340092 0.000509403 -0.000582645 0.00260496 -0.00160923 0.00574615 0.00658459 0.0116522 0.000944151 0.00332159 0.00198592 0.000840412 -0.008853 -0.000830561 -0.00214169 -0.000549926 -0.000126546 -0.00157191 0.00910647 -0.00480252 -0.001002 0.00159773 0.00787572 -0.00369861 0.000116817 0.000392903 0.000769067 -0.000226156
internal_weight=273256 264545 143717 132387 120828 8711 11330 2804 2695 504 16702 4766 8207 6530 429 104126 18146 85980 61018 24962 1884 3642 21320 6101 722 8538 56328 129583 80903 48680
internal_count=273256 264545 143717 132387 120828 8711 11330 2804 2695 504 16702 4766 8207 6530 429 104126 18146 85980 61018 24962 1884 3642 21320 6101 722 8538 56328 129583 80903 48680
is_linear=0
shrinkage=0.03


Tree=16
num_leaves=31
num_cat=0
split_feature=16 26 33 10 50 158 13 29 16 14 93 45 1 23 1 76 69 113 27 11 30 41 33 156 16 33 53 15 53 17
split_gain=77.542 49.6548 52.8728 59.5829 95.5947 64.2394 59.7504 69.2031 61.8975 55.1775 60.2142 50.3289 49.3786 48.802 41.6328 41.094 40.6517 38.3235 37.2756 66.8295 34.8718 34.5821 33.5554 33.7469 32.8464 32.171 31.6752 26.5288 25.8644 25.2047
threshold=1.2394970059394839 0.019933737814426426 0.37253709137439733 1.0198371410369875 0.96811595559120189 0.02858917880803347 0.98510038852691661 -0.00043847461347468192 1.133943557739258 0.92472085356712352 -0.43902868032455439 1.0040438175201418 0.02036825101822615 0.029560309834778312 0.014285720419138672 0.31666667759418493 0.65624973177909862 0.58974376320838939 0.076916757971048369 0.97421732544898998 -0.0046529402025043956 -0.030649034306406971 0.97387737035751354 0.1175995208323002 1.0993474721908572 0.96601486206054699 1.0465302467346194 0.93240687251091015 1.00560998916626 0.90572595596313488
decision_type=10 10 8 10 10 8 8 10 10 8 10 10 10 10 10 2 10 10 10 10 10 8 10 10 10 10 10 10 10 10
left_child=1 17 9 6 5 16 11 15 -9 10 -3 -4 27 -14 -11 -8 -5 -1 26 -20 25 -22 23 28 -13 -6 -16 -12 -2 -19
right_child=22 2 3 4 20 -7 7 8 -10 14 12 24 13 -15 18 -17 -18 29 19 -21 21 -23 -24 -25 -26 -27 -28 -29 -30 -31
leaf_value=0.00011298534658167038 -0.0012683863117331931 -0.0065223701977318886 0.0011900593429187666 0.0025488301770420448 0.0027805360675366244 -0.013756152198649943 -0.0011347593498090946 0.0016218556243587049 0.011357945261404843 0.00021270928841511492 -0.0099779078139160815 -0.0018230412216255526 0.0073484729207128124 -0.005467782152061831 -0.0017694049887556158 0.00069342932993828152 0.0067540683666275133 0 0.0047690271788310527 -0.0012796416406431154 5.157346103182066e-05 -0.0039997487005373322 -0.0097527350015938277 0.016014402949761405 0.0013641679806097654 -0.0060013086027710843 -0.009888763695300281 0.0028258778522663478 0.0057154645096065947 0.0021131965451236935
leaf_weight=44859 519 509 7225 6495 3819 160 22540 17009 603 16068 281 32208 2377 259 44220 21536 3354 6748 2212 6148 4720 2998 105 252 3075 379 435 217 2157 19435
leaf_count=44859 519 509 7225 6495 3819 160 22540 17009 603 16068 281 32208 2377 259 44220 21536 3354 6748 2212 6148 4720 2998 105 252 3075 379 435 217 2157 19435
internal_value=2.59549e-05 -2.67184e-05 -0.000271012 9.83344e-05 0.00152066 0.0036811 -0.000198309 0.00039447 0.00198472 -0.000915505 0.00264942 -0.00106539 0.00426606 0.00594457 -0.00110855 -0.000234774 0.00402207 0.000652723 -0.00151459 0.000292558 -0.00027202 -0.00148963 0.00478078 0.00546636 -0.00153615 0.00189188 -0.00185961 -0.0039259 0.00425034 0.00156521
internal_weight=272922 269889 198847 126121 21925 10009 104196 61688 17612 72726 3643 42508 3134 2636 69083 44076 9849 71042 53015 8360 11916 7718 3033 2928 35283 4198 44655 498 2676 26183
internal_count=272922 269889 198847 126121 21925 10009 104196 61688 17612 72726 3643 42508 3134 2636 69083 44076 9849 71042 53015 8360 11916 7718 3033 2928 35283 4198 44655 498 2676 26183
is_linear=0
shrinkage=0.03


Tree=17
num_leaves=31
num_cat=0
split_feature=37 1 26 59 15 26 158 50 38 158 45 13 28 84 41 125 17 28 115 1 77 38 56 26 45 1 41 12 25 119
split_gain=65.68 56.2502 102.26 72.5132 55.9921 63.0337 55.9434 70.6968 71.9149 56.5009 54.2512 52.3146 52.0401 50.9125 58.174 53.7977 50.3482 55.1096 45.749 45.6484 45.1244 46.2491 64.0441 44.8399 43.7237 43.7571 43.3061 43.0314 38.3736 39.675
threshold=0.71750915050506603 0.047568742185831077 0.036300083622336395 0.87291401624679577 1.1475881934165957 0.021392118185758594 -7.0041322032921003e-05 0.87968790531158458 -0.0083671929314732534 -0.0014324477524496613 1.1086956858634951 0.91056081652641307 -0.0071596268098801366 0.84999999403953563 0.056665420532226569 -0.14032149314880368 1.2432197928428652 -0.02607801184058189 0.68947365880012523 0.016739205457270149 0.091666668653488173 -0.017462593503296372 0.96647238731384288 0.10559292510151864 1.0214833021163943 0.03421308100223542 -0.033805020153522485 0.99013999104499828 0.028212750330567363 0.76744237542152416
decision_type=8 8 8 8 10 8 8 10 10 10 10 8 8 2 10 10 8 10 10 10 2 10 10 10 10 10 10 10 8 10
left_child=4 10 -3 -4 5 24 7 9 -9 11 20 -7 18 14 -14 -15 19 -18 -8 -12 -2 22 -22 28 -1 -26 -11 -6 -5 -30
right_child=1 2 3 23 27 6 12 8 -10 26 16 -13 13 15 -16 -17 17 -19 -20 -21 21 -23 -24 -25 25 -27 -28 -29 29 -31
leaf_value=0.0013994451794285597 -0.00029663727112148522 -0.005173216550840281 -0.011598745814175344 -0.0059229496054942123 -0.003598252797985963 -0.0088889109801227363 0.0012912487077073639 -0.0023439740939905987 0.00017756762473851369 -0.017034414540325012 0.0020028092520041883 0.0060477518614435273 -0.0016983910777137348 -0.010105658326679227 -0.0063268035010331158 0.0017241229246480886 -0.012806099245419348 0.0016121566269232512 -0.012024338300911102 -0.0051564852903312986 -0.025906806878373028 0.0016722366843939164 -0.00084660113257996263 0.018606265663600307 -6.0604933111390936e-06 -0.0055858922663622008 1.6187659189290958e-05 0.0038921921182298084 0.0075617410817451951 -0.00043564182669545722
leaf_weight=24406 18132 909 180 207 756 191 8036 13212 43401 123 930 3629 51902 344 2608 5613 231 4070 216 3865 105 35238 460 262 42778 1287 1623 4546 3239 587
leaf_count=24406 18132 909 180 207 756 191 8036 13212 43401 123 930 3629 51902 344 2608 5613 231 4070 216 3865 105 35238 460 262 42778 1287 1623 4546 3239 587
internal_value=-2.18494e-06 0.00080128 0.00374835 0.00564227 -0.000272276 -0.000354643 -0.000741186 -8.39554e-05 -0.000406217 0.00312985 0.00054368 0.00518039 -0.00133131 -0.00163799 -0.00192758 0.000959265 -0.00158522 0.000712657 0.00087821 -0.00370307 0.000908728 0.00152737 -0.00674311 0.00648476 0.000379943 -0.000178295 -0.00119441 0.00275827 0.00553535 0.00626086
internal_weight=273086 68415 5384 4475 204671 199369 130898 62179 56613 5566 63031 3820 68719 60467 54510 5957 9096 4301 8252 4795 53935 35803 565 4295 68471 44065 1746 5302 4033 3826
internal_count=273086 68415 5384 4475 204671 199369 130898 62179 56613 5566 63031 3820 68719 60467 54510 5957 9096 4301 8252 4795 53935 35803 565 4295 68471 44065 1746 5302 4033 3826
is_linear=0
shrinkage=0.03


Tree=18
num_leaves=31
num_cat=0
split_feature=16 29 57 55 36 49 85 41 1 42 53 26 1 127 26 29 116 42 6 70 126 8 11 138 151 84 38 21 35 116
split_gain=73.2172 49.2755 85.1468 55.7676 62.7254 55.4354 53.8846 53.3399 86.3468 53.3611 44.7415 43.4688 43.2416 55.2523 41.0228 38.5673 37.0473 35.6666 51.7701 39.2735 35.5744 52.8655 34.2036 33.9786 45.806 32.9158 32.7158 45.2108 32.2236 52.0861
threshold=1.2394970059394839 -0.0013969257706776259 1.1707749962806704 0.93731585144996654 0.80770382285118114 0.84550160169601452 0.82500001788139354 -0.031841535121202462 0.018348633311688903 0.065921377390623107 1.0013236999511721 0.046242590993642814 0.055469902232289321 -0.12056754156947135 0.10559292510151864 0.0034753404324874286 0.2670454233884812 -0.070793412625789628 0.40000237524509435 0.27499969303607946 -0.26928901672363276 -0.7215137481689452 0.97212126851081859 0.63178235292434703 0.5145438313484193 0.65000000596046459 -0.0039603819604963056 1.0530912280082705 0.84739521145820629 0.4930070191621781
decision_type=10 8 10 8 10 8 2 10 10 10 10 10 10 10 10 10 10 10 10 10 10 10 10 10 10 2 8 10 10 10
left_child=1 7 3 4 6 28 11 10 -9 17 -1 -3 23 -14 15 -7 -12 18 -10 -19 21 -4 -11 24 -2 -23 27 -22 29 -5
right_child=12 2 20 5 -6 14 -8 8 9 22 16 -13 13 -15 -16 -17 -18 19 -20 -21 26 25 -24 -25 -26 -27 -28 -29 -30 -31
leaf_value=-0.0073121627583279669 -0.01222733305324494 0.0025855593870809995 -0.0025276306747306055 0.001126587773282542 0.0027940778139742581 0.00047083725328578421 -0.015890999615205591 -3.8026272714530102e-05 -0.0010620955451818477 0.018584550219016838 0.0080716901964780572 -0.0091984604146633335 0.01428496375731746 0 0.015822746798496518 -0.00052699471446643895 0.00057081122819382143 -0.0033029395848078939 0.0080904489041482494 -0.001289277753436034 0.0090276637122955541 0.011960652936515577 0 0.0038312564843115495 0.0081486799241012112 -0.0026197096455800243 -0.00061097037085904374 -0.0030873205254068705 -0.003588512393880746 0.013896558910540532
leaf_weight=608 284 483 303 626 655 96728 510 43845 2373 161 595 554 695 331 130 54317 26026 18982 693 17410 950 1216 177 1618 113 113 1581 332 216 626
leaf_count=608 284 483 303 626 655 96728 510 43845 2373 161 595 554 695 331 130 54317 26026 18982 693 17410 950 1216 177 1618 113 113 1581 332 216 626
internal_value=-4.70231e-05 -0.000100367 0.000236217 0.000115798 -0.00459748 0.00018635 -0.00791424 -0.00058676 -0.000963475 -0.00197502 0.000559265 -0.00348096 0.00456459 0.00958887 0.000127588 0.000110001 0.000755656 -0.0020849 0.000948443 -0.00234908 0.0042991 0.00788046 0.00941464 0.00178981 -0.00559553 0.0104781 0.00211305 0.0056606 0.005953 0.00786553
internal_weight=273251 270210 159340 154845 2202 152643 1547 110870 83641 39796 27229 1037 3041 1026 151175 151045 26621 39458 3066 36392 4495 1632 338 2015 397 1329 2863 1282 1468 1252
internal_count=273251 270210 159340 154845 2202 152643 1547 110870 83641 39796 27229 1037 3041 1026 151175 151045 26621 39458 3066 36392 4495 1632 338 2015 397 1329 2863 1282 1468 1252
is_linear=0
shrinkage=0.03


Tree=19
num_leaves=31
num_cat=0
split_feature=16 46 40 25 1 41 21 125 26 42 5 102 17 17 27 82 15 13 137 3 123 38 36 115 58 36 1 115 24 33
split_gain=66.14 44.0799 59.5253 47.2521 51.9022 50.952 62.6601 61.0142 60.4588 45.4615 56.002 62.8881 44.8699 44.8471 43.529 58.0696 64.8219 53.7132 44.6342 41.3967 40.9015 39.2361 39.0169 38.9331 37.6601 37.0881 51.1101 51.6682 46.4503 36.9252
threshold=1.2206377983093264 1.0748502612113955 -0.028458484448492524 0.021421742625534538 0.037111513316631324 -0.003906554775312542 0.90220630168914806 0.4843753874301911 0.074481844902038588 -0.091821700334548936 0.0064220244530588397 0.55217784643173229 1.144107520580292 0.96079498529434215 0.090825200080871596 0.80833333730697643 1.0869565606117251 0.96443602442741405 0.55856671929359447 0.0097402227111160773 0.51111146807670604 -0.0082045579329133016 0.79169213771820079 0.57763996720314037 0.9974505901336671 0.81076571345329296 0.055469902232289321 0.29752089083194738 0.046364629641175277 0.63059794902801525
decision_type=10 8 10 10 8 10 10 10 10 8 10 2 10 8 10 2 10 8 10 10 10 10 10 10 10 10 10 10 10 10
left_child=1 2 -1 4 13 6 20 8 -7 10 -3 12 -12 -4 17 22 21 -11 -19 -8 -5 -17 -16 -6 -24 -2 27 29 -28 -27
right_child=25 9 3 5 23 7 19 -9 -10 14 11 -13 -14 -15 15 16 -18 18 -20 -21 -22 -23 24 -25 -26 26 28 -29 -30 -31
leaf_value=0.0026058234013214845 0.00088608912928813842 -0.00057098703942810587 0.001732710950258973 0.013580126414308323 -0.0070083841585357369 0.00038436043019814315 -0.0016049320217687195 -0.0023585482515295492 0.014103561748974794 -0.0041148909559106514 0.010548953052548349 -0.0021043051167361011 -0.0023182050682819233 0.0002480046208054979 -0.0021521177379738377 0.018190385473207959 0.00021393529048288674 -0.001127245678159617 0.00036223377755194351 -0.0058069217219617053 -0.0029503586781180879 0.005862338322423848 -0.0013622992490647267 0.0011209735319021388 0.012268884296555494 -0.0086481369095032703 0 0.01085274566083865 0.020716449327639212 0.0035990412065735147
leaf_weight=9222 2120 2800 25219 356 1391 37093 12658 8171 273 4338 1483 627 240 69128 3223 353 1511 60462 25457 2636 160 1092 285 750 349 320 138 536 352 597
leaf_count=9222 2120 2800 25219 356 1391 37093 12658 8171 273 4338 1483 627 240 69128 3223 353 1511 60462 25457 2636 160 1092 285 750 349 320 138 536 352 597
internal_value=2.13878e-05 -3.49671e-05 0.000264076 0.000125039 0.000540424 -0.000523363 -0.00198961 -7.06272e-06 0.00050011 -0.000526581 0.00220129 0.00560796 0.00857851 0.00064833 -0.00067482 0.00161918 0.00478208 -0.000851625 -0.000682454 -0.00235539 0.00797586 0.00928596 -0.000739644 -0.0040378 0.00582831 0.00381169 0.00680942 0.00360785 0.015201 -0.000447981
internal_weight=273340 269277 167057 157835 96488 61347 15810 45537 37366 102220 5150 2350 1723 94347 97070 6813 2956 90257 85919 15294 516 1445 3857 2141 634 4063 1943 1453 490 917
internal_count=273340 269277 167057 157835 96488 61347 15810 45537 37366 102220 5150 2350 1723 94347 97070 6813 2956 90257 85919 15294 516 1445 3857 2141 634 4063 1943 1453 490 917
is_linear=0
shrinkage=0.03


Tree=20
num_leaves=31
num_cat=0
split_feature=37 62 33 27 14 31 41 120 16 38 99 44 56 43 59 8 2 17 126 49 59 44 46 105 16 93 12 79 10 138
split_gain=50.1554 57.8679 55.8781 60.7343 60.4786 55.9847 54.64 66.8412 54.3488 57.4336 52.9547 48.5447 47.5893 49.9574 46.5757 42.5498 51.8872 41.865 60.5935 58.0217 73.0417 47.0638 41.1327 40.3659 44.6867 42.1555 41.8817 39.081 38.7525 32.738
threshold=0.71386143565177929 0.69107174873352062 0.37827691435813909 0.033682186156511314 0.88698756694793712 -0.0072037959471344939 0.05448966100811959 0.31944873929023748 0.7852524220943452 -0.0067166476510465136 0.58571431040763866 1.0213447213172915 1.0996676683425906 1.0601063966751101 0.97950324416160595 -0.44270911812782282 0.90476143360137951 1.1266530156135561 -0.14218554645776746 0.96759262681007396 1.0351116657257082 1.0512062311172488 1.1682764887809756 0.65833333134651195 1.1829094886779787 0.29350712895393377 1.013124465942383 0.15000000223517421 1.027002274990082 0.67948731780052196
decision_type=8 8 8 8 8 8 8 10 8 10 2 10 10 10 10 10 10 10 10 10 10 10 10 2 10 10 10 2 10 10
left_child=1 -1 3 14 29 11 8 -8 9 -7 -9 -4 13 -6 -3 23 17 -17 19 20 -19 -21 -14 24 25 -2 -25 -10 -27 -5
right_child=15 2 5 4 12 6 7 10 27 -11 -12 -13 22 -15 -16 16 -18 18 -20 21 -22 -23 -24 26 -26 28 -28 -29 -30 -31
leaf_value=-0.019679643046110942 0.00075012907968555664 0.002367988911780184 -0.0071474613793825184 -0.0027394834241389041 -0.0020251325449554317 0.019989103351069959 -0.010121874653755331 -0.0067346920717083021 0.0012824634665282552 0.0017780805295777517 0.0015004348721266276 0.0065294116045598706 0.0040951834113495096 -0.0088543117217983695 -0.00046353644818128507 0.00060798919784561334 0.0040317885718751147 0.0011055483181077719 -0.0049293260653377607 0.00063854837866319245 0.022596829770191108 -0.0046348439106010777 -0.0011521921568402333 0.00021553402608728703 0.0082245295565552545 0.0025549653844294928 -0.0090736716106197407 -0.00011220244258536436 0.0084618409712093213 0.011852880715964862
leaf_weight=118 11424 6306 228 147 32893 233 975 1000 22102 533 2146 1952 2046 1006 30050 29452 2958 6202 3279 2476 128 3583 3711 1820 1082 5308 532 97707 1323 434
leaf_count=118 11424 6306 228 147 32893 233 975 1000 22102 533 2146 1952 2046 1006 30050 29452 2958 6202 3279 2476 128 3583 3711 1820 1082 5308 532 97707 1323 434
internal_value=1.92557e-06 -0.000234608 -0.000219924 -0.000860309 -0.00166312 0.000164376 7.82198e-05 -0.00330614 0.000196907 0.00806682 -0.00104847 0.00491065 -0.00181157 -0.00224174 2.03804e-05 0.000698319 0.000195039 -5.15211e-05 -0.00130956 -0.000320934 0.00165717 -0.00243552 0.000668482 0.00180915 0.00227202 0.00188999 -0.00181791 0.000142749 0.0038005 0.00769337
internal_weight=273154 203587 203469 76593 40237 126876 124696 4121 120575 766 3146 2180 39656 33899 36356 69567 48078 45120 15668 12389 6330 6059 5757 21489 19137 18055 2352 119809 6631 581
internal_count=273154 203587 203469 76593 40237 126876 124696 4121 120575 766 3146 2180 39656 33899 36356 69567 48078 45120 15668 12389 6330 6059 5757 21489 19137 18055 2352 119809 6631 581
is_linear=0
shrinkage=0.03


Tree=21
num_leaves=31
num_cat=0
split_feature=16 40 36 18 73 29 57 49 30 26 25 26 10 38 81 17 17 141 24 38 48 61 46 110 53 27 49 75 140 36
split_gain=71.816 48.4327 87.3943 60.8833 70.9454 54.6667 76.4275 65.7775 58.9698 74.1303 47.3373 43.0912 49.6973 41.1954 41.1187 42.2991 41.0214 40.9995 38.078 37.4494 39.608 45.1594 36.3878 36.1953 35.7981 32.5677 48.1575 33.0642 31.2113 44.1654
threshold=1.2394970059394839 -0.030343431979417797 0.8265923559665681 1.024536728858948 0.5000000149011613 -0.0034353286027908321 1.1642888784408572 0.97327396273612987 -0.0054263304919004432 0.038208391517400749 0.042319050058722503 0.021892795339226726 1.0282297134399416 -0.0082045579329133016 0.84999999403953563 0.86417153477668773 1.1420657038688662 0.89431884884834301 0.051143486052751548 -0.0032786626834422346 0.92391303181648265 1.0469791293144228 1.1096516847610476 0.29705883562564855 1.0886206626892092 0.05681752227246762 0.96600049734115612 0.57500001788139354 0.70503294467926036 0.80770382285118114
decision_type=10 10 10 8 10 10 10 8 10 10 10 10 10 8 2 10 10 8 10 10 10 10 8 2 10 10 10 2 10 10
left_child=1 2 22 5 10 7 11 14 13 -10 -5 16 -13 -9 15 -3 -7 -12 -16 28 21 -21 25 -4 -22 -1 -27 -28 -2 -30
right_child=19 3 23 4 -6 6 -8 8 9 -11 17 12 -14 -15 18 -17 -18 -19 -20 20 24 -23 -24 -25 -26 26 27 -29 29 -31
leaf_value=0.00058817989113479181 -0.0052256144583964484 -0.0010585667947081078 0.010031406810634953 -0.0029709240936150482 -0.0087983389383590356 0.00069729622380797999 0.0034868659822588342 -0.0057820969215585712 -0.00025648755630851912 -0.0048557703753267815 -0.0040112302928016737 -0.00048068732433242901 0.0029403131888929646 0.003094568273548268 -0.0019861558341213474 -0.0065954971090126597 -0.0041637196442169426 0.0065003347615982072 0.0043645449334328047 0 0.00091898072855700185 0.020855068634687498 -0.00079006697299304764 0.0012400815398560816 -0.011762840249169911 -0.00056069569491658386 0.00033013665993202794 0.0082146089693919018 0.0042211039864122916 0.016148867770944045
leaf_weight=8313 105 2106 1343 4226 1461 71442 5906 472 26564 3589 435 104832 3927 5827 8925 3645 1562 1038 895 228 1014 156 8898 741 221 1325 738 1983 794 536
leaf_count=8313 105 2106 1343 4226 1461 71442 5906 472 26564 3589 435 104832 3927 5827 8925 3645 1562 1038 895 228 1014 156 8898 741 221 1325 738 1983 794 536
internal_value=-8.65013e-06 -6.16156e-05 0.00124233 -0.000186215 -0.00290984 -0.000103369 0.000133789 -0.000964383 -0.000257562 -0.000816722 -0.00132231 2.2816e-05 -0.000353888 0.00236575 -0.00259737 -0.00463057 0.000588069 0.00318302 -0.00136917 0.00454963 0.00117389 0.00942728 0.000648844 0.0070896 -0.00126264 0.00170864 0.00392277 0.00620361 0.00808354 0.00941833
internal_weight=273247 270193 23341 246852 7160 239692 187669 52023 36452 30153 5699 181763 108759 6299 15571 5751 73004 1473 9820 3054 1619 384 21257 2084 1235 12359 4046 2721 1435 1330
internal_count=273247 270193 23341 246852 7160 239692 187669 52023 36452 30153 5699 181763 108759 6299 15571 5751 73004 1473 9820 3054 1619 384 21257 2084 1235 12359 4046 2721 1435 1330
is_linear=0
shrinkage=0.03


Tree=22
num_leaves=31
num_cat=0
split_feature=32 138 86 53 33 26 38 26 16 38 56 11 27 78 71 14 126 78 21 116 51 121 25 42 18 38 42 23 140 7
split_gain=73.8613 52.6636 58.8916 54.7942 57.4598 42.3754 53.5059 60.8922 49.7605 40.8581 39.4063 38.3544 52.1236 36.1945 79.251 52.1021 61.5182 50.0299 41.4373 39.0505 34.25 33.2313 41.7935 33.0284 38.4278 36.0538 32.0982 32.8449 32.046 31.6508
threshold=-0.0049950752872973672 0.51958855986595165 -0.58333334326744068 0.97813132405281078 0.93002739548683178 0.019933737814426426 -0.00088038985268212844 0.068551946431398406 0.7394753396511079 -0.015660735778510567 0.92966073751449596 0.97092422842979442 0.058048976585268981 0.5000000149011613 0.92499947547912609 0.91430118680000316 0.31004028022289282 0.30000000447034841 1.0664452910423281 0.70903819799423229 0.83167701959609996 0.21534866839647296 0.042319050058722503 0.10417669266462327 0.99172946810722362 -0.022880334407091137 -0.0013130782172083853 0.025458483956754211 1.202586889266968 0.018691555596888069
decision_type=8 8 2 10 10 10 10 10 8 10 10 10 10 10 10 8 10 10 10 10 10 10 10 10 10 8 8 10 10 10
left_child=1 -1 3 -3 20 26 7 11 -8 10 -9 12 -7 14 18 16 -15 -16 -10 -17 -5 -11 -23 25 -25 -13 -2 -28 -12 -4
right_child=5 2 29 4 -6 6 8 9 13 21 28 23 -14 15 17 19 -18 -19 -20 -21 -22 22 -24 24 -26 -27 27 -29 -30 -31
leaf_value=-0.0040066708485997256 -7.982655471949174e-05 -0.006213165475458215 -0.00010769640366577711 0.018682533938873994 -0.0037794681708122379 -0.00094990545585332852 -0.0097050608467179039 -0.014656334384087403 -0.0026218125067579419 -0.0042354762286983321 -0.0018664431494070197 -0.0055740554989209415 0.011720321264713405 0.011070878021771003 -0.00043578856915720698 -0.00050121027469279442 -0.0019442707975215231 0.004563485645182273 0.0046773091526241409 0.0052525185114310393 0.0074187177981159215 -0.0008829468359599019 0.0074535599090069628 -0.0087777697097013718 0.0052381470448497709 0.00012863621118604538 0.0011114104545792353 0.012050290705904926 0.0080652603371805659 0.0062392069743590481
leaf_weight=871 33308 246 3429 313 319 493 539 143 23505 266 950 989 572 754 6689 67612 498 2405 675 1051 2670 586 2837 738 186 81881 36831 235 387 844
leaf_count=871 33308 246 3429 313 319 493 539 143 23505 266 950 989 572 754 6689 67612 498 2405 675 1051 2670 586 2837 738 186 81881 36831 235 387 844
internal_value=4.71366e-05 0.00276549 0.00356624 0.00643041 0.0074944 -4.13861e-05 -0.000271453 0.000261187 -0.000736597 0.00341714 -0.000611248 6.4655e-05 0.00566924 -0.000684973 -0.00150131 -0.000291852 0.00570891 0.000860516 -0.00240196 -0.000407268 0.00881706 0.00510876 0.00594242 -4.33435e-06 -0.00558738 5.56305e-05 0.000587677 0.00119531 0.000863752 0.00109928
internal_weight=272822 8692 7821 3548 3302 264130 193756 90028 103728 5169 1480 84859 1065 103189 33274 69915 1252 9094 24180 68663 2983 3689 3423 83794 924 82870 70374 37066 1337 4273
internal_count=272822 8692 7821 3548 3302 264130 193756 90028 103728 5169 1480 84859 1065 103189 33274 69915 1252 9094 24180 68663 2983 3689 3423 83794 924 82870 70374 37066 1337 4273
is_linear=0
shrinkage=0.03


Tree=23
num_leaves=31
num_cat=0
split_feature=32 138 137 38 86 3 0 16 58 47 15 120 39 1 73 52 137 27 17 45 126 40 25 140 114 69 26 10 38 48
split_gain=63.898 52.3143 52.2506 53.353 46.1202 73.0119 79.9453 58.3776 64.3422 48.1361 76.2734 53.8869 53.5092 43.5108 43.1651 46.5094 42.8205 41.7869 42.5785 41.6507 41.2345 41.1256 37.8746 34.9124 33.9456 36.9152 33.6413 33.5548 33.0608 78.9926
threshold=-0.0049950752872973672 0.51432242989540111 0.98083889484405529 -0.022880334407091137 0.81666666269302379 0.01792514976114035 0.025147275999188427 0.93389892578125011 1.004284203052521 1.0944131016731264 0.87613323330879223 0.7333335578441621 -0.0067961574532091609 0.053465308621525771 0.90000000596046459 0.9424232840538026 0.60196307301521312 0.056010214611887939 0.84405729174613964 1.0768440961837771 0.11969598755240442 0.024021998047828678 0.039915563538670547 0.78404998779296886 0.37956191599369055 0.20325225591659549 0.071372620761394515 1.0355787277221682 -0.012859540991485117 0.90708911418914806
decision_type=10 8 8 10 2 10 10 8 10 10 8 10 10 10 10 10 10 10 8 10 10 10 10 8 10 10 10 10 10 10
left_child=1 -1 3 -3 7 28 -7 8 19 17 12 16 -11 -13 15 -5 -12 18 -9 20 -2 -19 -14 -17 -10 -26 -22 -20 29 -6
right_child=4 2 -4 14 5 6 -8 9 24 10 11 13 22 -15 -16 23 -18 21 27 -21 26 -23 -24 -25 25 -27 -28 -29 -30 -31
leaf_value=-0.0044091849601866412 0.011482665578214566 0.018385545141527571 0.00019084212202241394 0.0096264176182304026 -0.023535443498057466 0.011089066016333965 -0.013574389956593514 -0.0053480033053085159 -0.001880435676754427 0 -0.0010679061017687525 0.0010599375524842354 0.0024602927952905051 0.010020655211170352 -0.0001841167377231983 -0.005256437093737831 0.00032821235264945373 0.0045301014324369534 0.0004464686333396431 -0.0054594948974127653 -0.0019767457166991976 -0.002963189767114818 0.027777877785022654 0.0045472608432113142 0.0098184595674857232 0.0015461888506729364 0.0030112922594102806 -0.0056923465452125314 0.0011924153617358033 -0.00080962307522209026
leaf_weight=864 191 251 3465 1676 138 1082 105 1152 1090 204 76914 9962 120 506 1329 367 26205 3838 93616 2836 20848 730 167 1594 752 1650 1229 782 17889 1367
leaf_count=864 191 251 3465 1676 138 1082 105 1152 1090 204 76914 9962 120 506 1329 367 26205 3838 93616 2836 20848 730 167 1594 752 1650 1229 782 17889 1367
internal_value=8.72635e-06 0.00241824 0.00314073 0.00503448 -7.7645e-05 0.00128328 0.00847005 -0.000194339 -0.00146717 -2.28906e-05 -0.0004455 -0.000499967 0.0110941 0.00153997 0.00422845 0.00591508 -0.000710216 0.000455643 0.000317803 -0.00200442 -0.00154643 0.00325953 0.0190192 0.00252652 0.00229917 0.00431956 -0.00168302 0.000391242 0.000819688 -0.00337151
internal_weight=272919 9546 8682 5217 263373 20581 1187 242792 28596 214196 114078 113587 491 10468 4966 3637 103119 100118 95550 25104 22268 4568 287 1961 3492 2402 22077 94398 19394 1505
internal_count=272919 9546 8682 5217 263373 20581 1187 242792 28596 214196 114078 113587 491 10468 4966 3637 103119 100118 95550 25104 22268 4568 287 1961 3492 2402 22077 94398 19394 1505
is_linear=0
shrinkage=0.03


end of trees

feature_importances:
KLEN=27
ROC30=25
RSQR5=25
RESI5=25
STD30=22
STD20=18
RSQR30=18
RESI30=18
STD60=16
RESI60=16
IMXD30=16
HIGH0=15
STD5=15
RESI20=15
MIN10=14
ROC60=12
BETA10=12
RSQR20=12
STD10=10
QTLU5=10
QTLU60=10
BETA20=9
ROC5=8
ROC20=8
MAX30=8
WVMA5=8
WVMA20=8
KUP=7
LOW0=7
RSQR60=7
MAX10=7
IMXD20=7
SUMP20=7
KMID=6
ROC10=6
MA5=6
RESI10=6
MAX20=6
MIN30=6
IMIN5=6
IMXD10=6
SUMN20=6
VSTD60=6
VWAP0=5
MA30=5
BETA60=5
MAX5=5
MIN5=5
QTLD10=5
QTLD20=5
IMIN10=5
IMIN60=5
IMXD5=5
SUMP5=5
SUMD5=5
SUMD30=5
KMID2=4
KUP2=4
KLOW=4
KLOW2=4
KSFT2=4
BETA5=4
RSQR10=4
MIN20=4
MIN60=4
QTLU20=4
QTLU30=4
QTLD5=4
RSV10=4
IMAX5=4
SUMP30=4
SUMN30=4
SUMD10=4
KSFT=3
MAX60=3
QTLD30=3
RANK10=3
RSV30=3
IMIN20=3
CORD5=3
CNTN20=3
CNTD30=3
SUMP10=3
SUMN10=3
SUMN60=3
WVMA30=3
ORC_SIGNED_IMPACT_SHOCK_20=3
BETA30=2
QTLU10=2
QTLD60=2
RSV20=2
IMAX10=2
IMAX30=2
IMIN30=2
CORD60=2
CNTP10=2
CNTP60=2
SUMD20=2
OPEN0=1
MA10=1
MA20=1
MA60=1
RANK60=1
IMAX20=1
IMAX60=1
IMXD60=1
CORR30=1
CNTN30=1
CNTD10=1
CNTD20=1
CNTD60=1
SUMP60=1
SUMN5=1
SUMD60=1
WVMA60=1
VSUMN30=1
VSUMD30=1
ORC_RETURN_PER_VOLUME_SURPRISE_20=1
ORC_VOLUME_CLIMAX_10=1

parameters:
[boosting: gbdt]
[objective: regression]
[metric: l2]
[tree_learner: serial]
[device_type: cpu]
[data_sample_strategy: bagging]
[data: ]
[valid: ]
[num_iterations: 500]
[learning_rate: 0.03]
[num_leaves: 31]
[num_threads: 12]
[seed: 20260812]
[deterministic: 1]
[force_col_wise: 1]
[force_row_wise: 0]
[histogram_pool_size: -1]
[max_depth: 7]
[min_data_in_leaf: 100]
[min_sum_hessian_in_leaf: 0.001]
[bagging_fraction: 0.8]
[pos_bagging_fraction: 1]
[neg_bagging_fraction: 1]
[bagging_freq: 1]
[bagging_seed: 20260812]
[bagging_by_query: 0]
[feature_fraction: 0.8]
[feature_fraction_bynode: 1]
[feature_fraction_seed: 20260812]
[extra_trees: 0]
[extra_seed: 9622]
[early_stopping_round: 0]
[early_stopping_min_delta: 0]
[first_metric_only: 0]
[max_delta_step: 0]
[lambda_l1: 10]
[lambda_l2: 20]
[linear_lambda: 0]
[min_gain_to_split: 0]
[drop_rate: 0.1]
[max_drop: 50]
[skip_drop: 0.5]
[xgboost_dart_mode: 0]
[uniform_drop: 0]
[drop_seed: 26770]
[top_rate: 0.2]
[other_rate: 0.1]
[min_data_per_group: 100]
[max_cat_threshold: 32]
[cat_l2: 10]
[cat_smooth: 10]
[max_cat_to_onehot: 4]
[top_k: 20]
[monotone_constraints: ]
[monotone_constraints_method: basic]
[monotone_penalty: 0]
[feature_contri: ]
[forcedsplits_filename: ]
[refit_decay_rate: 0.9]
[cegb_tradeoff: 1]
[cegb_penalty_split: 0]
[cegb_penalty_feature_lazy: ]
[cegb_penalty_feature_coupled: ]
[path_smooth: 0]
[interaction_constraints: ]
[verbosity: 1]
[saved_feature_importance_type: 0]
[use_quantized_grad: 0]
[num_grad_quant_bins: 4]
[quant_train_renew_leaf: 0]
[stochastic_rounding: 1]
[linear_tree: 0]
[max_bin: 255]
[max_bin_by_feature: ]
[min_data_in_bin: 3]
[bin_construct_sample_cnt: 200000]
[data_random_seed: 20260812]
[is_enable_sparse: 1]
[enable_bundle: 1]
[use_missing: 1]
[zero_as_missing: 0]
[feature_pre_filter: 1]
[pre_partition: 0]
[two_round: 0]
[header: 0]
[label_column: ]
[weight_column: ]
[group_column: ]
[ignore_column: ]
[categorical_feature: ]
[forcedbins_filename: ]
[precise_float_parser: 0]
[parser_config_file: ]
[objective_seed: 6428]
[num_class: 1]
[is_unbalance: 0]
[scale_pos_weight: 1]
[sigmoid: 1]
[boost_from_average: 1]
[reg_sqrt: 0]
[alpha: 0.9]
[fair_c: 1]
[poisson_max_delta_step: 0.7]
[tweedie_variance_power: 1.5]
[lambdarank_truncation_level: 30]
[lambdarank_norm: 1]
[label_gain: ]
[lambdarank_position_bias_regularization: 0]
[eval_at: ]
[multi_error_top_k: 1]
[auc_mu_weights: ]
[num_machines: 1]
[local_listen_port: 12400]
[time_out: 120]
[machine_list_filename: ]
[machines: ]
[gpu_platform_id: -1]
[gpu_device_id: -1]
[gpu_device_id_list: ]
[gpu_use_dp: 0]
[num_gpu: 1]

end of parameters

pandas_categorical:null
