tree
version=v4
num_class=1
num_tree_per_iteration=1
label_index=0
max_feature_idx=162
objective=regression
feature_names=KMID KLEN KMID2 KUP KUP2 KLOW KLOW2 KSFT KSFT2 OPEN0 HIGH0 LOW0 VWAP0 ROC5 ROC10 ROC20 ROC30 ROC60 MA5 MA10 MA20 MA30 MA60 STD5 STD10 STD20 STD30 STD60 BETA5 BETA10 BETA20 BETA30 BETA60 RSQR5 RSQR10 RSQR20 RSQR30 RSQR60 RESI5 RESI10 RESI20 RESI30 RESI60 MAX5 MAX10 MAX20 MAX30 MAX60 MIN5 MIN10 MIN20 MIN30 MIN60 QTLU5 QTLU10 QTLU20 QTLU30 QTLU60 QTLD5 QTLD10 QTLD20 QTLD30 QTLD60 RANK5 RANK10 RANK20 RANK30 RANK60 RSV5 RSV10 RSV20 RSV30 RSV60 IMAX5 IMAX10 IMAX20 IMAX30 IMAX60 IMIN5 IMIN10 IMIN20 IMIN30 IMIN60 IMXD5 IMXD10 IMXD20 IMXD30 IMXD60 CORR5 CORR10 CORR20 CORR30 CORR60 CORD5 CORD10 CORD20 CORD30 CORD60 CNTP5 CNTP10 CNTP20 CNTP30 CNTP60 CNTN5 CNTN10 CNTN20 CNTN30 CNTN60 CNTD5 CNTD10 CNTD20 CNTD30 CNTD60 SUMP5 SUMP10 SUMP20 SUMP30 SUMP60 SUMN5 SUMN10 SUMN20 SUMN30 SUMN60 SUMD5 SUMD10 SUMD20 SUMD30 SUMD60 VMA5 VMA10 VMA20 VMA30 VMA60 VSTD5 VSTD10 VSTD20 VSTD30 VSTD60 WVMA5 WVMA10 WVMA20 WVMA30 WVMA60 VSUMP5 VSUMP10 VSUMP20 VSUMP30 VSUMP60 VSUMN5 VSUMN10 VSUMN20 VSUMN30 VSUMN60 VSUMD5 VSUMD10 VSUMD20 VSUMD30 VSUMD60 ORC_SIGNED_IMPACT_SHOCK_20 ORC_RETURN_PER_VOLUME_SURPRISE_20 ORC_IMPACT_CONCENTRATION_20 ORC_VOLUME_CLIMAX_10 ORC_VOLUME_STABILITY_TREND_20
feature_infos=[-0.15450645983219147:0.33106967806816101] [0:0.33106967806816101] [-1:1] [0:0.27153289318084717] [0:1] [0:0.19577737152576447] [0:1] [-0.31147539615631104:0.33106967806816101] [-1:1] [0.75127547979354858:1.1827411651611328] [1:1.365384578704834] [0.75127547979354858:1] [0.90894031524658203:1.0877940654754639] [0.62103557586669922:1.6790908575057983] [0.58417785167694092:1.8924485445022583] [0.46860837936401367:2.2146341800689697] [0.45439684391021729:2.740487813949585] [0.36440131068229675:2.649662971496582] [0.8043818473815918:1.3455072641372681] [0.71110033988952637:1.4951817989349365] [0.61736243963241577:1.7117466926574707] [0.56646168231964111:1.9959673881530762] [0.4937971830368042:1.8649090528488159] [0:0.26957115530967712] [0:0.32280367612838745] [0:0.36472421884536743] [0:0.57258552312850952] [0:0.50059491395950317] [-0.16409091651439667:0.17131471633911133] [-0.11732283234596252:0.17131471633911133] [-0.11732283234596252:0.17131471633911133] [-0.11732283234596252:0.17131471633911133] [-0.11732283234596252:0.17131471633911133] [0:1] [0:1] [0:1] [0:1] [0:1] [-0.11478264629840851:0.13264167308807373] [-0.24554997682571411:0.20802642405033112] [-0.40848860144615173:0.27287426590919495] [-0.44566619396209717:0.27581575512886047] [-0.96870207786560059:0.33257237076759338] [1:1.6472727060317993] [1:1.9298244714736938] [1:2.2439024448394775] [1:3.3160974979400635] [1:3.3160974979400635] [0.58144122362136841:1] [0.54045307636260986:1] [0.4660193920135498:1] [0.43721681833267212:1] [0.33789625763893127:1] [0.86334514617919922:1.4843636751174927] [0.78309857845306396:1.7869091033935547] [0.69682848453521729:2.054157018661499] [0.62161809206008911:2.423609733581543] [0.56576049327850342:2.3250908851623535] [0.70860719680786133:1.2689855098724365] [0.58504855632781982:1.4057971239089966] [0.49352750182151794:1.5574545860290527] [0.47533980011940002:1.5740000009536743] [0.38890489935874939:1.5950908660888672] [0.20000000298023224:1] [0.10000000149011612:1] [0.05000000074505806:1] [0.033333335071802139:1] [0.01666666753590107:1] [0:1] [0:1] [0:1] [0:1] [0:1] [0.20000000298023224:1] [0.10000000149011612:1] [0.05000000074505806:1] [0.033333335071802139:1] [0.01666666753590107:1] [0.20000000298023224:1] [0.10000000149011612:1] [0.05000000074505806:1] [0.033333335071802139:1] [0.01666666753590107:1] [-0.80000001192092896:0.80000001192092896] [-0.89999997615814209:0.89999997615814209] [-0.94999998807907104:0.94999998807907104] [-0.96666663885116577:0.96666663885116577] [-0.98333334922790527:0.98333334922790527] [-1:1] [-1:1] [-1:1] [-1:1] [-1:1] [-1:1] [-1:1] [-1:1] [-1:1] [-1:1] [0:1] [0:1] [0:0.89999997615814209] [0:0.8888888955116272] [0:0.8888888955116272] [0:1] [0:1] [0:0.89999997615814209] [0:0.8571428656578064] [0:0.8571428656578064] [-1:1] [-1:1] [-0.83333331346511841:0.8888888955116272] [-0.83333331346511841:0.8888888955116272] [-0.83333331346511841:0.8888888955116272] [0:1] [0:1] [0:1] [0:1] [0:1] [0:1] [0:1] [0:1] [0:1] [0:1] [-1:1] [-1:1] [-1:1] [-1:1] [-1:1] [0.20013266801834106:26452.083984375] [0.10012400150299072:23627.859375] [0.050104878842830658:26698.134765625] [0.033777147531509399:28136.5] [0.017187755554914474:26107.111328125] [0.00080492562847211957:59102.5] [0.0021778203081339598:49210.34375] [0.0021778203081339598:56418.4921875] [0.0021778203081339598:57003.12109375] [0.0021778203081339598:42065.70703125] [0:2.2360680103302002] [0:3.1615598201751709] [0:4.4708261489868164] [0:5.4656624794006348] [0:7.5986995697021484] [0:1] [0:1] [0:1] [0:1] [0:1] [0:1] [0:1] [0:1] [0:1] [0:1] [-1:1] [-1:1] [-1:1] [-1:1] [-1:1] [-5.735206127166748:337.23654174804688] [-1.954919695854187:2.1624271869659424] [-3.132145881652832:3.4166228771209717] [-1204.73095703125:4677.0361328125] [-4.2686967849731445:7.5545482635498047]
tree_sizes=3096 3097 3132 3049 3043 3055 3117 3033 3123 2991 3042 3079

Tree=0
num_leaves=31
num_cat=0
split_feature=16 25 29 22 42 6 42 3 4 12 115 57 86 35 41 52 86 30 115 9 140 5 39 111 31 55 60 100 10 31
split_gain=168.056 96.7345 59.9272 105.492 88.885 88.1699 84.4341 69.3369 65.9976 64.6919 64.6565 87.9828 61.675 58.2641 59.6122 57.649 54.105 52.7281 51.5045 50.5098 49.3234 38.8109 38.728 37.5501 46.1396 34.1504 31.4163 30.7464 29.676 28.0713
threshold=1.2206377983093264 0.012410786934196951 -0.00058132092817686487 1.0944202542304995 -0.077859010547399507 0.10526198148727418 0.065921377390623107 0.01792514976114035 0.4255331158638001 0.98710510134696972 0.74207225441932689 0.92394757270812999 0.81666666269302379 0.80202254652977001 -0.02948500961065292 0.97578206658363353 -0.55000001192092884 -0.0069329803809523574 0.64462819695472728 0.97113367915153515 0.83412408828735363 0.0012376202503219249 0.018718654289841655 -0.16954023391008374 -0.0084816939197480661 1.075905501842499 1.0328003168106081 0.34166666865348821 1.0191387534141543 0.00078220220166258525
decision_type=10 10 10 10 10 10 10 10 10 10 10 10 2 10 10 10 2 10 10 10 10 10 10 2 10 10 10 2 8 8
left_child=1 28 4 7 5 -3 13 10 22 -9 11 -4 -11 14 -6 -15 21 20 -8 -12 27 -5 -7 24 -22 -10 -26 -2 -1 -30
right_child=17 2 3 16 6 8 18 9 25 12 19 -13 -14 15 -16 -17 -18 -19 -20 -21 23 -23 -24 -25 26 -27 -28 -29 29 -31
leaf_value=0.0016154427581926418 -0.0042699539460287527 -0.0020827883108948267 0.0056795563963022841 -0.0008821390664627898 -8.2207245769173859e-05 0.0069943232018645505 0.0019618045407688019 -0.013136809129432596 0.0066942793260250291 0.0021800089179483582 -0.0082901212786499635 -2.3855051468578732e-05 0.010700577523695413 -0.0014387630008361894 -0.0018657663916765623 0.0020375765954837614 0.00016619255439079327 0.00070234654314555453 0.019692651086177706 -0.0015801552519400957 0.018488251701058958 0.0097401783581162853 -0.00066730742418078871 0.0039255662328686186 -0.0025044444456351631 -0.0051130073303738794 0.010829137159295987 0.0074394892572319888 -0.0060776837474371204 0.002005139490731622
leaf_weight=32715 373 2845 2473 305 23261 3986 431 165 260 2833 1158 99693 1109 7596 64980 9693 1288 1269 252 9129 800 1900 611 649 189 852 423 371 880 591
leaf_count=32715 373 2845 2473 305 23261 3986 431 165 260 2833 1158 99693 1109 7596 64980 9693 1288 1269 252 9129 800 1900 611 649 189 852 423 371 880 591
internal_value=2.35294e-05 -6.71706e-05 -0.000285332 0.000181222 -0.000775935 0.00215149 -0.00101488 2.42587e-05 0.00431385 0.00384546 -0.000113291 0.000112349 0.00469473 -0.00108627 -0.00139913 0.000493001 0.00530368 0.0060568 0.00930466 -0.00237922 0.00835087 0.00814132 0.00591254 0.0107451 0.0135714 -0.0020178 0.00628778 0.00121826 0.00142188 -0.00264572
internal_weight=273080 269006 234820 120053 114767 8554 106213 116560 5709 4107 112453 102166 3942 105530 88241 17289 3493 4074 683 10287 2805 2205 4597 2061 1412 1112 612 744 34186 1471
internal_count=273080 269006 234820 120053 114767 8554 106213 116560 5709 4107 112453 102166 3942 105530 88241 17289 3493 4074 683 10287 2805 2205 4597 2061 1412 1112 612 744 34186 1471
is_linear=0
shrinkage=1


Tree=1
num_leaves=31
num_cat=0
split_feature=16 26 33 25 19 10 45 36 49 17 13 64 32 15 80 33 30 34 35 44 17 32 119 2 140 137 10 122 30 46
split_gain=169.37 90.8239 87.2686 82.879 83.3835 88.3733 115.137 73.8426 70.4705 70.1907 65.39 64.0468 57.4815 56.8746 59.85 53.1328 59.1618 46.9448 57.3737 42.2955 63.7734 41.3563 49.202 40.6845 36.7922 47.262 35.3453 34.3576 34.1932 33.3381
threshold=1.2206377983093264 0.021892795339226726 0.26178121566772466 0.036605263128876693 0.91697111725807201 1.0182828307151797 1.1177077889442446 0.23618644475936892 0.8330044448375703 1.0503394007682803 0.96653175354003917 0.44722221791744238 -0.0045070697087794534 1.1242603659629824 0.42499999701976782 0.97826865315437328 -0.0069329803809523574 0.24009247869253161 0.7602716088294984 1.0431923866271975 0.76144650578498851 -0.0034855571575462814 0.44444431364536291 -0.10714442282915114 0.76384052634239208 1.0012832880020144 1.0311891436576845 0.57692310214042675 -0.0013500305940397082 1.0975374579429629
decision_type=10 10 8 10 10 10 10 10 10 10 10 10 10 8 2 10 10 10 10 10 8 10 10 10 10 10 10 10 10 10
left_child=1 11 12 9 7 8 -7 -5 -6 10 29 -1 13 14 -3 16 24 27 -19 21 -21 22 -14 -23 -2 -26 -13 -11 -12 -4
right_child=15 2 3 4 5 6 -8 -9 -10 17 28 26 19 -15 -16 -17 -18 18 -20 20 -22 23 -24 -25 25 -27 -28 -29 -30 -31
leaf_value=-0.00020086905630792781 0 -0.001520542584494188 -0.0013622770557557634 0.011528835308551788 0.009546251900283291 0.0072783731850096381 0.00088836340461317465 -0.010669056825395614 0.00012574934524123993 -0.0016448302103952517 -0.0004326286790643719 0.0014854136343423953 -0.0015500762752181261 -0.0032166646461551001 0.0099750410352022912 -0.011546626251137299 0.0009488949887428242 -0.0029999802836536797 0.00047447618844410878 0.0045292072950482015 -0.0033258008270255477 4.7658929344043663e-06 0.0086693687393292612 -0.0022395220024442257 0.012487546159818038 0.0001383699180105373 -0.0091607736260291527 0.0016595651827677469 0.0013017760215560858 -0.0082570679160288533
leaf_weight=38563 389 558 11807 130 720 4617 5894 858 23610 5449 15560 49568 764 853 1138 119 1221 19945 5256 935 17160 12042 820 17357 1955 383 255 5841 28663 673
leaf_count=38563 389 558 11807 130 720 4617 5894 858 23610 5449 15560 49568 764 853 1138 119 1221 19945 5256 935 17160 12042 820 17357 1955 383 255 5841 28663 673
internal_value=1.46142e-05 -7.63573e-05 -0.000462909 -4.3352e-05 0.00117998 0.00143253 0.00373218 -0.00727987 0.000424463 -0.000517041 0.000138651 0.000710239 -0.00150521 0.00282759 0.00604442 0.0060768 0.00673913 -0.00154365 -0.00226364 -0.00173741 -0.00289881 -0.00104802 0.00359539 -0.00131067 0.00919668 0.0106101 0.00142125 3.81198e-05 0.00068482 -0.0017707
internal_weight=273103 269036 180650 129023 35829 34841 10511 988 24330 93194 56703 88386 51627 2549 1696 4067 3948 36491 25201 49078 18095 30983 1584 29399 2727 2338 49823 11290 44223 12480
internal_count=273103 269036 180650 129023 35829 34841 10511 988 24330 93194 56703 88386 51627 2549 1696 4067 3948 36491 25201 49078 18095 30983 1584 29399 2727 2338 49823 11290 44223 12480
is_linear=0
shrinkage=0.03


Tree=2
num_leaves=31
num_cat=0
split_feature=32 26 33 86 33 39 25 17 10 45 10 53 38 15 38 118 17 51 158 44 32 114 1 138 3 29 158 86 111 25
split_gain=121.001 87.361 94.687 85.8471 82.9377 79.4317 88.5136 69.1211 65.4561 77.1619 58.809 58.6561 52.6695 51.3812 48.6291 47.8235 47.0134 46.0946 43.9296 43.2623 61.3743 55.4636 42.862 47.7924 40.2514 38.2085 37.2731 36.9833 35.6854 31.3992
threshold=-0.0049950752872973672 0.021769763901829723 0.2562058717012406 -0.58333334326744068 0.93596476316452037 0.01746934745460749 0.033671133220195777 1.0503394007682803 1.0159046053886416 1.1101068854331972 1.0355787277221682 0.97813132405281078 -0.015660735778510567 1.1366883516311648 -0.0018368525197729466 0.44510401785373693 0.7380579710006715 0.82800868153572094 -0.0004036672471556812 1.0405647158622744 -0.0034201989183202382 0.55489152669906627 0.070059292018413558 0.67948731780052196 0.0057416190393269071 -0.015768441371619698 -0.003729326068423688 0.78333333134651195 -0.2034482806921005 0.012670247349888088
decision_type=8 10 8 2 10 10 10 10 10 10 10 10 10 10 10 10 8 10 10 10 10 10 10 10 8 10 8 2 2 10
left_child=3 10 16 4 11 6 7 29 12 -10 15 -1 -8 18 -9 -2 24 -13 -7 20 21 -18 23 -19 -3 -21 -22 -20 -24 -4
right_child=1 2 5 -5 -6 13 8 14 9 -11 -12 17 -14 -15 -16 -17 19 22 27 25 26 -23 28 -25 -26 -27 -28 -29 -30 -31
leaf_value=-0.0044502117218022854 0.0015560181605922512 -0.00082222749309461996 0.0044798997075775259 0.00059899713455854181 -0.005799289973177575 -0.0086074987563256652 -0.011595407427834986 -4.7441350443427358e-05 0.0056687025922967458 0.0011316790861517637 -0.0092438443031064681 0.020782529272023752 0.00058290784703616627 0.0049130703516155018 -0.0025139691595972942 0.00011851075179368113 0.0088832487098050774 -7.8228977039268539e-05 -0.0026677105656457969 0.0067636494286142197 0.00076291278609488475 -0.00076928073714781209 0.024362457061734268 0.0085846774379439127 0.0092630539254138656 -0.0030232278295877048 -0.0019592486349084997 0.0017137670197378224 0.00079478195587977425 0.00021050602510319102
leaf_weight=268 36596 671 1598 4616 393 1000 303 12767 5897 8374 511 299 20773 848 17244 49476 1016 694 11693 329 5559 997 235 2084 633 19540 21251 1934 112 45413
leaf_count=268 36596 671 1598 4616 393 1000 303 12767 5897 8374 511 299 20773 848 17244 49476 1016 694 11693 329 5559 997 235 2084 633 19540 21251 1934 112 45413
internal_value=2.5699e-06 -0.000110994 -0.000492432 0.0034805 0.0066447 -5.70339e-05 0.000218177 -0.0003491 0.00146227 0.00303275 0.000668943 0.00807425 0.000382778 -0.00207249 -0.0014754 0.000733413 -0.00159932 0.00916181 -0.00250412 -0.00175464 -0.00099498 0.00399444 0.00782946 0.0063282 0.00391285 -0.00283945 -0.00138348 -0.00202229 0.0180309 0.000363854
internal_weight=273124 264423 177840 8701 4085 127844 112369 77022 35347 14271 86583 3692 21076 15475 30011 86072 49996 3424 14627 48692 28823 2013 3125 2778 1304 19869 26810 13627 347 47011
internal_count=273124 264423 177840 8701 4085 127844 112369 77022 35347 14271 86583 3692 21076 15475 30011 86072 49996 3424 14627 48692 28823 2013 3125 2778 1304 19869 26810 13627 347 47011
is_linear=0
shrinkage=0.03


Tree=3
num_leaves=31
num_cat=0
split_feature=26 38 26 39 33 25 64 25 10 45 38 17 11 138 116 127 31 138 136 1 100 34 28 155 38 50 14 3 71 13
split_gain=123.577 106.085 86.1681 84.5725 65.2495 64.1811 63.4577 60.7296 66.5091 77.5892 73.2993 63.0743 60.2448 61.4469 65.7276 54.4439 49.0831 48.312 65.3847 45.6423 63.3471 43.0618 41.5212 41.3985 39.9348 39.4378 38.8402 33.487 32.8486 32.6562
threshold=0.07284224778413774 -0.0011431621387600897 0.021648212336003784 0.01746934745460749 0.26178121566772466 0.042319050058722503 0.4083333313465119 0.033671133220195777 1.0159046053886416 1.0978901386260989 -0.014360066037625073 1.0503394007682803 0.97092422842979442 0.61480334401130687 0.64885494112968456 0.33969973027706152 0.0052518423181027183 0.75289461016654979 0.75890240073204052 0.070059292018413558 0.36602871119976049 0.29398503899574285 -0.0068012704141437999 0.034481946378946311 -0.0011431621387600897 0.77039915323257457 0.87782910466194164 0.012437766883522274 0.79220712184906017 1.0236803889274599
decision_type=8 8 10 10 8 10 10 10 10 10 10 10 10 10 10 10 10 10 10 10 2 10 10 10 10 10 8 8 10 10
left_child=2 5 6 4 12 28 27 11 10 -10 -9 -6 13 -4 -15 17 -5 21 25 23 -21 -7 29 -3 -13 -19 -24 -1 -2 -14
right_child=1 19 3 16 7 15 -8 8 9 -11 -12 24 22 14 -16 -17 -18 18 -20 20 -22 -23 26 -25 -26 -27 -28 -29 -30 -31
leaf_value=-3.279954886301415e-05 0.00060812716379530672 0.0014449634691099181 -0.0061237894001004173 -0.0025365796859687889 0.00044262884859236427 -0.0034136866490822285 0.0014613911397201285 -0.012408222675909875 0.0060037232549619603 0.0011262475153301509 0.00047311865044990327 -0.00013396928656678861 -0.024307857082864311 0.0094587175756935243 -0.0039862112647093481 -0.00061447415613744222 0.0036108146092902397 0 0.0014566395069883548 0.017036362591125995 0 0.0073068286447649225 0.013580472128940563 -0.0039177601228679512 -0.0023218029946527746 0.014551750793489499 -0.0013959148158504419 -0.00593667191819253 -0.015265184724612123 0
leaf_weight=36268 367 3412 413 20330 47396 455 48179 385 4804 8038 19666 14530 109 1336 383 603 1184 183 594 317 474 962 133 2033 16236 1988 41156 869 133 102
leaf_count=36268 367 3412 413 20330 47396 455 48179 385 4804 8038 19666 14530 109 1336 383 603 1184 183 594 317 474 962 133 2033 16236 1988 41156 869 133 102
internal_value=9.43061e-05 0.00313265 -3.86288e-05 -0.000418636 -0.000171295 0.00625557 0.00074259 0.000212658 0.0012951 0.00298066 0.000198719 -0.000239247 -0.00115508 0.00370259 0.00627923 0.00734361 -0.00218129 0.00855994 0.010921 0.000426483 0.00709263 0.00365609 -0.00141352 -0.000509432 -0.00129905 0.0133367 -0.00133386 -0.000182144 -0.00346198 -0.0142385
internal_weight=273038 11521 261517 176201 154687 5285 85316 111055 32893 12842 20051 78162 43632 2132 1719 4785 21514 4182 2765 6236 791 1417 41500 5445 30766 2171 41289 37137 500 211
internal_count=273038 11521 261517 176201 154687 5285 85316 111055 32893 12842 20051 78162 43632 2132 1719 4785 21514 4182 2765 6236 791 1417 41500 5445 30766 2171 41289 37137 500 211
is_linear=0
shrinkage=0.03


Tree=4
num_leaves=31
num_cat=0
split_feature=16 25 40 71 29 22 41 16 30 137 86 13 10 159 85 6 34 51 58 36 86 25 33 33 36 16 22 47 118 3
split_gain=144.813 79.0212 69.2748 86.4928 60.9081 75.5681 69.2791 59.607 65.9523 61.0575 52.0293 50.4356 48.9065 48.8804 46.0881 45.7565 43.0946 43.3944 44.954 44.7134 47.1281 41.5292 37.2718 64.4032 56.2343 36.3936 48.7237 45.6191 33.9902 33.7835
threshold=1.2206377983093264 0.012410786934196951 -0.030343431979417797 0.57792210578918468 -0.00043847461347468192 1.0944202542304995 -0.0374193787574768 0.93389892578125011 -0.0012749730376526711 0.54424685239791881 -0.55000001192092884 1.070549547672272 1.0174682140350344 -0.056070717051625245 -0.17500000447034833 0.090913083404302611 0.87956127524375927 0.97748222947120678 1.043700158596039 0.80461445450782787 -0.84999999403953541 0.021307645365595821 0.90660479664802562 0.64705893397331249 0.78832495212554943 1.1604010462760928 1.1574864387512209 1.2774967551231386 0.58208903670310985 0.014814799185842277
decision_type=10 10 10 10 10 10 10 8 10 10 2 10 10 8 2 10 10 10 10 10 2 10 10 10 10 8 10 10 10 10
left_child=1 -1 3 25 7 6 21 8 14 11 15 -9 -8 -5 -4 -7 17 19 22 -2 -21 -6 23 -19 -25 26 28 -27 -3 -11
right_child=16 2 4 13 5 10 12 9 -10 29 -12 -13 -14 -15 -16 -17 -18 18 -20 20 -22 -23 -24 24 -26 27 -28 -29 -30 -31
leaf_value=0.0012933413505669688 0.0026054334719893524 -0.0099746115741104566 -0.013511774125964502 0.0075445977621852438 0.0023135144844534808 0 -0.00027302419240286357 -0.0014104453657579389 -0.002278847969566896 0.00052520536273230659 -0.00027618510793344617 0.0048650459746539879 0.0015305227824347282 0.0020120347544369116 0.00015021055563201391 0.0097244842449103544 0.013626061132058205 -0.0085479411271502485 0.01107588571785339 0.0011560154728105536 0.016245312475131599 -0.012573797502369578 -0.011288168108014095 -0.0063606516199652104 0.015636240525947261 0 -0.011322958761674395 0.0087419526035986614 0.00011241911181955017 -0.0055175454969261795
leaf_weight=34237 1230 287 877 2546 180 526 93236 61651 5528 29300 1207 1135 15806 3787 238 1626 545 337 241 325 649 608 308 120 295 1249 339 920 13208 831
leaf_count=34237 1230 287 877 2546 180 526 93236 61651 5528 29300 1207 1135 15806 3787 238 1626 545 337 241 325 649 608 308 120 295 1249 339 920 13208 831
internal_value=3.24038e-05 -5.13663e-05 -0.000248575 0.00133689 -0.000416548 5.70329e-05 -7.62197e-05 -0.000957875 -0.00371069 -0.000757081 0.00447747 -0.00129071 -8.61061e-06 0.00430021 -0.01038 0.00725979 0.00564964 0.00425399 0 0.00680024 0.0116368 -0.00882876 -0.00279556 0.000496515 0.00858603 0.000141559 -0.000407108 0.00374978 -9.43489e-05 0.00034505
internal_weight=273372 269322 235085 22336 212749 113189 109830 99560 6643 92917 3359 62786 109042 6333 1115 2152 4050 3505 1301 2204 974 788 1060 752 415 16003 13834 2169 13495 30131
internal_count=273372 269322 235085 22336 212749 113189 109830 99560 6643 92917 3359 62786 109042 6333 1115 2152 4050 3505 1301 2204 974 788 1060 752 415 16003 13834 2169 13495 30131
is_linear=0
shrinkage=0.03


Tree=5
num_leaves=31
num_cat=0
split_feature=22 86 55 49 59 36 126 48 40 72 45 85 33 43 41 36 31 69 13 142 40 2 123 78 19 77 159 62 122 58
split_gain=96.5708 76.3423 78.9521 96.1324 71.9681 71.7532 69.2088 96.0894 62.7028 73.5953 61.864 60.5129 58.0413 77.2356 57.7683 56.0723 50.091 48.1735 47.1857 45.5005 44.5969 48.4934 38.9423 37.6877 35.1067 30.4937 38.2316 29.3371 28.3315 27.8705
threshold=1.1661723852157595 -0.81666666269302357 0.93731585144996654 0.8330044448375703 0.91861116886138927 0.79486623406410228 -0.2918287962675094 0.92190647125244152 -0.02971203904598951 0.72410574555397045 1.0269461274147036 0.82500001788139354 0.97826865315437328 1.0755487084388735 0.046067330986261375 0.91600802540779125 0.0045541797298938045 0.19565226882696155 1.1029161214828493 1.3964886665344241 -0.015236434061080216 -0.54545947909355152 -0.60655751824378956 0.30000000447034841 0.95633137226104747 0.19166667014360431 0.014314271043986084 1.026064455509186 0.61938127875328075 1.0000506639480593
decision_type=10 2 8 8 10 10 10 10 10 10 10 2 10 10 10 10 10 10 10 8 10 10 10 10 10 2 10 10 10 10
left_child=1 20 5 4 19 11 7 -2 9 18 14 16 13 25 -10 -12 23 -11 -5 -4 21 22 -1 -3 -22 26 -9 -23 -29 -8
right_child=6 2 3 8 -6 -7 29 12 10 17 15 -13 -14 -15 -16 -17 -18 -19 -20 -21 24 27 -24 -25 -26 -27 -28 28 -30 -31
leaf_value=0.000444141958768781 0.020669683176905863 -0.0041343150650557763 0.017406105600637135 0.0013266648716764523 -0.0032255768965481837 0.001896505403623129 0.0016208788628388384 -0.0076447824704498693 0.00082754903496931609 0.01228230137352701 -0.00051489437107530959 -0.018475663290373784 -0.01121939936150927 0.0089782957864096673 -0.0022031795560912629 0.0054520562757615389 -0.014802814311039476 0.0035378067118128778 -0.0044059836992251513 0.0028526617068756572 -0.010955113471923943 -0.00049413497545210616 -0.0063839939883264234 0.01140889884047811 -0.00063396888321664278 0.0052805862781387198 0.0061964900246373987 -0.0096134419693192242 -0.0025665734173134871 -0.006687655529975715
leaf_weight=3000 358 548 601 15946 321 704 854 625 75354 786 133041 455 173 2047 6055 1405 288 2655 1368 374 286 782 955 166 19364 531 209 1924 902 564
leaf_count=3000 358 548 601 15946 321 704 854 625 75354 786 133041 455 173 2047 6055 1405 288 2655 1368 374 286 782 955 166 19364 531 209 1924 902 564
internal_value=0 -7.95106e-05 9.006e-05 0.000143366 0.00823193 -0.00558843 0.00397969 0.00603171 9.71026e-05 0.00167168 -5.30484e-05 -0.00938486 0.00438017 0.0053193 0.000597961 -0.000449505 -0.00468249 0.00568135 0.000851853 0.0122946 -0.00158541 -0.00355193 -0.00115298 0 -0.000810428 -1.65014e-06 -0.00376099 -0.00607806 -0.00750348 -0.00152221
internal_weight=272641 267280 240067 237906 1296 2161 5361 3943 236610 20755 215855 1457 3585 3412 81409 134446 1002 3441 17314 975 27213 7563 3955 714 19650 1365 834 3608 2826 1418
internal_count=272641 267280 240067 237906 1296 2161 5361 3943 236610 20755 215855 1457 3585 3412 81409 134446 1002 3441 17314 975 27213 7563 3955 714 19650 1365 834 3608 2826 1418
is_linear=0
shrinkage=0.03


Tree=6
num_leaves=31
num_cat=0
split_feature=16 25 27 26 158 35 47 10 18 7 6 120 40 125 23 30 140 36 23 46 120 0 102 34 76 37 69 110 46 88
split_gain=127.411 81.1359 62.7608 53.0986 60.6722 57.3734 59.1635 49.9114 47.2923 61.9517 58.0367 45.6481 49.5716 45.8936 42.229 41.9768 45.3054 41.8803 45.704 39.6874 39.28 38.0183 37.3746 39.0272 27.1025 26.9789 25.763 23.6111 23.2984 22.429
threshold=1.2206377983093264 0.012410786934196951 0.073694020509719863 0.021648212336003784 -7.0041322032921003e-05 0.7827739715576173 1.0505694150924685 1.0355787277221682 0.94259545207023632 0.023314465768635276 0.066667936742305769 0.31299947202205664 -0.03913192264735698 0.51111125946044933 0.047230407595634467 -0.0071641574613749972 0.81745141744613659 0.79486623406410228 0.016831624321639541 1.0106623172760012 0.24915347993373874 -0.010059737600386141 0.54316771030426036 0.40543523430824285 0.58333334326744091 0.65855157375335704 0.91111251711845409 -0.35147058963775629 1.082771956920624 0.58033043146133434
decision_type=10 10 10 10 10 10 10 10 10 10 10 10 10 10 10 10 10 10 10 10 10 10 2 10 2 10 10 2 8 10
left_child=1 25 3 7 5 6 -5 19 10 11 29 13 -13 -10 20 16 27 -18 -19 -3 -11 -7 23 -6 -24 28 -12 -2 -1 -4
right_child=15 2 8 4 22 21 -8 -9 9 14 26 12 -14 -15 -16 -17 17 18 -20 -21 -22 -23 24 -25 -26 -27 -28 -29 -30 -31
leaf_value=0.001031271424804822 -0.0057322274509685675 0.0025251045913801248 -0.027765854908146464 0.0016528690217605454 -0.00071566819443715196 0.0032024980812457053 -0.00098184607390532173 -0.0096285669084905205 0.0074178318779170565 -0.0036719535593026167 0.0096348085937986386 0.0034851674403744959 -0.00047609696660860199 -0.0013143870706180205 -0.0098439394522018813 0.00074600031151496565 0.0037958397419077523 -0.00033660385839379673 0.015423210684621052 0.00011444198190031997 0.0053837712857979225 0.00014732894859691923 -0.0017724693148961483 -0.0022480129903569976 0.0010518872765582104 0.0027336543670562958 -0.007172537912421565 0.0054719047365337616 -0.002695537380779565 -0.0035863598034484314
leaf_weight=23765 285 7106 114 9069 25979 6738 47263 425 1572 419 139 3309 19286 733 158 1370 835 151 1066 47211 4826 8495 4574 37736 9063 8968 144 355 1554 100
leaf_count=23765 285 7106 114 9069 25979 6738 47263 425 1572 419 139 3309 19286 733 158 1370 835 151 1066 47211 4826 8495 4574 37736 9063 8968 144 355 1554 100
internal_value=2.50452e-05 -5.37458e-05 -0.000254185 -0.000446101 -0.000740419 -0.000106233 -0.000551918 0.000349045 0.00100455 0.00116597 -0.00792137 0.000518862 9.33272e-05 0.0045245 0.00407995 0.00528615 0.00746354 0.00962234 0.0132515 0.00043615 0.00459217 0.00152081 -0.0013231 -0.00162835 8.13918e-05 0.00130749 0.000183625 5.50743e-06 0.000788745 -0.0190213
internal_weight=272808 268746 234459 203659 148917 71565 56332 54742 30800 30303 497 24900 22595 2305 5403 4062 2692 2052 1217 54317 5245 15233 77352 63715 13637 34287 283 640 25319 214
internal_count=272808 268746 234459 203659 148917 71565 56332 54742 30800 30303 497 24900 22595 2305 5403 4062 2692 2052 1217 54317 5245 15233 77352 63715 13637 34287 283 640 25319 214
is_linear=0
shrinkage=0.03


Tree=7
num_leaves=31
num_cat=0
split_feature=16 26 40 71 85 1 122 55 49 14 115 39 13 33 158 113 24 16 33 138 80 52 16 35 34 138 146 161 28 37
split_gain=114.355 66.9348 62.6481 85.1055 54.4913 47.7663 79.7843 47.4229 115.167 69.258 79.0532 68.0274 66.9307 47.4347 47.3168 42.4072 40.1765 65.5876 57.6648 74.8274 41.8181 39.7835 59.8135 40.8752 36.7505 34.4103 41.1702 33.6497 32.7553 32.1582
threshold=1.2394970059394839 0.019933737814426426 -0.030976872891187664 0.56363680958747875 0.67499998211860668 0.055469902232289321 0.63514512777328502 0.93731585144996654 0.8330044448375703 0.88698756694793712 0.74207225441932689 0.032036369666457183 0.93799662590026867 0.2562058717012406 -0.00067218439653515805 0.58974376320838939 0.041003445163369186 0.82715803384780895 0.921093910932541 1.0703798532485964 0.22500000149011615 0.98250374197959911 1.1561278104782107 0.70518198609352123 0.1132720857858658 0.64176785945892345 0.50583028793334972 -0.47991427779197687 -0.016864951699972149 0.21179148554801944
decision_type=10 10 10 8 2 10 10 10 10 8 10 10 8 8 8 10 10 8 10 10 2 10 8 10 10 10 8 10 10 8
left_child=1 15 3 4 21 25 -7 16 11 10 -10 12 -9 -11 28 -1 17 -4 19 -18 -19 23 -23 -3 29 26 -2 -6 -5 -16
right_child=5 2 7 14 27 6 -8 8 9 13 -12 -13 -14 -15 24 -17 18 20 -20 -21 -22 22 -24 -25 -26 -27 -28 -29 -30 -31
leaf_value=0.0001060718532057032 0.0036256652760658426 0.0010268172295030758 0.012825889474744726 0.01740589214653215 -0.011975978957953074 0.0036466109757172637 0.021305240697593295 0.019210438149866095 0.0089787488627474533 -0.0014027634868169455 -0.0030322926336709757 -0.0057746409728299366 0.0034968352247549293 -0.00032116724976155413 0.015994644167975251 0.0016320385642780049 -0.019615929723737855 -0.012917270863919188 0.00044514266275909054 -0.0013621132469939696 0.0015306329744881097 -0.0047407009872815547 0.0027661696850795519 0.011228436386759673 -0.002578164176973278 0.0048513315662479777 -0.013646557422412256 0 0.0051495209051630872 0.0014031808114240703
leaf_weight=44634 219 8733 239 218 522 650 400 514 1383 53141 701 217 574 119931 183 26322 523 299 410 387 335 2663 1414 358 1339 1591 207 345 3918 605
leaf_count=44634 219 8733 239 218 522 650 400 514 1383 53141 701 217 574 119931 183 26322 523 299 410 387 335 2663 1414 358 1339 1591 207 345 3918 605
internal_value=-4.5978e-05 -0.000112724 -0.00039581 0.00117794 -0.000100188 0.00569345 0.0109266 -0.000576405 -0.000519709 -0.000587899 0.00480556 0.00827691 0.0114039 -0.000655124 0.00408111 0.000676675 -0.00495696 0 -0.00821972 -0.0123719 -0.00501106 0.00036241 -0.00206312 0.00148525 0.000288857 0.00274141 -0.00433012 -0.00731411 0.00594837 0.00547512
internal_weight=272975 269908 198952 20298 14035 3067 1050 178654 176461 175156 2084 1305 1088 173072 6263 70956 2193 873 1320 910 634 13168 4077 9091 2127 2017 426 867 4136 788
internal_count=272975 269908 198952 20298 14035 3067 1050 178654 176461 175156 2084 1305 1088 173072 6263 70956 2193 873 1320 910 634 13168 4077 9091 2127 2017 426 867 4136 788
is_linear=0
shrinkage=0.03


Tree=8
num_leaves=31
num_cat=0
split_feature=16 26 39 50 115 79 58 85 12 23 113 42 5 4 86 1 48 2 23 36 140 59 56 79 81 87 77 31 86 1
split_gain=119.841 73.9747 68.7879 63.3673 83.0216 69.504 127.634 50.9726 48.9069 53.6842 45.5942 44.8328 98.8419 59.7025 42.6111 55.1171 45.6909 41.3104 40.1211 49.3117 76.8919 36.5395 43.9656 58.5296 43.0804 35.6909 37.5545 35.6459 35.018 30.0409
threshold=1.2206377983093264 0.021392118185758594 0.01746934745460749 0.87559667229652416 0.74207225441932689 0.15000000223517421 1.0057451725006106 0.67499998211860668 0.98512974381446849 0.0081064738333225268 0.56756743788719188 -0.077859010547399507 0.0033333420287817721 0.4255331158638001 -0.81666666269302357 0.017797594889998439 0.97961786389350902 -0.58334097266197193 0.017329806461930278 0.80461445450782787 0.73748964071273815 0.87291401624679577 0.98715078830719005 0.55000001192092907 0.050000002607703216 -0.67500001192092884 0.47499999403953558 -0.0013240776024758814 0.78333333134651195 0.036666689440608032
decision_type=10 10 8 10 10 2 10 2 10 10 10 10 10 10 2 10 10 10 10 10 10 10 10 2 2 2 2 10 2 10
left_child=1 10 3 4 5 7 -7 -3 -6 -10 29 12 -5 -14 15 -13 -16 27 -2 -20 -21 28 23 -23 -24 -12 -27 -4 -19 -1
right_child=18 2 17 11 8 6 -8 -9 9 -11 25 14 13 -15 16 -17 -18 21 19 20 -22 22 24 -25 -26 26 -28 -29 -30 -31
leaf_value=0.00020779673165776121 -0.0010454174388814486 0.0072205446090219264 -0.0025229968823795349 -0.002560544946674593 -0.011840872622060974 -0.00057765083505840185 0.015733199277892709 0.001805256292220074 -0.011630097843450007 6.5947981488080572e-05 0.0044039933850426672 1.1669801234311369e-05 0.0059060907998781664 -0.0024198601801034727 -0.00097410315198564513 -0.003448422702928779 0.00020531728915249229 -0.018919163925248741 0.0025542983300196487 -0.0038452038360322427 0.012869488401181095 -0.0015856374072215325 -0.0077755101728798192 0.0050615055444963057 -0.0018097822865906562 0.00026035680819720274 0.0024455358105250412 -0.020175163491962935 -0.00038317963493544752 -0.0048216515829671309
leaf_weight=49573 703 3712 306 2875 390 6326 442 3031 362 4068 3533 7042 4101 886 53703 9483 65027 201 1695 258 1430 3037 1193 1901 16449 17450 12318 192 218 1070
leaf_count=49573 703 3712 306 2875 390 6326 442 3031 362 4068 3533 7042 4101 886 53703 9483 65027 201 1695 258 1430 3037 1193 1901 16449 17450 12318 192 218 1070
internal_value=6.59867e-06 -6.99685e-05 -0.000406205 -0.000183322 0.00147295 0.00268701 0.000486589 0.00484325 -0.00186526 -0.00087036 0.000667173 -0.000397735 0.00179318 0.00436321 -0.000527551 -0.00195757 -0.000325697 -0.00192342 0.00509415 0.00645678 0.010124 -0.00171743 -0.00153368 0.000922924 -0.00223853 0.00152963 0.00117569 -0.010424 -0.0104153 9.37501e-05
internal_weight=272975 268889 184945 161448 18331 13511 6768 6743 4820 4430 83944 143117 7862 4987 135255 16525 118730 23497 4086 3383 1688 22999 22580 4938 17642 33301 29768 498 419 50643
internal_count=272975 268889 184945 161448 18331 13511 6768 6743 4820 4430 83944 143117 7862 4987 135255 16525 118730 23497 4086 3383 1688 22999 22580 4938 17642 33301 29768 498 419 50643
is_linear=0
shrinkage=0.03


Tree=9
num_leaves=31
num_cat=0
split_feature=16 26 86 55 49 33 40 53 26 14 19 41 51 86 36 24 33 19 1 28 18 85 159 31 83 87 33 48 98 33
split_gain=117.963 61.2133 64.305 79.739 75.6722 58.6699 54.8937 57.8243 45.7363 42.1858 51.6634 42.0603 48.0758 41.5913 37.6242 47.0157 52.8861 63.8636 43.5652 65.0027 36.5997 34.8173 34.6096 67.7399 33.8854 32.5484 34.8133 28.7833 47.0944 28.2211
threshold=1.2206377983093264 0.016480826772749427 0.78333333134651195 0.93731585144996654 0.8330044448375703 0.93002739548683178 -0.033931845799088471 1.0790681242942812 0.10559292510151864 0.87782910466194164 0.95633137226104747 -0.035205749794840806 0.80077409744262706 0.45000000298023229 0.68607735633850109 0.042756585404276855 0.55903378129005443 1.0166031122207644 0.051660547032952316 -0.02607801184058189 1.0002391338348391 0.87500000000000011 -0.079962868243455873 0.0056408231612294921 0.70000001788139354 -0.49166665971279139 0.94545435905456554 0.98665106296539318 0.36666667461395269 0.59111189842224132
decision_type=10 10 2 10 10 10 10 10 10 8 10 10 10 2 10 10 10 10 10 10 10 2 10 10 8 2 10 10 2 10
left_child=1 -1 3 21 5 8 7 22 -5 13 -11 12 -8 -6 -2 16 17 20 19 -17 -16 24 23 -4 -3 29 -27 -18 -29 -13
right_child=14 2 6 4 9 -7 11 -9 -10 10 -12 25 -14 -15 15 18 27 -19 -20 -21 -22 -23 -24 -25 -26 26 -28 28 -30 -31
leaf_value=0.00095884443522270264 0.00041782045929012791 0.0025552308654904449 0.0027990701124634078 0.012997434041429657 0.011140102239945961 -0.007222507213933642 -0.016779684168946613 -0.0092773246769151038 -0.0036585609523474044 -0.0034208236649569922 -0.00039651035111679003 0.0015254733517584601 0 -0.0025833722310406823 -0.0021676243310673284 -0.010173448737458152 0 -0.012582210903429437 0.016835236573753892 0.009872448464517479 0.018371310758189513 -0.020372351866492347 0.0037929992402291283 0.023367595436518524 -0.010463962813765333 0.0010297211069420886 0.0066628778735930965 0.0026601217511740185 0.02185464011371924 -0.0080535586859999449
leaf_weight=43118 1232 247 328 822 531 174 234 154 139 5233 195207 401 462 253 134 157 296 326 638 626 110 202 846 318 408 18164 1054 314 221 617
leaf_count=43118 1232 247 328 822 531 174 234 154 139 5233 195207 401 462 253 134 157 296 326 638 626 110 202 846 318 408 18164 1054 314 221 617
internal_value=5.29313e-07 -7.5125e-05 -0.00027397 -0.00044384 -0.000403131 0.00723893 0.00124073 0.00650829 0.010257 -0.000448442 -0.000477298 0.000806379 -0.00628106 0.00638425 0.00506824 0.00697569 0.00272373 -0.00389659 0.0108636 0.00532615 0.00664567 -0.00948574 0.00843721 0.0137723 -0.00517975 0.00107092 0.00136087 0.00760212 0.0116314 -0.00403458
internal_weight=272966 268912 225794 203216 202359 1135 22578 1646 961 201224 200440 20932 696 784 4054 2822 1401 570 1421 783 244 857 1492 646 655 20236 19218 831 535 1018
internal_count=272966 268912 225794 203216 202359 1135 22578 1646 961 201224 200440 20932 696 784 4054 2822 1401 570 1421 783 244 857 1492 646 655 20236 19218 831 535 1018
is_linear=0
shrinkage=0.03


Tree=10
num_leaves=31
num_cat=0
split_feature=16 26 39 27 38 34 50 35 16 119 15 12 55 87 45 64 29 48 0 40 38 50 72 58 98 36 26 2 33 84
split_gain=95.7061 67.6904 59.0235 65.3791 64.9223 47.2978 45.8853 62.7561 47.2115 44.3762 42.9415 42.7287 41.608 55.854 41.8263 39.9328 38.4394 37.3064 40.4538 41.2634 39.8789 36.4302 45.1355 39.0525 43.3097 36.9344 39.8888 30.3818 30.3147 28.2732
threshold=1.2206377983093264 0.019933737814426426 0.01746934745460749 0.067807160317897811 -0.022880334407091137 0.87956127524375927 0.86872366070747387 0.88981676101684581 0.7394753396511079 0.85263139009475719 1.1418217420578005 0.98570287227630626 1.0041179656982424 0.94166666269302379 1.1115537285804751 0.4083333313465119 -0.0013969257706776259 0.85566958785057079 -0.0025608373107388611 0.049120288342237479 -0.010084036272019146 0.97756242752075206 0.010694944299757482 1.043700158596039 0.36666667461395269 0.80461445450782787 0.081169772893190398 -0.47059285640716547 0.32257997989654547 -0.55000001192092884
decision_type=10 10 10 10 8 10 10 10 8 8 10 10 10 2 10 10 10 10 10 10 10 10 10 10 2 10 10 10 10 2
left_child=1 15 3 4 -3 21 7 8 -5 16 17 -9 13 -8 -14 -1 -6 20 19 -19 -4 25 23 24 -23 -2 -27 -11 -12 -24
right_child=5 2 10 6 9 -7 12 11 -10 27 28 -13 14 -15 -16 -17 -18 18 -20 -21 -22 22 29 -25 -26 26 -28 -29 -30 -31
leaf_value=-0.00011020722692982417 0.0016723274385662017 -0.0094229382821805503 0.001999587423973874 -0.0047871830168218056 -0.0011474557579441902 0.012908743212373456 -0.0030057356484491748 -0.018428983466927798 0.0048425334645154127 0.0042178376339266736 -0.00080372401109297703 -0.00074978132041151376 0.002200181579384901 0.010506381537127015 -0.00062852773747828247 0.001317612311352473 -0.00011060293663117538 -0.007562667067167783 -0.001454971100384318 0.0075919367974635471 -0.013664232121403413 -0.0074974177432779203 -0.0090373909050322256 0.017036644092829682 0.012382547199726104 0 0.013305312648404203 0 0.0076693968521529743 0.0025499090611119752
leaf_weight=30614 1221 707 158 447 54223 532 4431 127 6327 2994 693 1061 11057 266 7939 40406 80932 1695 20396 143 469 237 556 163 140 241 728 3188 688 220
leaf_count=30614 1221 707 158 447 54223 532 4431 127 6327 2994 693 1061 11057 266 7939 40406 80932 1695 20396 143 469 237 556 163 140 241 728 3188 688 220
internal_value=-2.47999e-05 -9.48788e-05 -0.000380935 -0.000185381 -0.000461621 0.00454651 0.00104422 0.00301683 0.00415071 -0.000413345 -0.00176845 -0.0031619 0.000366687 -0.00213562 0.00100278 0.000698053 -0.000528907 -0.00208746 -0.00186201 -0.00615312 -0.00931357 0.00312652 -0.000614882 0.00566442 0 0.00549575 0.00987892 0.00205832 0.00325259 -0.00539392
internal_weight=272999 268961 197941 173699 142044 4038 31655 7962 6774 141337 24242 1188 23693 4697 18996 71020 135155 22861 22234 1838 627 3506 1316 540 377 2190 969 6182 1381 776
internal_count=272999 268961 197941 173699 142044 4038 31655 7962 6774 141337 24242 1188 23693 4697 18996 71020 135155 22861 22234 1838 627 3506 1316 540 377 2190 969 6182 1381 776
is_linear=0
shrinkage=0.03


Tree=11
num_leaves=31
num_cat=0
split_feature=16 86 40 18 19 36 25 42 122 110 82 33 56 13 13 30 83 33 61 41 12 5 136 137 140 38 119 27 26 42
split_gain=108.181 62.7537 48.3793 59.9864 55.2596 53.4588 49.6811 51.5567 47.5289 41.0206 40.9285 40.7172 50.8711 40.213 40.0236 46.9078 40.2836 49.9516 45.7524 37.9027 37.7681 36.0734 34.598 33.6465 33.2154 32.2051 44.2489 29.1495 28.7007 28.6247
threshold=1.2206377983093264 -0.81666666269302357 -0.02971203904598951 1.024536728858948 1.0388434529304507 0.82335302233695995 0.012543265242129566 -0.065122894942760454 0.6606060564517976 0.24264705926179889 0.87500000000000011 0.96601486206054699 1.1637761592864992 0.98087960481643688 1.1147735714912417 -0.0050177341327071181 -0.50000001490116108 0.36764404177665716 0.97246912121772777 -1.0000000180025095e-35 1.0187831521034243 0.013333320152014496 0.63567078113555919 1.0012832880020144 0.76692378520965587 -0.0032786626834422346 0.64242443442344677 0.095824528485536589 0.045465329661965377 -0.06683743372559546
decision_type=10 2 10 10 10 10 8 10 10 2 2 10 10 8 10 10 10 8 8 10 10 10 10 10 10 10 10 10 10 10
left_child=1 8 5 6 19 14 -4 13 21 20 -9 12 29 -8 16 -16 18 -18 -3 -5 -7 22 27 24 -14 26 -26 -1 -17 -2
right_child=11 2 3 4 -6 9 7 10 -10 -11 -12 -13 23 -15 15 28 17 -19 -20 -21 -22 -23 -24 -25 25 -27 -28 -29 -30 -31
leaf_value=-0.00200909597334325 -0.012086770911108364 0.0050219574708699867 0.0010924707859931366 -0.0072011749248679889 0.00058781101768320466 0.0071488212218688016 -0.0057531729161471841 -0.0004769237360470487 0.0031208210549065873 0.00099636207200736729 0.00077616279408625471 -0.0074183422613401558 0 0.0031938595579250818 0.0013546147221346772 -0.00041859336614020559 -0.0043229941414388278 0.001305011748261193 0.00098953321099171316 0.0014788357396402281 0.024937241179623492 -0.005587145054790456 0.0016264115545230604 0.00059655914058307391 0.026780145440632137 0.0062382583795422553 0.0099680284521944211 0.0061028459038263046 -0.016210814688353375 0.0016387635412864572
leaf_weight=20783 145 3747 32415 2622 1889 974 450 148538 1858 928 27689 194 376 5804 503 208 2203 3803 8593 473 132 2088 2831 618 229 1060 723 370 324 706
leaf_count=20783 145 3747 32415 2622 1889 974 450 148538 1858 928 27689 194 376 5804 503 208 2203 3803 8593 473 132 2088 2831 618 229 1060 723 370 324 706
internal_value=-1.38559e-05 -8.83399e-05 6.63446e-05 -6.49709e-05 -0.00331221 0.00142743 9.24638e-06 -0.000181627 -0.00143453 0.00605693 -0.000278269 0.00483869 0.00556767 0.00248598 0.000920371 -0.00470474 0.00125883 -0.000717052 0.00224438 -0.00577735 0.00994351 -0.0017728 -0.00142385 0.00739934 0.0090157 0.0105373 0.0147886 -0.00184741 -0.0108188 -0.000579305
internal_weight=273276 269225 241295 219880 4984 21415 214896 182481 27930 2034 176227 4051 3857 6254 19381 1035 18346 6006 12340 3095 1106 26072 23984 3006 2388 2012 952 21153 532 851
internal_count=273276 269225 241295 219880 4984 21415 214896 182481 27930 2034 176227 4051 3857 6254 19381 1035 18346 6006 12340 3095 1106 26072 23984 3006 2388 2012 952 21153 532 851
is_linear=0
shrinkage=0.03


end of trees

feature_importances:
RSQR5=17
ROC30=14
STD30=12
IMXD30=12
STD20=10
RSQR30=10
HIGH0=8
RESI5=8
RESI20=8
ROC5=7
KLEN=6
BETA20=6
BETA30=6
RSQR10=6
RESI10=6
ROC60=5
MA10=5
RSQR20=5
RESI30=5
RESI60=5
MAX20=5
QTLU20=5
IMXD20=5
WVMA5=5
WVMA20=5
KMID2=4
KUP=4
VWAP0=4
MA60=4
STD5=4
BETA10=4
BETA60=4
MIN5=4
MIN10=4
MIN20=4
QTLD5=4
SUMP20=4
SUMN60=4
ORC_SIGNED_IMPACT_SHOCK_20=4
KLOW=3
KLOW2=3
ROC10=3
ROC20=3
MA5=3
STD60=3
BETA5=3
MAX30=3
MIN30=3
RANK10=3
RSV30=3
IMXD60=3
SUMN10=3
VSTD60=3
ORC_RETURN_PER_VOLUME_SURPRISE_20=3
KMID=2
KUP2=2
STD10=2
RSQR60=2
MAX10=2
MAX60=2
MIN60=2
QTLU5=2
QTLU30=2
QTLD10=2
RSV10=2
RSV60=2
IMAX60=2
IMIN10=2
IMIN20=2
IMXD5=2
CNTP5=2
CNTP20=2
CNTD20=2
CNTD30=2
SUMP5=2
SUMN5=2
SUMN20=2
VSTD30=2
KSFT=1
OPEN0=1
LOW0=1
MAX5=1
QTLU60=1
QTLD20=1
QTLD30=1
QTLD60=1
IMAX30=1
IMIN5=1
IMIN30=1
IMIN60=1
IMXD10=1
CORR5=1
CNTP60=1
SUMP10=1
SUMP30=1
SUMD5=1
SUMD20=1
SUMD30=1
SUMD60=1
WVMA60=1
VSUMP30=1
VSUMD20=1
ORC_VOLUME_CLIMAX_10=1

parameters:
[boosting: gbdt]
[objective: regression]
[metric: l2]
[tree_learner: serial]
[device_type: cpu]
[data_sample_strategy: bagging]
[data: ]
[valid: ]
[num_iterations: 500]
[learning_rate: 0.03]
[num_leaves: 31]
[num_threads: 12]
[seed: 20260814]
[deterministic: 1]
[force_col_wise: 1]
[force_row_wise: 0]
[histogram_pool_size: -1]
[max_depth: 7]
[min_data_in_leaf: 100]
[min_sum_hessian_in_leaf: 0.001]
[bagging_fraction: 0.8]
[pos_bagging_fraction: 1]
[neg_bagging_fraction: 1]
[bagging_freq: 1]
[bagging_seed: 20260814]
[bagging_by_query: 0]
[feature_fraction: 0.8]
[feature_fraction_bynode: 1]
[feature_fraction_seed: 20260814]
[extra_trees: 0]
[extra_seed: 17475]
[early_stopping_round: 0]
[early_stopping_min_delta: 0]
[first_metric_only: 0]
[max_delta_step: 0]
[lambda_l1: 10]
[lambda_l2: 20]
[linear_lambda: 0]
[min_gain_to_split: 0]
[drop_rate: 0.1]
[max_drop: 50]
[skip_drop: 0.5]
[xgboost_dart_mode: 0]
[uniform_drop: 0]
[drop_seed: 29730]
[top_rate: 0.2]
[other_rate: 0.1]
[min_data_per_group: 100]
[max_cat_threshold: 32]
[cat_l2: 10]
[cat_smooth: 10]
[max_cat_to_onehot: 4]
[top_k: 20]
[monotone_constraints: ]
[monotone_constraints_method: basic]
[monotone_penalty: 0]
[feature_contri: ]
[forcedsplits_filename: ]
[refit_decay_rate: 0.9]
[cegb_tradeoff: 1]
[cegb_penalty_split: 0]
[cegb_penalty_feature_lazy: ]
[cegb_penalty_feature_coupled: ]
[path_smooth: 0]
[interaction_constraints: ]
[verbosity: 1]
[saved_feature_importance_type: 0]
[use_quantized_grad: 0]
[num_grad_quant_bins: 4]
[quant_train_renew_leaf: 0]
[stochastic_rounding: 1]
[linear_tree: 0]
[max_bin: 255]
[max_bin_by_feature: ]
[min_data_in_bin: 3]
[bin_construct_sample_cnt: 200000]
[data_random_seed: 20260812]
[is_enable_sparse: 1]
[enable_bundle: 1]
[use_missing: 1]
[zero_as_missing: 0]
[feature_pre_filter: 1]
[pre_partition: 0]
[two_round: 0]
[header: 0]
[label_column: ]
[weight_column: ]
[group_column: ]
[ignore_column: ]
[categorical_feature: ]
[forcedbins_filename: ]
[precise_float_parser: 0]
[parser_config_file: ]
[objective_seed: 27057]
[num_class: 1]
[is_unbalance: 0]
[scale_pos_weight: 1]
[sigmoid: 1]
[boost_from_average: 1]
[reg_sqrt: 0]
[alpha: 0.9]
[fair_c: 1]
[poisson_max_delta_step: 0.7]
[tweedie_variance_power: 1.5]
[lambdarank_truncation_level: 30]
[lambdarank_norm: 1]
[label_gain: ]
[lambdarank_position_bias_regularization: 0]
[eval_at: ]
[multi_error_top_k: 1]
[auc_mu_weights: ]
[num_machines: 1]
[local_listen_port: 12400]
[time_out: 120]
[machine_list_filename: ]
[machines: ]
[gpu_platform_id: -1]
[gpu_device_id: -1]
[gpu_device_id_list: ]
[gpu_use_dp: 0]
[num_gpu: 1]

end of parameters

pandas_categorical:null
