tree
version=v4
num_class=1
num_tree_per_iteration=1
label_index=0
max_feature_idx=359
objective=regression
feature_names=CLOSE59 CLOSE58 CLOSE57 CLOSE56 CLOSE55 CLOSE54 CLOSE53 CLOSE52 CLOSE51 CLOSE50 CLOSE49 CLOSE48 CLOSE47 CLOSE46 CLOSE45 CLOSE44 CLOSE43 CLOSE42 CLOSE41 CLOSE40 CLOSE39 CLOSE38 CLOSE37 CLOSE36 CLOSE35 CLOSE34 CLOSE33 CLOSE32 CLOSE31 CLOSE30 CLOSE29 CLOSE28 CLOSE27 CLOSE26 CLOSE25 CLOSE24 CLOSE23 CLOSE22 CLOSE21 CLOSE20 CLOSE19 CLOSE18 CLOSE17 CLOSE16 CLOSE15 CLOSE14 CLOSE13 CLOSE12 CLOSE11 CLOSE10 CLOSE9 CLOSE8 CLOSE7 CLOSE6 CLOSE5 CLOSE4 CLOSE3 CLOSE2 CLOSE1 CLOSE0 OPEN59 OPEN58 OPEN57 OPEN56 OPEN55 OPEN54 OPEN53 OPEN52 OPEN51 OPEN50 OPEN49 OPEN48 OPEN47 OPEN46 OPEN45 OPEN44 OPEN43 OPEN42 OPEN41 OPEN40 OPEN39 OPEN38 OPEN37 OPEN36 OPEN35 OPEN34 OPEN33 OPEN32 OPEN31 OPEN30 OPEN29 OPEN28 OPEN27 OPEN26 OPEN25 OPEN24 OPEN23 OPEN22 OPEN21 OPEN20 OPEN19 OPEN18 OPEN17 OPEN16 OPEN15 OPEN14 OPEN13 OPEN12 OPEN11 OPEN10 OPEN9 OPEN8 OPEN7 OPEN6 OPEN5 OPEN4 OPEN3 OPEN2 OPEN1 OPEN0 HIGH59 HIGH58 HIGH57 HIGH56 HIGH55 HIGH54 HIGH53 HIGH52 HIGH51 HIGH50 HIGH49 HIGH48 HIGH47 HIGH46 HIGH45 HIGH44 HIGH43 HIGH42 HIGH41 HIGH40 HIGH39 HIGH38 HIGH37 HIGH36 HIGH35 HIGH34 HIGH33 HIGH32 HIGH31 HIGH30 HIGH29 HIGH28 HIGH27 HIGH26 HIGH25 HIGH24 HIGH23 HIGH22 HIGH21 HIGH20 HIGH19 HIGH18 HIGH17 HIGH16 HIGH15 HIGH14 HIGH13 HIGH12 HIGH11 HIGH10 HIGH9 HIGH8 HIGH7 HIGH6 HIGH5 HIGH4 HIGH3 HIGH2 HIGH1 HIGH0 LOW59 LOW58 LOW57 LOW56 LOW55 LOW54 LOW53 LOW52 LOW51 LOW50 LOW49 LOW48 LOW47 LOW46 LOW45 LOW44 LOW43 LOW42 LOW41 LOW40 LOW39 LOW38 LOW37 LOW36 LOW35 LOW34 LOW33 LOW32 LOW31 LOW30 LOW29 LOW28 LOW27 LOW26 LOW25 LOW24 LOW23 LOW22 LOW21 LOW20 LOW19 LOW18 LOW17 LOW16 LOW15 LOW14 LOW13 LOW12 LOW11 LOW10 LOW9 LOW8 LOW7 LOW6 LOW5 LOW4 LOW3 LOW2 LOW1 LOW0 VWAP59 VWAP58 VWAP57 VWAP56 VWAP55 VWAP54 VWAP53 VWAP52 VWAP51 VWAP50 VWAP49 VWAP48 VWAP47 VWAP46 VWAP45 VWAP44 VWAP43 VWAP42 VWAP41 VWAP40 VWAP39 VWAP38 VWAP37 VWAP36 VWAP35 VWAP34 VWAP33 VWAP32 VWAP31 VWAP30 VWAP29 VWAP28 VWAP27 VWAP26 VWAP25 VWAP24 VWAP23 VWAP22 VWAP21 VWAP20 VWAP19 VWAP18 VWAP17 VWAP16 VWAP15 VWAP14 VWAP13 VWAP12 VWAP11 VWAP10 VWAP9 VWAP8 VWAP7 VWAP6 VWAP5 VWAP4 VWAP3 VWAP2 VWAP1 VWAP0 VOLUME59 VOLUME58 VOLUME57 VOLUME56 VOLUME55 VOLUME54 VOLUME53 VOLUME52 VOLUME51 VOLUME50 VOLUME49 VOLUME48 VOLUME47 VOLUME46 VOLUME45 VOLUME44 VOLUME43 VOLUME42 VOLUME41 VOLUME40 VOLUME39 VOLUME38 VOLUME37 VOLUME36 VOLUME35 VOLUME34 VOLUME33 VOLUME32 VOLUME31 VOLUME30 VOLUME29 VOLUME28 VOLUME27 VOLUME26 VOLUME25 VOLUME24 VOLUME23 VOLUME22 VOLUME21 VOLUME20 VOLUME19 VOLUME18 VOLUME17 VOLUME16 VOLUME15 VOLUME14 VOLUME13 VOLUME12 VOLUME11 VOLUME10 VOLUME9 VOLUME8 VOLUME7 VOLUME6 VOLUME5 VOLUME4 VOLUME3 VOLUME2 VOLUME1 VOLUME0
feature_infos=[-5.4038181304931641:12.207799911499023] [-5.4630842208862305:12.317498207092285] [-5.552156925201416:12.828096389770508] [-5.543860912322998:11.230463981628418] [-5.5617179870605469:11.448848724365234] [-5.6241564750671387:11.414474487304688] [-5.6825575828552246:9.6098718643188477] [-5.657966136932373:9.3752841949462891] [-5.5993099212646484:11.028009414672852] [-5.6313424110412598:11.904008865356445] [-5.6268739700317383:14.104987144470215] [-5.6736459732055664:14.119842529296875] [-5.6078968048095703:13.772034645080566] [-5.3474845886230469:16.204652786254883] [-5.0301141738891602:14.807033538818359] [-5.0154285430908203:14.420330047607422] [-5.4409685134887695:12.201403617858887] [-5.6576046943664551:11.266861915588379] [-5.748682975769043:10.175777435302734] [-5.7619786262512207:9.7804374694824219] [-5.837033748626709:10.43333911895752] [-5.7729997634887695:12.606629371643066] [-5.8598322868347168:10.490278244018555] [-5.8949131965637207:12.366391181945801] [-6.0229306221008301:12.926149368286133] [-6.1776113510131836:15.240093231201172] [-6.156036376953125:12.846419334411621] [-6.1175355911254883:13.303590774536133] [-6.2611255645751953:15.902070999145508] [-6.491330623626709:18.839191436767578] [-6.5942034721374512:22.150033950805664] [-6.6824989318847656:25.889287948608398] [-6.9009256362915039:22.514554977416992] [-6.7733120918273926:19.431056976318359] [-6.7470202445983887:18.610666275024414] [-6.8720340728759766:19.165328979492188] [-6.9760775566101074:17.714389801025391] [-7.0796875953674316:15.677718162536621] [-7.4749898910522461:14.608213424682617] [-7.5138611793518066:16.016225814819336] [-7.5265936851501465:16.216730117797852] [-7.7491507530212402:15.659536361694336] [-8.1944398880004883:16.027450561523438] [-8.3186569213867188:14.761478424072266] [-8.5568714141845703:13.908934593200684] [-8.3141460418701172:16.388105392456055] [-7.9301848411560059:15.731110572814941] [-7.5947170257568359:14.221858024597168] [-8.3242588043212891:15.788053512573242] [-9.2431402206420898:16.472049713134766] [-9.4991426467895508:15.732405662536621] [-9.9160194396972656:13.491730690002441] [-10.473063468933105:13.854236602783203] [-10.574273109436035:16.66523551940918] [-10.056805610656738:18.256818771362305] [-9.4071807861328125:15.396571159362793] [-8.5168867111206055:12.600017547607422] [-7.2752594947814941:9.7437820434570312] [-5.7883028984069824:11.24958610534668] [0:1] [-5.3939027786254883:10.705911636352539] [-5.3801994323730469:10.959723472595215] [-5.4286031723022461:11.38120174407959] [-5.5680313110351562:10.736789703369141] [-5.5342550277709961:10.087675094604492] [-5.558952808380127:10.053220748901367] [-5.594970703125:9.4435482025146484] [-5.6583342552185059:9.4323110580444336] [-5.6505732536315918:9.6716413497924805] [-5.5674500465393066:9.3488006591796875] [-5.6290454864501953:12.511114120483398] [-5.6344051361083984:12.523300170898438] [-5.6714987754821777:12.193946838378906] [-5.5976228713989258:14.438279151916504] [-5.3190979957580566:13.691545486450195] [-5.0197815895080566:12.763317108154297] [-5.0082345008850098:12.066287040710449] [-5.4853944778442383:10.058550834655762] [-5.6640167236328125:9.9871940612792969] [-5.7586402893066406:8.8968601226806641] [-5.7868266105651855:8.7311592102050781] [-5.8147773742675781:11.030464172363281] [-5.7806525230407715:10.364409446716309] [-5.8425917625427246:10.789878845214844] [-5.8936858177185059:11.296235084533691] [-6.0248398780822754:13.41217041015625] [-6.1962108612060547:12.685262680053711] [-6.1465163230895996:11.593866348266602] [-6.1146559715270996:13.187936782836914] [-6.2870941162109375:16.678976058959961] [-6.497774600982666:19.713329315185547] [-6.5631170272827148:23.145591735839844] [-6.6829066276550293:22.194005966186523] [-6.9077982902526855:19.136722564697266] [-6.6785674095153809:16.363210678100586] [-6.7857351303100586:15.58949089050293] [-6.9262762069702148:17.248769760131836] [-6.9641542434692383:15.060530662536621] [-7.1025972366333008:15.738567352294922] [-7.4681973457336426:13.973452568054199] [-7.478858470916748:15.671545028686523] [-7.5521197319030762:15.950857162475586] [-7.7583436965942383:15.710830688476562] [-8.1823797225952148:16.01679801940918] [-8.4201278686523438:14.733643531799316] [-8.4783000946044922:13.729578971862793] [-8.1252670288085938:16.373483657836914] [-7.763270378112793:15.379834175109863] [-7.5328803062438965:14.280837059020996] [-8.3767480850219727:15.992692947387695] [-9.5014057159423828:16.661792755126953] [-9.5703029632568359:14.481954574584961] [-9.9364843368530273:13.725786209106445] [-10.522650718688965:10.901738166809082] [-10.593387603759766:13.379806518554688] [-9.7370462417602539:13.903392791748047] [-11.401833534240723:11.473542213439941] [-11.157689094543457:14.136837959289551] [-10.897046089172363:13.387150764465332] [-11.330784797668457:11.485442161560059] [-5.3820013999938965:12.364547729492188] [-5.4294228553771973:12.475584030151367] [-5.4694676399230957:12.552258491516113] [-5.5374393463134766:11.467157363891602] [-5.5535435676574707:11.189560890197754] [-5.5764822959899902:11.157842636108398] [-5.6358404159545898:9.7485008239746094] [-5.6567521095275879:9.3603830337524414] [-5.5977020263671875:10.770561218261719] [-5.5960569381713867:11.628432273864746] [-5.6298618316650391:13.794612884521484] [-5.6596841812133789:13.809728622436523] [-5.5593347549438477:13.465097427368164] [-5.357581615447998:15.858750343322754] [-5.0450444221496582:14.478733062744141] [-5.0299372673034668:14.091922760009766] [-5.0308094024658203:11.90185546875] [-5.5345115661621094:11.404111862182617] [-5.6715240478515625:10.971304893493652] [-5.6430082321166992:10.426162719726562] [-5.8330845832824707:10.159341812133789] [-5.7179265022277832:12.296684265136719] [-5.8336644172668457:10.210969924926758] [-5.8502101898193359:12.057721138000488] [-5.9448437690734863:12.601513862609863] [-6.107874870300293:14.864160537719727] [-6.0690827369689941:12.517831802368164] [-6.1017847061157227:12.972479820251465] [-6.1716437339782715:15.531359672546387] [-6.3130483627319336:18.409242630004883] [-6.5198044776916504:21.656618118286133] [-6.6459999084472656:25.317371368408203] [-6.7865829467773438:22.012430191040039] [-6.7773442268371582:18.976459503173828] [-6.7013201713562012:18.154861450195312] [-6.8188552856445312:19.343141555786133] [-6.9306292533874512:18.877908706665039] [-6.9270119667053223:18.2635498046875] [-7.1876015663146973:15.764147758483887] [-7.4516735076904297:15.993157386779785] [-7.4186992645263672:16.368352890014648] [-7.6636042594909668:16.003454208374023] [-7.9494142532348633:15.889026641845703] [-8.0757808685302734:15.958135604858398] [-8.4526987075805664:14.689020156860352] [-8.303074836730957:15.909083366394043] [-7.8713383674621582:16.440237045288086] [-7.4928336143493652:15.491005897521973] [-7.8494901657104492:15.217290878295898] [-8.7483577728271484:16.283535003662109] [-9.3180007934570312:17.49163818359375] [-9.6569833755493164:14.919129371643066] [-10.237624168395996:14.029580116271973] [-10.158770561218262:15.869563102722168] [-9.9206790924072266:17.252283096313477] [-9.229191780090332:14.353494644165039] [-8.3126459121704102:12.82408332824707] [-7.0230255126953125:17.571023941040039] [-5.0675835609436035:16.732889175415039] [-0.9664994478225708:19.204320907592773] [-5.3964767456054688:10.970551490783691] [-5.4396467208862305:10.572331428527832] [-5.5276446342468262:11.663507461547852] [-5.5864782333374023:11.011089324951172] [-5.5761957168579102:10.352532386779785] [-5.5853433609008789:10.316717147827148] [-5.6677336692810059:9.7006664276123047] [-5.6882305145263672:9.3147363662719727] [-5.6582484245300293:9.9389581680297852] [-5.6039600372314453:9.6126041412353516] [-5.6928701400756836:12.835577011108398] [-5.6788039207458496:12.846935272216797] [-5.6773409843444824:12.513778686523438] [-5.6048955917358398:14.802810668945312] [-5.320920467376709:14.052196502685547] [-5.0179457664489746:13.111536979675293] [-5.3839902877807617:12.409426689147949] [-5.8174047470092773:10.36540412902832] [-5.784174919128418:9.5021562576293945] [-5.832496166229248:8.678898811340332] [-5.8793540000915527:8.1940927505493164] [-5.8299708366394043:11.360886573791504] [-5.8449859619140625:10.684518814086914] [-5.86358642578125:11.115287780761719] [-6.1381864547729492:11.634455680847168] [-6.2772350311279297:13.802389144897461] [-6.2678170204162598:13.060978889465332] [-6.1760926246643066:11.949478149414062] [-6.2078957557678223:13.344522476196289] [-6.4379968643188477:17.147287368774414] [-6.6149802207946777:20.259696960449219] [-6.6496763229370117:23.773187637329102] [-6.8508658409118652:22.798303604125977] [-6.9366893768310547:19.675657272338867] [-6.7643942832946777:16.856267929077148] [-6.8079290390014648:16.073888778686523] [-7.0642623901367188:16.587459564208984] [-6.9945707321166992:15.523313522338867] [-7.3730998039245605:13.628948211669922] [-7.5600848197937012:14.123520851135254] [-7.5175132751464844:15.707470893859863] [-7.7112398147583008:15.520206451416016] [-8.0361595153808594:15.831537246704102] [-8.2219562530517578:14.843610763549805] [-8.5500802993774414:13.949758529663086] [-8.6501235961914062:13.985755920410156] [-8.3596582412719727:15.620052337646484] [-7.8853812217712402:13.975187301635742] [-8.4686384201049805:13.39249324798584] [-8.9124746322631836:15.623690605163574] [-9.8203353881835938:15.20835018157959] [-9.9615106582641602:13.049732208251953] [-10.32017707824707:10.72990894317627] [-10.724518775939941:10.996842384338379] [-10.861797332763672:13.600567817687988] [-10.031360626220703:15.071050643920898] [-11.908105850219727:12.20367431640625] [-11.882100105285645:9.2834072113037109] [-12.17307186126709:9.2433996200561523] [-16.49937629699707:0.97749477624893188] [-5.4039878845214844:11.250247001647949] [-5.4382061958312988:11.140832901000977] [-5.5047149658203125:12.130561828613281] [-5.5697188377380371:10.811211585998535] [-5.5674295425415039:10.79209041595459] [-5.5975079536437988:10.758352279663086] [-5.6568036079406738:9.5577478408813477] [-5.6772289276123047:9.3146648406982422] [-5.6385312080383301:10.375532150268555] [-5.6120061874389648:10.64986515045166] [-5.6572656631469727:13.342713356018066] [-5.6746344566345215:13.356831550598145] [-5.6420350074768066:13.01786994934082] [-5.4896707534790039:15.364109039306641] [-5.191077709197998:14.011350631713867] [-5.0303573608398438:13.63185977935791] [-5.2277398109436035:12.174280166625977] [-5.6374177932739258:10.149846076965332] [-5.7320928573608398:10.191084861755371] [-5.7643313407897949:9.0887775421142578] [-5.8503236770629883:9.207432746887207] [-5.8003559112548828:11.858438491821289] [-5.8468437194824219:10.466709136962891] [-5.8804669380187988:11.617894172668457] [-6.0177435874938965:12.15272331237793] [-6.1657099723815918:14.375732421875] [-6.191983699798584:12.817586898803711] [-6.1559233665466309:12.484643936157227] [-6.2097978591918945:14.530891418457031] [-6.4042263031005859:17.823141098022461] [-6.5801353454589844:21.013839721679688] [-6.6600465774536133:24.623151779174805] [-6.8311100006103516:22.463642120361328] [-6.8759355545043945:19.379465103149414] [-6.7502989768981934:17.56739616394043] [-6.8503098487854004:16.717073440551758] [-7.0050268173217773:17.691045761108398] [-7.0236339569091797:16.211967468261719] [-7.318967342376709:15.018354415893555] [-7.5370831489562988:15.103734970092773] [-7.5262660980224609:16.079132080078125] [-7.7127366065979004:15.877166748046875] [-8.0319108963012695:15.961054801940918] [-8.2521495819091797:15.501462936401367] [-8.5525264739990234:14.423134803771973] [-8.4979753494262695:15.106385231018066] [-8.1349296569824219:16.172042846679688] [-7.7380094528198242:14.902035713195801] [-8.1132259368896484:14.802522659301758] [-8.9047470092773438:16.255861282348633] [-9.6422586441040039:16.468313217163086] [-9.8980913162231445:14.0672607421875] [-10.386066436767578:12.226994514465332] [-10.668394088745117:12.778707504272461] [-10.563884735107422:13.92197322845459] [-9.8267021179199219:15.008130073547363] [-10.384056091308594:12.156516075134277] [-9.8234548568725586:12.385733604431152] [-9.2500982284545898:11.325177192687988] [-11.108595848083496:11.27674388885498] [-0.023151803761720657:320.79556274414062] [-0.023552967235445976:342.58062744140625] [-0.024514675140380859:319.25338745117188] [-0.025893872603774071:317.08056640625] [-0.025641471147537231:420.46987915039062] [-0.036820705980062485:162.91561889648438] [-0.01970398984849453:399.36898803710938] [-0.027579342946410179:149.06684875488281] [-0.032341785728931427:158.35102844238281] [-0.029248002916574478:155.65849304199219] [-0.026169661432504654:319.512939453125] [-0.024268938228487968:351.22409057617188] [-0.02471037395298481:370.87823486328125] [-0.022950060665607452:385.64321899414062] [-0.022395225241780281:386.80337524414062] [-0.023825481534004211:379.16131591796875] [-0.015462658368051052:198.29983520507812] [-0.023323949426412582:336.31124877929688] [-0.015774592757225037:234.04183959960938] [-0.018414083868265152:277.28448486328125] [-0.025623979046940804:413.89871215820312] [-0.026942715048789978:458.59365844726562] [-0.022823723033070564:376.15072631835938] [-0.03072655200958252:352.529052734375] [-0.026520777493715286:444.79776000976562] [-0.020596971735358238:385.6285400390625] [-0.026999516412615776:455.86917114257812] [-0.022171834483742714:371.3687744140625] [-0.016349649056792259:462.75802612304688] [-0.024673076346516609:413.50241088867188] [-0.018979929387569427:379.58163452148438] [-0.014445589855313301:267.478759765625] [-0.035802826285362244:390.68917846679688] [-0.019427074119448662:289.63323974609375] [-0.022303992882370949:333.93392944335938] [-0.0237291119992733:377.6591796875] [-0.0097173256799578667:539.491455078125] [-0.022759400308132172:340.16921997070312] [-0.010578911751508713:525.3720703125] [-0.020813301205635071:412.00271606445312] [-0.013653680682182312:173.86936950683594] [-0.011283853091299534:463.11029052734375] [-0.01480985339730978:319.55813598632812] [-0.017652995884418488:297.6595458984375] [-0.0095784598961472511:300.578857421875] [-0.011939272284507751:485.23876953125] [-0.017059490084648132:362.34173583984375] [-0.016829557716846466:191.77696228027344] [-0.012630914337933064:359.11703491210938] [-0.013145782984793186:433.60562133789062] [-0.018381858244538307:396.68478393554688] [-0.0091012157499790192:494.3228759765625] [-0.019375069066882133:449.85595703125] [-0.033517889678478241:157.14990234375] [-0.011998369358479977:467.15005493164062] [-0.010289213620126247:490.4542236328125] [-0.019199203699827194:267.81991577148438] [-0.018684670329093933:212.38313293457031] [-0.047170400619506836:526.06732177734375] [0:1]
tree_sizes=3084 3121 3115 3076 3071 3114 3094 3100 3088

Tree=0
num_leaves=31
num_cat=0
split_feature=270 162 53 290 163 196 227 193 52 98 60 217 74 19 43 100 110 50 258 227 25 245 238 115 232 49 218 31 60 325
split_gain=183.327 125.997 74.5495 61.5226 81.454 59.4135 58.0737 56.1661 55.9183 53.1889 84.3576 58.578 48.447 68.6945 46.8645 44.2916 43.9108 72.7787 63.3753 53.1446 43.5304 65.0684 36.7634 33.9894 36.0013 58.0308 34.903 33.3922 33.1886 32.5133
threshold=2.3112641572952275 0.064862888306379332 -1.7741061449050901 -2.1532540321350093 -2.1298501491546626 1.153289318084717 -0.17737756669521329 1.6545072793960574 -1.5206899046897886 -2.2211030721664424 0.60870188474655162 -0.82629352807998646 1.0495061278343203 -0.57131659984588612 -0.20119483768939969 -1.8340033888816831 -0.46925106644630427 -0.034539267420768731 1.4811660051345827 1.2862625122070315 0.55012944340705883 0.85566899180412304 -1.3072155117988584 -1.7663435339927671 1.831970274448395 1.0848891139030459 1.5864696502685549 0.95213612914085399 0.60870188474655162 -0.017708028666675087
decision_type=2 2 2 2 2 2 2 2 2 2 2 2 2 2 2 2 2 2 2 2 2 2 2 2 2 2 2 2 2 2
left_child=1 2 12 4 -4 9 20 28 22 10 -5 -11 13 -1 29 -15 -10 18 -18 -19 21 -3 -8 -9 25 -25 -26 -7 -2 -6
right_child=7 6 3 5 14 27 8 23 16 11 -12 -13 -14 15 -16 -17 17 19 -20 -21 -22 -23 -24 24 26 -27 -28 -29 -30 -31
leaf_value=-0.00072995653681968281 0.0060228858441711023 -0.0031273281490516312 -0.0029528887907175902 0.0029191262241368612 1.586447495265204e-09 0.0064210917178828758 -0.0023091910898694096 0.021905963339729894 -0.0043736907779335539 -0.00067547740837666675 0.022746132373004244 0.00073890717382817702 0.0069108185029044273 -0.018100015497722784 -0.0037004574339733138 -0.0052115173501024329 0.0008979525416785792 -0.0011866799794501834 0.0094488864252113489 0.00061190438659783147 -0.00046517496666958661 -0.012040439268003791 0.012843736943451766 0.010882537931513798 -0.0013626070585058348 -0.00099175844842006814 0.012143369516234978 -0.00060946236940060772 -0.0037539034470285139 0.014880757618631979
leaf_weight=4756 538 6332 532 1965 125 2347 158 162 2764 34584 205 108483 440 284 138 2378 14115 77849 819 17999 4659 861 438 567 148 891 1348 713 675 909
leaf_count=4756 538 6332 532 1965 125 2347 158 162 2764 34584 205 108483 440 284 138 2378 14115 77849 819 17999 4659 861 438 567 148 891 1348 713 675 909
internal_value=4.06902e-06 -8.85388e-05 0.000474919 0.000625823 0.00627774 0.000558019 -0.000796843 0.00611783 -0.000585698 0.000468217 0.00511979 0.000394861 -0.00236188 -0.00296933 0.0106987 -0.00682313 -0.00063695 -0.000540238 0.00139897 -0.000845743 -0.00280062 -0.00426624 0.00839512 0.00824447 0.00725211 0.00350782 0.010609 0.0046922 0.000366429 0.0129388
internal_weight=288182 283853 157859 150001 1704 148297 125994 4329 114142 145237 2170 143067 7858 7418 1172 2662 113546 110782 14934 95848 11852 7193 596 3116 2954 1458 1496 3060 1213 1034
internal_count=288182 283853 157859 150001 1704 148297 125994 4329 114142 145237 2170 143067 7858 7418 1172 2662 113546 110782 14934 95848 11852 7193 596 3116 2954 1458 1496 3060 1213 1034
is_linear=0
shrinkage=1


Tree=1
num_leaves=31
num_cat=0
split_feature=270 171 17 298 230 118 53 102 230 113 180 203 290 163 227 149 162 34 231 156 193 172 296 211 44 20 143 111 54 232
split_gain=184.466 139.723 126.586 108.505 84.2285 71.7954 70.8386 91.7532 84.396 65.7854 80.105 69.0527 61.0017 89.2257 56.9748 57.8975 69.0807 56.4021 56.049 55.7283 51.4576 47.559 45.0847 44.6776 42.8807 41.0219 40.5015 46.5871 37.2539 32.7658
threshold=2.3112641572952275 0.22989699989557269 1.6625338792800906 -0.71798598766326893 0.20198290795087817 -1.1347060799598692 -1.7741061449050901 0.032783066853880889 -0.54031291604042042 0.74362003803253185 0.21303157508373263 -0.97522786259651173 -2.1532540321350093 -2.1298501491546626 0.098890721797943129 -0.89615726470947255 -1.7505069971084593 -0.902890384197235 -2.2771986722946163 -2.1784148216247554 1.6545072793960574 0.57671263813972484 -0.49749073386192316 0.52703401446342479 0.86176517605781566 2.3196718692779545 0.98633366823196422 0.32539372146129614 -1.7588732242584226 1.831970274448395
decision_type=2 2 2 2 2 2 2 2 2 2 2 2 2 2 2 2 2 2 2 2 2 2 2 2 2 2 2 2 2 2
left_child=1 2 6 4 -3 -4 14 12 22 21 26 -12 13 -8 15 16 -1 -13 -17 -14 -2 -5 -9 -7 -10 -6 27 -11 -22 -30
right_child=20 3 5 9 25 23 7 8 24 10 11 17 19 -15 -16 18 -18 -19 -20 -21 28 -23 -24 -25 -26 -27 -28 -29 29 -31
leaf_value=-0.0034262671743137893 0.00061179760490535169 -0.010087249836824255 -0.0025885083650157435 -0.00082854982557532516 -0.0030914922728625498 1.7445157754228456e-05 -0.0031815171286664855 -0.00094980984074805313 -0.00038378942603805081 0.0066200380267973256 -0.01693899171879084 0.018063248229866966 0.0059408476653663098 0.011340493895114476 0.010308878417734217 0.0012877711597150039 0.004042867287137944 -0.00088140615918232286 -0.0078007689169228966 0.00074361791887003357 0.023139913654431882 -0.0029947689606773568 -0.0057294205134185176 0.011882260978994683 0.0029147555152529226 0.0066601576970424497 0.0062223030715122052 0.000746359536810561 0.0036309399395849148 0.010389070829997562
leaf_weight=2997 1227 1659 495 35332 8530 409 516 3524 40623 1317 222 121 1887 1134 279 711 1730 24343 2707 114585 144 12617 3980 1597 3860 370 1604 16505 1495 1509
leaf_count=2997 1227 1659 495 35332 8530 409 516 3524 40623 1317 222 121 1887 1134 279 711 1730 24343 2707 114585 144 12617 3980 1597 3860 370 1604 16505 1495 1509
internal_value=7.76739e-06 -8.56837e-05 0.000414447 -0.000970806 -0.00385398 0.0070956 0.000318389 0.000452952 -0.00059363 -0.000636094 0.000194045 -0.000932001 0.000916128 0.00663571 -0.00235801 -0.00285283 -0.000623979 -0.000760774 -0.00582645 0.000831401 0.00610776 -0.00140582 -0.0035332 0.00963529 -8.96367e-05 -0.00263843 0.00163991 0.00120416 0.00813785 0.00717122
internal_weight=288029 283654 181034 102620 10559 2501 178533 170109 51987 92061 44112 24686 118122 1650 8424 8145 4727 24464 3418 116472 4375 47949 7504 2006 44483 8900 19426 17822 3148 3004
internal_count=288029 283654 181034 102620 10559 2501 178533 170109 51987 92061 44112 24686 118122 1650 8424 8145 4727 24464 3418 116472 4375 47949 7504 2006 44483 8900 19426 17822 3148 3004
is_linear=0
shrinkage=0.03


Tree=2
num_leaves=31
num_cat=0
split_feature=93 171 17 298 118 102 53 110 162 290 180 43 230 249 218 93 239 166 108 235 7 117 298 164 121 239 179 193 217 213
split_gain=159.177 166.358 132.738 96.1276 78.3994 70.629 83.0846 77.3973 71.2379 126.665 76.2186 70.4654 66.0827 62.5104 53.4831 60.4575 55.6347 50.0654 46.1891 45.6822 49.8713 43.9708 42.913 39.7354 37.651 35.3195 35.1654 33.8299 39.0699 32.7658
threshold=2.3109605312347417 0.22989699989557269 1.6625338792800906 -0.71798598766326893 -1.1347060799598692 0.032783066853880889 -1.2413961291313169 -0.60377773642539967 -1.7505069971084593 -2.1532540321350093 -1.0772736072540281 2.3152472972869877 0.20198290795087817 -1.4309500455856321 -1.8710289001464842 -0.98368108272552479 -0.25225886702537531 0.453188106417656 0.60290381312370311 0.65430134534835827 0.10475309938192369 -0.37529943883419031 1.8487166166305544 -0.41399088501930231 1.0510584712028506 0.55694568157196056 2.3199074268341069 1.6545072793960574 1.8405635356903078 -1.8805750608444212
decision_type=2 2 2 2 2 2 2 2 2 2 2 2 2 2 2 2 2 2 2 2 2 2 2 2 2 2 2 2 2 2
left_child=1 2 5 12 -4 6 8 21 10 -10 -1 13 -3 29 16 -16 -8 26 -19 22 -21 24 -15 -6 -7 -13 -9 -2 -29 -5
right_child=27 3 4 11 23 7 14 17 9 -11 -12 25 -14 19 15 -17 -18 18 -20 20 -22 -23 -24 -25 -26 -27 -28 28 -30 -31
leaf_value=-0.0013361543820037522 0.0013948318280881955 -0.0093220845091927691 -0.0027187678268876486 -0.0039495569322806068 -0.00073980971363433177 -0.0029456543084337714 0.0078261560014647302 -0.00062481429723985806 0.0091607968253828095 -0.00087535348851460653 -0.0092005380777265208 0.0082013062422151423 -0.0026979054306715908 -0.0015824340528172516 -0.00072044464572839826 0.0012425805704617829 0.00054372893789257865 0.0032022539456712908 -0.00065629834847566178 0.00093783315392640635 -0.0011360713548409409 -0.006656011835756228 -0.009854297242289211 0.011319279753503577 0.0050174539208250202 -0.00017108233529547254 -0.012108266318692084 0 0.0090105024572318237 0.0047730314860076157
leaf_weight=3319 1343 1665 517 405 228 2730 2100 35094 1223 12621 1744 1149 8758 43526 16662 86324 1879 6585 4637 17008 26638 2673 568 1824 624 628 225 528 2485 2487
leaf_count=3319 1343 1665 517 405 228 2730 2100 35094 1223 12621 1744 1149 8758 43526 16662 86324 1879 6585 4637 17008 26638 2673 568 1824 624 628 225 528 2485 2487
internal_value=-1.21693e-05 -0.00010074 0.000445503 -0.00106507 0.00719556 0.000345845 0.000732575 -0.000574384 -0.00109207 1.55273e-06 -0.00412968 -0.000752524 -0.00380062 -0.000871812 0.00105804 0.000921994 0.00448212 -0.00015274 0.00158286 -0.00101776 -0.000320981 -0.00376946 -0.00170021 0.00984039 -0.00135427 0.00510655 -0.00071327 0.0056647 0.00744727 0.00342975
internal_weight=288197 283841 181009 102832 2569 178440 125872 52568 18907 13844 5063 92409 10423 90632 106965 102986 3979 46541 11222 87740 43646 6027 44094 2052 3354 1777 35319 4356 3013 2892
internal_count=288197 283841 181009 102832 2569 178440 125872 52568 18907 13844 5063 92409 10423 90632 106965 102986 3979 46541 11222 87740 43646 6027 44094 2052 3354 1777 35319 4356 3013 2892
is_linear=0
shrinkage=0.03


Tree=3
num_leaves=31
num_cat=0
split_feature=29 171 298 256 113 180 230 283 37 228 54 218 100 222 18 98 7 84 192 154 297 213 100 171 185 114 309 114 209 15
split_gain=146.818 107.897 104.734 101.866 70.9406 75.8581 69.7819 67.6327 97.6828 55.0303 67.4268 56.2722 53.5983 63.0044 49.7963 46.5665 44.2083 42.0552 41.7127 45.3064 40.2315 67.4645 38.6191 38.1559 41.4552 78.0796 52.6044 37.5521 35.9333 35.6034
threshold=2.313153982162476 0.22989699989557269 -0.71798598766326893 1.2324001193046572 0.79916709661483776 0.24910159409046176 0.20198290795087817 -2.180006623268127 -2.2107729911804195 -2.2410446405410762 -0.9439079463481902 -1.8710289001464842 -0.10341284796595572 1.2955242395401003 2.3292158842086796 1.8600566983222964 0.64419722557067882 0.78634279966354381 -1.4493159651756284 1.0256642103195193 -1.7737024426460264 -2.2827539443969722 -2.2065609693527217 -0.61641395092010487 -0.88257551193237294 -1.2330424189567564 -0.026524911634624001 1.8720769286155703 1.8837093710899355 0.97755843400955211
decision_type=2 2 2 2 2 2 2 2 2 2 2 2 2 2 2 2 2 2 2 2 2 2 2 2 2 2 2 2 2 2
left_child=1 3 6 7 28 18 -3 23 20 11 -11 -10 -7 -14 -8 -2 17 -5 27 -20 21 -9 -22 24 26 -26 -1 -6 29 -4
right_child=15 2 4 16 5 12 14 8 9 10 -12 -13 13 -15 -16 -17 -18 -19 19 -21 22 -23 -24 -25 25 -27 -28 -29 -30 -31
leaf_value=-0.0096344611802024905 0.00038956071057619489 -0.0094506072284389394 -0.0015177551766479397 0.0092513669117675699 0.0098689771519774299 0.0054660522391800715 -0.0031504285787334113 0.0090927518784666237 -0.0063271501418518819 -0.0011961331651005743 0.00041347683650012321 0.0075486000171308435 -0.0023172559669711172 0.0011263957808460893 0.0069968262771312687 0.0074139315679331592 0.0047984343799452244 -0.0084554805685858551 0.00069242658783982055 0.0049202489718181185 0.003313864661107546 -0.016915865999699874 0.013952113366343069 0.0061139687951819984 -0.014938270667419517 0.00075827886589935843 0 -0.0027875927880579524 -0.0076570213232343576 0.0007686759914443843
leaf_weight=653 1302 1640 43945 133 960 1130 8553 181 275 28130 138311 1591 14096 7083 423 3073 5910 433 14247 2765 668 137 785 303 733 400 2292 216 788 6924
leaf_count=653 1302 1640 43945 133 960 1130 8553 181 275 28130 138311 1591 14096 7083 423 3073 5910 433 14247 2765 668 137 785 303 733 400 2292 216 788 6924
internal_value=-3.66727e-05 -0.00012199 -0.000898944 0.000317708 -0.000569634 0.000364584 -0.00372293 0.000178537 0.000275153 0.000199135 0.000139525 0.0052992 -0.000798228 -0.00115145 -0.00262439 0.00540302 0.0040086 -0.003609 0.00180665 0.00140217 0.00724916 -0.00156257 0.00937637 -0.00348832 -0.00430134 -0.00921946 -0.00225864 0.00728572 -0.00130769 -0.00120046
internal_weight=288080 283705 102770 180935 92154 40497 10616 174459 170078 168307 166441 1866 22309 21179 8976 4375 6476 566 18188 17012 1771 318 1453 4381 4078 1133 2945 1176 51657 50869
internal_count=288080 283705 102770 180935 92154 40497 10616 174459 170078 168307 166441 1866 22309 21179 8976 4375 6476 566 18188 17012 1771 318 1453 4381 4078 1133 2945 1176 51657 50869
is_linear=0
shrinkage=0.03


Tree=4
num_leaves=31
num_cat=0
split_feature=29 102 43 37 168 218 58 25 161 299 88 325 23 291 43 113 218 114 54 276 119 239 236 238 189 236 290 171 206 58
split_gain=126.795 134.721 73.846 109.059 80.1343 73.005 72.1066 80.8072 66.852 66.5595 84.7882 58.2827 55.2762 54.4801 52.6696 49.5613 50.3085 43.4063 42.0898 40.6535 40.6184 44.4314 39.8761 39.4043 36.5278 50.4097 35.1109 53.076 49.9507 33.1751
threshold=2.313153982162476 0.032783066853880889 -2.1630846261978145 -2.2107729911804195 -2.0739941596984859 -0.70210099220275868 -1.0378925204277036 1.2299425005912783 -0.55812826752662648 0.088005527853965773 -1.8514503836631773 -0.014730585273355244 -1.6132279038429258 -1.3686982989311216 2.3152472972869877 -1.5322232246398924 0.48045025765895849 -1.0282381772994993 -0.64951211214065541 1.8689450025558474 -1.8569947481155393 0.44741067290306097 -2.3740837574005123 -1.049152076244354 0.57610154151916515 0.65660142898559581 -0.65114846825599659 0.33480715751647955 1.3468627929687502 -0.62076950073242176
decision_type=2 2 2 2 2 2 2 2 2 2 2 2 2 2 2 2 2 2 2 2 2 2 2 2 2 2 2 2 2 2
left_child=1 2 11 -4 9 8 7 22 -6 10 -5 20 -13 17 15 16 -8 -14 -11 -2 -1 -22 -3 -18 25 -24 28 -28 -17 -15
right_child=19 6 3 4 5 -7 14 -9 -10 18 -12 12 13 29 -16 26 23 -19 -20 -21 21 -23 24 -25 -26 -27 27 -29 -30 -31
leaf_value=-0.013284367659895291 0 -0.015403339208130072 0.0074605635821277686 -0.012709217570532871 -0.00010159464023299244 0.00089249499021237539 -0.0010571615108867696 0.0014864676616999494 -0.0034946055745711181 0.02075577468868639 0.0064201105224877229 0.0051962687817724762 -0.013415613084653945 0.016973570935916518 0.0041874673592592736 -0.0045350952664660179 -0.00092601318854010762 0.0051876588622408529 0.00024365849877622993 0.0066589111755743936 -0.0015574336813368489 -0.014395810825144418 -0.0064668122387346091 0.01650588880318743 -0.0011973871073960444 0.0040100670752658456 6.1015128039917479e-05 -0.0012292367636875764 0.0061924379032374504 -0.00085439996499153605
leaf_weight=600 1047 298 2049 231 39455 97327 416 2485 6043 379 1081 1054 535 103 1993 3835 115 104 156 3299 1546 289 4855 404 2811 402 52072 62750 395 281
leaf_count=600 1047 298 2049 231 39455 97327 416 2485 6043 379 1081 1054 535 103 1993 3835 115 104 156 3299 1546 289 4855 404 2811 402 52072 62750 395 281
internal_value=-3.94183e-05 -0.000118423 0.000492604 0.000610752 0.000510646 0.000427621 -0.000816326 -0.00316419 -0.000560179 0.00669682 0.00268658 -0.00326888 0.000290401 -0.00447921 -0.000604523 -0.000687303 0.00608645 -0.00986706 0.0155395 0.00503265 -0.00640471 -0.00387453 -0.00458163 0.0121957 -0.00410772 -0.00559664 -0.000744035 -0.000641584 -0.00343834 0.00378855
internal_weight=288410 284064 151233 146721 144672 142825 132831 10851 45498 1847 1312 4512 2077 1023 121980 119987 935 639 535 4346 2435 1835 8366 519 8068 5257 119052 114822 4230 384
internal_count=288410 284064 151233 146721 144672 142825 132831 10851 45498 1847 1312 4512 2077 1023 121980 119987 935 639 535 4346 2435 1835 8366 519 8068 5257 119052 114822 4230 384
is_linear=0
shrinkage=0.03


Tree=5
num_leaves=31
num_cat=0
split_feature=93 102 196 53 299 178 43 113 218 273 287 46 100 110 120 170 163 12 8 266 225 109 118 183 222 140 126 219 16 139
split_gain=148.226 118.249 68.9874 76.7386 60.5621 59.2689 58.6286 55.5747 50.9879 67.4546 79.1707 65.0371 54.968 49.9314 45.5373 60.1541 45.4202 42.4811 41.1718 39.6255 38.9709 38.5029 37.2831 35.3309 65.2982 37.9015 35.1304 39.0475 42.5919 34.0552
threshold=2.3109605312347417 0.032783066853880889 1.153289318084717 -1.1362303495407102 0.64937844872474682 -0.97219336032867421 2.3152472972869877 -1.3619170188903806 -1.8710289001464842 -1.6173239350318906 -1.3632667064666746 -0.5597487986087798 -2.2065609693527217 -0.70701143145561207 0.47801895439624792 -2.0598542690277095 -1.2460702657699583 0.069500267505645766 0.50748887658119213 1.3570017814636233 -1.0000000180025095e-35 -2.1667803525924678 1.1392276883125307 -1.4664798378944395 -2.2282735109329219 -1.1534584760665891 -0.56155064702033985 0.63762333989143383 1.6589641571044924 0.4270984828472138
decision_type=2 2 2 2 2 2 2 2 2 2 2 2 2 2 2 2 2 2 2 2 2 2 2 2 2 2 2 2 2 2
left_child=1 2 3 4 14 26 7 17 11 10 -10 12 -5 19 16 -16 -1 20 -11 -9 -7 -4 -15 25 -25 -6 -3 -28 -29 -2
right_child=29 5 21 8 23 6 -8 13 9 18 -12 -13 -14 22 15 -17 -18 -19 -20 -21 -22 -23 -24 24 -26 -27 27 28 -30 -31
leaf_value=-0.0028169231454797548 0.016314772697888585 -0.0080647361622293474 0.018985379614629025 0.00038995320362233092 0.00039640220423130018 -0.010558815062265185 0.0044542368785960009 -0.0056497341992711083 0.0045515586591409586 0.0008696864892810195 -0.0055855775779391692 -0.0070469199208184844 0.008028777945107873 -0.0004137260045871223 0.0054953890790323343 -0.0074686062571457058 0.00024041646005778627 0.0083881713928199483 -0.0010075631929821946 0.0046835511116734823 0.0064562058092364778 0.003784244970863737 -0.0020175019846690768 -0.011486274031684097 0.0072940683148943102 -0.017243794489297127 -0.00025934449225758398 -0.0058402998954196171 0.0019183548731642396 0.0046654428766863152
leaf_weight=8371 251 1129 152 1462 629 235 2021 2834 846 105529 3063 399 2335 100985 335 2186 8786 1037 11518 331 194 3355 15157 156 1632 106 4382 3363 708 4087
leaf_count=8371 251 1129 152 1462 629 235 2021 2834 846 105529 3063 399 2335 100985 335 2186 8786 1037 11518 331 194 3355 15157 156 1632 106 4382 3363 708 4087
internal_value=-9.38724e-06 -9.49035e-05 0.000478056 0.00037654 -0.0012435 -0.000750107 -0.000569495 -0.000656768 0.000666472 0.000550445 -0.00330331 0.0039215 0.00518357 -0.000730668 -0.00181463 -0.00559814 -0.00123536 0.00508441 0.000682253 -0.00445225 -0.00225138 0.00463207 -0.000625919 0.00307226 0.00538065 -0.00213967 -0.00302741 -0.00230176 -0.00441486 0.0054801
internal_weight=287574 283236 150860 147353 22201 132376 122794 120773 125152 120956 3909 4196 3797 119307 19678 2521 17157 1466 117047 3165 429 3507 116142 2523 1788 735 9582 8453 4071 4338
internal_count=287574 283236 150860 147353 22201 132376 122794 120773 125152 120956 3909 4196 3797 119307 19678 2521 17157 1466 117047 3165 429 3507 116142 2523 1788 735 9582 8453 4071 4338
is_linear=0
shrinkage=0.03


Tree=6
num_leaves=31
num_cat=0
split_feature=29 102 253 114 298 60 170 222 27 146 183 179 298 37 157 58 109 112 218 118 192 89 311 283 107 232 218 109 234 52
split_gain=113.566 100.012 61.6596 79.029 61.062 55.6463 52.5312 52.4714 73.2911 60.2452 57.1655 50.7681 55.5778 50.1914 55.6597 58.7306 48.6614 48.0063 96.0141 85.7816 75.3316 47.4593 43.2104 41.3053 55.4252 40.9318 57.6633 52.822 45.411 38.8301
threshold=2.313153982162476 0.032783066853880889 1.3448746800422671 -1.3669781684875486 -0.71798598766326893 -0.10372810065746306 -0.95275872945785511 1.0130277276039126 2.3276816606521611 -0.14330291748046872 0.14277134835720065 0.83481425046920787 0.75801944732666027 -2.2107729911804195 -0.82106083631515492 0.33275173604488378 -2.1667803525924678 0.59441602230072033 1.2744210958480837 1.564591705799103 1.4693202376365664 1.1172014474868777 -0.022158312611281868 -2.180006623268127 -0.70600605010986317 1.831970274448395 1.5864696502685549 1.61400443315506 -0.48824904859066004 0.46829646825790411
decision_type=2 2 2 2 2 2 2 2 2 2 2 2 2 2 2 2 2 2 2 2 2 2 2 2 2 2 2 2 2 2
left_child=1 2 3 11 5 -3 -7 17 9 -9 -11 12 -1 23 15 -15 -4 19 -19 20 -6 -16 -13 -5 -25 27 -27 -2 -29 -21
right_child=25 4 16 13 7 6 -8 8 -10 10 -12 22 -14 14 21 -17 -18 18 -20 29 -22 -23 -24 24 -26 26 -28 28 -30 -31
leaf_value=-0.0020931471411848417 0.0053671458654121675 -0.0053862418294698764 0.019594704742301527 -0.00033437908887783558 -0.00036647967803540301 -0.0091061450014755085 -0.0008190180405868051 -0.0052123622219648119 -0.0097979672439235804 0.0038388207003074585 0.00045618121108898467 -0.00626274758500145 -0.017425848417936284 -0.0013720725197339601 0.00093446388792725978 0.0014794085959335805 0.0037088986573580057 -0.0014274704441339656 -0.0096957914406694112 -0.01241888348921018 0.0057082426995749445 -0.0052396005399581811 0.0047006374593360914 0.010717672403994634 -0.0060876197291685171 -0.0045203138321910511 0.010346957674738472 0.0077731393726548853 -0.0073803174898175493 0
leaf_weight=13098 1637 4257 186 682 58321 726 11496 1316 560 6020 18704 360 203 23216 97867 8926 2131 26900 1325 739 1874 1100 1706 1169 170 233 1583 203 689 373
leaf_count=13098 1637 4257 186 682 58321 726 11496 1316 560 6020 18704 360 203 23216 97867 8926 2131 26900 1325 739 1874 1100 1706 1169 170 233 1583 203 689 373
internal_value=-2.71377e-05 -0.000102124 0.000425055 0.000346751 -0.000703903 -0.00241602 -0.00134986 -0.000457998 0.00070554 0.00095028 0.00129437 -0.00168392 -0.00237549 0.000583618 0.00050833 -0.000570446 0.0052693 -0.000807116 -0.00183283 -0.000329553 -0.000170545 0.000861765 0.00260472 0.00526797 0.00830512 0.00477358 0.00824757 0.00211617 -0.00350793 -0.0085169
internal_weight=287770 283425 150814 148497 132611 16479 12222 116132 26600 26040 24724 15367 13301 133130 131109 32142 2317 89532 28225 61307 60195 98967 2066 2021 1339 4345 1816 2529 892 1112
internal_count=287770 283425 150814 148497 132611 16479 12222 116132 26600 26040 24724 15367 13301 133130 131109 32142 2317 89532 28225 61307 60195 98967 2066 2021 1339 4345 1816 2529 892 1112
is_linear=0
shrinkage=0.03


Tree=7
num_leaves=31
num_cat=0
split_feature=77 102 239 294 173 299 288 110 98 157 60 167 239 108 171 239 169 90 224 197 241 222 251 206 141 261 232 228 298 148
split_gain=125.268 121.47 64.8215 87.2562 61.0454 78.5338 76.9625 58.3881 57.6353 65.5005 60.5236 54.0014 49.8782 49.2778 76.2471 62.1642 61.4908 59.5691 57.6491 52.9848 44.3012 43.2556 42.508 40.896 38.1236 37.0599 36.0967 56.8361 76.5446 36.2404
threshold=1.9035871624946596 0.032783066853880889 -1.5921181440353391 -1.3559101223945615 -1.3245376944541929 0.75187316536903392 -1.762168228626251 -0.60377773642539967 -2.2211030721664424 -0.82106083631515492 0.60870188474655162 0.37345466017723089 -1.0000000180025095e-35 1.2967373132705691 0.26347431540489202 -0.79390397667884816 1.4487484097480776 1.2075058817863467 1.2811034321784975 0.23946233838796618 0.39915888011455541 -2.2282735109329219 -0.07359874993562697 -0.98639836907386769 0.78790313005447399 -0.52614107728004444 1.831970274448395 1.5851687192916872 1.0350038409233095 1.6679064631462099
decision_type=2 2 2 2 2 2 2 2 2 2 2 2 2 2 2 2 2 2 2 2 2 2 2 2 2 2 2 2 2 2
left_child=1 4 -2 11 5 -1 -6 -3 10 12 -8 -4 -10 14 17 -16 19 18 -9 25 -11 -7 -19 -18 -17 -15 27 -5 -29 -28
right_child=2 7 3 26 6 21 8 13 9 20 -12 -13 -14 16 15 24 23 22 -20 -21 -22 -23 -24 -25 -26 -27 29 28 -30 -31
leaf_value=-0.001927425635823169 0.0088582346786724286 -0.0035255742936742144 1.5559083694824947e-05 0.0018538367562724734 0.0051384751183066353 -0.0047312539067655189 0.0035575171707851313 -0.00035318503145814962 0.00061526889426611025 0.0012084170762587823 0.020990057443916472 0.02325059833165298 -0.0018095265797462266 0 -0.0046043351714347572 -0.00072452236302099327 -0.013578333031951582 0.015794836420194688 0.008532044705579887 0.0014763821708818703 -0.00045223583362992529 0.0076519391077305892 0.002873939863399998 -0.00015455638904431857 -0.0025848986177961762 0.010132418965566914 -0.0048358674811108133 0.0018909524348748046 -0.012763357365564677 0.0062592857989240865
leaf_weight=14386 1726 6419 172 3125 3473 272 1242 45941 14144 81955 210 259 16229 388 5540 37368 190 251 645 4443 17249 1236 2651 10138 13886 1333 266 557 639 1729
leaf_count=14386 1726 6419 172 3125 3473 272 1242 45941 14144 81955 210 259 16229 388 5540 37368 190 251 645 4443 17249 1236 2651 10138 13886 1333 266 557 639 1729
internal_value=5.20969e-05 -5.58744e-05 0.00364196 0.00224098 0.00052249 -0.00122767 0.000731687 -0.000731457 0.000611827 0.000542158 0.00653349 0.0150552 -0.000670823 -0.000582379 -0.000820647 -0.00157064 0.000934094 3.42928e-05 -0.00022012 0.00330614 0.000916616 0.00518934 0.00419462 -0.000456265 -0.00123521 0.00778639 0.00127443 -0.000204943 -0.005773 0.00459773
internal_weight=288062 279589 8473 6747 150396 15894 134502 129193 131029 129577 1452 431 30373 122774 106282 56794 16492 49488 46586 6164 99204 1508 2902 10328 51254 1721 6316 4321 1196 1995
internal_count=288062 279589 8473 6747 150396 15894 134502 129193 131029 129577 1452 431 30373 122774 106282 56794 16492 49488 46586 6164 99204 1508 2902 10328 51254 1721 6316 4321 1196 1995
is_linear=0
shrinkage=0.03


Tree=8
num_leaves=31
num_cat=0
split_feature=93 171 197 238 114 68 227 108 109 238 79 61 156 224 236 47 179 57 236 337 162 89 222 103 233 171 236 162 205 57
split_gain=132.543 87.9971 118.434 90.188 71.1861 67.1831 60.6766 58.1615 57.9786 57.3445 64.5846 51.4 49.8158 56.4022 48.9651 100.445 47.1749 60.9149 56.2752 52.6338 49.5841 46.346 41.7378 41.6966 41.632 41.0049 40.3681 39.1197 37.2061 36.6292
threshold=2.3109605312347417 0.22989699989557269 1.6622102260589602 -0.78040122985839833 -1.3669781684875486 -1.4394327402114866 -0.69096398353576649 1.2967373132705691 1.61400443315506 1.1600138545036318 -0.57232877612113942 -0.82568371295928944 0.44546689093112951 0.42822568118572241 1.1317307949066164 -0.8783675730228423 0.74415260553359996 0.086480908095836653 -2.3740837574005123 -0.014243572950363157 -1.7505069971084593 -0.66503447294235218 1.2955242395401003 0.86244118213653576 -0.033475318923592561 -0.87955752015113819 0.84918755292892467 1.0000000180025095e-35 -1.1688261628150938 -1.3897147774696348
decision_type=2 2 2 2 2 2 2 2 2 2 2 2 2 2 2 2 2 2 2 2 2 2 2 2 2 2 2 2 2 2
left_child=1 2 4 26 16 23 -4 12 21 14 11 -11 -7 -14 27 -16 17 20 19 -18 -1 -9 -10 24 28 -20 -3 -6 -5 -8
right_child=-2 3 6 5 9 7 29 8 22 10 -12 -13 13 -15 15 -17 18 -19 25 -21 -22 -23 -24 -25 -26 -27 -28 -29 -30 -31
leaf_value=-0.0047922437074625597 0.0051793398268603309 -0.0039963595034682876 -0.0024756462275842303 -0.0063034631552412925 0.00078618356396153403 -0.00027453371304458907 0 -0.009465917808425036 -0.0037748421211380007 -0.001395462883797874 -0.0045335290198251941 0.0097801162804377929 -0.0042599290364256515 -0.0011857855639127758 0.022291704479250989 0.0023543859288624089 -0.010980702815166219 -0.008560867410350009 0.0062668940338288862 0.0090994854369394786 -0.00055527491107648869 0.0033662700659986854 0.000758642302937584 -0.0061700856452095035 0.007493446415769045 -0.0044286533888199756 0.0020571314103624352 -0.00024585109551631122 0.011146037283543707 0.010840957584914065
leaf_weight=3375 4353 9717 447 410 106000 40993 278 232 2684 935 4074 554 6981 25552 251 1822 450 1268 1761 124 10118 7366 5427 274 1928 345 1023 47468 122 1684
leaf_count=3375 4353 9717 447 410 106000 40993 278 232 2684 935 4074 554 6981 25552 251 1822 450 1268 1761 124 10118 7366 5427 274 1928 345 1023 47468 122 1684
internal_value=-2.66721e-06 -8.36057e-05 0.000313289 -0.000785704 0.000222013 -0.000477749 0.00689723 -0.000622969 0.00102378 0.000420638 -0.00255761 0.00263825 -0.000979062 -0.00185687 0.0005294 0.00510169 -0.0015939 -0.00226814 0.00199788 -0.00597745 -0.00164279 0.00291124 -0.000710226 0.00412327 0.00543124 0.00434849 -0.00338912 0.000465028 -0.00149955 0.00918744
internal_weight=288016 283663 180954 102709 178545 91969 2409 89235 15709 161104 5563 1489 73526 32533 155541 2073 17441 14761 2680 574 13493 7598 8111 2734 2460 2106 10740 153468 532 1962
internal_count=288016 283663 180954 102709 178545 91969 2409 89235 15709 161104 5563 1489 73526 32533 155541 2073 17441 14761 2680 574 13493 7598 8111 2734 2460 2106 10740 153468 532 1962
is_linear=0
shrinkage=0.03


end of trees

feature_importances:
HIGH8=8
LOW21=8
VWAP1=7
OPEN17=6
LOW0=6
CLOSE16=5
OPEN5=5
HIGH17=5
LOW17=5
LOW3=5
CLOSE6=4
OPEN59=4
OPEN26=4
OPEN19=4
OPEN10=4
OPEN9=4
OPEN6=4
OPEN1=4
LOW12=4
LOW9=4
LOW7=4
LOW1=4
VWAP9=4
CLOSE30=3
CLOSE22=3
CLOSE5=3
CLOSE1=3
OPEN21=3
OPEN11=3
HIGH16=3
HIGH0=3
LOW59=3
LOW46=3
VWAP0=3
CLOSE52=2
CLOSE42=2
CLOSE34=2
CLOSE7=2
CLOSE2=2
OPEN30=2
HIGH23=2
HIGH22=2
HIGH9=2
LOW56=2
LOW47=2
LOW43=2
LOW42=2
LOW33=2
LOW26=2
LOW22=2
LOW15=2
LOW11=2
VWAP29=2
VWAP16=2
VOLUME34=2
CLOSE51=1
CLOSE47=1
CLOSE44=1
CLOSE43=1
CLOSE41=1
CLOSE40=1
CLOSE39=1
CLOSE36=1
CLOSE32=1
CLOSE28=1
CLOSE25=1
CLOSE15=1
CLOSE13=1
CLOSE12=1
CLOSE10=1
CLOSE9=1
OPEN58=1
OPEN51=1
OPEN45=1
OPEN42=1
OPEN40=1
OPEN35=1
OPEN31=1
OPEN29=1
OPEN16=1
OPEN12=1
OPEN8=1
OPEN7=1
OPEN4=1
OPEN2=1
OPEN0=1
HIGH59=1
HIGH58=1
HIGH53=1
HIGH40=1
HIGH39=1
HIGH38=1
HIGH36=1
HIGH33=1
HIGH31=1
HIGH30=1
HIGH25=1
HIGH18=1
HIGH15=1
HIGH13=1
HIGH12=1
HIGH11=1
HIGH10=1
HIGH7=1
HIGH6=1
HIGH1=1
LOW54=1
LOW50=1
LOW36=1
LOW34=1
LOW30=1
LOW28=1
LOW20=1
LOW14=1
LOW8=1
LOW6=1
LOW5=1
LOW4=1
VWAP58=1
VWAP54=1
VWAP50=1
VWAP48=1
VWAP46=1
VWAP43=1
VWAP41=1
VWAP38=1
VWAP33=1
VWAP26=1
VWAP23=1
VWAP12=1
VWAP11=1
VWAP8=1
VWAP5=1
VWAP3=1
VWAP2=1
VOLUME50=1
VOLUME48=1
VOLUME22=1

parameters:
[boosting: gbdt]
[objective: regression]
[metric: l2]
[tree_learner: serial]
[device_type: gpu]
[data_sample_strategy: bagging]
[data: ]
[valid: ]
[num_iterations: 500]
[learning_rate: 0.03]
[num_leaves: 31]
[num_threads: 12]
[seed: 20260813]
[deterministic: 0]
[force_col_wise: 1]
[force_row_wise: 0]
[histogram_pool_size: -1]
[max_depth: 7]
[min_data_in_leaf: 100]
[min_sum_hessian_in_leaf: 0.001]
[bagging_fraction: 0.8]
[pos_bagging_fraction: 1]
[neg_bagging_fraction: 1]
[bagging_freq: 1]
[bagging_seed: 20260813]
[bagging_by_query: 0]
[feature_fraction: 0.8]
[feature_fraction_bynode: 1]
[feature_fraction_seed: 20260813]
[extra_trees: 0]
[extra_seed: 13549]
[early_stopping_round: 0]
[early_stopping_min_delta: 0]
[first_metric_only: 0]
[max_delta_step: 0]
[lambda_l1: 10]
[lambda_l2: 20]
[linear_lambda: 0]
[min_gain_to_split: 0]
[drop_rate: 0.1]
[max_drop: 50]
[skip_drop: 0.5]
[xgboost_dart_mode: 0]
[uniform_drop: 0]
[drop_seed: 11866]
[top_rate: 0.2]
[other_rate: 0.1]
[min_data_per_group: 100]
[max_cat_threshold: 32]
[cat_l2: 10]
[cat_smooth: 10]
[max_cat_to_onehot: 4]
[top_k: 20]
[monotone_constraints: ]
[monotone_constraints_method: basic]
[monotone_penalty: 0]
[feature_contri: ]
[forcedsplits_filename: ]
[refit_decay_rate: 0.9]
[cegb_tradeoff: 1]
[cegb_penalty_split: 0]
[cegb_penalty_feature_lazy: ]
[cegb_penalty_feature_coupled: ]
[path_smooth: 0]
[interaction_constraints: ]
[verbosity: 1]
[saved_feature_importance_type: 0]
[use_quantized_grad: 0]
[num_grad_quant_bins: 4]
[quant_train_renew_leaf: 0]
[stochastic_rounding: 1]
[linear_tree: 0]
[max_bin: 63]
[max_bin_by_feature: ]
[min_data_in_bin: 3]
[bin_construct_sample_cnt: 200000]
[data_random_seed: 20260812]
[is_enable_sparse: 1]
[enable_bundle: 1]
[use_missing: 1]
[zero_as_missing: 0]
[feature_pre_filter: 1]
[pre_partition: 0]
[two_round: 0]
[header: 0]
[label_column: ]
[weight_column: ]
[group_column: ]
[ignore_column: ]
[categorical_feature: ]
[forcedbins_filename: ]
[precise_float_parser: 0]
[parser_config_file: ]
[objective_seed: 16743]
[num_class: 1]
[is_unbalance: 0]
[scale_pos_weight: 1]
[sigmoid: 1]
[boost_from_average: 1]
[reg_sqrt: 0]
[alpha: 0.9]
[fair_c: 1]
[poisson_max_delta_step: 0.7]
[tweedie_variance_power: 1.5]
[lambdarank_truncation_level: 30]
[lambdarank_norm: 1]
[label_gain: ]
[lambdarank_position_bias_regularization: 0]
[eval_at: ]
[multi_error_top_k: 1]
[auc_mu_weights: ]
[num_machines: 1]
[local_listen_port: 12400]
[time_out: 120]
[machine_list_filename: ]
[machines: ]
[gpu_platform_id: 0]
[gpu_device_id: 0]
[gpu_use_dp: 1]
[num_gpu: 1]

end of parameters

pandas_categorical:null
