tree
version=v4
num_class=1
num_tree_per_iteration=1
label_index=0
max_feature_idx=157
objective=regression
feature_names=KMID KLEN KMID2 KUP KUP2 KLOW KLOW2 KSFT KSFT2 OPEN0 HIGH0 LOW0 VWAP0 ROC5 ROC10 ROC20 ROC30 ROC60 MA5 MA10 MA20 MA30 MA60 STD5 STD10 STD20 STD30 STD60 BETA5 BETA10 BETA20 BETA30 BETA60 RSQR5 RSQR10 RSQR20 RSQR30 RSQR60 RESI5 RESI10 RESI20 RESI30 RESI60 MAX5 MAX10 MAX20 MAX30 MAX60 MIN5 MIN10 MIN20 MIN30 MIN60 QTLU5 QTLU10 QTLU20 QTLU30 QTLU60 QTLD5 QTLD10 QTLD20 QTLD30 QTLD60 RANK5 RANK10 RANK20 RANK30 RANK60 RSV5 RSV10 RSV20 RSV30 RSV60 IMAX5 IMAX10 IMAX20 IMAX30 IMAX60 IMIN5 IMIN10 IMIN20 IMIN30 IMIN60 IMXD5 IMXD10 IMXD20 IMXD30 IMXD60 CORR5 CORR10 CORR20 CORR30 CORR60 CORD5 CORD10 CORD20 CORD30 CORD60 CNTP5 CNTP10 CNTP20 CNTP30 CNTP60 CNTN5 CNTN10 CNTN20 CNTN30 CNTN60 CNTD5 CNTD10 CNTD20 CNTD30 CNTD60 SUMP5 SUMP10 SUMP20 SUMP30 SUMP60 SUMN5 SUMN10 SUMN20 SUMN30 SUMN60 SUMD5 SUMD10 SUMD20 SUMD30 SUMD60 VMA5 VMA10 VMA20 VMA30 VMA60 VSTD5 VSTD10 VSTD20 VSTD30 VSTD60 WVMA5 WVMA10 WVMA20 WVMA30 WVMA60 VSUMP5 VSUMP10 VSUMP20 VSUMP30 VSUMP60 VSUMN5 VSUMN10 VSUMN20 VSUMN30 VSUMN60 VSUMD5 VSUMD10 VSUMD20 VSUMD30 VSUMD60
feature_infos=[-0.16749253869056702:0.23587034642696381] [0:0.33308270573616028] [-1:1] [0:0.27153289318084717] [0:1] [0:0.19577737152576447] [0:1] [-0.31147539615631104:0.23587034642696381] [-1:1] [0.80914634466171265:1.2011904716491699] [1:1.365384578704834] [0.79261672496795654:1] [0.90894031524658203:1.0927579402923584] [0.57777780294418335:1.6790908575057983] [0.54954206943511963:1.8924485445022583] [0.46860837936401367:2.2146341800689697] [0.46312057971954346:2.740487813949585] [0.36440131068229675:2.649662971496582] [0.74611109495162964:1.3455072641372681] [0.65066665410995483:1.4951817989349365] [0.60133224725723267:1.7117466926574707] [0.56646168231964111:1.9959673881530762] [0.4937971830368042:1.8649090528488159] [0:0.26957115530967712] [0:0.32280367612838745] [0:0.36472421884536743] [0:0.57258552312850952] [0:0.50059491395950317] [-0.16409091651439667:0.12254486232995987] [-0.11048160493373871:0.12254486232995987] [-0.11048160493373871:0.12254486232995987] [-0.11048160493373871:0.12254486232995987] [-0.11048160493373871:0.12254486232995987] [0:1] [0:1] [0:1] [0:1] [0:1] [-0.15193372964859009:0.13264167308807373] [-0.24554997682571411:0.20802642405033112] [-0.40848860144615173:0.27864286303520203] [-0.44566619396209717:0.33016127347946167] [-0.96870207786560059:0.3971981406211853] [1:1.6472727060317993] [1:1.9298244714736938] [1:2.2439024448394775] [1:3.3160974979400635] [1:3.3160974979400635] [0.5718809962272644:1] [0.54045307636260986:1] [0.4660193920135498:1] [0.43721681833267212:1] [0.34664765000343323:1] [0.86488890647888184:1.4843636751174927] [0.72140765190124512:1.7869091033935547] [0.59200000762939453:2.054157018661499] [0.56569522619247437:2.423609733581543] [0.56576049327850342:2.3250908851623535] [0.60694897174835205:1.2689855098724365] [0.54922223091125488:1.4057971239089966] [0.49352750182151794:1.5574545860290527] [0.47533980011940002:1.5740000009536743] [0.39857602119445801:1.5950908660888672] [0.20000000298023224:1] [0.10000000149011612:1] [0.05000000074505806:1] [0.033333335071802139:1] [0.01666666753590107:1] [0:1] [0:1] [0:1] [0:1] [0:1] [0.20000000298023224:1] [0.10000000149011612:1] [0.05000000074505806:1] [0.033333335071802139:1] [0.01666666753590107:1] [0.20000000298023224:1] [0.10000000149011612:1] [0.05000000074505806:1] [0.033333335071802139:1] [0.01666666753590107:1] [-0.80000001192092896:0.80000001192092896] [-0.89999997615814209:0.89999997615814209] [-0.94999998807907104:0.94999998807907104] [-0.96666663885116577:0.96666663885116577] [-0.98333334922790527:0.98333334922790527] [-1:1] [-1:1] [-1:1] [-1:1] [-1:1] [-1:1] [-1:1] [-1:1] [-1:1] [-1:1] [0:1] [0:1] [0:0.89999997615814209] [0:0.89999997615814209] [0:0.89999997615814209] [0:1] [0:1] [0:0.89999997615814209] [0:0.875] [0:0.875] [-1:1] [-1:1] [-0.875:0.89999997615814209] [-0.875:0.89999997615814209] [-0.875:0.89999997615814209] [0:1] [0:1] [0:1] [0:1] [0:1] [0:1] [0:1] [0:1] [0:1] [0:1] [-1:1] [-1:1] [-1:1] [-1:1] [-1:1] [0.20013266801834106:26452.083984375] [0.10012400150299072:23627.859375] [0.050104878842830658:12145.7685546875] [0.034610312432050705:10268.4287109375] [0.017187755554914474:8419.4609375] [0.00080492562847211957:59102.5] [0.0021778203081339598:49210.34375] [0.0021778203081339598:42161.07421875] [0.0021778203081339598:37016.7265625] [0.0021778203081339598:26455.013671875] [0:2.2360680103302002] [0:3.1615598201751709] [0:4.4708261489868164] [0:5.4611344337463379] [0:7.5986995697021484] [0:1] [0:1] [0:1] [0:1] [0:1] [0:1] [0:1] [0:1] [0:1] [0:1] [-1:1] [-1:1] [-1:1] [-1:1] [-1:1]
tree_sizes=3135 3105 3085 3069 3064 3079 3083 3113 3100 3044 3099 3003 3066

Tree=0
num_leaves=31
num_cat=0
split_feature=41 36 29 22 14 22 30 59 42 16 26 115 14 26 15 39 45 120 39 48 39 22 78 77 54 13 140 10 14 28
split_gain=232.369 185.825 141.261 139.062 120.482 104.068 100.594 98.1126 92.7844 85.6762 68.6398 68.2498 67.5413 65.9362 64.9252 98.269 64.9075 73.2834 64.3079 62.2483 91.7116 69.9977 69.3973 61.3759 55.0926 54.8682 52.246 51.8434 56.9967 51.6425
threshold=-0.058647505939006798 0.78954482078552257 -0.0012536812573671339 1.0955949425697329 0.98090043663978588 1.1568028926849367 -0.00029844505479559297 0.93502989411354076 -0.1082409657537937 0.87204989790916454 0.045883998274803169 0.54545417428016674 0.94173339009284984 0.10053772106766702 0.91039526462554943 -0.0062460866756737224 1.0514987111091616 0.72357752919197094 0.01280276430770755 0.98753896355628978 0.0072825332172214994 0.80148348212242138 0.30000000447034841 0.95833331346511852 1.0837265253067019 0.98287379741668712 0.76269406080245983 1.0104717612266543 1.0832561850547793 -0.016467663459479805
decision_type=8 10 8 10 8 10 8 10 10 8 10 10 8 10 8 10 10 10 10 10 8 10 10 2 10 10 10 10 10 8
left_child=1 8 4 6 7 16 9 -2 -1 18 -11 -9 -3 -14 15 -10 -6 25 -4 20 21 -8 -22 29 -7 -18 -26 28 -16 -21
right_child=2 12 3 -5 5 24 19 11 14 10 -12 -13 13 -15 27 -17 17 -19 -20 23 22 -23 -24 -25 26 -27 -28 -29 -30 -31
leaf_value=0.0066622294047767264 -0.027004907601885411 -0.0028822385654161493 -0.01567935583292179 0.0053212931191322704 0.00017581917817754251 0.00038933522089568508 -0.0046859471444126496 -0.010474612504207517 0.00042748323476719992 -0.0010148418117294706 0.0019762935796201124 -0.0015726195678891863 0.010870923829080175 0.027700764694640279 -0.010067409513249748 0.016371343660442045 -0.0042833698592923712 0.00082555588175946672 -3.4247059818502867e-10 0.011132216128758065 0.0002744008576191743 -7.6435740215183645e-05 0.0028057860191420085 -0.0016328147154373513 -0.0029153473058344433 -0.0013667770991039547 0.0092542218945744839 0.0010542484534126621 0.0013114047253336095 0.0018300880645253357
leaf_weight=3693 181 141 586 4853 38032 2290 3044 1264 985 57827 7765 2233 769 379 875 556 6365 12882 428 540 20867 98011 18772 4668 332 81731 1810 5760 629 37257
leaf_count=3693 181 141 586 4853 38032 2290 3044 1264 985 57827 7765 2233 769 379 875 556 6365 12882 428 540 20867 98011 18772 4668 332 81731 1810 5760 629 37257
internal_value=3.73621e-06 0.00383113 -0.000127051 0.000299686 -0.000867577 -0.000727264 0.000200495 -0.00622512 0.00267061 -0.000795873 -0.000655674 -0.00491684 0.0146415 0.0170632 0.000951143 0.00650834 -0.000873503 -0.00127164 -0.00938656 0.000564511 0.000258019 -0.000219152 0.00148157 0.00157231 0.00377547 -0.00158183 0.00721971 -0.000201218 -0.00515697 0.00197674
internal_weight=415525 13787 401738 254618 147120 143442 249765 3678 12498 66606 65592 3497 1289 1148 8805 1541 139010 100978 1014 183159 140694 101055 39639 42465 4432 88096 2142 7264 1504 37797
internal_count=415525 13787 401738 254618 147120 143442 249765 3678 12498 66606 65592 3497 1289 1148 8805 1541 139010 100978 1014 183159 140694 101055 39639 42465 4432 88096 2142 7264 1504 37797
is_linear=0
shrinkage=1


Tree=1
num_leaves=31
num_cat=0
split_feature=41 36 46 57 82 53 42 22 49 8 47 33 6 25 3 86 49 2 116 83 10 58 36 124 42 45 14 29 117 11
split_gain=243.078 155.251 128.998 154.019 99.4791 84.0899 148.118 96.6405 137.75 81.366 110.029 75.6497 65.2278 79.1213 90.1685 65.7172 62.428 62.0095 61.6946 60.0532 58.9258 57.8666 70.3762 56.9909 88.7758 60.6409 54.2976 53.3325 59.6203 80.0616
threshold=-0.058647505939006798 0.78954482078552257 1.0418044328689577 1.2416172027587893 0.37500000000000006 0.99441364407539379 -0.051279321312904351 0.80148348212242138 0.8707978129386903 -0.51515060663223255 1.0883739590644839 0.24928247928619388 0.21951371431350711 0.01465433929115534 0.023893930949270729 0.84999999403953563 0.93014702200889599 -0.72727268934249867 0.70370352268219005 0.70000001788139354 1.012296259403229 0.94406262040138256 0.2223632633686066 0.53521189093589794 0.11066691204905511 1.0349223017692568 0.8961172103881837 -0.0074050014372915021 0.61495330929756176 0.97439444065094005
decision_type=8 10 8 10 2 10 8 10 8 10 10 8 8 10 10 2 10 10 10 8 10 10 10 10 10 10 10 10 10 10
left_child=1 4 12 5 27 6 -4 9 18 10 -7 -10 15 -14 -15 19 26 -3 -9 -2 -11 22 -21 24 -8 -25 -17 28 -1 -30
right_child=2 17 3 -5 -6 7 23 8 11 20 -12 -13 13 14 -16 16 -18 -19 -20 21 -22 -23 -24 25 -26 -27 -28 -29 29 -31
leaf_value=0.0056162037790610606 0.0011671130132675726 0.0036175251556382435 -0.011524999535481374 0.0042974782145795047 -1.2772000120580452e-05 -0.026263308250105259 -0.0020984806594866292 0.0068270453446540088 -0.0014781513166346487 -0.01028186494832011 -0.0021095544588614588 -0.00021147829131141672 0.0011258012675353982 -0.00089371346096812844 0.014084789901714544 0.00059461179509018075 0.0011226048424734137 0.018466486944876809 -0.0067493925204712753 0.0003508604976181453 0.0032168159545681715 -0.00021989624078334337 -0.010683554849503854 -0.001970862728158091 -0.018287008391804874 0.00818667475171324 0.0066571240685654115 0.0016254449043208042 -0.0042496417476421723 0.020470686973882012
leaf_weight=3572 51329 451 1540 5549 5819 368 16053 3055 61551 454 361 138916 29684 55228 342 1985 9223 856 296 878 693 15934 1095 1040 297 977 4885 2487 117 553
leaf_count=3572 51329 451 1540 5549 5819 368 16053 3055 61551 454 361 138916 29684 55228 342 1985 9223 856 296 878 693 15934 1095 1040 297 977 4885 2487 117 553
internal_value=-2.54907e-05 0.00387761 -0.000161034 -0.000623377 0.00281042 -0.000746112 -0.00261112 -0.000563923 -0.000499577 -0.00731747 -0.0150786 -0.000602 0.000463708 -0.000120041 -0.000791099 0.00105035 0.00278171 0.0137004 0.00550589 0.000642901 -0.00195374 -0.000842601 -0.00566838 -0.00183569 -0.00243286 0.00283407 0.00495579 0.00528906 0.00734888 0.015721
internal_weight=415588 13855 401733 231150 12548 225601 19907 205694 203818 1876 729 200467 170583 85254 55570 85329 16093 1307 3351 69236 1147 17907 1973 18367 16350 2017 6870 6729 4242 670
internal_count=415588 13855 401733 231150 12548 225601 19907 205694 203818 1876 729 200467 170583 85254 55570 85329 16093 1307 3351 69236 1147 17907 1973 18367 16350 2017 6870 6729 4242 670
is_linear=0
shrinkage=0.03


Tree=2
num_leaves=31
num_cat=0
split_feature=54 46 27 26 60 31 49 14 7 38 35 3 15 48 81 122 84 86 35 30 43 69 77 1 7 142 5 86 33 139
split_gain=188.741 139.944 125.531 102.306 103.23 97.317 90.1926 87.4945 83.0273 81.9416 168.669 80.9183 80.852 69.6409 68.6629 71.9775 84.6509 67.6114 79.387 67.5973 62.1742 90.4826 68.2552 56.8371 54.5282 119.568 70.6358 66.6298 64.8823 95.2295
threshold=1.0837265253067019 1.028021037578583 0.0864892713725567 0.060584066435694701 0.8871062994003297 0.0093223326839506643 0.96037498116493236 0.8961172103881837 0.046354325488209731 -0.015148468781262634 0.84350514411926281 0.019230828620493415 0.79946070909500133 0.98003134131431591 0.050000002607703216 0.38611909747123724 -0.15000000223517415 -0.61666667461395253 0.82940986752510082 -0.0064333553891628972 1.0224080681800845 0.68571457266807567 0.32500000298023229 0.055142356082797057 0.026838972233235839 3.2223367691040044 0.0049850160721689471 0.84999999403953563 0.7955436408519746 1.2934612631797793
decision_type=10 10 10 10 10 10 10 8 10 10 10 10 10 10 2 10 2 2 10 8 10 10 2 10 10 10 10 2 10 10
left_child=1 24 19 7 8 20 -7 -3 9 10 -5 -11 -10 -9 -4 16 -16 18 -15 23 22 -22 -6 -2 26 27 -1 -26 -29 -30
right_child=2 3 14 4 5 6 -8 13 12 11 -12 -13 -14 17 15 -17 -18 -19 -20 -21 21 -23 -24 -25 25 -27 -28 28 29 -31
leaf_value=0.0010793379196761513 0.0026983964335920152 0.0063439562655515924 -0.0027130781367182251 0 0.0030598448166519183 0.0048121219819267551 0.021356092066897873 -0.0013196959584416946 -0.024242697382816463 -0.00085228190581565586 -0.018307641772587868 0.0079329806646236123 0.00014754708983505575 -0.0019920448919835232 0.024361865327372775 0.0069583199347237586 -0.0016841451856196156 7.9742480959153929e-05 0.0016439050637057167 -0.00076848218898361968 0.001986767650012035 0.0098031413195108184 -0.0028046217345763257 0.013126397799234838 0.0015879961396377935 -0.015918341886403189 -0.00053361589540956798 0.0033722889310096606 0.016141846552036421 -0.0027984133358258481
leaf_weight=75284 2945 1571 479 1388 2927 1263 411 98036 259 4324 654 1173 175 31941 462 3639 116 112344 6398 5208 10723 1544 4464 580 7476 276 35878 2309 1035 269
leaf_count=75284 2945 1571 479 1388 2927 1263 411 98036 259 4324 654 1173 175 31941 462 3639 116 112344 6398 5208 10723 1544 4464 580 7476 276 35878 2309 1035 269
internal_value=3.38379e-05 -8.23513e-05 0.0035303 -0.000453504 0.00121949 0.00231341 0.00925527 -0.000650665 -0.00166826 -0.000873057 -0.00599475 0.000989982 -0.0141739 -0.000696558 0.00748941 0.00872643 0.0187515 -0.000289025 -0.00137692 0.00135485 0.00169821 0.00300936 -0.000439693 0.00456321 0.000762071 0.00274631 0.00055605 0.00326569 0.00662675 0.0120249
internal_weight=415551 402122 13429 279595 29305 21332 1674 250290 7973 7539 2042 5497 434 248719 4696 4217 578 150683 38339 8733 19658 12267 7391 3525 122527 11365 111162 11089 3613 1304
internal_count=415551 402122 13429 279595 29305 21332 1674 250290 7973 7539 2042 5497 434 248719 4696 4217 578 150683 38339 8733 19658 12267 7391 3525 122527 11365 111162 11089 3613 1304
is_linear=0
shrinkage=0.03


Tree=3
num_leaves=31
num_cat=0
split_feature=54 29 57 58 77 27 51 38 127 18 1 30 16 26 34 32 16 35 35 62 36 16 26 81 117 120 42 77 53 123
split_gain=201.925 144.5 121.075 114.048 113.961 111.869 106.056 95.7907 169.838 111.166 100.871 92.5882 129.806 90.7118 91.0756 84.4542 114.674 92.7629 82.4791 79.3257 69.4146 78.0049 68.2382 63.1209 60.6513 59.1986 58.6076 55.8744 53.1369 76.1296
threshold=1.0837265253067019 -0.003447507973760366 1.1713876128196719 0.92868882417678844 0.34166666865348821 0.097018476575613036 0.86339896917343151 -0.015148468781262634 0.29966664314270025 0.97038361430168163 0.03846158646047116 -0.00029844505479559297 0.88365864753723156 0.039028493687510497 0.1450045704841614 0.0036617886507883672 0.74511337280273449 0.25006927549839025 0.7328506112098695 0.79597142338752758 0.14593085646629336 1.0552076697349551 0.032533289864659316 0.050000002607703216 0.61495330929756176 0.78378310799598705 -0.1082409657537937 0.7916666865348817 1.0002458691596987 -0.23333422094583509
decision_type=10 8 10 8 2 10 10 8 10 10 10 8 8 10 10 10 8 10 10 10 10 8 10 2 10 10 10 2 10 10
left_child=1 3 7 4 -1 25 20 8 13 10 -10 12 -9 -3 -15 16 -13 -17 22 -11 21 -5 -8 -7 -25 -2 -24 -14 -22 -30
right_child=5 2 -4 6 -6 23 18 11 9 19 -12 15 27 14 -16 17 -18 -19 -20 -21 28 -23 26 24 -26 -27 -28 -29 29 -31
leaf_value=0 0.00095902071914086501 -0.0048183697243316947 0.0041171869807481304 0.032592507047896013 -0.024563970310335477 -0.0032491087535581453 -0.001206689115992698 -0.0083494108980912713 0.026346298036237174 -0.01741420909354929 -0.0073985439779138875 -0.0098760998252302289 -0.00056157769144058085 0.0095728423996815377 -0.00041716104556921771 0.0058411107401034621 0.00037906832815413043 0.0012260957575874639 0.00013953036847956217 -0.0015207982318408569 -0.0032348505493473567 0 0.0035971173816000961 0.0074240809374632793 0.019162392908803665 0.0077494618388048737 -0.0037932722989070808 0.0030531048310260397 0.00057701126000634815 0.010936920180870566
leaf_weight=316 8551 2987 6816 132 356 342 36552 1876 110 1260 170 965 95434 1045 3370 5066 176414 18439 22749 423 1004 100 961 2669 521 1351 18818 3970 1748 1053
leaf_count=316 8551 2987 6816 132 356 342 36552 1876 110 1260 170 965 95434 1045 3370 5066 176414 18439 22749 423 1004 100 961 2669 521 1351 18818 3970 1748 1053
internal_value=-2.37923e-06 -0.00012405 0.00016689 -0.00123279 -0.0134029 0.00361218 -0.00112759 7.92395e-05 -0.00290384 -0.0107134 0.00573098 0.000172873 -0.000565187 -0.000769056 0.00191227 0.000546495 0.000320479 0.00223764 -0.00137273 -0.0136605 0.00358358 0.0190301 -0.00198861 0.00820778 0.00954212 0.00192948 -0.00341577 -0.000413612 0.00246875 0.00462796
internal_weight=415568 402134 318345 83789 672 13434 83117 311529 9365 1963 280 302164 101280 7402 4415 200884 177379 23505 79080 1683 4037 232 56331 3532 3190 9902 19779 99404 3805 2801
internal_count=415568 402134 318345 83789 672 13434 83117 311529 9365 1963 280 302164 101280 7402 4415 200884 177379 23505 79080 1683 4037 232 56331 3532 3190 9902 19779 99404 3805 2801
is_linear=0
shrinkage=0.03


Tree=4
num_leaves=31
num_cat=0
split_feature=41 29 36 57 60 1 58 16 38 117 58 40 35 52 36 5 114 62 117 15 35 6 10 86 52 138 42 4 41 118
split_gain=217.331 122.122 122.001 116.316 101.617 103.858 97.3167 116.054 75.0836 149.128 130.295 118.832 96.3348 85.5158 80.0726 74.702 118.115 74.4953 68.5153 65.3181 69.8164 65.0806 98.0594 94.8203 61.5325 60.2106 59.1558 59.0429 54.1348 51.9841
threshold=-0.07435498014092444 -0.0014677774743176995 0.68258029222488414 1.1713876128196719 1.0404685139656069 0.067999985069036498 0.92868882417678844 1.1253930926322939 -0.015148468781262634 0.64933186769485485 0.92868882417678844 -0.028738384135067459 0.70423525571823131 0.90333667397499096 0.8572901487350465 0.0084104691632092016 0.54237291216850292 0.79597142338752758 0.60176995396614086 1.0232036709785464 0.81533545255661022 0.28571064770221716 1.0320928096771242 0.78333333134651195 0.97671896219253551 0.8353058695793153 -0.1082409657537937 0.66666695475578319 0.034816736355423934 0.24242479354143145
decision_type=8 8 10 10 10 10 10 10 8 10 10 8 10 10 10 10 10 10 10 10 10 10 10 2 10 10 10 10 10 10
left_child=2 4 26 8 6 -6 7 29 9 13 12 14 -11 -3 27 25 -17 -12 -16 -8 28 23 -23 -13 -22 -4 -1 -10 -21 -2
right_child=1 3 15 -5 5 -7 19 -9 11 10 17 21 -14 -15 18 16 -18 -19 -20 20 24 22 -24 -25 -26 -27 -28 -29 -30 -31
leaf_value=0.006330321494742496 -0.00010925679928240812 0.0014249718927139409 0.0067758068200929203 0.0046492166372623508 0.0014191158077893657 0.016155902079965381 -0.00021821143886689481 0.002577408590940604 0.0017326712798972157 -0.0060238009170468822 -0.016504240832724369 0.00018727829542231167 0.02817868626598297 -0.0065476754850476888 0.00083426996619212176 0.011351927359558076 -0.017680708167406366 -0.00095077283402937357 0.015317126943511847 -0.0022023260962324574 -0.0016564606681815338 -0.00050396388393703691 0.0149885970784374 0.0021579939659764555 0.0019373842989329484 0.024933016382625146 0 0.013530972942143029 0.0041363987450076366 -0.0231388510449957
leaf_weight=2549 141 5168 338 5368 9362 438 61830 342 7620 134 1267 115969 111 1553 510 509 141 410 873 54867 8593 96388 348 27224 8496 534 2805 394 1190 458
leaf_count=2549 141 5168 338 5368 9362 438 61830 342 7620 134 1267 115969 111 1553 510 509 141 410 873 54867 8593 96388 348 27224 8496 534 2805 394 1190 458
internal_value=-1.07409e-05 -0.000100493 0.0052699 0.000284258 -0.000797808 0.00213987 -0.00101211 -0.0105566 0.000191912 -0.00255025 -0.00987953 0.000288371 0.00929714 -0.000386699 0.0035956 0.0127738 0.00426653 -0.0129345 0.0102782 -0.000941796 -0.00154911 0.000157301 -0.000442043 0.000564297 0.000112904 0.0185411 0.00304131 0.0023823 -0.00206099 -0.0183812
internal_weight=415930 409054 6876 263337 145717 9800 135917 941 257969 8643 1922 249326 245 6721 9397 1522 650 1677 1383 134976 73146 239929 96736 143193 17089 872 5354 8014 56057 599
internal_count=415930 409054 6876 263337 145717 9800 135917 941 257969 8643 1922 249326 245 6721 9397 1522 650 1677 1383 134976 73146 239929 96736 143193 17089 872 5354 8014 56057 599
is_linear=0
shrinkage=0.03


Tree=5
num_leaves=31
num_cat=0
split_feature=41 36 46 46 82 53 42 22 49 34 41 29 42 33 60 59 33 48 81 52 121 60 38 118 6 26 11 4 17 15
split_gain=203.337 139.858 116.081 128.294 108.381 60.7115 133 70.4648 91.9486 80.0308 64.5742 62.4372 58.9701 57.8486 57.8773 83.2837 56.8259 53.7309 50.9588 50.6158 84.9344 55.6209 60.9132 53.2248 47.1001 46.2875 50.3587 69.3629 76.3975 69.8329
threshold=-0.058647505939006798 0.78954482078552257 1.0439652204513552 1.2084835767745974 0.37500000000000006 0.99341341853141796 -0.05610398389399051 0.80148348212242138 0.8707978129386903 0.67619147896766674 0.056732021272182472 0.009822331368923189 0.11066691204905511 0.91984030604362499 1.0323673486709597 0.9988340735435487 0.24928247928619388 0.97444468736648571 0.050000002607703216 0.77829599380493175 0.52348998188972484 0.8871062994003297 -0.019402439706027504 0.90476027131080639 0.21951371431350711 0.015194781124591829 0.9777294695377351 0.38461403548717504 0.7648424804210664 0.79946070909500133
decision_type=8 10 8 10 2 8 10 8 8 10 10 10 10 10 10 10 10 10 2 10 10 10 10 10 10 10 10 10 8 8
left_child=1 4 24 5 19 6 -4 9 18 -7 -11 12 -8 14 15 17 -10 -5 -9 21 -21 -1 -23 -24 -2 -26 27 29 -29 -27
right_child=2 -3 3 13 -6 7 11 8 16 10 -12 -13 -14 -15 -16 -17 -18 -19 -20 20 -22 22 23 -25 25 26 -28 28 -30 -31
leaf_value=-0.0084633566156547633 0.00093045077887001241 0.012923916086758937 -0.013507932229994376 0.0024246298829285373 -0.00040691415972270395 0 -0.0019824607878348708 -0.0087574024883759535 -0.0014046468326676977 -0.020422388972305899 -0.0022541911455191042 0.00623511427242844 -0.016171923931460299 -0.0043371289715671436 0.0072245710348916104 -0.0027368215598878322 -0.00028231516765792628 0.010500026471589749 0.0057151006237947865 -0.00049523825052906955 0.0078821597272318144 -0.0029191053644395787 0.013865631651973151 0.00025258619430180832 0.0011098163481286759 -0.0064580517940474721 -0.00076871733309822959 0.029903761373694847 -0.00064564004004932936 0.0022978711373337428
leaf_weight=127 88692 1299 921 3904 5781 827 14463 204 58966 470 347 784 256 927 2554 2301 133445 960 2843 2446 1856 253 1660 360 22924 901 57384 142 100 6739
leaf_count=127 88692 1299 921 3904 5781 827 14463 204 58966 470 347 784 256 927 2554 2301 133445 960 2843 2446 1856 253 1660 360 22924 901 57384 142 100 6739
internal_value=-7.44303e-06 0.00357202 -0.000131369 -0.000585291 0.00255574 -0.000746717 -0.00250385 -0.000598538 -0.000544476 -0.00676204 -0.0133026 -0.00181424 -0.00227121 0.00261962 0.00332151 0.00187225 -0.000627933 0.00411635 0.00459755 0.00514949 0.00306934 0.00869802 0.00985317 0.0116129 0.000442215 -4.54988e-05 -0.000456102 0.00177808 0.0170494 0.00121194
internal_weight=414836 13782 401054 224172 12483 213526 16424 197102 195458 1644 817 15503 14719 10646 9719 7165 192411 4864 3047 6702 4302 2400 2273 2020 176882 88190 65266 7882 242 7640
internal_count=414836 13782 401054 224172 12483 213526 16424 197102 195458 1644 817 15503 14719 10646 9719 7165 192411 4864 3047 6702 4302 2400 2273 2020 176882 88190 65266 7882 242 7640
is_linear=0
shrinkage=0.03


Tree=6
num_leaves=31
num_cat=0
split_feature=41 36 29 22 38 17 3 79 79 14 42 35 14 58 125 28 15 35 16 25 1 1 31 38 25 42 124 18 17 28
split_gain=176.906 135.174 103.648 114.946 101.765 152.375 104.296 168.301 119.46 97.3623 90.5549 75.7281 74.3249 84.4241 74.1381 67.3637 66.303 83.7798 62.5133 60.9206 58.771 56.3278 56.2872 78.4576 59.629 55.66 53.2925 52.3672 52.2784 101.292
threshold=-0.07435498014092444 0.68258029222488414 -0.00020453970500966531 1.0955949425697329 -0.015148468781262634 0.73892769217491161 0.023893930949270729 0.15000000223517421 0.65000000596046459 0.95042142271995556 -0.088774453848600374 0.88900902867317211 0.982742339372635 0.92868882417678844 0.18181819468736651 0.0068156635388731965 1.0232036709785464 0.76024073362350475 0.83977752923965465 0.029420242644846443 0.067999985069036498 0.048543695360422141 0.0093223326839506643 0.0095890727825462835 0.013774351216852667 -0.1082409657537937 0.11494274437427522 1.0453740954399111 0.67165943980216991 -0.0023854380706325169
decision_type=8 10 8 10 8 8 10 2 2 10 10 10 8 10 10 10 10 10 8 10 10 10 10 10 8 10 10 10 8 10
left_child=1 25 10 4 5 11 22 18 -9 -3 15 27 13 -12 -15 20 -14 -18 -8 -7 28 -19 24 -24 -6 -1 -5 -4 29 -2
right_child=2 9 3 26 6 19 7 8 -10 -11 12 -13 16 14 -16 -17 17 21 -20 -21 -22 -23 23 -25 -26 -27 -28 -29 -30 -31
leaf_value=0.0056316060909223399 0.023500483984538221 -0.0079673825205286118 -0.0094165263754470013 0.0076528043394554829 0.0012856780828954448 -0.0054811414727921398 0.021060247965096118 -0.0043830425615895051 0.01685572991723713 0.015369885601732117 -0.020279644887737352 -0.025315542277074544 2.2052540737706434e-05 -0.0058441357168444079 9.2914332782161852e-05 -0.0079952613671486553 -0.0017920907785086973 -8.1561389976494321e-05 0.0065778625070249648 0.00092215933968506835 0.015452069321861574 0.0066851559980068481 0.0060178089316221348 -0.00449423675191614 1.1384611693468558e-05 -0.00035792081143824853 0 0.0098589085189755565 0.0018688752425019099 -0.0067872027149243896
leaf_weight=2601 259 152 1315 2814 41733 1819 625 1281 271 1350 251 276 82161 3828 3533 498 59999 26866 642 4723 319 1132 3157 751 160905 2798 1120 109 7747 123
leaf_count=2601 259 152 1315 2814 41733 1819 625 1281 271 1350 251 276 82161 3828 3533 498 59999 26866 642 4723 319 1132 3157 751 160905 2798 1120 109 7747 123
internal_value=3.14421e-05 0.00478806 -4.84576e-05 0.000389555 0.00029596 -0.00296522 0.000426046 0.00614339 -0.000316362 0.0127374 -0.000569758 -0.010926 -0.000719347 -0.00362341 -0.0029614 0.0023643 -0.00058726 -0.00115945 0.0141713 -0.000823837 0.00302785 0.000185896 0.000345974 0.00390874 0.000275405 0.00248234 0.00546315 -0.00761722 0.00246676 0.0131494
internal_weight=415158 6901 408257 221541 217607 8242 209365 2819 1552 1502 186716 1700 177770 7612 7361 8946 170158 87997 1267 6542 8448 27998 206546 3908 202638 5399 3934 1424 8129 382
internal_count=415158 6901 408257 221541 217607 8242 209365 2819 1552 1502 186716 1700 177770 7612 7361 8946 170158 87997 1267 6542 8448 27998 206546 3908 202638 5399 3934 1424 8129 382
is_linear=0
shrinkage=0.03


Tree=7
num_leaves=31
num_cat=0
split_feature=41 36 46 46 5 124 61 33 58 41 26 68 26 82 99 85 91 35 138 34 82 125 42 140 102 117 39 39 28 86
split_gain=188.862 130.457 106.316 110.001 66.9844 98.2449 75.6589 64.3923 82.5158 84.4002 68.9991 63.4614 64.3361 61.3094 61.1992 60.2792 49.9136 45.9347 43.6711 41.9873 41.1842 51.2036 41.7295 54.2927 44.043 52.5637 52.1949 42.166 54.016 49.9668
threshold=-0.07435498014092444 0.68258029222488414 1.029825031757355 1.2084835767745974 0.0084104691632092016 0.059868738055229194 0.86792460083961498 0.24928247928619388 0.92868882417678844 0.042876735329627998 0.026890493929386142 0.85714235901832592 0.044321049004793174 0.37500000000000006 0.86607143282890331 0.62500000000000011 0.84550893306732189 0.81533545255661022 0.81161460280418407 0.73423609137535106 0.92500001192092907 0.18181819468736651 0.11066691204905511 2.3552887439727788 0.56711712479591381 0.63902059197425853 0.018127482384443287 0.0072825332172214994 0.0011066334554925563 0.75000000000000011
decision_type=8 10 8 10 10 10 10 8 8 10 8 10 10 2 2 2 10 10 10 10 2 10 10 10 2 10 10 10 8 2
left_child=1 13 20 7 6 -6 -3 8 -4 10 -10 12 17 19 -14 -11 -13 -9 -8 -1 22 -22 27 24 25 -24 -26 28 -2 -29
right_child=2 4 3 -5 5 -7 18 11 9 15 -12 16 14 -15 -16 -17 -18 -19 -20 -21 21 -23 23 -25 26 -27 -28 29 -30 -31
leaf_value=0.0085121511235046951 0.0012931131979638422 0.028699241792819238 -0.022935639812900126 0.0024686754709512897 0.011470015627147612 -0.014154158135978662 -0.0019349048877610703 -0.00046782181604278266 -0.00036704590277321603 0.0061024365633428092 -0.002175959124199526 -0.0015624310434114485 0.0010591553699128065 -0.00070779998059722587 0.014856619332221687 -0.0089076294578363732 -0.015513315239472355 0.0016012651533766663 0.015131313045509159 0.00078098079657103637 0.0016753456134369958 0.017549124841024326 -0.00079039388549582501 -0.015792763988187051 -0.0022534950818893385 -0.010947868658080791 0.015521461108088573 0.00074911024315656399 -0.00022675019496945834 0.0031758303846626018
leaf_weight=1757 33458 367 139 11476 485 157 164 123597 35085 2096 42547 21884 31398 2478 276 239 219 10405 340 1130 650 270 2438 242 257 571 259 23215 56021 11732
leaf_count=1757 33458 367 139 11476 485 157 164 123597 35085 2096 42547 21884 31398 2478 276 239 219 10405 340 1130 650 270 2438 242 257 571 259 23215 56021 11732
internal_value=1.1688e-05 0.00493492 -7.07139e-05 -0.000400403 0.0127103 0.00451219 0.0181794 -0.000524607 -0.00123743 -0.00119024 -0.00136261 -0.000218822 -1.54707e-05 0.00264738 0.00119815 0.00437608 -0.00172812 -0.000304708 0.00914361 0.00561549 0.000640261 0.00692737 0.000591727 -0.0024939 -0.00141233 -0.00287652 0.00635498 0.000687941 0.000338367 0.00157371
internal_weight=415352 6878 408474 279361 1513 642 871 267885 80106 79967 77632 187779 165676 5365 31674 2335 22103 134002 504 2887 129113 920 128193 3767 3525 3009 516 124426 89479 34947
internal_count=415352 6878 408474 279361 1513 642 871 267885 80106 79967 77632 187779 165676 5365 31674 2335 22103 134002 504 2887 129113 920 128193 3767 3525 3009 516 124426 89479 34947
is_linear=0
shrinkage=0.03


Tree=8
num_leaves=31
num_cat=0
split_feature=41 36 29 14 57 38 17 30 16 38 21 82 6 8 79 47 13 1 34 82 59 2 41 33 56 53 124 107 14 140
split_gain=165.961 140.815 111.149 109.581 108.671 102.08 153.117 89.0877 83.2346 84.8954 83.0173 74.0757 71.7987 74.7058 69.4837 66.8536 64.814 61.3901 59.3061 65.3575 58.2843 57.7832 56.8136 63.502 54.6969 54.6059 54.0092 53.5082 51.358 51.0002
threshold=-0.058647505939006798 0.78954482078552257 -0.0012536812573671339 0.98090043663978588 1.1713876128196719 -0.015148468781262634 0.73892769217491161 -0.00029844505479559297 0.88365864753723156 0.0040875859558582315 1.114097595214844 0.37500000000000006 0.32652759552001959 -0.78478416800498951 0.94999998807907116 1.1594058871269228 1.0437601208686831 0.017747853882610801 0.76161217689514171 0.22500000149011615 0.93502989411354076 -0.66666644811630238 -0.027655810117721554 0.85851576924324047 0.98906084895133983 1.0012314319610598 0.17045448720455172 0.42980295419692999 0.97475028038024913 0.76269406080245983
decision_type=8 10 8 8 10 8 8 8 8 10 10 2 10 10 2 10 8 10 10 2 10 10 10 10 10 10 10 2 10 10
left_child=1 11 3 14 5 6 12 8 9 -7 17 -1 13 -4 20 -9 -17 -5 -8 -20 -2 28 25 -24 -22 -19 -10 -14 -3 -12
right_child=2 21 4 10 -6 7 18 15 26 -11 29 -13 27 -15 -16 16 -18 22 19 -21 24 -23 23 -25 -26 -27 -28 -29 -30 -31
leaf_value=0.0043425980814588315 -0.023445215228838218 -0.012423492027263826 -0.0051189665420365302 -0.00012215453155038137 0.0045696669335591206 -0.014838087674763101 -0.002644248556651426 0.00078128955980125809 5.5863132038965472e-05 0.00067280546876641973 -0.0038540272945527345 -0.0002229748569950599 0.0081536533223437284 -0.020971412181675721 0.011006888969117128 -0.0023880161293785068 0.0059217468968008969 -0.0066352341082578196 -0.0042305860980099272 0.0083098875985973906 0.0023176110575790212 0.018092856460304112 -0.0015644590483377195 -0.0049818940331875375 -0.0075745031968498747 0.00017000725794143843 -0.0018249395929787961 -0.015218564591677721 0.0090527267090433142 0.00516537377549834
leaf_weight=6760 176 101 536 68034 5130 721 5061 164837 45083 491 626 5826 248 726 176 9786 888 1093 524 1051 553 747 42619 5646 2731 21906 19566 111 431 3290
leaf_count=6760 176 101 536 68034 5130 721 5061 164837 45083 491 626 5826 248 726 176 9786 888 1093 524 1051 553 747 42619 5646 2731 21906 19566 111 431 3290
internal_value=-1.19491e-05 0.00321182 -0.000124147 -0.000781947 0.000253882 0.00016363 -0.00310937 0.000277085 -0.000661418 -0.00840196 -0.00064857 0.00220842 -0.0113341 -0.0146574 -0.00592106 0.000631006 -0.00165887 -0.000771651 -0.00102719 0.00394887 -0.00692665 0.0126688 -0.00138729 -0.00197234 -0.005814 -0.000145855 -0.000509111 0 0.0041296 0.00363508
internal_weight=415474 13865 401609 146850 254759 249629 8257 241372 65861 1212 143214 12586 1621 1262 3636 175511 10674 139298 6636 1575 3460 1279 71264 48265 3284 22999 64649 359 532 3916
internal_count=415474 13865 401609 146850 254759 249629 8257 241372 65861 1212 143214 12586 1621 1262 3636 175511 10674 139298 6636 1575 3460 1279 71264 48265 3284 22999 64649 359 532 3916
is_linear=0
shrinkage=0.03


Tree=9
num_leaves=31
num_cat=0
split_feature=42 30 38 17 32 40 36 27 122 30 35 116 116 46 53 48 24 75 11 35 37 114 91 38 37 51 43 99 44 5
split_gain=141.845 102.838 85.709 195.286 84.958 82.4278 143.877 78.3736 88.5204 74.503 68.0654 77.0398 66.2773 62.5388 61.9152 59.9101 65.4357 59.206 72.6624 64.7095 57.3431 83.0102 56.1838 67.0389 57.4902 54.254 65.5205 54.1724 88.5328 56.1693
threshold=-0.1082409657537937 -0.00029844505479559297 -0.015148468781262634 0.73892769217491161 -0.0043903253972530356 -0.047830004245042794 0.80269074440002453 0.071901489049196257 0.41666661202907568 0.0025869938544929032 0.88900902867317211 0.74397653341293346 0.63218393921852123 1.0578085184097292 1.0475971698760989 0.94911044836044323 0.026912380009889606 0.67499998211860668 0.98469537496566784 0.15520626306533816 0.23707552254199984 0.41111126542091375 0.84550893306732189 0.0073339117225259551 0.78687506914138805 0.93629074096679699 1.0284605622291567 0.73214286565780651 1.027720093727112 0.0013495200546458366
decision_type=8 8 8 8 10 8 10 10 10 10 10 10 10 10 10 10 10 2 10 10 10 10 10 10 10 10 10 2 10 8
left_child=17 4 3 10 25 6 7 -4 -9 -5 11 14 -6 -14 -3 -8 -17 18 20 -19 -1 -22 27 -24 -25 26 -2 29 -29 -7
right_child=1 2 5 9 12 22 15 8 -10 -11 -12 -13 13 -15 -16 16 -18 19 -20 -21 21 -23 23 24 -26 -27 -28 28 -30 -31
leaf_value=0.001263190801056647 0.001805114610908706 -0.014602358091573189 -0.0021338842673876324 -0.0055584694924023506 -0.00070693799066026274 0.0011843357607472062 -0.0041638101227793158 0.00081103310511256759 0.010560235163049384 0.0015989254473013519 -0.025442310602483437 0.0072173201123421835 -0.00063648870308481329 -0.012588431206056787 0 0.0047288907796863219 0.02277182902356014 0.02254260024285722 0.001174476625343883 0 0.014555164159666794 -0.008790302606235291 -0.00050671331634015383 -0.012956019828302846 0.0036984824217316283 0.00027238984591694109 0.010012345682370452 0.0013205004576505013 0.0086594604619117631 5.4897006114669988e-06
leaf_weight=800 2698 1031 2539 1729 165093 48424 112 2253 1394 5147 262 211 860 812 342 348 571 296 4438 154 1162 125 2471 866 194 6859 1378 13239 1678 148127
leaf_count=800 2698 1031 2539 1729 165093 48424 112 2253 1394 5147 262 211 860 812 342 348 571 296 4438 154 1162 125 2471 866 194 6859 1378 13239 1678 148127
internal_value=1.46439e-05 -5.71388e-05 0.000359506 -0.00254893 -0.000600276 0.000475231 0.0036291 0.00182324 0.00465657 -0.00016823 -0.011159 -0.00832165 -0.000769604 -0.0066984 -0.0109943 0.0139379 0.0165052 0.00425114 0.00343793 0.0147564 0.00805193 0.0119584 0.000367641 -0.00336519 -0.00961811 0.00195138 0.00468837 0.000431701 0.00217663 0.000297538
internal_weight=415613 408638 230938 8722 177700 222216 7217 6186 3647 6876 1846 1584 166765 1672 1373 1031 919 6975 6525 450 2087 1287 214999 3531 1060 10935 4076 211468 14917 196551
internal_count=415613 408638 230938 8722 177700 222216 7217 6186 3647 6876 1846 1584 166765 1672 1373 1031 919 6975 6525 450 2087 1287 214999 3531 1060 10935 4076 211468 14917 196551
is_linear=0
shrinkage=0.03


Tree=10
num_leaves=31
num_cat=0
split_feature=41 62 23 44 33 16 56 33 29 58 83 95 42 36 114 43 16 30 16 38 10 37 30 38 138 4 77 50 6 86
split_gain=132.336 117.725 111.202 109.33 95.832 79.4132 75.4308 75.1874 72.0307 87.0348 78.7677 85.8381 71.5563 69.347 74.3057 65.722 62.3991 96.2107 121.922 60.8875 58.8367 57.9418 55.969 66.2908 64.1584 55.9437 55.7128 55.1745 79.4231 58.0657
threshold=-0.058647505939006798 0.81719377636909496 0.048276247456669814 1.0371655821800234 0.3630595207214356 0.74511337280273449 1.1424836516380312 0.91984030604362499 -0.00041060034709516907 0.94406262040138256 0.70000001788139354 0.51192778348922741 -0.061829956248402589 0.69690418243408214 0.30357153713703161 1.0782367587089541 1.1135416030883791 -0.00045401581155601883 0.87204989790916454 -0.0062689553014934054 1.0092975497245791 0.74645310640335094 -0.0075242845341563216 -0.0093200718984007818 0.76459181308746349 0.43589736521244055 0.27500000596046453 0.95943301916122448 0.21951371431350711 0.78333333134651195
decision_type=8 10 10 10 8 8 10 10 8 10 10 10 10 10 10 10 10 8 8 10 10 10 10 10 10 10 2 10 10 2
left_child=1 2 13 16 5 -5 8 15 9 21 25 -12 -4 14 -1 -8 17 18 -2 -20 -16 -6 23 24 -3 -10 -21 28 29 -19
right_child=3 22 12 4 6 -7 7 -9 10 -11 11 -13 -14 -15 20 -17 -18 27 19 26 -22 -23 -24 -25 -26 -27 -28 -29 -30 -31
leaf_value=0.013720143306617307 -0.01115943115075795 0 0.0037568278016401921 -0.01110298196700875 -0.017881422799161963 -0.0016300605185746086 0.0020254764328085776 -0.0039865464245235748 0.00079622274796207885 -0.00075924334178866665 -0.001285652292505504 -0.01960685084463832 -0.025374265636156856 0.014348766762587712 -0.0091998230626138908 0.0092867957592641902 0.0032594230565589446 0.00044366316158186519 0.0019035981121230344 9.2907163970174186e-05 0.0047521267046514671 0.00029915655305974673 4.7911373147071343e-05 0.0014117317725789614 0.018567753637426309 0.0048159883616708992 -0.0016580888244127803 0.0015749692282492709 -0.00044952211914355168 0.002398827046031963
leaf_weight=606 973 214 119 802 427 51493 3672 1112 14371 70272 1047 293 125 1364 343 1712 6142 47250 7978 29557 1018 194 8229 1381 502 4066 35750 39508 65135 19542
leaf_count=606 973 214 119 802 427 51493 3672 1112 14371 70272 1047 293 125 1364 343 1712 6142 47250 7978 29557 1018 194 8229 1381 502 4066 35750 39508 65135 19542
internal_value=-5.64464e-06 0.00286913 0.0075615 -0.000106113 -0.000749365 -0.00178526 -0.000188503 0.00292358 -0.00041537 -0.000864407 0.00117835 -0.00574172 -0.0108222 0.00905422 0.0051243 0.00441576 0.000274487 0.000198387 -0.000701665 -0.000555718 0.000936402 -0.0119017 0.0012041 0.00555614 0.0128866 0.00170323 -0.000861235 0.000590036 0.000292611 0.00102074
internal_weight=415197 13901 3575 401296 149461 52295 97166 6496 90670 70893 19777 1340 244 3331 1967 5384 251835 245693 74258 73285 1361 621 10326 2097 716 18437 65307 171435 131927 66792
internal_count=415197 13901 3575 401296 149461 52295 97166 6496 90670 70893 19777 1340 244 3331 1967 5384 251835 245693 74258 73285 1361 621 10326 2097 716 18437 65307 171435 131927 66792
is_linear=0
shrinkage=0.03


Tree=11
num_leaves=31
num_cat=0
split_feature=42 26 125 45 33 52 54 14 36 62 40 4 119 14 59 4 128 36 30 58 13 109 75 1 75 23 45 37 53 42
split_gain=138.793 90.6505 128.885 103.216 83.6635 91.4234 98.4417 82.2719 74.2979 101.469 81.7104 114.246 73.6992 71.9161 71.0169 78.0228 66.865 65.455 59.5421 69.1739 74.3372 65.5209 59.2845 63.2285 65.7989 58.6486 56.634 54.7065 52.2814 60.6951
threshold=-0.1082409657537937 0.069739785045385375 0.47529681026935583 1.0268817543983462 0.3630595207214356 0.74897015094757091 1.0487254261970522 1.0220085978507998 0.80269074440002453 0.7697446644306184 0.034014403820037849 0.22727394104003909 0.22297273576259616 0.95042142271995556 0.91453108191490184 0.17241383343935016 0.77192726731300365 0.68258029222488414 0.0047810487449169168 1.0033796429634096 1.0610448718070986 0.58571431040763866 0.67499998211860668 0.067999985069036498 0.27500000596046453 0.023492458276450637 1.0943584442138674 0.8671073615550996 0.99087518453598034 -0.04700867831707
decision_type=8 10 8 8 8 8 10 10 10 10 10 10 10 8 10 10 10 10 10 10 10 2 2 10 2 10 10 10 10 8
left_child=22 3 12 -2 5 6 7 -5 9 26 11 -10 -3 -14 15 -15 -12 -16 28 21 -21 -20 23 -1 -25 -13 -4 -8 29 -6
right_child=1 2 8 4 18 -7 27 -9 10 -11 16 25 13 14 17 -17 -18 -19 19 20 -22 -23 -24 24 -26 -27 -28 -29 -30 -31
leaf_value=0.0020660692558920912 0.00046757003259595696 0.0099552580819984287 -0.015764791711147967 -0.0055425390738134735 -0.012242841437480436 -0.0010229708743719603 -0.022447855998430126 0.0039731700838847037 -0.0088214961592108648 0.0064459346013274578 -0.0018456920823082326 0.011746755374374416 -0.0005645364079654581 -0.00035649330141857341 1.9922342367450582e-05 0.024674442262290732 0.025696682367799061 0.0044215811705993211 -0.00075344491148335931 0.0093982529334374759 -0.003417942815781064 0.0099634497819190825 0.014906280320737765 0.01686667548552041 0.00044052543217670088 -0.002516042564798298 0 0 -0.00011982535316208187 -0.0018787002163069436
leaf_weight=5531 139132 1160 943 3991 550 87588 401 974 1067 293 100 536 6000 146 4812 265 169 8937 4394 1893 467 558 434 570 413 423 289 122 136491 6648
leaf_count=5531 139132 1160 943 3991 550 87588 401 974 1067 293 100 536 6000 146 4812 265 169 8937 4394 1893 467 558 434 570 413 423 289 122 136491 6648
internal_value=2.80324e-06 -6.81101e-05 0.00167511 -0.000183336 -0.000555611 -0.00126329 -0.0050267 -0.00360718 -0.00335322 -0.0084396 0 -0.00203929 0.00259241 0.00214444 0.00331265 0.0154827 0.0150007 0.0029051 -0.000117305 0.00251602 0.00672871 0.000429036 0.00420182 0.00339927 0.0104109 0.00522634 -0.0122658 -0.017321 -0.000253729 -0.00274392
internal_weight=415297 408349 25140 383209 244077 93076 5488 4965 3820 1525 2295 2026 21320 20160 14160 411 269 13749 151001 7312 2360 4952 6948 6514 983 959 1232 523 143689 7198
internal_count=415297 408349 25140 383209 244077 93076 5488 4965 3820 1525 2295 2026 21320 20160 14160 411 269 13749 151001 7312 2360 4952 6948 6514 983 959 1232 523 143689 7198
is_linear=0
shrinkage=0.03


Tree=12
num_leaves=31
num_cat=0
split_feature=41 36 29 57 58 31 1 45 60 83 38 117 10 121 61 38 78 30 39 67 46 22 42 114 82 38 48 81 38 82
split_gain=145.386 92.6036 77.5134 105.857 83.4634 104.438 85.3971 101.161 69.0656 66.6812 65.219 169.549 116.933 128.951 92.806 165.236 130.016 93.2255 87.9224 73.9944 64.29 63.8945 62.2495 77.7393 55.278 51.5999 51.2869 57.5996 53.4317 50.9879
threshold=-0.07435498014092444 0.65249934792518627 -0.0012536812573671339 1.1713876128196719 0.92868882417678844 -0.0077554411254823199 0.067999985069036498 1.1162037849426272 0.8871062994003297 -0.3000000044703483 -0.015148468781262634 0.64933186769485485 1.037257254123688 0.22413803637027743 0.82402992248535167 0.011956513393670322 0.30000000447034841 0.003221931518055499 0.0033612780971452598 0.70871210098266613 1.0439652204513552 0.87468168139457714 0.066245574504137053 0.57142814993858349 0.22500000149011615 0.013741402421146633 0.98823532462120067 0.65000000596046459 0.011956513393670322 0.37500000000000006
decision_type=8 10 8 10 10 10 10 10 10 10 8 10 10 10 8 10 10 10 10 10 10 10 10 8 2 10 10 2 10 2
left_child=1 29 4 10 5 -2 22 -8 -3 -10 11 18 13 -13 15 16 -12 -17 19 -4 -20 -14 23 24 -6 -24 28 -28 -16 -1
right_child=2 8 3 -5 6 -7 7 -9 9 -11 14 12 21 -15 26 17 -18 -19 20 -21 -22 -23 25 -25 -26 -27 27 -29 -30 -31
leaf_value=0.0048677568500106998 0.0032694712953866591 -0.0078535967622021287 -0.0053686991340365061 0.0044854431827677293 0.0002351965598972735 -0.016244800073469005 -0.0040613721832973744 0.01235704412445175 0.0084872018196285974 0.024673348272959868 0.0018628163500648981 0.017843307369463234 -0.022041842402610545 -0.0082740028070691415 -0.00023977105084104731 0.018670516677861734 0.0099918721595314078 -0.0050727147107028038 -0.0024555101810835337 0.0013765129988468265 0.016965425419631776 0 0.0033105664345837293 -0.005459733612539955 -0.00098737222636194788 0.024359715022272556 0.0014421770189888545 -0.00089010936354199169 0.0022059053931599089 -0.0010270727372206658
leaf_weight=2833 347 142 2377 5176 50389 647 472 947 1339 312 4336 186 709 878 168913 135 3128 2350 191 3635 419 133 568 2977 96057 128 42973 12061 8408 2320
leaf_count=2833 347 142 2377 5176 50389 647 472 947 1339 312 4336 186 709 878 168913 135 3128 2350 191 3635 419 133 568 2977 96057 128 42973 12061 8408 2320
internal_value=0 0.00429769 -7.312e-05 0.000245009 -0.000608993 -0.00920649 -0.000549411 0.00670679 0.0101784 0.0119842 0.00015596 -0.00241623 -0.0102523 -0.00318665 0.000247919 0.0030836 0.00532721 -0.00352431 -9.15248e-05 -0.0012496 0.0105233 -0.0185518 -0.000620883 -0.00066494 -0.000564689 0.00817298 0.000124954 0.000925457 -0.000121877 0.00216206
internal_weight=415486 6946 408540 256008 152532 994 151538 1419 1793 1651 250832 8528 1906 1064 242304 9949 7464 2485 6622 6012 610 842 150119 149423 146446 696 232355 55034 177321 5153
internal_count=415486 6946 408540 256008 152532 994 151538 1419 1793 1651 250832 8528 1906 1064 242304 9949 7464 2485 6622 6012 610 842 150119 149423 146446 696 232355 55034 177321 5153
is_linear=0
shrinkage=0.03


end of trees

feature_importances:
RESI5=16
RSQR30=15
RESI60=15
RESI30=13
ROC10=11
RSQR20=11
ROC30=10
BETA20=10
STD30=9
BETA10=9
RSQR5=9
QTLD5=9
KLEN=8
MAX30=8
IMIN60=8
MA60=7
RESI10=6
QTLU5=6
IMXD30=6
SUMP60=6
KUP2=5
KLOW2=5
HIGH0=5
ROC20=5
ROC60=5
MAX20=5
MIN5=5
QTLU60=5
QTLD20=5
IMAX60=5
KLOW=4
BETA5=4
RSQR10=4
RSQR60=4
MIN10=4
MIN60=4
QTLU10=4
QTLD10=4
QTLD60=4
IMIN30=4
SUMP10=4
SUMD10=4
KUP=3
LOW0=3
ROC5=3
STD20=3
STD60=3
BETA30=3
RESI20=3
MAX5=3
IMAX20=3
IMIN10=3
IMXD5=3
SUMP30=3
SUMD20=3
WVMA5=3
WVMA20=3
KMID2=2
KSFT=2
KSFT2=2
MA5=2
STD5=2
BETA60=2
MAX10=2
MAX60=2
MIN30=2
QTLU30=2
QTLD30=2
IMIN5=2
CORR30=2
CNTP10=2
SUMN5=2
SUMN20=2
SUMN30=2
SUMN60=2
MA30=1
STD10=1
MIN20=1
RANK60=1
RSV5=1
RSV10=1
IMXD10=1
IMXD20=1
CORD20=1
CNTP60=1
CNTN60=1
CNTD10=1
SUMP20=1
SUMN10=1
SUMD5=1
SUMD60=1
VMA5=1
WVMA10=1
WVMA60=1

parameters:
[boosting: gbdt]
[objective: regression]
[metric: l2]
[tree_learner: serial]
[device_type: gpu]
[data_sample_strategy: bagging]
[data: ]
[valid: ]
[num_iterations: 500]
[learning_rate: 0.03]
[num_leaves: 31]
[num_threads: 12]
[seed: 20260812]
[deterministic: 0]
[force_col_wise: 1]
[force_row_wise: 0]
[histogram_pool_size: -1]
[max_depth: 7]
[min_data_in_leaf: 100]
[min_sum_hessian_in_leaf: 0.001]
[bagging_fraction: 0.8]
[pos_bagging_fraction: 1]
[neg_bagging_fraction: 1]
[bagging_freq: 1]
[bagging_seed: 20260812]
[bagging_by_query: 0]
[feature_fraction: 0.8]
[feature_fraction_bynode: 1]
[feature_fraction_seed: 20260812]
[extra_trees: 0]
[extra_seed: 9622]
[early_stopping_round: 0]
[early_stopping_min_delta: 0]
[first_metric_only: 0]
[max_delta_step: 0]
[lambda_l1: 10]
[lambda_l2: 20]
[linear_lambda: 0]
[min_gain_to_split: 0]
[drop_rate: 0.1]
[max_drop: 50]
[skip_drop: 0.5]
[xgboost_dart_mode: 0]
[uniform_drop: 0]
[drop_seed: 26770]
[top_rate: 0.2]
[other_rate: 0.1]
[min_data_per_group: 100]
[max_cat_threshold: 32]
[cat_l2: 10]
[cat_smooth: 10]
[max_cat_to_onehot: 4]
[top_k: 20]
[monotone_constraints: ]
[monotone_constraints_method: basic]
[monotone_penalty: 0]
[feature_contri: ]
[forcedsplits_filename: ]
[refit_decay_rate: 0.9]
[cegb_tradeoff: 1]
[cegb_penalty_split: 0]
[cegb_penalty_feature_lazy: ]
[cegb_penalty_feature_coupled: ]
[path_smooth: 0]
[interaction_constraints: ]
[verbosity: 1]
[saved_feature_importance_type: 0]
[use_quantized_grad: 0]
[num_grad_quant_bins: 4]
[quant_train_renew_leaf: 0]
[stochastic_rounding: 1]
[linear_tree: 0]
[max_bin: 63]
[max_bin_by_feature: ]
[min_data_in_bin: 3]
[bin_construct_sample_cnt: 200000]
[data_random_seed: 20260812]
[is_enable_sparse: 1]
[enable_bundle: 1]
[use_missing: 1]
[zero_as_missing: 0]
[feature_pre_filter: 1]
[pre_partition: 0]
[two_round: 0]
[header: 0]
[label_column: ]
[weight_column: ]
[group_column: ]
[ignore_column: ]
[categorical_feature: ]
[forcedbins_filename: ]
[precise_float_parser: 0]
[parser_config_file: ]
[objective_seed: 6428]
[num_class: 1]
[is_unbalance: 0]
[scale_pos_weight: 1]
[sigmoid: 1]
[boost_from_average: 1]
[reg_sqrt: 0]
[alpha: 0.9]
[fair_c: 1]
[poisson_max_delta_step: 0.7]
[tweedie_variance_power: 1.5]
[lambdarank_truncation_level: 30]
[lambdarank_norm: 1]
[label_gain: ]
[lambdarank_position_bias_regularization: 0]
[eval_at: ]
[multi_error_top_k: 1]
[auc_mu_weights: ]
[num_machines: 1]
[local_listen_port: 12400]
[time_out: 120]
[machine_list_filename: ]
[machines: ]
[gpu_platform_id: 0]
[gpu_device_id: 0]
[gpu_use_dp: 1]
[num_gpu: 1]

end of parameters

pandas_categorical:null
