tree
version=v4
num_class=1
num_tree_per_iteration=1
label_index=0
max_feature_idx=157
objective=regression
feature_names=KMID KLEN KMID2 KUP KUP2 KLOW KLOW2 KSFT KSFT2 OPEN0 HIGH0 LOW0 VWAP0 ROC5 ROC10 ROC20 ROC30 ROC60 MA5 MA10 MA20 MA30 MA60 STD5 STD10 STD20 STD30 STD60 BETA5 BETA10 BETA20 BETA30 BETA60 RSQR5 RSQR10 RSQR20 RSQR30 RSQR60 RESI5 RESI10 RESI20 RESI30 RESI60 MAX5 MAX10 MAX20 MAX30 MAX60 MIN5 MIN10 MIN20 MIN30 MIN60 QTLU5 QTLU10 QTLU20 QTLU30 QTLU60 QTLD5 QTLD10 QTLD20 QTLD30 QTLD60 RANK5 RANK10 RANK20 RANK30 RANK60 RSV5 RSV10 RSV20 RSV30 RSV60 IMAX5 IMAX10 IMAX20 IMAX30 IMAX60 IMIN5 IMIN10 IMIN20 IMIN30 IMIN60 IMXD5 IMXD10 IMXD20 IMXD30 IMXD60 CORR5 CORR10 CORR20 CORR30 CORR60 CORD5 CORD10 CORD20 CORD30 CORD60 CNTP5 CNTP10 CNTP20 CNTP30 CNTP60 CNTN5 CNTN10 CNTN20 CNTN30 CNTN60 CNTD5 CNTD10 CNTD20 CNTD30 CNTD60 SUMP5 SUMP10 SUMP20 SUMP30 SUMP60 SUMN5 SUMN10 SUMN20 SUMN30 SUMN60 SUMD5 SUMD10 SUMD20 SUMD30 SUMD60 VMA5 VMA10 VMA20 VMA30 VMA60 VSTD5 VSTD10 VSTD20 VSTD30 VSTD60 WVMA5 WVMA10 WVMA20 WVMA30 WVMA60 VSUMP5 VSUMP10 VSUMP20 VSUMP30 VSUMP60 VSUMN5 VSUMN10 VSUMN20 VSUMN30 VSUMN60 VSUMD5 VSUMD10 VSUMD20 VSUMD30 VSUMD60
feature_infos=[-0.16749253869056702:0.23587034642696381] [0:0.33308270573616028] [-1:1] [0:0.27153289318084717] [0:1] [0:0.19577737152576447] [0:1] [-0.31147539615631104:0.23587034642696381] [-1:1] [0.80914634466171265:1.2011904716491699] [1:1.365384578704834] [0.79261672496795654:1] [0.90894031524658203:1.0927579402923584] [0.57777780294418335:1.6790908575057983] [0.54954206943511963:1.8924485445022583] [0.46860837936401367:2.2146341800689697] [0.46312057971954346:2.740487813949585] [0.36440131068229675:2.649662971496582] [0.74611109495162964:1.3455072641372681] [0.65066665410995483:1.4951817989349365] [0.60133224725723267:1.7117466926574707] [0.56646168231964111:1.9959673881530762] [0.4937971830368042:1.8649090528488159] [0:0.26957115530967712] [0:0.32280367612838745] [0:0.36472421884536743] [0:0.57258552312850952] [0:0.50059491395950317] [-0.16409091651439667:0.12254486232995987] [-0.11048160493373871:0.12254486232995987] [-0.11048160493373871:0.12254486232995987] [-0.11048160493373871:0.12254486232995987] [-0.11048160493373871:0.12254486232995987] [0:1] [0:1] [0:1] [0:1] [0:1] [-0.15193372964859009:0.13264167308807373] [-0.24554997682571411:0.20802642405033112] [-0.40848860144615173:0.27864286303520203] [-0.44566619396209717:0.33016127347946167] [-0.96870207786560059:0.3971981406211853] [1:1.6472727060317993] [1:1.9298244714736938] [1:2.2439024448394775] [1:3.3160974979400635] [1:3.3160974979400635] [0.5718809962272644:1] [0.54045307636260986:1] [0.4660193920135498:1] [0.43721681833267212:1] [0.34664765000343323:1] [0.86488890647888184:1.4843636751174927] [0.72140765190124512:1.7869091033935547] [0.59200000762939453:2.054157018661499] [0.56569522619247437:2.423609733581543] [0.56576049327850342:2.3250908851623535] [0.60694897174835205:1.2689855098724365] [0.54922223091125488:1.4057971239089966] [0.49352750182151794:1.5574545860290527] [0.47533980011940002:1.5740000009536743] [0.39857602119445801:1.5950908660888672] [0.20000000298023224:1] [0.10000000149011612:1] [0.05000000074505806:1] [0.033333335071802139:1] [0.01666666753590107:1] [0:1] [0:1] [0:1] [0:1] [0:1] [0.20000000298023224:1] [0.10000000149011612:1] [0.05000000074505806:1] [0.033333335071802139:1] [0.01666666753590107:1] [0.20000000298023224:1] [0.10000000149011612:1] [0.05000000074505806:1] [0.033333335071802139:1] [0.01666666753590107:1] [-0.80000001192092896:0.80000001192092896] [-0.89999997615814209:0.89999997615814209] [-0.94999998807907104:0.94999998807907104] [-0.96666663885116577:0.96666663885116577] [-0.98333334922790527:0.98333334922790527] [-1:1] [-1:1] [-1:1] [-1:1] [-1:1] [-1:1] [-1:1] [-1:1] [-1:1] [-1:1] [0:1] [0:1] [0:0.89999997615814209] [0:0.89999997615814209] [0:0.89999997615814209] [0:1] [0:1] [0:0.89999997615814209] [0:0.875] [0:0.875] [-1:1] [-1:1] [-0.875:0.89999997615814209] [-0.875:0.89999997615814209] [-0.875:0.89999997615814209] [0:1] [0:1] [0:1] [0:1] [0:1] [0:1] [0:1] [0:1] [0:1] [0:1] [-1:1] [-1:1] [-1:1] [-1:1] [-1:1] [0.20013266801834106:26452.083984375] [0.10012400150299072:23627.859375] [0.050104878842830658:12145.7685546875] [0.034610312432050705:10268.4287109375] [0.017187755554914474:8419.4609375] [0.00080492562847211957:59102.5] [0.0021778203081339598:49210.34375] [0.0021778203081339598:42161.07421875] [0.0021778203081339598:37016.7265625] [0.0021778203081339598:26455.013671875] [0:2.2360680103302002] [0:3.1615598201751709] [0:4.4708261489868164] [0:5.4611344337463379] [0:7.5986995697021484] [0:1] [0:1] [0:1] [0:1] [0:1] [0:1] [0:1] [0:1] [0:1] [0:1] [-1:1] [-1:1] [-1:1] [-1:1] [-1:1]
tree_sizes=3086 3046 3011 3083 3124 3093 3115 3083

Tree=0
num_leaves=31
num_cat=0
split_feature=54 30 16 27 26 74 48 81 35 27 30 28 53 36 35 44 99 48 151 26 25 11 51 122 39 82 39 17 7 22
split_gain=211.206 140.395 142.533 118.81 101.966 93.4906 97.1267 77.1468 73.5626 69.8894 65.7112 65.6663 64.9533 121.192 113.665 103.876 101.37 174.124 91.8912 68.694 95.2972 67.7974 64.8967 64.2498 82.7771 64.0112 62.6411 64.8503 61.061 98.8776
threshold=1.0837265253067019 -0.00045401581155601883 0.88365864753723156 0.0864892713725567 0.054298255592584617 0.45000000298023229 0.95412132143974315 0.050000002607703216 0.78768861293792736 0.069020025432109847 -0.0064333553891628972 -0.008869042154401539 1.0475971698760989 0.8156050741672517 0.78768861293792736 1.0371655821800234 0.76388889551162731 0.91002833843231212 0.46098215878009802 0.10053772106766702 0.051823770627379424 0.98966029286384594 0.97752812504768383 0.38611909747123724 -0.030010138638317582 0.025000001303851608 0.01280276430770755 0.84794047474861156 0.016848116181790832 0.9775519371032716
decision_type=10 8 8 10 10 2 10 2 10 10 10 10 10 10 10 8 2 8 10 10 10 10 10 10 10 2 10 8 10 10
left_child=1 2 11 10 8 25 -7 -5 -4 -8 -2 -1 15 28 -15 19 17 18 -17 -3 -21 -18 -10 24 -9 -6 -13 -28 29 -14
right_child=3 12 4 7 5 6 9 23 22 -11 -12 26 13 14 -16 16 21 -19 -20 20 -22 -23 -24 -25 -26 -27 27 -29 -30 -31
leaf_value=0.0059614466715055487 0.0047142632242427977 0.00057094947427775917 -0.0012064112256124702 -0.0032951052141385723 0.010291439268680688 6.6131432472068879e-05 0.0029421447907249675 -3.4247059818502867e-10 -0.001900365353856927 0.013124505902713692 -0.00051616921599514237 -0.014773232781200595 0.0063246554712213859 0.023050163675764797 -3.4247059818502867e-10 -0.017815384020378598 0.011480294922604391 -0.00077424873559496293 -0.0021153229947946388 0.017959161965756976 0.00080019492105118102 -0.0015729567842416481 0.0017384580235670429 0.0072069273819733975 0.026066538664369306 -0.00051020028477462385 0.0023002967347081436 -0.015400258653870723 -0.0080799310076539402 -0.0020919134498571901
leaf_weight=216 3574 170889 127767 477 500 2062 1173 181 6114 1520 5200 1144 2894 482 323 819 964 54384 649 472 817 498 15303 3612 386 9721 539 247 491 2124
leaf_count=216 3574 170889 127767 477 500 2062 1173 181 6114 1520 5200 1144 2894 482 323 819 964 54384 649 472 817 498 15303 3612 386 9721 539 247 491 2124
internal_value=-5.17706e-06 -0.000129584 -0.000797567 0.00369208 -0.00069461 0.00165651 0.00512239 0.00757269 -0.000932831 0.0088543 0.00158616 -0.00845575 0.000340277 0.00334115 0.0141172 0.000256123 -0.000847711 -0.0010575 -0.0111978 0.000625362 0.00749096 0.00687032 0.00068487 0.00889439 0.0185213 7.97651e-06 -0.0102677 -0.003134 0.00166687 0.00270841
internal_weight=415542 402112 166306 13430 164160 14976 4755 4656 149184 2693 8774 2146 235806 6314 805 229492 57314 55852 1468 172178 1289 1462 21417 4179 567 10221 1930 786 5509 5018
internal_count=415542 402112 166306 13430 164160 14976 4755 4656 149184 2693 8774 2146 235806 6314 805 229492 57314 55852 1468 172178 1289 1462 21417 4179 567 10221 1930 786 5509 5018
is_linear=0
shrinkage=1


Tree=1
num_leaves=31
num_cat=0
split_feature=41 36 46 46 14 25 53 42 86 50 17 59 38 23 7 86 119 24 5 3 84 83 45 139 40 117 8 33 60 59
split_gain=258.228 149.042 136.207 150.085 86.2248 84.6594 74.9766 149.64 90.6702 83.0046 164.174 73.9648 68.2229 62.6256 62.0731 103.383 89.6203 109.139 71.607 81.2376 73.6943 63.4714 65.3593 63.0381 60.5922 58.382 57.8423 57.3206 71.2649 84.2234
threshold=-0.07435498014092444 0.68258029222488414 1.0418044328689577 1.2084835767745974 0.95042142271995556 0.086921390146017088 0.99341341853141796 -0.051279321312904351 0.94999998807907116 0.92539224028587352 0.73892769217491161 1.0225934982299807 0.0079772025346755999 0.028165775351226333 0.030601094476878647 0.91666665673255932 0.13235255330801013 0.021047918125987056 0.0049850160721689471 0.023893930949270729 0.84999999403953563 0.70000001788139354 1.0253574848175051 1.2119632363319399 0.038227532058954246 0.59573212265968334 -0.7000107169151305 0.93227285146713268 1.0323673486709597 0.9988340735435487
decision_type=8 10 8 10 10 10 8 10 2 8 8 10 10 10 10 2 10 10 10 10 2 10 10 10 10 10 10 10 10 10
left_child=1 -1 5 6 -3 14 7 -4 9 10 -8 -6 -7 -10 18 21 23 -18 24 -20 -21 22 -16 -17 -2 -11 -26 28 29 -5
right_child=2 4 3 27 11 12 8 -9 13 25 -12 -13 -14 -15 15 16 17 -19 19 20 -22 -23 -24 -25 26 -27 -28 -29 -30 -31
leaf_value=0.0033181682670962004 0.0010457597378787052 -0.006338410435841893 -0.013003952495879134 0.0040489377547605499 0.024040563413288585 -0.0011215716238518285 -0.0042055127387678991 -0.0018183098630094598 0 -0.00091669147935352624 0.0016929393151430218 0.0089930989489348349 -0.022830886668846133 -0.027502363862396267 0.0052427450923548859 0.0082977763734950489 -0.0004853371446952224 0.018678311422195042 -0.0005379095368888276 0 0.021316624560298827 -0.0019956389555730375 -0.0036050160320160438 -0.010484715268363134 0.011238749197171768 0.0012772198687063885 -0.0053380890081515028 -0.0041176648470705604 0.0073028286518309867 -0.0026773877048291979
leaf_weight=5348 104886 139 1150 5028 639 348 4922 15900 135 163694 29474 770 227 170 3881 333 325 962 52257 287 273 2959 874 275 179 11569 2120 929 3103 2437
leaf_count=5348 104886 139 1150 5028 639 348 4922 15900 135 163694 29474 770 227 170 3881 333 325 962 52257 287 273 2959 874 275 179 11569 2120 929 3103 2437
internal_value=4.22569e-05 0.00579112 -5.42891e-05 -0.000517568 0.013992 0.000593206 -0.000688072 -0.00260469 -0.000530772 -0.000504703 0.000838212 0.0162682 -0.0106756 -0.0163941 0.000634431 0.00298004 0.00924845 0.0136761 0.000491334 -0.000408713 0.010733 0.00138144 0.00354535 0 0.000937638 -0.000770032 -0.00383226 0.00281842 0.00346311 0.00181172
internal_weight=415593 6896 408697 238511 1548 170186 227014 17050 209964 209659 34396 1409 575 305 169611 9609 1895 1287 160002 52817 560 7714 4755 608 107185 175263 2299 11497 10568 7465
internal_count=415593 6896 408697 238511 1548 170186 227014 17050 209964 209659 34396 1409 575 305 169611 9609 1895 1287 160002 52817 560 7714 4755 608 107185 175263 2299 11497 10568 7465
is_linear=0
shrinkage=0.03


Tree=2
num_leaves=31
num_cat=0
split_feature=41 36 29 22 58 82 122 23 38 117 58 30 126 21 16 76 39 10 39 10 5 114 16 59 60 124 47 81 10 122
split_gain=278.145 169.24 122.128 140.691 126.549 115.203 108.4 106.495 98.7294 183.499 140.357 94.7121 91.9175 88.2101 86.2927 78.7433 78.2258 77.9506 76.1475 74.5972 124.794 62.1134 62.0715 61.6399 58.2883 55.9026 55.2263 66.1585 64.199 56.6731
threshold=-0.058647505939006798 0.76434987783432018 -0.0014677774743176995 1.0955949425697329 0.92868882417678844 0.37500000000000006 0.50107994675636303 0.048276247456669814 -0.015148468781262634 0.64933186769485485 0.92868882417678844 -0.00045401581155601883 0.56756815314292919 1.114097595214844 0.87204989790916454 0.25000000745058065 0.0079383170232176798 1.037257254123688 0.011842311825603248 1.028679430484772 0.014606737531721594 0.57142814993858349 1.1637734174728396 0.89188340306282055 1.0164436697959902 0.11494274437427522 1.1328858733177187 0.050000002607703216 1.0108932852745058 0.38611909747123724
decision_type=8 10 8 10 10 2 10 10 8 10 10 8 10 8 8 2 10 10 10 10 10 8 8 8 10 10 10 2 10 10
left_child=1 5 4 8 6 26 -2 -3 9 16 12 14 -11 21 18 -9 -4 -12 -10 23 -21 -6 -7 -13 25 -5 -1 -28 -29 -30
right_child=2 7 3 24 13 22 -8 15 11 10 17 19 -14 -15 -16 -17 -18 -19 -20 20 -22 -23 -24 -25 -26 -27 27 28 29 -31
leaf_value=0.0016097942822769589 -0.022207625109181364 0.016494341682028606 -0.0015639176342026773 0.0080443313696652117 -0.00081422267595103025 -0.0018552867844327863 -0.0014606322380757636 0.01012892989220448 -0.016978662924991856 -0.006893654370199058 -0.0079107147350000739 -0.0029888533272406852 0.026488047078498365 0.0037210243035878656 -0.00059249985566491904 -0.017587009669366209 0.011142717529691773 -0.022099697426082972 0 0.0022543522536370248 0.015858877907960738 -0.0054193333590184124 0.0058511599298578364 0.00057336645502809036 -0.0061043296583617717 0.00030571687548826374 0 0 0.022267268431057766 0.0092035180245308174
leaf_weight=2239 444 1409 6068 3468 132650 4489 515 182 530 128 914 4442 116 3765 64150 145 447 716 419 5704 676 2697 1165 172291 340 1217 815 523 390 2493
leaf_count=2239 444 1409 6068 3468 132650 4489 515 182 530 128 914 4442 116 3765 64150 145 447 716 419 5704 676 2697 1165 172291 340 1217 815 523 390 2493
internal_value=0 0.00417728 -0.000143774 0.000238079 -0.000859077 0.00287822 -0.01163 0.0129354 0.000139323 -0.00305498 -0.011284 0.000248729 0.00864437 -0.000781008 -0.000731896 -0.00160177 -0.000614764 -0.0145176 -0.00963838 0.000599033 0.00378776 -0.00090899 -0.000199482 0.000481808 0.00520104 0.00610772 0.00561052 0.00764433 0.00947188 0.0112153
internal_weight=415547 13850 401697 261626 140071 12114 959 1736 256601 8389 1874 248212 244 139112 65099 327 6515 1630 949 183113 6380 135347 5654 176733 5025 4685 6460 4221 3406 2883
internal_count=415547 13850 401697 261626 140071 12114 959 1736 256601 8389 1874 248212 244 139112 65099 327 6515 1630 949 183113 6380 135347 5654 176733 5025 4685 6460 4221 3406 2883
is_linear=0
shrinkage=0.03


Tree=3
num_leaves=31
num_cat=0
split_feature=54 29 57 30 38 127 1 58 27 37 47 31 30 81 53 15 35 114 51 15 73 122 33 16 29 23 15 114 115 8
split_gain=184.316 147.938 144.955 104.721 114.43 166.029 123.621 102.181 100.857 93.0118 86.8856 93.4934 74.816 70.7539 70.3294 67.3039 74.8446 66.7737 62.9293 62.2526 58.3049 64.0317 67.4617 53.9418 62.1528 52.7067 49.9546 46.8707 46.1062 57.5385
threshold=1.0837265253067019 -0.0012536812573671339 1.1713876128196719 -0.00029844505479559297 -0.015148468781262634 0.29966664314270025 0.03846158646047116 0.92868882417678844 0.0864892713725567 0.41748656332492834 1.1594058871269228 0.0065994607284665116 0.0034765214659273629 0.050000002607703216 0.98107469081878673 1.0260303616523745 0.80165478587150585 0.56140378117561351 0.97391304373741161 1.1668084859848025 0.5000000149011613 0.38611909747123724 0.74095451831817638 0.83977752923965465 0.0070680337958037862 0.016641586087644104 1.1668084859848025 0.57142814993858349 0.33333365619182592 -0.66666975617408741
decision_type=10 8 10 8 8 10 10 10 10 10 10 10 10 2 10 10 10 10 10 10 10 10 10 8 10 10 8 8 10 10
left_child=1 7 3 17 5 12 -7 9 19 -1 11 -6 -5 -10 -11 27 26 -3 -18 -2 21 22 -15 24 -19 -23 -17 -9 29 -4
right_child=8 2 28 4 10 6 -8 15 13 14 -12 -13 -14 20 -16 16 18 23 -20 -21 -22 25 -24 -25 -26 -27 -28 -29 -30 -31
leaf_value=-0.021982354008900702 0.00023008620906395645 -2.1437672272574907e-05 -0.012012863785736518 -0.0054205922002491681 0.00075007674763865456 -0.00052664646361522767 -0.01665707577927536 6.156589947116759e-05 -0.0033816653784074129 -0.0097868142903826082 -0.0018030130403708454 0.0034414533482379091 0.0020207140713376631 0.029984686574622832 0.012159137201913124 -0.0020694323591017813 -0.002521266169849688 -0.0028203248507629383 0.0012332403742089661 0.0065891937874743558 0 -0.0078982671103863551 0.0044922525157147699 -0.0017884222316328306 -0.02855276122689247 0.0088547176089200305 0.0053753247685917622 -0.0039687153500946887 0.0068274497375634081 0.0037006241240825893
leaf_weight=372 7004 42355 256 1764 153087 735 1159 67012 474 364 10849 12646 3764 267 174 54554 5536 278 14393 1743 596 145 197 24320 130 3019 783 2678 4032 853
leaf_count=372 7004 42355 256 1764 153087 735 1159 67012 474 364 10849 12646 3764 267 174 54554 5536 278 14393 1743 596 145 197 24320 130 3019 783 2678 4032 853
internal_value=4.56015e-05 -6.92818e-05 0.00036407 0.000260496 0.000631299 -0.0030046 -0.010625 -0.000832508 0.00349865 -0.0107703 0.000786143 0.000957638 -0.000310734 0.00705307 -0.00197001 -0.000766575 -0.00138876 -0.000752008 0.00017377 0.00154362 0.00830512 0.00972771 0.0204141 -0.0019902 -0.0126714 0.00794795 -0.00195677 -9.00977e-05 0.00534391 0
internal_weight=415539 402094 256228 251087 184004 7422 1894 145866 13445 910 176582 165733 5528 4698 538 144956 75266 67083 19929 8747 4224 3628 464 24728 408 3164 55337 69690 5141 1109
internal_count=415539 402094 256228 251087 184004 7422 1894 145866 13445 910 176582 165733 5528 4698 538 144956 75266 67083 19929 8747 4224 3628 464 24728 408 3164 55337 69690 5141 1109
is_linear=0
shrinkage=0.03


Tree=4
num_leaves=31
num_cat=0
split_feature=41 36 29 21 58 57 14 30 38 17 35 30 124 10 83 40 3 1 47 87 33 17 124 15 35 5 0 31 86 122
split_gain=210.377 123.645 102.569 102.627 107.785 99.3695 97.4367 80.6047 88.0782 164.7 99.695 91.3358 72.6089 70.7688 70.0519 69.062 74.4659 67.6197 65.8909 63.5654 61.7801 60.1759 59.1455 59.6591 83.1187 58.985 52.4066 52.2691 51.2537 49.091
threshold=-0.07435498014092444 0.68258029222488414 -0.0012536812573671339 1.114097595214844 0.92868882417678844 1.1713876128196719 0.95042142271995556 -0.00029844505479559297 -0.015148468781262634 0.73892769217491161 0.88900902867317211 0.0034765214659273629 0.17045448720455172 1.0127938985824587 -0.3000000044703483 -0.028738384135067459 0.019230828620493415 0.055142356082797057 1.1721596717834475 -0.54166668653488148 0.97620356082916271 1.0011441111564638 0.15151606500148776 1.0320488810539248 0.7328506112098695 0.016260193660855297 0.022471888922154907 -0.0047026642132550469 -0.55000001192092884 0.57303228974342357
decision_type=8 10 8 8 10 10 10 8 8 8 10 10 10 10 10 8 10 10 10 2 10 10 8 10 10 10 10 10 2 10
left_child=1 21 3 4 19 7 -3 12 9 10 -9 -11 26 -14 -8 16 -10 20 -17 -2 -5 28 23 25 -25 -6 27 -4 -1 -28
right_child=2 6 5 17 22 -7 14 8 15 11 -12 -13 13 -15 -16 18 -18 -19 -20 -21 -22 -23 -24 24 -26 -27 29 -29 -30 -31
leaf_value=0.015534640131231382 0.00020947800112072 -0.0078994551763452332 0.003716847464875868 0.0026980917000043029 -0.000241493130044658 0.0043917690865573214 0.011364394063522432 -0.0070450681683889519 0.0024100753619387132 -0.0062172272496891683 -0.026845087801094018 0.0021743436811167182 -0.0013911721944303841 -0.0063088225223232614 0.030247860209254379 0.00065110721255655553 0.012990690765674979 0.010662316260607662 -0.0023434916572683461 -0.016672398563081205 -0.013946201260598224 -0.00099396792614780353 -0.0049592474480629478 -0.0021503017332476326 -4.9890496743339887e-05 0.0043112749989831153 -0.0075088003072774374 -0.00012055626907694184 0.003867528841319219 0.0051719129770007423
leaf_weight=398 247 154 3432 3470 70736 5198 1137 1418 8340 1607 284 4093 17227 3169 244 160663 647 979 6839 591 189 2032 2969 41971 28942 2635 1429 41612 2969 295
leaf_count=398 247 154 3432 3470 70736 5198 1137 1418 8340 1607 284 4093 17227 3169 244 160663 647 979 6839 591 189 2032 2969 41971 28942 2635 1429 41612 2969 295
internal_value=1.26337e-05 0.00518744 -7.46173e-05 -0.000690543 -0.000830006 0.000291334 0.0127071 0.000204898 0.000530674 -0.0026629 -0.0107966 -0.000152509 -0.000682483 -0.00217537 0.0152991 0.0006666 0.00323227 0.00368253 0.000526784 -0.0114579 0.00168567 0.00295514 -0.000765939 -0.000676897 -0.00129754 -7.27699e-05 -2.43554e-05 0.000166686 0.00541881 -0.00513251
internal_weight=415916 6934 408982 152729 148091 256253 1535 251055 183891 7402 1702 5700 67164 20396 1381 176489 8987 4638 167502 838 3659 5399 147253 144284 70913 73371 46768 45044 3367 1724
internal_count=415916 6934 408982 152729 148091 256253 1535 251055 183891 7402 1702 5700 67164 20396 1381 176489 8987 4638 167502 838 3659 5399 147253 144284 70913 73371 46768 45044 3367 1724
is_linear=0
shrinkage=0.03


Tree=5
num_leaves=31
num_cat=0
split_feature=41 36 29 57 38 117 58 111 53 82 21 30 10 74 39 2 16 38 48 10 23 10 0 40 1 41 33 5 82 82
split_gain=180.449 183.78 103.382 125.892 97.0852 141.091 127.906 100.196 96.0237 89.2005 88.0076 76.3791 72.653 67.8078 67.3436 66.4388 63.3196 65.4274 61.6477 72.4036 56.4085 54.9099 54.8495 53.7829 53.2356 59.9653 65.0206 56.8566 52.7482 62.5524
threshold=-0.058647505939006798 0.78954482078552257 -0.0012536812573671339 1.1713876128196719 -0.015148468781262634 0.64933186769485485 0.92868882417678844 0.23205128312110904 0.97380372881889354 0.37500000000000006 1.114097595214844 -0.00029844505479559297 1.037257254123688 0.15000000223517421 0.0079383170232176798 -0.72727268934249867 0.85815307497978222 0.0040875859558582315 0.98753896355628978 1.0226897597312929 0.024764847010374073 1.0104717612266543 -0.0068026958033442489 -0.028738384135067459 0.016966097056865696 -0.027655810117721554 0.85851576924324047 0.0080515625886619108 0.4916666597127915 0.50833332538604747
decision_type=8 10 8 10 8 10 10 2 10 2 10 8 10 2 10 10 8 10 10 10 10 10 10 10 10 10 10 10 2 2
left_child=1 9 8 4 5 14 7 -7 -2 13 24 16 -8 23 22 -3 17 -6 19 -13 -17 -15 -4 -1 -10 27 -27 -26 -11 -30
right_child=2 15 3 -5 11 6 12 -9 10 28 -12 18 -14 21 -16 20 -18 -19 -20 -21 -22 -23 -24 -25 25 26 -28 -29 29 -31
leaf_value=0.0060196511077978722 -0.0099883099994065375 0.0036445183033173398 -0.00069225469919839894 0.0048694123277722053 -0.016542379882282309 -0.0094833360895343853 -0.0070082943270630069 0.02560734721320829 -0.00017767139972022574 -0.0063623618424090145 0.0037254318124341984 7.8413947499021987e-05 -0.0205900775975826 -0.0043540031251831758 0.0098165113843022272 0.0066337046320126816 -0.0005219793038573593 6.9781174285473357e-05 0.001594423633412642 0.0030116901497712957 0.024753684709039908 0.0039543097710202672 -0.0098767779688008865 0.017934813598030265 -0.0011071723004737453 -0.0015298573465675268 -0.0048175205581683193 0.0019734746596094584 0.015388486197306995 0
leaf_weight=1750 996 457 5313 5131 434 111 932 131 63104 1104 3878 126754 718 844 463 310 65047 336 40541 8055 552 3594 654 478 17077 47312 6238 7838 232 4467
leaf_count=1750 996 457 5313 5131 434 111 932 131 63104 1104 3878 126754 718 844 463 310 65047 336 40541 8055 552 3594 654 478 17077 47312 6238 7838 232 4467
internal_value=-2.2091e-05 0.00334901 -0.000138894 0.000225474 0.000128381 -0.00305087 -0.0102212 0.00887173 -0.000774412 0.00218244 -0.00070789 0.000239576 -0.0132739 0.00454911 -0.000869359 0.0139557 -0.00062957 -0.00909544 0.000567552 0.000256327 0.0188755 0.00229453 -0.00177864 0.00884623 -0.00083196 -0.00135416 -0.00192009 -0.000125196 -0.000490955 0.000846041
internal_weight=414851 13788 401063 254620 249489 8322 1892 242 146443 12469 145447 241167 1650 6666 6430 1319 65817 770 175350 134809 862 4438 5967 2228 141569 78465 53550 24915 5803 4699
internal_count=414851 13788 401063 254620 249489 8322 1892 242 146443 12469 145447 241167 1650 6666 6430 1319 65817 770 175350 134809 862 4438 5967 2228 141569 78465 53550 24915 5803 4699
is_linear=0
shrinkage=0.03


Tree=6
num_leaves=31
num_cat=0
split_feature=41 52 23 29 31 60 1 30 85 1 114 15 16 140 38 17 35 28 30 3 16 47 35 22 30 79 52 83 117 32
split_gain=192.895 110.802 104.608 102.278 113.824 97.1201 97.5196 87.8886 77.7233 113.141 76.7399 72.25 67.5901 66.7908 64.6782 129.318 78.0526 70.3672 67.212 63.1375 60.1186 59.3383 59.161 53.7336 50.9594 65.0757 68.9322 54.8105 50.6454 48.5249
threshold=-0.07435498014092444 0.76442012190818798 0.048276247456669814 -0.0012536812573671339 -0.0047026642132550469 1.0404685139656069 0.067999985069036498 -0.00060134034720249463 -0.82500001788139332 0.055142356082797057 0.57142814993858349 1.0232036709785464 0.93344634771347057 1.55648410320282 -0.015148468781262634 0.73892769217491161 0.88900902867317211 -0.009727294556796549 0.003221931518055499 0.00721651315689087 0.85815307497978222 1.1594058871269228 0.81533545255661022 1.0088192224502566 -0.0042773019522428504 0.15000000223517421 0.9137663245201112 0.5000000149011613 0.50305968523025524 -0.001556844974402338
decision_type=8 10 10 8 8 10 10 8 2 10 8 10 8 10 8 8 10 8 10 10 8 10 10 10 10 2 10 10 10 10
left_child=1 2 13 5 23 10 28 20 9 -3 11 -2 -13 -1 15 16 -9 19 -17 -16 -6 -19 -14 -5 25 -25 -27 -26 29 -7
right_child=3 8 -4 4 7 6 -8 14 -10 -11 -12 12 22 -15 17 18 -18 21 -20 -21 -22 -23 -24 24 27 26 -28 -29 -30 -31
leaf_value=0.016579026151063811 -2.7468860845315813e-05 0.001814759541148921 -0.0079271115685388242 -0.010356644581733051 -0.0092335063146623351 0.0025986128551685498 0.015512358939814178 -0.0063343664064154882 0.00063234094973694036 0.023770830242274797 -0.0053421338943492932 -0.010080927216991364 -0.0017692958432317032 0.00042219530231979956 0.00096167100774876093 -0.0051843365334350742 -0.024717428092116658 0.00061672957759891498 0.0018683307083731582 0.0074698121001016068 -0.00076472302684939893 -0.0017006209273037972 0.00021715357341391256 -0.0068047937595503661 0.0090303759897085948 0.0078523741023216985 0.00020758149626686157 0.00089537357928561436 0.0071131028766710947 -0.0020763574681953276
leaf_weight=1360 63803 615 197 213 753 4621 456 1387 4029 335 3400 790 57378 324 3181 1683 255 168463 4215 2478 53816 10489 17297 632 2621 1763 2836 1165 1233 3441
leaf_count=1360 63803 615 197 213 753 4621 456 1387 4029 335 3400 790 57378 324 3181 1683 255 168463 4215 2478 53816 10489 17297 632 2621 1763 2836 1165 1233 3441
internal_value=1.14118e-05 0.00499353 0.0112068 -7.17863e-05 0.000293766 -0.000687566 0.00219737 0.000169981 0.00255078 0.0101969 -0.000887127 -0.00077546 -0.00140371 0.013688 0.000472747 -0.00223893 -0.00963282 0.000585354 -0.000104181 0.0038806 -0.00089042 0.00047905 -0.00130522 0.0035626 0.00394679 0.00193428 0.00322443 0.00662382 0.00148004 0.000565935
internal_weight=415229 6860 1881 408369 255950 152419 9751 246720 4979 950 142668 139268 75465 1684 192151 7540 1642 184611 5898 5659 54569 178952 74675 9230 9017 5231 4599 3786 9295 8062
internal_count=415229 6860 1881 408369 255950 152419 9751 246720 4979 950 142668 139268 75465 1684 192151 7540 1642 184611 5898 5659 54569 178952 74675 9230 9017 5231 4599 3786 9295 8062
is_linear=0
shrinkage=0.03


Tree=7
num_leaves=31
num_cat=0
split_feature=41 36 46 46 14 26 5 42 33 41 58 26 1 25 102 7 86 119 40 83 5 139 121 33 68 26 109 15 39 5
split_gain=199.014 152.079 98.6952 104.811 75.7002 107.747 85.484 70.9978 58.8118 81.1241 75.9608 75.0865 58.7617 58.0088 72.1633 60.662 84.4015 85.3542 94.7504 70.1212 69.7276 59.0285 58.3776 55.7143 54.391 68.6215 80.8163 50.5216 90.3503 47.9468
threshold=-0.058647505939006798 0.7773922085762025 1.029825031757355 1.2084835767745974 0.95728504657745372 0.10053772106766702 0.0088105970062315481 -0.1082409657537937 0.24928247928619388 0.038442349061369903 0.94406262040138256 0.026890493929386142 0.031881017610430724 0.086921390146017088 0.56635218858718883 0.030601094476878647 0.91666665673255932 0.13235255330801013 0.016193508170545105 0.70000001788139354 0.0049850160721689471 1.2633429765701296 0.3524803519248963 0.91984030604362499 0.85714235901832592 0.041454890742897994 0.64583334326744091 0.91039526462554943 -0.0062460866756737224 0.018854222260415558
decision_type=8 10 8 10 8 10 10 10 8 8 8 10 10 10 2 10 2 10 10 10 10 10 10 10 10 10 2 8 10 10
left_child=1 7 13 8 6 -6 -3 -1 9 11 -11 12 -4 15 -15 20 19 21 -19 -17 -2 -18 -21 -5 25 -10 -27 28 -9 -13
right_child=2 4 3 23 5 -7 -8 27 24 10 -12 29 -14 14 -16 16 17 18 -20 22 -22 -23 -24 -25 -26 26 -28 -29 -30 -31
leaf_value=0.0059259663567571754 0.00091667813882323642 0.013858146986006188 -0.00011033279743272754 0.0031394016411949209 0.0087085102316844503 0.028558626560837897 -0.019087964830654006 0 -0.00040956005483897489 -0.017697453588286102 0.0042811123975162587 -0.0025367170703823913 -0.0051890482729395346 -0.021279804161018025 0.0014801089793641483 0.0039556817836773747 0.0067142837178187573 -9.3072839663363991e-05 0.0176139928897702 -0.0064230280948115153 -0.0006222056031641391 -0.011850403014250332 0.0021524091598058132 -0.0043277087487943238 -0.001668560512505915 0.00092726258719446784 0.014291907046947296 -0.00011288682346882387 0.015553819720828551 0.003148548896099744
leaf_weight=3617 81153 119 32932 9758 865 392 120 901 125620 124 3217 39306 2178 225 206 3977 362 330 960 1432 39095 236 1322 941 22184 34307 396 7223 531 1319
leaf_count=3617 81153 119 32932 9758 865 392 120 901 125620 124 3217 39306 2178 225 206 3977 362 330 960 1432 39095 236 1322 941 22184 34307 396 7223 531 1319
internal_value=-7.43998e-06 0.0035357 -0.000129832 -0.00045452 0.0125509 0.0154841 -0.00172213 0.00239367 -0.000574554 -0.00125891 0.00327567 -0.00146372 -0.000436698 0.000551558 -0.0101531 0.000591257 0.00302505 0.00862699 0.012923 0.00138841 0.000413842 -0.000273215 -0.00221258 0.00244782 -0.000276289 -8.15848e-05 0.00109655 0.000872654 0.00598341 -0.00234329
internal_weight=415348 13768 401580 272282 1496 1257 239 12272 261583 79076 3341 75735 35110 129298 431 128867 8619 1888 1290 6731 120248 598 2754 10699 182507 160323 34703 8655 1432 40625
internal_count=415348 13768 401580 272282 1496 1257 239 12272 261583 79076 3341 75735 35110 129298 431 128867 8619 1888 1290 6731 120248 598 2754 10699 182507 160323 34703 8655 1432 40625
is_linear=0
shrinkage=0.03


end of trees

feature_importances:
BETA20=11
RESI30=8
KLOW=7
HIGH0=7
ROC30=7
RSQR20=7
RESI5=7
KLEN=6
ROC20=6
BETA10=6
RSQR5=6
RSQR30=6
RESI10=6
QTLD5=6
ROC60=5
STD5=5
STD30=5
IMIN60=5
SUMN60=5
RESI20=4
MAX30=4
MAX60=4
QTLU5=4
IMXD5=4
IMXD30=4
SUMP10=4
SUMP60=4
KUP=3
KSFT=3
ROC10=3
MA30=3
MA60=3
STD20=3
STD60=3
BETA30=3
MIN5=3
QTLU60=3
QTLD10=3
QTLD20=3
IMIN30=3
SUMD10=3
KMID=2
KSFT2=2
BETA5=2
RESI60=2
MIN30=2
MIN60=2
QTLU10=2
IMAX10=2
SUMN10=2
WVMA10=2
KMID2=1
LOW0=1
STD10=1
BETA60=1
RSQR60=1
MAX10=1
MAX20=1
MIN20=1
RSV5=1
IMAX5=1
IMAX30=1
IMIN10=1
IMXD10=1
IMXD20=1
IMXD60=1
CNTP10=1
CNTP60=1
CNTD10=1
CNTD30=1
SUMP20=1
SUMN30=1
SUMD30=1
SUMD60=1
WVMA20=1
VSUMN30=1

parameters:
[boosting: gbdt]
[objective: regression]
[metric: l2]
[tree_learner: serial]
[device_type: gpu]
[data_sample_strategy: bagging]
[data: ]
[valid: ]
[num_iterations: 500]
[learning_rate: 0.03]
[num_leaves: 31]
[num_threads: 12]
[seed: 20260814]
[deterministic: 0]
[force_col_wise: 1]
[force_row_wise: 0]
[histogram_pool_size: -1]
[max_depth: 7]
[min_data_in_leaf: 100]
[min_sum_hessian_in_leaf: 0.001]
[bagging_fraction: 0.8]
[pos_bagging_fraction: 1]
[neg_bagging_fraction: 1]
[bagging_freq: 1]
[bagging_seed: 20260814]
[bagging_by_query: 0]
[feature_fraction: 0.8]
[feature_fraction_bynode: 1]
[feature_fraction_seed: 20260814]
[extra_trees: 0]
[extra_seed: 17475]
[early_stopping_round: 0]
[early_stopping_min_delta: 0]
[first_metric_only: 0]
[max_delta_step: 0]
[lambda_l1: 10]
[lambda_l2: 20]
[linear_lambda: 0]
[min_gain_to_split: 0]
[drop_rate: 0.1]
[max_drop: 50]
[skip_drop: 0.5]
[xgboost_dart_mode: 0]
[uniform_drop: 0]
[drop_seed: 29730]
[top_rate: 0.2]
[other_rate: 0.1]
[min_data_per_group: 100]
[max_cat_threshold: 32]
[cat_l2: 10]
[cat_smooth: 10]
[max_cat_to_onehot: 4]
[top_k: 20]
[monotone_constraints: ]
[monotone_constraints_method: basic]
[monotone_penalty: 0]
[feature_contri: ]
[forcedsplits_filename: ]
[refit_decay_rate: 0.9]
[cegb_tradeoff: 1]
[cegb_penalty_split: 0]
[cegb_penalty_feature_lazy: ]
[cegb_penalty_feature_coupled: ]
[path_smooth: 0]
[interaction_constraints: ]
[verbosity: 1]
[saved_feature_importance_type: 0]
[use_quantized_grad: 0]
[num_grad_quant_bins: 4]
[quant_train_renew_leaf: 0]
[stochastic_rounding: 1]
[linear_tree: 0]
[max_bin: 63]
[max_bin_by_feature: ]
[min_data_in_bin: 3]
[bin_construct_sample_cnt: 200000]
[data_random_seed: 20260812]
[is_enable_sparse: 1]
[enable_bundle: 1]
[use_missing: 1]
[zero_as_missing: 0]
[feature_pre_filter: 1]
[pre_partition: 0]
[two_round: 0]
[header: 0]
[label_column: ]
[weight_column: ]
[group_column: ]
[ignore_column: ]
[categorical_feature: ]
[forcedbins_filename: ]
[precise_float_parser: 0]
[parser_config_file: ]
[objective_seed: 27057]
[num_class: 1]
[is_unbalance: 0]
[scale_pos_weight: 1]
[sigmoid: 1]
[boost_from_average: 1]
[reg_sqrt: 0]
[alpha: 0.9]
[fair_c: 1]
[poisson_max_delta_step: 0.7]
[tweedie_variance_power: 1.5]
[lambdarank_truncation_level: 30]
[lambdarank_norm: 1]
[label_gain: ]
[lambdarank_position_bias_regularization: 0]
[eval_at: ]
[multi_error_top_k: 1]
[auc_mu_weights: ]
[num_machines: 1]
[local_listen_port: 12400]
[time_out: 120]
[machine_list_filename: ]
[machines: ]
[gpu_platform_id: 0]
[gpu_device_id: 0]
[gpu_use_dp: 1]
[num_gpu: 1]

end of parameters

pandas_categorical:null
