tree
version=v4
num_class=1
num_tree_per_iteration=1
label_index=0
max_feature_idx=162
objective=regression
feature_names=KMID KLEN KMID2 KUP KUP2 KLOW KLOW2 KSFT KSFT2 OPEN0 HIGH0 LOW0 VWAP0 ROC5 ROC10 ROC20 ROC30 ROC60 MA5 MA10 MA20 MA30 MA60 STD5 STD10 STD20 STD30 STD60 BETA5 BETA10 BETA20 BETA30 BETA60 RSQR5 RSQR10 RSQR20 RSQR30 RSQR60 RESI5 RESI10 RESI20 RESI30 RESI60 MAX5 MAX10 MAX20 MAX30 MAX60 MIN5 MIN10 MIN20 MIN30 MIN60 QTLU5 QTLU10 QTLU20 QTLU30 QTLU60 QTLD5 QTLD10 QTLD20 QTLD30 QTLD60 RANK5 RANK10 RANK20 RANK30 RANK60 RSV5 RSV10 RSV20 RSV30 RSV60 IMAX5 IMAX10 IMAX20 IMAX30 IMAX60 IMIN5 IMIN10 IMIN20 IMIN30 IMIN60 IMXD5 IMXD10 IMXD20 IMXD30 IMXD60 CORR5 CORR10 CORR20 CORR30 CORR60 CORD5 CORD10 CORD20 CORD30 CORD60 CNTP5 CNTP10 CNTP20 CNTP30 CNTP60 CNTN5 CNTN10 CNTN20 CNTN30 CNTN60 CNTD5 CNTD10 CNTD20 CNTD30 CNTD60 SUMP5 SUMP10 SUMP20 SUMP30 SUMP60 SUMN5 SUMN10 SUMN20 SUMN30 SUMN60 SUMD5 SUMD10 SUMD20 SUMD30 SUMD60 VMA5 VMA10 VMA20 VMA30 VMA60 VSTD5 VSTD10 VSTD20 VSTD30 VSTD60 WVMA5 WVMA10 WVMA20 WVMA30 WVMA60 VSUMP5 VSUMP10 VSUMP20 VSUMP30 VSUMP60 VSUMN5 VSUMN10 VSUMN20 VSUMN30 VSUMN60 VSUMD5 VSUMD10 VSUMD20 VSUMD30 VSUMD60 ORC_GAP_CONFIRMATION_20 ORC_GAP_ABSORPTION_20 ORC_OVERNIGHT_DOMINANCE_20 ORC_CLOSE_PRESSURE_VOLUME_20 ORC_INTRADAY_RANGE_RETURN_10
feature_infos=[-0.16749253869056702:0.23587034642696381] [0:0.33308270573616028] [-1:1] [0:0.27153289318084717] [0:1] [0:0.21718749403953552] [0:1] [-0.31147539615631104:0.23587034642696381] [-1:1] [0.80914634466171265:1.2011904716491699] [1:1.365384578704834] [0.7725520133972168:1] [0.90894031524658203:1.0927579402923584] [0.57777780294418335:1.6790908575057983] [0.54954206943511963:1.8924485445022583] [0.46860837936401367:2.2146341800689697] [0.46312057971954346:2.740487813949585] [0.36440131068229675:2.649662971496582] [0.74611109495162964:1.3455072641372681] [0.65066665410995483:1.4951817989349365] [0.60133224725723267:1.7117466926574707] [0.56646168231964111:1.9959673881530762] [0.4937971830368042:1.8649090528488159] [0:0.26957115530967712] [0:0.32280367612838745] [0:0.36472421884536743] [0:0.57258552312850952] [0:0.50059491395950317] [-0.16409091651439667:0.12254486232995987] [-0.11048160493373871:0.12254486232995987] [-0.11048160493373871:0.12254486232995987] [-0.11048160493373871:0.12254486232995987] [-0.11048160493373871:0.12254486232995987] [0:1] [0:1] [0:1] [0:1] [0:1] [-0.15193372964859009:0.13264167308807373] [-0.24554997682571411:0.20802642405033112] [-0.40848860144615173:0.27864286303520203] [-0.44566619396209717:0.33016127347946167] [-0.96870207786560059:0.3971981406211853] [1:1.6472727060317993] [1:1.9298244714736938] [1:2.2439024448394775] [1:3.3160974979400635] [1:3.3160974979400635] [0.5718809962272644:1] [0.54045307636260986:1] [0.4660193920135498:1] [0.43721681833267212:1] [0.33789625763893127:1] [0.86334514617919922:1.4843636751174927] [0.72140765190124512:1.7869091033935547] [0.59200000762939453:2.054157018661499] [0.56569522619247437:2.423609733581543] [0.56576049327850342:2.3250908851623535] [0.60694897174835205:1.2689855098724365] [0.54922223091125488:1.4057971239089966] [0.49352750182151794:1.5574545860290527] [0.47533980011940002:1.5740000009536743] [0.38890489935874939:1.5950908660888672] [0.20000000298023224:1] [0.10000000149011612:1] [0.05000000074505806:1] [0.033333335071802139:1] [0.01666666753590107:1] [0:1] [0:1] [0:1] [0:1] [0:1] [0.20000000298023224:1] [0.10000000149011612:1] [0.05000000074505806:1] [0.033333335071802139:1] [0.01666666753590107:1] [0.20000000298023224:1] [0.10000000149011612:1] [0.05000000074505806:1] [0.033333335071802139:1] [0.01666666753590107:1] [-0.80000001192092896:0.80000001192092896] [-0.89999997615814209:0.89999997615814209] [-0.94999998807907104:0.94999998807907104] [-0.96666663885116577:0.96666663885116577] [-0.98333334922790527:0.98333334922790527] [-1:1] [-1:1] [-1:1] [-1:1] [-1:1] [-1:1] [-1:1] [-1:1] [-1:1] [-1:1] [0:1] [0:1] [0:0.90909093618392944] [0:0.90909093618392944] [0:0.90909093618392944] [0:1] [0:1] [0:0.89999997615814209] [0:0.8571428656578064] [0:0.8571428656578064] [-1:1] [-1:1] [-0.8571428656578064:0.90909093618392944] [-0.8571428656578064:0.90909093618392944] [-0.8571428656578064:0.90909093618392944] [0:1] [0:1] [0:1] [0:1] [0:1] [0:1] [0:1] [0:1] [0:1] [0:1] [-1:1] [-1:1] [-1:1] [-1:1] [-1:1] [0.20013266801834106:26452.083984375] [0.10012400150299072:23627.859375] [0.050104878842830658:16692.724609375] [0.034610312432050705:22716.572265625] [0.017187755554914474:26107.111328125] [0.00080492562847211957:59102.5] [0.0021778203081339598:49210.34375] [0.0021778203081339598:42161.07421875] [0.0021778203081339598:37016.7265625] [0.0021778203081339598:26455.013671875] [0:2.2360680103302002] [0:3.1615598201751709] [0:4.4708261489868164] [0:5.4611344337463379] [0:7.5986995697021484] [0:1] [0:1] [0:1] [0:1] [0:1] [0:1] [0:1] [0:1] [0:1] [0:1] [-1:1] [-1:1] [-1:1] [-1:1] [-1:1] [-0.67106980085372925:0.7001955509185791] [-151.62043762207031:28.931533813476562] [-1925766528:4419.23388671875] [-222.41180419921875:4676.52978515625] [-754.3636474609375:737.33990478515625]
tree_sizes=3078 3050 3012 3109

Tree=0
num_leaves=31
num_cat=0
split_feature=16 25 40 71 60 12 28 29 22 16 30 109 49 69 27 42 78 30 88 140 76 86 38 82 11 116 3 5 32 27
split_gain=169.564 150.08 121.204 128.414 112.445 112.181 104.445 101.019 103.838 87.8954 111.502 67.2388 75.5579 66.996 96.1224 65.2039 60.4331 54.4661 54.1365 50.7792 50.5256 46.7687 42.3277 42.2352 41.1843 40.1508 38.7652 38.4867 30.8122 29.2562
threshold=1.2291839718818667 0.012498665601015093 -0.043458150699734681 0.58083829283714306 0.7353113889694215 1.0000156760215761 -0.01638813596218824 -0.00058528201770968724 1.09377658367157 0.93347230553627025 -0.0012407365720719097 0.31666667759418493 0.83651098608970653 0.23529475182294848 0.057628391310572631 0.067197795957326903 0.30000000447034841 -0.0055427923798561088 0.92012453079223644 0.8020116686820985 0.48333333432674414 -0.55000001192092884 -0.0032924287952482696 0.075000002980232253 0.9597565531730653 0.35826787352561956 0.015361536759883167 0.003118500811979175 -0.004279244225472211 0.054458187893033035
decision_type=10 10 10 10 10 10 10 10 10 8 10 2 10 10 10 10 10 10 10 10 2 2 10 2 10 10 10 10 10 10
left_child=1 20 3 11 5 29 23 9 16 10 -6 12 -3 14 -8 -11 -9 19 -7 -2 -1 -10 25 -5 28 -21 -15 -14 -24 -4
right_child=17 2 4 6 7 18 13 8 21 15 -12 -13 27 26 -16 -17 -18 -19 -20 22 -22 -23 24 -25 -26 -27 -28 -29 -30 -31
leaf_value=0.00081391144919774959 9.0121740029887164e-10 0.017834881742064677 -0.004761764396317072 9.0121740029887164e-10 -0.010367227814173784 0.0097757469000753511 -0.0020082887555137098 -0.0006451887033225908 0.0075679401829340694 -0.00084210155465841939 -0.0021931529027122425 -0.013125152148876178 -0.0018715946104471792 -0.00048686332826968344 0.01808471394536525 0.010555387744076456 0.00060921126654175299 9.0121740029887164e-10 -0.012959339916903997 0.018121355088008533 0.0030115822809518313 0.00026020861281099287 0.021586244614534698 0.022097998485137479 0.0023733920155220131 0.00023071881655930195 0.0086438041001062563 0.0021737113004473966 9.0121740029887164e-10 -0.023887143751155922
leaf_weight=26339 573 218 154 117 1846 246 279 67479 2387 110594 8750 287 3333 1610 619 430 70822 821 122 813 15147 1304 209 506 893 171 522 5555 104 388
leaf_count=26339 573 218 154 117 1846 246 279 67479 2387 110594 8750 287 3333 1610 619 430 70822 821 122 813 15147 1304 209 506 893 171 522 5555 104 388
internal_value=1.53531e-05 -5.68047e-05 -0.000309291 0.00250786 -0.000449544 -0.0108757 0.00727184 -0.000411592 0.00013005 -0.00104635 -0.00366232 0.000611735 0.00110538 0.00476951 0.0116075 -0.000793364 -6.64019e-07 0.00648687 0.00118588 0.00849159 0.0016246 0.00508234 0.0105585 0.0184486 0.00619506 0.0153776 0.00166885 0.000622248 0.0154001 -0.0193496
internal_weight=322638 319054 277568 13046 264522 910 3653 263612 141992 121620 10596 9393 9106 3030 898 111024 138301 3584 368 2763 41486 3691 2190 623 1206 984 2132 8888 313 542
internal_count=322638 319054 277568 13046 264522 910 3653 263612 141992 121620 10596 9393 9106 3030 898 111024 138301 3584 368 2763 41486 3691 2190 623 1206 984 2132 8888 313 542
is_linear=0
shrinkage=1


Tree=1
num_leaves=31
num_cat=0
split_feature=16 57 30 28 16 71 59 25 18 12 15 33 30 51 24 26 79 16 118 37 33 158 118 52 36 140 101 23 28 87
split_gain=165.364 151.941 141.208 190.489 144.336 119.613 91.2118 84.5064 79.2749 68.7218 63.7836 59.1373 59.5865 54.9588 54.9259 51.0055 50.5498 49.5584 48.0664 46.9496 46.0134 45.8604 43.9395 42.237 41.9556 41.2078 48.1784 45.9933 39.495 35.9946
threshold=1.2291839718818667 0.81043940782547008 -0.00042537348053883756 -0.015070095192641018 0.93491792678833019 0.62399998307228099 0.96127107739448558 0.012374523095786573 0.95015943050384533 1.0239996910095217 0.95475322008132946 0.97732165455818187 -0.006841404363512992 0.65079137682914745 0.053541770204901702 0.018528771586716179 0.15000000223517421 1.0746294260025027 0.44444447755813604 0.78074353933334362 0.87567090988159191 0.00063275414868257951 0.19024165719747546 0.72594267129898082 0.23419021070003512 0.73871427774429332 0.43095238506793981 0.016077462583780292 -0.019188631325960156 0.70833331346511852
decision_type=10 8 8 8 8 10 10 10 10 10 8 10 10 10 10 10 2 8 10 10 10 10 10 10 10 10 2 10 10 2
left_child=1 8 4 5 10 23 -7 -5 13 16 -3 12 25 -1 15 18 -9 -16 -6 22 -15 -17 -12 28 -11 -2 27 -27 -4 -8
right_child=11 2 3 7 14 6 29 9 -10 24 19 -13 -14 20 17 21 -18 -19 -20 -21 -22 -23 -24 -25 -26 26 -28 -29 -30 -31
leaf_value=-0.030116750558900857 -0.00020159456471249588 0.0020236275803215582 0.0043228880099921516 0.0019164380102280527 0.0026203194183269649 -0.0057479905857404402 0.027333675855305044 0.00082186625229701312 -0.0016692920409176232 0.018089851248685434 0 -0.012766766492135196 0.0007407243921905898 -0.021822950704120141 -0.0032445635025105911 -0.00063917972092103221 -0.00038440841417197345 0.0064559959897840906 -0.00021292581850863187 -0.00038724529353747247 -0.0007527086827669975 -0.0024250721090840793 -0.010080587278389787 0.0026645990746467329 0.0035765545474865509 0 0.0026627904550249864 0.015537533171954394 0.02043152872780031 0.0086491449279710655
leaf_weight=218 275 745 435 27496 7449 101 420 47887 568 256 472 111 1022 153 581 98244 89873 1801 18789 836 276 15110 2927 3127 790 185 557 1431 253 220
leaf_count=218 275 745 435 27496 7449 101 420 47887 568 256 472 111 1022 153 581 98244 89873 1801 18789 836 276 15110 2927 3127 790 185 557 1431 253 220
internal_value=9.19081e-06 -6.20326e-05 -2.02743e-05 0.000565183 -0.000702989 0.00660781 0.0176177 0.000397061 -0.0105648 9.36952e-05 -0.00571882 0.00640282 0.00717163 -0.0176401 -0.000524156 -0.00060334 3.27879e-05 0.0039577 0.000581394 -0.00715445 -0.00957277 -0.00088027 -0.00871913 0.00431036 0.00768275 0.00970711 0.0110883 0.0137409 0.0110801 0.0218221
internal_weight=322608 319027 317812 170858 146954 4556 741 166302 1215 138806 4980 3581 3470 647 141974 139592 137760 2382 26238 4235 429 113354 3399 3815 1046 2448 2173 1616 688 640
internal_count=322608 319027 317812 170858 146954 4556 741 166302 1215 138806 4980 3581 3470 647 141974 139592 137760 2382 26238 4235 429 113354 3399 3815 1046 2448 2173 1616 688 640
is_linear=0
shrinkage=0.03


Tree=2
num_leaves=31
num_cat=0
split_feature=56 26 40 71 60 53 33 9 29 57 78 118 116 49 18 38 158 86 99 24 33 108 43 143 43 36 60 1 49 52
split_gain=123.617 124.863 118.202 143.619 115.52 107.295 101.816 95.6235 87.6629 113.712 81.1798 76.4204 70.4081 70.8192 63.0088 64.4155 58.9014 57.6699 51.3458 65.9149 49.5107 66.741 47.5694 42.8372 39.7474 41.0928 36.8307 36.1233 33.2712 46.7066
threshold=1.1825582981109621 0.019973746500909332 -0.043458150699734681 0.58083829283714306 0.7353113889694215 1.0447263121604922 0.97732165455818187 1.0006920695304873 -0.0016317006084136663 1.1722830533981325 0.30000000447034841 0.40000005066394811 0.38541683554649359 0.92106965184211742 0.95015943050384533 0.018790226429700855 -0.036731578409671777 0.68333333730697643 0.68333333730697643 0.10851091518998147 0.6921580731868745 -0.45000000298023218 1.0841291546821596 0.66366297006607067 1.0264169573783877 0.65398061275482189 0.95083680748939525 0.026548737660050396 0.96931311488151561 0.84602299332618724
decision_type=10 10 10 10 10 10 10 10 10 10 10 8 10 10 10 8 10 2 2 10 10 2 10 10 10 10 10 10 8 10
left_child=1 11 3 18 7 28 12 17 14 10 -10 -1 13 24 26 -16 -15 -4 19 -3 27 -22 -7 -9 -2 -26 -6 -18 -5 -30
right_child=6 2 4 5 8 22 -8 23 9 -11 -12 -13 -14 16 15 -17 20 -19 -20 -21 21 -23 -24 -25 25 -27 -28 -29 29 -31
leaf_value=0.0021267481627830162 0.0034596504568877927 0.0003175494596567213 -0.026815929888524194 0.00052327632492518131 -0.021397078853790715 0.0075220581323633788 -0.014921605448100733 0.0088227258890843652 -0.0010400772438596063 0.0046932990870534787 0.00045555434197037817 0.00023018452174545606 -0.0008894731923161695 0.020146985506669674 -0.0013994266204374974 0.0028934012507358798 0.0069884343084767528 -0.0042911581551705142 -0.011624498969105663 0.017809088702802546 0.0031968252095023872 0.016546971801068518 0.019786061411329929 -0.010026292451075279 0.002009387073869055 0.028079645831980519 0 -0.0033848097196277527 0.01452637011771298 -0.00053095871498194203
leaf_weight=30529 192 8443 327 1606 204 733 203 217 59681 4357 71808 52257 1105 222 81817 3210 424 208 291 180 1160 516 684 180 101 295 128 925 424 253
leaf_count=30529 192 8443 327 1606 204 733 203 217 59681 4357 71808 52257 1105 222 81817 3210 424 208 291 180 1160 516 684 180 101 295 128 925 424 253
internal_value=6.97834e-06 -6.69574e-05 -0.000421118 0.00239695 -0.000582693 0.00735191 0.00461257 -0.0110271 -0.000536339 -6.05709e-05 -0.000221065 0.000933548 0.00553271 0.007456 -0.0012898 -0.00123319 0.00551614 -0.0190694 0.000294831 0.000757751 0.0042186 0.00763056 0.0138438 0 0.0171409 0.0225678 -0.0140421 0 0.00310708 0.00861515
internal_weight=322680 317537 234751 12614 222137 3700 5143 932 221205 135846 131489 82786 4940 3835 85359 85027 3247 535 8914 8623 3025 1676 1417 397 588 396 332 1349 2283 677
internal_count=322680 317537 234751 12614 222137 3700 5143 932 221205 135846 131489 82786 4940 3835 85359 85027 3247 535 8914 8623 3025 1676 1417 397 588 396 332 1349 2283 677
is_linear=0
shrinkage=0.03


Tree=3
num_leaves=31
num_cat=0
split_feature=28 27 29 11 57 26 12 78 81 15 58 134 1 38 78 59 49 86 34 17 116 60 57 38 8 61 77 81 106 26
split_gain=126.322 146.111 141.355 94.1113 96.4663 88.9429 83.9957 83.614 70.6401 71.5826 118.755 64.1252 62.7894 105.4 60.9852 60.7659 91.1519 63.8796 58.3512 54.3921 62.7936 52.7203 51.4657 51.455 54.2379 50.8629 47.5902 47.5671 40.2149 40.1175
threshold=-0.011305767577141522 0.084398221224546446 -0.0016317006084136663 0.92630818486213695 1.1722830533981325 0.01783615164458752 1.0018122196197512 0.30000000447034841 0.050000002607703216 1.1480025649070742 0.92701864242553722 0.26292222738265997 0.020411622710525993 0.016788978129625324 0.5000000149011613 0.80393624305725109 0.82225650548934948 0.75000000000000011 0.83690756559371959 1.0058354139328005 0.27920407056808477 1.0178351998329165 0.92578014731407177 -0.0026616008253768082 0.142860122025013 0.99048951268196117 0.32500000298023229 0.84999999403953563 0.5962963104248048 0.048524336889386184
decision_type=10 10 10 10 10 10 10 10 2 10 10 10 10 10 10 10 10 2 10 10 10 10 10 10 10 10 2 2 2 10
left_child=1 19 8 11 5 25 7 -7 14 10 26 -4 -12 -14 -2 -3 -17 23 -8 -1 -21 28 -19 -18 -25 -5 -10 -11 -6 -16
right_child=2 15 3 4 21 6 18 -9 9 27 12 -13 13 -15 29 16 17 22 -20 20 -22 -23 -24 24 -26 -27 -28 -29 -30 -31
leaf_value=0.0025451773316923772 -0.0073055311357666224 -0.013139753639165844 5.7002930542191873e-05 0.002237101660104325 0.0027208681698978566 -0.001566512260998818 0.00061387924937874152 0.0002465835625083597 -0.0039254726932960605 -0.0046357229975274089 -0.0001571746776671747 -0.0177596593367505 -0.0023057689022185366 0.0035870726498854395 -0.0010738169227318144 0.024349207076222054 0.0079852446186803039 -0.0014193918084104856 0.0044521466204945201 0.0059136520281426325 -0.0012867717446502114 -0.011681456394769528 0.018152923700488894 -0.0010904473071535531 0.006384788628935871 5.2604879767464567e-05 -0.025076739487749904 0.0050657584800125948 0.0087147478167555418 -0.0076416950562205746
leaf_weight=8876 2651 120 257 28591 2660 42885 48718 48564 232 492 52960 412 32056 2931 6816 234 2209 115 3870 1185 10754 142 551 2019 1448 14862 233 2864 1876 971
leaf_count=8876 2651 120 257 28591 2660 42885 48718 48564 232 492 52960 412 32056 2931 6816 234 2209 115 3870 1185 10754 142 551 2019 1448 14862 233 2864 1876 971
internal_value=7.81457e-05 0.00202214 -0.000102228 0.000374691 0.000415833 0.000307693 -4.92381e-05 -0.000600544 -0.00100489 -0.00073429 -0.000900524 -0.0106769 -0.000815096 -0.00180177 -0.00334926 0.00587662 0.00630791 0.00552063 0.000903629 0.000763339 -0.000538317 0.00466639 0.0143932 0.00438001 0.00196428 0.00149722 -0.0157395 0.00353559 0.00529304 -0.0019487
internal_weight=322554 27511 295043 192837 192168 187490 144037 91449 102206 91768 88412 669 87947 34987 10438 6696 6576 6342 52588 20815 11939 4678 666 5676 3467 43453 465 3356 4536 7787
internal_count=322554 27511 295043 192837 192168 187490 144037 91449 102206 91768 88412 669 87947 34987 10438 6696 6576 6342 52588 20815 11939 4678 666 5676 3467 43453 465 3356 4536 7787
is_linear=0
shrinkage=0.03


end of trees

feature_importances:
ROC30=5
STD30=4
BETA5=4
BETA20=4
RSQR5=4
RESI5=4
MIN10=4
QTLU60=4
QTLD20=4
IMIN5=4
VWAP0=3
STD60=3
BETA10=3
RSV30=3
IMXD30=3
SUMP30=3
SUMN5=3
KLEN=2
LOW0=2
ROC20=2
MA5=2
STD10=2
STD20=2
RSQR30=2
RESI20=2
MAX5=2
MIN60=2
QTLD10=2
IMIN30=2
WVMA20=2
ORC_GAP_CONFIRMATION_20=2
KUP=1
KLOW=1
KSFT2=1
OPEN0=1
ROC60=1
MA60=1
STD5=1
BETA60=1
RSQR10=1
RSQR60=1
RESI60=1
MIN30=1
QTLU5=1
QTLU30=1
QTLD5=1
QTLD30=1
RSV10=1
IMAX30=1
IMAX60=1
IMIN10=1
IMIN60=1
IMXD60=1
CORR5=1
CNTP10=1
CNTP30=1
CNTN30=1
CNTD5=1
CNTD10=1
VSTD10=1
VSUMP5=1

parameters:
[boosting: gbdt]
[objective: regression]
[metric: l2]
[tree_learner: serial]
[device_type: cpu]
[data_sample_strategy: bagging]
[data: ]
[valid: ]
[num_iterations: 500]
[learning_rate: 0.03]
[num_leaves: 31]
[num_threads: 12]
[seed: 20260814]
[deterministic: 1]
[force_col_wise: 1]
[force_row_wise: 0]
[histogram_pool_size: -1]
[max_depth: 7]
[min_data_in_leaf: 100]
[min_sum_hessian_in_leaf: 0.001]
[bagging_fraction: 0.8]
[pos_bagging_fraction: 1]
[neg_bagging_fraction: 1]
[bagging_freq: 1]
[bagging_seed: 20260814]
[bagging_by_query: 0]
[feature_fraction: 0.8]
[feature_fraction_bynode: 1]
[feature_fraction_seed: 20260814]
[extra_trees: 0]
[extra_seed: 17475]
[early_stopping_round: 0]
[early_stopping_min_delta: 0]
[first_metric_only: 0]
[max_delta_step: 0]
[lambda_l1: 10]
[lambda_l2: 20]
[linear_lambda: 0]
[min_gain_to_split: 0]
[drop_rate: 0.1]
[max_drop: 50]
[skip_drop: 0.5]
[xgboost_dart_mode: 0]
[uniform_drop: 0]
[drop_seed: 29730]
[top_rate: 0.2]
[other_rate: 0.1]
[min_data_per_group: 100]
[max_cat_threshold: 32]
[cat_l2: 10]
[cat_smooth: 10]
[max_cat_to_onehot: 4]
[top_k: 20]
[monotone_constraints: ]
[monotone_constraints_method: basic]
[monotone_penalty: 0]
[feature_contri: ]
[forcedsplits_filename: ]
[refit_decay_rate: 0.9]
[cegb_tradeoff: 1]
[cegb_penalty_split: 0]
[cegb_penalty_feature_lazy: ]
[cegb_penalty_feature_coupled: ]
[path_smooth: 0]
[interaction_constraints: ]
[verbosity: 1]
[saved_feature_importance_type: 0]
[use_quantized_grad: 0]
[num_grad_quant_bins: 4]
[quant_train_renew_leaf: 0]
[stochastic_rounding: 1]
[linear_tree: 0]
[max_bin: 255]
[max_bin_by_feature: ]
[min_data_in_bin: 3]
[bin_construct_sample_cnt: 200000]
[data_random_seed: 20260812]
[is_enable_sparse: 1]
[enable_bundle: 1]
[use_missing: 1]
[zero_as_missing: 0]
[feature_pre_filter: 1]
[pre_partition: 0]
[two_round: 0]
[header: 0]
[label_column: ]
[weight_column: ]
[group_column: ]
[ignore_column: ]
[categorical_feature: ]
[forcedbins_filename: ]
[precise_float_parser: 0]
[parser_config_file: ]
[objective_seed: 27057]
[num_class: 1]
[is_unbalance: 0]
[scale_pos_weight: 1]
[sigmoid: 1]
[boost_from_average: 1]
[reg_sqrt: 0]
[alpha: 0.9]
[fair_c: 1]
[poisson_max_delta_step: 0.7]
[tweedie_variance_power: 1.5]
[lambdarank_truncation_level: 30]
[lambdarank_norm: 1]
[label_gain: ]
[lambdarank_position_bias_regularization: 0]
[eval_at: ]
[multi_error_top_k: 1]
[auc_mu_weights: ]
[num_machines: 1]
[local_listen_port: 12400]
[time_out: 120]
[machine_list_filename: ]
[machines: ]
[gpu_platform_id: -1]
[gpu_device_id: -1]
[gpu_device_id_list: ]
[gpu_use_dp: 0]
[num_gpu: 1]

end of parameters

pandas_categorical:null
