tree
version=v4
num_class=1
num_tree_per_iteration=1
label_index=0
max_feature_idx=162
objective=regression
feature_names=KMID KLEN KMID2 KUP KUP2 KLOW KLOW2 KSFT KSFT2 OPEN0 HIGH0 LOW0 VWAP0 ROC5 ROC10 ROC20 ROC30 ROC60 MA5 MA10 MA20 MA30 MA60 STD5 STD10 STD20 STD30 STD60 BETA5 BETA10 BETA20 BETA30 BETA60 RSQR5 RSQR10 RSQR20 RSQR30 RSQR60 RESI5 RESI10 RESI20 RESI30 RESI60 MAX5 MAX10 MAX20 MAX30 MAX60 MIN5 MIN10 MIN20 MIN30 MIN60 QTLU5 QTLU10 QTLU20 QTLU30 QTLU60 QTLD5 QTLD10 QTLD20 QTLD30 QTLD60 RANK5 RANK10 RANK20 RANK30 RANK60 RSV5 RSV10 RSV20 RSV30 RSV60 IMAX5 IMAX10 IMAX20 IMAX30 IMAX60 IMIN5 IMIN10 IMIN20 IMIN30 IMIN60 IMXD5 IMXD10 IMXD20 IMXD30 IMXD60 CORR5 CORR10 CORR20 CORR30 CORR60 CORD5 CORD10 CORD20 CORD30 CORD60 CNTP5 CNTP10 CNTP20 CNTP30 CNTP60 CNTN5 CNTN10 CNTN20 CNTN30 CNTN60 CNTD5 CNTD10 CNTD20 CNTD30 CNTD60 SUMP5 SUMP10 SUMP20 SUMP30 SUMP60 SUMN5 SUMN10 SUMN20 SUMN30 SUMN60 SUMD5 SUMD10 SUMD20 SUMD30 SUMD60 VMA5 VMA10 VMA20 VMA30 VMA60 VSTD5 VSTD10 VSTD20 VSTD30 VSTD60 WVMA5 WVMA10 WVMA20 WVMA30 WVMA60 VSUMP5 VSUMP10 VSUMP20 VSUMP30 VSUMP60 VSUMN5 VSUMN10 VSUMN20 VSUMN30 VSUMN60 VSUMD5 VSUMD10 VSUMD20 VSUMD30 VSUMD60 ORC_TREND_PATH_CROWD_20 ORC_TREND_ACCEL_UNCROWDED_5_20 ORC_TREND_STREAK_EXHAUST_12 ORC_TREND_RSQR_STRESS_20 ORC_TREND_ACCEL_GAP_10_30
feature_infos=[-0.15450645983219147:0.33106967806816101] [0:0.33106967806816101] [-1:1] [0:0.27153289318084717] [0:1] [0:0.19577737152576447] [0:1] [-0.31147539615631104:0.33106967806816101] [-1:1] [0.75127547979354858:1.1827411651611328] [1:1.365384578704834] [0.75127547979354858:1] [0.90894031524658203:1.0877940654754639] [0.62103557586669922:1.6790908575057983] [0.58417785167694092:1.8924485445022583] [0.46860837936401367:2.2146341800689697] [0.45439684391021729:2.740487813949585] [0.36440131068229675:2.649662971496582] [0.8043818473815918:1.3455072641372681] [0.71110033988952637:1.4951817989349365] [0.61736243963241577:1.7117466926574707] [0.56646168231964111:1.9959673881530762] [0.4937971830368042:1.8649090528488159] [0:0.26957115530967712] [0:0.32280367612838745] [0:0.36472421884536743] [0:0.57258552312850952] [0:0.50059491395950317] [-0.16409091651439667:0.17131471633911133] [-0.11732283234596252:0.17131471633911133] [-0.11732283234596252:0.17131471633911133] [-0.11732283234596252:0.17131471633911133] [-0.11732283234596252:0.17131471633911133] [0:1] [0:1] [0:1] [0:1] [0:1] [-0.11478264629840851:0.13264167308807373] [-0.24554997682571411:0.20802642405033112] [-0.40848860144615173:0.27287426590919495] [-0.44566619396209717:0.27581575512886047] [-0.96870207786560059:0.33257237076759338] [1:1.6472727060317993] [1:1.9298244714736938] [1:2.2439024448394775] [1:3.3160974979400635] [1:3.3160974979400635] [0.58144122362136841:1] [0.54045307636260986:1] [0.4660193920135498:1] [0.43721681833267212:1] [0.33789625763893127:1] [0.86334514617919922:1.4843636751174927] [0.78309857845306396:1.7869091033935547] [0.69682848453521729:2.054157018661499] [0.62161809206008911:2.423609733581543] [0.56576049327850342:2.3250908851623535] [0.70860719680786133:1.2689855098724365] [0.58504855632781982:1.4057971239089966] [0.49352750182151794:1.5574545860290527] [0.47533980011940002:1.5740000009536743] [0.38890489935874939:1.5950908660888672] [0.20000000298023224:1] [0.10000000149011612:1] [0.05000000074505806:1] [0.033333335071802139:1] [0.01666666753590107:1] [0:1] [0:1] [0:1] [0:1] [0:1] [0.20000000298023224:1] [0.10000000149011612:1] [0.05000000074505806:1] [0.033333335071802139:1] [0.01666666753590107:1] [0.20000000298023224:1] [0.10000000149011612:1] [0.05000000074505806:1] [0.033333335071802139:1] [0.01666666753590107:1] [-0.80000001192092896:0.80000001192092896] [-0.89999997615814209:0.89999997615814209] [-0.94999998807907104:0.94999998807907104] [-0.96666663885116577:0.96666663885116577] [-0.98333334922790527:0.98333334922790527] [-1:1] [-1:1] [-1:1] [-1:1] [-1:1] [-1:1] [-1:1] [-1:1] [-1:1] [-1:1] [0:1] [0:1] [0:0.89999997615814209] [0:0.8888888955116272] [0:0.8888888955116272] [0:1] [0:1] [0:0.89999997615814209] [0:0.8571428656578064] [0:0.8571428656578064] [-1:1] [-1:1] [-0.83333331346511841:0.8888888955116272] [-0.83333331346511841:0.8888888955116272] [-0.83333331346511841:0.8888888955116272] [0:1] [0:1] [0:1] [0:1] [0:1] [0:1] [0:1] [0:1] [0:1] [0:1] [-1:1] [-1:1] [-1:1] [-1:1] [-1:1] [0.20013266801834106:26452.083984375] [0.10012400150299072:23627.859375] [0.050104878842830658:26698.134765625] [0.033777147531509399:28136.5] [0.017187755554914474:26107.111328125] [0.00080492562847211957:59102.5] [0.0021778203081339598:49210.34375] [0.0021778203081339598:56418.4921875] [0.0021778203081339598:57003.12109375] [0.0021778203081339598:42065.70703125] [0:2.2360680103302002] [0:3.1615598201751709] [0:4.4708261489868164] [0:5.4656624794006348] [0:7.5986995697021484] [0:1] [0:1] [0:1] [0:1] [0:1] [0:1] [0:1] [0:1] [0:1] [0:1] [-1:1] [-1:1] [-1:1] [-1:1] [-1:1] [-0.7596813440322876:1.679181694984436] [-0.084833331406116486:0.049399454146623611] [-3.7620944976806641:5.0776824951171875] [0:2.056443452835083] [-78937640:33658216]
tree_sizes=3113 3075 3016 3081 3086 2977 3035 3073 3110 3053 3075 3054 3134 2940 3101 3029 3106 3020 3088 3024 3097 3096 3113 3068 3106 3059 3129

Tree=0
num_leaves=31
num_cat=0
split_feature=56 26 39 27 86 49 113 86 84 21 49 3 23 72 60 86 59 4 32 7 70 15 119 24 86 48 121 103 159 1
split_gain=144.549 97.1071 94.4465 80.6604 59.5197 66.8592 55.4247 54.9206 84.0037 59.7258 57.0393 52.0109 65.6534 57.0466 44.793 42.5023 61.8741 54.1545 46.852 62.5278 42.4285 41.3372 39.4124 38.0239 34.1314 31.1744 36.5136 30.4898 30.2195 38.6003
threshold=1.1791024804115298 0.019933737814426426 0.01746934745460749 0.075317058712244048 -0.74999999999999989 0.92314630746841442 0.56756743788719188 -0.58333334326744068 -0.55000001192092884 1.0783501267433169 0.97357806563377391 0.0067682443186640748 0.009887981694191696 0.10857155174016954 1.040544927120209 0.84999999403953563 0.87291401624679577 0.35294283926486975 0.000947510066907853 -1.0000000180025095e-35 0.93750038743019115 0.88770312070846569 0.8277413845062257 0.055742703378200538 -0.81666666269302357 0.91092899441719066 0.31764705479145056 0.90000000596046459 -0.0040151264984160653 0.055469902232289321
decision_type=10 10 10 10 2 10 8 2 2 10 10 10 8 10 10 2 10 10 10 10 10 8 8 10 2 10 10 2 10 10
left_child=1 6 3 11 5 -2 -1 8 -5 10 -9 22 21 -14 -7 16 -4 25 23 -20 -10 -13 24 -18 -3 26 -17 -6 -16 -30
right_child=4 2 15 7 27 14 -8 9 20 -11 -12 12 13 -15 28 17 18 -19 19 -21 -22 -23 -24 -25 -26 -27 -28 -29 29 -31
leaf_value=9.4088712442215504e-05 0.018714966272941676 -0.0019150944164998758 -0.0172551646846303 -0.0010835172313102999 0.0022698206145044426 -3.5002504666995755e-05 0.0018079926847434943 4.4143326217389785e-10 0.0060019003837589631 -0.0079515395668178033 0.0042535583917352997 -0.013375781822666957 -0.0033781449729831416 4.2152684539537534e-05 0.0002983079087848624 4.4143326217389785e-10 -0.0018262108400394846 0.013985505339558307 -0.013282943764619061 -0.0035090791528256025 0.024770108596870132 -0.0028293289841029587 0.0020720725184849749 0.0075270700688480777 -0.00010920587929613546 -0.0042431446703111502 0.016560006920986223 -0.010957234740745185 0.0062734492595677184 0.018799383311934894
leaf_weight=42244 433 10555 244 1760 2498 769 28834 12488 3401 681 3648 343 5327 23582 395 466 16127 273 695 4881 107 12961 6682 370 91042 759 151 142 845 384
leaf_count=42244 433 10555 244 1760 2498 769 28834 12488 3401 681 3648 343 5327 23582 395 466 16127 273 695 4881 107 12961 6682 370 91042 759 151 142 845 384
internal_value=-5.47161e-05 -0.000154607 -0.000499197 -0.000252048 0.00476411 0.00779886 0.000793896 0.00143668 0.00411302 0.0005766 0.000964486 -0.000502024 -0.00139585 -0.000579628 0.00556057 -0.00226469 -0.00261463 0.00226605 -0.00242373 -0.00482404 0.00679657 -0.00314342 -0.000150598 -0.00158941 -0.000300113 -1.12606e-05 0.00469339 0.00136855 0.00836088 0.0106657
internal_weight=273087 267621 196543 172577 5466 2826 71078 22085 5268 16817 16136 150492 42213 28909 2393 23966 22317 1649 22073 5576 3508 13304 108279 16497 101597 1376 617 2640 1624 1229
internal_count=273087 267621 196543 172577 5466 2826 71078 22085 5268 16817 16136 150492 42213 28909 2393 23966 22317 1649 22073 5576 3508 13304 108279 16497 101597 1376 617 2640 1624 1229
is_linear=0
shrinkage=1


Tree=1
num_leaves=31
num_cat=0
split_feature=32 81 39 86 35 138 11 46 1 27 40 71 58 18 19 137 38 50 41 117 85 41 36 1 23 110 28 162 87 87
split_gain=133.185 91.1712 79.8025 66.7948 91.0089 65.6695 87.8249 61.1344 57.1458 57.1096 54.7463 74.0571 67.5073 64.6765 51.9866 50.3886 40.7294 37.5906 89.688 58.4393 37.1855 36.1127 34.657 34.1659 39.176 34.076 33.2748 33.1399 32.7332 52.5106
threshold=-0.0049950752872973672 0.61666667461395275 0.019643191248178486 -0.81666666269302357 0.54433420300483715 0.67646577954292308 0.97029706835746776 1.2303305864334109 0.016824356280267242 0.023991339839994911 -0.02971203904598951 0.57792210578918468 0.99976566433906566 1.024536728858948 1.0388434529304507 1.02280730009079 -0.02034240402281284 0.943324774503708 -0.0374193787574768 0.56666669249534618 0.67499998211860668 0.010621271561831238 0.22674896568059924 0.019933534786105159 0.010607753880321981 -0.35147058963775629 -0.009393239859491585 0.30548168718814855 -0.60833334922790516 -0.69166666269302357
decision_type=8 2 10 2 10 10 10 10 10 10 8 10 10 8 8 10 10 10 8 10 2 10 10 10 10 2 10 10 2 2
left_child=1 -1 3 4 8 6 27 23 -2 -4 11 20 -13 17 21 16 -7 18 -12 -19 -5 -15 -10 -6 -25 -8 -14 -3 29 -11
right_child=2 5 9 10 7 15 25 -9 22 28 13 12 26 14 -16 -17 -18 19 -20 -21 -22 -23 -24 24 -26 -27 -28 -29 -30 -31
leaf_value=3.0464535322670569e-05 -0.00084396710293061547 0 0.005006385704823901 0.00086717018119065971 0.00064128211010089516 0.022975213457495001 -0.012809302009973848 0.0063250501736460052 0.00027715946491243257 -0.0018631816640366373 -0.0099452121936263529 0 0.010464308995510197 -0.0068452763660977025 0.00034369175134269951 0.00016207656828803546 0.0086994031888686218 0.00017613132309994491 -0.00030413202487767998 0.0021069277250574873 -0.0050327361592763034 0.00548227358326715 -0.0065564557991941398 -0.0072158028353222232 -0.0010205852109656153 -0.00014988608047761452 0.0044115701474287403 0.017994392466777104 -0.0031480159707174922 0.0050499305971500623
leaf_weight=3808 3842 141 968 12677 8091 217 279 1233 673 4882 862 2213 1416 2723 1874 633 2793 106190 71062 16344 1012 190 4974 1184 4661 675 2765 260 13261 1210
leaf_count=3808 3842 141 968 12677 8091 217 279 1233 673 4882 862 2213 1416 2723 1874 633 2793 106190 71062 16344 1012 190 4974 1184 4661 675 2765 260 13261 1210
internal_value=-1.35525e-05 0.00361044 -0.000135693 1.35941e-05 -0.00146482 0.00626726 0.000383082 -2.53202e-06 -0.00376593 -0.00194112 0.000181291 0.00167365 0.00433875 2.92089e-05 -0.00340636 0.00835992 0.00997246 0.000115667 -0.000426582 0.000436417 0.000402413 -0.00590703 -0.005691 -0.000592129 -0.00234701 -0.00434718 0.00657295 0.0120211 -0.00230892 -0.000428976
internal_weight=273113 8806 264307 243986 24658 4998 1355 15169 9489 20321 219328 20083 6394 199245 4787 3643 3010 194458 71924 122534 13689 2913 5647 13936 5845 954 4181 401 19353 6092
internal_count=273113 8806 264307 243986 24658 4998 1355 15169 9489 20321 219328 20083 6394 199245 4787 3643 3010 194458 71924 122534 13689 2913 5647 13936 5845 954 4181 401 19353 6092
is_linear=0
shrinkage=0.03


Tree=2
num_leaves=31
num_cat=0
split_feature=32 25 86 33 53 158 29 22 74 3 12 26 41 132 26 53 51 53 0 72 122 126 41 45 3 132 46 13 1 31
split_gain=122.997 90.246 78.2666 69.8772 67.299 62.3699 80.2832 76.0263 68.6315 66.8807 88.3221 55.3057 50.5322 64.0864 50.1431 46.358 45.2324 57.8961 43.8687 43.5969 39.0989 59.5527 49.6585 43.0734 38.6356 38.0732 41.845 34.3888 34.8982 47.6819
threshold=-0.0049950752872973672 0.012410786934196951 -0.58333334326744068 0.9329836666584016 0.98100265860557567 -0.05307281203567981 -0.00062755055841989804 1.0963093042373659 0.35000000894069677 0.01792514976114035 0.98710510134696972 0.021392118185758594 -0.02948500961065292 1.5232168436050417 0.030101267620921138 1.0022045373916628 0.93558284640312206 1.0453006625175478 -0.0051168114878237239 0.43150700628757482 0.56332099437713634 -0.4583336859941482 -0.028351320885121819 1.1555201411247256 0.017324396409094337 2.024117231369019 1.1018201112747195 0.9993380904197694 0.019933534786105159 -3.0450401027337645e-05
decision_type=8 10 2 10 10 8 8 10 2 10 10 10 10 10 10 10 10 10 10 10 10 10 10 10 10 10 10 8 8 8
left_child=2 27 3 4 -1 8 12 9 20 11 -11 -8 15 14 -14 19 25 -18 -19 -7 23 22 -22 -3 -25 26 -6 -2 -29 -30
right_child=1 5 -4 -5 16 6 7 -9 -10 10 -12 -13 13 -15 -16 -17 17 18 -20 -21 21 -23 -24 24 -26 -27 -28 28 29 -31
leaf_value=-0.0044962986211924414 0.002433765468504896 -0.0014929421920746517 0.0007901165396839426 -0.0046863377573486522 0 0.0054206158209561643 0.0010480611656125177 0.005717946762250522 0.008563815104933448 -0.016595324068882707 0.0047958756643861327 -0.00049220598207748922 -0.0011368790824187107 0.00016319280843885819 -0.0029414021314975859 0.00032822258198480348 0.00087464493257842231 0.0167071711194995 0 -0.00912924597107132 0.01097930751811085 -0.0028073109899213315 0 0.0097552611441384142 -0.0045675539358159189 0 0.016169793742167184 0.00102173811542524 -0.0070692646494586505 0.00075805159207263965
leaf_weight=316 14930 614 4662 401 132 194 27914 2137 1308 157 3885 83838 34868 17740 24001 27003 1098 494 165 843 594 3168 897 1129 156 170 1294 16331 1198 1502
leaf_count=316 14930 614 4662 401 132 194 27914 2137 1308 157 3885 83838 34868 17740 24001 27003 1098 494 165 843 594 3168 897 1129 156 170 1294 16331 1198 1502
internal_value=2.48057e-05 -8.98999e-05 0.00352466 0.00656443 0.00789414 -0.000303761 -0.000397773 0.000136712 0.00231266 3.01488e-05 0.00381352 -0.000104667 -0.00100287 -0.00140183 -0.00187843 7.66583e-05 0.00917054 0.00544784 0.0123755 -0.0060724 0.000998013 -0.000426042 0.0044052 0.00461614 0.00774322 0.012965 0.0145447 0.00135177 0.00048553 -0.00263111
internal_weight=273139 264407 8732 4070 3669 230446 222580 117931 7866 115794 4042 111752 104649 76609 58869 28040 3353 1757 659 1037 6558 4659 1491 1899 1285 1596 1426 33961 19031 2700
internal_count=273139 264407 8732 4070 3669 230446 222580 117931 7866 115794 4042 111752 104649 76609 58869 28040 3353 1757 659 1037 6558 4659 1491 1899 1285 1596 1426 33961 19031 2700
is_linear=0
shrinkage=0.03


Tree=3
num_leaves=31
num_cat=0
split_feature=16 26 39 50 120 9 0 33 65 93 33 87 35 44 114 57 30 158 33 22 140 2 36 41 85 48 38 80 23 1
split_gain=146.606 87.2725 78.503 104.965 108.402 98.0804 90.1022 64.6259 48.783 46.3095 46.2045 45.0054 59.5448 44.2978 55.3265 47.0727 44.0885 42.4446 44.6091 42.3315 41.9696 41.3824 41.3085 39.3289 69.3241 52.6528 37.8414 43.2404 36.195 33.8941
threshold=1.2206377983093264 0.019933737814426426 0.01746934745460749 0.86872366070747387 0.25574485957622534 1.0079901814460757 0.014899892266839744 0.35019074380397802 0.48749999701976782 0.3975819200277329 0.97826865315437328 0.37500000000000006 0.58330023288726818 1.0398517251014712 0.48360675573349005 1.1642888784408572 -0.0055436731781810513 -0.044174479320645325 0.34483984112739569 1.15047824382782 0.81745141744613659 -0.41176427900791163 0.77266499400138866 0.062723249197006239 0.82500001788139354 0.90708911418914806 0.0017511633341200652 0.075000001117587103 0.016831624321639541 0.020583174191415313
decision_type=10 10 10 10 10 10 10 8 8 10 10 2 10 10 10 10 10 8 10 10 10 10 10 10 2 10 10 2 10 10
left_child=1 8 3 4 26 6 -6 13 -1 -7 16 12 -9 15 -15 -5 19 18 -4 -2 -21 -19 -22 25 -25 -23 27 -3 -24 -13
right_child=10 2 17 7 5 9 -8 11 -10 -11 -12 29 -14 14 -16 -17 -18 21 -20 20 22 23 28 24 -26 -27 -28 -29 -30 -31
leaf_value=0 -0.0013311940666551336 0.0034790802235974633 -0.0017040469671910008 -0.0008006344733745719 -0.00020529605918132452 0.0048436431608433325 0.0061430084994392046 -0.0011237460456401376 0.0015657731086384081 0.013000595505748476 -0.010811364442164444 8.5395124379000322e-05 0.00062361406334511592 -0.0015242287362294603 -0.0054019051573204399 0.0050663915706538219 8.9796969284597008e-05 -0.0089344543882791273 0.0080008531439982877 0.0017912497905963392 0.0048535468620902779 0.0030501928456590746 0 -0.0035703458064875616 -0.019411351025074849 -0.0021411085969698243 -0.0055570620544575094 -0.0042810765660660863 0.01643913342916245 0.0021092604736850972
leaf_weight=33993 325 1549 880 33466 5649 1712 3033 41520 37213 1219 117 17243 30150 16334 4292 1247 889 837 736 620 734 1891 152 1964 286 17611 1590 1072 1166 13544
leaf_count=33993 325 1549 880 33466 5649 1712 3033 41520 37213 1219 117 17243 30150 16334 4292 1247 889 837 736 620 734 1891 152 1964 286 17611 1590 1072 1166 13544
internal_value=4.06642e-07 -8.34939e-05 -0.000408677 -0.000183531 0.00214116 0.00364375 0.00198699 -0.000418798 0.00081558 0.00840289 0.00568609 2.45734e-05 -0.000384516 -0.00124481 -0.0023501 -0.000578439 0.00631242 -0.00200975 0.00257641 0.00804597 0.00929939 -0.0023531 0.011384 -0.0020781 -0.00586936 -0.00161976 -0.00192936 0.000183166 0.0146696 0.000986275
internal_weight=273034 269031 197825 173620 15824 11613 8682 157796 71206 2931 4003 102457 71670 55339 20626 34713 3886 24205 1616 2997 2672 22589 2052 21752 2250 19502 4211 2621 1318 30787
internal_count=273034 269031 197825 173620 15824 11613 8682 157796 71206 2931 4003 102457 71670 55339 20626 34713 3886 24205 1616 2997 2672 22589 2052 21752 2250 19502 4211 2621 1318 30787
is_linear=0
shrinkage=0.03


Tree=4
num_leaves=31
num_cat=0
split_feature=16 29 42 120 60 1 115 16 26 55 42 5 1 10 0 35 44 78 76 60 80 90 49 102 33 38 23 76 14 114
split_gain=124.821 79.8489 75.1136 63.8621 80.3888 61.8907 61.186 57.5992 61.7235 57.567 56.6553 86.5692 82.3224 55.5189 55.241 53.6304 53.0021 51.9516 59.1932 48.3291 46.5429 46.1186 44.121 69.7739 54.4522 72.3338 57.1763 43.172 40.5946 38.9402
threshold=1.2206377983093264 -0.00062755055841989804 0.067746125161647811 0.25574485957622534 0.91727331280708324 0.019216537475585941 0.63013699650764476 1.133943557739258 0.021769763901829723 0.95988973975181591 -0.077859010547399507 0.0030272328294813637 0.018544884398579601 1.0355787277221682 0.029829532839357856 0.48206175863742834 1.0041861534118655 0.5000000149011613 0.45000000298023229 0.98799675703048717 0.27500000596046453 0.17672984302043918 0.94080999493598949 0.41742423176765447 0.62609195709228527 -0.00030258299375418568 0.037717495113611228 0.083333335816860213 0.91430118680000316 0.59047600626945507
decision_type=10 8 10 8 8 10 10 10 10 10 10 10 10 10 8 10 10 10 2 10 2 10 10 2 10 10 10 2 10 10
left_child=1 2 10 14 5 -5 -4 8 13 16 11 -1 27 -6 -3 -10 -7 -14 -19 -13 -16 -21 23 -2 -24 -26 -27 -12 -11 -9
right_child=22 3 6 4 7 9 -8 29 15 28 12 19 17 -15 20 -17 -18 18 -20 21 -22 -23 24 -25 25 26 -28 -29 -30 -31
leaf_value=-0.0025138287524633781 0.01878674765330933 -0.00097248190985836517 0 -0.0018600996908154253 0.0011554333252921339 0.0057411909658782101 0.019380565943076935 0.0063678890309095673 -0.0011174100513706737 0.0080503715288425155 0.0013179675728541621 -0.011220008035237757 -0.0035500046909765891 -0.012112533263639209 -0.010330151857979373 0.0005791047501176506 -0.00238510225726267 -0.0020727178871683578 0.00013063702877789444 0.001903367049101178 0.0044259738571143419 0.0076310415225744541 -0.0022293405865596652 0.0036302797938013989 0.011234527279804986 0.0055098298233943526 -0.011003674925955061 -0.00053792125999846949 0.0033595402556982693 -0.0014670007770953082
leaf_weight=2872 485 10106 308 2042 46863 1059 284 2275 36784 2829 14813 157 10906 262 1033 30549 2143 28216 17544 3270 192 2284 1057 764 1034 456 288 46817 5036 675
leaf_count=2872 485 10106 308 2042 46863 1059 284 2275 36784 2829 14813 157 10906 262 1033 30549 2143 28216 17544 3270 192 2284 1057 764 1034 456 288 46817 5036 675
internal_value=0 -7.98203e-05 -0.000625615 0.00040856 0.000597901 0.00282745 0.00982834 0.000345971 0.000236132 0.00372122 -0.000678297 0.00166082 -0.0008508 0.0010702 -0.00174317 -0.000343303 0.000228358 -0.00167622 -0.00122173 0.003814 -0.00774244 0.00433154 0.00519181 0.00995543 0.00293301 0.00615948 -0.00061054 -8.67024e-05 0.00510099 0.00447634
internal_weight=273403 269319 127471 141848 130517 13109 592 117408 114458 11067 126879 8583 118296 47125 11331 67333 3202 56666 45760 5711 1225 5554 4084 1249 2835 1778 744 61630 7865 2950
internal_count=273403 269319 127471 141848 130517 13109 592 117408 114458 11067 126879 8583 118296 47125 11331 67333 3202 56666 45760 5711 1225 5554 4084 1249 2835 1778 744 61630 7865 2950
is_linear=0
shrinkage=0.03


Tree=5
num_leaves=31
num_cat=0
split_feature=16 25 40 71 48 6 70 10 16 43 159 18 34 58 160 1 160 36 24 118 83 45 38 1 36 33 118 84 13 23
split_gain=132.862 73.6336 60.0382 103.927 63.0188 64.0051 59.6798 131.579 72.216 63.3256 56.6975 50.0938 47.3338 42.1018 40.8626 38.7622 62.6747 44.2757 44.3989 37.9669 37.089 34.2376 34.1322 52.3415 48.7028 33.4149 33.1401 52.0874 28.4296 26.627
threshold=1.2206377983093264 0.012410786934196951 -0.030343431979417797 0.58260881900787365 0.85566958785057079 0.21621631830930713 0.7500000298023225 1.0174682140350344 0.91894683241844188 1.0107220411300661 0.010435979813337328 1.024536728858948 0.88303968310356151 1.0026316046714785 0.11291044205427171 0.055469902232289321 -0.24242001026868817 0.80770382285118114 0.045104321092367179 0.54166772961616527 -0.3000000044703483 1.0755258202552798 -0.0015119749587029217 0.03812129236757756 0.81698989868164074 0.4965707808732987 0.90697580575943004 0.35000000894069677 1.0000653266906741 0.009330792352557184
decision_type=10 10 10 10 10 10 10 10 8 10 10 10 10 10 10 10 10 10 10 10 10 10 10 10 10 10 10 2 8 10
left_child=1 28 3 14 5 -4 8 9 21 -8 -9 -10 15 19 29 16 -2 -17 -19 -5 -21 -6 23 24 -18 -16 27 -15 -1 -3
right_child=12 2 4 13 6 -7 7 10 11 -11 -12 -13 -14 26 25 17 22 18 -20 20 -22 -23 -24 -25 -26 -27 -28 -29 -30 -31
leaf_value=0.0021668007217514797 -0.0059906915838182171 0.0096123716653900518 -0.016356929515084873 0.0079733958468973451 -0.0023652074053574505 0 0.00076852657785838176 0.0036702546630804824 -0.00041483054408477738 -0.0013045362869320706 0.014451035257645769 -0.003082048422014305 0.0140322455941471 0.012356600375900048 -0.023562553281080909 0.0026399752557213271 0.0037212196961943851 0 0.021200497852531787 0.0019217316083051373 -0.0071695140314371898 -0.0072717301881908506 0 -0.00097662231856401058 0.020985125095693995 0 0 0.0037695165404830252 0.00040771595853588116 -1.5216311196749576e-05
leaf_weight=15735 644 242 430 638 6785 430 33506 5362 134896 21902 491 6681 510 1370 100 609 357 135 335 1652 510 1701 781 315 334 104 511 1466 18510 15593
leaf_count=15735 644 242 430 638 6785 430 33506 5362 134896 21902 491 6681 510 1370 100 609 357 135 335 1652 510 1701 781 315 334 104 511 1466 18510 15593
internal_value=8.18816e-06 -7.19203e-05 -0.000262866 0.00121791 -0.00041921 -0.0084472 -0.000384324 0.000401517 -0.000707142 -4.56885e-05 0.00467185 -0.000543232 0.00540912 0.00452819 -3.61451e-05 0.0039988 0.00171355 0.00874964 0.0156231 0.00165241 -0.000131397 -0.00339876 0.0046916 0.00828895 0.0128434 -0.0127738 0.00682078 0.00808024 0.00122553 0.000124937
internal_weight=272635 268615 234370 22186 212184 860 211324 61261 150063 55408 5853 141577 4020 6147 16039 3510 2431 1079 470 2800 2162 8486 1787 1006 691 204 3347 2836 34245 15835
internal_count=272635 268615 234370 22186 212184 860 211324 61261 150063 55408 5853 141577 4020 6147 16039 3510 2431 1079 470 2800 2162 8486 1787 1006 691 204 3347 2836 34245 15835
is_linear=0
shrinkage=0.03


Tree=6
num_leaves=31
num_cat=0
split_feature=26 38 25 86 25 158 55 14 33 86 12 85 72 40 71 138 112 42 24 51 26 27 94 110 126 161 33 53 6 10
split_gain=102.449 110.858 72.1842 64.1428 61.9078 60.4043 50.8495 65.4649 84.5199 64.2564 58.2245 55.0246 48.782 47.1672 63.5626 46.4364 59.4525 45.5642 49.683 43.5047 42.8113 38.7282 41.0942 37.8759 38.0684 36.596 35.6711 33.6782 32.5408 32.2902
threshold=0.074481844902038588 -0.0013872470008209346 0.012543265242129566 0.88333332538604747 0.042319050058722503 -0.046094138175249093 0.93731585144996654 0.89384698867797863 0.83006685972213756 -0.58333334326744068 0.98710510134696972 0.87500000000000011 0.037878938019275672 -0.028458484448492524 0.57792210578918468 0.78973722457885753 -0.17047223448753354 0.10417669266462327 0.018554405309259895 0.78793534636497509 0.021769763901829723 0.11249004304409028 0.46691815555095678 -0.36038962006568903 -0.27642263472080225 0.66753590106964122 0.056181771680712707 0.97018611431121837 0.57143047451972973 1.0246002078056338
decision_type=10 10 10 2 10 8 10 8 10 2 10 2 10 10 10 10 2 10 10 8 10 10 10 2 10 10 10 10 10 10
left_child=2 4 -1 6 19 12 11 8 9 -8 -10 -4 -3 14 -9 23 29 18 -5 -2 -15 22 -18 -6 -25 -19 -14 -7 -20 -17
right_child=1 5 3 17 15 27 7 13 10 -11 -12 -13 26 20 -16 16 21 25 28 -21 -22 -23 -24 24 -26 -27 -28 -29 -30 -31
leaf_value=0.001183657422684726 -0.01775497997667615 -0.0063616778737752393 -0.001781559089729926 5.8435340604167162e-07 -0.0060046270225197068 -0.012530296482736422 0.023178663507270089 0 0.013716454359656963 0.00553113787493573 -0.0087330337369878001 -0.015856318554401522 -0.0038477451192570769 0.00017897252365862585 0.0036521809797857045 0.010180209029974961 0.0070382949327616644 0.0029722950773556594 0.0053380072353286703 0.0017629958775181036 -0.00082664762946322494 0.0013060617955947616 0.021081600484927659 0.014070847852296437 0.0021566524029159664 -0.012210197953511318 0.0091626412026360026 -0.0012776782991171911 -0.0024398028610342344 0.028664847081987025
leaf_weight=35442 126 252 881 3883 280 252 221 17895 102 1395 519 371 179 51803 5595 302 1029 187 4705 266 139379 727 274 337 1049 328 1157 3170 472 223
leaf_count=35442 126 252 881 3883 280 252 221 17895 102 1395 519 371 179 51803 5595 302 1029 187 4705 266 139379 727 274 337 1049 328 1157 3170 472 223
internal_value=3.63491e-05 0.00307415 -7.38123e-05 -0.000270913 0.00641911 0 -0.000377632 -0.000341066 0.00473147 0.0083818 -0.00426474 -0.00637186 0.00478131 -0.000395758 0.000867411 0.00750477 0.0100972 0.00212508 0.00264581 -0.00433983 -0.000552604 0.00739356 0.0104922 0.00327839 0.00542586 -0.00623156 0.0071672 -0.00226149 0.0045645 0.019346
internal_weight=272801 9623 263178 227736 4613 5010 218161 216909 2237 1616 621 1252 1588 214672 23490 4221 2555 9575 9060 392 191182 2030 1303 1666 1386 515 1336 3422 5177 525
internal_count=272801 9623 263178 227736 4613 5010 218161 216909 2237 1616 621 1252 1588 214672 23490 4221 2555 9575 9060 392 191182 2030 1303 1666 1386 515 1336 3422 5177 525
is_linear=0
shrinkage=0.03


Tree=7
num_leaves=31
num_cat=0
split_feature=16 29 115 25 55 51 81 41 1 12 42 138 16 162 0 26 42 36 78 43 1 44 60 108 55 159 80 47 10 23
split_gain=118.865 71.4741 73.7524 92.5388 87.4257 95.9049 75.259 62.2488 105.451 61.4841 57.0419 54.1159 52.8972 78.7736 54.8472 52.6376 47.4433 46.7098 45.2616 48.9458 59.8189 44.8771 44.4855 44.019 43.3065 42.6228 40.9721 40.3636 37.948 37.7616
threshold=1.2394970059394839 -0.001253698661457747 0.74207225441932689 0.041502594947814948 0.93731585144996654 0.83511987328529369 0.61666667461395275 -0.030035963281989094 0.018348633311688903 0.98570287227630626 0.065921377390623107 1.0657664537429812 1.1159341931343081 -2.1357462406158443 -0.030569094233214852 0.021769763901829723 -0.10349908098578452 0.50889825820922863 0.70000001788139354 1.1307523846626284 0.053465308621525771 1.0666666626930239 0.89853191375732433 -1.0000000180025095e-35 1.0997244715690615 -0.013542489148676394 0.42499999701976782 1.0096055865287783 1.0230359435081484 0.022786561399698261
decision_type=10 8 10 8 8 8 2 10 10 10 10 10 10 10 10 10 10 10 10 10 10 10 10 2 10 10 2 10 10 10
left_child=1 7 3 12 11 6 -6 18 -9 22 16 27 14 -14 17 -16 29 -3 21 20 -20 -1 -4 -7 -23 -21 -15 -5 -18 -10
right_child=-2 2 9 4 5 23 -8 8 10 -11 -12 -13 13 26 15 -17 28 -19 19 25 -22 24 -24 -25 -26 -27 -28 -29 -30 -31
leaf_value=0.0014993729553426018 0.0059084262748100008 -0.010564896399757254 -0.010959253640343593 0 0.0042772078465942174 0.0038310261940379862 0.012976815768835002 -6.6091190527386323e-05 0.011817489906271308 -0.0011387595976765244 0.0091867243595109248 0.0043377430306216855 -0.0086559538176730188 0 0.00094234229172061347 -0.00030406280095881773 -0.0020722391019467701 0.00068731874718393128 0.00093890536485404332 -0.010324093635113408 0.0074962679521795809 -0.0068256602823667948 0.0017706635244229634 -0.00068845405102787151 0.00069408742277473571 0.0012242976976162259 0.0080388118909925158 -0.020606712705244272 -0.0049504319033646261 -0.0039290531640571932
leaf_weight=1775 2997 769 1023 119 5774 2980 1115 44583 359 10458 362 159 347 693 52910 71444 33495 488 22834 604 1326 2058 267 5260 924 450 2041 274 4932 166
leaf_count=1775 2997 769 1023 119 5774 2980 1115 44583 359 10458 362 159 347 693 52910 71444 33495 488 22834 604 1326 2058 267 5260 924 450 2041 274 4932 166
internal_value=-1.19783e-05 -7.92414e-05 0.00033634 0.000524061 0.00270041 0.00314667 0.00576217 -0.000651626 -0.00107197 -0.00194207 -0.00220441 -0.00868844 0.000256166 0.00413078 0.000158099 0.00022391 -0.00232263 -0.00601922 0.000514947 0.0010296 0.00131711 -0.002143 -0.00810864 0.000915017 -0.00440656 -0.00518325 0.00591369 -0.0146398 -0.00245183 0.00632665
internal_weight=272986 269989 156121 144373 15681 15129 6889 113868 83897 11748 39314 552 128692 3081 125611 124354 38952 1257 29971 25214 24160 4757 1290 8240 2982 1054 2734 393 38427 525
internal_count=272986 269989 156121 144373 15681 15129 6889 113868 83897 11748 39314 552 128692 3081 125611 124354 38952 1257 29971 25214 24160 4757 1290 8240 2982 1054 2734 393 38427 525
is_linear=0
shrinkage=0.03


Tree=8
num_leaves=31
num_cat=0
split_feature=16 46 27 13 86 15 40 25 125 162 82 122 73 30 33 125 57 162 9 60 1 44 10 77 30 121 1 138 76 91
split_gain=123.343 65.9663 61.8792 67.7186 67.0551 57.4881 55.7901 61.8591 53.8749 72.4058 75.2494 58.3156 49.8144 48.5267 53.6524 35.0933 85.6401 45.4401 42.5918 37.998 34.4165 33.1006 32.7816 31.8741 37.0715 31.3323 52.8143 44.1506 30.7027 36.5995
threshold=1.2206377983093264 1.0748502612113955 0.090825200080871596 0.96443602442741405 -0.58333334326744068 1.0903903245925906 -0.030343431979417797 0.013636420015245678 -0.44852939248085016 -0.53470319509506214 0.25833334028720861 0.57692310214042675 0.90000000596046459 -0.0071641574613749972 0.96601486206054699 0.4843753874301911 0.92394757270812999 0.32798777520656591 0.97113367915153515 0.85410505533218395 0.053465308621525771 1.0122641921043398 1.0205997824668886 0.42499999701976782 -0.0079546812921762449 0.64285698533058178 0.055469902232289321 0.8039069175720216 0.88333332538604747 0.62942525744438182
decision_type=10 8 10 8 2 10 8 10 10 8 2 10 10 10 10 8 10 10 10 10 8 10 10 2 10 10 10 10 2 10
left_child=1 6 3 23 5 12 -1 -8 20 11 -11 -10 -4 14 25 16 17 -9 -17 -18 -5 -14 -20 -3 -25 -2 27 -27 29 -6
right_child=13 2 4 8 28 -7 7 15 9 10 -12 -13 21 -15 -16 18 19 -19 22 -21 -22 -23 -24 24 -26 26 -28 -29 -30 -31
leaf_value=0.0029240454337010088 0.00041278125605709803 -0.0024397999356008406 0.01393763315468133 0.00079408316671766529 2.2800196366925987e-05 0.0012977261462818852 0.0012015552482529327 0.011496283161267754 -0.0006752768666636633 0.0003896122472669155 -0.0024565367935101413 0.0022116413076428707 0.012615548529059571 0.00029804947723990433 -0.0082300066340958537 -0.0070737958582516684 -0.0079487131240676325 0.0024505977174478187 -0.0016748222129341881 -7.7135953383755134e-05 0.0090926246214859743 -0.0031715921198298058 0.0042634126154872162 0.004510459364756538 -0.0096522781544809977 0.00046795952594885142 0.017716934138996981 0.011204930746553489 0.0074289378711780351 -0.0075540896807725598
leaf_weight=7019 429 2745 907 11612 4252 1656 40620 783 23614 10809 34392 8553 150 1346 149 1220 536 1693 8412 105640 459 344 887 146 1399 687 615 828 409 630
leaf_count=7019 429 2745 907 11612 4252 1656 40620 783 23614 10809 34392 8553 150 1346 149 1220 536 1693 8412 105640 459 344 887 146 1399 687 615 828 409 630
internal_value=1.82246e-05 -5.9165e-05 -0.00066071 -0.000883381 0.00179967 0.00532511 0.000307178 0.000190001 -0.000702246 -0.000995171 -0.00176943 8.3913e-05 0.00978914 0.00519992 0.00750636 -0.000152419 5.15054e-06 0.00550056 -0.00180536 -0.000121188 0.00114897 0.00134277 -0.00106827 -0.00456935 -0.00808169 0.00859567 0.0100851 0.00660106 -0.000193135 -0.000920595
internal_weight=272941 268887 102077 93729 8348 3057 166810 159791 89439 77368 45201 32167 1401 4054 2708 119171 108652 2476 10519 106176 12071 494 9299 4290 1545 2559 2130 1515 5291 4882
internal_count=272941 268887 102077 93729 8348 3057 166810 159791 89439 77368 45201 32167 1401 4054 2708 119171 108652 2476 10519 106176 12071 494 9299 4290 1545 2559 2130 1515 5291 4882
is_linear=0
shrinkage=0.03


Tree=9
num_leaves=31
num_cat=0
split_feature=16 26 27 158 11 125 33 28 108 13 60 120 36 23 140 69 10 24 35 48 49 159 11 123 160 18 4 1 17 78
split_gain=101.612 59.3005 57.7182 69.9577 65.1161 67.7637 64.3724 64.7164 59.5152 56.4084 57.8764 77.4641 56.0763 68.2055 68.1671 52.0996 87.0215 48.5604 45.6371 42.3545 40.4196 36.3114 33.5942 30.9946 30.8157 30.2259 25.8041 28.2989 25.3761 24.3715
threshold=1.2206377983093264 0.018406318500638012 0.075317058712244048 0.23827787488698962 0.97153580188751232 0.40794622898101812 0.26178121566772466 -0.0028968804981559511 -0.22500000149011609 0.96967065334320079 0.92236316204071056 0.26712341606616979 0.80461445450782787 0.016831624321639541 0.74113187193870556 0.6428574025630952 1.0176715254783633 0.039420317858457572 0.8209669589996339 0.98983368277549755 0.8330044448375703 -0.0011425565462559459 0.987217277288437 0.10526307299733163 -0.005295001668855547 0.97806948423385631 0.37500461935997015 0.037599999457597739 0.90572595596313488 0.30000000447034841
decision_type=10 10 10 8 10 10 8 10 2 8 10 10 10 10 10 10 10 10 10 10 10 10 10 8 10 10 10 10 10 10
left_child=1 23 6 4 8 20 7 21 24 15 11 -11 -2 -14 -15 -8 -17 -10 -12 25 -6 -3 -7 -1 -4 -9 27 -5 -25 -16
right_child=12 2 3 26 5 22 9 19 17 10 18 -13 13 14 29 16 -18 -19 -20 -21 -22 -23 -24 28 -26 -27 -28 -29 -30 -31
leaf_value=0.00017359811569695114 0.0010394384395118232 -0.0071138437816450871 0.016776066034605006 0 0.0077867573362757703 0.010906860486858613 -0.0064606966351608191 0.0033029140785799087 0.0049569391312004069 -0.0030802708473589972 -0.00019662541816046179 0.0067299769723883039 -0.0041871108297355372 -0.0025932508506230079 0.024454928242570555 -0.0015993762679836689 0.0041158678506390519 -0.001387342603143992 0.0017252035428197557 0.00079543457025257566 -0.00019618375006942549 -0.0015444444329111929 0.0010680369750365863 0 0 -0.0016288049855506203 0.00059713326677491392 -0.016500259999113562 0.0021757245378474115 0.010909068707784171
leaf_weight=33284 2014 2635 453 132 567 780 1685 1096 3322 949 86664 2538 288 251 191 22952 2635 1503 12727 8911 20472 2038 642 6925 144 37429 138 341 18038 1240
leaf_count=33284 2014 2635 453 132 567 780 1685 1096 3322 949 86664 2538 288 251 191 22952 2635 1503 12727 8911 20472 2038 642 6925 144 37429 138 341 18038 1240
internal_value=7.1354e-06 -6.23717e-05 -0.000297577 0.000954016 0.00118625 0.000457416 -0.000494978 -0.00138642 0.0041376 -0.000135602 0.000183457 0.0039722 0.00475206 0.00834825 0.0106949 -0.00134943 -0.000996339 0.00292119 4.67442e-05 -0.00104533 1.19013e-05 -0.00476576 0.00674933 0.000783326 0.0130692 -0.00147908 -0.00887034 -0.0121532 0.0015835 0.013236
internal_weight=272984 269000 210753 28494 27883 22461 182259 52109 5422 130150 102878 3487 3984 1970 1682 27272 25587 4825 99391 47436 21039 4673 1422 58247 597 38525 611 473 24963 1431
internal_count=272984 269000 210753 28494 27883 22461 182259 52109 5422 130150 102878 3487 3984 1970 1682 27272 25587 4825 99391 47436 21039 4673 1422 58247 597 38525 611 473 24963 1431
is_linear=0
shrinkage=0.03


Tree=10
num_leaves=31
num_cat=0
split_feature=16 25 27 47 35 48 7 158 125 11 0 84 0 33 36 23 140 158 14 101 30 27 53 37 128 95 78 52 80 142
split_gain=102.923 71.4694 54.3786 57.6828 67.1546 50.8382 50.0866 58.8896 62.2974 56.6016 45.4344 45.4957 44.0079 40.155 42.0881 49.4237 41.9739 37.4661 58.2852 36.8726 35.3943 34.6529 33.8421 31.7692 29.4521 29.1058 28.9613 30.436 27.5805 27.1095
threshold=1.2206377983093264 0.012410786934196951 0.0761079676449299 1.0542030930519106 0.80202254652977001 0.97340050339698803 -0.057653678581118577 0.23827787488698962 0.26180239021778112 0.97153580188751232 0.03806229121983052 0.84999999403953563 -0.0080460067838430387 0.96268773078918468 0.81076571345329296 0.017329806461930278 0.73748964071273815 0.082912106066942229 0.89384698867797863 0.5962963104248048 0.0035015830071642999 0.049979351460933692 1.0605050325393679 0.65855157375335704 1.4032599925994875 0.21240262687206271 0.30000000447034841 0.70770698785781871 0.17500000447034839 1.1634351015090945
decision_type=10 10 10 10 10 10 10 8 10 10 10 2 10 10 10 10 10 10 8 2 10 10 10 10 10 10 10 10 2 10
left_child=1 23 3 10 17 21 19 8 9 -8 11 12 -3 14 -2 -16 -17 18 -5 20 -4 -6 -7 -1 25 -9 27 -12 -13 -28
right_child=13 2 6 4 5 22 7 24 -10 -11 26 28 -14 -15 15 16 -18 -19 -20 -21 -22 -23 -24 -25 -26 -27 29 -29 -30 -31
leaf_value=0.00062342439975114085 0.0022536149565187879 0.0019201555324218204 0.0052014463148034595 0.008770195907893746 0.00071662900938650924 0.0019106571953116072 0.003591057328448409 -0.0017462476127475684 0.0039599886197717437 -0.00043532033636268911 0.0030235665170039281 0.00020247705556733644 -0.00027705336925166536 -0.0067404620830202478 -0.0014684012111337368 -7.0766726472451321e-05 0.012991886148764122 -0.010267824287762614 -0.0010522523651301612 0 0.028897473926652522 -0.0044756888376296551 -0.0069005736314619957 0.0027217694157695327 0.0035703909770790033 -0.018279307431451255 -0.0073232516391934562 -0.011880631536416013 0.0040345916135171517 0.003614389124962035
leaf_weight=25320 2013 10022 186 520 2103 14904 3799 221 5179 17388 108 2912 44345 220 295 211 1312 382 123150 142 116 2331 370 9016 103 259 316 598 4676 480
leaf_count=25320 2013 10022 186 520 2103 14904 3799 221 5179 17388 108 2912 44345 220 295 211 1312 382 123150 142 116 2331 370 9016 103 259 316 598 4676 480
internal_value=-1.9114e-05 -9.18653e-05 -0.000280016 -0.000447087 -0.000780186 0.000837514 0.000972271 0.000791374 0.00101282 0.000275201 0.000302822 0.00043293 0.000123021 0.00471388 0.00548115 0.00882824 0.0110103 -0.0010397 -0.00100711 0.0107981 0.0164645 -0.00195351 0.00166885 0.00118441 -0.00842722 -0.0116415 -0.00480199 -0.00916696 0.0026078 -0.00043311
internal_weight=272997 268946 234610 207217 143760 19708 27393 26949 26366 21187 63457 61955 54367 4051 3831 1818 1523 124052 123670 444 302 4434 15274 34336 583 480 1502 706 7588 796
internal_count=272997 268946 234610 207217 143760 19708 27393 26949 26366 21187 63457 61955 54367 4051 3831 1818 1523 124052 123670 444 302 4434 15274 34336 583 480 1502 706 7588 796
is_linear=0
shrinkage=0.03


Tree=11
num_leaves=31
num_cat=0
split_feature=16 25 40 36 18 73 161 25 55 36 14 33 85 49 140 110 92 22 51 161 36 11 33 83 51 36 11 10 27 41
split_gain=120.845 70.2886 61.3714 74.3813 53.1001 70.8926 50.1088 49.5124 48.5184 86.4672 82.9497 67.2333 63.6865 52.1788 48.2951 45.9846 44.671 43.3011 60.7591 41.672 41.4149 40.9074 40.6817 30.2734 28.2313 31.861 29.1521 27.4074 26.8088 26.2136
threshold=1.2394970059394839 0.012410786934196951 -0.030343431979417797 0.82335302233695995 1.024536728858948 0.5000000149011613 0.73816853761672985 0.034407608211040504 0.93731585144996654 0.79486623406410228 0.88698756694793712 0.83287483453750621 0.82500001788139354 0.8330044448375703 0.76384052634239208 0.29705883562564855 0.50118210911750805 0.8598712980747224 0.86556467413902294 0.45792987942695623 0.78832495212554943 0.99580019712448131 0.93596476316452037 -0.3000000044703483 0.97748222947120678 0.80770382285118114 0.98903745412826549 1.0191387534141543 0.097846109420061125 -0.0007241346756927668
decision_type=10 10 10 8 10 10 10 8 8 10 8 10 2 10 10 2 10 10 10 10 10 10 10 10 10 10 10 8 10 10
left_child=1 27 3 17 8 7 24 29 9 12 11 -10 -4 -12 -8 19 -11 20 21 -5 -3 -19 -9 -20 25 -2 -26 -1 -21 -6
right_child=6 2 4 15 5 -7 14 22 10 16 13 -13 -14 -15 -16 -17 -18 18 23 28 -22 -23 -24 -25 26 -27 -28 -29 -30 -31
leaf_value=0.0013474250027880929 0.0012484600172262517 -0.016313643808551562 -0.0041903138596411163 -0.0014884575262698713 -0.0046582772340328519 -0.0089869764643333919 -0.00095299346550823511 0.0040338324775631706 0.0077889187900693447 0.010023547832116432 0.0076386502335500147 -0.0028144689702831157 -0.018018902854088432 -0.00041023648836726998 0.012113247765610647 0.00013751400971545301 -0.0043469084431032789 0.0072562835334984716 0.00051817088485610601 0.0087892603580682939 0.0027826686786051758 -0.00035955001390221861 -0.0049985267430376189 -0.004094545681335578 -0.016730443282622444 0.013766148146453567 0 -0.0027592825398576807 0.021943937847761181 0.0053458874370874675
leaf_weight=32894 842 241 1051 206 2982 1424 262 1816 1959 408 704 678 467 200707 1272 772 307 1963 15889 983 121 824 552 1368 101 244 366 1467 222 212
leaf_count=32894 842 241 1051 206 2982 1424 262 1816 1959 408 704 678 467 200707 1272 772 307 1963 15889 983 121 824 552 1368 101 244 366 1467 222 212
internal_value=-3.49202e-05 -0.000103645 -0.000289367 0.00119329 -0.000447913 -0.00302229 0.00584619 -0.00141472 -0.000358989 -0.00474673 -0.000309041 0.0049491 -0.00881862 -0.000379858 0.009705 0.00644511 0.00349475 0.000611015 0.000814698 0.00963639 -0.00933378 0.0049112 0.00177846 0.00013083 0.00176894 0.00453023 -0.0039587 0.00116187 0.0117764 -0.00387178
internal_weight=273304 270217 235856 22589 213267 6986 3087 5562 206281 2233 204048 2637 1518 201411 1534 2183 715 20406 20044 1411 362 2787 2368 17257 1553 1086 467 34361 1205 3194
internal_count=273304 270217 235856 22589 213267 6986 3087 5562 206281 2233 204048 2637 1518 201411 1534 2183 715 20406 20044 1411 362 2787 2368 17257 1553 1086 467 34361 1205 3194
is_linear=0
shrinkage=0.03


Tree=12
num_leaves=31
num_cat=0
split_feature=32 47 42 138 6 81 38 31 25 40 12 84 13 1 122 120 8 58 41 112 33 34 115 11 16 19 113 2 17 38
split_gain=80.7533 66.6143 60.2737 58.447 57.677 49.0804 49.0206 44.6155 43.8094 62.3946 67.4723 76.2925 51.9053 47.0277 53.3272 43.8588 40.5526 37.5947 37.3593 37.0671 49.8094 36.5551 64.4046 69.5821 67.433 65.7633 47.3079 44.0218 45.0079 42.9779
threshold=-0.0049950752872973672 1.0944131016731264 -0.077859010547399507 0.50348633527755748 0.15384439378976825 0.61666667461395275 -0.02792282588779926 -0.0075392194557934991 0.021421742625534538 -0.028458484448492524 1.0204320549964907 0.84999999403953563 1.0327028632164004 0.036666689440608032 0.43413670361042028 0.30944025516510015 -0.33333481848239893 0.97752636671066295 -0.039029836654663079 0.1651515141129494 0.4807694554328919 0.24009247869253161 0.65234178304672252 0.98563537001609813 1.1063319444656374 1.0185295939445498 0.69230815768241893 -0.52941194176673878 1.1651764512062075 -0.0085295797325670702
decision_type=8 8 8 8 10 2 10 10 10 10 10 2 8 10 8 10 10 8 10 2 10 10 10 10 10 10 10 10 10 8
left_child=3 8 4 -1 7 -5 -7 -3 13 12 11 18 -10 14 16 -13 -2 -16 -11 -6 -21 22 24 -24 26 -26 -4 29 -29 -23
right_child=1 2 21 5 19 6 -8 -9 9 10 -12 15 -14 -15 17 -17 -18 -19 -20 20 -22 27 23 -25 25 -27 -28 28 -30 -31
leaf_value=-0.0047176525391733953 0.0045356264243873994 0.006776313109106316 -0.00018185316718004546 0.00086520017429363844 0.0047309124111285039 0.022349520005757011 0.0049902955038794196 -0.0021149648566310361 0.004680880744971261 -0.0064713495070299826 -0.015464928094196417 4.7419365339928706e-06 -0.00036555005784576601 -0.0035725277647344717 0.0027513246346942606 0.0046928898475639943 0.0014100749974327175 0.00021114008078998081 -0.00086543735247761973 -0.011242332230025732 0.003287701977503975 -0.0022469836011518823 0.014228443317198032 -0.00037845520859736804 0.0043715188861877755 -0.0039284397430178969 -0.0031087479127221785 -0.0012498696003547468 -0.0035951183071173281 0.00080358594706375175
leaf_weight=788 5264 556 22778 3514 4655 146 4298 3834 3894 1097 256 3937 3255 2125 5824 3495 14644 55422 44663 310 536 5694 564 511 4467 1009 6434 44888 9062 15210
leaf_count=788 5264 556 22778 3514 4655 146 4298 3834 3894 1097 256 3937 3255 2125 5824 3495 14644 55422 44663 310 536 5694 564 511 4467 1009 6434 44888 9062 15210
internal_value=-2.13128e-06 -9.71469e-05 -0.000618298 0.00282955 0.00161307 0.00362443 0.00572538 -0.00089522 0.000337301 -0.000272681 -0.000629402 -0.000546579 0.00234674 0.000784707 0.000903348 0.00225634 0.0022553 0.000458407 -0.00100915 0.0036651 -0.0018268 -0.000820786 -2.31578e-05 0.00713101 -0.000257494 0.00277886 -0.000838456 -0.00119775 -0.00165055 -1.43687e-05
internal_weight=273130 264384 120508 8746 9891 7958 4444 4390 143876 60597 53448 53192 7149 83279 81154 7432 19908 61246 45760 5501 846 110617 35763 1075 34688 5476 29212 74854 53950 20904
internal_count=273130 264384 120508 8746 9891 7958 4444 4390 143876 60597 53448 53192 7149 83279 81154 7432 19908 61246 45760 5501 846 110617 35763 1075 34688 5476 29212 74854 53950 20904
is_linear=0
shrinkage=0.03


Tree=13
num_leaves=31
num_cat=0
split_feature=16 37 1 33 20 16 38 78 14 43 30 21 117 8 59 30 140 36 23 84 162 4 75 41 23 140 14 16 16 161
split_gain=95.771 59.2854 63.1589 88.6552 71.3575 81.3785 62.6401 50.9056 47.625 49.8438 65.1257 44.8322 63.1726 44.6326 42.8748 40.6818 43.6379 41.0221 39.889 39.7768 38.1037 36.5676 36.1877 35.3689 34.9271 41.8849 41.8525 37.5205 32.245 30.7081
threshold=1.2206377983093264 0.71386143565177929 0.012626279145479204 0.37253709137439733 0.89574658870697033 0.7852524220943452 -0.0057292799465358249 0.30000000447034841 0.88698756694793712 1.0583153367042544 -0.0022068658145144577 1.0568758249282839 0.33217075467109686 -0.52542293071746815 0.94792029261589061 -0.0069329803809523574 0.81745141744613659 0.78500786423683178 0.017329806461930278 -0.35000000894069666 0.71565252542495739 0.5937514901161195 0.17500000447034839 0.052512360736727721 0.041296407580375678 0.97333133220672619 0.8449266552925111 1.12552946805954 0.819238841533661 0.38535687327384954
decision_type=10 8 8 8 10 8 10 10 8 10 10 10 10 10 10 10 10 10 10 2 10 10 2 10 10 10 8 10 10 8
left_child=1 2 14 8 23 6 -6 -7 28 21 -11 13 -13 -3 -1 16 -2 -18 -19 20 -14 -10 -21 -5 26 29 -15 -28 -4 -26
right_child=15 11 3 4 5 7 -8 -9 9 10 -12 12 19 24 -16 -17 17 18 -20 22 -22 -23 -24 -25 25 -27 27 -29 -30 -31
leaf_value=-0.0063318125333200652 0 0.0024555304050640349 -1.1449220209297808e-05 0 0.024505470311982136 -0.0012389516768312547 0.0029122783842985686 0.00034571373829763038 -0.0012998913020245695 0 -0.011030633985880585 0.0035868776367056123 -0.0054227231843013606 0.01220060599566576 0.00066496993428829198 0 0.0026229832336438822 0 0.013920559425420389 -0.00027512109846217182 -0.00071400626590458795 -0.0043737257599164754 0.011707795712334865 -0.010314752315698948 0 0 0.00035762065214884616 0.0048815404187026378 0.01338006149638178 -0.018496967836072284
leaf_weight=774 648 14030 244 463 189 24942 397 67513 49779 825 1135 1895 3619 262 49913 1242 796 187 1150 771 2987 3843 277 893 101 561 41421 1716 295 245
leaf_count=774 648 14030 244 463 189 24942 397 67513 49779 825 1135 1895 3619 262 49913 1242 796 187 1150 771 2987 3843 277 893 101 561 41421 1716 295 245
internal_value=-3.32229e-05 -0.000103164 -0.000362777 -0.000672098 -0.000107216 -3.6918e-06 0.0109506 -7.87199e-05 -0.00161652 -0.00170794 -0.0064323 0.00066177 -0.00122812 0.00097658 0.000549756 0.00454813 0.00655204 0.00860764 0.0118584 -0.00246556 -0.00334747 -0.00152733 0.00277116 -0.00688917 0.000500589 -0.0052276 0.000629565 0.000546713 0.00699767 -0.0131229
internal_weight=273113 269090 201205 150518 94397 93041 586 92455 56121 55582 1960 67885 9549 58336 50687 4023 2781 2133 1337 7654 6606 53622 1048 1356 44306 907 43399 43137 539 346
internal_count=273113 269090 201205 150518 94397 93041 586 92455 56121 55582 1960 67885 9549 58336 50687 4023 2781 2133 1337 7654 6606 53622 1048 1356 44306 907 43399 43137 539 346
is_linear=0
shrinkage=0.03


Tree=14
num_leaves=31
num_cat=0
split_feature=16 33 26 86 35 37 2 15 158 70 124 86 56 3 9 46 161 23 39 40 39 102 77 23 36 140 47 40 27 62
split_gain=97.7252 53.6487 78.0044 57.0875 64.9446 56.7847 62.1436 61.4974 57.9695 47.5477 47 45.7909 64.5435 47.1517 59.8444 46.9346 45.1184 44.2005 59.3663 41.3068 41.0333 40.7016 40.37 39.1326 47.4759 53.2851 37.2326 36.6785 35.6818 35.4303
threshold=1.2206377983093264 0.2562058717012406 0.024248163215816024 -0.81666666269302357 0.67354199290275585 0.73783451318740856 0.93826952576637279 1.1242603659629824 -0.040941899642348283 0.77099183201789867 -0.41666510701179499 0.81666666269302379 0.94987913966178905 0.017324396409094337 0.97687277197837841 1.0041038393974306 1.3385856151580813 0.041296407580375678 0.0075543564744293698 -0.041960727423429482 0.022993783466517929 0.4660919606685639 0.17500000447034839 0.017193889245390895 0.80461445450782787 0.76384052634239208 1.0441509485244753 0.01941184047609568 0.0761079676449299 0.91949865221977245
decision_type=10 8 8 2 8 10 10 10 8 10 10 2 8 10 10 8 10 10 10 10 10 2 2 10 10 10 10 10 10 10
left_child=1 2 -1 4 -3 8 7 28 10 29 -4 12 22 17 -15 -14 -6 19 -19 -13 -17 -16 -5 -2 -25 -26 -24 -11 -7 -10
right_child=23 3 5 11 16 6 -8 -9 9 27 -12 13 15 14 21 20 -18 18 -20 -21 -22 -23 26 24 25 -27 -28 -29 -30 -31
leaf_value=0.00042739811192870481 -0.001597636325595728 -0.0026992353716098665 -0.0016179775927366588 -0.0095384807332190118 0.00012603288271454137 -0.00095243866166094034 0.010465959620455073 -0.0089119031567098037 -0.0059436943121148498 -0.00094877692376270535 0.007800484909642821 0.010824444662434178 0.0029994371709365056 -0.011333719815127551 0.024366876812971231 0.00035736962512027142 0.010206745222400681 -0.020481482097760788 1.3782928352483516e-05 0.0014761382169601279 -0.0019809842834175397 0.0069013470090074193 -0.0031829877740130199 0.0021319172470373954 -0.00049181242637143013 0.01209947514893168 0.0075367208848192545 0.0073421023554332988 0.0025897872685971867 -0.0026002382501843966
leaf_weight=31660 672 11951 888 835 9009 6846 493 667 3554 7319 905 433 5785 100 156 138479 402 169 303 13598 7051 855 2294 1694 327 1374 302 490 4019 20182
leaf_count=31660 672 11951 888 835 9009 6846 493 667 3554 7319 905 433 5785 100 156 138479 402 169 303 13598 7051 855 2294 1694 327 1374 302 490 4019 20182
internal_value=3.06089e-05 -3.82991e-05 -0.000707888 0.000229185 -0.00122848 -0.00150668 0.000238046 -0.000190596 -0.00214476 -0.00244864 0.00300404 0.00041385 0.00025526 0.00196406 0.00792856 0.000349553 0.000609182 0.00147621 -0.00724908 0.00180098 0.000241757 0.0103077 -0.00379427 0.00463532 0.00595904 0.00952702 -0.00177317 -0.000372794 0.000332633 -0.00311807
internal_weight=272812 268745 77023 191722 21362 45363 12025 11532 33338 31545 1793 170360 154746 15614 1111 151315 9411 14503 472 14031 145530 1011 3431 4067 3395 1701 2596 7809 10865 23736
internal_count=272812 268745 77023 191722 21362 45363 12025 11532 33338 31545 1793 170360 154746 15614 1111 151315 9411 14503 472 14031 145530 1011 3431 4067 3395 1701 2596 7809 10865 23736
is_linear=0
shrinkage=0.03


Tree=15
num_leaves=31
num_cat=0
split_feature=22 86 1 1 126 34 49 122 74 34 6 55 49 36 85 3 14 42 29 117 121 25 40 71 82 23 17 108 67 159
split_gain=69.9528 64.7348 58.6412 54.0182 107.685 51.886 62.5058 50.7881 49.6296 54.7105 47.2707 41.2464 90.596 60.2351 75.3304 55.1321 67.426 64.9758 53.2447 44.9437 43.612 40.934 48.844 65.5281 38.0555 34.961 32.9324 29.6896 40.2707 28.4448
threshold=1.1661723852157595 -0.81666666269302357 0.017891236580908302 0.064701750874519362 -0.29957355558872217 0.93883177638053905 0.93890735507011425 0.65629231929779064 0.15000000223517421 0.47853757441043859 0.30769862234592443 0.93731585144996654 0.8330044448375703 0.79486623406410228 0.82500001788139354 0.0062305240426212558 0.95262819528579723 0.065921377390623107 0.017475886270403865 0.42361111938953405 0.38944979012012487 0.012543265242129566 -0.028458484448492524 0.57333305478096019 0.87500000000000011 0.012699852231889965 1.4224975109100344 -0.22500000149011609 0.01835016813129187 -0.0024390984326601024
decision_type=10 2 10 10 10 10 10 10 2 10 10 8 8 10 2 10 8 10 10 10 10 10 10 10 2 10 8 2 10 10
left_child=1 2 -1 5 -5 6 26 25 9 -8 -11 13 15 14 18 17 19 -13 20 -17 -3 -14 23 -23 -24 -4 -2 -10 -29 -27
right_child=3 11 7 4 -6 -7 8 -9 27 10 -12 12 21 -15 -16 16 -18 -19 -20 -21 -22 22 24 -25 -26 29 -28 28 -30 -31
leaf_value=0.00015147488671045557 0.012648439407701054 0.0066049473520508216 -0.005325800695140979 0.017155061999624275 -0.00093182382222265002 0.01775043160228406 -0.014771809204463682 0.003464590739563911 0 0.0018144606725214768 -0.0093971040514946435 0.00083033009130388578 0.0010669551536645347 0.0028964592445353977 -0.017356674685548697 -0.016173018915745029 0.018003703248973251 0.022289070960485342 -0.015610870898726883 0.0017619893602430884 -0.0073208620026273766 8.0436876950907088e-05 -0.00042068271689968699 0.0035747212630009742 0.00075539270898337073 -0.004177068844565604 0 0.017756952463164923 0.00074178700417962284 -0.00079663904636429925
leaf_weight=11635 530 491 4563 640 480 157 332 1082 886 1099 452 238 33324 695 462 148 159 362 198 407 307 14542 152392 7353 29405 3694 228 230 335 6418
leaf_count=11635 530 491 4563 640 480 157 332 1082 886 1099 452 238 33324 695 462 148 159 362 198 407 307 14542 152392 7353 29405 3694 228 230 335 6418
internal_value=9.18065e-06 -5.77942e-05 -0.00143978 0.00339423 0.00926003 0.00174165 0.000971127 -0.00263248 -0.000728829 -0.00399618 -0.00133994 9.84783e-05 0.000137198 -0.00401146 -0.00750195 0.00793599 0.00171385 0.0145623 -0.00238382 -0.00289513 0.00083277 9.20309e-05 -6.60831e-05 0.0012698 -0.000228745 -0.00310654 0.00866037 0.00330404 0.00855141 -0.00206696
internal_weight=273244 267875 27392 5369 1120 4249 4092 15757 3334 1883 1551 240483 238330 2153 1458 1314 714 600 996 555 798 237016 203692 21895 181797 14675 758 1451 565 10112
internal_count=273244 267875 27392 5369 1120 4249 4092 15757 3334 1883 1551 240483 238330 2153 1458 1314 714 600 996 555 798 237016 203692 21895 181797 14675 758 1451 565 10112
is_linear=0
shrinkage=0.03


Tree=16
num_leaves=31
num_cat=0
split_feature=16 38 26 58 26 138 24 33 34 21 62 44 33 30 159 82 37 160 25 79 92 14 85 69 15 10 99 83 38 16
split_gain=81.911 50.8666 75.7542 67.0878 61.7126 64.6545 58.5877 46.941 45.4946 53.4311 44.4739 42.0983 63.3378 53.1213 49.7652 51.2372 41.9383 41.8072 48.3789 62.5897 41.6372 41.0056 121.054 52.2605 40.7313 74.9036 43.7483 39.344 37.1908 36.6256
threshold=1.2394970059394839 -0.00081632685032673169 0.022390120662748817 0.90896162390708934 0.069893267005682005 0.79259768128395092 0.038074484094977386 0.97387737035751354 0.10913672670722009 0.92819416522979747 1.0852662920951845 1.0380771160125735 0.36764404177665716 0.0025821655290201311 -0.0005017226212657987 0.24166666716337207 0.2565379291772843 0.33790603280067449 0.042319050058722503 0.15000000223517421 0.25930091738700872 0.9111917018890382 0.82500001788139354 0.22222208231687549 0.94657453894615184 1.0169082283973696 0.58571431040763866 -0.70000001788139332 0.016071517020463947 0.82715803384780895
decision_type=10 10 10 10 8 10 10 10 10 10 10 10 8 10 10 2 10 10 8 2 10 8 2 10 10 10 2 10 10 10
left_child=1 4 -3 6 11 -6 -4 10 9 20 -2 24 14 16 27 -16 -14 18 29 -20 -5 22 -10 -23 25 -1 -26 -13 -11 -7
right_child=7 2 3 8 5 17 -8 -9 21 28 -12 12 13 -15 15 -17 -18 -19 19 -21 -22 23 -24 -25 26 -27 -28 -29 -30 -31
leaf_value=-0.0015878617018054834 0.00056201607403898169 0.00049370836045560583 0.0074068724137544631 0.016338259377778649 0 -0.016135555651129747 -0.014350006326953713 -0.012390496005802817 0.0046209668581882295 -0.00024978688881076907 0.0085069470199937887 0.0020850028822490766 -0.0017809180199063444 0.0035046585862863514 0.0025729518649772625 -0.0019538748861701871 0.00067746079529430563 -0.0047205898616812193 0.017692021781455052 0.0059416344534282631 0.0019472514786683486 -5.8402061798460569e-05 -0.0059154174457015348 -0.0018692045928937499 0.00055976935247891498 0.003158222822257441 0.0024773213452410621 -0.0047502258816547139 0.0055378331670386154 0.0031733140554270527
leaf_weight=13483 1092 50899 105 309 2687 103 558 107 3332 15204 1851 791 9163 4178 3174 7409 19400 236 579 1917 546 20359 1352 51514 35888 3802 15635 5961 1047 252
leaf_count=13483 1092 50899 105 309 2687 103 558 107 3332 15204 1851 791 9163 4178 3174 7409 19400 236 579 1917 546 20359 1352 51514 35888 3802 15635 5961 1047 252
internal_value=1.80099e-06 -5.25236e-05 -0.000435058 -0.000939405 0.000390716 0.00341803 -0.0103491 0.00487553 -0.000867401 0.000518717 0.00568392 0.000240612 -0.000417255 0.000351475 -0.00188519 -0.000565626 -0.000101385 0.00636513 0.00741377 0.00890559 0.00774564 -0.00118109 0.00150373 -0.0013606 0.000723724 -0.000524136 0.00114822 -0.00390138 0.000111002 -0.00219075
internal_weight=272933 269883 145225 94326 124658 5774 663 3050 93663 17106 2943 118884 50076 32741 17335 10583 28563 3087 2851 2496 855 76557 4684 71873 68808 17285 51523 6752 16251 355
internal_count=272933 269883 145225 94326 124658 5774 663 3050 93663 17106 2943 118884 50076 32741 17335 10583 28563 3087 2851 2496 855 76557 4684 71873 68808 17285 51523 6752 16251 355
is_linear=0
shrinkage=0.03


Tree=17
num_leaves=31
num_cat=0
split_feature=16 29 57 40 41 41 1 161 53 71 33 42 97 159 34 72 158 54 1 137 78 102 43 33 36 1 158 1 119 73
split_gain=80.3968 51.5934 70.5192 59.8201 75.1053 57.6438 91.767 59.471 49.9658 49.5451 49.7242 48.9002 40.4389 39.6614 39.2973 38.6988 38.2456 39.7904 37.9496 37.5399 36.8325 44.6398 36.0265 61.6465 42.5814 41.2001 35.834 36.5946 35.8109 34.8962
threshold=1.2206377983093264 -0.0014438008074648676 1.1707749962806704 -0.030343431979417797 -0.033805020153522485 -0.031841535121202462 0.018348633311688903 1.3923575282096865 1.0013236999511721 0.54929596185684215 0.43357877433300024 0.065921377390623107 0.24202011525630954 -0.0048971320502459994 0.87956127524375927 0.18181826174259189 -0.036841752007603638 1.0403749346733095 0.033489095047116287 0.50853362679481517 0.30000000447034841 0.38529014587402349 1.0755487084388735 0.921093910932541 0.64114472270011913 0.053465308621525771 0.14574154466390613 0.039877237752079971 0.84615358710289013 0.5000000149011613
decision_type=10 8 10 10 10 10 10 8 10 10 8 10 10 10 10 10 8 10 10 10 10 2 8 10 10 10 10 10 10 10
left_child=1 5 3 9 29 8 -7 11 12 10 13 19 -1 -3 20 -9 -6 -18 -13 -8 21 -2 -22 24 -24 -25 27 -11 -16 -5
right_child=14 2 -4 4 16 6 7 15 -10 26 -12 18 -14 -15 28 -17 17 -19 -20 -21 22 -23 23 25 -26 -27 -28 -29 -30 -31
leaf_value=0 0.023119902290663744 -0.023103419000788633 0.0040758147860974255 -0.0025690934522007948 0.0057216019075750097 4.1170129021059216e-06 -0.0029477750583871325 0.010737273419361799 0.00086715786232931919 0.0037090679527496135 0.0010278089241608946 -0.00050342204111522028 -0.015936374694465485 0 0.019467085919170346 -9.6062645160371039e-05 0.00013864275679036184 -0.0074953125289834747 0.017774393761598926 -0.00084353142262199915 -0.0021740396644709605 0.0033891314983148782 0 -0.011793190313903646 0.01223346799238078 0.0053725236583368734 -0.005190856023291026 0.010573494040561033 0.0026798795195109529 -0.011917794706505723
leaf_weight=357 152 131 4324 1156 1082 43177 25948 503 26251 3168 1517 151 268 150 266 563 146211 596 174 11473 1294 405 408 273 757 177 259 1014 284 605
leaf_count=357 152 131 4324 1156 1082 43177 25948 503 26251 3168 1517 151 268 150 266 563 146211 596 174 11473 1294 405 408 273 757 177 259 1014 284 605
internal_value=2.28361e-05 -3.90948e-05 0.000302123 0.000195015 7.2774e-05 -0.000543972 -0.000940664 -0.00199889 0.000654841 0.00306959 -0.000988268 -0.00220252 -0.00754807 -0.012214 0.00422626 0.00484308 0.000148483 0.000104591 0.00887579 -0.00231144 0.00289011 0.00990815 0.00138543 0.00441261 0.00811108 -0.00446174 0.00477679 0.00548727 0.0117233 -0.00604709
internal_weight=273094 269078 160213 155889 149650 108865 81989 38812 26876 6239 1798 37746 625 281 4016 1066 147889 146807 325 37421 3466 557 2909 1615 1165 450 4441 4182 550 1761
internal_count=273094 269078 160213 155889 149650 108865 81989 38812 26876 6239 1798 37746 625 281 4016 1066 147889 146807 325 37421 3466 557 2909 1615 1165 450 4441 4182 550 1761
is_linear=0
shrinkage=0.03


Tree=18
num_leaves=31
num_cat=0
split_feature=16 25 40 71 18 19 18 161 123 24 51 23 138 1 29 22 137 10 42 41 38 6 113 141 114 16 13 47 10 146
split_gain=65.0823 49.9134 49.8903 65.2313 47.7464 63.6566 45.2824 41.2607 40.5078 39.5496 38.6548 38.3799 39.2774 38.5227 37.3267 73.7388 66.4971 58.1747 48.9582 36.8185 35.2382 34.8353 33.2466 28.87 34.1783 27.8703 45.1772 33.0191 27.4775 26.3136
threshold=1.2206377983093264 0.012543265242129566 -0.030343431979417797 0.57792210578918468 1.024536728858948 1.0398405194282534 1.0271549224853518 0.66203796863555919 -0.11111133918166159 0.041798783466219909 0.97748222947120678 0.016831624321639541 0.64176785945892345 0.064701750874519362 -0.00029134574288036669 1.092613756656647 0.53467729687690746 1.0174682140350344 0.079758316278457655 0.0020894365152344112 0.0010190213215537371 0.055553914979100234 0.43511456251144415 1.1157651543617251 0.60869553685188305 1.1604010462760928 1.1029161214828493 1.2659233212471011 1.0176715254783633 0.49012266099452978
decision_type=10 10 10 10 10 10 10 10 8 10 10 10 10 10 10 10 10 10 10 10 10 10 10 10 10 8 8 10 10 10
left_child=1 28 3 8 14 19 9 10 25 -5 -2 -9 13 -13 16 17 18 -16 -4 -6 -12 -17 -11 24 -8 26 -3 -27 -1 -18
right_child=7 2 4 6 5 -7 23 11 -10 22 20 12 -14 -15 15 21 29 -19 -20 -21 -22 -23 -24 -25 -26 27 -28 -29 -30 -31
leaf_value=0.0012421662661224182 0.0033436370233396475 0.00041045023887000654 -0.0012819265041759708 0.0029218447806300132 -0.0063835413911537062 0.00041920583159926831 0.015042890026045043 -0.0036273687454838862 -0.012192212093859275 -0.019688259265207834 -0.00054882740210717448 -0.0042307669909943529 0.010444915603488734 0.011354593129732828 -0.00027019371950330845 -0.0017077263401215324 0.001135449763001669 0.0017481521219082339 0.012562796296141548 0.0024405550636346896 -0.017829400139849589 0.0061596196535075162 0.00017311820298209225 0.0032480477786501123 -0.00092198535899219454 0 -0.0053785879678634116 0.0073736337281222726 -0.0024473308626111749 -0.00059335222401324806
leaf_weight=33579 1201 12350 63074 4627 3420 2978 662 251 215 111 411 390 1468 194 90736 551 19545 14950 207 422 146 2576 113 691 102 1081 1322 1017 1851 13054
leaf_count=33579 1201 12350 63074 4627 3420 2978 662 251 215 111 411 390 1468 194 90736 551 19545 14950 207 422 146 2576 113 691 102 1081 1322 1017 1851 13054
internal_value=4.77513e-05 -8.13174e-06 -0.000168272 0.0011782 -0.000311691 -0.00278127 0.00375874 0.00380805 0.000138026 0.00226271 0.000161055 0.00643749 0.00783654 0.000654418 -0.00022768 0.000150353 -0.000659776 1.27536e-05 -0.00122794 -0.00532902 -0.00605932 0.00467596 -0.00924646 0.00844483 0.0125597 0.00034036 -0.000134443 0.0035482 0.00103968 0.000434029
internal_weight=273295 269234 233804 22291 211513 6820 6306 4061 15985 4851 1758 2303 2052 584 204693 108813 95880 105686 63281 3842 557 3127 224 1455 764 15770 13672 2098 35430 32599
internal_count=273295 269234 233804 22291 211513 6820 6306 4061 15985 4851 1758 2303 2052 584 204693 108813 95880 105686 63281 3842 557 3127 224 1455 764 15770 13672 2098 35430 32599
is_linear=0
shrinkage=0.03


Tree=19
num_leaves=31
num_cat=0
split_feature=16 26 86 3 55 49 3 69 39 2 123 123 45 162 25 11 42 5 29 4 29 17 108 11 119 115 85 83 115 27
split_gain=66.4207 53.6037 47.319 82.0008 57.2037 65.9813 74.5532 64.4168 59.8179 48.2629 40.6727 39.5659 72.2766 48.7632 44.1437 39.6434 35.8922 72.7154 38.7644 34.3468 32.1491 32.4086 30.9058 30.8211 39.4433 31.0263 29.7567 37.0012 27.6089 26.109
threshold=1.2394970059394839 0.019809450022876266 0.81666666269302379 0.01792514976114035 0.93731585144996654 0.8330044448375703 0.0074946356471627959 0.92207804322242748 0.025249272584915165 0.36538454890251165 0.18181890994310382 0.18181890994310382 1.0383422970771792 -0.38765524327754969 0.035754250362515456 0.99118515849113475 -0.077859010547399507 0.0034014376578852539 -0.0034353286027908321 0.375000610947609 -0.015768441371619698 1.150704085826874 -0.63333335518836964 0.98638841509819042 0.68585437536239635 0.39884418249130255 0.87500000000000011 0.70000001788139354 0.30322577059268957 0.047720951959490783
decision_type=10 10 2 10 10 10 10 10 10 10 8 10 10 10 10 10 10 10 10 10 10 8 2 10 10 10 2 10 10 10
left_child=1 10 4 11 26 6 8 -8 -6 29 -1 14 13 -13 -4 -16 17 -7 -18 -14 21 -2 -23 -22 25 28 27 -3 -25 -5
right_child=20 2 3 9 5 16 7 -9 -10 -11 -12 12 19 -15 15 -17 18 -19 -20 -21 23 22 -24 24 -26 -27 -28 -29 -30 -31
leaf_value=7.6762782854929165e-05 -0.0026471433011407883 0.0041297369902818714 0.00084037706864562457 0.00081935481460721686 0.018595440626126607 -0.002138500095945235 0.0049967986391526225 -0.016535031078330105 -0.0020506356831714017 -0.0050567756275897531 0.0015747329884861047 -0.0055176026531435704 -0.0055139401012828286 0.00095207010912341848 0.011210408145847962 0.00076314656675998587 -0.001243841462718986 0.0033366148970488522 -0.0002611952026171122 -0.024220000318703513 -0.0017590507161348327 0 0.014388989266515544 0.00022459573600990847 0 0.00051965478988280753 -0.01543181141551201 -0.0089977460044262172 0.022104488383696611 0.013639877180240666
leaf_weight=43588 131 284 3430 238 477 3351 402 155 131 158 26496 1155 548 9451 873 624 52664 5972 118675 116 916 160 627 102 648 214 301 435 231 810
leaf_count=43588 131 284 3430 238 477 3351 402 155 131 158 26496 1155 548 9451 873 624 52664 5972 118675 116 916 160 627 102 648 214 301 435 231 810
internal_value=-1.416e-05 -6.49099e-05 -0.000315832 0.00117328 -0.000459317 -0.000417393 0.0066222 -0.000840522 0.0137457 0.00867242 0.000647653 0.000586403 -0.000371299 0.000210227 0.00283033 0.00712087 -0.000465176 0.0013362 -0.000565089 -0.0098331 0.00438752 0.00912084 0.0114685 0.00212211 0.00532402 0.0111062 -0.00749245 -0.00343509 0.0166448 0.0110791
internal_weight=273363 270334 200250 17403 182847 181827 1165 557 608 1206 70084 16197 11270 10606 4927 1497 180662 9323 171339 664 3029 918 787 2111 1195 547 1020 719 333 1048
internal_count=273363 270334 200250 17403 182847 181827 1165 557 608 1206 70084 16197 11270 10606 4927 1497 180662 9323 171339 664 3029 918 787 2111 1195 547 1020 719 333 1048
is_linear=0
shrinkage=0.03


Tree=20
num_leaves=31
num_cat=0
split_feature=32 138 81 33 44 41 78 86 3 162 12 37 17 53 110 33 17 114 41 2 33 53 70 53 32 1 1 30 1 162
split_gain=60.3395 54.2703 63.9208 47.8209 91.2322 53.2303 57.5274 48.7584 57.3898 48.5143 68.7671 49.1333 46.6524 49.6547 45.6523 43.1568 41.5756 38.2443 43.4049 42.7562 36.9701 51.8622 44.7182 47.5502 36.519 38.8347 36.0736 57.4493 74.3219 36.4531
threshold=-0.0049950752872973672 0.50348633527755748 0.61666667461395275 0.37253709137439733 1.0405647158622744 0.049065001308918006 0.30000000447034841 0.68333333730697643 0.017324396409094337 -3.0659115314483638 0.99329432845115673 0.60026553273201 1.1340674161911013 1.0374999642372134 0.14642857760190967 0.90932521224021923 0.76144650578498851 0.47727282345294958 0.011422014329582455 -0.66665756702423085 0.90089738368988048 1.0551006197929385 0.31775718927383428 0.97968986630439769 -0.0034855571575462814 0.014204510953277351 0.033147407695651061 -0.0045634668786078683 0.057770330458879478 -0.075079180300235734
decision_type=8 8 2 8 8 10 10 2 10 10 10 10 10 10 2 10 8 10 10 10 10 10 10 10 10 10 10 10 10 10
left_child=1 -1 -3 4 24 7 9 26 12 10 -7 15 13 -9 -10 -11 -6 -18 -19 -20 21 22 -4 -24 -2 -26 -5 28 -28 -29
right_child=3 2 20 5 16 6 -8 8 14 11 -12 -13 -14 -15 -16 -17 17 18 19 -21 -22 -23 23 -25 25 -27 27 29 -30 -31
leaf_value=-0.0047632855989784735 0.0034340027977246704 9.4912570359908393e-05 0.00100569694276881 0.00027493712821473229 0.0032160685040078033 0.0069565781231495007 0.0012987000618502713 0.00096420496326238443 0.014390187358266898 -0.011137491862925172 -0.0041155878448178281 -0.0015951692061247971 -0.0089410009226478827 0.0062737899561151099 0.0024823341577204405 -0.00037293429830048268 -0.0016471710947564694 -0.0058589045945028487 0.0079571938549845723 -0.0031684237730366729 -0.00074904522251718095 0.016417616672018385 -0.0030545706319810378 0.010066643375247845 0.00076794646980815357 -0.00074296386582763314 -0.00047374634952770852 -0.0007883240417546197 0.0091374336230403662 -0.0045323161494376226
leaf_weight=807 2651 3535 1460 118643 1268 763 2940 21906 531 1645 1397 1607 375 1724 797 495 23760 4456 420 1038 624 448 243 1676 25093 38949 3182 5197 899 4635
leaf_count=807 2651 3535 1460 118643 1268 763 2940 21906 531 1645 1397 1607 375 1724 797 495 23760 4456 420 1038 624 448 243 1676 25093 38949 3182 5197 899 4635
internal_value=-1.72404e-05 0.00242339 0.00319717 -9.97279e-05 -0.000627698 0.000207673 -0.00204939 0.000336286 0.00154254 -0.00376516 -3.88933e-05 -0.00582196 0.00118839 0.00136925 0.0076091 -0.00881296 -0.00197348 -0.00220736 -0.00439425 0 0.00558246 0.00669133 0.00522451 0.00823604 0 -0.00014622 0.000103296 -0.00133713 0.00160458 -0.00258938
internal_weight=273164 8793 7986 264371 97635 166736 8847 157889 25333 5907 2160 3747 24005 23630 1328 2140 30942 29674 5914 1458 4451 3827 3379 1919 66693 64042 132556 13913 4081 9832
internal_count=273164 8793 7986 264371 97635 166736 8847 157889 25333 5907 2160 3747 24005 23630 1328 2140 30942 29674 5914 1458 4451 3827 3379 1919 66693 64042 132556 13913 4081 9832
is_linear=0
shrinkage=0.03


Tree=21
num_leaves=31
num_cat=0
split_feature=16 26 33 39 25 15 33 17 32 42 86 60 51 41 86 115 0 17 24 59 10 20 38 73 4 162 41 3 162 38
split_gain=67.6865 48.5668 53.8122 54.8751 54.2355 53.9488 58.3588 53.8324 52.4216 75.9343 49.7469 47.8336 52.8705 43.4244 43.1972 40.6152 39.8676 39.4055 38.1665 36.698 37.573 36.6547 36.3992 35.6595 32.3996 40.0379 34.7097 32.1065 41.1836 36.7334
threshold=1.2394970059394839 0.021648212336003784 0.26178121566772466 0.01746934745460749 0.033671133220195777 1.1475881934165957 0.83901411294937145 1.0503394007682803 -0.0036323501262813802 -0.0016465605585835872 0.81666666269302379 0.85410505533218395 0.82418358325958263 0.049065001308918006 -0.58333334326744068 0.43624161183834081 -0.0025608373107388611 0.7380579710006715 0.059231083840131767 1.0015810132026675 1.0311891436576845 1.0621626973152163 -0.0011431621387600897 0.30000000447034841 0.063830245286226286 -0.80258288979530323 0.020130260847508911 0.0072231567464768895 1.7165656089782717 -0.0017722192569635806
decision_type=10 10 8 10 10 10 10 10 10 10 2 10 10 10 2 10 10 8 10 8 10 10 10 8 10 10 10 10 10 10
left_child=1 19 8 4 7 6 16 13 9 18 -8 -6 -13 -4 15 -11 -5 24 -3 20 -1 -7 -9 -21 25 -10 -26 29 -29 -19
right_child=-2 2 3 5 11 21 10 22 17 14 -12 12 -14 -15 -16 -17 -18 27 -20 23 -22 -23 -24 -25 26 -27 -28 28 -30 -31
leaf_value=0.00096875238630173834 0.0044217997891742526 -0.006325182369920088 0.00058461225361176297 -0.0089830417648295458 -0.003486087398663771 0.013706790448782535 -0.00076916906277994725 -6.7643547679037039e-05 0.0079853436558452607 0.0037604054361428979 0.0068401210512504772 0.0040804394066606018 0.00091330484558502397 -0.0049155283662459456 0.0011296572262598828 0.014769141039839404 -0.0026438860351974285 0 0.01050487538471818 0.00051589568487665674 -0.008754637779162848 0 -0.0021563589693977237 -0.0019190822725489644 0.0040078155245672174 -0.0099910454292732633 0.022600528344104531 -0.0037478608288829558 0.0013982287688760297 -0.0019706883704530211
leaf_weight=63955 3077 1155 46401 1035 1809 305 4409 14524 150 1016 909 5783 28946 1300 2403 506 9298 14904 105 12629 334 455 16239 9288 787 265 100 9609 1534 20001
leaf_count=63955 3077 1155 46401 1035 1809 305 4409 14524 150 1016 909 5783 28946 1300 2403 506 9298 14904 105 12629 334 455 16239 9288 787 265 100 9609 1534 20001
internal_value=1.10754e-05 -3.83751e-05 -0.000314769 7.43689e-06 0.000241374 -0.00161194 -0.00200785 -0.000199968 -0.00112615 0.00170654 0.000496033 0.00119693 0.00145137 0.000426433 0.00380266 0.00775898 -0.00332395 -0.00144326 -0.00454608 0.000547857 0.000910865 0.00599898 -0.00118065 -0.000503134 0.00359791 -0.00273549 0.00688685 -0.00159382 -0.00301131 -0.00113124
internal_weight=273231 270154 183948 131413 115002 16411 15651 78464 52535 5185 5318 36538 34729 47701 3925 1522 10333 47350 1260 86206 64289 760 30763 21917 1302 415 887 46048 11143 34905
internal_count=273231 270154 183948 131413 115002 16411 15651 78464 52535 5185 5318 36538 34729 47701 3925 1522 10333 47350 1260 86206 64289 760 30763 21917 1302 415 887 46048 11143 34905
is_linear=0
shrinkage=0.03


Tree=22
num_leaves=31
num_cat=0
split_feature=32 47 158 13 124 34 115 138 1 137 137 42 5 77 9 24 50 115 130 10 118 17 14 28 120 42 33 140 25 40
split_gain=55.099 50.4088 63.8742 54.4228 51.2426 51.0872 50.5266 49.5095 86.9603 49.4466 42.9711 45.0903 48.7164 47.7559 41.7826 50.5404 64.0944 68.5343 50.9001 40.277 43.4811 35.4315 32.9446 90.0586 52.6127 58.7164 44.0946 50.8356 36.0074 63.6156
threshold=-0.0046467320062220088 1.0944131016731264 -0.05307281203567981 1.1029161214828493 -0.44000063836574549 0.58097833395004284 0.48192776739597326 0.8068063259124757 0.070059292018413558 0.98083889484405529 0.5744433104991914 -0.070793412625789628 0.0086074038408696669 0.34166666865348821 0.96343693137168895 0.038074484094977386 0.89775463938713085 0.74207225441932689 0.72203749418258678 1.0058479905128481 0.53608214855194103 0.70519569516181957 0.89384698867797863 0.011475408915430309 0.25574485957622534 0.025558915920555595 0.93596476316452037 0.99523022770881664 0.021421742625534538 -0.02971203904598951
decision_type=10 10 10 10 10 10 10 8 10 8 10 10 10 2 10 10 10 10 10 8 10 10 8 10 10 10 10 10 10 10
left_child=7 14 4 10 5 -3 -5 8 19 -9 11 12 -4 -13 15 16 17 21 -17 -1 -21 -2 23 24 -16 -26 27 -25 -24 -30
right_child=1 2 3 6 -6 -7 -8 9 -10 -11 -12 13 -14 -15 22 18 -18 -19 -20 20 -22 -23 28 26 25 -27 -28 -29 29 -31
leaf_value=0.0029107545251008558 0.018496462692554783 -0.007594044875763678 -0.00022858473241255166 -0.0033765292626260824 0.0055499932417558762 0.0013975636228715396 -0.018642269930951843 0.005626835403036384 0.012496040578194914 0.00038396277817979036 0.00026943304688356872 -0.00075113258678782173 0.0061157651369319142 -0.0024673609113453785 0.0017398767781124454 -0.0018079624676525395 -0.0078230894948857436 -0.0073356674429314881 -0.019858923567932282 -0.0086167900390177275 -0.00084316368931082681 0.0035708965408429282 0.00067403155337088369 -0.011707556922511225 -0.0037904894901883038 0.017508935108380471 0.0074833405163924269 9.9726171079760412e-05 0.0024765808471224273 -0.00068555653302809359
leaf_weight=1132 212 617 3394 1010 2502 5057 254 4242 404 2824 30457 52460 1528 20700 601 346 732 337 285 1015 2020 613 82055 447 106 672 391 941 6438 49070
leaf_count=1132 212 617 3394 1010 2502 5057 254 4242 404 2824 30457 52460 1528 20700 601 346 732 337 285 1015 2020 613 82055 447 106 672 391 941 6438 49070
internal_value=-1.05312e-05 -0.000101669 -0.000561662 -0.000754219 0.0019833 0.000343875 -0.00692041 0.00200623 -0.000367441 0.0035808 -0.000678385 -0.00105191 0.00169705 -0.00124137 0.000275118 -0.00352414 -0.000862194 0.00332718 -0.0107814 -0.00173997 -0.0035805 0.00810835 0.000345912 0.00337417 0.00909153 0.0142087 -0.000942712 -0.00360198 0.000273732 -0.000312639
internal_weight=272862 261225 117979 109803 8176 5674 1264 11637 4571 7066 108539 78082 4922 73160 143246 2525 1894 1162 631 4167 3035 825 140721 3158 1379 778 1779 1388 137563 55508
internal_count=272862 261225 117979 109803 8176 5674 1264 11637 4571 7066 108539 78082 4922 73160 143246 2525 1894 1162 631 4167 3035 825 140721 3158 1379 778 1779 1388 137563 55508
is_linear=0
shrinkage=0.03


Tree=23
num_leaves=31
num_cat=0
split_feature=16 26 10 39 25 115 50 9 33 33 112 31 11 82 10 64 81 48 161 110 15 33 161 33 48 38 50 5 52 5
split_gain=53.2087 45.1822 60.9836 54.0913 50.2225 64.6002 64.6578 83.5917 59.0777 44.2959 41.0832 48.602 41.5754 39.0161 38.086 38.0716 31.4206 65.3624 48.1738 37.31 29.1784 33.5779 29.1423 34.9283 28.6095 45.2904 30.5944 26.4208 26.0305 30.5319
threshold=1.2394970059394839 0.021769763901829723 1.0355787277221682 0.01746934745460749 0.031176520511507991 0.74207225441932689 0.86872366070747387 1.0079901814460757 0.65570032596588146 0.93920072913169872 0.11952380836009981 0.0058390484191477307 0.99791589379310619 0.50833332538604747 1.0159046053886416 0.4083333313465119 0.050000002607703216 0.91092899441719066 0.58388674259185802 0.30384616553783422 1.1418217420578005 0.51049447059631359 0.40628466010093695 0.96601486206054699 0.85566958785057079 -0.010084036272019146 0.937819004058838 0.0039979750290513047 0.88315221667289745 0.007788141258060933
decision_type=10 8 10 10 10 10 10 10 8 10 2 10 10 2 10 10 2 10 10 2 10 10 10 10 10 10 10 10 10 10
left_child=1 2 15 4 10 6 7 -6 -8 14 11 12 -3 -13 -7 -1 17 18 -5 -20 24 -22 -2 -24 25 -18 -26 -17 29 -19
right_child=22 3 -4 16 5 9 8 -9 -10 -11 -12 13 -14 -15 -16 27 20 28 19 -21 21 -23 23 -25 26 -27 -28 -29 -30 -31
leaf_value=-9.9785946749230304e-05 -0.00057575550251001565 -0.00096644280022034569 -0.0095609114627784372 0.01303324532280776 0.001408126739557708 -0.0047158273701722545 -0.00052385044287618979 0.0074883831607943417 0.001712217233045822 0.0061501793577427213 0.0011114785725071929 0 0.00079820775980033658 -0.018122538008540467 0.00090403745273478901 0.001691058104660032 0.0034384656610200182 -0.0059815496056598028 -0.015596415581858822 0.0054643016685765209 -0.00025823070595239601 0.0088264064349776357 0.0067145358023678698 -0.0081493044757972588 -0.00017860288739863413 -0.013195585297930877 -0.0026243850803031143 0.00021289381314347429 0 -0.016441727246800115
leaf_weight=37138 811 72602 510 259 8240 3948 25573 2774 18036 459 12347 183 14196 241 1372 31285 172 1127 122 119 996 509 2116 118 10218 429 8811 17456 321 415
leaf_count=37138 811 72602 510 259 8240 3948 25573 2774 18036 459 12347 183 14196 241 1372 31285 172 1127 122 119 996 509 2116 118 10218 429 8811 17456 321 415
internal_value=2.97589e-05 -1.3774e-05 0.000550683 -0.000281223 -8.17397e-05 0.000598367 0.000921665 0.00297749 0.000394437 -0.00239835 -0.000497365 -0.000728752 -0.000674257 -0.0106759 -0.00321236 0.000616436 -0.00162529 -0.00493552 0.00419447 -0.00442587 -0.0012367 0.00269299 0.00396058 0.00573099 -0.00155568 -0.00799458 -0.00132839 0.00116813 -0.00756371 -0.00916325
internal_weight=272903 269858 86389 183469 159971 60402 54623 11014 43609 5779 99569 87222 86798 424 5320 85879 23498 2363 500 241 21135 1505 3045 2234 19630 601 19029 48741 1863 1542
internal_count=272903 269858 86389 183469 159971 60402 54623 11014 43609 5779 99569 87222 86798 424 5320 85879 23498 2363 500 241 21135 1505 3045 2234 19630 601 19029 48741 1863 1542
is_linear=0
shrinkage=0.03


Tree=24
num_leaves=31
num_cat=0
split_feature=32 138 58 49 53 46 34 137 38 73 51 48 35 67 38 74 36 52 78 3 70 40 11 159 51 33 50 7 3 26
split_gain=57.2313 56.3015 45.0445 60.464 65.8951 46.3787 47.8585 44.3084 53.3478 44.8739 51.6036 42.1881 65.0523 62.2371 51.7722 44.651 44.0744 69.0783 42.866 39.3086 41.7446 36.932 35.1682 34.4996 32.2945 32.2763 36.3989 30.4127 31.7768 29.9751
threshold=-0.0049950752872973672 0.51958855986595165 0.90896162390708934 0.85446846485137951 0.98100265860557567 1.0094449520111086 0.80865979194641124 0.98083889484405529 -0.022880334407091137 0.90000000596046459 0.94229075312614452 0.98022893071174633 0.78593879938125621 0.033615820109844215 -0.0013245306327007709 0.25000000745058065 0.91066980361938488 0.78709506988525402 0.5000000149011613 0.01792514976114035 0.72826132178306591 -0.030976872891187664 0.97092422842979442 1.0000000180025095e-35 0.78793534636497509 0.94868066906929027 0.89918532967567455 0.0057085717562586078 0.0071541902143508205 0.032526660710573203
decision_type=10 8 10 10 10 10 10 8 10 10 10 10 10 10 10 2 10 10 10 10 10 10 8 10 10 10 10 10 10 10
left_child=1 22 3 4 -2 6 -4 8 -3 10 24 14 13 -13 19 -15 18 -18 -16 21 -21 -7 -1 -12 -10 26 29 28 -14 -8
right_child=2 7 5 -5 -6 11 25 -9 9 -11 23 12 27 15 16 -17 17 -19 -20 20 -22 -23 -24 -25 -26 -27 -28 -29 -30 -31
leaf_value=0.0044703081617608843 -0.019091525697264033 0.018425227518204211 0.0020542806288186299 0.0056676552407123751 0 0.0050691780193027414 -0.0089651433193126441 0.00027856066980339506 -0.0016311380873833383 -0.00059326723709281909 0.0047325177080735116 -0.0016986064683650666 0.0030339701148176818 -0.00074588342704106714 -0.0022162499547661928 0.00064728304328485608 0.013755962865119988 -0.0001732694505156899 -0.0006263905199879159 -4.1648754939559128e-05 0.0079182666284638402 -0.00021654256131450905 -0.0082174341163651007 -0.0037783566420088628 0.011026396630452 0.0035478887871683092 0.00051554134065678729 -0.00099770296641182215 5.5771304056949437e-05 -0.0020283434932056549
leaf_weight=226 386 239 16755 213 257 1207 841 3409 155 1297 1443 18964 12193 30798 26903 62545 428 982 36985 1043 1161 38038 674 552 1493 1178 2880 2963 4664 2169
leaf_count=226 386 239 16755 213 257 1207 841 3409 155 1297 1443 18964 12193 30798 26903 62545 428 982 36985 1043 1161 38038 674 552 1493 1178 2880 2963 4664 2169
internal_value=-2.36827e-05 0.00226154 -0.000107255 -0.00690301 -0.011565 -8.34453e-05 0.00117632 0.00303275 0.00477991 0.00398762 0.00569477 -0.000210426 0.000146074 -0.000131186 -0.000654441 0.000184341 -0.00118128 0.00397836 -0.00130105 0.000168461 0.00405 -4.38379e-05 -0.0046774 0.00221462 0.00965077 -0.000862527 -0.00180439 0.00173079 0.00222878 -0.00411189
internal_weight=273041 9488 263553 856 643 262697 23823 8588 5179 4940 3643 238874 132127 112307 106747 93343 65298 1410 63888 41449 2204 39245 900 1995 1648 7068 5890 19820 16857 3010
internal_count=273041 9488 263553 856 643 262697 23823 8588 5179 4940 3643 238874 132127 112307 106747 93343 65298 1410 63888 41449 2204 39245 900 1995 1648 7068 5890 19820 16857 3010
is_linear=0
shrinkage=0.03


Tree=25
num_leaves=31
num_cat=0
split_feature=42 162 1 23 26 38 3 69 26 162 57 10 44 123 12 13 30 30 161 115 87 62 17 154 64 34 17 35 33 15
split_gain=51.4026 46.7827 47.0534 48.9123 43.4777 49.3007 63.1496 56.6327 54.5404 48.2601 51.9059 48.1645 47.033 72.6536 60.6247 45.5311 43.1231 42.0661 64.7544 63.2799 62.5696 53.9032 41.4164 39.654 39.0061 38.2096 44.311 34.6667 34.3518 34.2298
threshold=-0.091821700334548936 -8.9983177185058576 0.057770330458879478 0.007984968367964031 0.021892795339226726 -0.0010117877391166983 0.02461957931518555 0.6428574025630952 0.081169772893190398 -0.18330902606248853 1.1784172654151919 1.0355787277221682 1.0370433330535891 -0.50685042142868031 1.005184054374695 1.1147735714912417 0.0086026638746261614 -0.00041884022357407952 1.3923575282096865 0.74840733408927929 -0.72499999403953541 0.96696290373802196 1.2730528712272646 0.047592412680387504 0.47499999403953558 0.87956127524375927 1.2128146290779116 0.44899240136146551 0.21297428011894229 1.0377556681632998
decision_type=10 8 10 8 10 10 10 10 10 10 10 10 10 10 10 10 10 10 8 10 2 10 8 10 10 10 10 10 8 10
left_child=1 -1 3 -3 11 6 9 -8 27 10 16 24 14 -14 -11 17 -6 18 21 20 -19 -7 -4 -12 -2 26 -5 -9 -20 -17
right_child=4 2 22 25 5 15 7 8 -10 12 23 -13 13 -15 -16 29 -18 19 28 -21 -22 -23 -24 -25 -26 -27 -28 -29 -30 -31
leaf_value=-0.0064581216101498688 -0.00010598249251759453 0.021102059223296263 0.0037247714901233265 0.0013039152430289762 0.00038748618991709381 -0.0037793902859310294 0.00059607971554237124 0.016376155545212219 0.032024711041169163 -0.0004678682143146508 0.0062341117556868981 -0.0083836607491211499 0.00045295618037133139 -0.0031846351143726003 0.003894498562792142 -0.02267897318354839 0.0094866179118895406 -0.0045603648779158953 0 -0.0031648011603717611 0.00067821007397662111 -0.0010181228858499036 0.016051589540464366 -0.00055727811347856143 0.0011625780901978347 0.0068936319995555094 -0.0084403126180767028 0 0.010269487753100352 -0.0024845816326140666
leaf_weight=446 39296 100 767 4066 40494 7602 626 181 114 12039 2585 518 8404 11530 3712 129 458 2142 430 5086 37311 43273 434 986 47913 948 446 213 634 249
leaf_count=446 39296 100 767 4066 40494 7602 626 181 114 12039 2585 518 8404 11530 3712 129 458 2142 430 5086 37311 43273 434 986 47913 948 446 213 634 249
internal_value=5.06253e-05 0.00254728 0.00320288 0.00195339 -1.60966e-05 -0.000286332 0.000255403 0.00722896 0.0145022 0.000151292 0.000812978 0.000529347 -0.000665862 -0.00163711 0.000544813 -0.000744349 0.000501152 -0.000699103 -0.00127911 -1.57257e-05 0.000384028 -0.00143794 0.00861492 0.00428272 0.000587638 0.0014722 0.00024153 0.00740542 0.0059251 -0.0109234
internal_weight=273132 7207 6761 5560 265925 178198 81342 1134 508 80208 44523 87727 35685 19934 15751 96856 40952 96478 51939 44539 39453 50875 1201 3571 87209 5460 4512 394 1064 378
internal_count=273132 7207 6761 5560 265925 178198 81342 1134 508 80208 44523 87727 35685 19934 15751 96856 40952 96478 51939 44539 39453 50875 1201 3571 87209 5460 4512 394 1064 378
is_linear=0
shrinkage=0.03


Tree=26
num_leaves=31
num_cat=0
split_feature=16 86 161 33 18 121 138 161 13 30 13 120 46 38 16 37 45 2 45 131 26 85 47 70 96 159 118 41 5 161
split_gain=61.5442 48.0762 47.5271 42.1891 62.3868 54.4795 45.4047 45.1161 42.4323 76.9641 54.6176 52.2347 49.2634 45.3928 51.0861 39.8561 51.6479 47.6374 40.0859 38.3551 38.1779 37.4182 37.3267 36.711 33.3819 33.3287 40.505 33.1812 31.9812 30.3233
threshold=1.2394970059394839 -0.81666666269302357 1.3923575282096865 0.37827691435813909 1.0224276185035708 0.3473051935434342 0.85251638293266307 0.94248294830322277 0.98287379741668712 0.0046986923553049573 1.0534737706184389 0.29885050654411321 1.0045803189277651 -0.0062695958185940972 1.0946999192237856 0.73129728436470043 1.0207829475402834 0.88888832926750194 1.1193639039993288 2.1399141550064091 0.021392118185758594 0.67499998211860668 1.3473276495933535 0.1499997824430466 0.28417626023292547 -0.0017415474285371599 0.87892702221870433 0.0077224869746714839 0.0051545628812164077 0.38962230086326605
decision_type=10 2 10 8 8 10 10 10 8 10 10 10 10 10 10 10 10 10 10 10 10 2 10 10 10 10 10 10 10 10
left_child=1 2 19 4 15 24 -7 -8 12 27 11 -11 -5 14 -14 16 21 18 -17 22 -15 -3 25 -18 -6 28 -27 -10 -1 -2
right_child=29 3 -4 8 5 6 7 -9 9 10 -12 -13 13 20 -16 17 23 -19 -20 -21 -22 -23 -24 -25 -26 26 -28 -29 -30 -31
leaf_value=-0.0016817647238639064 -0.00058901518378334837 0.0018138851565954411 0.0069772699279354198 0.0017732882744320409 -0.00088446425094569549 -0.012003941896119372 -0.0053033763620636016 0.010842824468389153 0.0002993496881275876 0.0010474955978713981 -0.0028733351342670735 0.0074865196037008259 0.0004194866552981551 0.00037843197229341146 0.0085333218776912408 0.00095212547707249821 0.0010095548289805079 0.0067655611907998505 -0.0044970485032676576 0.0051197955074923016 -0.0018274978263737765 -0.0010908885220212998 0.0044702707269245242 -0.001361739938948325 0.018430710650682448 -0.0016665365890135429 0.0022496169552250304 0.0018381939493754978 -0.0056688967316685336 0.005986450425507361
leaf_weight=4547 757 11490 594 8887 149 919 895 160 74057 1903 813 3330 9951 9593 742 16326 6550 1175 1280 751 24662 5959 840 47086 105 15616 2727 15391 3395 2271
leaf_count=4547 757 11490 594 8887 149 919 895 160 74057 1903 813 3330 9951 9593 742 16326 6550 1175 1280 751 24662 5959 840 47086 105 15616 2727 15391 3395 2271
internal_value=1.11976e-05 -3.55708e-05 -0.00120191 0.000100816 -0.00040248 -0.00534618 -0.00710761 -0.00241942 0.000413229 0.000793643 0.00407199 0.00521496 -0.000256033 -0.000664547 0.0010254 -0.000275414 -0.000602742 0.000946871 0.000534283 -0.00139183 -0.00120112 0.000804591 -0.0015868 -0.0010663 0.00676775 -0.00179503 -0.00106618 0.000567838 -0.0034338 0.00425108
internal_weight=272921 269893 28470 241423 92094 2228 1974 1055 149329 95494 6046 5233 53835 44948 10693 89866 71085 18781 17606 27876 34255 17449 27125 53636 254 26285 18343 89448 7942 3028
internal_count=272921 269893 28470 241423 92094 2228 1974 1055 149329 95494 6046 5233 53835 44948 10693 89866 71085 18781 17606 27876 34255 17449 27125 53636 254 26285 18343 89448 7942 3028
is_linear=0
shrinkage=0.03


end of trees

feature_importances:
RSQR5=33
KLEN=28
ROC30=27
STD30=19
RESI5=18
STD20=17
RESI30=17
IMXD30=17
RSQR30=16
HIGH0=15
STD5=15
RESI60=14
RESI20=13
ORC_TREND_RSQR_STRESS_20=13
KUP=12
ORC_TREND_ACCEL_GAP_10_30=12
LOW0=11
ROC60=11
BETA20=11
WVMA5=11
ROC5=10
STD60=10
QTLU5=10
SUMP20=10
ORC_TREND_PATH_CROWD_20=10
ROC10=9
BETA60=9
RSQR10=9
MIN10=9
MIN30=9
ORC_TREND_ACCEL_UNCROWDED_5_20=9
STD10=8
BETA10=8
RSQR20=8
RESI10=8
MIN5=8
IMIN5=8
IMXD20=8
WVMA20=8
KMID=7
ROC20=7
MA5=7
MAX10=7
MAX60=7
QTLU20=7
QTLD20=7
KMID2=6
KLOW=6
VWAP0=6
RSQR60=6
MAX30=6
MIN20=6
RSV20=6
RSV30=6
SUMN20=6
VSTD60=6
KUP2=5
KLOW2=5
OPEN0=5
MA60=5
MAX20=5
QTLD5=5
IMAX5=5
IMIN30=5
IMXD10=5
CNTD20=5
SUMD5=5
MAX5=4
QTLU60=4
RSV10=4
RSV60=4
IMIN20=4
IMIN60=4
IMXD5=4
IMXD60=4
CNTD5=4
SUMP10=4
SUMN5=4
SUMN30=4
SUMN60=4
SUMD20=4
ORC_TREND_STREAK_EXHAUST_12=4
KSFT=3
MA10=3
MA30=3
BETA5=3
BETA30=3
MIN60=3
QTLD10=3
QTLD60=3
IMAX10=3
IMAX30=3
IMAX60=3
CNTP60=3
CNTD60=3
SUMP5=3
SUMP60=3
SUMN10=3
SUMD30=3
KSFT2=2
MA20=2
QTLU30=2
RANK10=2
RANK60=2
CORR60=2
SUMD10=2
VMA60=2
QTLU10=1
RANK20=1
IMAX20=1
IMIN10=1
CORR20=1
CORR30=1
CORD5=1
CORD10=1
CORD20=1
CORD30=1
CORD60=1
CNTP10=1
CNTP30=1
CNTN5=1
VMA5=1
VMA20=1
VMA30=1
WVMA30=1
WVMA60=1
VSUMP30=1
VSUMD10=1

parameters:
[boosting: gbdt]
[objective: regression]
[metric: l2]
[tree_learner: serial]
[device_type: cpu]
[data_sample_strategy: bagging]
[data: ]
[valid: ]
[num_iterations: 500]
[learning_rate: 0.03]
[num_leaves: 31]
[num_threads: 12]
[seed: 20260813]
[deterministic: 1]
[force_col_wise: 1]
[force_row_wise: 0]
[histogram_pool_size: -1]
[max_depth: 7]
[min_data_in_leaf: 100]
[min_sum_hessian_in_leaf: 0.001]
[bagging_fraction: 0.8]
[pos_bagging_fraction: 1]
[neg_bagging_fraction: 1]
[bagging_freq: 1]
[bagging_seed: 20260813]
[bagging_by_query: 0]
[feature_fraction: 0.8]
[feature_fraction_bynode: 1]
[feature_fraction_seed: 20260813]
[extra_trees: 0]
[extra_seed: 13549]
[early_stopping_round: 0]
[early_stopping_min_delta: 0]
[first_metric_only: 0]
[max_delta_step: 0]
[lambda_l1: 10]
[lambda_l2: 20]
[linear_lambda: 0]
[min_gain_to_split: 0]
[drop_rate: 0.1]
[max_drop: 50]
[skip_drop: 0.5]
[xgboost_dart_mode: 0]
[uniform_drop: 0]
[drop_seed: 11866]
[top_rate: 0.2]
[other_rate: 0.1]
[min_data_per_group: 100]
[max_cat_threshold: 32]
[cat_l2: 10]
[cat_smooth: 10]
[max_cat_to_onehot: 4]
[top_k: 20]
[monotone_constraints: ]
[monotone_constraints_method: basic]
[monotone_penalty: 0]
[feature_contri: ]
[forcedsplits_filename: ]
[refit_decay_rate: 0.9]
[cegb_tradeoff: 1]
[cegb_penalty_split: 0]
[cegb_penalty_feature_lazy: ]
[cegb_penalty_feature_coupled: ]
[path_smooth: 0]
[interaction_constraints: ]
[verbosity: 1]
[saved_feature_importance_type: 0]
[use_quantized_grad: 0]
[num_grad_quant_bins: 4]
[quant_train_renew_leaf: 0]
[stochastic_rounding: 1]
[linear_tree: 0]
[max_bin: 255]
[max_bin_by_feature: ]
[min_data_in_bin: 3]
[bin_construct_sample_cnt: 200000]
[data_random_seed: 20260812]
[is_enable_sparse: 1]
[enable_bundle: 1]
[use_missing: 1]
[zero_as_missing: 0]
[feature_pre_filter: 1]
[pre_partition: 0]
[two_round: 0]
[header: 0]
[label_column: ]
[weight_column: ]
[group_column: ]
[ignore_column: ]
[categorical_feature: ]
[forcedbins_filename: ]
[precise_float_parser: 0]
[parser_config_file: ]
[objective_seed: 16743]
[num_class: 1]
[is_unbalance: 0]
[scale_pos_weight: 1]
[sigmoid: 1]
[boost_from_average: 1]
[reg_sqrt: 0]
[alpha: 0.9]
[fair_c: 1]
[poisson_max_delta_step: 0.7]
[tweedie_variance_power: 1.5]
[lambdarank_truncation_level: 30]
[lambdarank_norm: 1]
[label_gain: ]
[lambdarank_position_bias_regularization: 0]
[eval_at: ]
[multi_error_top_k: 1]
[auc_mu_weights: ]
[num_machines: 1]
[local_listen_port: 12400]
[time_out: 120]
[machine_list_filename: ]
[machines: ]
[gpu_platform_id: -1]
[gpu_device_id: -1]
[gpu_device_id_list: ]
[gpu_use_dp: 0]
[num_gpu: 1]

end of parameters

pandas_categorical:null
