tree
version=v4
num_class=1
num_tree_per_iteration=1
label_index=0
max_feature_idx=162
objective=regression
feature_names=KMID KLEN KMID2 KUP KUP2 KLOW KLOW2 KSFT KSFT2 OPEN0 HIGH0 LOW0 VWAP0 ROC5 ROC10 ROC20 ROC30 ROC60 MA5 MA10 MA20 MA30 MA60 STD5 STD10 STD20 STD30 STD60 BETA5 BETA10 BETA20 BETA30 BETA60 RSQR5 RSQR10 RSQR20 RSQR30 RSQR60 RESI5 RESI10 RESI20 RESI30 RESI60 MAX5 MAX10 MAX20 MAX30 MAX60 MIN5 MIN10 MIN20 MIN30 MIN60 QTLU5 QTLU10 QTLU20 QTLU30 QTLU60 QTLD5 QTLD10 QTLD20 QTLD30 QTLD60 RANK5 RANK10 RANK20 RANK30 RANK60 RSV5 RSV10 RSV20 RSV30 RSV60 IMAX5 IMAX10 IMAX20 IMAX30 IMAX60 IMIN5 IMIN10 IMIN20 IMIN30 IMIN60 IMXD5 IMXD10 IMXD20 IMXD30 IMXD60 CORR5 CORR10 CORR20 CORR30 CORR60 CORD5 CORD10 CORD20 CORD30 CORD60 CNTP5 CNTP10 CNTP20 CNTP30 CNTP60 CNTN5 CNTN10 CNTN20 CNTN30 CNTN60 CNTD5 CNTD10 CNTD20 CNTD30 CNTD60 SUMP5 SUMP10 SUMP20 SUMP30 SUMP60 SUMN5 SUMN10 SUMN20 SUMN30 SUMN60 SUMD5 SUMD10 SUMD20 SUMD30 SUMD60 VMA5 VMA10 VMA20 VMA30 VMA60 VSTD5 VSTD10 VSTD20 VSTD30 VSTD60 WVMA5 WVMA10 WVMA20 WVMA30 WVMA60 VSUMP5 VSUMP10 VSUMP20 VSUMP30 VSUMP60 VSUMN5 VSUMN10 VSUMN20 VSUMN30 VSUMN60 VSUMD5 VSUMD10 VSUMD20 VSUMD30 VSUMD60 ORC_SIGNED_IMPACT_SHOCK_20 ORC_RETURN_PER_VOLUME_SURPRISE_20 ORC_IMPACT_CONCENTRATION_20 ORC_VOLUME_CLIMAX_10 ORC_VOLUME_STABILITY_TREND_20
feature_infos=[-0.16749253869056702:0.23587034642696381] [0:0.33308270573616028] [-1:1] [0:0.27153289318084717] [0:1] [0:0.21718749403953552] [0:1] [-0.31147539615631104:0.23587034642696381] [-1:1] [0.80914634466171265:1.2011904716491699] [1:1.365384578704834] [0.7725520133972168:1] [0.90894031524658203:1.0927579402923584] [0.57777780294418335:1.6790908575057983] [0.54954206943511963:1.8924485445022583] [0.46860837936401367:2.2146341800689697] [0.46312057971954346:2.740487813949585] [0.36440131068229675:2.649662971496582] [0.74611109495162964:1.3455072641372681] [0.65066665410995483:1.4951817989349365] [0.60133224725723267:1.7117466926574707] [0.56646168231964111:1.9959673881530762] [0.4937971830368042:1.8649090528488159] [0:0.26957115530967712] [0:0.32280367612838745] [0:0.36472421884536743] [0:0.57258552312850952] [0:0.50059491395950317] [-0.16409091651439667:0.12254486232995987] [-0.11048160493373871:0.12254486232995987] [-0.11048160493373871:0.12254486232995987] [-0.11048160493373871:0.12254486232995987] [-0.11048160493373871:0.12254486232995987] [0:1] [0:1] [0:1] [0:1] [0:1] [-0.15193372964859009:0.13264167308807373] [-0.24554997682571411:0.20802642405033112] [-0.40848860144615173:0.27864286303520203] [-0.44566619396209717:0.33016127347946167] [-0.96870207786560059:0.3971981406211853] [1:1.6472727060317993] [1:1.9298244714736938] [1:2.2439024448394775] [1:3.3160974979400635] [1:3.3160974979400635] [0.5718809962272644:1] [0.54045307636260986:1] [0.4660193920135498:1] [0.43721681833267212:1] [0.33789625763893127:1] [0.86334514617919922:1.4843636751174927] [0.72140765190124512:1.7869091033935547] [0.59200000762939453:2.054157018661499] [0.56569522619247437:2.423609733581543] [0.56576049327850342:2.3250908851623535] [0.60694897174835205:1.2689855098724365] [0.54922223091125488:1.4057971239089966] [0.49352750182151794:1.5574545860290527] [0.47533980011940002:1.5740000009536743] [0.38890489935874939:1.5950908660888672] [0.20000000298023224:1] [0.10000000149011612:1] [0.05000000074505806:1] [0.033333335071802139:1] [0.01666666753590107:1] [0:1] [0:1] [0:1] [0:1] [0:1] [0.20000000298023224:1] [0.10000000149011612:1] [0.05000000074505806:1] [0.033333335071802139:1] [0.01666666753590107:1] [0.20000000298023224:1] [0.10000000149011612:1] [0.05000000074505806:1] [0.033333335071802139:1] [0.01666666753590107:1] [-0.80000001192092896:0.80000001192092896] [-0.89999997615814209:0.89999997615814209] [-0.94999998807907104:0.94999998807907104] [-0.96666663885116577:0.96666663885116577] [-0.98333334922790527:0.98333334922790527] [-1:1] [-1:1] [-1:1] [-1:1] [-1:1] [-1:1] [-1:1] [-1:1] [-1:1] [-1:1] [0:1] [0:1] [0:0.90909093618392944] [0:0.90909093618392944] [0:0.90909093618392944] [0:1] [0:1] [0:0.89999997615814209] [0:0.8571428656578064] [0:0.8571428656578064] [-1:1] [-1:1] [-0.83333331346511841:0.90909093618392944] [-0.83333331346511841:0.90909093618392944] [-0.83333331346511841:0.90909093618392944] [0:1] [0:1] [0:1] [0:1] [0:1] [0:1] [0:1] [0:1] [0:1] [0:1] [-1:1] [-1:1] [-1:1] [-1:1] [-1:1] [0.20013266801834106:26452.083984375] [0.10012400150299072:23627.859375] [0.050104878842830658:26698.134765625] [0.033777147531509399:28136.5] [0.017187755554914474:26107.111328125] [0.00080492562847211957:59102.5] [0.0021778203081339598:49210.34375] [0.0021778203081339598:56418.4921875] [0.0021778203081339598:57003.12109375] [0.0021778203081339598:42065.70703125] [0:2.2360680103302002] [0:3.1615598201751709] [0:4.4708261489868164] [0:5.4656624794006348] [0:7.5986995697021484] [0:1] [0:1] [0:1] [0:1] [0:1] [0:1] [0:1] [0:1] [0:1] [0:1] [-1:1] [-1:1] [-1:1] [-1:1] [-1:1] [-5.735206127166748:337.23654174804688] [-1.954919695854187:1.9354152679443359] [-3.0736701488494873:3.4166228771209717] [-1204.73095703125:4677.0361328125] [-4.2686967849731445:7.5545482635498047]
tree_sizes=3082 3042 3026 3045 3057 3038 3024 3027 3045 3052 3079 3100 3104 3055 3077 3052 3007 3069 2982 3044 3036 2944 3146 2970 3038 3085 3047 3082

Tree=0
num_leaves=31
num_cat=0
split_feature=57 26 26 36 38 51 1 81 12 28 71 62 125 113 125 65 10 52 1 107 38 158 27 86 81 42 26 88 7 23
split_gain=148.589 172.689 108.334 104.687 91.9779 163.7 96.3902 79.636 78.374 75.0358 80.9871 79.8209 78.6641 72.0359 59.7678 82.5186 88.2389 67.4795 59.0067 56.2667 51.6328 48.5994 68.1945 44.569 43.7848 40.9941 40.5759 36.5418 35.3154 31.7864
threshold=0.80647325515747081 0.093118049204349532 0.020062280818820003 0.76947852969169628 -0.00089285580907016982 0.67947936058044445 0.059044299647212035 0.050000002607703216 0.98766008019447338 -0.0067952896934002629 0.89473745226860057 0.66657575964927684 0.50434342026710521 0.5909089744091035 0.48061358928680425 0.98750001192092907 1.015625059604645 0.64494141936302196 0.017890472896397117 0.4252659678459168 -0.015619924291968344 0.0022944540251046423 0.11981403827667238 -0.84999999403953541 0.25000000745058065 0.10415855050086976 0.048943277448415763 0.23773496598005298 0.018888382241129879 0.026201304048299793
decision_type=8 10 10 10 10 10 10 2 10 8 10 10 10 8 10 10 10 10 10 2 8 10 10 2 2 10 10 10 8 10
left_child=8 2 13 14 5 -4 20 27 24 21 11 -11 -12 -2 15 16 -3 -17 -9 -18 -7 28 -23 -20 -1 -25 -8 -5 -6 -15
right_child=1 3 4 7 9 6 26 18 -10 10 12 -13 -14 29 -16 17 19 -19 23 -21 -22 22 -24 25 -26 -27 -28 -29 -30 -31
leaf_value=-0.0070299563812533947 0.00011763469755394893 -0.0025515101641642823 -0.023027650150580246 -0.015309978857975666 -0.00013473464938662866 -0.002478158064491115 9.8532876985401508e-10 -0.0046231344491348501 -0.0035018162437992434 -0.016168731149288719 0.0016829601137379995 -0.0018281541841176148 -0.0030425434963902956 0.0019219376686946408 -0.015363642804100916 0.027134093195494171 -0.0088200661918357015 9.8532876985401508e-10 9.8532876985401508e-10 0.0067257161642901696 0.00031021948271937958 0.0015594351669880001 0.012982449075570116 0.016267598764133119 -0.028485754722572809 9.8532876985401508e-10 0.0090997073704689787 0.0049409003425023874 -0.0060311591395269485 0.012043119030318293
leaf_weight=215 46262 2325 252 133 18531 6371 678 145 692 337 12017 71332 4263 28447 147 197 196 125 222 2430 89974 6944 498 1544 256 117 1537 123 950 275
leaf_count=215 46262 2325 252 133 18531 6371 678 145 692 337 12017 71332 4263 28447 147 197 196 125 222 2430 89974 6944 498 1544 256 117 1537 123 950 275
internal_value=-4.60389e-05 -2.6711e-06 -0.000122126 0.00442318 -0.000467306 0.000201228 0.000268323 0.00981814 -0.0106571 -0.00104492 -0.0014697 -0.00190426 0.000424943 0.000857406 0.00206686 0.00266568 0.00160724 0.0170171 0.0118442 0.00539413 0.000122243 0.000331631 0.00239679 0.0133051 -0.019988 0.0149756 0.0064301 -0.00484014 -0.000443551 0.00203759
internal_weight=297535 296372 288668 7704 213684 98812 98560 2284 1163 114872 87949 71669 16280 74984 5420 5273 4951 322 2028 2626 96345 26923 7442 1883 471 1661 2215 256 19481 28722
internal_count=297535 296372 288668 7704 213684 98812 98560 2284 1163 114872 87949 71669 16280 74984 5420 5273 4951 322 2028 2626 96345 26923 7442 1883 471 1661 2215 256 19481 28722
is_linear=0
shrinkage=1


Tree=1
num_leaves=31
num_cat=0
split_feature=32 11 86 30 28 72 30 138 1 38 62 46 53 120 32 11 21 28 19 120 86 7 53 145 35 46 118 53 137 24
split_gain=124.288 103.118 96.1196 91.4193 94.5716 100.685 78.1633 77.5196 73.6683 71.0493 93.3314 72.5865 69.5821 66.9895 71.8913 90.4316 76.1178 65.5908 55.0591 62.5614 53.8459 52.906 51.8819 50.0204 47.6064 45.2128 52.892 44.2342 51.7844 48.3227
threshold=-0.0048612528480589381 0.92475160956382763 -0.58333334326744068 -0.00042474368819966907 -0.0094511965289711935 0.67105302214622509 0.0067703754175454387 0.68395915627479564 0.065468672662973418 0.00011574339805520141 0.88753530383110057 1.2672186493873598 1.0366457104682925 0.25773195922374731 0.0067304496187716731 0.96830263733863842 0.91351643204689037 -0.0054945053998380891 0.95593541860580455 0.46315799653530126 -0.84999999403953541 0.018888382241129879 0.99727275967597973 0.55781865119934093 0.66911470890045177 1.0727970004081728 0.39506177604198461 0.97930344939231884 1.0226420760154726 0.025729758664965633
decision_type=8 8 2 8 8 10 10 10 10 10 10 10 10 8 10 10 8 10 10 10 2 10 10 10 10 10 10 10 10 10
left_child=2 6 7 9 5 18 -2 8 -1 11 17 20 -7 -6 16 -16 -15 -11 -5 -20 24 22 -4 -8 -3 -12 -27 -9 29 -29
right_child=1 3 21 4 13 12 23 27 -10 10 25 -13 -14 14 15 -17 -18 -19 19 -21 -22 -23 -24 -25 -26 26 -28 28 -30 -31
leaf_value=-0.0029147639999687401 -0.0022813748958318237 -0.0042159566548816826 -0.011690338260056124 -0.017387679710417336 -0.0018635877295530004 0.0011362113274569045 0 -0.0028803324198072894 0.01602141760297535 0.00050832905218182024 -6.9697405112104915e-06 0.0072275444746533728 0.010549817716533457 0.003243240815002906 0.0094216840153441145 -0.0088408122978459805 0.00027996741175872157 -0.0081019150945141286 0.0047379453251157099 -0.00029254297626712684 0.00026513374876677419 0.0066238191045007409 0 -0.027698592182662754 0 -0.0042470194631693305 -0.0011958022825752398 0.0028334055303743007 0 0.013735375654878935
leaf_weight=1077 553 4934 351 118 12979 1165 100 215 202 1001 23665 1222 2164 8370 262 1413 118369 2924 3478 5834 54242 999 3764 250 4492 6155 34012 550 427 2028
leaf_count=1077 553 4934 351 118 12979 1165 100 215 202 1001 23665 1222 2164 8370 262 1413 118369 2924 3478 5834 54242 999 3764 250 4492 6155 34012 550 427 2028
internal_value=-5.30335e-06 -0.000118536 0.00334563 -8.52556e-05 0.00041037 0.00288352 -0.0101326 0.00653908 4.56186e-05 -0.00066347 -0.00134292 4.15725e-05 0.00737152 0.000184701 0.000394318 -0.00572978 0.000478513 -0.00583854 0.00125516 0.00156031 -9.3866e-05 0.000463257 -0.000984598 -0.0209329 -0.00218768 -0.00106004 -0.0016727 0.00900952 0.0099728 0.0115647
internal_weight=297315 287702 9613 286799 154152 12759 903 4499 1279 132647 67757 64890 3329 141393 128414 1675 126739 3925 9430 9312 63668 5114 4115 350 9426 63832 40167 3220 3005 2578
internal_count=297315 287702 9613 286799 154152 12759 903 4499 1279 132647 67757 64890 3329 141393 128414 1675 126739 3925 9430 9312 63668 5114 4115 350 9426 63832 40167 3220 3005 2578
is_linear=0
shrinkage=0.03


Tree=2
num_leaves=31
num_cat=0
split_feature=31 26 38 50 83 51 113 13 11 62 15 38 49 27 116 49 1 34 62 34 26 22 53 86 1 56 134 14 134 161
split_gain=128.387 104.191 106.816 125.785 93.1998 91.7319 69.6194 69.4932 69.2675 63.9113 55.452 55.3277 114.341 61.3753 53.3979 73.364 52.7347 49.411 48.3535 69.521 55.2824 50.5931 46.4866 43.5099 36.6905 36.5529 36.2724 34.5561 33.7412 32.8176
threshold=-0.0082896822132170183 0.021427014842629436 -0.00089285580907016982 0.69031959772109996 -1.0000000180025095e-35 0.64709019660949718 0.60000005364418041 0.89458343386650097 0.97095018625259411 1.0467545986175539 0.77641779184341442 0.01686045061796904 0.8196873962879182 0.12785436213016513 0.36180913448333746 0.93475678563117992 0.036363659426569946 0.88410863280296337 0.63685387372970592 0.47945511341094976 0.069804321974515929 0.83816945552825939 1.0503692626953127 0.68333333730697643 0.054819600656628616 0.96070197224617015 0.49395313858985906 1.0082819461822512 0.28665956854820257 -0.48902226984500879
decision_type=8 10 10 10 10 10 8 10 10 10 10 10 10 10 10 10 10 10 10 10 8 10 10 2 10 10 10 8 10 10
left_child=9 6 8 4 -4 7 16 -5 10 29 -3 12 -7 -13 15 -11 -2 24 19 -10 21 -20 -22 -6 28 -9 -12 -18 -17 -1
right_child=1 2 3 5 23 11 -8 25 18 14 26 13 -14 -15 -16 17 27 -19 20 -21 22 -23 -24 -25 -26 -27 -28 -29 -30 -31
leaf_value=0.011379571718777097 0.00028647261260145244 -0.0050550315723210948 0.0035238717678426337 -0.0029729816984722024 -0.027191304387497332 0.010492602964788411 0.0019097890826003166 0.032047486338098355 0.0071301387599350449 0.018922373023371793 0.010290807046178591 0.00058186793096323946 -0.0013182197887457896 0.010823281848486558 0 -0.0052165195244940456 -0.014023933423857196 0.019209447677347457 -0.0069477282459090737 -0.016814717194075665 0.0014554000359673514 9.1083280238328117e-05 0.0074732215102174928 -0.0029396068369204253 0.010937938009941481 0.0046289182514671918 0 -0.0019630662269859564 0.0071404437661582608 -0.00010412447258104035
leaf_weight=226 53903 306 156 120 320 718 32395 138 126 636 1323 7140 100725 558 532 499 349 203 909 322 6097 84402 1478 126 349 112 338 707 299 1993
leaf_count=226 53903 306 156 120 320 718 32395 138 126 636 1323 7140 100725 558 532 499 349 203 909 322 6097 84402 1478 126 349 112 338 707 299 1993
internal_value=1.81871e-05 -6.02339e-05 -0.000430246 -0.0010672 -0.0145563 -0.000987667 0.000806319 0.0134828 0.000302631 0.0049079 0.00585013 -0.00104193 -0.00122962 0.00138922 0.00817853 0.0104204 0.000149975 0.00597827 0.000181277 -0.00942229 0.000232844 1.09573e-05 0.00268566 -0.0214039 0.00309043 0.0221279 0.00807385 -0.00641448 -0.000158401 0.00102268
internal_weight=297505 292768 205414 110113 602 109511 87354 370 95301 4737 1967 109141 101443 7698 2518 1986 54959 1350 93334 448 92886 85311 7575 446 1147 250 1661 1056 798 2219
internal_count=297505 292768 205414 110113 602 109511 87354 370 95301 4737 1967 109141 101443 7698 2518 1986 54959 1350 93334 448 92886 85311 7575 446 1147 250 1661 1056 798 2219
is_linear=0
shrinkage=0.03


Tree=3
num_leaves=31
num_cat=0
split_feature=16 57 26 31 38 16 24 39 113 26 23 68 38 32 32 24 113 87 33 71 36 140 36 6 38 1 54 86 23 50
split_gain=145.808 109.558 93.1471 94.694 75.9269 138.804 73.3792 88.3879 91.2855 70.7818 69.2905 65.437 61.0863 79.375 67.9136 59.9703 57.7719 55.876 72.6704 55.0159 54.0689 60.4847 51.7069 34.2927 33.7646 25.7122 28.5648 29.5417 25.2945 28.032
threshold=1.2346542477607729 0.80647325515747081 0.020062280818820003 0.0095289275050163286 -0.0011560437851585446 0.66539305448532116 0.034448850899934776 -0.053979065269231789 0.29411800205707556 0.069804321974515929 0.02837342489510775 0.67346873879432689 0.017799356952309612 0.0071541045326739558 0.0071541045326739558 0.022195544093847278 0.5909089744091035 0.82499998807907116 0.91173577308654796 0.68253988027572643 0.80280810594558727 0.76602196693420421 0.77280220389366161 0.062500029802322402 -0.0023335150908678766 0.019248465076088909 1.0447002649307253 -0.58333334326744068 0.025842452421784404 0.92246678471565258
decision_type=10 8 10 10 10 8 10 10 10 10 10 10 10 10 10 10 8 2 10 10 10 10 10 10 10 8 10 2 10 10
left_child=1 11 16 4 5 -4 10 8 -8 -7 15 19 14 -14 -6 -5 25 18 -13 -1 23 -22 -9 -2 -23 -3 27 -27 -18 -30
right_child=20 2 3 6 12 9 7 22 -10 -11 -12 17 13 -15 -16 -17 28 -19 -20 -21 21 24 -24 -25 -26 26 -28 -29 29 -31
leaf_value=-0.0080893911960899737 0.0087670032102053416 0.000596726017009493 -0.021722722247847027 0.011981729083335883 -0.0010381904670529009 3.4991072114654591e-05 0.026269630110020047 -0.0066083713918928715 -0.004788019613188226 0.0032874057083808693 0.022350668116099658 -0.02757819882921058 0.0010523887835901229 0.016648792039109066 -0.0095684464774790836 2.9166261511520719e-05 0.0018289355582325375 0.00028003834075989977 -0.0037293520112777309 0.012869708718691062 -0.00075152840959081201 0.018918736255449323 0.0035006653405350668 -0.00031908928534796319 0.0075838592571028053 -0.0057518405108551553 0.0031311105241824742 -0.0009193274625566082 0.017219958993887036 0
leaf_weight=276 493 36092 239 724 110811 89007 197 1041 108 6456 274 336 6378 293 836 872 28602 138 228 162 303 578 740 1166 685 1384 1193 7555 184 103
leaf_count=276 493 36092 239 724 110811 89007 197 1041 108 6456 274 336 6378 293 836 872 28602 138 228 162 303 578 740 1166 685 1384 1193 7555 184 103
internal_value=3.18543e-06 -6.55524e-05 -2.81059e-05 -0.00034305 -0.000429508 0.000196174 0.00423747 0.000207344 0.0147312 0.000258731 0.00852461 -0.0092678 -0.000938076 0.00182996 -0.00110645 0.00571808 0.00088171 -0.0148178 -0.0189088 0 0.0063286 0.0103514 -0.00224929 0.00227459 0.013219 0.000216407 -0.00110731 -0.00171219 0.00193497 0.0107174
internal_weight=297454 294229 293089 217976 214020 95702 3956 2086 305 95463 1870 1140 118318 6671 111647 1596 75113 702 564 438 3225 1566 1781 1659 1263 46224 10132 8939 28889 287
internal_count=297454 294229 293089 217976 214020 95702 3956 2086 305 95463 1870 1140 118318 6671 111647 1596 75113 702 564 438 3225 1566 1781 1659 1263 46224 10132 8939 28889 287
is_linear=0
shrinkage=0.03


Tree=4
num_leaves=31
num_cat=0
split_feature=16 11 29 49 3 40 16 26 26 42 5 9 46 1 101 30 49 36 1 138 67 53 39 24 125 23 76 45 67 3
split_gain=125.454 99.8217 101.999 92.7814 87.2593 119.607 73.4861 73.3249 69.3078 68.4379 81.253 65.4521 64.8031 64.3996 65.4254 56.1699 55.4948 53.9118 60.1193 86.132 50.1956 61.183 54.1667 50.1811 46.7533 44.2791 47.348 43.5654 54.6753 42.2897
threshold=1.2346542477607729 0.92475160956382763 -0.000591910647926852 0.88403329253196727 0.01833179593086243 -0.040694991126656525 1.1324502825737002 0.075619116425514235 0.021808819845318798 -0.093140352517366395 0.0064412835054099568 1.0093458294868471 1.1151711344718935 0.054819600656628616 0.56125000119209301 0.00065473522408865403 0.93250715732574474 0.80595400929451 0.054819600656628616 0.63982743024826061 0.99583333730697643 0.98577916622161876 0.026547196321189407 0.043965009972453124 -0.39130453765392298 0.016541754826903347 0.18333333730697635 1.0206407904624941 0.84764185547828685 0.010752731002867224
decision_type=10 8 8 10 10 8 10 10 10 10 10 10 10 10 2 10 10 10 10 10 10 10 10 10 10 8 2 10 10 10
left_child=1 3 9 7 6 -6 8 -1 -4 10 25 -10 27 14 -14 -8 -15 -2 19 -19 22 -22 -7 -20 -21 29 -27 -11 -29 -3
right_child=17 2 4 -5 5 20 15 -9 11 12 -12 -13 13 16 -16 -17 -18 18 23 24 21 -23 -24 -25 -26 26 -28 28 -30 -31
leaf_value=-0.0050106044758796726 0.001812024625256961 0.0083588545741830594 0.0011407825014448888 0.0037254239929432513 0.016531683948392693 0.0028266662059867596 0.0063463309686378243 -0.026425789452186568 -0.00066489359856990301 0.0025561901174335406 0.0063250241683366114 0.0011725966418449957 -0.0017963836240561068 -0.0051635120959615272 -0.0074803814022902258 -0.0066174645923869251 0.0069689152850743123 -0.0076545410111550976 0 0.0041063367033217319 -0.013959387261696026 0.0016671605419259737 0.015849617276341255 0.023762712704273929 0.019859977876394107 0.0043111328860388574 -0.0047245432135533437 -0.00033514410063362405 -0.0037445142413156871 -0.005588795757817424
leaf_weight=356 1709 758 50371 280 610 3937 2744 305 73995 4329 2691 22738 34189 415 1952 299 1275 293 107 536 318 589 308 369 298 644 2089 84564 4466 219
leaf_count=356 1709 758 50371 280 610 3937 2744 305 73995 4329 2691 22738 34189 415 1952 299 1275 293 107 536 318 589 308 369 298 644 2089 84564 4466 219
internal_value=-1.3338e-05 -7.98426e-05 -4.72056e-05 -0.00973438 0.000477045 0.0040982 0.000335555 -0.0158185 0.000237616 -0.000643414 0.00236928 -0.00022972 -0.000793034 -0.0018421 -0.00211564 0.0049397 0.00378867 0.00577396 0.00973866 0.00540778 0.00250983 -0.00367095 0.00391179 0.0187563 0.0104199 -0.00043807 -0.00247057 -0.000364417 -0.000510339 0.00488211
internal_weight=297753 294441 293500 941 155909 5762 150147 661 147104 137591 6401 96733 131190 37831 36141 3043 1690 3312 1603 1127 5152 907 4245 476 834 3710 2733 93359 89030 977
internal_count=297753 294441 293500 941 155909 5762 150147 661 147104 137591 6401 96733 131190 37831 36141 3043 1690 3312 1603 1127 5152 907 4245 476 834 3710 2733 93359 89030 977
is_linear=0
shrinkage=0.03


Tree=5
num_leaves=31
num_cat=0
split_feature=16 57 31 26 33 10 52 13 37 24 10 23 113 0 41 86 33 36 23 158 82 36 23 53 23 117 1 14 113 34
split_gain=125.579 95.8306 86.5749 92.1348 80.725 95.1779 119.95 83.8362 78.421 94.3346 92.2702 88.3382 73.3887 63.3875 54.0856 53.2656 50.51 52.6715 55.697 50.418 49.3795 47.8732 52.1845 44.7169 38.3814 35.5273 35.3844 36.9894 35.2558 33.5447
threshold=1.2346542477607729 0.80647325515747081 0.0095289275050163286 0.021427014842629436 0.26196105778217321 1.0185207128524782 0.90746542811393749 0.98519518971443187 0.14039693772792819 0.034448850899934776 1.0183101296424868 0.028864800930023197 0.5909089744091035 -0.0016715743113309143 0.033330366015434272 0.68333333730697643 0.97336161136627208 0.80280810594558727 0.022862976416945461 -0.0021451391512528058 0.19166667014360431 0.77280220389366161 0.039517454802989967 1.0264711380004885 0.02698545623570681 0.58480563759803783 0.036363659426569946 1.0082819461822512 0.91111046075820934 0.84810954332351696
decision_type=10 8 10 10 8 10 10 8 10 10 10 10 8 10 10 2 10 10 10 10 2 10 10 10 10 10 8 8 10 10
left_child=1 13 3 12 14 7 -7 -6 -4 10 11 -10 26 29 23 -15 17 -2 -19 -16 -12 25 -23 -5 -14 -11 -3 -28 -26 -1
right_child=16 2 8 4 5 6 -8 -9 9 21 20 -13 24 15 19 -17 -18 18 -20 -21 -22 22 -24 -25 28 -27 27 -29 -30 -31
leaf_value=-0.0048336491640910261 0.0025780447156646727 0.00016249945133251742 0.021910799894633605 -0.0014005225835727378 -0.0014381177670648746 0.003354460009382644 -0.00042231111885099255 0.00021817598067807169 0.00065179610434700299 0.0021801904856052182 0.0019419649035325678 0.023188391389315027 0.0017144983754174908 -0.023680540793500765 0.0086574937566841186 -0.0054976657751629795 -0.012179860474616288 0.0010359696955578937 0.014429476768999411 0.0002066928092870417 0.023999313216806581 0.0082254733227169769 -0.0089667044375091789 -0.0046211371570350577 0.01831169642260827 -0.0090050904801218228 -0.013283034630099295 -0.0013441341609905259 0 0.012202939761995242
leaf_weight=348 1613 52847 201 48487 46410 14878 15126 66863 1373 307 164 162 32868 300 750 399 105 449 1061 4119 377 612 180 4318 223 795 332 927 128 125
leaf_count=348 1613 52847 201 48487 46410 14878 15126 66863 1373 307 164 162 32868 300 750 399 105 449 1061 4119 377 612 180 4318 223 795 332 927 128 125
internal_value=4.31001e-06 -5.95701e-05 -2.39393e-05 -8.7188e-05 -0.000441661 -5.79295e-05 0.00144146 -0.000457924 0.00425543 0.00318101 0.00759222 0.00349083 0.000724999 -0.0085492 -0.0013894 -0.0141604 0.0058718 0.00664781 0.0107086 0.00159987 0.0181552 -0.00152616 0.00382409 -0.00167121 0.00183467 -0.00563835 3.7733e-05 -0.00488548 0.0115803 0
internal_weight=296847 293619 292447 288276 200951 143277 30004 113273 4171 3970 2076 1535 87325 1172 57674 699 3228 3123 1510 4869 541 1894 792 52805 33219 1102 54106 1259 351 473
internal_count=296847 293619 292447 288276 200951 143277 30004 113273 4171 3970 2076 1535 87325 1172 57674 699 3228 3123 1510 4869 541 1894 792 52805 33219 1102 54106 1259 351 473
is_linear=0
shrinkage=0.03


Tree=6
num_leaves=31
num_cat=0
split_feature=57 26 25 101 25 8 28 72 62 14 40 29 57 42 90 38 82 62 31 33 14 113 18 33 17 140 51 26 158 61
split_gain=98.8522 139.154 74.0289 71.3858 72.6857 99.8815 67.2457 144.474 104.892 71.5376 95.4184 71.4478 109.112 90.2926 63.9629 61.2577 61.3551 59.1169 56.4264 76.2598 56.4122 82.3363 53.8598 67.2039 50.6666 48.8584 47.9687 42.5542 36.1216 30.9196
threshold=0.80647325515747081 0.093118049204349532 0.01260923780500889 0.36181819438934332 0.047958310693502433 0.49999745190143591 -0.011131388600915669 0.57251915335655224 0.68567064404487621 1.0734463334083559 0.02647074963897467 -0.00029575289227068419 1.168602526187897 0.067252509295940413 0.61228519678115856 -0.004006168106570839 0.14166667312383655 0.71222731471061718 -0.0054379908833652726 0.89755317568779003 0.81529909372329723 0.36000035703182226 0.95002853870391857 0.87422770261764537 1.0298017859458926 1.5486367940902712 0.64709019660949718 0.10718328878283502 0.0040096677839756021 0.77947142720222484
decision_type=8 10 10 2 10 10 8 10 10 8 10 10 10 10 10 10 2 10 10 8 10 10 10 10 10 10 10 10 8 10
left_child=22 2 -2 27 17 20 7 18 9 10 -8 13 -13 -10 -7 16 -9 29 19 -4 21 -6 23 -1 -20 -22 -25 -3 -16 -5
right_child=1 3 6 4 5 14 8 15 11 -11 -12 12 -14 -15 28 -17 -18 -19 24 -21 25 -23 -24 26 -26 -27 -28 -29 -30 -31
leaf_value=-0.025942366922512086 0.0012144293455004424 0.0050550775746038799 0.007358580115460785 0.025053828465591173 0.029428814666315833 -0.00055344074931553929 -0.014923910208651419 0.0026296274539786063 -0.00096188670074461567 0.0114347994330629 0 1.9978247998788369e-05 0.0053312335099789778 0.0094648247899387691 -0.00025578336713506897 0.0036658430858612983 0.016662549466943264 0.003163275975606583 0.0015896224316811177 -0.0019487867797189139 0.0048353242242332528 0 -0.0007019965443232993 -0.019696809400373431 -0.0018828903666625882 -0.0025996943341000502 0.0014284444426514926 0.022587740683890373 -0.020595963602239382 0.0064154494016362132
leaf_weight=258 37293 340 2012 269 167 1083 1032 518 105398 131 569 115910 3573 728 150 3144 822 594 5978 1218 3116 164 510 114 10011 994 264 276 274 209
leaf_count=258 37293 340 2012 269 167 1083 1032 518 105398 131 569 115910 3573 728 150 3144 822 594 5978 1218 3116 164 510 114 10011 994 264 276 274 209
internal_value=3.84399e-05 7.37846e-05 -3.11743e-05 0.00406597 0.0031283 0.00175457 -0.000217488 0.00129961 -0.000377083 -0.00769674 -0.009569 -0.000318883 0.000182181 -0.000885766 -0.0047866 0.00613751 0.0115769 0.010304 0.000150076 0.00376617 0.004053 0.0158204 -0.0086773 -0.0143989 -0.000565477 0.00296065 -0.00485853 0.0138456 -0.0144115 0.0180918
internal_weight=297119 295973 288337 7636 7020 5948 251044 23703 227341 1732 1601 225609 119483 106126 1507 4484 1340 1072 19219 3230 4441 331 1146 636 15989 4110 378 616 424 478
internal_count=297119 295973 288337 7636 7020 5948 251044 23703 227341 1732 1601 225609 119483 106126 1507 4484 1340 1072 19219 3230 4441 331 1146 636 15989 4110 378 616 424 478
is_linear=0
shrinkage=0.03


Tree=7
num_leaves=31
num_cat=0
split_feature=16 26 40 36 50 61 18 29 42 16 14 4 16 78 62 113 43 138 36 140 23 40 58 4 32 102 61 6 59 37
split_gain=124.621 80.4054 87.7811 135.267 111.326 135.643 83.2252 65.0535 107.942 81.5038 58.7537 90.458 56.4234 47.4668 69.9515 42.9569 42.6804 40.6679 38.5333 57.2686 38.9266 36.1135 29.703 28.981 28.4147 41.1114 34.7355 28.3052 26.6405 25.3278
threshold=1.2346542477607729 0.019930385984480384 -0.030740197747945782 0.82590049505233776 0.72665852308273327 0.73611807823181163 0.95002853870391857 -0.0013769433717243371 -0.093140352517366395 1.1076215505599978 0.81529909372329723 0.45161013305187231 0.74123394489288341 0.70000001788139354 1.0098163485527041 0.5909089744091035 1.0274743437767031 0.73127412796020519 0.80595400929451 0.72682881355285656 0.017553678713738922 0.015189175028353931 0.95263156294822704 0.42090597748756414 0.0043159390334039935 0.59290647506713878 0.89367583394050609 0.061728339642286308 0.96877270936965953 0.56828761100769054
decision_type=10 10 10 10 10 10 10 10 10 10 10 10 10 10 10 8 10 10 10 10 10 10 8 10 10 2 10 10 10 10
left_child=1 15 3 10 6 29 12 8 -7 -9 11 28 17 16 -15 -1 -12 -4 27 -20 -21 23 -17 -8 26 -26 -5 -2 -3 -6
right_child=18 2 4 24 5 7 21 9 -10 -11 13 -13 -14 14 -16 22 -18 -19 19 20 -22 -23 -24 -25 25 -27 -28 -29 -30 -31
leaf_value=0.00019785858558623787 0.0082422507491803076 -0.0051283436535006707 -0.0010769000519068187 -0.00013274287109481868 0.00095762825673676799 0.004081784873858363 -0.011542401759102162 -0.0003131898816272647 -0.0014873216101951973 0.0030816300559638244 0.0029158480841471384 0.025822436477456773 -0.0013946249433885035 0.0022643345196132411 -0.001556982567929616 0.0086275696509715526 -0.0042801172853060782 -0.026162990796268541 -0.0040329957089185846 0 0.013661782378772367 0.0076941489124221531 0.0015418964447077692 0.0044988305501639844 0.019859778765138465 0.0040005656034532685 0.0090918745162169353 0 0.010649743569809217 0.021546717762655057
leaf_weight=45388 502 228 100 521 107 3228 291 109973 72718 6729 905 190 208 12920 6357 545 3114 382 207 185 1148 233 27838 105 411 327 864 1192 134 275
leaf_count=45388 502 228 100 521 107 3228 291 109973 72718 6729 905 190 208 12920 6357 545 3114 382 207 185 1148 233 27838 105 411 327 864 1192 134 275
internal_value=-1.21665e-05 -7.77713e-05 -0.000365737 0.00126809 -0.000585718 -0.000524217 -0.00921989 -0.000561992 -0.00124565 -0.000114381 0.000605238 0.010124 -0.0162883 0.000358333 0.00098832 0.00077805 -0.00257904 -0.0218063 0.00582537 0.00930664 0.0116289 -0.000740699 0.00169449 -0.00655609 0.00849891 0.0135195 0.0054558 0.00241388 0.000178616 0.0168604
internal_weight=297325 294091 220320 25971 194349 193030 1319 192648 75946 116702 23848 552 690 23296 19277 73771 4019 482 3234 1540 1333 629 28383 396 2123 738 1385 1694 362 382
internal_count=297325 294091 220320 25971 194349 193030 1319 192648 75946 116702 23848 552 690 23296 19277 73771 4019 482 3234 1540 1333 629 28383 396 2123 738 1385 1694 362 382
is_linear=0
shrinkage=0.03


Tree=8
num_leaves=31
num_cat=0
split_feature=16 57 61 25 10 26 37 33 22 14 105 40 12 12 12 54 82 29 24 30 33 29 29 1 43 41 146 86 128 88
split_gain=121.939 94.2493 76.9388 108.281 94.2074 80.8773 71.8359 70.2592 82.3144 62.9358 62.8685 62.2573 62.5671 58.2588 55.9074 53.4955 51.7672 49.5036 48.2202 47.5705 50.3438 46.4306 45.7354 39.778 37.3128 31.9019 30.5013 30.2899 27.0429 30.7278
threshold=1.2346542477607729 0.80647325515747081 0.76175254583358776 0.052060935646295554 1.0185207128524782 0.021940106526017192 0.84965670108795177 0.26196105778217321 0.7910059690475465 0.89449545741081249 0.44722221791744238 -0.057446666061878197 0.98921403288841259 1.0007352232933047 0.98687738180160534 1.0155028104782107 0.12500000372529033 -0.00044414788135327393 0.024056443013250831 -0.0071807033382356158 0.96925899386405956 0.0011342084035277369 0.0057099424302577981 0.036788007244467742 1.0069273710250857 -0.032560840249061578 0.55050095915794384 0.68333333730697643 0.78315511345863353 0.85087513923645031
decision_type=10 8 8 10 10 10 10 8 10 8 2 10 10 10 10 8 2 10 10 10 10 10 10 10 10 10 10 2 10 10
left_child=1 13 3 18 10 15 7 9 -9 -7 14 16 -13 27 -5 -4 -8 -6 24 20 26 -12 -19 -17 -3 -25 -2 -1 29 -15
right_child=19 2 5 4 17 6 11 8 -10 -11 21 12 -14 28 -16 23 -18 22 -20 -21 -22 -23 -24 25 -26 -27 -28 -29 -30 -31
leaf_value=-0.02165269152400405 0.0074497893627629933 -0.0011691982402804899 0.0011869703002493402 -0.01018941096658081 -0.0041551673793980819 0.0053409125866313986 0.00016847958942379452 -0.010095360267742794 -0.00014534871097275574 -0.001687487657610317 0.00011950998616641796 0.0051886759930699685 0.00027610818458422134 0.001939128859899938 0.0074941916094415882 -0.00014328921065733172 0.019733207194247922 0.026117600239813327 0.036041557058118852 0.00019796051516038387 -0.0088412696246836162 -0.018300968717118039 0.0073899785226128594 0.00094611338716432724 0.018397042943885729 -0.010646613176297642 0.018732986841379896 -0.0068570154504247636 0.0059153822995722293 -0.017505188342115348
leaf_weight=290 1818 112 61622 201 152 1135 258 734 126842 50209 149 2757 15679 100 522 30178 282 178 110 1058 114 299 561 260 166 572 300 400 262 116
leaf_count=290 1818 112 61622 201 152 1135 258 734 126842 50209 149 2757 15679 100 522 30178 282 178 110 1058 114 299 561 260 166 572 300 400 262 116
internal_value=1.83153e-05 -4.51036e-05 -9.8833e-06 0.00526124 0.00227779 -5.57259e-05 -0.000399126 -0.000586471 -0.00020652 -0.00152426 -0.0031132 0.00135028 0.00103184 -0.00847824 0.00203229 0.000674592 0.0112612 0.00960502 0.0194924 0.005745 0.00821605 -0.0117902 0.0128654 -0.000334029 0.00995811 -0.0067346 0.00934858 -0.0139328 0 -0.00783055
internal_weight=297436 294146 292978 2450 2062 290528 197896 178920 127576 51344 1171 18976 18436 1168 723 92632 540 891 388 3290 2232 448 739 31010 278 832 2118 690 478 216
internal_count=297436 294146 292978 2450 2062 290528 197896 178920 127576 51344 1171 18976 18436 1168 723 92632 540 891 388 3290 2232 448 739 31010 278 832 2118 690 478 216
is_linear=0
shrinkage=0.03


Tree=9
num_leaves=31
num_cat=0
split_feature=16 11 50 26 1 47 33 118 32 31 62 11 37 24 3 36 140 23 33 47 116 80 123 48 78 54 44 37 13 154
split_gain=102.054 97.6818 67.9634 65.0346 74.2325 59.8475 75.5875 79.5096 65.7894 56.3364 72.521 96.16 64.8381 78.7958 53.4951 49.8186 68.1134 65.1862 46.2544 45.272 40.6107 36.9031 36.1373 28.8952 24.5475 28.6312 22.4705 21.5635 25.542 21.3567
threshold=1.2157111763954165 0.92475160956382763 0.74937552213668834 0.018611376173794273 0.054819600656628616 1.1181657910346987 0.88888862729072582 0.036585241556167609 0.0041881585493683824 0.0095289275050163286 0.66657575964927684 0.959243804216385 0.24600020796060565 0.034448850899934776 0.0058823858853429565 0.80595400929451 0.76602196693420421 0.017149657942354683 0.26196105778217321 1.1694958806037905 0.31089751422405248 0.52500000596046459 0.10526292771100999 0.9666385054588319 0.30000000447034841 1.0614172816276553 1.0760408639907839 0.667841136455536 1.0485320091247561 -0.12029158696532248
decision_type=10 8 10 10 10 10 10 10 8 10 10 10 10 10 10 10 10 10 8 10 10 2 8 10 10 10 10 10 10 10
left_child=1 2 -1 22 9 6 8 -8 -6 10 11 -5 14 -14 -11 29 23 26 -12 21 -21 -7 27 -17 -19 -26 -18 -3 -29 -2
right_child=15 3 -4 4 5 19 7 -9 -10 12 18 -13 13 -15 -16 16 17 24 -20 20 -22 -23 -24 -25 25 -27 -28 28 -30 -31
leaf_value=-0.019707863586418892 -0.0031351527054539747 -0.00020926722638490896 -0.0023559630321526048 0.016536067034605712 -0.0056306918327944568 0.013191396446348804 0.0011857205355027356 0.020774980157462951 0.0033790559958242696 -0.0019608485309872774 -0.0010810202624329873 -0.010541421950592501 0.0062293807130723829 -0.0032668890309741792 0.020284790682044248 0.0070607288497097822 0.0060782155360423282 0.024198420517599191 -0.00011071420386162594 0.012954844609977534 0.0012194159931635407 0.0021557067440689673 0.0016559320474756212 -0.0083572522918881863 0.0008338447448911952 0.013152215118561312 -0.0090443628608021798 0.0012529627392328792 0.013015402808580231 0.0031790469395242501
leaf_weight=358 639 27208 555 106 1997 890 675 261 1083 100 62388 1107 1650 1427 313 138 134 194 154669 292 2496 505 26884 277 273 971 165 7894 157 1549
leaf_count=358 639 27208 555 106 1997 890 675 261 1083 100 62388 1107 1650 1427 313 138 134 194 154669 292 2496 505 26884 277 273 971 165 7894 157 1549
internal_value=1.444e-06 -6.53349e-05 -0.00975804 -3.33462e-05 -0.000267042 0.00252801 -1.68884e-05 0.00728226 -0.00236452 -0.000371953 -0.000433768 -0.00770206 0.00338901 0.00173583 0.0143638 0.00455844 0.00780523 0.0104266 -0.000391062 0.00503114 0.00263888 0.00949535 0.000826423 -0.00245174 0.0130704 0.0107422 -0.00137041 0.000184862 0.00155119 0.00118744
internal_weight=297355 293015 913 292102 229959 8199 4016 936 3080 221760 218270 1213 3490 3077 413 4340 2152 1737 217057 4183 2788 1395 62143 415 1438 1244 299 35259 8051 2188
internal_count=297355 293015 913 292102 229959 8199 4016 936 3080 221760 218270 1213 3490 3077 413 4340 2152 1737 217057 4183 2788 1395 62143 415 1438 1244 299 35259 8051 2188
is_linear=0
shrinkage=0.03


Tree=10
num_leaves=31
num_cat=0
split_feature=16 57 30 26 16 25 7 16 35 29 10 12 120 113 53 143 36 29 4 1 41 30 140 35 36 36 44 117 68 34
split_gain=98.5547 86.5 91.6252 93.7518 119.013 95.3799 92.5811 89.303 78.8995 67.0724 62.6756 54.3675 53.3778 52.2441 62.2209 52.1744 51.2244 44.9491 69.3698 43.507 71.0807 41.5288 51.1712 40.3949 39.8091 36.8142 35.7945 45.1764 33.2091 32.2504
threshold=1.2157111763954165 0.80647325515747081 -0.00038742304604966188 0.10153014212846757 0.70005577802658092 0.047347836196422584 0.033755270764231689 0.93408358097076427 0.18516926467418673 0.010320457164198162 1.0603495836257937 0.98799762129783641 0.25773195922374731 0.8095240890979768 0.98703384399414074 0.042462907731533057 0.77949300408363353 0.014003099873661997 0.36363686621189123 0.022413795813918117 -0.029003184288740155 -0.0071807033382356158 0.81320852041244518 0.81388270854949962 0.80595400929451 0.18778654932975772 1.0574162602424624 0.52163559198379528 0.67741975188255321 0.84154617786407482
decision_type=10 8 8 10 8 10 10 8 10 10 10 10 8 10 10 10 10 10 10 10 10 10 10 10 10 10 10 10 10 10
left_child=1 11 7 4 6 -5 9 8 26 -4 12 -1 -6 14 -10 -7 -17 19 -19 23 -21 22 -2 -9 -24 -12 -3 -28 -13 -30
right_child=21 2 3 5 10 15 -8 17 13 -11 25 28 -14 -15 -16 16 -18 18 -20 20 -22 -23 24 -25 -26 -27 27 -29 29 -31
leaf_value=-0.015816433418947843 -0.000334220856833888 -0.003585132167280462 0.00055870390412482342 0.017268957971084048 -0.0015348981479954675 0.017269880782389505 0.0045574699260445455 -0.00034721019697020971 -0.030083863997241906 -0.022814146980728488 0.017829916643283459 0.0031320729304370478 0.00054178398402248481 0.0014886647156347437 -0.0089686142149356125 -0.00067949469491568261 0.0088079537694559871 0.022083063000594549 -0.0056028087130717691 0.00076766049065918448 -0.001960417774537497 0.00024826053135607799 0.0036324600849921345 0.0015117362183877897 0.012382918320249924 0.0037560467556504687 -0.0069414319257395194 0.0080800652729716149 -0.016701067252614887 0.00033073928528087768
leaf_weight=477 660 1803 112 512 12046 200 202 76710 141 439 249 387 136815 296 1550 1876 661 176 104 11462 32697 1536 971 12151 1242 714 214 617 189 128
leaf_count=477 660 1803 112 512 12046 200 202 76710 141 439 249 387 136815 296 1550 1876 661 176 104 11462 32697 1536 971 12151 1242 714 214 617 189 128
internal_value=2.14105e-06 -6.40024e-05 -2.9893e-05 0.000472409 0.000361109 0.00550516 -0.0113663 -0.000592283 -0.00469011 -0.0176847 0.000423561 -0.00809957 0.000371538 -0.00919472 -0.0112357 0.00308642 0.00172464 -0.000447294 0.0111118 -0.000475547 -0.00124549 0.0044448 0.00656749 -8.93565e-05 0.00874474 0.007989 -0.00113526 0.00378696 -0.00216412 -0.00932218
internal_weight=297337 292928 291747 153826 150577 3249 753 137921 4621 551 149824 1181 148861 1987 1691 2737 2537 133300 280 133020 44159 4409 2873 88861 2213 963 2634 831 704 317
internal_count=297337 292928 291747 153826 150577 3249 753 137921 4621 551 149824 1181 148861 1987 1691 2737 2537 133300 280 133020 44159 4409 2873 88861 2213 963 2634 831 704 317
is_linear=0
shrinkage=0.03


Tree=11
num_leaves=31
num_cat=0
split_feature=16 57 25 40 71 29 57 35 137 86 78 28 120 69 72 17 36 140 12 11 115 1 86 113 1 31 117 34 6 34
split_gain=119.332 82.9481 75.7243 83.3403 93.8068 60.434 127.634 70.1282 62.9004 56.3109 55.3356 54.6864 54.1118 54.0442 53.5263 53.4534 52.4515 62.153 49.9887 39.2197 31.7453 54.9149 31.1153 25.5435 33.4367 30.1845 26.9738 25.2457 24.4304 24.0521
threshold=1.2346542477607729 0.80647325515747081 0.012346642557531597 -0.030142763629555699 0.61684516072273265 -0.00044414788135327393 1.168602526187897 0.82404759526252758 0.53661262989044201 -0.516666680574417 0.70000001788139354 -0.016411625780165192 0.25773195922374731 0.19746558368206027 0.70000007748603832 0.67958521842956554 0.80595400929451 0.72682881355285656 0.98766008019447338 0.98162475228309642 0.30555571615695959 0.065468672662973418 0.71666666865348827 0.50847432017326366 0.016973120160400871 3.0346619496413044e-05 0.39986032247543341 0.88041076064109813 0.06666771695017816 0.8585173785686494
decision_type=10 8 10 10 10 10 10 10 10 2 10 10 10 10 10 8 10 10 10 10 10 10 2 8 8 10 8 10 10 10
left_child=1 18 23 4 10 7 12 8 -5 -8 14 -6 -7 -13 -4 -12 27 -18 22 -9 21 -19 -1 24 -3 -26 -25 28 -2 -20
right_child=16 2 3 5 11 6 9 19 -10 -11 15 13 -14 -15 -16 -17 17 20 29 -21 -22 -23 -24 26 25 -27 -28 -29 -30 -31
leaf_value=-0.021499976123352998 0.0058093606543601576 0.0011621203159819973 -0.002303926096728482 -0.0018952384786956318 0.014926751622870495 -0.0021120288286611 0.0079444077794185945 -0.0022780011439042396 -0.00023278280864068892 0.00025869654936149493 0.013703596717149942 0.0091621667903391355 5.1102051951040522e-05 0.002105370205848207 -0.018155728461683361 0.00067343059357158114 -0.004326432209697288 0.003234201362031518 -0.0053460236150336318 0.0015458301984356772 0.01898353840513476 0.020841907312651762 -0.0031290919289204962 0.0083051585203878162 -0.003824932580360616 0.0013871770374588352 0.0018315079472559549 0.011860563408527243 -0.0020923551289613617 0.0075260648868123821
leaf_weight=291 494 13914 2303 56259 417 11461 2558 2875 32908 1412 271 1271 109146 4958 201 18723 210 725 543 13356 444 214 182 615 2655 1478 16281 179 1065 137
leaf_count=291 494 13914 2303 56259 417 11461 2558 2875 32908 1412 271 1271 109146 4958 201 18723 210 725 543 13356 444 214 182 615 2655 1478 16281 179 1065 137
internal_value=-2.48303e-05 -8.99433e-05 -5.7041e-05 -0.000235478 0.00130228 -0.000425068 1.99165e-05 -0.000953774 -0.00128525 0.00530104 0.000322773 0.00441522 -0.000152284 0.003618 -0.00382902 0.000889337 0.00560305 0.00954728 -0.00805353 0.000848084 0.0118994 0.00791083 -0.0154535 0.00125185 0.00044497 -0.00189109 0.00209442 0.00174975 0.000263335 -0.00218317
internal_weight=297546 294215 293062 258119 28144 229975 124577 105398 89167 3970 21498 6646 120607 6229 2504 18994 3331 1593 1153 16231 1383 939 473 34943 18047 4133 16896 1738 1559 680
internal_count=297546 294215 293062 258119 28144 229975 124577 105398 89167 3970 21498 6646 120607 6229 2504 18994 3331 1593 1153 16231 1383 939 473 34943 18047 4133 16896 1738 1559 680
is_linear=0
shrinkage=0.03


Tree=12
num_leaves=31
num_cat=0
split_feature=16 30 16 11 35 25 29 3 33 28 23 27 1 114 120 11 27 32 84 38 30 62 35 73 26 26 38 140 29 38
split_gain=80.1418 70.0748 96.7954 82.4087 77.0274 68.6656 59.2364 59.3447 56.6694 56.1045 59.8092 84.215 50.467 48.915 48.6296 64.4699 97.6797 70.3371 45.4774 46.676 43.7922 42.044 41.4737 42.0567 68.3448 38.9451 56.2488 38.8289 38.1892 36.7558
threshold=1.2346542477607729 -0.00042474368819966907 0.93408358097076427 0.92475160956382763 0.1763018146157265 0.052060935646295554 0.014003099873661997 0.012305174954235555 0.97336161136627208 -0.015118086244910954 0.081776939332485213 0.081968981772661223 0.054819600656628616 0.5749187469482423 0.25773195922374731 0.97212737798690807 0.11981403827667238 0.0067304496187716731 0.75000000000000011 0.01175967324525118 -0.0055941320024430743 0.91294395923614513 0.82404759526252758 0.30000000447034841 0.044440530240535743 0.022057157009840015 -0.00063158047851175059 0.81828525662422191 0.00093348117661662411 -0.0026793436845764513
decision_type=10 8 8 8 10 10 10 10 10 8 10 10 10 10 8 8 8 10 2 10 10 10 10 10 10 10 10 10 10 10
left_child=1 2 4 5 12 -3 22 -8 20 10 11 -5 -1 -13 18 16 -16 -17 21 -20 27 -11 25 -24 -25 -4 -27 -2 -6 -29
right_child=8 3 6 9 28 -7 7 -9 -10 14 -12 13 -14 -15 15 17 -18 -19 19 -21 -22 -23 23 24 -26 26 -28 29 -30 -31
leaf_value=-0.0022579575641434885 0 0.0027257696170214589 0.00014976659173861017 0.00041574397789043176 -0.011466755348417164 -0.016844704005069679 0.022612260363623498 -0.0027524496503628605 -0.01448728117307164 -0.0048780313186872161 -0.01513156985368231 0.0057911294317985855 0.01665418445156485 0.017399307779655836 0.0018512829490663033 0.00038996182867152466 0.012434846327914409 -0.0059580253278848352 0.0016068953900922835 -0.0066004314629876234 -0.00046173108874687124 -0.00017491284937983971 0.0021703824039481169 0.0013124981780978815 -0.0048531261179450783 -0.000139039529752532 -0.0017616023049289735 0.013988856001063418 -0.00096688550172056929 0.004818351157574949
leaf_weight=2354 536 206 37558 2255 1556 433 180 103 107 4313 119 1411 112 495 9346 126418 856 1566 5028 685 757 3055 10199 4523 2462 36057 42269 897 474 989
leaf_count=2354 536 206 37558 2255 1556 433 180 103 107 4313 119 1411 112 495 9346 126418 856 1566 5028 685 757 3055 10199 4523 2462 36057 42269 897 474 989
internal_value=-1.41145e-06 -5.46413e-05 -0.000548468 0.000379295 -0.00487407 -0.0101891 -0.00039967 0.0128182 0.00464239 0.000425944 0.00381169 0.00449499 -0.00115126 0.00911098 0.000327672 0.000494831 0.00279124 0.000309026 -0.00141333 0.000550899 0.00546659 -0.00297433 -0.000431957 0.000935617 -0.000825522 -0.000637464 -0.00101872 0.00743096 -0.00919476 0.00943835
internal_weight=297319 294033 137847 156186 4496 639 133351 283 3286 155547 4280 4161 2466 1906 151267 138186 10202 127984 13081 5713 3179 7368 133068 17184 6985 115884 78326 2422 2030 1886
internal_count=297319 294033 137847 156186 4496 639 133351 283 3286 155547 4280 4161 2466 1906 151267 138186 10202 127984 13081 5713 3179 7368 133068 17184 6985 115884 78326 2422 2030 1886
is_linear=0
shrinkage=0.03


Tree=13
num_leaves=31
num_cat=0
split_feature=16 11 30 16 120 21 49 25 25 3 84 35 74 18 71 42 30 140 36 123 10 25 37 12 39 1 42 125 42 23
split_gain=92.0621 64.1869 64.9369 72.1321 71.7768 60.8115 56.3944 56.1801 52.0075 80.0558 63.2295 50.3906 60.1525 45.6723 67.8721 49.2935 43.475 45.5979 44.0762 42.4357 40.3894 45.4411 39.8299 53.7752 56.3307 47.292 65.1513 42.9542 36.6605 36.514
threshold=1.2157111763954165 0.92475160956382763 -0.00038742304604966188 0.93561235070228588 0.25773195922374731 0.91351643204689037 0.88403329253196727 0.052060935646295554 0.054792646318674094 0.013300283811986448 0.45000000298023229 0.18516926467418673 0.15000000223517421 1.0402371287345888 0.53921553492546093 -0.11591945588588713 -0.0071807033382356158 0.81828525662422191 0.78563979268074047 0.61904805898666393 1.0407767891883852 0.025940897874534134 0.84965670108795177 0.98893806338310253 0.012334921862930061 0.022805063985288147 -0.093140352517366395 -0.39743559062480921 -0.014828830491751431 0.017025897279381755
decision_type=10 8 8 8 8 10 10 10 8 10 2 10 2 10 10 8 10 10 10 10 10 8 10 10 10 8 10 10 10 10
left_child=1 6 3 11 20 8 7 -1 10 -10 -6 12 -3 15 -15 -7 17 -2 -19 28 21 -4 25 24 -24 27 -27 -5 -13 -20
right_child=16 2 4 22 5 13 -8 -9 9 -11 -12 19 -14 14 -16 -17 -18 18 29 -21 -22 -23 23 -25 -26 26 -28 -29 -30 -31
leaf_value=0.00086064447587097558 0 0.0058001037116628233 0.00073038790181667536 0.0014024984693669518 0.010939788703208145 0.011826403106251365 0.0026393732731393375 -0.017719814561008077 -0.0014275366429182398 0.0057524791207803887 0.0027566871402619005 -0.00599947225176925 -0.0041275700241374513 0.0011454683495569966 0.013465869458882828 0.00026324046296781137 0 0.0024987208889580489 0 0.0016584331784241196 0.0064072305163398032 -0.0032313483556274448 0.022650449352513567 0.00054262790211346407 0.0040106514025726597 0.0022842286462191898 -0.0018821883207220628 -0.00046809429285533342 -0.016177626812235328 0.013690073610030482
leaf_weight=162 675 724 3476 13015 1273 314 266 484 4126 2064 2998 1193 1967 1492 569 128721 1490 839 183 308 486 9138 172 10087 988 3675 33653 71185 555 1195
leaf_count=162 675 724 3476 13015 1273 314 266 484 4126 2064 2998 1193 1967 1492 569 128721 1490 839 183 308 486 9138 172 10087 988 3675 33653 71185 555 1195
internal_value=-3.16042e-05 -9.72751e-05 -7.11608e-05 -0.000546259 0.000349376 0.000547671 -0.00796061 -0.0127239 0.00275111 0.000929082 0.00530525 -0.00417909 -0.00132283 0.000369163 0.00478777 0.000295532 0.00427315 0.00640621 0.0084716 -0.00772424 -0.00176808 -0.00211645 -0.000413508 0.00128481 0.00736578 -0.000573336 -0.00146296 -0.000175126 -0.00954723 0.0118058
internal_weight=297473 293091 292179 137522 154657 141557 912 646 10461 6190 4271 4747 2691 131096 2061 129035 4382 2892 2217 2056 13100 12614 132775 11247 1160 121528 37328 84200 1748 1378
internal_count=297473 293091 292179 137522 154657 141557 912 646 10461 6190 4271 4747 2691 131096 2061 129035 4382 2892 2217 2056 13100 12614 132775 11247 1160 121528 37328 84200 1748 1378
is_linear=0
shrinkage=0.03


Tree=14
num_leaves=31
num_cat=0
split_feature=16 11 30 16 28 27 23 14 43 17 89 49 120 14 35 16 92 70 32 1 41 14 74 90 35 133 36 1 125 67
split_gain=96.0272 62.8677 60.0658 70.5824 62.5907 69.5063 80.6288 77.6742 58.2199 74.4053 91.5993 75.1743 64.7888 101.676 56.6923 54.0428 53.4806 48.1596 44.458 51.6174 56.609 44.2876 40.4413 39.8556 38.9183 37.8221 37.7471 41.3596 45.1091 48.3013
threshold=1.2346542477607729 0.92475160956382763 -0.00042474368819966907 0.93561235070228588 -0.0094511965289711935 0.083864297717809691 0.062172828242182739 0.81529909372329723 1.0328515172004702 0.7205362617969514 0.71831643581390392 0.87654918432235729 0.25773195922374731 0.81529909372329723 0.18516926467418673 0.72276085615158092 0.60751348733901989 0.43333370983600622 -0.0048612528480589381 0.022413795813918117 -0.03748780116438865 0.81529909372329723 0.15000000223517421 0.043548060581088073 0.81388270854949962 0.27120111882686621 0.6414773464202882 0.054819600656628616 -0.40390411019325251 0.19198717921972278
decision_type=10 8 8 8 8 10 10 10 10 8 10 10 8 8 10 8 10 8 10 10 10 10 2 10 10 8 10 10 10 10
left_child=1 16 3 14 5 17 7 -7 12 10 -10 -11 15 -14 22 -6 25 -4 23 24 -21 -19 -3 -5 -20 -1 -2 28 -28 -30
right_child=26 2 4 18 8 6 -8 -9 9 11 -12 -13 13 -15 -16 -17 -18 21 19 20 -22 -23 -24 -25 -26 -27 27 -29 29 -31
leaf_value=0.0056216190707171331 0 0.0048474833523565021 -0.00062156873414983041 0.0046039590852088577 -0.010920282655727838 0.022375574134226046 -0.012091456781482187 0.0054380014198250138 -0.0033252838678179443 0.0052672792009963365 -0.020068373164215041 -0.00096996981274719159 0.027044326988490002 0.00072939040633184286 -0.0077910413292739105 -0.0011095910604398632 -0.01697363043765597 -0.0079065141856749562 -0.00028697802019309553 0.00088924318851477157 -0.0018962024673949232 0.0049679811874514118 -0.0033816582695302875 -0.00016525160653587534 0.0015864212459571064 -0.0088355684247108622 0 0.013253773104877967 0.012920247876693776 -0.0061321110300051451
leaf_weight=280 915 713 5931 3016 521 263 185 3361 1911 1841 349 24778 113 102087 2067 11017 339 227 74562 8055 32473 2955 1876 3038 11494 314 925 713 627 111
leaf_count=280 915 713 5931 3016 521 263 185 3361 1911 1841 349 24778 113 102087 2067 11017 339 227 74562 8055 32473 2955 1876 3038 11494 314 925 713 627 111
internal_value=2.81086e-05 -2.81355e-05 -2.07502e-06 -0.000460376 0.000400545 0.0024005 0.00580815 0.00686558 0.000216922 -0.000981946 -0.00619577 -0.000523702 0.00052408 0.000766707 -0.00408861 -0.00159668 -0.00772102 0.000933744 -0.000330155 -0.000452355 -0.00133503 0.00391219 -0.000980613 0.00216863 -3.29632e-05 -0.001571 0.0051091 0.00708873 0.00414116 0.00957268
internal_weight=297057 293766 292833 137294 155539 12922 3809 3624 142617 28879 2260 26619 113738 102200 4656 11538 933 9113 132638 126584 40528 3182 2589 6054 86056 594 3291 2376 1663 738
internal_count=297057 293766 292833 137294 155539 12922 3809 3624 142617 28879 2260 26619 113738 102200 4656 11538 933 9113 132638 126584 40528 3182 2589 6054 86056 594 3291 2376 1663 738
is_linear=0
shrinkage=0.03


Tree=15
num_leaves=31
num_cat=0
split_feature=32 26 158 22 60 58 17 38 35 34 86 52 50 79 138 1 6 78 123 9 25 34 39 71 115 52 9 54 60 54
split_gain=74.0188 77.1937 81.0556 105.919 93.521 90.8054 95.1529 115.118 78.6358 76.9817 72.4981 64.952 57.0975 56.7338 52.894 77.878 52.2351 51.5875 50.5755 42.0517 60.0987 41.9746 60.3805 54.6586 41.9599 41.5169 40.3779 44.4641 38.339 36.9093
threshold=-0.0046723040286451569 0.021808819845318798 -0.0014715141733177004 0.9795442819595338 0.73079699277877819 1.0077148675918581 0.73705121874809276 -0.016433146782219406 0.74744176864624035 0.77272439002990734 -0.58333334326744068 0.704116851091385 0.88396197557449352 0.94999998807907116 0.78861629962921154 0.070175420492887511 0.24138010293245318 0.30000000447034841 0.13636324554681781 1.025887191295624 0.040657646954059608 0.4163688868284226 0.036625599488615997 0.87878826260566723 0.26470585167407995 0.80625000596046459 0.98083829879760753 0.98986420035362255 0.96904262900352489 1.0834165215492251
decision_type=8 10 10 10 10 10 8 10 10 10 2 10 10 2 10 10 10 10 10 10 10 10 10 10 10 10 10 10 10 10
left_child=10 18 3 5 -4 6 7 -3 12 -8 14 13 16 -7 15 24 -5 -16 -2 21 -21 23 -23 -6 -1 -14 -12 -28 -26 -19
right_child=1 2 4 8 19 11 9 -9 -10 -11 26 -13 25 -15 17 -17 -18 29 -20 20 -22 22 -24 -25 28 -27 27 -29 -30 -31
leaf_value=-0.0090320619887174804 5.118737438660792e-05 -0.014778008675392744 -0.01112327144764412 0.011799159580045987 -0.00054902542697402989 0.0063637142556135003 0.00049158111349465448 0 0.0018467580893620746 0.0055918479234777375 0.0058498211442969258 0.003538662047292411 -0.007565360722499183 0.021865709024990871 0.013248054019987323 0.015575718254875392 -0.0023515239284959823 0.0014094022238905024 0.0015020091919743634 0 0.018272220890290024 -0.0014690814589275907 0.0037407673846289293 0.0024355928717947682 -0.0058692021060237137 -0.0011685258743676038 -0.011120719285067785 -0.0001248322937919608 0.0045027185646867333 0.010592666188348084
leaf_weight=418 53818 706 779 555 49032 803 11835 1362 10166 3483 894 5609 942 342 1009 280 336 1354 36646 408 231 69430 2012 6185 414 32047 344 4366 1099 605
leaf_count=418 53818 706 779 555 49032 803 11835 1362 10166 3483 894 5609 942 342 1009 280 336 1354 36646 408 231 69430 2012 6185 414 32047 344 4366 1099 605
internal_value=9.60029e-06 -8.12286e-05 -0.000416341 0.000416184 -0.0008619 0.00201477 0.000844822 -0.00512978 -0.00045365 0.00167662 0.00244825 0.00497075 -0.00115344 0.0115474 0.00500042 0.00130344 0.00619909 0.0076269 0.000642417 -0.000795012 0.00671482 -0.000836322 -0.00131715 -0.000208519 -0.000750761 -0.00136475 2.68991e-05 -0.00103498 0.00142942 0.00447546
internal_weight=297510 286727 196263 68186 128077 24140 17386 2068 44046 15318 10783 6754 33880 1145 5179 2211 891 2968 90464 127298 639 126659 71442 55217 1931 32989 5604 4710 1513 1959
internal_count=297510 286727 196263 68186 128077 24140 17386 2068 44046 15318 10783 6754 33880 1145 5179 2211 891 2968 90464 127298 639 126659 71442 55217 1931 32989 5604 4710 1513 1959
is_linear=0
shrinkage=0.03


Tree=16
num_leaves=31
num_cat=0
split_feature=16 57 40 71 26 38 16 16 26 58 78 15 99 24 33 1 17 124 12 30 41 13 124 52 1 111 24 81 13 34
split_gain=80.4347 67.0029 65.3967 97.7302 67.3988 70.8256 108.984 78.1999 65.1793 60.5146 59.1384 58.4361 56.4755 58.3045 52.7162 45.8838 45.0621 44.71 43.9466 43.2184 40.1852 40.0991 37.6607 35.753 34.7066 47.2645 40.7508 34.451 31.0495 35.4355
threshold=1.2346542477607729 0.80647325515747081 -0.04213376343250274 0.564740151166916 0.021808819845318798 -0.0010238760733045635 0.66539305448532116 0.66539305448532116 0.069804321974515929 1.0055145621299746 0.30000000447034841 0.86270305514335643 0.61250001192092907 0.11145476624369623 0.97781935334205639 0.036363659426569946 0.66476282477378856 0.34117725491523748 0.98687738180160534 -0.0055941320024430743 -0.0012396368547342715 0.96370521187782299 0.33098566532135015 0.90328228473663341 0.054819600656628616 -0.16954023391008374 0.047533841803669936 0.25000000745058065 0.98130065202713024 0.84154617786407482
decision_type=10 8 10 10 10 10 8 8 10 10 10 10 2 10 10 10 10 10 10 10 10 10 10 10 10 2 10 2 8 10
left_child=1 18 3 12 15 6 16 11 -8 22 -9 -7 13 -3 19 20 -6 -11 27 24 23 -17 -5 -4 -2 26 -26 -1 29 -20
right_child=14 2 4 9 5 7 8 10 -10 17 -12 -13 -14 -15 -16 21 -18 -19 28 -21 -22 -23 -24 -25 25 -27 -28 -29 -30 -31
leaf_value=-0.0027770479919586315 0.0042737440068789118 0.00035619125628579131 0.0019821790449682563 0.0011738550588176583 -0.022576707741193108 0 4.5651390761320478e-05 -0.0023525358179733477 0.0033269186017969949 0.011369594225396129 -0.00062972673930639686 0.021734482918812928 -0.012621130082478798 0.016079555803603707 -0.014224634987132794 0.0015858719447648828 0 -0.0055978244889646539 -0.010084330103524468 -0.00051841301507687097 0.0012693712918763157 -0.006526683238403024 0.014862615284172521 -0.00040760217055024945 0 0.001766409750170676 0.021590743924314582 -0.021737135396876502 0.011078865632512607 0.0042958963050467652
leaf_weight=197 1557 9470 6713 2188 246 194 77571 23349 5858 1662 81146 217 272 199 101 772 109 116 405 744 46574 1485 187 34454 125 319 439 249 105 193
leaf_count=197 1557 9470 6713 2188 246 194 77571 23349 5858 1662 81146 217 272 199 101 772 109 116 405 744 46574 1485 187 34454 125 319 439 249 105 193
internal_value=3.62784e-06 -4.76893e-05 -1.8041e-05 0.00197301 -0.000119945 -0.00044302 0.000204385 -0.000962875 0.000280384 0.00583053 -0.00101793 0.011736 0.00032289 0.000743284 0.00465859 0.000554031 -0.0159187 0.0100458 -0.00721631 0.00543627 0.000665893 -0.0036305 0.00249204 -9.84936e-06 0.00736337 0.0122638 0.0174236 -0.0144848 -0.00191695 -0.00496896
internal_weight=297216 293931 292782 14094 278688 188690 83784 104906 83429 4153 104495 411 9941 9669 3285 89998 355 1778 1149 3184 87741 2257 2375 41167 2440 883 564 446 703 598
internal_count=297216 293931 292782 14094 278688 188690 83784 104906 83429 4153 104495 411 9941 9669 3285 89998 355 1778 1149 3184 87741 2257 2375 41167 2440 883 564 446 703 598
is_linear=0
shrinkage=0.03


Tree=17
num_leaves=31
num_cat=0
split_feature=16 11 29 57 40 3 18 42 6 45 1 41 78 48 3 17 16 47 42 57 73 33 36 33 59 54 33 18 35 25
split_gain=78.4451 66.8678 60.5024 80.3022 85.7545 80.3668 70.9218 60.0509 72.7787 59.0609 58.6986 109.333 76.6967 51.4309 50.6973 54.2753 48.113 45.8795 43.2752 38.9386 38.8394 37.8613 44.8359 42.0531 59.1581 55.2713 49.1593 37.3247 33.9224 33.8982
threshold=1.2157111763954165 0.92475160956382763 -0.0014732877607457338 1.168602526187897 -0.030142763629555699 0.021639359183609489 1.0220960974693301 -0.093140352517366395 0.090912133455276503 1.1138613820075991 0.018652879633009437 -0.031944008544087403 0.70000001788139354 0.98228129744529735 0.015503836795687677 0.66476282477378856 0.93408358097076427 1.0854185819625857 0.007017748663201929 1.2104274034500124 0.5000000149011613 0.97781935334205639 0.6414773464202882 0.58739981055259716 0.99836882948875438 1.0949974656105044 0.92346403002738964 0.99968725442886364 0.81061974167823803 0.065820328891277327
decision_type=10 8 8 10 8 10 10 10 10 10 10 10 10 8 10 8 8 10 10 10 10 10 10 10 10 10 10 10 10 10
left_child=1 -1 7 4 5 9 13 8 -3 -4 16 12 -12 -6 15 -10 17 -9 -13 -2 -8 22 -21 24 27 -26 -25 -24 -18 -16
right_child=19 2 3 -5 6 -7 20 10 14 -11 11 18 -14 -15 29 -17 28 -19 -20 21 -22 -23 23 26 25 -27 -28 -29 -30 -31
leaf_value=-0.0079946069410155498 -0.0035682029754342788 -0.0022676677387324304 0.0039040000752233132 0.0042911047382923955 -0.00021204607853466453 0.014367284933105112 -0.0015487150945190913 -0.00094913021663846093 0.020879453448750387 -0.0019411759440093245 -0.004125291662202552 -0.0028142591351697846 0.0014135371209849797 0.00092070624451132739 -0.010147680367377621 0.0047719092690873188 -0.00013849190694502396 -0.0094345009652049665 -0.00033904471721034742 0 -0.0082794962406128724 -0.0099989554118504048 0.0021383355064563746 0.013437393833313521 -0.011686364878618139 0.0091716036698422741 0.00022066552366300244 0.017614371474611906 0.0019033873766672296 0.0073272119161879694
leaf_weight=928 483 1965 5829 4489 105809 532 2275 1839 197 2029 2615 30140 14879 54526 304 3444 41753 886 8424 978 1286 114 434 1273 336 136 374 242 8814 108
leaf_count=928 483 1965 5829 4489 105809 532 2275 1839 197 2029 2615 30140 14879 54526 304 3444 41753 886 8424 978 1286 114 434 1273 336 136 374 242 8814 108
internal_value=1.91893e-05 -3.94204e-05 -1.25782e-05 0.00033513 0.000229828 0.00318523 7.63372e-05 -0.000547927 0.00235334 0.00235555 -0.00071074 -0.00138826 0.000564699 0.000171371 0.00466751 0.00583467 0 -0.00386597 -0.0022818 0.00400042 -0.00409587 0.00503113 0.00561469 0.00753737 0.00270222 -0.00493816 0.0106548 0.00845657 0.000212096 -0.00474529
internal_weight=297441 293071 292143 176775 172286 8390 163896 115368 6018 7858 109350 56058 17494 160335 4053 3641 53292 2725 38564 4370 3561 3887 3773 2795 1148 472 1647 676 50567 412
internal_count=297441 293071 292143 176775 172286 8390 163896 115368 6018 7858 109350 56058 17494 160335 4053 3641 53292 2725 38564 4370 3561 3887 3773 2795 1148 472 1647 676 50567 412
is_linear=0
shrinkage=0.03


Tree=18
num_leaves=31
num_cat=0
split_feature=57 1 121 25 25 48 30 49 13 32 38 138 18 51 33 9 84 62 40 26 1 50 69 26 117 22 49 25 81 1
split_gain=67.461 80.7454 110.13 63.2962 54.3664 56.6361 49.5756 84.7802 62.2537 47.3232 65.8676 56.2039 44.4844 50.3766 43.6606 40.1229 55.3131 82.7207 54.1876 37.4832 37.0101 34.4706 33.7182 31.4658 30.6251 30.4397 28.5809 38.6763 26.6476 24.2567
threshold=0.80647325515747081 0.054819600656628616 0.67764294147491466 0.01260923780500889 0.030155290849506858 0.91948559880256664 0.017914082854986194 0.8196873962879182 1.1168913841247561 -0.0048612528480589381 -0.018508657813072201 0.63982743024826061 0.95002853870391857 0.64709019660949718 0.85305687785148632 1.0288354754447939 0.45000000298023229 0.90557324886322033 -0.066464230418205247 0.083923820406198515 0.070175420492887511 0.69031959772109996 0.067796561866998686 0.044080661609768874 0.36422628164291387 0.90543931722641002 0.98261708021163952 0.021479529328644279 0.55000001192092907 0.017511555925011638
decision_type=8 10 10 10 8 10 10 10 10 10 8 8 10 10 10 10 2 10 10 10 10 10 10 10 10 10 10 10 2 10
left_child=12 3 4 29 5 20 8 -8 9 11 -11 -5 13 -1 -15 16 17 -6 25 -18 -3 -14 -10 -20 28 -17 27 -7 -4 -2
right_child=1 2 24 6 15 26 7 -9 22 10 -12 -13 21 14 -16 18 19 -19 23 -21 -22 -23 -24 -25 -26 -27 -28 -29 -30 -31
leaf_value=-0.024326238935131445 0.0015359225603576968 0.01469065775799404 0 -0.0029183032701265428 0.010359943776280954 0 0.023402308403140937 0 -0.0011805478597180716 -0.0045606486371891578 -0.00018836558146990192 0.0035225835326220872 0.007833409935280861 -0.017571903365903984 0.00075049868554231665 0.0081741291279571922 -0.0003260752088025898 -3.9330347346549389e-05 -0.00057013810531417316 -0.010434671352815322 -0.0044497851035872798 -0.007081049596423662 -0.011931136431465766 0.010903108521524265 0.0027507162946716675 -0.0043134561059078279 0.0026397666229789236 -0.013589818123501988 0.017533615047813093 -0.00031551428825521405
leaf_weight=204 29405 194 112 1470 1061 317 197 352 581 3130 237447 5884 229 147 295 232 1694 1740 196 413 113 294 604 1316 329 548 173 598 633 7797
leaf_count=204 29405 194 112 1470 1061 317 197 352 581 3130 237447 5884 229 147 295 232 1694 1740 196 413 113 294 604 1316 329 548 173 598 633 7797
internal_value=4.72581e-05 7.6849e-05 0.00277057 -1.30853e-05 0.00158506 -0.00371075 -0.000186163 0.00864672 -0.000207526 -0.00017321 -0.000246872 0.00219 -0.00708167 -0.012233 -0.00519069 0.00266011 0.00104561 0.00383902 0.00594863 -0.00252802 0.00688679 0 -0.00701621 0.00923199 0.0117813 -0.000112703 -0.00704214 -0.00921087 0.0152009 0.00113987
internal_weight=297705 296536 9669 286867 8595 1395 249665 549 249116 247931 240577 7354 1169 646 442 7200 4908 2801 2292 2107 307 523 1185 1512 1074 780 1088 915 745 37202
internal_count=297705 296536 9669 286867 8595 1395 249665 549 249116 247931 240577 7354 1169 646 442 7200 4908 2801 2292 2107 307 523 1185 1512 1074 780 1088 915 745 37202
is_linear=0
shrinkage=0.03


Tree=19
num_leaves=31
num_cat=0
split_feature=57 1 126 26 26 39 13 110 7 61 49 13 30 3 44 69 35 37 24 26 123 34 9 117 34 40 109 13 48 133
split_gain=64.3971 108.565 89.0762 63.6322 55.1176 67.64 53.4628 51.8116 52.4489 71.5516 49.435 67.7375 54.1139 64.0768 69.36 56.0668 51.5848 70.914 49.3929 48.5104 43.2597 36.6706 45.2945 32.7753 32.7267 28.9414 36.9005 48.6807 35.0344 34.4429
threshold=0.84245216846466076 0.054819600656628616 -0.35457612574100489 0.019930385984480384 0.044440530240535743 0.032399853691458709 1.0880139470100405 0.3514705896377564 0.038835020735859878 0.76175254583358776 0.83472758531570446 1.1045321822166445 0.017914082854986194 0.0096956091001629847 1.0299875140190127 0.91346159577369701 0.47179159522056585 0.84965670108795177 0.036025058478116996 0.075619116425514235 0.18181824684143069 0.84154617786407482 1.0268256068229678 0.36422628164291387 0.91593551635742199 -0.026172696612775322 0.38750000298023229 0.83576813340187084 0.95354071259498607 0.27480500936508184
decision_type=8 10 10 10 10 10 8 2 10 10 8 10 10 10 10 10 10 8 10 10 10 10 10 8 10 10 2 10 10 10
left_child=6 3 23 20 5 -4 21 8 9 -6 12 16 13 14 -5 -15 17 -12 -10 -18 -2 25 -23 -3 -13 28 27 -27 -1 -28
right_child=1 2 4 10 7 -7 -8 -9 18 -11 11 24 -14 15 -16 -17 19 -19 -20 -21 -22 22 -24 -25 -26 26 29 -29 -30 -31
leaf_value=0.0038931536759716262 0.00012557198536511965 0.014712424523053009 -0.0048313881265348267 0.013403174767420771 0.02737550912395818 0.0054918179251748789 0.012146200289847198 -0.0049308814035069915 0.0072925073641648061 0.0059442418503670765 -0.0010729716886584636 -0.0070838732086267548 0.023318658355126549 0.00048917324349105834 -0.0011484583832009083 -0.019105299460559576 -3.612091933828192e-05 0.0019226213298419571 -0.0026458442539168412 0.0026543298379143512 0.00163795300395077 -0.0052459316800723696 0.012578114633478464 0.0024972453273039716 0.0065154880293322578 -0.003600006131810675 0.0017946465959002664 -0.027315670901998167 -0.014481815936606983 -0.010741926639569171
leaf_weight=294 46104 762 1759 644 140 804 123 506 665 2913 88331 1810 114 403 462 157 106477 7651 1255 6363 27427 392 166 364 136 170 251 232 109 500
leaf_count=294 46104 762 1759 644 140 804 123 506 665 2913 88331 1810 114 403 462 157 106477 7651 1255 6363 27427 392 166 364 136 170 251 232 109 500
internal_value=-7.2785e-07 3.68516e-05 0.0032474 -6.52083e-05 0.00208051 -0.00145946 -0.00504989 0.00379029 0.00475395 0.0071964 -0.000329329 -0.000372891 0.00460896 0.00288934 0.00714578 -0.00495641 -0.000319159 -0.000830709 0.0006814 0.000113378 0.00069406 -0.00629546 0 0.0111379 -0.00592425 -0.0086375 -0.0110546 -0.0186435 -0.000817267 -0.00622497
internal_weight=297484 295247 9168 286079 8042 2563 2237 5479 4973 3053 212548 210768 1780 1666 1106 560 208822 95982 1920 112840 73531 2114 558 1126 1946 1556 1153 402 403 751
internal_count=297484 295247 9168 286079 8042 2563 2237 5479 4973 3053 212548 210768 1780 1666 1106 560 208822 95982 1920 112840 73531 2114 558 1126 1946 1556 1153 402 403 751
is_linear=0
shrinkage=0.03


Tree=20
num_leaves=31
num_cat=0
split_feature=32 86 33 33 44 41 29 61 3 17 25 35 17 15 49 50 79 125 12 24 34 84 51 17 78 76 53 58 52 82
split_gain=58.5538 65.6655 75.5459 56.2926 78.4962 70.1759 63.1184 90.4333 67.8673 92.3265 87.3896 67.4318 66.7663 77.2576 70.829 57.9834 52.8939 58.1999 57.2803 54.7436 52.6197 52.4266 79.3584 52.1428 51.4578 46.8745 52.5653 45.3705 44.5505 49.2431
threshold=-0.0048612528480589381 -0.58333334326744068 0.92942845821380626 0.37278090417385107 1.0408921837806704 0.049247061833739288 -0.00019778237765422088 0.79346299171447765 0.015133127104490997 0.72891840338706981 0.050562420859932906 0.77401626110076915 1.0520021915435793 0.92474418878555309 0.94506865739822399 0.80866569280624401 0.65000000596046459 0.10852719470858575 1.0058655142784121 0.11145476624369623 0.88752242922782909 -0.65000000596046437 0.8435189723968507 0.72891840338706981 0.30000000447034841 0.94999998807907116 1.0359299778938296 0.90710148215293895 0.64494141936302196 0.10833333432674409
decision_type=8 2 10 10 10 8 10 10 10 8 10 10 10 8 10 10 2 10 10 10 10 2 10 8 10 2 10 10 10 2
left_child=1 2 -1 4 -2 6 11 8 10 -10 -8 12 14 -14 -5 23 18 -18 19 -7 27 22 -6 -9 -17 26 -23 -20 -27 -30
right_child=3 -3 -4 5 21 16 7 15 9 -11 -12 -13 13 -15 -16 24 17 -19 20 -21 -22 25 -24 -25 -26 28 -28 -29 29 -31
leaf_value=0.0063309633896773661 -5.6546369464293215e-05 0 -0.005764471715935672 -0.0043309448324610807 0.012985250562373688 -0.0032348229846672406 0.017236487286684751 -0.014835912518846623 0 0.024108206824705977 -0.0005158629953992723 0.001660783782991978 0.011769412732878187 -0.0018804511769206084 0.00046127692172779987 0.00014235657015279228 0 0.017340126162347924 -0.0090584534037821355 -0.021263445445370895 0.017484373123065302 -0.0024174294154403991 -0.00059216197932495599 -0.0016469014200199603 0.0017119200411942345 0.019871415669161747 -0.0074724395675232792 0.005121970298686271 -0.0075622939785655336 0.0052767829989313012
leaf_weight=3993 71382 5121 484 2937 381 8573 292 339 241 388 1100 15170 353 27655 44197 36838 742 218 283 142 181 20637 11136 1415 39362 107 2104 589 379 776
leaf_count=3993 71382 5121 484 2937 381 8573 292 339 241 388 1100 15170 353 27655 44197 36838 742 218 283 142 181 20637 11136 1415 39362 107 2104 589 379 776
internal_value=-9.99989e-06 0.00229147 0.00493682 -8.79175e-05 -0.000634465 0.000233234 0.000383076 0.000997249 0.00725064 0.0154061 0.00318698 -0.00015758 -0.000529015 -0.00168944 0.000154593 0.000829461 -0.00211359 0.00442418 -0.0027945 -0.00361093 0.00362435 -0.00178674 -9.52651e-05 -0.00450361 0.000957305 -0.00258509 -0.00290446 8.3597e-05 0.00289129 0.000751459
internal_weight=297515 9598 4477 287917 106902 181015 170287 79975 2021 629 1392 90312 75142 28008 47134 77954 10728 960 9768 8715 1053 35520 11517 1754 76200 24003 22741 872 1262 1155
internal_count=297515 9598 4477 287917 106902 181015 170287 79975 2021 629 1392 90312 75142 28008 47134 77954 10728 960 9768 8715 1053 35520 11517 1754 76200 24003 22741 872 1262 1155
is_linear=0
shrinkage=0.03


Tree=21
num_leaves=31
num_cat=0
split_feature=31 23 74 57 55 42 59 16 10 82 104 78 26 58 38 94 138 137 6 42 5 1 17 30 70 36 101 81 114 4
split_gain=70.7778 70.849 61.1006 80.2553 56.4251 80.8924 71.7017 51.935 51.5011 58.7737 72.7603 53.9097 82.1006 74.2374 49.4657 48.4211 46.1827 79.5224 44.0297 43.9891 69.1616 59.9865 43.8076 42.8201 41.3918 40.6729 29.261 28.6438 27.1806 25.8899
threshold=-0.0082896822132170183 0.081776939332485213 0.55000001192092907 1.168602526187897 0.96420627832412731 0.081154078245162978 0.96094948053359996 1.0934437513351443 1.0603495836257937 0.30833333730697637 0.43650794029235845 0.30000000447034841 0.021686971187591556 0.93222382664680492 -0.0013404664932750163 0.24427707493305209 0.75158080458641063 0.96662700176239025 0.38889108598232275 -0.093140352517366395 0.0065573991741985091 0.019859797321259979 0.66476282477378856 0.0031531669665127997 0.9049271047115327 0.39101764559745794 0.5962963104248048 0.65000000596046459 0.87500014901161205 0.33333121240139013
decision_type=8 10 2 10 8 10 10 10 10 2 2 8 8 8 10 8 10 10 10 10 10 10 10 10 10 10 2 2 10 10
left_child=14 2 4 8 24 19 29 -5 11 10 -10 12 -4 -13 16 25 -1 -18 27 20 -6 -21 -17 -11 -2 -3 -8 -9 -24 -7
right_child=1 15 3 7 5 6 26 18 9 23 -12 13 -14 -15 -16 22 17 -19 -20 21 -22 -23 28 -25 -26 -27 -28 -29 -30 -31
leaf_value=0.00063033904092520663 -0.020360636858952258 -0.0058415229256514089 0.0013139840872856562 -0.00033342011535361443 -0.00050881377440613492 -0.0053518593047359366 0.015353232050647045 -0.00071604362845435917 -0.0074650319085172298 0 0.016964071334849271 0.0081520508545708942 -0.0011139872600532167 0.00072697094953207652 0.00086504492419759197 -0.029297119776933236 0.015585835570348157 0 0.015607820424684804 -6.6650592894893548e-05 0.005468118173295327 -0.0012773922629471439 -0.013532380160230529 0.020533915386543519 0 0.015557107932683898 0 0.0073497307890396258 0 0.0055739262970089312
leaf_weight=722 201 193 17916 988 4270 390 637 474 334 102 139 1225 41187 65028 2741 110 878 414 502 90847 2832 62575 307 317 108 103 116 1273 264 352
leaf_count=722 201 193 17916 988 4270 390 637 474 334 102 139 1225 41187 65028 2741 110 878 414 502 90847 2832 62575 307 317 108 103 116 1273 264 352
internal_value=3.97502e-06 -5.40983e-05 -2.57885e-05 0.000459122 -0.000414447 -0.000387286 0.00649969 0.00511534 0.00033657 0.00745299 0 0.000282358 -0.000372722 0.000871204 0.00362793 -0.00803871 0.00719516 0.0105695 0.00762308 -0.000454096 0.00184109 -0.000562523 -0.0123878 0.0153587 -0.0128546 0.00116861 0.012895 0.00500819 -0.00774154 0
internal_weight=297545 292790 291813 129485 162328 162019 1495 3237 126248 892 473 125356 59103 66253 4755 977 2014 1292 2249 160524 7102 153422 681 419 309 296 753 1747 571 742
internal_count=297545 292790 291813 129485 162328 162019 1495 3237 126248 892 473 125356 59103 66253 4755 977 2014 1292 2249 160524 7102 153422 681 419 309 296 753 1747 571 742
is_linear=0
shrinkage=0.03


Tree=22
num_leaves=31
num_cat=0
split_feature=32 33 44 48 138 1 81 17 35 10 27 24 22 61 14 78 71 41 61 31 119 19 40 10 61 13 38 23 84 41
split_gain=56.0576 51.6434 72.1191 51.9026 51.5171 81.6794 53.2173 51.1001 79.1267 65.9698 84.0342 66.0582 65.2458 70.4741 64.45 56.4064 58.5447 57.6083 56.0386 54.616 48.512 48.4238 48.1769 45.7102 45.5549 74.8354 76.6958 46.7852 48.7602 50.3071
threshold=-0.0046723040286451569 0.37278090417385107 1.0387170314788821 0.9879424273967744 0.80579292774200451 0.070175420492887511 0.61666667461395275 1.0506193041801455 0.47179159522056585 1.0169506669044497 0.035070249810814864 0.11145476624369623 0.80311778187751781 0.79346299171447765 1.0410012006759646 0.30000000447034841 0.76131653785705578 0.046130089089274413 0.77947142720222484 -0.0028280070982873435 0.80769196152687084 0.96192699670791637 -0.028921529650688168 1.0059737563133242 0.84213390946388256 0.93926686048507702 -0.0082230106927454454 0.010563194286078216 -0.65000000596046437 0.036391366273164756
decision_type=10 8 10 10 8 10 2 10 10 10 10 10 10 10 10 10 10 10 10 10 10 10 10 8 10 10 10 10 2 10
left_child=4 2 3 -2 5 23 -6 9 14 11 -11 15 18 -14 22 17 -17 -3 -12 20 -16 -10 -9 -1 25 26 -4 -26 -29 -30
right_child=1 7 24 -5 6 -7 -8 8 21 10 12 -13 13 -15 19 16 -18 -19 -20 -21 -22 -23 -24 -25 27 -27 -28 28 29 -31
leaf_value=0.0032573964471759816 -0.00053244511435914573 -0.0002041043485502422 0.0001487430403470721 0.0013508063123158526 0.00083056378280111189 0.012102990369030413 0.0061493959529155748 0.0044191722616257418 -0.0069389537574006096 -0.0009935756256482936 0.0012547261320242291 -0.016933188693061013 0.013348755913799063 0.0032217704707322827 -0.014562633959920038 0.00031079688097932948 0.0025156568446581093 -0.0038139592594542068 -0.010968879922088091 -0.0028747597940198314 -0.00098091739308719928 0.00078407981728828395 -0.001223760504287006 -0.0036965600174168507 -0.00070684377737909065 0.0052862326315619348 -0.020930140096984736 -0.00064128357177143638 -0.0043181485724481253 0.0047235519414811572
leaf_weight=1121 49808 32812 446 17873 3425 401 3657 1420 724 5963 884 181 652 14672 767 47876 14162 4547 491 5427 414 28283 20627 3026 15788 1868 198 6103 13034 531
leaf_count=1121 49808 32812 446 17873 3425 401 3657 1420 724 5963 884 181 652 14672 767 47876 14162 4547 491 5427 414 28283 20627 3026 15788 1868 198 6103 13034 531
internal_value=-1.07871e-05 -9.50058e-05 -0.000622137 -3.04382e-05 0.00202789 -0.000404482 0.00362892 0.000212924 -0.000520431 0.000561338 0.00202316 0.000225305 0.00311824 0.00368904 -0.00164076 0.000262968 0.000819604 -0.000653295 -0.00298984 -0.00424643 -0.010147 0.000576333 -0.000843041 -0.00173819 -0.00166842 0.00216704 -0.00631545 -0.00194968 -0.00293036 -0.0039357
internal_weight=297181 285551 105649 67681 11630 4548 7082 179902 57662 122240 22662 99578 16699 15324 28655 99397 62038 37359 1375 6608 1181 29007 22047 4147 37968 2512 644 35456 19668 13565
internal_count=297181 285551 105649 67681 11630 4548 7082 179902 57662 122240 22662 99578 16699 15324 28655 99397 62038 37359 1375 6608 1181 29007 22047 4147 37968 2512 644 35456 19668 13565
is_linear=0
shrinkage=0.03


Tree=23
num_leaves=31
num_cat=0
split_feature=16 11 25 1 26 20 49 33 38 17 43 51 38 62 71 25 49 26 145 4 30 33 1 66 60 113 5 98 140 128
split_gain=57.7667 57.5931 49.1829 55.4992 48.8274 80.6032 71.5995 60.8487 47.4067 101.108 51.2777 46.3081 45.8043 60.3754 53.9289 43.5089 38.1526 40.7844 37.9059 37.2095 32.7335 36.4081 26.6405 28.4066 22.9319 39.9623 26.8093 26.3769 22.8437 22.5581
threshold=1.2346542477607729 0.92475160956382763 0.012346642557531597 0.054819600656628616 0.038474516943097122 0.89273595809936535 0.83472758531570446 0.80117648839950573 -0.015619924291968344 0.73705121874809276 1.0732248425483706 0.88048970699310314 -0.0016018347814679144 0.86085230112075817 0.92682889103889476 0.029572173953056339 0.88403329253196727 0.051339637488126762 0.55781865119934093 0.21029150485992434 -0.0055941320024430743 0.96550825238227855 0.016885785385966304 0.16369047760963443 1.0354908704757693 0.3478261679410935 0.012626260984688999 1.0000000180025095e-35 0.73885455727577221 0.65902721881866466
decision_type=10 8 8 10 8 10 10 10 8 8 10 10 8 10 10 8 10 10 10 10 10 10 10 10 10 10 10 2 10 10
left_child=1 16 22 8 7 6 -6 29 9 10 -4 -11 13 -10 -14 -7 17 -1 -19 -9 21 24 -3 -24 25 -2 -27 -26 -29 -5
right_child=20 2 3 4 5 15 -8 19 12 11 -12 -13 14 -15 -16 -17 -18 18 -20 -21 -22 -23 23 -25 27 26 -28 28 -30 -31
leaf_value=0 -0.0054994318859575711 0.0015508497741610935 -0.017756286992070016 0 0.0014274696553751272 -0.0058147601110395044 -0.012275018177742323 0.010401484369569815 0.0023629753644113971 0.0019757598694575239 0.00075306112358633145 -0.0034635180069265553 -0.00066826377492778025 8.6458279097183493e-05 0.001212420347678654 0.0061395436436551829 0.00092916780505825558 -0.001260850952938199 -0.021347979243855605 -0.00412945572140129 -0.0011760179102566326 -0.0074666389822097556 -0.0040903670365582644 0.00043826244056042839 0 0.010795202070890752 0 0 0.012935662019009211 -0.0089088505111660447
leaf_weight=182 311 26293 533 377 1281 250 435 418 11970 2188 136 3671 130617 86299 15215 4650 285 160 323 199 748 142 1522 6150 255 482 264 131 943 795
leaf_count=182 311 26293 533 377 1281 250 435 418 11970 2188 136 3671 130617 86299 15215 4650 285 160 323 199 748 142 1522 6150 255 482 264 131 943 795
internal_value=4.09419e-05 -2.32349e-06 2.08148e-05 -0.000118914 0.0022732 0.00347705 -0.00197465 -0.00200221 -0.000200507 -0.00272192 -0.0136455 -0.00138142 -0.00013163 0.000367234 -0.000469851 0.0054475 -0.00730121 -0.0111906 -0.015605 0.00526138 0.00399054 0.00563422 0.00109473 -0.000429442 0.00659417 0.00279566 0.00669875 0.00930664 0.0113359 -0.00610192
internal_weight=297225 293949 292999 259034 8405 6616 1716 1789 250629 6528 669 5859 244101 98269 145832 4900 950 665 483 617 3276 2528 33965 7672 2386 1057 746 1329 1074 1172
internal_count=297225 293949 292999 259034 8405 6616 1716 1789 250629 6528 669 5859 244101 98269 145832 4900 950 665 483 617 3276 2528 33965 7672 2386 1057 746 1329 1074 1172
is_linear=0
shrinkage=0.03


Tree=24
num_leaves=31
num_cat=0
split_feature=56 49 53 124 18 33 38 33 44 36 23 104 32 84 29 30 18 48 40 27 0 29 10 3 3 32 32 76 39 43
split_gain=61.0916 80.696 102.153 73.6962 74.925 60.8736 55.504 58.7908 89.0399 58.6351 69.2925 54.8686 64.1316 59.9167 53.7853 72.4453 52.3601 46.9811 44.6807 44.39 42.0608 45.6177 40.6716 39.5807 73.263 56.8323 42.5732 39.4163 72.1451 54.3973
threshold=0.91144755482673656 0.83472758531570446 0.96991029381752025 0.60869401693344127 0.98033499717712413 0.78275394439697277 0.020111739635467533 0.37278090417385107 1.0387170314788821 0.80921056866645824 0.020328751765191558 0.31666667759418493 0.0040739749092608699 0.35000000894069677 0.0055956176947802314 -0.0011509002069942651 1.0429476499557497 0.9900307059288026 0.049291612580418594 0.057849608361721046 -0.038499040529131882 0.028112889267504219 1.0256932377815249 0.020586635917425159 0.0099095208570361155 0.0003878462157445029 -0.0038301706081256266 0.94999998807907116 -0.016987779177725312 1.0633724331855776
decision_type=8 8 10 10 10 10 10 8 10 8 10 2 10 2 8 10 10 8 10 10 10 10 10 10 10 10 10 2 10 10
left_child=3 2 -2 4 5 -1 7 8 17 14 -11 23 13 -13 15 -9 -16 -3 -8 -12 -5 -22 -6 24 25 -4 -26 28 -10 -29
right_child=1 6 11 20 22 -7 18 9 27 10 19 12 -14 -15 16 -17 -18 -19 -20 -21 21 -23 -24 -25 26 -27 -28 29 -30 -31
leaf_value=-0.025791239788417113 -0.012171436410366001 -0.00037656745138026109 0.013049979558513327 0.011045269044343291 -0.014204858644029164 -0.0042518511172782167 0.0043146863516248298 -0.00056065202208414118 -0.0054769817834072337 0.00067845712176854418 0.0001585721105815575 0.0062784226595815548 -0.0071277716892957687 0.022300714701681365 -0.0015605542909684755 0.00083619071364915713 0.013474766393192112 0.0016253297113979644 -0.0045806076749609929 0.0060586903622888129 0 -0.012857450523645769 0.0014338467228456188 0.017288411015196001 -0.026069362723841687 -0.0031664698541815565 0 -0.00054720306995918353 -0.0014682418499249786 0.012295590833001123
leaf_weight=332 233 54616 352 226 176 249 4119 57113 4714 18014 1712 507 105 494 20274 80032 187 13054 531 4278 1715 279 522 117 110 349 100 923 31736 391
leaf_count=332 233 54616 352 226 176 249 4119 57113 4714 18014 1712 507 105 494 20274 80032 187 13054 531 4278 1715 279 522 117 110 349 100 923 31736 391
internal_value=-2.54881e-05 2.05177e-05 0.00551459 -0.00395528 -0.00964532 -0.0175079 -2.34115e-05 -7.72094e-05 -0.000641423 0.000248729 0.00162963 0.00767999 0.0123271 0.0147613 3.6329e-05 0.000252302 -0.00139547 5.54619e-06 0.00321939 0.00442844 -0.000486316 -0.00203897 -0.00237745 0.00225417 0 0.00469648 -0.0147492 -0.00180807 -0.00199763 0.00317652
internal_weight=297560 294061 2367 3499 1279 581 291694 287044 105434 181610 24004 2134 1106 1001 157606 137145 20461 67670 4650 5990 2220 1994 698 1028 911 701 210 37764 36450 1314
internal_count=297560 294061 2367 3499 1279 581 291694 287044 105434 181610 24004 2134 1106 1001 157606 137145 20461 67670 4650 5990 2220 1994 698 1028 911 701 210 37764 36450 1314
is_linear=0
shrinkage=0.03


Tree=25
num_leaves=31
num_cat=0
split_feature=38 28 26 57 44 42 118 65 25 79 23 55 79 82 25 46 39 116 116 68 25 69 83 76 41 38 57 17 33 12
split_gain=57.9622 68.5952 68.4148 65.8717 59.7755 67.6449 59.046 97.846 107.651 91.7071 139.894 84.8824 74.7223 67.0958 65.5816 57.2646 53.6355 52.9195 51.4387 51.3553 48.0549 47.7636 47.1636 78.8768 59.1773 61.1075 55.4799 53.3429 43.7345 42.9194
threshold=-0.001470593560952693 -0.014115895610302685 0.021940106526017192 1.0029240846633913 1.0489704012870791 -0.10234589874744414 0.40789501368999487 0.86754387617111217 0.095100648701190962 0.55000001192092907 0.034667246043682105 0.98833924531936657 0.15000000223517421 0.87500000000000011 0.041854975745081908 1.1842830777168276 0.036625599488615997 0.7094830870628358 0.27777755260467535 0.090221263468265547 0.017409875057637695 0.54775452613830578 -0.70000001788139332 0.35000000894069677 0.039143901318311698 -0.010606055613607166 0.88065612316131603 1.0831748843193056 0.35042157769203192 0.98176664113998424
decision_type=10 8 10 10 10 10 8 10 10 2 10 10 2 2 10 10 10 10 10 10 10 10 10 2 10 10 10 10 8 10
left_child=1 3 -2 19 15 -6 7 13 9 12 -11 14 -9 20 -8 -3 17 28 -5 -1 -4 -18 23 -7 25 -24 -26 -25 -13 -16
right_child=2 4 6 18 5 22 11 8 -10 10 -12 16 -14 -15 29 -17 21 -19 -20 -21 -22 -23 24 27 26 -27 -28 -29 -30 -31
leaf_value=0.017615280225441999 0.00053461312478546275 0.00070623832543263471 0.0002965482279572704 0.0094791719182733252 0.0053689751637979411 -0.001643701294594976 0.00075572584291780679 0.0010405037809270024 -0.015840358939547008 0.0019188345855360677 0.019926901367407379 -0.001573218506505229 -0.0025554463987176408 -0.00069712442586550695 0 0.0069890199965178803 0.0085293244162222021 0.0065503389865920678 0.0011404326373413854 0 -0.0053291327468502521 -0.0028751382996987768 -0.0042573237567309647 0.0016830689964825441 -0.0021026834865807498 -0.0009282937731592215 0.0087657171193964278 0.009225351413719194 -3.2519391809521067e-07 0.02100328620285203
leaf_weight=477 56314 81344 1454 784 1576 5575 588 9576 379 3027 437 24995 11146 6153 114 1320 1090 927 4744 224 10468 411 7593 3663 707 15254 897 1146 44763 362
leaf_count=477 56314 81344 1454 784 1576 5575 588 9576 379 3027 437 24995 11146 6153 114 1320 1090 927 4744 224 10468 411 7593 3663 707 15254 897 1146 44763 362
internal_value=3.61139e-05 0.000527862 -0.000319984 0.00359713 0.000364207 -0.000643748 -0.000737864 -0.00162622 -0.000378949 -0.000111384 0.00437809 -0.000216339 -0.00087983 -0.00330247 0.00810511 0.000811858 -0.00034536 -0.000469068 0.00240704 0.0122389 -0.00461856 0.0052126 -0.000927306 0.00074577 -0.00165013 -0.00205054 0.00382359 0.00357331 -0.000568498 0.0161824
internal_weight=297508 125304 172204 6229 119075 36411 115890 42640 24565 24186 3464 73250 20722 18075 1064 82664 72186 70685 5528 701 11922 1501 34835 10384 24451 22847 1604 4809 69758 476
internal_count=297508 125304 172204 6229 119075 36411 115890 42640 24565 24186 3464 73250 20722 18075 1064 82664 72186 70685 5528 701 11922 1501 34835 10384 24451 22847 1604 4809 69758 476
is_linear=0
shrinkage=0.03


Tree=26
num_leaves=31
num_cat=0
split_feature=16 86 40 71 57 61 10 62 12 49 122 28 79 62 29 62 33 13 11 13 124 39 29 69 37 131 116 2 33 30
split_gain=62.1898 60.2738 52.2289 88.1808 64.8606 71.696 93.7337 73.8838 129.997 79.278 49.9126 47.2113 45.2191 57.5905 48.9311 56.2148 52.159 40.9561 40.6183 39.9583 48.3658 56.5175 39.37 39.2047 53.1028 35.2456 34.5872 33.664 30.8637 32.0203
threshold=1.2346542477607729 -0.81666666269302357 -0.029534909874200817 0.61684516072273265 0.84245216846466076 0.76175254583358776 1.015625059604645 0.68567064404487621 0.9827217459678651 0.83472758531570446 0.66316583752632152 -0.015690668486058709 0.84999999403953563 0.68567064404487621 -0.0011779901687987147 0.77558484673500072 0.33968061208724981 1.1045321822166445 0.96905499696731578 0.95974379777908336 0.64745023846626293 -0.037361815571784966 0.0075943900737911471 0.19746558368206027 0.17813033610582354 2.0449674129486088 0.65785703063011181 -0.21428836882114408 0.97336161136627208 -0.0060110881458967915
decision_type=10 2 10 10 10 10 10 10 10 10 10 8 2 8 8 10 8 10 10 10 10 10 10 10 10 10 10 10 10 10
left_child=1 10 3 12 19 6 26 8 -7 -9 25 -5 14 -14 15 -3 -16 -15 -12 20 21 -4 -8 24 -13 -1 -6 -22 29 -2
right_child=28 2 4 11 5 7 22 9 -10 -11 18 23 13 17 16 -17 -18 -19 -20 -21 27 -23 -24 -25 -26 -27 -28 -29 -30 -31
leaf_value=-0.0018635725146475307 0.0064752240117337918 -0.013526616968367345 -0.002414047127784038 0.013342181233423704 -0.0086178954919773985 0.011329189402587859 0.030174417433257286 0.0059581050349428854 -0.01005094257962535 -2.9618364925264503e-05 0.015699320796912643 0 0.018522778016691707 0.0015988954598220959 -0.0063834931017375061 -0.0024534518543456729 0.0024439295730788123 -0.0036642026013934377 0.0015477878551556311 0.009097844582694253 0.0067929715532696828 -0.02119778111071538 0.0059106514436517198 0.0022878091392159908 0.012713943348674473 0.0039662611686032828 0.00563731156145261 -0.0055321027268627095 -0.0093626337120337258 -0.00018108546105536432
leaf_weight=26265 2378 533 308 478 198 282 175 1987 1413 231218 203 416 154 12420 744 2129 2747 1443 1483 119 228 357 158 5535 816 918 464 797 114 773
leaf_count=26265 2378 533 308 478 198 282 175 1987 1413 231218 203 416 154 12420 744 2129 2747 1443 1483 119 228 357 158 5535 816 918 464 797 114 773
internal_value=1.29444e-05 -3.19086e-05 0.00010883 0.00134848 -3.29817e-05 9.38179e-06 0.00796637 -2.37211e-05 -0.00622833 2.06197e-05 -0.00133395 0.00418587 0.000311301 0.00126469 -0.00180906 -0.00486677 0.000451542 0.00102496 0.0035916 -0.00566093 -0.00696985 -0.0132604 0.0204989 0.00345748 0.00835237 -0.00165289 0.000806096 -0.00242591 0.00411854 0.00475685
internal_weight=297253 293988 265119 27415 237704 235895 995 234900 1695 233205 28869 7245 20170 14017 6153 2662 3491 13863 1686 1809 1690 665 333 6767 1232 27183 662 1025 3265 3151
internal_count=297253 293988 265119 27415 237704 235895 995 234900 1695 233205 28869 7245 20170 14017 6153 2662 3491 13863 1686 1809 1690 665 333 6767 1232 27183 662 1025 3265 3151
is_linear=0
shrinkage=0.03


Tree=27
num_leaves=31
num_cat=0
split_feature=32 138 137 38 25 40 36 13 18 71 104 68 46 33 14 46 38 29 37 81 11 109 160 10 74 12 67 161 157 0
split_gain=61.1505 49.076 62.2542 52.6664 48.3342 50.8448 112.75 53.5428 91.3671 51.0306 57.3777 54.2122 50.6737 52.6321 49.5732 43.0303 48.9297 43.9322 42.9379 41.2189 40.9801 40.5905 36.7613 39.8202 34.1981 35.5787 31.6653 31.381 31.0009 29.5929
threshold=-0.0048612528480589381 0.80579292774200451 0.9839913845062257 -0.02506238222122192 0.012346642557531597 -0.030740197747945782 0.81912946701049816 1.0707409381866457 1.0247355103492739 0.57352975010871898 0.38750000298023229 0.14723908901214602 1.231565594673157 0.58739981055259716 0.81529909372329723 1.0107371211051943 -0.0013404664932750163 0.0065882864873856315 0.34912891685962683 0.41666667163372045 0.97095018625259411 1.0000000180025095e-35 -0.11402636766433714 1.0061807036399844 0.35000000894069677 1.0184218883514407 0.36700680851936346 0.63797059655189525 -0.016632218845188614 0.0046814624220132836
decision_type=10 10 10 8 10 10 10 10 8 10 2 10 10 10 10 10 10 10 10 2 8 2 10 10 2 10 10 10 10 10
left_child=1 20 3 -3 -2 6 9 8 15 10 -6 28 29 -14 -12 17 -17 -7 -13 -9 -1 24 -22 -24 -8 -26 -5 -28 -11 -10
right_child=4 2 -4 26 5 7 21 19 12 11 14 18 13 -15 -16 16 -18 -19 -20 -21 22 -23 23 -25 25 -27 27 -29 -30 -31
leaf_value=0.0054451883380766154 0.00097219463927706294 0.024278293885711219 -0.0001481368749820233 0.0066508062000398887 -0.0093611923344388542 0.0017586985337688533 0.0028748491234306017 -0.0065667463025831157 -0.0043850593659835839 0 0.012600151067805094 0.0043610086257283775 -0.0063853362546069546 0.010984094488203458 -0.00029711306530791538 7.429279202494987e-05 -0.0008863009491836037 -0.00093654157851971699 -0.0020055563624665042 0.0064301798107394515 0.0014532565473974472 0.0018196440707717912 0.0029929631146868424 -0.0066347630515228191 0.010371756889751449 0.029365623482375692 -0.0082100009015420253 0.0070900579023697044 0.0083991176655197151 -0.016032422007089511
leaf_weight=996 33489 135 1842 3060 604 16285 504 215 5381 556 252 1565 224 369 17687 82387 111661 7995 2325 1613 1989 958 456 1506 877 119 264 178 1705 211
leaf_count=996 33489 135 1842 3060 604 16285 504 215 5381 556 252 1565 224 369 17687 82387 111661 7995 2325 1613 1989 958 456 1506 877 119 264 178 1705 211
internal_value=-1.37903e-05 0.0022397 0.00419058 0.00645879 -9.68548e-05 -0.000239336 0.000983802 -0.000387464 -0.000430511 0.000358523 -0.000413464 0.00272819 -0.00402456 0.0039393 -8.54023e-05 -0.000326962 -0.00047695 0.000858815 0.000488279 0.00468469 1.04501e-05 0.00709093 -0.00130456 -0.00423814 0.0101919 0.0134698 0.00555272 -0.00135889 0.00641231 -0.00493357
internal_weight=297408 10426 5479 3637 286982 253493 27152 226341 224513 24694 18543 6151 6185 593 17939 218328 194048 24280 3890 1828 4947 2458 3951 1962 1500 996 3502 442 2261 5592
internal_count=297408 10426 5479 3637 286982 253493 27152 226341 224513 24694 18543 6151 6185 593 17939 218328 194048 24280 3890 1828 4947 2458 3951 1962 1500 996 3502 442 2261 5592
is_linear=0
shrinkage=0.03


end of trees

feature_importances:
KLEN=30
STD30=30
ROC30=29
RSQR5=26
RESI5=24
STD20=21
RSQR30=19
BETA10=18
BETA20=18
QTLU60=18
STD5=17
BETA60=16
LOW0=15
RSQR20=14
RESI20=14
MIN10=14
QTLD60=14
ROC5=13
ROC60=13
HIGH0=12
VWAP0=12
STD10=12
RSQR10=12
RESI60=12
IMXD30=12
KUP=11
ROC10=11
SUMP5=11
RESI30=10
QTLD30=10
RSV30=10
MA5=9
BETA5=9
RSQR60=9
QTLU5=9
IMIN5=9
WVMA20=9
BETA30=8
RESI10=8
WVMA5=8
STD60=7
MAX10=7
MIN20=7
IMIN30=7
SUMN20=7
KLOW2=6
MAX30=6
MIN5=6
MIN30=6
MIN60=6
QTLU10=6
IMIN60=6
IMXD10=6
SUMD20=6
KUP2=5
OPEN0=5
MA60=5
MAX5=5
QTLD5=5
RSV10=5
IMIN10=5
SUMP30=5
SUMP60=5
KSFT=4
RANK60=4
RSV5=4
IMAX10=4
IMAX30=4
SUMD5=4
SUMD10=4
VSTD60=4
ORC_SIGNED_IMPACT_SHOCK_20=4
KMID=3
KLOW=3
ROC20=3
MAX60=3
QTLD10=3
QTLD20=3
RSV60=3
CNTP30=3
CNTN10=3
SUMN5=3
MA10=2
MA30=2
MAX20=2
QTLU20=2
QTLU30=2
RANK20=2
RSV20=2
IMAX5=2
IMXD5=2
CORR5=2
CORR20=2
CNTD10=2
SUMP10=2
SUMP20=2
VMA5=2
VSTD5=2
VSTD10=2
VSUMP20=2
ORC_VOLUME_CLIMAX_10=2
KMID2=1
KSFT2=1
MA20=1
RANK30=1
IMIN20=1
IMXD60=1
CORR10=1
CORR60=1
CORD10=1
CNTP5=1
CNTP10=1
CNTP60=1
CNTN20=1
CNTN60=1
CNTD20=1
CNTD30=1
SUMN10=1
SUMN30=1
SUMN60=1
SUMD30=1
VMA30=1
VSUMP5=1
VSUMP30=1
VSUMD10=1
VSUMD60=1
ORC_IMPACT_CONCENTRATION_20=1

parameters:
[boosting: gbdt]
[objective: regression]
[metric: l2]
[tree_learner: serial]
[device_type: cpu]
[data_sample_strategy: bagging]
[data: ]
[valid: ]
[num_iterations: 500]
[learning_rate: 0.03]
[num_leaves: 31]
[num_threads: 12]
[seed: 20260813]
[deterministic: 1]
[force_col_wise: 1]
[force_row_wise: 0]
[histogram_pool_size: -1]
[max_depth: 7]
[min_data_in_leaf: 100]
[min_sum_hessian_in_leaf: 0.001]
[bagging_fraction: 0.8]
[pos_bagging_fraction: 1]
[neg_bagging_fraction: 1]
[bagging_freq: 1]
[bagging_seed: 20260813]
[bagging_by_query: 0]
[feature_fraction: 0.8]
[feature_fraction_bynode: 1]
[feature_fraction_seed: 20260813]
[extra_trees: 0]
[extra_seed: 13549]
[early_stopping_round: 0]
[early_stopping_min_delta: 0]
[first_metric_only: 0]
[max_delta_step: 0]
[lambda_l1: 10]
[lambda_l2: 20]
[linear_lambda: 0]
[min_gain_to_split: 0]
[drop_rate: 0.1]
[max_drop: 50]
[skip_drop: 0.5]
[xgboost_dart_mode: 0]
[uniform_drop: 0]
[drop_seed: 11866]
[top_rate: 0.2]
[other_rate: 0.1]
[min_data_per_group: 100]
[max_cat_threshold: 32]
[cat_l2: 10]
[cat_smooth: 10]
[max_cat_to_onehot: 4]
[top_k: 20]
[monotone_constraints: ]
[monotone_constraints_method: basic]
[monotone_penalty: 0]
[feature_contri: ]
[forcedsplits_filename: ]
[refit_decay_rate: 0.9]
[cegb_tradeoff: 1]
[cegb_penalty_split: 0]
[cegb_penalty_feature_lazy: ]
[cegb_penalty_feature_coupled: ]
[path_smooth: 0]
[interaction_constraints: ]
[verbosity: 1]
[saved_feature_importance_type: 0]
[use_quantized_grad: 0]
[num_grad_quant_bins: 4]
[quant_train_renew_leaf: 0]
[stochastic_rounding: 1]
[linear_tree: 0]
[max_bin: 255]
[max_bin_by_feature: ]
[min_data_in_bin: 3]
[bin_construct_sample_cnt: 200000]
[data_random_seed: 20260812]
[is_enable_sparse: 1]
[enable_bundle: 1]
[use_missing: 1]
[zero_as_missing: 0]
[feature_pre_filter: 1]
[pre_partition: 0]
[two_round: 0]
[header: 0]
[label_column: ]
[weight_column: ]
[group_column: ]
[ignore_column: ]
[categorical_feature: ]
[forcedbins_filename: ]
[precise_float_parser: 0]
[parser_config_file: ]
[objective_seed: 16743]
[num_class: 1]
[is_unbalance: 0]
[scale_pos_weight: 1]
[sigmoid: 1]
[boost_from_average: 1]
[reg_sqrt: 0]
[alpha: 0.9]
[fair_c: 1]
[poisson_max_delta_step: 0.7]
[tweedie_variance_power: 1.5]
[lambdarank_truncation_level: 30]
[lambdarank_norm: 1]
[label_gain: ]
[lambdarank_position_bias_regularization: 0]
[eval_at: ]
[multi_error_top_k: 1]
[auc_mu_weights: ]
[num_machines: 1]
[local_listen_port: 12400]
[time_out: 120]
[machine_list_filename: ]
[machines: ]
[gpu_platform_id: -1]
[gpu_device_id: -1]
[gpu_device_id_list: ]
[gpu_use_dp: 0]
[num_gpu: 1]

end of parameters

pandas_categorical:null
