tree
version=v4
num_class=1
num_tree_per_iteration=1
label_index=0
max_feature_idx=162
objective=regression
feature_names=KMID KLEN KMID2 KUP KUP2 KLOW KLOW2 KSFT KSFT2 OPEN0 HIGH0 LOW0 VWAP0 ROC5 ROC10 ROC20 ROC30 ROC60 MA5 MA10 MA20 MA30 MA60 STD5 STD10 STD20 STD30 STD60 BETA5 BETA10 BETA20 BETA30 BETA60 RSQR5 RSQR10 RSQR20 RSQR30 RSQR60 RESI5 RESI10 RESI20 RESI30 RESI60 MAX5 MAX10 MAX20 MAX30 MAX60 MIN5 MIN10 MIN20 MIN30 MIN60 QTLU5 QTLU10 QTLU20 QTLU30 QTLU60 QTLD5 QTLD10 QTLD20 QTLD30 QTLD60 RANK5 RANK10 RANK20 RANK30 RANK60 RSV5 RSV10 RSV20 RSV30 RSV60 IMAX5 IMAX10 IMAX20 IMAX30 IMAX60 IMIN5 IMIN10 IMIN20 IMIN30 IMIN60 IMXD5 IMXD10 IMXD20 IMXD30 IMXD60 CORR5 CORR10 CORR20 CORR30 CORR60 CORD5 CORD10 CORD20 CORD30 CORD60 CNTP5 CNTP10 CNTP20 CNTP30 CNTP60 CNTN5 CNTN10 CNTN20 CNTN30 CNTN60 CNTD5 CNTD10 CNTD20 CNTD30 CNTD60 SUMP5 SUMP10 SUMP20 SUMP30 SUMP60 SUMN5 SUMN10 SUMN20 SUMN30 SUMN60 SUMD5 SUMD10 SUMD20 SUMD30 SUMD60 VMA5 VMA10 VMA20 VMA30 VMA60 VSTD5 VSTD10 VSTD20 VSTD30 VSTD60 WVMA5 WVMA10 WVMA20 WVMA30 WVMA60 VSUMP5 VSUMP10 VSUMP20 VSUMP30 VSUMP60 VSUMN5 VSUMN10 VSUMN20 VSUMN30 VSUMN60 VSUMD5 VSUMD10 VSUMD20 VSUMD30 VSUMD60 ORC_SIGNED_IMPACT_SHOCK_20 ORC_RETURN_PER_VOLUME_SURPRISE_20 ORC_IMPACT_CONCENTRATION_20 ORC_VOLUME_CLIMAX_10 ORC_VOLUME_STABILITY_TREND_20
feature_infos=[-0.16749253869056702:0.23587034642696381] [0:0.33308270573616028] [-1:1] [0:0.27153289318084717] [0:1] [0:0.21718749403953552] [0:1] [-0.31147539615631104:0.23587034642696381] [-1:1] [0.80914634466171265:1.2011904716491699] [1:1.365384578704834] [0.7725520133972168:1] [0.90894031524658203:1.0927579402923584] [0.57777780294418335:1.6790908575057983] [0.54954206943511963:1.8924485445022583] [0.46860837936401367:2.2146341800689697] [0.46312057971954346:2.740487813949585] [0.36440131068229675:2.649662971496582] [0.74611109495162964:1.3455072641372681] [0.65066665410995483:1.4951817989349365] [0.60133224725723267:1.7117466926574707] [0.56646168231964111:1.9959673881530762] [0.4937971830368042:1.8649090528488159] [0:0.26957115530967712] [0:0.32280367612838745] [0:0.36472421884536743] [0:0.57258552312850952] [0:0.50059491395950317] [-0.16409091651439667:0.12254486232995987] [-0.11048160493373871:0.12254486232995987] [-0.11048160493373871:0.12254486232995987] [-0.11048160493373871:0.12254486232995987] [-0.11048160493373871:0.12254486232995987] [0:1] [0:1] [0:1] [0:1] [0:1] [-0.15193372964859009:0.13264167308807373] [-0.24554997682571411:0.20802642405033112] [-0.40848860144615173:0.27864286303520203] [-0.44566619396209717:0.33016127347946167] [-0.96870207786560059:0.3971981406211853] [1:1.6472727060317993] [1:1.9298244714736938] [1:2.2439024448394775] [1:3.3160974979400635] [1:3.3160974979400635] [0.5718809962272644:1] [0.54045307636260986:1] [0.4660193920135498:1] [0.43721681833267212:1] [0.33789625763893127:1] [0.86334514617919922:1.4843636751174927] [0.72140765190124512:1.7869091033935547] [0.59200000762939453:2.054157018661499] [0.56569522619247437:2.423609733581543] [0.56576049327850342:2.3250908851623535] [0.60694897174835205:1.2689855098724365] [0.54922223091125488:1.4057971239089966] [0.49352750182151794:1.5574545860290527] [0.47533980011940002:1.5740000009536743] [0.38890489935874939:1.5950908660888672] [0.20000000298023224:1] [0.10000000149011612:1] [0.05000000074505806:1] [0.033333335071802139:1] [0.01666666753590107:1] [0:1] [0:1] [0:1] [0:1] [0:1] [0.20000000298023224:1] [0.10000000149011612:1] [0.05000000074505806:1] [0.033333335071802139:1] [0.01666666753590107:1] [0.20000000298023224:1] [0.10000000149011612:1] [0.05000000074505806:1] [0.033333335071802139:1] [0.01666666753590107:1] [-0.80000001192092896:0.80000001192092896] [-0.89999997615814209:0.89999997615814209] [-0.94999998807907104:0.94999998807907104] [-0.96666663885116577:0.96666663885116577] [-0.98333334922790527:0.98333334922790527] [-1:1] [-1:1] [-1:1] [-1:1] [-1:1] [-1:1] [-1:1] [-1:1] [-1:1] [-1:1] [0:1] [0:1] [0:0.90909093618392944] [0:0.90909093618392944] [0:0.90909093618392944] [0:1] [0:1] [0:0.89999997615814209] [0:0.8571428656578064] [0:0.8571428656578064] [-1:1] [-1:1] [-0.83333331346511841:0.90909093618392944] [-0.83333331346511841:0.90909093618392944] [-0.83333331346511841:0.90909093618392944] [0:1] [0:1] [0:1] [0:1] [0:1] [0:1] [0:1] [0:1] [0:1] [0:1] [-1:1] [-1:1] [-1:1] [-1:1] [-1:1] [0.20013266801834106:26452.083984375] [0.10012400150299072:23627.859375] [0.050104878842830658:26698.134765625] [0.033777147531509399:28136.5] [0.017187755554914474:26107.111328125] [0.00080492562847211957:59102.5] [0.0021778203081339598:49210.34375] [0.0021778203081339598:56418.4921875] [0.0021778203081339598:57003.12109375] [0.0021778203081339598:42065.70703125] [0:2.2360680103302002] [0:3.1615598201751709] [0:4.4708261489868164] [0:5.4656624794006348] [0:7.5986995697021484] [0:1] [0:1] [0:1] [0:1] [0:1] [0:1] [0:1] [0:1] [0:1] [0:1] [-1:1] [-1:1] [-1:1] [-1:1] [-1:1] [-5.735206127166748:337.23654174804688] [-1.954919695854187:1.9354152679443359] [-3.0736701488494873:3.4166228771209717] [-1204.73095703125:4677.0361328125] [-4.2686967849731445:7.5545482635498047]
tree_sizes=3116 3062 3038 3096 3022 3076 3069 3037 3051 2937 3038 3069 3065 3083 2945 3022 3017 3099 3059 3064 3057 3002 3139 3005 3103 3083 3045 3006

Tree=0
num_leaves=31
num_cat=0
split_feature=16 11 15 30 16 125 21 6 35 15 29 30 1 141 28 72 31 125 32 86 76 38 111 5 25 43 119 38 10 1
split_gain=161.542 104.578 98.1084 97.7955 117.838 93.4919 95.1851 67.1798 64.6989 63.193 62.5331 57.2809 55.3251 57.086 53.158 88.084 82.9331 51.0871 57.4581 61.5561 58.8146 51.0799 46.2053 46.1613 59.0959 37.2428 43.9258 37.1932 40.3658 35.5166
threshold=1.2346542477607729 0.92475160956382763 0.75119632482528698 -0.00042474368819966907 0.93561235070228588 0.48061358928680425 0.91351643204689037 0.60000064969062816 0.18516926467418673 0.86755946278572094 0.00093348117661662411 -0.0060110881458967915 0.054819600656628616 0.84421464800834667 -0.0094511965289711935 0.67105302214622509 0.0035153066273778681 -0.43902468681335444 -0.0048612528480589381 -0.81666666269302357 0.050000002607703216 -0.0033158777514472599 -0.16954023391008374 0.013592263218015434 0.026832802221179012 1.0393879413604739 0.18954240530729297 0.01686045061796904 1.0119050741195681 0.053075965493917472
decision_type=10 8 10 8 8 10 8 10 10 8 10 10 10 10 10 10 10 8 10 2 2 10 2 10 8 10 10 10 10 10
left_child=1 2 -1 4 8 6 7 9 27 -5 -10 12 13 -2 15 -8 -16 29 20 -20 -19 -15 -14 24 -7 -25 -27 28 -3 -6
right_child=11 3 -4 5 17 23 14 -9 10 -11 -12 -13 22 21 16 -17 -18 18 19 -21 -22 -23 -24 25 -26 26 -28 -29 -30 -31
leaf_value=-0.022619590682700426 -0.0058370638322581955 -0.0062152088242902566 -0.0020043389248374419 0.0024704230085914295 0.00083654340312806015 0.00047087967022754518 0.00083117317768612595 -0.0053345281957429894 -0.012214632665206445 0.0078959109491252739 9.8532876985401508e-10 9.8532876985401508e-10 0.020179131807910446 0.014721539699606732 0.00064662494836390308 0.0065908042506391809 -0.0015343043461353081 0.0071734597950469329 -0.0022594808662395813 -0.0004492223488382404 9.8532876985401508e-10 0.0020912741705881445 0.0043861156036988178 9.8532876985401508e-10 -0.0040555779925454047 0.018205718756749607 9.8532876985401508e-10 0.0092037197657067315 0.001593528939872623 0.0083852703722241319
leaf_weight=333 301 1500 607 6455 15638 3678 9317 670 1552 2936 447 814 568 555 101160 3275 18499 1635 20937 91542 2558 727 329 1436 7951 233 198 210 885 575
leaf_count=333 301 1500 607 6455 15638 3678 9317 670 1552 2936 447 814 568 555 101160 3275 18499 1635 20937 91542 2558 727 329 1436 7951 233 198 210 885 575
internal_value=2.02588e-05 -5.29129e-05 -0.009939 -1.95291e-05 -0.000603657 0.000493969 0.000721866 0.0035369 -0.00532277 0.0042117 -0.0093963 0.00660751 0.00885978 0.00508632 0.000504941 0.00236103 0.000306752 -0.000437478 -0.000658407 -0.000789195 0.00276592 0.0079317 0.0149358 -0.00188446 -0.00259985 0.00239287 0.0099135 -0.00202222 -0.00320373 0.00113274
internal_weight=297521 294227 940 293287 137479 155808 142312 10061 4594 9391 1999 3294 2480 1583 132251 12592 119659 132885 116672 112479 4193 1282 897 13496 11629 1867 431 2595 2385 16213
internal_count=297521 294227 940 293287 137479 155808 142312 10061 4594 9391 1999 3294 2480 1583 132251 12592 119659 132885 116672 112479 4193 1282 897 13496 11629 1867 431 2595 2385 16213
is_linear=0
shrinkage=1


Tree=1
num_leaves=31
num_cat=0
split_feature=16 57 26 40 36 14 118 18 78 113 33 25 1 25 17 41 33 30 158 17 140 121 1 14 18 50 131 87 23 25
split_gain=167.536 137.003 101.761 104.35 120.364 79.7265 80.6 76.9971 68.193 67.13 65.8418 64.1684 60.266 59.1782 94.0591 59.0699 53.4759 64.0022 52.3896 50.1715 45.62 50.1368 45.9615 40.0031 38.2789 34.7043 34.4095 32.3214 29.9187 34.281
threshold=1.2157111763954165 0.80647325515747081 0.021808819845318798 -0.030740197747945782 0.82249087095260631 0.81529909372329723 0.57407447695732128 0.95002853870391857 0.70000001788139354 0.5909089744091035 0.25649750232696539 0.087826393544673934 0.036788007244467742 0.036329464986920364 0.66476282477378856 0.033330366015434272 0.97781935334205639 -0.0069339359179139129 -0.0081397881731390936 0.66476282477378856 0.76602196693420421 0.66115710139274608 0.054819600656628616 1.0176565051078799 1.0247355103492739 0.69031959772109996 0.49228709936141973 -0.9583333134651183 0.032843878492712981 0.020791646093130115
decision_type=10 8 10 10 10 10 10 10 10 8 8 10 10 10 8 10 10 10 10 8 10 10 10 8 10 10 10 2 10 10
left_child=1 7 9 4 5 6 -4 11 -7 12 15 -1 -3 19 -15 24 17 20 -17 -12 -2 -22 27 -14 -5 -9 -6 -23 29 -11
right_child=16 2 3 10 26 8 -8 25 -10 28 13 -13 23 14 -16 18 -18 -19 -20 -21 21 22 -24 -25 -26 -27 -28 -29 -30 -31
leaf_value=-0.0047759083756269676 0 0.0002912383748077439 -0.0056142164060888301 -0.0017843831040056295 -0.0050670626201373458 -0.0031014151294448383 0.02132899390555125 0.0067996044086758049 0.0012460635508714847 0.0020719748922044213 0.0081369439904627056 -0.026276507875803164 -0.01363406769367668 -0.0071802991365135151 0.0011236799968289532 0.012086805054839929 -0.011367608470892583 0.00079951198377348394 0.00057783715410030683 -0.00075155439771643518 0.0020156429903336035 -0.0031259876580492078 0.021022585827270575 -0.0015112186912407412 -0.010314396593303448 -0.0081539995271703632 0.0091088741260012557 0.010865668504329044 0.016779116313904524 -0.0010751666012273333
leaf_weight=271 436 55451 112 47660 126 3902 304 220 18362 31418 550 334 438 1250 31545 377 128 1364 4291 89379 577 123 511 682 475 294 2052 1274 105 3314
leaf_count=271 436 55451 112 47660 126 3902 304 220 18362 31418 550 334 438 1250 31545 377 128 1364 4291 89379 577 123 511 682 475 294 2052 1274 105 3314
internal_value=6.46925e-06 -8.01195e-05 -3.85501e-05 -0.000417909 0.0013966 0.000731758 0.0134622 -0.0104654 0.00046856 0.000789709 -0.000676717 -0.0175867 0.000145783 -0.00029248 0.000793844 -0.00156363 0.00579588 0.0064287 0.00161892 -0.000692061 0.00893201 0.0104908 0.0128507 -0.0066713 -0.00187904 -0.00117687 0.00811365 0.00939531 0.00182608 0.00176261
internal_weight=297325 292912 291793 200385 24858 22680 416 1119 22264 91408 175527 605 56571 122724 32795 52803 4413 4285 4668 89929 2921 2485 1908 1120 48135 514 2178 1397 34837 34732
internal_count=297325 292912 291793 200385 24858 22680 416 1119 22264 91408 175527 605 56571 122724 32795 52803 4413 4285 4668 89929 2921 2485 1908 1120 48135 514 2178 1397 34837 34732
is_linear=0
shrinkage=0.03


Tree=2
num_leaves=31
num_cat=0
split_feature=32 57 86 26 25 26 38 51 1 138 53 11 18 87 143 118 28 56 8 52 33 1 110 49 43 36 71 23 12 53
split_gain=116.406 113.126 101.027 98.0996 127.657 113.923 112.875 200.228 107.639 74.0521 67.6357 66.4519 64.075 66.6465 64.0078 63.0736 60.6637 71.6655 60.1393 55.9337 55.0956 44.577 35.7967 35.7264 47.3733 35.5293 34.3667 33.7017 32.3913 49.1893
threshold=-0.0048612528480589381 0.80647325515747081 -0.58333334326744068 0.10153014212846757 0.046189228072762496 0.021808819845318798 -0.0010238760733045635 0.67947936058044445 0.059044299647212035 0.64949944615364086 0.98061671853065502 0.97264963388443004 0.95002853870391857 0.59166666865348827 0.042462907731533057 0.44518308341503149 -0.0063334449660032979 0.9872131645679475 -0.8095211088657378 0.67603021860122692 0.91173577308654796 0.036363659426569946 -0.35147058963775629 0.92133235931396495 1.0290705561637881 0.78267160058021557 0.64788708090782177 0.032843878492712981 0.99322363734245311 0.99707341194152843
decision_type=8 8 2 10 10 10 10 10 10 10 10 10 10 2 10 10 10 10 10 10 10 8 2 10 10 10 10 10 10 10
left_child=2 12 9 5 -5 15 7 -7 -9 11 -11 -1 13 20 -6 27 19 -18 25 -8 -2 -17 -13 24 -12 -16 -14 -3 -4 -30
right_child=1 3 28 4 14 6 16 8 -10 10 23 22 26 -15 18 21 17 -19 -20 -21 -22 -23 -24 -25 -26 -27 -28 -29 29 -31
leaf_value=0.009424596090544142 -0.029898188760491058 0.0015846516542876211 0.004693681441918768 0.017778605555645748 0.016170761876418121 -0.022082090658135732 0.0081297439181128028 0.00016457152963074637 0.0072366357703722755 -0.0051104537517437367 0.00894223607240794 -0.01526144802683848 -0.0095791700339140952 0 0.0048224580127410365 0.00018403978575764969 -1.7698681554773097e-05 -0.0021619260239929996 -0.00064831662518054862 -0.00021867526346766914 -0.0060597340438610691 -0.0056405530006371964 -0.0003540732363699026 0.0071297907491018131 0.023395198746995232 0.024426236556198161 0.0050262435190553695 0.016527946674750445 -0.01240817497629905 0
leaf_weight=386 274 38723 1149 548 260 340 723 85489 1966 254 733 220 234 176 463 50614 18787 58875 2835 25781 194 1190 482 2013 388 110 301 121 292 3575
leaf_count=386 274 38723 1149 548 260 340 723 85489 1966 254 733 220 234 176 463 50614 18787 58875 2835 25781 194 1190 482 2013 388 110 301 121 292 3575
internal_value=-3.06052e-06 -0.000111903 0.00326115 -7.24029e-05 0.00445698 -0.000141345 -0.00055613 0.000233386 0.0003286 0.00653008 0.00870697 -1.27313e-05 -0.00930963 -0.0155762 0.00229976 0.000733646 -0.00122436 -0.00164722 0.00106584 3.70831e-06 -0.0212845 4.23279e-05 -0.00573475 0.00994724 0.01453 0.00978863 -0.000936369 0.0016474 0.000270227 -0.00098432
internal_weight=297496 288004 9492 286825 4216 282609 191961 87795 87455 4476 3388 1088 1179 644 3668 90648 104166 77662 3408 26504 468 51804 702 3134 1121 573 535 38844 5016 3867
internal_count=297496 288004 9492 286825 4216 282609 191961 87795 87455 4476 3388 1088 1179 644 3668 90648 104166 77662 3408 26504 468 51804 702 3134 1121 573 535 38844 5016 3867
is_linear=0
shrinkage=0.03


Tree=3
num_leaves=31
num_cat=0
split_feature=57 57 29 26 62 58 25 13 12 57 43 142 26 13 45 49 17 15 1 55 38 126 84 126 53 51 29 1 11 11
split_gain=114.932 98.3814 98.3266 110.153 105.098 111.108 92.3653 97.3823 73.4221 69.049 68.4048 63.8356 62.4275 55.2272 92.8426 53.6956 53.2362 91.1903 58.3084 51.0883 56.3592 45.5494 76.9422 51.1768 64.1968 117.425 46.3467 44.7848 44.6328 44.592
threshold=1.2274150252342226 0.80647325515747081 -0.00088134477846324433 0.10153014212846757 0.68567064404487621 1.0241674184799197 0.046189228072762496 1.0707409381866457 0.98687738180160534 1.168602526187897 1.010843873023987 2.9703176021575932 0.021427014842629436 0.98090746998786937 1.0642211437225344 0.8196873962879182 1.0506193041801455 0.92814370989799511 0.018652879633009437 1.0723062157630923 0.018846358172595504 -0.46853132545948023 -0.84999999403953541 -0.27455085515975947 1.0448403358459475 0.93743938207626354 -0.010596807114779947 0.065468672662973418 0.99084672331810009 0.98513951897621166
decision_type=10 8 8 10 8 10 10 10 10 10 10 8 10 8 10 10 10 8 10 10 10 10 2 10 10 10 10 10 10 10
left_child=1 8 13 4 5 10 -5 11 -1 12 -4 -8 -6 14 -3 -9 19 -18 -19 20 -15 27 26 24 25 -24 -23 29 -21 -2
right_child=21 2 3 6 9 -7 7 15 -10 -11 -12 -13 -14 16 -16 -17 17 18 -20 28 -22 22 23 -25 -26 -27 -28 -29 -30 -31
leaf_value=-0.01789155658264522 -0.0040596589750738392 0.00019785713751423379 0.00080278926769485417 0.018544726938438272 0.0012456405532114557 0.01998406388238072 0.0041109881098547948 0.030223681914309661 -0.0018764566272060866 0.0049881955183550489 -0.013243970988351082 -0.0087922324926174925 -2.9257190626811331e-05 -0.00039305032214593009 -0.0062660347567146651 1.5042919549159705e-05 0.011432286682256529 -0.0002361332034655466 -0.0023436596296769201 0.0041348320036371424 0.0061381280526450512 0.00094823247972931532 0.010984777731981095 0.00062080437707733146 0.012721527658127743 -0.0024441688498976401 -0.010268462484158469 0.022705054780002683 0.00021219763079413282 0.0095414551472116724
leaf_weight=455 249 3846 375 466 51969 100 1553 160 682 3004 1103 415 101847 58561 3957 104 484 23020 25039 4803 1190 657 1018 2459 1035 1273 567 180 6073 780
leaf_count=455 249 3846 375 466 51969 100 1553 160 682 3004 1103 415 101847 58561 3957 104 484 23020 25039 4803 1190 657 1018 2459 1035 1273 567 180 6073 780
internal_value=8.66011e-05 -1.18924e-05 2.21326e-05 0.000515173 0.000410343 -0.00723266 0.00651097 0.00372295 -0.0087431 0.000490076 -0.00951661 0.00117805 0.000399642 -0.000601029 -0.00304936 0.0202188 -0.000437716 -0.00120273 -0.00134092 8.40385e-05 -0.000255946 0.00358079 0.00257739 0.00404859 0.00647433 0.00343656 -0.00408813 0.00901719 0.00197643 0.00594959
internal_weight=297424 289206 288069 161096 158398 1578 2698 2232 1137 156820 1478 1968 153816 126973 7803 264 119170 48543 48059 70627 59751 8218 7009 5785 3326 2291 1224 1209 10876 1029
internal_count=297424 289206 288069 161096 158398 1578 2698 2232 1137 156820 1478 1968 153816 126973 7803 264 119170 48543 48059 70627 59751 8218 7009 5785 3326 2291 1224 1209 10876 1029
is_linear=0
shrinkage=0.03


Tree=4
num_leaves=31
num_cat=0
split_feature=16 25 40 36 60 34 29 22 42 3 16 1 14 46 4 36 138 1 86 120 1 159 11 22 125 109 1 74 24 6
split_gain=142.56 84.9308 95.6758 106.339 102.666 115.368 78.5524 94.7953 69.3311 70.2501 63.7887 63.4058 61.3211 66.8243 58.0123 55.3097 57.2092 72.6986 55.0507 52.6294 43.0512 42.9335 35.8478 40.315 30.8412 29.9458 43.5395 30.8701 27.8422 25.4801
threshold=1.2346542477607729 0.012346642557531597 -0.030142763629555699 0.81912946701049816 0.73079699277877819 0.85507994890213024 -0.000591910647926852 1.0942281484603884 -0.093140352517366395 0.016261931508779529 0.93269440531730663 0.054819600656628616 0.84403431415557872 1.1099014878273012 0.26087038218975073 0.80595400929451 0.63982743024826061 0.059044299647212035 -0.58333334326744068 0.25773195922374731 0.10192065685987474 0.0021079529542475943 0.92475160956382763 0.93127992749214183 -0.39130453765392298 0.18333333730697635 0.06199734844267369 0.35000000894069677 0.054256098344922073 0.043476322665810592
decision_type=10 10 10 10 10 10 8 10 10 10 8 10 10 10 10 10 10 10 2 10 10 10 10 10 10 2 10 2 10 10
left_child=1 -1 3 11 5 20 8 19 9 -6 -10 12 14 -14 -3 29 17 -17 -9 -8 21 -4 -13 -24 28 26 27 -5 -18 -2
right_child=15 2 4 25 6 -7 7 18 10 -11 -12 22 13 -15 -16 16 24 -19 -20 -21 -22 -23 23 -25 -26 -27 -28 -29 -30 -31
leaf_value=0.0013580958610946946 0.0084686401258657652 0 0.0038397687946265333 0.0008388837773399138 0.0047461553117403368 0.010941581023856997 -0.0019443960508010896 0.0079751146652847302 -0.003881104818641846 -0.0096130255968774198 -0.00092591788099759395 -0.0095107286707498129 0.0016243032179141623 -0.0016045378017576924 0.018804535474672986 -0.0069039421969483306 0.004415993718388361 0.016569404067000845 0.00025009519986500859 0.0001736309110685058 -0.027690113609925567 -0.014925705851761513 0.012226221754939023 0.003154278447992005 0.021517459953276991 0.0025697447775505197 0.02718354396801442 0.01106201148412992 0.018846471526383742 0
leaf_weight=34831 419 255 119 463 2982 145 11634 2124 7149 311 92811 100 12438 10699 292 312 520 162 1492 111944 219 321 756 1374 384 920 120 950 194 1285
leaf_count=34831 419 255 119 463 2982 145 11634 2124 7149 311 92811 100 12438 10699 292 312 520 162 1492 111944 219 321 756 1374 384 920 120 950 194 1285
internal_value=3.71429e-05 -3.12936e-05 -0.000218943 0.00142237 -0.000421682 -0.0110055 -0.000382503 0.000114431 -0.000997468 0.00324964 -0.001141 0.000841374 0.000370269 0.000118173 0.010124 0.00624215 0.0103231 0.000857333 0.00488911 -2.36216e-05 -0.0164564 -0.00925204 0.0056637 0.00659749 0.0140526 0.00738236 0.0100071 0.00797999 0.00915229 0.00222724
internal_weight=297725 294449 259618 28367 231251 804 230447 127194 103253 3293 99960 25914 23684 23137 547 3276 1572 474 3616 123578 659 440 2230 2130 1098 2453 1533 1413 714 1704
internal_count=297725 294449 259618 28367 231251 804 230447 127194 103253 3293 99960 25914 23684 23137 547 3276 1572 474 3616 123578 659 440 2230 2130 1098 2453 1533 1413 714 1704
is_linear=0
shrinkage=0.03


Tree=5
num_leaves=31
num_cat=0
split_feature=57 31 30 28 12 50 61 120 116 61 27 62 159 14 29 125 53 159 13 86 50 161 33 101 140 122 12 123 74 86
split_gain=104.961 96.8895 86.6555 82.6688 76.1459 72.5845 71.5297 61.9964 62.1561 66.4531 58.8597 58.8254 55.213 51.4852 49.8181 48.9626 38.5459 38.1615 37.7522 38.3559 37.7153 37.5739 37.1366 56.1244 49.8502 38.6747 36.9309 56.9106 34.4045 33.6902
threshold=0.80647325515747081 -0.0082896822132170183 -0.00052842393051832904 -0.014115895610302685 0.98687738180160534 0.82967382669448864 0.93955594301223766 0.25773195922374731 0.70436501502990734 0.76175254583358776 0.082916025072336211 1.0483878254890444 -0.070338539779186235 0.81529909372329723 -0.0053717412520200005 -0.43902468681335444 1.0807352662086489 0.051804844290018089 1.1045321822166445 0.71666666865348827 0.94788435101509105 -0.63293838500976551 0.92628210783004772 0.41277891397476202 0.9935930371284486 0.65000012516975414 0.9854736626148225 0.83333346247673046 0.25000000745058065 0.68333333730697643
decision_type=8 8 8 8 10 8 10 8 8 10 10 10 10 8 10 8 10 8 8 2 10 10 10 2 10 10 10 10 2 2
left_child=4 11 5 10 29 -3 20 26 13 -10 18 21 14 -9 -12 28 -14 -17 19 -4 -7 -2 23 24 -13 -24 27 -5 -8 -1
right_child=1 2 3 7 -6 6 15 8 9 -11 12 22 16 -15 -16 17 -18 -19 -20 -21 -22 -23 25 -25 -26 -27 -28 -29 -30 -31
leaf_value=-0.027022446116965835 0.014058671914008928 0.011792344046671472 0.00044618155258143946 -0.012853785527369373 -0.0021969292087896603 -0.0036774233372924635 0.00013592739116634049 0.010282086825899858 0.014024342653794854 0.0024489270010913215 0 0.0064353476720811088 0.0061995538325292209 0.00031287229644413401 0.017796788659857378 -0.00052363627031865902 -0.0062133678176817088 -0.0020048132477200084 -0.0084846353948613822 0.0091366209493001001 -0.0138334522426093 -0.00035815551945992373 0.010647019635123963 0.00050525252391666828 0.018217416490440282 -0.0095431203618811973 -0.001071248396327716 -0.00071346500559780156 0.0033635421809141614 -0.0073843327453724629
leaf_weight=221 154 401 2159 634 714 1684 11336 450 487 5408 200 893 1100 134458 655 95329 242 19021 287 592 454 2100 112 600 671 204 11076 869 4117 229
leaf_count=221 154 401 2159 634 714 1684 11336 450 487 5408 200 893 1100 134458 655 95329 242 19021 287 592 454 2100 112 600 671 204 11076 869 4117 229
internal_value=-6.79682e-06 2.78846e-05 -4.05039e-05 0.000431276 -0.00892201 -0.000608196 -0.000649939 0.000302362 0.000484368 0.0035001 0.00413575 0.00427674 0.00788196 0.000349868 0.0138957 -0.000557245 0.00368252 -0.000772946 0.00129466 0.00247703 -0.00608127 0.000609903 0.00745788 0.00887224 0.0118458 -0.00128647 -0.00170864 -0.00613306 0.00101846 -0.0184066
internal_weight=296857 295693 290959 158617 1164 132342 131941 153382 140803 5895 5235 4734 2197 134908 855 129803 1342 114350 3038 2751 2138 2254 2480 2164 1564 316 12579 1503 15453 450
internal_count=296857 295693 290959 158617 1164 132342 131941 153382 140803 5895 5235 4734 2197 134908 855 129803 1342 114350 3038 2751 2138 2254 2480 2164 1564 316 12579 1503 15453 450
is_linear=0
shrinkage=0.03


Tree=6
num_leaves=31
num_cat=0
split_feature=16 29 40 50 61 12 41 3 58 62 92 38 45 16 41 49 52 38 54 45 35 27 73 30 36 140 70 23 7 117
split_gain=131.234 87.5556 102.756 102.907 97.9303 80.5965 79.5758 79.3373 77.3666 67.452 66.6526 65.1774 58.7741 56.7341 54.5267 54.1691 70.7541 85.1137 61.4547 84.8463 52.5226 50.7486 50.5544 78.8641 48.56 57.0563 45.0555 41.788 41.44 39.7608
threshold=1.2346542477607729 -0.00162652664585039 -0.030142763629555699 0.72665852308273327 0.73611807823181163 0.9827217459678651 -0.036728616803884499 0.020586635917425159 0.92646941542625438 0.68567064404487621 0.34406085312366491 0.020111739635467533 1.1152310967445376 0.86502808332443248 -0.06643959134817122 0.97095021605491649 0.75048553943634044 -0.014354468323290346 1.0867104530334475 1.0636382102966311 0.82404759526252758 0.12395683676004411 0.30000000447034841 -0.0074385108891874543 0.80280810594558727 0.72682881355285656 0.67768573760986339 0.017149657942354683 -0.0098618981428444368 0.63106802105903637
decision_type=10 8 8 8 8 10 8 10 10 8 10 8 10 10 10 10 10 10 10 10 10 10 10 10 10 10 10 10 10 10
left_child=1 8 7 5 -5 -4 14 12 10 -8 -1 15 21 28 -6 18 17 -17 19 -10 -18 -3 -13 -24 -2 -26 -25 -27 -14 -7
right_child=24 2 3 4 6 29 9 -9 11 -11 -12 22 13 -15 -16 16 20 -19 -20 -21 -22 -23 23 26 25 27 -28 -29 -30 -31
leaf_value=-0.0024117173056486837 0.0021717073222401609 0.0033527570737470844 -0.019571224780920059 0.016249071341210407 0.0074101602536801418 0.0036712471584000729 -0.0058622038130167692 0.013734461476712917 1.6133076724593895e-05 0.00037756851729388947 -0.025024341837109981 0.00064872884496842097 0.0065710327160158908 -0.0099947301984590637 -0.0064274434022384332 -0.010238797678317981 -0.00087526941683034869 0.0072727759355441157 0.0040282902225037189 -0.0038788857956959352 0.0011869370310118288 0.014909217872967322 -0.0042329406682192101 0.017053310153879078 -0.0035444511758090046 -9.3064284820754372e-05 0 0.013972093542213187 -0.003206451491256835 -0.0087816236493414006
leaf_weight=340 1702 5818 382 325 251 398 1549 630 7703 166330 198 1976 697 526 2359 257 71445 1874 1346 13717 13035 367 263 641 208 175 152 1207 800 449
leaf_count=340 1702 5818 382 325 251 398 1549 630 7703 166330 198 1976 697 526 2359 257 71445 1874 1346 13717 13035 367 263 641 208 175 152 1207 800 449
internal_value=2.63818e-05 -3.95377e-05 0.000368588 0.000204473 0.00026888 -0.008368 0.000234756 0.00352175 -0.000695743 0.000317517 -0.0118701 -0.000637491 0.00266994 -0.00165197 -0.0049364 -0.000760297 -0.000413445 0.00494583 -0.00206517 -0.00246547 -0.000553321 0.00413268 0.00367027 0.00892826 0.00596532 0.00976241 0.013659 0.0120011 0.00117478 -0.00263437
internal_weight=297120 293828 180881 172043 170814 1229 170489 8838 112947 167879 538 112409 8208 2023 2610 109377 86611 2131 22766 21420 84480 6185 3032 1056 3292 1590 793 1382 1497 847
internal_count=297120 293828 180881 172043 170814 1229 170489 8838 112947 167879 538 112409 8208 2023 2610 109377 86611 2131 22766 21420 84480 6185 3032 1056 3292 1590 793 1382 1497 847
is_linear=0
shrinkage=0.03


Tree=7
num_leaves=31
num_cat=0
split_feature=16 57 40 26 71 103 12 113 1 33 32 52 159 26 28 34 33 27 54 79 1 121 5 1 29 87 77 3 24 81
split_gain=113.696 98.0764 83.9871 102.853 82.0784 68.0446 61.1225 60.2671 56.6723 91.7271 80.3895 60.2541 58.2538 52.3223 45.1158 44.5004 43.7883 60.394 45.5595 43.5221 41.385 41.9183 40.2194 36.7513 39.5644 35.9201 34.6494 33.9613 32.1619 29.7292
threshold=1.2346542477607729 0.80647325515747081 -0.04213376343250274 0.021427014842629436 0.54340219497680675 0.55000001192092907 0.98487091064453136 0.59375044703483593 0.048893623054027564 0.95474800467491161 0.0067304496187716731 0.64494141936302196 -0.0047404712531715623 0.036252055317163474 -0.016411625780165192 0.88041076064109813 0.33363074064254766 0.093792546540498747 1.0674344301223757 0.84999999403953563 0.054819600656628616 0.65637069940567028 0.00552480691112578 0.036788007244467742 -0.00088134477846324433 -0.74166667461395253 0.30833333730697637 0.015503836795687677 0.043965009972453124 0.25000000745058065
decision_type=10 8 8 10 10 2 10 10 10 10 10 10 10 10 10 10 10 10 10 2 10 10 10 10 10 2 2 10 10 2
left_child=1 6 4 7 16 -6 29 23 10 13 12 -12 -5 -10 -7 20 19 -18 -19 -3 25 -22 -11 -4 -25 -2 -27 -16 -23 -1
right_child=15 2 3 8 5 14 -8 -9 9 22 11 -13 -14 -15 27 -17 17 18 -20 -21 21 28 -24 24 -26 26 -28 -29 -30 -31
leaf_value=-0.0054448035286636977 -0.004268063737044886 -0.011749165024196992 0.00017374591775787867 -1.9764431585443076e-05 -0.00026627015091366788 0.015772141518517389 -0.002673066175629883 0.001694087355085098 -0.0031718932140362239 0 -0.011257535685838368 -0.0012601946800942622 -0.0011061875218919734 0.0022587119797139207 0.0039172558849991865 0.014573473384425719 -1.4587040270185699e-05 -0.0032852276176248397 0.0086994294561243985 0.0017514534594227017 0.00061543076561471489 0 0.021535139853691401 -0.00041273004146021974 -0.012891228684601097 0.011304663782404583 0.00029305984235661553 0.012828591368471025 0.017715682518841348 -0.024466805960896162
leaf_weight=189 656 469 53851 82118 1177 575 707 32585 2002 100 1108 1204 98227 7129 2046 427 6444 307 1365 315 410 142 273 654 384 398 829 536 446 248
leaf_count=189 656 469 53851 82118 1177 575 707 32585 2002 100 1108 1204 98227 7129 2046 427 6444 307 1365 315 410 142 273 654 384 398 829 536 446 248
internal_value=-3.95298e-05 -0.000102937 -6.73586e-05 -0.00017894 0.00226445 0.00564801 -0.00879587 0.000672153 -0.000567959 0.00167924 -0.000686698 -0.00623541 -0.000613218 0.00103092 0.00793521 0.00547271 0.000574164 0.00126354 0.00630877 -0.00604304 0.00392928 0.00885057 0.0159264 5.96192e-05 -0.00546903 0.00109771 0.00422948 0.00596685 0.0138902 -0.0174947
internal_weight=297321 294013 292869 279635 13234 4334 1144 87474 192161 9504 182657 2312 180345 9131 3157 3308 8900 8116 1672 784 2881 998 373 54889 1038 1883 1227 2582 588 437
internal_count=297321 294013 292869 279635 13234 4334 1144 87474 192161 9504 182657 2312 180345 9131 3157 3308 8900 8116 1672 784 2881 998 373 54889 1038 1883 1227 2582 588 437
is_linear=0
shrinkage=0.03


Tree=8
num_leaves=31
num_cat=0
split_feature=16 26 40 50 39 71 31 62 11 29 15 118 30 86 104 49 73 12 103 5 141 0 30 140 111 81 7 87 5 21
split_gain=118.918 92.9828 91.1043 101.784 101.073 97.2249 72.724 91.0702 149.795 69.3447 58.1747 56.0383 55.4123 53.8068 51.857 48.5097 49.1625 45.8586 45.6317 46.4706 43.9053 38.6557 37.3855 47.5895 40.1347 37.1664 32.926 29.1058 34.1973 32.7737
threshold=1.2346542477607729 0.021427014842629436 -0.04213376343250274 0.69031959772109996 0.03947852365672589 0.54761901497840892 0.010280944872647526 0.68567064404487621 0.959243804216385 -0.00162652664585039 0.75119632482528698 0.40000058710575109 0.014696298632770778 0.84999999403953563 0.38750000298023229 0.84547823667526256 0.30000000447034841 0.9980578124523164 0.55000001192092907 0.0088383620604872721 1.115664064884186 0.040448473766446121 -0.0069339359179139129 0.81320852041244518 -0.16954023391008374 0.050000002607703216 -0.033975180238485329 -0.67500001192092884 0.0042661947663873443 0.95151650905609142
decision_type=10 10 10 10 10 10 10 10 10 10 10 8 10 2 2 10 10 10 2 10 10 10 10 10 2 2 8 2 10 10
left_child=1 11 5 4 12 14 7 8 -5 -9 21 27 -4 18 -3 -16 -17 -14 -7 -20 -15 -8 23 -2 -25 -12 -13 -1 -29 -30
right_child=22 2 3 6 -6 13 10 9 -10 -11 25 26 17 20 15 16 -18 -19 19 -21 -22 -23 -24 24 -26 -27 -28 28 29 -31
leaf_value=0.0044083929087599021 0 -0.011890251149889081 -0.015178006729282484 0.0082394653416923147 -0.023843399185925644 -0.00050929395412423976 0.0023688585279054348 -0.001227252238187052 -0.011130648007271975 -5.0816809358863264e-05 -0.00019010105871201789 -0.0092451923533294934 -0.004683852826264945 0.023226441291164242 0.01416881844972853 -0.0014525683343371693 0.0034507001580939118 0.017916530510057 0.0088815208102676017 0.00024942259955606155 0.00065940929593286915 -0.015589780311011055 0.00047068331987290226 0.013233184965575302 0.0027676416153553872 0.01358959958442678 0.00022865415411142345 0.0021244967420268371 0.010091256164056673 -0.00041549423768617031
leaf_weight=3398 529 290 143 427 318 1112 640 75527 1610 113277 174 311 121 257 211 5399 2756 138 2018 877 149 108 1009 1199 580 736 55404 19618 255 8864
leaf_count=3398 529 290 143 427 318 1112 640 75527 1610 113277 174 311 121 257 211 5399 2756 138 2018 877 149 108 1009 1199 580 736 55404 19618 255 8864
internal_value=-2.47819e-06 -6.737e-05 -0.000416381 -0.000581614 -0.0117063 0.00200073 -0.000537234 -0.000593272 -0.00688377 -0.000523094 0.00566437 0.000748667 -0.000719494 0.00561537 0.000114649 0.000593927 0.000172193 0.0067039 0.00440719 0.00638912 0.0160685 -0.000171934 0.00562788 0.0077302 0.0100566 0.0106848 0.00016709 0.00174693 0.00141895 -6.74204e-05
internal_weight=297455 294138 206288 193219 720 13069 192499 190841 2037 188804 1658 87850 402 4413 8656 8366 8155 259 4007 2895 406 748 3317 2308 1779 910 55715 32135 28737 9119
internal_count=297455 294138 206288 193219 720 13069 192499 190841 2037 188804 1658 87850 402 4413 8656 8366 8155 259 4007 2895 406 748 3317 2308 1779 910 55715 32135 28737 9119
is_linear=0
shrinkage=0.03


Tree=9
num_leaves=31
num_cat=0
split_feature=16 57 29 26 16 68 22 42 5 26 43 78 22 82 14 18 52 16 90 23 86 36 24 140 98 35 35 102 24 139
split_gain=115.644 99.4085 71.3507 88.7164 111.898 98.9876 81.0387 66.187 86.5038 67.3799 61.6073 60.5583 114.993 60.2617 55.2105 53.8933 52.4252 49.4451 66.5825 102.602 41.4542 41.1874 47.9825 42.9764 42.9475 39.4493 39.12 38.9222 36.663 91.5149
threshold=1.2157111763954165 0.80647325515747081 -0.0013769433717243371 0.10153014212846757 0.70005577802658092 0.93442627787590038 1.0942281484603884 -0.093140352517366395 0.0086486656218767183 0.029906131327152256 1.0622919797897341 0.90000000596046459 0.90006065368652355 0.94166666269302379 0.92157503962516796 1.0402371287345888 0.66727772355079662 1.1159427762031557 0.41656348109245306 0.026563626714050773 -0.516666680574417 0.63441812992095958 0.054256098344922073 0.76602196693420421 1.0000000180025095e-35 0.74410381913185131 0.80410313606262218 0.55217784643173229 0.030180219560861591 0.6813245713710786
decision_type=10 8 8 10 8 10 10 10 10 10 10 10 10 2 10 10 10 8 10 8 2 10 10 10 2 10 10 2 10 10
left_child=1 10 7 4 5 14 15 8 28 26 16 13 -13 -11 -4 -6 -1 18 -5 -20 -8 -2 23 -23 -24 -12 -9 -10 29 -3
right_child=21 2 3 17 6 -7 20 9 27 11 25 12 -14 -15 -16 -17 -18 -19 19 -21 -22 22 24 -25 -26 -27 -28 -29 -30 -31
leaf_value=-0.022403468777155204 0 0.018519814979341444 -0.023405517665294331 0.012958938101319723 0.00016653399069320912 0.0053923273538345135 0.0065769580739905593 -0.00035797481503640159 0.0098897153211351587 -0.0033299737585336725 -0.0053439557518340777 0.010964729733861851 -0.00075495736542318509 -0.00043443657101018771 0 0.0067871868489412278 -0.0042815386381039712 -0.0071130515456675212 -0.00377704479712651 0.010991295747152867 0 -0.0041752804066524504 0 0.0059393837603415704 0.016063844230969054 0.013295781703503883 0.0021078818299687914 0 -0.0022887407905111431 0
leaf_weight=352 1098 277 396 988 164890 200 2749 54489 1501 20885 369 762 19717 9744 149 1097 333 215 896 743 1251 411 171 2061 675 118 6447 503 2556 1311
leaf_count=352 1098 277 396 988 164890 200 2749 54489 1501 20885 369 762 19717 9744 149 1097 333 215 896 743 1251 411 171 2061 675 118 6447 503 2556 1311
internal_value=2.65328e-06 -6.9134e-05 -3.27771e-05 0.000353249 0.000263565 -0.0111737 0.000316764 -0.000602188 0.00241188 -0.000770652 -0.00871599 -0.00157411 -0.000293974 -0.00241949 -0.0177596 0.000212909 -0.0143907 0.00559666 0.00679607 0.00278878 0.00452929 0.00481117 0.00647044 0.0041173 0.012746 0 -9.15608e-05 0.00749617 0 0.00348261
internal_weight=297354 292938 291766 173574 170732 745 169987 118192 6148 112044 1172 51108 20479 30629 545 165987 685 2842 2627 1639 4000 4416 3318 2472 846 487 60936 2004 4144 1588
internal_count=297354 292938 291766 173574 170732 745 169987 118192 6148 112044 1172 51108 20479 30629 545 165987 685 2842 2627 1639 4000 4416 3318 2472 846 487 60936 2004 4144 1588
is_linear=0
shrinkage=0.03


Tree=10
num_leaves=31
num_cat=0
split_feature=16 26 38 60 16 24 26 38 27 27 17 34 122 113 24 33 55 32 38 34 36 140 39 13 27 1 44 83 42 38
split_gain=93.8213 89.5208 80.1687 118.288 102.116 72.7081 65.8504 62.0335 98.915 76.2092 60.3148 133.302 55.4905 54.1413 51.4186 50.2927 52.3172 42.7274 87.5376 44.16 42.5068 45.4415 41.5545 41.3142 41.036 38.8109 37.6185 65.0993 53.4874 36.4066
threshold=1.2346542477607729 0.019930385984480384 -0.00089285580907016982 0.73079699277877819 0.66539305448532116 0.03719716705381871 0.069804321974515929 0.017799356952309612 0.13253632187843326 0.14594832062721255 0.70149126648902904 0.6568952500820161 0.27659599483013159 0.5909089744091035 0.023565207608044151 0.36156468093395239 0.88161060214042675 0.0029722494073212151 -0.016433146782219406 0.26699385046958929 0.80280810594558727 0.76268404722213756 0.026547196321189407 0.92295676469802868 0.054645650088787086 0.059044299647212035 1.0468424558639529 -0.3000000044703483 0.084065239876508727 -0.0023335150908678766
decision_type=10 10 10 10 8 10 10 10 10 10 8 10 10 8 10 10 10 10 10 10 10 10 10 8 10 10 10 10 10 10
left_child=1 13 6 22 5 14 17 8 -6 -9 11 25 -13 -1 -5 -12 -17 26 19 -19 -2 -22 -4 -20 -24 -8 28 -28 -3 -23
right_child=20 2 3 4 7 -7 10 9 -10 -11 15 12 -14 -15 -16 16 -18 18 23 -21 21 29 24 -25 -26 -27 27 -29 -30 -31
leaf_value=0.00018213994676175189 0.0014469406738876526 0.00049969189849616877 0 0.0035045960317685748 -0.00095410909364491633 0 0.0022720800433547301 0.00104393997005051 -0.0085120418848489143 0.015135003821773709 0.00050147765155096613 0.0032598034921997726 -0.015993019632854794 0.0018630820451509364 0.034386245282656103 -0.007938201215735019 0.0062611931910029643 0.0026004525834301601 0.012230438892069314 -0.0088025211791576911 -0.0012759973990036243 0.016459018125934172 -0.0026152293678574465 0.002204010455082164 -0.023442080930206305 0.02303923355466686 -0.00011633323489992686 -0.0030782501487016238 -0.003851973751265207 0.0052981967128410828
leaf_weight=45526 1676 47037 177 111 108948 215 369 6581 1573 351 3031 136 564 28204 141 211 4617 380 382 972 287 611 165 10169 336 105 21244 9877 2658 687
leaf_count=45526 1676 47037 177 111 108948 215 369 6581 1573 351 3031 136 564 28204 141 211 4617 380 382 972 287 611 165 10169 336 105 21244 9877 2658 687
internal_value=-1.66219e-05 -7.39084e-05 -0.000377619 -0.000908111 -0.000832363 0.0128379 0.00023781 -0.000891447 -0.00106591 0.00184208 0.00267997 -0.00349049 -0.0118492 0.000829551 0.0231444 0.00364633 0.00554856 0 0.00167587 -0.0053877 0.00502705 0.00856058 -0.0132513 0.00261785 -0.0175225 0.0082262 -0.000247918 -0.00106738 0.000259447 0.0109495
internal_weight=297341 294080 220350 118598 117920 467 101752 117453 110521 6932 9033 1174 700 73730 252 7859 4828 92719 11903 1352 3261 1585 678 10551 501 474 80816 31121 49695 1298
internal_count=297341 294080 220350 118598 117920 467 101752 117453 110521 6932 9033 1174 700 73730 252 7859 4828 92719 11903 1352 3261 1585 678 10551 501 474 80816 31121 49695 1298
is_linear=0
shrinkage=0.03


Tree=11
num_leaves=31
num_cat=0
split_feature=16 57 86 0 40 16 78 62 53 53 52 25 17 125 122 32 41 33 30 16 26 54 49 86 142 106 139 38 34 128
split_gain=105.453 79.0158 68.0506 61.7528 61.0019 73.6957 72.9867 89.3616 68.1003 72.736 67.507 66.4711 72.6544 54.1129 49.9926 48.7735 45.5104 43.3265 43.3884 40.5477 39.662 47.9695 46.0665 39.1686 35.678 31.0275 30.7595 32.5798 29.9062 34.2765
threshold=1.2346542477607729 0.80647325515747081 -0.81666666269302357 -0.00069279238232411433 -0.029534909874200817 0.81998422741889965 0.70000001788139354 0.78289091587066661 1.0436638593673708 1.0905932784080508 0.67603021860122692 0.019405731931328777 0.97708642482757579 -0.38571427762508387 0.65823549032211315 -0.003427176619879901 -0.0091947428882122022 0.97336161136627208 -0.0055941320024430743 0.8567359745502473 0.069804321974515929 1.0152363181114199 0.98927876353263866 0.68333333730697643 2.8422130346298222 0.63060426712036144 0.73385968804359447 -0.0026793436845764513 0.85507994890213024 1.0184686183929446
decision_type=10 8 2 10 10 8 8 8 10 10 8 8 8 10 10 8 10 10 10 8 10 10 10 2 10 2 10 10 10 10
left_child=1 3 14 28 5 8 7 -7 24 -10 -8 12 19 25 20 -15 -14 18 26 -6 21 -3 -23 -5 -4 -13 -2 -28 29 -1
right_child=17 2 4 23 11 6 10 -9 9 -11 -12 13 16 15 -16 -17 -18 -19 -20 -21 -22 22 -24 -25 -26 -27 27 -29 -30 -31
leaf_value=-0.011662006573158875 0.001162048751106247 0.00033953881341903988 0.0049443807586974919 -0.022038168071908247 -0.0067831497832724569 -0.016793492624168033 0.011522469425045817 -0.0012071087046606026 0.0170713315145225 -0.0047895656482827278 0.0013406704405404181 0.0022589612949400267 -0.0014155871370972878 0.0012306562850305609 0.0028823456358656667 -0.0008284114964896861 0.00043195876378732812 -0.010451120862991905 0 0.0018299630271298537 0.0041256836612918188 -0.0042947247912565418 -0.0013436895170464576 -0.0057244982302525503 -0.0042426209418476111 -0.0012500751718448405 0.01423954912222831 0.0054275650660674871 0.012945275743622914 0.0049471206974888602
leaf_weight=213 565 5829 1627 288 466 350 595 3891 705 135 19484 9523 15963 11241 2180 115929 48050 119 728 32935 936 9114 10851 386 444 2841 882 992 108 169
leaf_count=213 565 5829 1627 288 466 350 595 3891 705 135 19484 9523 15963 11241 2180 115929 48050 119 728 32935 936 9114 10851 386 444 2841 882 992 108 169
internal_value=-5.25485e-06 -6.612e-05 -3.38447e-05 -0.00780165 0.000116366 0.00146084 0.000903869 -0.00263661 0.00597378 0.0131795 0.00166848 -3.69903e-05 0.000562932 -0.000457989 -0.00141597 -0.00064388 -2.43792e-05 0.00532175 0.00607042 0.00169683 -0.00177963 -0.00200857 -0.00270879 -0.0135618 0.00280957 0.00142771 0.00797746 0.0098399 0 -0.00368717
internal_weight=297539 294253 293089 1164 264179 27231 24320 4241 2911 840 20079 236948 97414 139534 28910 127170 64013 3286 3167 33401 26730 25794 19965 674 2071 12364 2439 1874 490 382
internal_count=297539 294253 293089 1164 264179 27231 24320 4241 2911 840 20079 236948 97414 139534 28910 127170 64013 3286 3167 33401 26730 25794 19965 674 2071 12364 2439 1874 490 382
is_linear=0
shrinkage=0.03


Tree=12
num_leaves=31
num_cat=0
split_feature=40 50 38 27 26 61 38 71 120 78 86 54 57 38 113 1 34 33 82 82 13 47 14 34 34 73 77 23 39 24
split_gain=77.1371 89.295 90.5419 87.4529 72.4278 75.8051 67.9462 66.7699 82.2834 70.7671 64.2703 62.0038 91.7303 69.523 52.4289 50.6289 47.4701 48.0692 47.1709 47.0364 50.2799 49.7835 54.4577 48.4327 43.3986 41.0481 42.8924 39.527 36.2498 36.156
threshold=-0.043764555826783173 0.69031959772109996 -0.0094786747358739359 0.072969567030668273 0.019930385984480384 1.0664107203483584 -0.00089285580907016982 0.89473745226860057 0.24528294056653979 0.5000000149011613 0.75000000000000011 1.024940609931946 1.1727018952369692 -0.010606055613607166 0.58823314309120189 0.054819600656628616 0.93758702278137218 0.92054742574691784 0.50833332538604747 0.14166667312383655 0.97624760866165172 1.1172707676887514 0.81529909372329723 0.89897191524505626 0.50687789916992199 0.30000000447034841 0.80833333730697643 0.025842452421784404 -0.012167433276772497 0.037804234772920615
decision_type=8 8 10 10 8 10 10 10 10 10 2 8 10 8 10 10 10 10 2 2 8 10 8 10 10 10 2 10 10 10
left_child=3 2 -2 18 14 6 11 9 -9 -8 -4 12 -6 -13 -3 16 17 -7 -1 25 -21 24 -23 -24 -22 26 -5 -16 29 -20
right_child=1 4 10 19 5 15 7 8 -10 -11 -12 13 -14 -15 27 -17 -18 -19 28 20 21 22 23 -25 -26 -27 -28 -29 -30 -31
leaf_value=0.0025327023515850406 0.0047037958229193466 0.0001053322999857651 -0.021611531139644362 0.004959041689735811 0.00045045857108331734 0.002811860475807804 -0.0025331888897934945 -0.0027505960042639266 0.002050553888056258 -0.00071373974036555133 0.0019164049540279951 -0.0037538870861674794 0.0061852463267574494 -0.00019524012116775365 0.0016390067701742392 0.011658777275916896 0.012505385191272152 -0.0071184589617140489 -0.0011834977127684176 -0.0021734039790287743 0.017840403716531089 0.020027601451684647 0.0034414151333516077 0.020694122723049737 0 0.0048122202083026189 -0.0079973012438764972 0.012889245137438788 0.002075064133304889 -0.0088865156329691591
leaf_weight=2828 220 45013 441 301 62038 2029 27075 4262 12518 69179 102 6324 2610 23313 27553 632 333 532 1373 499 624 214 3044 145 150 1054 662 273 931 1040
leaf_count=2828 220 45013 441 301 62038 2029 27075 4262 12518 69179 102 6324 2610 23313 27553 632 333 532 1373 499 624 214 3044 145 150 1054 662 273 931 1040
internal_value=4.1569e-06 -9.7668e-05 -0.0102174 0.00227546 -6.86741e-05 -0.000351388 -0.000427047 -0.000923409 0.000811416 -0.00122906 -0.016748 0.000164907 0.000688467 -0.000966726 0.000745444 0.00398986 0.00214362 0.000593612 -0.000255458 0.00464786 0.00630219 0.00739173 0.0056224 0.00444345 0.0144554 0.000641147 -0.00362391 0.00176933 -0.00270361 -0.00467255
internal_weight=297312 284447 763 12865 283684 210845 207319 113034 16780 96254 543 94285 64648 29637 72839 3526 2894 2561 6172 6693 4676 4177 3403 3189 774 2017 963 27826 3344 2413
internal_count=297312 284447 763 12865 283684 210845 207319 113034 16780 96254 543 94285 64648 29637 72839 3526 2894 2561 6172 6693 4676 4177 3403 3189 774 2017 963 27826 3344 2413
is_linear=0
shrinkage=0.03


Tree=13
num_leaves=31
num_cat=0
split_feature=16 26 158 24 22 28 50 32 16 35 30 0 34 39 34 54 34 74 25 36 140 17 23 118 16 79 37 23 4 23
split_gain=84.7605 65.8041 73.4746 101.174 88.1828 99.5783 77.3367 71.0983 64.6338 59.2537 57.3323 56.4598 88.7174 54.2918 53.1198 49.8433 44.4648 58.2871 48.0306 44.2868 63.1572 39.4576 38.4458 45.4068 37.6495 53.2505 37.5495 34.7889 30.7985 30.3884
threshold=1.2346542477607729 0.021427014842629436 -0.0015398238901980219 0.11145476624369623 0.97598686814308178 -0.0096365069039165956 0.8382653295993806 0.0064158174209296712 0.90940269827842724 0.76736387610435497 0.0078076377976685771 -0.029017432592809197 0.4163688868284226 -0.017725414596498009 0.78610351681709301 1.0155028104782107 0.33684287965297705 0.45000000298023229 0.041464276611804969 0.80595400929451 0.72682881355285656 1.3184605836868288 0.026201304048299793 0.084745746105909361 0.88222891092300426 0.94999998807907116 0.84965670108795177 0.017149657942354683 0.16853910684585574 0.046119060367345817
decision_type=10 10 10 10 10 10 10 10 8 10 10 10 10 10 10 8 10 2 10 10 10 10 10 10 10 2 10 10 10 10
left_child=1 15 4 11 5 24 10 14 -9 26 13 12 -4 -6 -7 22 17 -13 -18 -2 -21 -11 -1 -24 29 -26 -8 -22 -5 -3
right_child=19 2 3 28 6 7 9 8 -10 21 -12 16 -14 -15 -16 -17 18 -19 -20 20 27 -23 23 -25 25 -27 -28 -29 -30 -31
leaf_value=0.0011181647696772588 0.0012268963338603037 0.012377055406275223 -0.007551600005974604 -0.022773421612725005 0.029445064629855994 0.00084416472597930944 -0.0011994780326079779 -0.011515148579518582 0.0025408659726463357 0.0021649045593014078 -0.0018898359111741867 -0.00099525583158998525 0.015974638551405421 0.0045634115638975379 0.0050281432890405611 -0.00032097884547427704 -0.001512466163989945 0.0010363808502250797 0.00017138254888226967 -0.0056149847069019935 -0.00033406770052087884 -0.0081591107284891343 -0.001466997448773779 0.01705834319767523 -0.0015851233401740468 0.0083938944535286598 0.002309865519711045 0.012632540506541164 -0.00076455817868312204 0.0010016623764713482
leaf_weight=58234 1687 1251 181 225 165 15006 34601 709 434 8880 177 25870 417 214 3406 29045 65072 24944 19501 208 166 316 149 274 866 947 2909 1204 115 329
leaf_count=58234 1687 1251 181 225 165 15006 34601 709 434 8880 177 25870 417 214 3406 29045 65072 24944 19501 208 166 316 149 274 866 947 2909 1204 115 329
internal_value=5.22378e-05 -2.45642e-07 -0.000293616 -0.000700565 0.000492249 0.0020186 -0.000243062 0.00117343 -0.00596818 -0.000383841 0.0106647 -0.000656122 0.00835444 0.0170806 0.00163904 0.00068712 -0.000699365 0 -0.00112071 0.0048445 0.0084605 0.00176065 0.00119135 0.010084 0.00676627 0.00349835 -0.00091824 0.0108634 -0.0166186 0.010238
internal_weight=297502 294237 206535 136325 70210 22948 47262 19555 1143 46706 556 135985 598 379 18412 87702 135387 50814 84573 3265 1578 9196 58657 423 3393 1813 37510 1370 340 1580
internal_count=297502 294237 206535 136325 70210 22948 47262 19555 1143 46706 556 135985 598 379 18412 87702 135387 50814 84573 3265 1578 9196 58657 423 3393 1813 37510 1370 340 1580
is_linear=0
shrinkage=0.03


Tree=14
num_leaves=31
num_cat=0
split_feature=26 51 90 158 159 26 59 1 47 22 115 13 13 38 33 94 112 17 33 34 120 50 62 123 63 116 51 90 15 55
split_gain=68.4181 113.008 93.5683 127.946 91.0172 72.2568 68.8851 66.3672 76.8035 75.5313 72.4009 62.5734 56.2257 58.9354 62.0933 52.2903 42.5224 48.9105 39.9363 42.3551 38.9151 38.0055 36.2057 36.1517 35.9361 35.6815 41.7498 33.5969 32.35 31.5043
threshold=0.10153014212846757 0.67947936058044445 0.62680944800376903 0.0048363097012043008 0.046618431806564338 0.018611376173794273 0.93176802992820751 0.054819600656628616 1.1172707676887514 1.0226991176605227 0.2995735108852387 1.0947534441947939 1.1168913841247561 0.020111739635467533 0.37278090417385107 1.0000000180025095e-35 0.20169491320848468 0.80398106575012218 0.89189702272415172 0.19511237740516665 0.2206896394491196 0.77559188008308422 0.68567064404487621 0.10526292771100999 0.31666667759418493 0.36180913448333746 0.93918243050575267 0.44637067615985876 0.85714283585548412 1.0921263098716738
decision_type=10 8 10 8 10 10 10 10 10 10 10 10 10 8 8 10 2 10 10 10 10 10 10 8 10 10 10 10 8 10
left_child=1 4 16 11 22 23 -5 12 18 15 -11 24 13 14 -7 -10 17 27 19 -9 -20 -13 -1 -3 -4 26 -19 -2 -6 -15
right_child=2 5 3 6 28 7 -8 8 9 10 -12 21 -14 29 -16 -17 -18 25 20 -21 -22 -23 -24 -25 -26 -27 -28 -29 -30 -31
leaf_value=-0.022866199821295462 0.013755171455291204 0.0002396614863990226 -0.0081932493698107598 -0.024261272539878451 -0.0050408192040907931 -0.0010629036753452799 0 0.0034592690357931133 0 0.0099508651692394347 -0.00030831312655897326 0.022993773315756305 -0.0073476915648659734 0.0058600672273120902 -5.2685937509757441e-06 0.014929686997472671 -0.0069270558679786027 0.014751711289604104 -0.00043902749318139723 -0.0045881851737999378 0.011495113223068853 0 -0.00052664541406556955 0.0017133770514118549 0.0022804073112302017 0 0 0.0034612328846267909 0.013074354035563247 -0.0016938072172036961
leaf_weight=395 1110 35192 377 278 258 78955 195 748 317 816 2185 165 1019 2054 137547 927 177 401 482 2158 400 109 112 26822 1096 1216 330 522 109 570
leaf_count=395 1110 35192 377 278 258 78955 195 748 317 816 2185 165 1019 2054 137547 927 177 401 482 2158 400 109 112 26822 1096 1216 330 522 109 570
internal_value=5.98727e-06 -5.83427e-05 0.00317901 -0.00158961 -0.0107089 -2.44959e-05 -0.015167 -0.0002723 0.00239774 0.00516712 0.00242936 0.00204676 -0.000371301 -0.000336822 -0.00039242 0.0113914 0.00607046 0.00683153 -0.000637813 -0.00240477 0.00477556 0.0147089 -0.0187078 0.000882249 -0.000273132 0.00333877 0.00848279 0.010726 0 0.00410531
internal_weight=297042 291066 5976 2220 874 290192 473 228178 8033 4245 3001 1747 220145 219126 216502 1244 3756 3579 3788 2906 882 274 507 62014 1473 1947 731 1632 367 2624
internal_count=297042 291066 5976 2220 874 290192 473 228178 8033 4245 3001 1747 220145 219126 216502 1244 3756 3579 3788 2906 882 274 507 62014 1473 1947 731 1632 367 2624
is_linear=0
shrinkage=0.03


Tree=15
num_leaves=31
num_cat=0
split_feature=16 11 29 40 3 22 42 54 120 26 55 38 25 38 11 151 45 51 48 86 5 35 32 33 30 140 36 23 35 87
split_gain=86.3122 67.6846 63.1812 92.56 92.3061 70.1013 61.6665 61.2483 63.5654 59.7684 63.4345 110.352 59.5876 51.2545 50.6167 65.2481 45.4788 44.2812 42.5172 42.1052 50.8141 41.317 39.9225 37.6651 47.9579 32.0045 44.8836 36.6018 31.0311 29.8487
threshold=1.2157111763954165 0.92475160956382763 -0.0014732877607457338 -0.029534909874200817 0.020586635917425159 1.0942281484603884 -0.11591945588588713 1.0403203368186953 0.25773195922374731 0.029906131327152256 1.0921263098716738 0.01686045061796904 0.052060935646295554 -0.012493641581386326 0.98693588376045238 0.50485429167747509 1.1138613820075991 0.89802205562591564 0.89886614680290233 -0.55000001192092884 0.0025641375686973338 0.6118324100971223 0.00072488139267079543 0.97336161136627208 -0.0071807033382356158 0.81320852041244518 0.79590147733688366 0.017025897279381755 0.80410313606262218 0.37500000000000006
decision_type=10 8 8 10 10 10 10 10 10 10 10 8 10 8 10 10 10 8 10 2 10 10 10 10 10 10 10 10 10 2
left_child=1 12 6 4 16 7 14 8 -5 28 11 -11 -1 -12 15 -3 17 -4 -14 20 -7 -6 -18 24 25 -2 -27 -28 29 -8
right_child=23 2 3 5 21 19 9 -9 -10 10 13 -13 18 -15 -16 -17 22 -19 -20 -21 -22 -23 -24 -25 -26 26 27 -29 -30 -31
leaf_value=0.0016849312428607942 0.0003251194974548074 0.0019660826215531207 0.0054260020223169695 -0.0019499357206717832 0.0010393573071038268 -0.00010278208473155172 -0.00070392987560878519 -0.0074889050852251331 0.00026783151446010207 -0.0024703036829872146 -0.0051950004195388515 0.003655291384543592 -0.01749516675337395 0.00095109010676541696 0.00069966042397636634 0.01928969145673461 -0.012582246169317947 0.0004908329361069171 0 0 0.0087926676256557881 0.018768150711797629 0 -0.0099069929367850539 0.0001096554774616574 0.0029925880740186801 0 0.01428658876925004 0.001939231886625471 0.00090576828910003638
leaf_weight=309 603 502 4180 12580 210 729 39317 944 149364 36919 1329 2796 479 12306 1635 363 238 2922 123 1405 1919 459 1788 134 1475 903 179 1117 6341 13940
leaf_count=309 603 502 4180 12580 210 729 39317 944 149364 36919 1329 2796 479 12306 1635 363 238 2922 123 1405 1919 459 1788 134 1475 903 179 1117 6341 13940
internal_value=-4.13211e-06 -6.79606e-05 -4.11927e-05 0.000314236 0.00314671 0.000145857 -0.000587873 4.67825e-05 9.3481e-05 -0.000693583 -0.00142294 -0.00202988 -0.0081457 0.000323331 0.00403658 0.00984661 0.00230239 0.00344471 -0.0135659 0.00403418 0.00624888 0.0138302 -0.00154984 0.00415053 0.00470483 0.00699955 0.00867516 0.0123009 -3.54006e-05 -0.000276779
internal_weight=297508 293097 292186 176738 9797 166941 115448 162888 161944 112948 53350 39715 911 13635 2500 865 9128 7102 602 4053 2648 669 2026 4411 4277 2802 2199 1296 59598 53257
internal_count=297508 293097 292186 176738 9797 166941 115448 162888 161944 112948 53350 39715 911 13635 2500 865 9128 7102 602 4053 2648 669 2026 4411 4277 2802 2199 1296 59598 53257
is_linear=0
shrinkage=0.03


Tree=16
num_leaves=31
num_cat=0
split_feature=32 86 138 57 26 25 51 68 26 9 22 11 1 123 120 18 99 143 36 77 24 137 159 17 9 18 50 80 162 56
split_gain=82.3437 86.1061 70.3225 68.58 65.1024 96.7086 83.0183 101.951 68.0498 71.1853 91.9743 54.0232 51.9968 47.8416 45.8806 42.042 42.9024 40.8099 37.7117 37.2318 31.7812 34.8819 32.8533 31.1897 30.3556 44.1968 30.2052 30.2536 29.3749 28.9382
threshold=-0.0048612528480589381 -0.58333334326744068 0.79143074154853832 0.80647325515747081 0.10153014212846757 0.047958310693502433 0.67947936058044445 0.90624997019767772 0.019930385984480384 1.0072519183158877 0.9788377881050111 0.99536705017089855 0.070175420492887511 0.18181824684143069 0.73840367794036876 0.95002853870391857 0.68333333730697643 0.042462907731533057 0.89294594526290905 0.091666668653488173 0.025729758664965633 0.91716831922531139 -0.01199888391420245 1.4138610959053042 0.97940269112586986 0.98480066657066356 0.69031959772109996 0.17500000447034839 7.5875039328821017e-05 0.91144755482673656
decision_type=8 2 10 8 10 10 8 10 10 10 10 10 10 10 10 10 2 10 10 2 10 10 10 8 10 10 10 2 10 10
left_child=1 2 12 15 6 28 7 -5 13 19 -11 17 14 -8 -1 16 -2 -7 -19 -10 -4 22 -22 -24 -3 -26 27 -17 -6 -28
right_child=3 24 20 4 5 11 8 -9 9 10 -12 -13 -14 -15 -16 26 -18 18 -20 -21 21 -23 23 -25 25 -27 29 -29 -30 -31
leaf_value=0.0018627328853284995 -0.02384809117663551 0.0056879742141334975 0.0020367513636477749 -0.019849869242682051 0 0.014710808514672167 6.6952968524288471e-05 0.0035443951922619868 -0.0016798488508795797 0.0020539186050551293 -0.00035761974318047202 0.0083936787953393637 0.013523760978947393 0.0016589771615607746 -0.0099566138621399736 -0.0025757640123092495 -0.0055928431143277097 -0.0021829252181069072 0.012097833420647757 -0.00050312410591159978 0.018088490042152142 0 0.010302751499546375 -0.00373909295539003 -0.0089163102948217887 0.0001505956358333422 -0.013997517094628521 0.016638930448249954 0.017693665038433323 0.0027311968626176461
leaf_weight=1333 202 712 567 399 108 133 45353 239 31269 21250 42599 807 250 27553 354 102 413 2549 154 113671 671 277 878 124 525 3814 187 118 487 114
leaf_count=1333 202 712 567 399 108 133 45353 239 31269 21250 42599 807 250 27553 354 102 413 2549 154 113671 671 277 878 124 525 3814 187 118 487 114
internal_value=-2.24645e-05 0.00272057 0.00575143 -0.000114312 -8.38306e-05 0.0035954 -0.000140371 -0.0107889 -0.000114425 -0.000390864 0.000440675 0.00163511 0.00125085 0.000673022 -0.000529289 -0.00740965 -0.0126236 -0.000228347 -0.00117624 -0.000759254 0.0090595 0.0109078 0.0125296 0.00823233 0 -0.000913514 -0.000461324 0.00700804 0.0146663 -0.00695173
internal_weight=297212 9505 4454 287707 286571 4238 282333 638 281695 208789 63849 3643 1937 72906 1687 1136 615 2836 2703 144940 2517 1950 1673 1002 5051 4339 521 220 595 301
internal_count=297212 9505 4454 287707 286571 4238 282333 638 281695 208789 63849 3643 1937 72906 1687 1136 615 2836 2703 144940 2517 1950 1673 1002 5051 4339 521 220 595 301
is_linear=0
shrinkage=0.03


Tree=17
num_leaves=31
num_cat=0
split_feature=16 29 40 3 24 42 1 78 5 120 16 126 76 122 69 42 23 23 121 10 56 16 85 46 97 11 158 139 16 72
split_gain=68.6625 59.9151 71.2784 67.6153 67.1141 62.504 63.5602 66.2065 60.3744 59.2688 81.0915 62.7536 57.8989 56.8693 55.1979 53.3675 63.3894 52.0485 49.257 47.9668 54.9619 43.4375 68.1052 47.4189 42.6012 41.727 40.6004 40.4839 40.4168 44.937
threshold=1.2157111763954165 -0.0012784901191480456 -0.030142763629555699 0.016261931508779529 0.034448850899934776 -0.093140352517366395 0.017334227450191978 0.5000000149011613 0.0065573991741985091 0.25773195922374731 0.72276085615158092 0.44239635765552526 0.15000000596046451 0.63491502404212963 0.27049246430397039 0.061040274798870094 0.021099972538650039 0.032076252624392516 0.34426231682300573 1.0205888748168948 1.1479052901268008 1.1076215505599978 -0.17500000447034833 1.0103004574775698 0.1566891819238663 0.97989958524703991 -0.00023114500072551888 0.72513249516487133 0.95725587010383617 0.66666671633720409
decision_type=10 8 8 10 10 10 10 10 10 8 8 10 2 10 10 8 8 10 10 10 10 10 2 8 10 10 8 10 8 10
left_child=1 5 3 4 18 8 28 19 -1 10 -4 21 13 -9 -14 26 -17 -6 -3 20 -8 23 -23 -11 -10 -5 -13 -26 29 -7
right_child=-2 2 9 25 17 6 7 12 24 11 -12 15 14 -15 -16 16 -18 -19 -20 -21 -22 22 -24 -25 27 -27 -28 -29 -30 -31
leaf_value=-7.1872063289980684e-05 0.0037238386224060899 0.0096639315925837396 -0.010732655303295226 -0.0021390084140875841 -0.007103338541709618 -0.0059606332368596889 -0.002858020195723821 -0.0030957998832803176 0.0016560460970470574 0.0014993895532803686 -0.0011083816874971611 -0.0040665598241414469 0.00075064879029449838 0.00080591731176081775 -0.0017584812797370253 0.0012341077229673309 0.020221470797377572 0.0025729761601030929 0.0021378475836051547 -0.0072880208351871712 0.0086021594733916486 0.0039397846316430825 -0.0046234771764193565 -7.0340830317968102e-05 0.019111524227437761 0.012328108026946966 0.0051791350736994273 0.0059647657702021429 0.00036801149830964849 0
leaf_weight=3558 4403 1006 837 172 1096 1982 9082 14656 1278 20111 12008 589 22167 4206 12195 330 373 834 4215 2322 362 5584 935 122162 323 955 1268 966 44886 2551
leaf_count=3558 4403 1006 837 172 1096 1982 9082 14656 1278 20111 12008 589 22167 4206 12195 330 373 834 4215 2322 362 5584 935 122162 323 955 1268 966 44886 2551
internal_value=1.31141e-05 -4.18729e-05 0.000315631 0.00303063 0.00188802 -0.00055589 -0.00071611 -0.00133287 0.00238062 0.000176575 -0.00177454 0.000344358 -0.00087434 -0.00220994 -0.000131616 0.0049896 0.0120041 -0.00278462 0.00367658 -0.00337657 -0.00236979 0.00026176 0.00265532 0.00014962 0.00587014 0.00985982 0.00207469 0.00972996 8.91175e-05 -0.0025961
internal_weight=297412 293009 172475 8278 7151 120534 114409 64990 6125 164197 12845 151352 53224 18862 34362 2560 703 1930 5221 11766 9444 148792 6519 142273 2567 1127 1857 1289 49419 4533
internal_count=297412 293009 172475 8278 7151 120534 114409 64990 6125 164197 12845 151352 53224 18862 34362 2560 703 1930 5221 11766 9444 148792 6519 142273 2567 1127 1857 1289 49419 4533
is_linear=0
shrinkage=0.03


Tree=18
num_leaves=31
num_cat=0
split_feature=32 25 57 31 37 24 86 33 10 53 33 10 52 41 16 20 36 49 18 45 9 27 86 10 52 1 88 34 37 15
split_gain=77.3651 67.4143 59.2766 72.8874 68.7996 93.9956 58.5746 81.2121 56.7279 50.7185 48.0999 55.5526 75.6327 58.8829 51.0001 54.8343 45.8513 41.6462 40.0354 40.1449 39.6853 38.8912 35.2321 32.6111 37 31.2931 26.6795 22.5681 19.7574 30.6299
threshold=-0.0050807653460651627 0.012346642557531597 0.80647325515747081 0.0095289275050163286 0.14462764561176303 0.034448850899934776 -0.58333334326744068 0.92942845821380626 1.0208768248558047 0.97775447368621837 0.37278090417385107 1.0171491503715517 0.90746542811393749 0.049247061833739288 0.74123394489288341 0.95022627711296093 0.76947852969169628 0.91528168320655834 1.0380515456199648 1.1465169191360476 1.0006932616233828 0.13864047825336459 0.68333333730697643 1.0181043744087221 0.90328228473663341 0.053075965493917472 0.87134554982185375 0.46989464759826666 0.67496934533119213 0.97001761198043834
decision_type=10 10 10 10 10 10 2 10 10 10 8 10 10 10 8 10 10 10 10 10 10 10 2 10 10 10 10 10 10 10
left_child=6 23 20 10 -5 8 7 9 -6 27 14 13 -13 -12 -4 -16 -7 21 19 -19 22 -11 -3 28 -25 -9 -22 -1 -2 -30
right_child=1 2 3 4 5 16 -8 25 -10 17 11 12 -14 -15 15 -17 -18 18 -20 -21 26 -23 -24 24 -26 -27 -28 -29 29 -31
leaf_value=-0.013021111199873541 0.00093730201574891139 -0.01940370834753893 -0.012422685346631939 0.019257587833544088 0.0041373898271364791 -0.0061374505254281663 0.00061941342888624366 -0.01103455205995328 0.016780335344051798 0.016288627005249919 -0.00010022111980423077 0.0026576006161614383 -0.00016882865613090985 -0.0027330628266731506 0.0021908763748381406 -0.00098417167033712505 0.0030708638519928583 0.0078176573867936687 0.014023643458565046 -0.00105078052736733 0.005563541624760914 0.00080545669449493288 -0.0041795789375987449 0.0073606516346865908 -0.0052033885363243545 0.0053535128001470202 -0.0082071229124822745 0.0026584306226050767 -0.0010710918338325073 0.0036474923353273033
leaf_weight=132 24568 293 325 228 1542 1074 5470 322 435 819 116383 15281 18810 8190 5121 85350 813 831 395 881 277 230 385 217 1268 109 200 117 1423 6192
leaf_count=132 24568 293 325 228 1542 1074 5470 322 435 819 116383 15281 18810 8190 5121 85350 813 831 395 881 277 230 385 217 1268 109 200 117 1423 6192
internal_value=-7.94636e-06 -9.5915e-05 -0.000263666 -0.00023127 0.003725 0.0026368 0.00268022 0.00552261 0.00720964 0.00711778 -0.000297663 1.56312e-05 0.00109011 -0.000276135 -0.000848323 -0.000800692 -0.0020222 0.00818432 0.00541885 0.00312129 -0.00699514 0.0132531 -0.011556 0.00116366 -0.00309468 -0.00617121 0 -0.00488849 0.00137127 0.00272595
internal_weight=297681 288375 254707 253552 4092 3864 9306 3836 1977 3405 249460 158664 34091 124573 90796 90471 1887 3156 2107 1712 1155 1049 678 33668 1485 431 477 249 32183 7615
internal_count=297681 288375 254707 253552 4092 3864 9306 3836 1977 3405 249460 158664 34091 124573 90796 90471 1887 3156 2107 1712 1155 1049 678 33668 1485 431 477 249 32183 7615
is_linear=0
shrinkage=0.03


Tree=19
num_leaves=31
num_cat=0
split_feature=16 11 37 26 38 40 11 16 15 12 48 50 112 54 14 27 32 123 23 36 140 23 48 26 41 24 140 5 13 115
split_gain=68.0181 72.5561 53.0564 63.2651 69.143 59.0461 58.665 58.0702 82.8658 55.4148 59.7852 50.1785 49.8226 47.788 47.7075 46.746 44.1963 41.4317 44.5124 40.6839 47.6747 31.6652 30.9017 30.8785 46.3143 35.9383 25.6737 24.6816 23.3105 19.7907
threshold=1.2346542477607729 0.92475160956382763 0.84965670108795177 0.020062280818820003 -0.0010238760733045635 -0.057446666061878197 0.96973443031311046 0.66539305448532116 0.86270305514335643 0.98921403288841259 0.85579898953437816 0.72665852308273327 0.2323504984378815 0.98462924361228954 0.98662620782852184 0.067447338253259673 0.0057013311889022597 0.10526292771100999 0.026201304048299793 0.80595400929451 0.72682881355285656 0.017149657942354683 0.98069110512733471 0.058938177302479751 0.036391366273164756 0.037804234772920615 0.99116069078445446 0.003456247854046524 0.93926686048507702 0.30555571615695959
decision_type=10 8 8 10 10 8 10 8 10 8 10 10 2 10 8 10 10 10 8 10 10 10 10 10 10 10 10 10 10 10
left_child=1 11 3 17 6 12 15 8 -6 10 -7 -1 27 -8 -12 -5 -9 -3 22 28 -21 -22 -19 25 -25 -11 29 -4 -2 -23
right_child=19 2 5 4 7 9 13 16 -10 23 14 -13 -14 -15 -16 -17 -18 18 -20 20 21 26 -24 24 -26 -27 -28 -29 -30 -31
leaf_value=-0.017959887276591004 -0.0098010431996481424 4.1324020799421389e-05 0.00035914485915334985 0 -0.00077994032540591425 -0.015202319645322858 -0.0032197202294544014 -0.00083831641516363478 0.022473327568175213 0.00071536423482209343 0.0018776274714465528 -0.0026404995702714825 -0.0013360197180578405 0.00028691882810972646 0.0099871428125124489 0.011653044424198481 -0.0048567191304175594 0.00072997802889421173 0.012339832278211478 -0.0040148025583711597 -0.00049444016850558326 0.0031476728447687322 0.0028776602129091736 -0.0044635654669104756 0.0038331295550923863 0.0070346815271783419 0.018173306688829004 0.020788274567337353 0.0021368303490065348 0.014631507343525975
leaf_weight=308 137 41396 102 596 280 100 3620 105137 212 16070 1477 633 164 85146 1354 703 2540 21054 325 217 171 525 8796 2229 775 851 418 294 1600 238
leaf_count=308 137 41396 102 596 280 100 3620 105137 212 16070 1477 633 164 85146 1354 703 2540 21054 325 217 171 525 8796 2229 775 851 418 294 1600 238
internal_value=4.14298e-05 -5.78694e-06 2.01632e-05 -9.77222e-05 -0.000374719 0.00139019 0.00023665 -0.000886488 0.00914029 0.0011346 0.00498437 -0.00823631 0.010906 0.000139841 0.00590429 0.00652209 -0.000936777 0.000665192 0.00151052 0.00430766 0.0078064 0.00995327 0.00137439 0.000548819 -0.00221271 0.00105882 0.0116989 0.0165176 0.000923678 0.00739516
internal_weight=297468 294162 293221 269805 198234 23416 90065 108169 492 22856 2931 941 560 88766 2831 1299 107677 71571 30175 3306 1569 1352 29850 19925 3004 16921 1181 396 1737 763
internal_count=297468 294162 293221 269805 198234 23416 90065 108169 492 22856 2931 941 560 88766 2831 1299 107677 71571 30175 3306 1569 1352 29850 19925 3004 16921 1181 396 1737 763
is_linear=0
shrinkage=0.03


Tree=20
num_leaves=31
num_cat=0
split_feature=16 11 25 1 25 20 33 61 38 17 70 38 51 43 86 50 30 34 1 36 87 6 115 1 159 121 28 6 113 35
split_gain=67.738 83.842 61.2929 56.4407 53.5343 61.714 79.4052 61.6285 50.4688 111.695 55.9595 55.9564 63.5557 55.112 53.3536 45.452 45.3687 33.2231 30.3607 47.7399 41.898 32.2216 31.15 28.1238 27.0364 25.744 25.3946 24.9433 22.6042 21.6521
threshold=1.2346542477607729 0.92475160956382763 0.012346642557531597 0.054819600656628616 0.028138161636888984 0.89273595809936535 0.86810991168022167 0.76175254583358776 -0.015619924291968344 0.73705121874809276 0.76470604538917553 -0.0016018347814679144 0.64709019660949718 1.0751557946205141 -0.84999999403953541 0.72665852308273327 -0.0021453053923323746 0.88041076064109813 0.054819600656628616 0.80921056866645824 -0.74166667461395253 0.074073277413845076 0.30555571615695959 0.017511555925011638 -0.0017432975000701843 0.57539284229278576 -0.026797394268214699 0.17647222429513934 0.70967742800712597 0.84863564372062694
decision_type=10 8 10 10 10 10 10 10 8 8 10 10 10 10 2 10 10 10 10 10 2 10 10 10 10 10 10 10 10 10
left_child=1 15 23 8 16 6 -6 -7 9 13 -11 14 -13 -4 -10 -1 -5 18 20 21 22 -20 -2 -3 26 -25 -22 -24 -18 -19
right_child=17 2 3 4 5 7 -8 -9 11 10 -12 12 -14 -15 -16 -17 28 29 19 -21 24 -23 27 25 -26 -27 -28 -29 -30 -31
leaf_value=-0.018046680271555465 -0.010462816376817048 0.001558022477635268 -0.018544306077647663 -0.016054471832674558 -0.0063905943539351792 0.020073718435976606 0.005934399644281157 0.0040319684880151616 -0.0022158254979365295 -0.0027915091395482703 0.0052128407453209714 0.012407207187376361 -0.00063426878267550677 0.0011455348225272431 0.00051848403627260237 -0.0033665960956417587 -0.0046299097480809225 0.0017781367583370525 0.0096283918212166052 0.014619561014765728 -0.004009648873955011 -0.004035408833660767 0.012156058727996424 0.0004858648437042592 -0.0014359373347527134 -0.0035763476786014503 0.0095840156180137925 -0.0050323457471453227 0.0045456277744783079 0.017847357722505671
leaf_weight=319 407 27740 538 199 1150 219 752 5154 6859 4942 895 315 144982 127 91230 616 545 177 231 418 105 364 112 5405 447 1840 661 136 389 243
leaf_count=319 407 27740 538 199 1150 219 752 5154 6859 4942 895 315 144982 127 91230 616 545 177 231 418 105 364 112 5405 447 1840 661 136 389 243
internal_value=-3.6695e-05 -8.57802e-05 -5.58492e-05 -0.00021646 0.00219396 0.00316153 -0.00135049 0.00481347 -0.000298933 -0.00290724 -0.00149935 -0.000227787 -0.000602227 -0.0144224 0.000323813 -0.00896228 -0.0037057 0.00422207 0.00288775 0.00703824 0.000427361 0.000922162 -0.00540455 0.00112083 0.00385639 -0.00051152 0.00728436 0.00193863 -0.00047876 0.0121458
internal_weight=297517 294216 293281 258296 8408 7275 1902 5373 249888 6502 5837 243386 145297 665 98089 935 1133 3301 2881 1013 1868 595 655 34985 1213 7245 766 248 934 420
internal_count=297517 294216 293281 258296 8408 7275 1902 5373 249888 6502 5837 243386 145297 665 98089 935 1133 3301 2881 1013 1868 595 655 34985 1213 7245 766 248 934 420
is_linear=0
shrinkage=0.03


Tree=21
num_leaves=31
num_cat=0
split_feature=57 26 45 18 16 29 7 24 3 74 57 35 46 57 40 41 22 101 162 82 73 41 45 68 52 125 54 120 37 35
split_gain=56.278 84.4861 70.0935 73.9843 65.1888 141.816 75.445 59.0757 57.5223 52.3297 68.8389 49.7485 52.8201 48.0704 45.9406 82.792 53.1353 45.0713 43.6183 39.6772 39.6216 62.0931 61.4622 38.1419 39.0249 37.1881 37.119 34.7425 31.7728 31.1596
threshold=0.80647325515747081 0.10718328878283502 1.0370736718177798 1.0289894342422488 0.70005577802658092 0.010320457164198162 0.038835020735859878 0.022195544093847278 0.0053552403114736089 0.55000001192092907 1.168602526187897 0.82404759526252758 1.0627848505973818 1.2381690740585329 -0.034395776689052575 -0.039927501231431954 0.97812795639038097 0.36181819438934332 0.0074002102483063945 0.80833333730697643 0.30000000447034841 -0.026944039389491078 1.1368044018745425 0.67741975188255321 0.66727772355079662 0.32142837345600134 0.99217745661735546 0.29433970153331762 0.67133751511573803 0.794244945049286
decision_type=8 10 10 10 8 10 10 10 10 2 10 8 8 10 8 8 10 2 10 2 10 8 10 10 10 10 10 10 10 10
left_child=23 4 -3 7 5 25 29 18 -5 11 14 12 28 -14 16 -16 -11 -9 -4 -12 21 -13 -22 -1 -25 -2 -21 -19 -6 -7
right_child=1 2 3 8 9 6 -8 17 -10 10 19 20 13 -15 15 -17 -18 27 -20 26 22 -23 -24 24 -26 -27 -28 -29 -30 -31
leaf_value=0 0.019929619276608596 0.020909672841615132 0 -0.00059692607358289716 -0.00026842044079161481 -0.025534299200414928 0.00091708882944658394 0.013429355606973423 0.015184319617066712 0.0057363028512593672 0 0.006273454769300771 -0.0011750001465967981 0.0026808613753576973 -0.0069069069115202638 0.00026624684511886707 -0.00059048054368999157 0.0046398335805642281 0.016364503979419721 0 0.00095958429086454695 0.00092853389271671375 -0.0049367419319653249 -0.017425020420561512 -0.0019965033771713143 -0.00031492642877395632 0.0090739806523592141 -0.0040131642210116591 0.0014117604446309325 -0.0027824157419800758
leaf_weight=462 129 201 246 246 41363 373 150 157 661 2884 1158 2549 86163 2948 1444 118154 1889 485 325 541 5900 9088 2137 372 325 119 1705 1936 13341 105
leaf_count=462 129 201 246 246 41363 373 150 157 661 2884 1158 2549 86163 2948 1444 118154 1889 485 325 541 5900 9088 2137 372 325 119 1705 1936 13341 105
internal_value=-3.20564e-05 -5.02278e-06 0.00417977 0.00317857 -6.73115e-05 -0.00814859 -0.0157822 0.000875387 0.0106599 -4.14186e-05 0.000412249 -0.000397825 -0.000592719 -0.0010435 0.000294095 0.000175991 0.00317776 -0.000973686 0.00948179 0.00461468 0.00101075 0.00213379 -0.000579349 -0.00657368 -0.0109057 0.00979753 0.00692363 -0.00213299 0.00013622 -0.0214514
internal_weight=297556 296397 4257 4056 292140 876 628 3149 907 291264 127775 163489 143815 89111 124371 119598 4773 2578 571 3404 19674 11637 8037 1159 697 248 2246 2421 54704 478
internal_count=297556 296397 4257 4056 292140 876 628 3149 907 291264 127775 163489 143815 89111 124371 119598 4773 2578 571 3404 19674 11637 8037 1159 697 248 2246 2421 54704 478
is_linear=0
shrinkage=0.03


Tree=22
num_leaves=31
num_cat=0
split_feature=16 11 50 26 27 79 52 29 86 50 35 86 45 12 41 13 18 52 36 140 41 23 52 1 23 73 3 18 5 115
split_gain=63.2437 60.6261 52.2985 51.2148 71.5291 56.9109 228.459 79.4041 68.8231 58.8841 54.2358 56.155 55.243 52.4314 53.6476 52.3495 49.53 44.9847 36.8764 44.0408 35.4686 35.4572 31.5559 32.6334 27.6623 24.3019 30.109 29.6446 22.676 27.9218
threshold=1.2346542477607729 0.92475160956382763 0.72665852308273327 0.021808819845318798 0.076507307589054122 0.94999998807907116 0.65631070733070385 -0.0039962795563042155 -0.516666680574417 0.96292197704315197 0.47179159522056585 -0.81666666269302357 1.0588459968566897 1.001037657260895 0.02219246327877045 0.95163643360137951 1.002007067203522 0.64494141936302196 0.80280810594558727 0.72682881355285656 -0.0017223632894456384 0.032843878492712981 0.90328228473663341 0.036788007244467742 0.017149657942354683 0.30000000447034841 0.0044052901212126025 1.0225929021835329 0.0053763685282319793 0.69103735685348522
decision_type=10 8 10 10 10 2 10 10 2 10 10 2 10 10 10 8 10 10 10 10 8 10 10 10 10 10 10 10 10 10
left_child=1 2 -1 20 10 7 -7 17 -9 -8 11 12 -5 15 -15 -12 -13 -6 -2 -20 22 28 23 -3 -21 26 -24 -27 -22 -30
right_child=18 3 -4 4 5 6 9 8 -10 -11 13 16 -14 14 -16 -17 -18 -19 19 24 21 -23 25 -25 -26 27 -28 -29 29 -31
leaf_value=-0.017367157714441438 0.00088327115895081587 0.0022327317501200307 -0.0018617387645006311 0.00048549031626785147 -0.012037081021465756 0.025086636307331409 0.0062512826249885916 0.0042293841416600302 0.0003686137480187169 -0.00023156644066728264 -0.0034446465042042647 -0.0017345098719113224 -0.006338164696873279 0.00035379745997511045 0.0040189496681197687 -0.00037246784538079306 -4.6481038807228946e-05 -0.0018426749253599279 -0.0040352392146101538 -0.00037624819586357181 0.0014326976412017251 0.016878691562486968 0.001128333825067162 -0.0098220420245831806 0.011084029122108237 -0.00088387253812738126 -0.0015461960262178557 -0.0058883073802171041 -0.00045512493758941887 0.0056108490423942455
leaf_weight=310 1714 6449 627 1422 414 396 1840 5128 22811 3658 5645 33608 3467 37659 3993 45533 29956 6148 211 164 38350 111 12715 181 1197 15315 5317 1161 10965 707
leaf_count=310 1714 6449 627 1422 414 396 1840 5128 22811 3658 5645 33608 3467 37659 3993 45533 29956 6148 211 164 38350 111 12715 181 1197 15315 5317 1161 10965 707
internal_value=2.31883e-05 -2.22116e-05 -0.00756082 1.39124e-06 -0.000264425 0.000861331 0.0035867 0.000385243 0.00109048 0.00189846 -0.000548314 -0.00118912 -0.00429845 -7.23982e-05 0.000714119 -0.000718406 -0.00094397 -0.00256605 0.00414987 0.00746727 0.00059197 0.00112781 -5.39793e-05 0.00182997 0.00950039 -0.000425481 0.000322251 -0.00126141 0.00108014 -5.30671e-05
internal_weight=297172 293886 937 292949 201678 40395 5894 34501 27939 5498 161283 68453 4889 92830 41652 51178 63564 6562 3286 1572 91271 50133 41138 6630 1361 34508 18032 16476 50022 11672
internal_count=297172 293886 937 292949 201678 40395 5894 34501 27939 5498 161283 68453 4889 92830 41652 51178 63564 6562 3286 1572 91271 50133 41138 6630 1361 34508 18032 16476 50022 11672
is_linear=0
shrinkage=0.03


Tree=23
num_leaves=31
num_cat=0
split_feature=16 25 11 1 38 138 31 37 13 25 48 18 50 50 99 122 23 36 140 13 6 10 160 113 36 34 119 38 48 25
split_gain=65.7064 54.9144 46.8876 58.5495 59.7882 57.662 52.7129 55.355 53.0259 45.2677 67.5428 55.7177 49.9541 39.5917 38.885 34.1251 32.6661 36.066 52.6944 29.9896 29.4613 28.4906 20.6901 18.6554 28.6679 18.3834 23.5203 17.8032 22.1206 18.3883
threshold=1.2157111763954165 0.01260923780500889 0.92475160956382763 0.054819600656628616 -0.015619924291968344 0.86637768149375927 0.0095289275050163286 0.14039693772792819 1.1168913841247561 0.028138161636888984 0.94517752528190624 0.95469510555267345 0.85541784763336193 0.72665852308273327 0.86607143282890331 0.34951330721378332 0.017282063141465191 0.80595400929451 0.82329294085502636 1.0208333134651186 0.066665593534708037 1.0171491503715517 -0.015434827189892529 0.15217396616935733 0.76947852969169628 0.85145831108093273 0.83333417773246776 0.0024242410436272625 0.95515006780624401 0.058080699294805534
decision_type=10 10 10 10 8 10 10 10 10 10 10 10 10 10 2 10 10 10 10 10 10 10 10 10 10 10 10 10 10 10
left_child=1 22 13 4 5 15 8 -8 -6 11 14 -5 -12 -3 -11 -4 19 20 -19 -2 -18 -7 -1 -21 -25 27 -27 29 -29 -22
right_child=16 2 3 9 6 21 7 -9 -10 10 12 -13 -14 -15 -16 -17 17 18 -20 23 25 -23 -24 24 -26 26 -28 28 -30 -31
leaf_value=0.00027040016171369854 0.0039448379729886711 -0.015650725204929661 -0.017276537681796721 0.011457221646217309 -0.00020975455842382586 -0.0060116111355515206 0.018843848797479187 0.0024446451318275646 -0.0079054936401531072 -7.1328739089695606e-05 0.013992120949059895 -0.0063577729863587033 0.0042675994485353629 -0.0018694544701275896 0.0095347696810960201 -0.0050531446206722669 0.0074068750901257283 0 0.011298615415470824 0.0011491015690844506 0.0068981452154396319 0.00070661194088400916 0.0017097597845896031 0 -0.017573166105364985 0.015541131159420624 -0.0010156738371505756 0 -0.014537622702762189 -0.0032329770980840233
leaf_weight=17810 359 299 239 162 235968 673 187 3080 791 3963 681 916 2117 624 393 2605 541 566 1239 100 238 2930 19398 103 193 109 114 239 183 392
leaf_count=17810 359 299 239 162 235968 673 187 3080 791 3963 681 916 2117 624 393 2605 541 566 1239 100 238 2930 19398 103 193 109 114 239 183 392
internal_value=7.84111e-06 -4.57946e-05 -0.000203532 -0.000177588 -0.000261884 -0.00311128 -0.000183847 0.00358353 -0.000237398 0.00230446 0.00318959 -0.00324741 0.0068234 -0.00688919 0.000766398 -0.00629858 0.0036492 0.00485117 0.00787913 -0.00170485 0.00162511 -0.000491731 0.00102937 -0.00749123 -0.0112476 -0.000673018 0.00645558 -0.00255622 -0.00721267 0.000227284
internal_weight=297212 292836 255628 254705 246473 6447 240026 3267 236759 8232 7154 1078 2798 923 4356 2844 4376 3621 1805 755 1816 3603 37208 396 296 1275 223 1052 422 630
internal_count=297212 292836 255628 254705 246473 6447 240026 3267 236759 8232 7154 1078 2798 923 4356 2844 4376 3621 1805 755 1816 3603 37208 396 296 1275 223 1052 422 630
is_linear=0
shrinkage=0.03


Tree=24
num_leaves=31
num_cat=0
split_feature=22 49 16 46 158 27 47 33 119 81 12 40 77 41 41 61 114 120 25 14 30 5 26 34 33 10 72 101 13 27
split_gain=63.7438 167.689 59.1223 56.8368 60.0634 81.5863 54.3434 57.947 54.1788 49.722 54.7475 49.054 54.8135 65.0539 46.7381 46.4263 45.7295 43.919 67.1843 40.876 38.2239 37.472 37.315 36.6796 35.5604 34.3807 32.4287 40.804 32.2775 32.1626
threshold=0.74945753812789928 0.87189301848411571 1.2346542477607729 1.0733821988105776 -0.0014715141733177004 0.083864297717809691 1.427550792694092 0.55968603491783153 0.82857134938240062 0.28333334624767309 1.0216295719146731 -0.030142763629555699 0.091666668653488173 0.028584529645740989 0.035584587603807456 0.85333332419395458 0.55421638488769542 0.25773195922374731 0.043629612773656852 1.0790719985961916 -0.0060110881458967915 0.012861728202551605 0.029733295552432541 0.22343967854976657 0.96925899386405956 1.0205888748168948 0.86538445949554454 0.69397994875907909 0.92295676469802868 0.053899507969617851
decision_type=8 10 10 10 10 8 10 8 10 2 10 8 2 10 10 10 10 10 10 8 10 10 10 10 10 10 10 2 10 10
left_child=1 26 3 11 5 8 7 -7 14 19 16 23 13 15 -5 -13 -11 25 -19 22 24 -21 -6 29 -4 -14 -1 -28 -15 -2
right_child=2 -3 20 4 9 6 -8 -9 -10 10 -12 12 17 28 -16 -17 -18 18 -20 21 -22 -23 -24 -25 -26 -27 27 -29 -30 -31
leaf_value=-0.0022998259498608485 0.0017900752944515418 0.017146522648686515 0.0067289566124727187 -0.00092210104330977941 -0.00037575658488012105 0.00099546874600770353 -0.007852315002773929 0.0062330894596275346 0.0023070604685878986 -0.00034633447998219527 0.015354406519955585 0.0097353173969980337 -0.0019902669974202077 -0.010634297194064607 0.0047561565446421396 -0.00037731759125100796 -0.0025991266339775885 0.00053738704617068138 0.0040940774649804116 -0.00095443291572846947 -0.0013501954575398482 0.009244305429841719 -0.0042515938472595565 0.0006990598235616281 -0.0086500739041142725 0.0036834572521741741 -0.019600201851711355 0 -0.0028713276550616489 0.0080955320587932384
leaf_weight=288 1583 187 2370 35783 3187 4171 363 3757 6218 46158 169 392 8937 564 1320 34270 9951 109010 5016 1049 806 424 9214 3884 110 1026 531 145 5036 1648
leaf_count=288 1583 187 2370 35783 3187 4171 363 3757 6218 46158 169 392 8937 564 1320 34270 9951 109010 5016 1049 806 424 9214 3884 110 1026 531 145 5036 1648
internal_value=-1.10851e-05 -0.0069973 1.5501e-05 -2.84747e-05 -0.000524941 0.000247088 0.0029728 0.00352471 -0.000268782 -0.00109712 -0.000692866 0.000322558 0.000214767 -0.000743636 -0.000709553 -0.000248754 -0.000751999 0.000528471 0.000697167 -0.00271197 0.00400558 0.00186482 -0.00328188 0.00276131 0.00586308 -0.00136972 -0.012239 -0.0158546 -0.00374161 0.00512853
internal_weight=297567 1151 296416 293130 121764 51612 8291 7928 43321 70152 56278 171366 164251 40262 37103 34662 56109 123989 114026 13874 3286 1473 12401 7115 2480 9963 964 676 5600 3231
internal_count=297567 1151 296416 293130 121764 51612 8291 7928 43321 70152 56278 171366 164251 40262 37103 34662 56109 123989 114026 13874 3286 1473 12401 7115 2480 9963 964 676 5600 3231
is_linear=0
shrinkage=0.03


Tree=25
num_leaves=31
num_cat=0
split_feature=28 27 25 32 79 44 36 38 50 71 78 86 1 11 79 16 120 124 7 74 38 36 109 55 39 13 87 52 1 53
split_gain=63.8324 63.4476 58.7863 54.3821 127.169 74.4205 71.0349 54.8037 88.2645 63.0333 70.4716 54.4777 57.0389 54.5038 65.0321 52.4726 52.3479 49.6412 44.5061 44.216 43.9119 59.4499 55.1792 63.6044 42.7269 41.4758 40.8295 39.4829 33.4344 32.8918
threshold=-0.011131388600915669 0.061821404844522483 0.012346642557531597 0.0067304496187716731 0.94999998807907116 1.0176212191581728 0.81259685754776012 -0.00095967468223534514 0.69031959772109996 0.91492569446563732 0.5000000149011613 -0.84999999403953541 0.017511555925011638 0.9829482138156892 0.45000000298023229 1.0378462672233584 0.24528294056653979 -0.37681126594543451 -0.049790807068347924 0.65000000596046459 -0.0025408311048522587 0.4815796166658402 -0.21111111342906949 1.2293111085891726 -0.0024228292750194664 1.053283751010895 0.84166666865348827 0.704116851091385 0.041020480915904052 1.0807352662086489
decision_type=10 10 8 8 2 10 10 8 10 10 10 2 10 10 2 10 10 10 10 2 10 10 2 10 10 10 2 10 10 10
left_child=1 15 -2 7 5 -5 17 11 24 10 -10 12 -4 14 -13 -1 -11 -7 -15 -17 21 27 23 -23 -9 -14 28 -3 -24 -22
right_child=2 20 3 4 -6 6 -8 8 9 16 -12 13 25 18 -16 19 -18 -19 -20 -21 29 22 26 -25 -26 -27 -28 -29 -30 -31
leaf_value=0.0019468358689063295 0.0010146209316981339 0.011714281294889554 0.0011681803231466251 0.0013404460223170932 0.01893666677078672 0.0045883469161974964 0.0026143452380737978 0 -0.0020223472994124803 -0.0018659821090507042 -0.00037238587343775233 0.00035410803913329324 -0.0057281799641547802 0.0069312938377975525 0.0060280492340932697 -0.00094976820911857535 0.0020057902965809086 -0.01216062779531423 0.0001417340404738032 -0.0094636790506271301 0.0022650548975726259 -0.00048621366099267031 0.018383095974749422 0.016428060548439177 -0.017221040152085754 0.0029231643353038669 -0.00084271866195315473 -0.00056293422934189255 0.0077887350247204546 -0.0036687709561158571
leaf_weight=6795 34043 249 2393 930 179 137 386 159 34203 4056 74978 4316 3598 860 3286 6956 12952 1791 91748 593 6646 944 703 224 410 517 161 1648 735 910
leaf_count=6795 34043 249 2393 930 179 137 386 159 34203 4056 74978 4316 3598 860 3286 6956 12952 1791 91748 593 6646 944 703 224 410 517 161 1648 735 910
internal_value=-9.99556e-06 0.00139176 -0.000148628 -0.000317128 -0.00406601 -0.00553544 -0.00841521 -0.000260537 -0.000682836 -0.000626149 -0.00089229 0.000238288 -0.00241054 0.000413752 0.00285544 1.67689e-05 0.00106374 -0.0107816 0.000209507 -0.00168144 0.00297857 0.0052884 0.00809425 0.00272705 -0.0122971 -0.00455981 0.0117473 0.000997479 0.0133549 0.00150302
internal_weight=297506 26564 270942 236899 3423 3244 2314 233476 126758 126189 109181 106718 6508 100210 7602 14344 17008 1928 92608 7549 12220 4664 2767 1168 569 4115 1599 1897 1438 7556
internal_count=297506 26564 270942 236899 3423 3244 2314 233476 126758 126189 109181 106718 6508 100210 7602 14344 17008 1928 92608 7549 12220 4664 2767 1168 569 4115 1599 1897 1438 7556
is_linear=0
shrinkage=0.03


Tree=26
num_leaves=31
num_cat=0
split_feature=61 1 34 25 35 38 50 16 15 42 38 11 60 28 39 33 31 71 13 59 39 44 5 48 86 24 39 72 46 84
split_gain=57.9826 68.6674 64.7984 60.6373 55.7449 51.0771 74.6891 56.1106 75.7303 54.6299 61.536 61.9619 52.5108 61.8972 52.3373 50.817 48.8774 46.3217 70.8866 51.5277 43.7758 42.5042 41.8976 35.5965 52.7142 43.0578 35.3521 49.0946 34.4474 32.9055
threshold=1.0664107203483584 0.054819600656628616 0.93758702278137218 0.013608650304377081 0.60387402772903453 -0.0010238760733045635 0.69031959772109996 0.66539305448532116 0.86270305514335643 -0.076648574322462068 -0.016433146782219406 0.9873284399509431 0.99994289875030529 -0.017197139561176297 0.0025645572459325199 0.89189702272415172 -0.0051659955643117419 0.89473745226860057 0.98214536905288707 0.94534283876419078 -0.018954654224216935 1.1092578172683718 0.0089357965625822561 0.98862025141716015 -0.88333332538604725 0.030180219560861591 -0.045762704685330384 0.66666671633720409 1.0770663022994997 0.75000000000000011
decision_type=10 10 10 10 10 10 8 8 10 10 10 10 10 10 10 10 10 10 8 8 10 10 10 10 2 10 10 10 8 2
left_child=3 2 15 28 -3 9 14 8 -8 10 26 20 13 22 -7 -2 -15 18 -9 -19 -12 -13 -11 24 -14 -25 -5 -28 -1 -16
right_child=1 4 -4 5 -6 6 7 17 -10 12 11 21 23 16 29 -17 -18 19 -20 -21 -22 -23 -24 25 -26 -27 27 -29 -30 -31
leaf_value=0.0011779733799239154 0.0023164189516957112 0 0.01155035180298461 0.0061678641833490333 0.012228011451804919 0 -0.0019013822255867789 -0.0023717747554623512 0.021901380228969893 0.0166550767757234 -0.00013569881814683594 0.0045952962190647173 -0.011217742088106683 0.0041287960990356899 -0.02323528611628186 -0.0047540315672580892 0.00023017207783428549 -0.0011191933820933135 -0.00050163424708768521 0.0020217742280560598 0.016034428969193895 -0.0022090712594951397 0 -5.3429959971357966e-05 -0.0019815485352646421 -0.0055125571998933609 -0.0020281666088301656 -0.021165791247117642 -0.0015256454520435668 -0.0028012937337003087
leaf_weight=42193 2338 514 438 188 1044 212 200 23031 213 336 152 3133 610 3015 261 1463 70583 7939 91097 11213 586 1039 223 21499 6905 1373 521 160 4606 152
leaf_count=42193 2338 514 438 188 1044 212 200 23031 213 336 152 3133 610 3015 261 1463 70583 7939 91097 11213 586 1039 223 21499 6905 1373 521 160 4606 152
internal_value=-2.25409e-05 0.00294177 0.000869206 -8.27308e-05 0.0083082 -0.000272953 -0.000666293 -0.000614686 0.0101264 0.000203254 0.00303827 0.00436979 4.31189e-05 0.000476251 -0.010879 -0.000337114 0.000395036 -0.000651735 -0.000882006 0.000704305 0.0123925 0.00282671 0.0102679 -0.00100366 -0.00279886 -0.000398775 -0.00407668 -0.00742807 0.000904935 -0.0168844
internal_weight=297237 5797 4239 291440 1558 244641 134318 133693 413 110323 5779 4910 104544 74157 625 3801 73598 133280 114128 19152 738 4172 559 30387 7515 22872 869 681 46799 413
internal_count=297237 5797 4239 291440 1558 244641 134318 133693 413 110323 5779 4910 104544 74157 625 3801 73598 133280 114128 19152 738 4172 559 30387 7515 22872 869 681 46799 413
is_linear=0
shrinkage=0.03


Tree=27
num_leaves=31
num_cat=0
split_feature=26 101 25 138 18 51 24 162 74 95 1 25 84 1 33 41 53 86 18 47 118 67 30 29 35 12 34 78 3 68
split_gain=54.1217 94.0519 74.2182 81.6807 77.6333 73.6367 113.263 54.4332 49.7563 48.8083 44.051 61.2265 52.884 51.3571 63.538 68.6866 61.424 60.3696 53.8888 50.7802 78.7186 66.3012 49.5264 42.6144 41.0004 39.8058 42.4284 39.3131 38.7645 36.4175
threshold=0.10718328878283502 0.36515152454376226 0.067826356738805785 0.87531223893165599 0.95002853870391857 0.67947936058044445 0.03719716705381871 0.0019687791354954247 0.35000000894069677 0.053976938128471381 0.054819600656628616 0.044578697532415397 0.65000000596046459 0.014285661745816471 0.37278090417385107 0.047601014375686652 1.0352428555488589 0.68333333730697643 0.97100701928138744 1.0376394391059878 0.1121492236852646 0.9747881591320039 0.0050092339515686044 0.0079915882088243979 0.41561545431613928 0.98176664113998424 0.89117348194122326 0.30000000447034841 0.017191983759403232 0.94736865162849437
decision_type=10 2 10 10 10 8 10 10 2 10 10 8 2 10 8 10 10 2 10 10 10 10 10 10 10 10 10 10 10 10
left_child=5 -2 7 8 -5 6 -1 -3 -4 -10 13 12 -12 23 15 16 -15 18 -16 -13 -21 -22 -17 -7 -11 -8 -27 -19 -6 -14
right_child=1 2 3 4 28 10 25 -9 9 24 11 19 29 14 17 22 -18 27 -20 20 21 -23 -24 -25 -26 26 -28 -29 -30 -31
leaf_value=0.0113112196387457 0.01926332934018116 0 -0.0010188138259840534 -0.021766335838864295 -0.0050286187985961357 0.00056430664024178503 -0.0019839614755803284 0.014371045622094729 -0.0031930009595628173 0 0.0010198239630176899 -0.0019080356696260892 -0.011700363313759598 -0.0010808390124709445 -0.0028368358372858156 0.0072881014937220311 -0.0060458695248968488 3.1498686274046586e-05 -7.378727782652332e-05 0.019569108059090054 0.0053012860341951022 -0.012127256741101156 -0.0034209783201912787 -0.0049163359610609522 0.016777032353512019 -0.021092684331447682 0 0.0028062254366828265 0.0039181757459382681 0.0014963719306537245
leaf_weight=190 289 367 588 183 1229 87337 277 623 165 137 2747 894 561 67887 6803 1432 2333 8555 96651 332 3461 180 474 1266 562 464 107 10500 618 217
leaf_count=190 289 367 588 183 1229 87337 277 623 165 137 2747 894 561 67887 6803 1432 2333 8555 96651 332 3461 180 474 1266 562 464 107 10500 618 217
internal_value=-2.80809e-05 0.00313649 0.00194639 -4.48578e-05 -0.00399976 -8.07966e-05 -0.00798287 0.00910918 0.0052598 0.00979849 -5.10966e-05 0.00208646 -0.000852304 -0.000115632 -0.000389034 -0.00109542 -0.00125174 2.45066e-05 -0.000258894 0.00427107 0.00573921 0.00429618 0.00446125 0.00048152 0.0132859 -0.0128125 -0.017313 0.00157754 -0.00186446 -0.00769833
internal_weight=297429 4761 4472 3482 2030 292668 1038 990 1452 864 291630 8392 3525 283238 194635 72126 70220 122509 103454 4867 3973 3641 1906 88603 699 848 571 19055 1847 778
internal_count=297429 4761 4472 3482 2030 292668 1038 990 1452 864 291630 8392 3525 283238 194635 72126 70220 122509 103454 4867 3973 3641 1906 88603 699 848 571 19055 1847 778
is_linear=0
shrinkage=0.03


end of trees

feature_importances:
ROC30=35
KLEN=31
STD30=26
RESI5=26
STD20=22
IMXD30=20
RSQR5=19
RSQR10=18
RSQR30=18
LOW0=17
MIN20=17
STD5=16
STD10=15
QTLU60=15
ROC5=14
BETA10=14
MA5=13
STD60=13
BETA20=13
RSQR20=13
RESI30=13
RESI20=12
MIN60=12
WVMA20=12
KLOW=11
VWAP0=11
BETA60=11
MA60=10
SUMN20=10
ROC60=9
QTLU5=9
KUP=8
ROC10=8
ROC20=8
BETA5=8
RESI10=8
MAX20=8
MIN30=8
QTLU10=8
HIGH0=7
RESI60=7
MIN10=7
QTLD30=7
IMIN5=7
IMXD60=7
ORC_RETURN_PER_VOLUME_SURPRISE_20=7
BETA30=6
RSQR60=6
MIN5=6
QTLD60=6
RSV30=6
IMAX10=6
SUMP5=6
SUMD20=6
KLOW2=5
MAX5=5
MAX30=5
QTLU20=5
IMAX5=5
IMIN10=5
SUMN5=5
SUMN60=5
WVMA5=5
ORC_SIGNED_IMPACT_SHOCK_20=5
KSFT=4
MAX60=4
RSV5=4
RSV60=4
IMAX60=4
IMIN60=4
CNTP30=4
SUMP20=4
SUMN30=4
SUMD5=4
KMID=3
OPEN0=3
MAX10=3
QTLU30=3
QTLD20=3
IMIN30=3
IMXD10=3
CORR20=3
SUMN10=3
SUMD30=3
WVMA10=3
ORC_VOLUME_STABILITY_TREND_20=3
KUP2=2
MA20=2
MA30=2
QTLD5=2
QTLD10=2
RSV20=2
IMAX30=2
CNTP10=2
CNTN5=2
CNTD10=2
CNTD30=2
CNTD60=2
SUMP30=2
WVMA30=2
WVMA60=2
VSUMP5=2
KSFT2=1
RANK5=1
RANK60=1
RSV10=1
IMIN20=1
IMXD5=1
IMXD20=1
CORR5=1
CORR60=1
CORD10=1
CORD20=1
CORD60=1
CNTP5=1
CNTP60=1
CNTN10=1
CNTN30=1
CNTD20=1
SUMP10=1
SUMP60=1
SUMD10=1
VMA5=1
VMA30=1
VSTD60=1
VSUMN30=1
ORC_IMPACT_CONCENTRATION_20=1
ORC_VOLUME_CLIMAX_10=1

parameters:
[boosting: gbdt]
[objective: regression]
[metric: l2]
[tree_learner: serial]
[device_type: cpu]
[data_sample_strategy: bagging]
[data: ]
[valid: ]
[num_iterations: 500]
[learning_rate: 0.03]
[num_leaves: 31]
[num_threads: 12]
[seed: 20260814]
[deterministic: 1]
[force_col_wise: 1]
[force_row_wise: 0]
[histogram_pool_size: -1]
[max_depth: 7]
[min_data_in_leaf: 100]
[min_sum_hessian_in_leaf: 0.001]
[bagging_fraction: 0.8]
[pos_bagging_fraction: 1]
[neg_bagging_fraction: 1]
[bagging_freq: 1]
[bagging_seed: 20260814]
[bagging_by_query: 0]
[feature_fraction: 0.8]
[feature_fraction_bynode: 1]
[feature_fraction_seed: 20260814]
[extra_trees: 0]
[extra_seed: 17475]
[early_stopping_round: 0]
[early_stopping_min_delta: 0]
[first_metric_only: 0]
[max_delta_step: 0]
[lambda_l1: 10]
[lambda_l2: 20]
[linear_lambda: 0]
[min_gain_to_split: 0]
[drop_rate: 0.1]
[max_drop: 50]
[skip_drop: 0.5]
[xgboost_dart_mode: 0]
[uniform_drop: 0]
[drop_seed: 29730]
[top_rate: 0.2]
[other_rate: 0.1]
[min_data_per_group: 100]
[max_cat_threshold: 32]
[cat_l2: 10]
[cat_smooth: 10]
[max_cat_to_onehot: 4]
[top_k: 20]
[monotone_constraints: ]
[monotone_constraints_method: basic]
[monotone_penalty: 0]
[feature_contri: ]
[forcedsplits_filename: ]
[refit_decay_rate: 0.9]
[cegb_tradeoff: 1]
[cegb_penalty_split: 0]
[cegb_penalty_feature_lazy: ]
[cegb_penalty_feature_coupled: ]
[path_smooth: 0]
[interaction_constraints: ]
[verbosity: 1]
[saved_feature_importance_type: 0]
[use_quantized_grad: 0]
[num_grad_quant_bins: 4]
[quant_train_renew_leaf: 0]
[stochastic_rounding: 1]
[linear_tree: 0]
[max_bin: 255]
[max_bin_by_feature: ]
[min_data_in_bin: 3]
[bin_construct_sample_cnt: 200000]
[data_random_seed: 20260812]
[is_enable_sparse: 1]
[enable_bundle: 1]
[use_missing: 1]
[zero_as_missing: 0]
[feature_pre_filter: 1]
[pre_partition: 0]
[two_round: 0]
[header: 0]
[label_column: ]
[weight_column: ]
[group_column: ]
[ignore_column: ]
[categorical_feature: ]
[forcedbins_filename: ]
[precise_float_parser: 0]
[parser_config_file: ]
[objective_seed: 27057]
[num_class: 1]
[is_unbalance: 0]
[scale_pos_weight: 1]
[sigmoid: 1]
[boost_from_average: 1]
[reg_sqrt: 0]
[alpha: 0.9]
[fair_c: 1]
[poisson_max_delta_step: 0.7]
[tweedie_variance_power: 1.5]
[lambdarank_truncation_level: 30]
[lambdarank_norm: 1]
[label_gain: ]
[lambdarank_position_bias_regularization: 0]
[eval_at: ]
[multi_error_top_k: 1]
[auc_mu_weights: ]
[num_machines: 1]
[local_listen_port: 12400]
[time_out: 120]
[machine_list_filename: ]
[machines: ]
[gpu_platform_id: -1]
[gpu_device_id: -1]
[gpu_device_id_list: ]
[gpu_use_dp: 0]
[num_gpu: 1]

end of parameters

pandas_categorical:null
