tree
version=v4
num_class=1
num_tree_per_iteration=1
label_index=0
max_feature_idx=162
objective=regression
feature_names=KMID KLEN KMID2 KUP KUP2 KLOW KLOW2 KSFT KSFT2 OPEN0 HIGH0 LOW0 VWAP0 ROC5 ROC10 ROC20 ROC30 ROC60 MA5 MA10 MA20 MA30 MA60 STD5 STD10 STD20 STD30 STD60 BETA5 BETA10 BETA20 BETA30 BETA60 RSQR5 RSQR10 RSQR20 RSQR30 RSQR60 RESI5 RESI10 RESI20 RESI30 RESI60 MAX5 MAX10 MAX20 MAX30 MAX60 MIN5 MIN10 MIN20 MIN30 MIN60 QTLU5 QTLU10 QTLU20 QTLU30 QTLU60 QTLD5 QTLD10 QTLD20 QTLD30 QTLD60 RANK5 RANK10 RANK20 RANK30 RANK60 RSV5 RSV10 RSV20 RSV30 RSV60 IMAX5 IMAX10 IMAX20 IMAX30 IMAX60 IMIN5 IMIN10 IMIN20 IMIN30 IMIN60 IMXD5 IMXD10 IMXD20 IMXD30 IMXD60 CORR5 CORR10 CORR20 CORR30 CORR60 CORD5 CORD10 CORD20 CORD30 CORD60 CNTP5 CNTP10 CNTP20 CNTP30 CNTP60 CNTN5 CNTN10 CNTN20 CNTN30 CNTN60 CNTD5 CNTD10 CNTD20 CNTD30 CNTD60 SUMP5 SUMP10 SUMP20 SUMP30 SUMP60 SUMN5 SUMN10 SUMN20 SUMN30 SUMN60 SUMD5 SUMD10 SUMD20 SUMD30 SUMD60 VMA5 VMA10 VMA20 VMA30 VMA60 VSTD5 VSTD10 VSTD20 VSTD30 VSTD60 WVMA5 WVMA10 WVMA20 WVMA30 WVMA60 VSUMP5 VSUMP10 VSUMP20 VSUMP30 VSUMP60 VSUMN5 VSUMN10 VSUMN20 VSUMN30 VSUMN60 VSUMD5 VSUMD10 VSUMD20 VSUMD30 VSUMD60 ORC_TREND_PATH_CROWD_20 ORC_TREND_ACCEL_UNCROWDED_5_20 ORC_TREND_STREAK_EXHAUST_12 ORC_TREND_RSQR_STRESS_20 ORC_TREND_ACCEL_GAP_10_30
feature_infos=[-0.16749253869056702:0.23587034642696381] [0:0.33308270573616028] [-1:1] [0:0.27153289318084717] [0:1] [0:0.21718749403953552] [0:1] [-0.31147539615631104:0.23587034642696381] [-1:1] [0.80914634466171265:1.2011904716491699] [1:1.365384578704834] [0.7725520133972168:1] [0.90894031524658203:1.0927579402923584] [0.57777780294418335:1.6790908575057983] [0.54954206943511963:1.8924485445022583] [0.46860837936401367:2.2146341800689697] [0.46312057971954346:2.740487813949585] [0.36440131068229675:2.649662971496582] [0.74611109495162964:1.3455072641372681] [0.65066665410995483:1.4951817989349365] [0.60133224725723267:1.7117466926574707] [0.56646168231964111:1.9959673881530762] [0.4937971830368042:1.8649090528488159] [0:0.26957115530967712] [0:0.32280367612838745] [0:0.36472421884536743] [0:0.57258552312850952] [0:0.50059491395950317] [-0.16409091651439667:0.12254486232995987] [-0.11048160493373871:0.12254486232995987] [-0.11048160493373871:0.12254486232995987] [-0.11048160493373871:0.12254486232995987] [-0.11048160493373871:0.12254486232995987] [0:1] [0:1] [0:1] [0:1] [0:1] [-0.15193372964859009:0.13264167308807373] [-0.24554997682571411:0.20802642405033112] [-0.40848860144615173:0.27864286303520203] [-0.44566619396209717:0.33016127347946167] [-0.96870207786560059:0.3971981406211853] [1:1.6472727060317993] [1:1.9298244714736938] [1:2.2439024448394775] [1:3.3160974979400635] [1:3.3160974979400635] [0.5718809962272644:1] [0.54045307636260986:1] [0.4660193920135498:1] [0.43721681833267212:1] [0.33789625763893127:1] [0.86334514617919922:1.4843636751174927] [0.72140765190124512:1.7869091033935547] [0.59200000762939453:2.054157018661499] [0.56569522619247437:2.423609733581543] [0.56576049327850342:2.3250908851623535] [0.60694897174835205:1.2689855098724365] [0.54922223091125488:1.4057971239089966] [0.49352750182151794:1.5574545860290527] [0.47533980011940002:1.5740000009536743] [0.38890489935874939:1.5950908660888672] [0.20000000298023224:1] [0.10000000149011612:1] [0.05000000074505806:1] [0.033333335071802139:1] [0.01666666753590107:1] [0:1] [0:1] [0:1] [0:1] [0:1] [0.20000000298023224:1] [0.10000000149011612:1] [0.05000000074505806:1] [0.033333335071802139:1] [0.01666666753590107:1] [0.20000000298023224:1] [0.10000000149011612:1] [0.05000000074505806:1] [0.033333335071802139:1] [0.01666666753590107:1] [-0.80000001192092896:0.80000001192092896] [-0.89999997615814209:0.89999997615814209] [-0.94999998807907104:0.94999998807907104] [-0.96666663885116577:0.96666663885116577] [-0.98333334922790527:0.98333334922790527] [-1:1] [-1:1] [-1:1] [-1:1] [-1:1] [-1:1] [-1:1] [-1:1] [-1:1] [-1:1] [0:1] [0:1] [0:0.90909093618392944] [0:0.90909093618392944] [0:0.90909093618392944] [0:1] [0:1] [0:0.89999997615814209] [0:0.8571428656578064] [0:0.8571428656578064] [-1:1] [-1:1] [-0.8571428656578064:0.90909093618392944] [-0.8571428656578064:0.90909093618392944] [-0.8571428656578064:0.90909093618392944] [0:1] [0:1] [0:1] [0:1] [0:1] [0:1] [0:1] [0:1] [0:1] [0:1] [-1:1] [-1:1] [-1:1] [-1:1] [-1:1] [0.20013266801834106:26452.083984375] [0.10012400150299072:23627.859375] [0.050104878842830658:16692.724609375] [0.034610312432050705:22716.572265625] [0.017187755554914474:26107.111328125] [0.00080492562847211957:59102.5] [0.0021778203081339598:49210.34375] [0.0021778203081339598:42161.07421875] [0.0021778203081339598:37016.7265625] [0.0021778203081339598:26455.013671875] [0:2.2360680103302002] [0:3.1615598201751709] [0:4.4708261489868164] [0:5.4611344337463379] [0:7.5986995697021484] [0:1] [0:1] [0:1] [0:1] [0:1] [0:1] [0:1] [0:1] [0:1] [0:1] [-1:1] [-1:1] [-1:1] [-1:1] [-1:1] [-0.39993909001350403:2.8038227558135986] [-0.084833331406116486:0.083563074469566345] [-3.7620944976806641:5.0989665985107422] [0:2.056443452835083] [-78937640:33658216]
tree_sizes=3078 3047 3025 3108

Tree=0
num_leaves=31
num_cat=0
split_feature=16 25 40 71 60 12 28 29 22 16 30 109 49 69 27 42 78 161 88 76 23 86 82 32 3 5 140 27 98 17
split_gain=169.564 150.08 121.204 128.414 112.445 112.181 104.445 101.019 103.838 87.8954 111.502 67.2388 75.5579 66.996 96.1224 65.2039 60.4331 56.573 54.1365 50.5256 49.6062 46.7687 42.2352 41.3269 38.7652 38.4867 29.7553 29.2562 28.1863 30.5893
threshold=1.2291839718818667 0.012498665601015093 -0.043458150699734681 0.58083829283714306 0.7353113889694215 1.0000156760215761 -0.01638813596218824 -0.00058528201770968724 1.09377658367157 0.93347230553627025 -0.0012407365720719097 0.31666667759418493 0.83651098608970653 0.23529475182294848 0.057628391310572631 0.067197795957326903 0.30000000447034841 0.64422520995140087 0.92012453079223644 0.48333333432674414 0.024396202526986602 -0.55000001192092884 0.075000002980232253 -0.00085644255159422744 0.015361536759883167 0.003118500811979175 0.81761562824249279 0.054458187893033035 1.0000000180025095e-35 1.1566092371940615
decision_type=10 10 10 10 10 10 10 10 10 8 10 2 10 10 10 10 10 10 10 2 10 2 2 10 10 10 10 10 2 8
left_child=1 19 3 11 5 27 22 9 16 10 -6 12 -3 14 -8 -11 -9 23 -7 -1 -19 -10 -5 -2 -15 -14 -22 -4 -28 -30
right_child=17 2 4 6 7 18 13 8 21 15 -12 -13 25 24 -16 -17 -18 20 -20 -21 26 -23 -24 -25 -26 -27 28 -29 29 -31
leaf_value=0.00081391144919774959 0.0035703239175344402 0.017834881742064677 -0.004761764396317072 9.0121740029887164e-10 -0.010367227814173784 0.0097757469000753511 -0.0020082887555137098 -0.0006451887033225908 0.0075679401829340694 -0.00084210155465841939 -0.0021931529027122425 -0.013125152148876178 -0.0018715946104471792 -0.00048686332826968344 0.01808471394536525 0.010555387744076456 0.00060921126654175299 0.0016913938633337613 -0.012959339916903997 0.0030115822809518313 0.0038280749729153732 0.00026020861281099287 0.022097998485137479 -0.012786691402931769 0.0086438041001062563 0.0021737113004473966 0.0023199883169422769 -0.023887143751155922 0.00070228977237950881 0.019669018701560612
leaf_weight=26339 1410 218 154 117 1846 246 279 67479 2387 110594 8750 287 3333 1610 619 430 70822 584 122 15147 363 1304 506 129 522 5555 186 388 123 789
leaf_count=26339 1410 218 154 117 1846 246 279 67479 2387 110594 8750 287 3333 1610 619 430 70822 584 122 15147 363 1304 506 129 522 5555 186 388 123 789
internal_value=1.53531e-05 -5.68047e-05 -0.000309291 0.00250786 -0.000449544 -0.0108757 0.00727184 -0.000411592 0.00013005 -0.00104635 -0.00366232 0.000611735 0.00110538 0.00476951 0.0116075 -0.000793364 -6.64019e-07 0.00648687 0.00118588 0.0016246 0.00977159 0.00508234 0.0184486 0.00186039 0.00166885 0.000622248 0.0127324 -0.0193496 0.0152867 0.0175029
internal_weight=322638 319054 277568 13046 264522 910 3653 263612 141992 121620 10596 9393 9106 3030 898 111024 138301 3584 368 41486 2045 3691 623 1539 2132 8888 1461 542 1098 912
internal_count=322638 319054 277568 13046 264522 910 3653 263612 141992 121620 10596 9393 9106 3030 898 111024 138301 3584 368 41486 2045 3691 623 1539 2132 8888 1461 542 1098 912
is_linear=0
shrinkage=1


Tree=1
num_leaves=31
num_cat=0
split_feature=16 57 30 28 16 71 59 25 18 12 15 33 30 51 24 26 79 16 118 37 33 32 118 52 36 140 101 23 28 87
split_gain=165.181 151.941 141.208 190.489 144.336 119.613 91.2118 84.5064 79.2749 68.7218 63.7836 59.5075 60.2065 54.9588 54.9259 51.0055 50.5498 49.5584 48.0664 46.9496 46.0134 44.2117 43.9395 42.237 41.9556 41.9076 48.2598 44.8505 39.495 35.9946
threshold=1.2291839718818667 0.81043940782547008 -0.00042537348053883756 -0.015070095192641018 0.93491792678833019 0.62399998307228099 0.96127107739448558 0.012374523095786573 0.95015943050384533 1.0239996910095217 0.95475322008132946 0.97732165455818187 -0.006841404363512992 0.65079137682914745 0.053541770204901702 0.018528771586716179 0.15000000223517421 1.0746294260025027 0.44444447755813604 0.78074353933334362 0.87567090988159191 -0.0049711188767105332 0.19024165719747546 0.72594267129898082 0.23419021070003512 0.73871427774429332 0.43095238506793981 0.016077462583780292 -0.019188631325960156 0.70833331346511852
decision_type=10 8 8 8 8 10 10 10 10 10 8 10 10 10 10 10 2 8 10 10 10 10 10 10 10 10 2 10 10 2
left_child=1 8 4 5 10 23 -7 -5 13 16 -3 12 25 -1 15 18 -9 -16 -6 22 -15 -17 -12 28 -11 -2 27 -27 -4 -8
right_child=11 2 3 7 14 6 29 9 -10 24 19 -13 -14 20 17 21 -18 -19 -20 -21 -22 -23 -24 -25 -26 26 -28 -29 -30 -31
leaf_value=-0.030116750558900857 -0.00028403725040981827 0.0020236275803215582 0.0043228880099921516 0.0019164380102280527 0.0026203194183269649 -0.0057479905857404402 0.027333675855305044 0.00082186625229701312 -0.0016692920409176232 0.018089851248685434 0 -0.012834234340471847 0.00070983968194881467 -0.021822950704120141 -0.0032445635025105911 0.0019928134129376719 -0.00038440841417197345 0.0064559959897840906 -0.00021292581850863187 -0.00038724529353747247 -0.0007527086827669975 -0.0010032152658300112 -0.010080587278389787 0.0026645990746467329 0.0035765545474865509 0 0.002678835736670365 0.015541085590137527 0.02043152872780031 0.0086491449279710655
leaf_weight=218 275 745 435 27496 7449 101 420 47887 568 256 472 111 1022 153 581 4539 89873 1801 18789 836 276 108815 2927 3127 790 185 557 1431 253 220
leaf_count=218 275 745 435 27496 7449 101 420 47887 568 256 472 111 1022 153 581 4539 89873 1801 18789 836 276 108815 2927 3127 790 185 557 1431 253 220
internal_value=9.15093e-06 -6.20326e-05 -2.02743e-05 0.000565183 -0.000702989 0.00660781 0.0176177 0.000397061 -0.0105648 9.36952e-05 -0.00571882 0.00639924 0.00717047 -0.0176401 -0.000524156 -0.00060334 3.27879e-05 0.0039577 0.000581394 -0.00715445 -0.00957277 -0.00088027 -0.00871913 0.00431036 0.00768275 0.00971852 0.0111122 0.0137674 0.0110801 0.0218221
internal_weight=322608 319027 317812 170858 146954 4556 741 166302 1215 138806 4980 3581 3470 647 141974 139592 137760 2382 26238 4235 429 113354 3399 3815 1046 2448 2173 1616 688 640
internal_count=322608 319027 317812 170858 146954 4556 741 166302 1215 138806 4980 3581 3470 647 141974 139592 137760 2382 26238 4235 429 113354 3399 3815 1046 2448 2173 1616 688 640
is_linear=0
shrinkage=0.03


Tree=2
num_leaves=31
num_cat=0
split_feature=56 26 40 71 60 53 33 9 29 57 78 118 116 49 18 38 33 38 86 99 24 43 143 43 36 60 49 52 74 160
split_gain=123.238 124.888 118.263 143.569 115.522 107.296 102.255 95.6235 87.6212 112.685 81.177 76.3841 70.7211 70.5637 63.3504 63.8128 58.5875 61.0478 57.6699 51.3657 65.9041 47.5693 42.8372 40.1833 41.026 36.8198 33.2712 46.7066 43.3841 32.9355
threshold=1.1825582981109621 0.019973746500909332 -0.043458150699734681 0.58083829283714306 0.7353113889694215 1.0447263121604922 0.97732165455818187 1.0006920695304873 -0.0016317006084136663 1.1722830533981325 0.30000000447034841 0.40000005066394811 0.38541683554649359 0.92106965184211742 0.95015943050384533 0.018790226429700855 0.6921580731868745 -0.00042826915159821505 0.68333333730697643 0.68333333730697643 0.10851091518998147 1.0841291546821596 0.66366297006607067 1.0264169573783877 0.65398061275482189 0.95083680748939525 0.96931311488151561 0.84602299332618724 0.65000000596046459 -0.1981970742344856
decision_type=10 10 10 10 10 10 10 10 10 10 10 8 10 10 10 8 10 10 2 2 10 10 10 10 10 10 8 10 2 10
left_child=1 11 3 19 7 26 12 18 14 10 -10 -1 13 23 25 -16 -15 -18 -4 20 -3 -7 -9 -2 -25 -6 28 -28 -5 -14
right_child=6 2 4 5 8 21 -8 22 9 -11 -12 -13 29 16 15 -17 17 -19 -20 -21 -22 -23 -24 24 -26 -27 27 -29 -30 -31
leaf_value=0.0021267323868232992 0.0033975230563071746 0.00031886144593846019 -0.026815929888524274 0.003773154215788028 -0.021430879001938071 0.0075220726345771498 -0.0149721231822743 0.0088227258890843652 -0.0010393701025738242 0.0046717511269076528 0.00045623960461116397 0.00023061273368473441 0.0056133235197493754 0.00061498937642052488 -0.0013982414041589252 0.0028742145972986684 0.013441875862620103 0.0017943597559896979 -0.0042911581551705142 -0.011625523245219632 0.017809088702802546 0.019786061411329929 -0.010026292451075279 0.0020239588116441874 0.028083207079331346 0 0.01452637011771298 -0.00053095871498194203 -0.0069466859004381348 -0.0049029747681727624
leaf_weight=30529 192 8443 327 1154 204 733 203 217 59681 4357 71808 52257 388 1393 81817 3210 1110 744 208 291 180 684 180 101 295 128 424 253 452 717
leaf_count=30529 192 8443 327 1154 204 733 203 217 59681 4357 71808 52257 388 1393 81817 3210 1110 744 208 291 180 684 180 101 295 128 424 253 452 717
internal_value=7.03034e-06 -6.67907e-05 -0.000420985 0.00239781 -0.000582602 0.00735191 0.00460557 -0.0110271 -0.000536247 -6.05921e-05 -0.00022037 0.000933813 0.00552769 0.0074554 -0.00128953 -0.00123278 0.00551858 0.00899691 -0.0190694 0.000296038 0.000759035 0.0138438 0 0.017124 0.0225748 -0.0140758 0.00310708 0.00861515 0.000523276 -0.000909561
internal_weight=322680 317537 234751 12614 222137 3700 5143 932 221205 135846 131489 82786 4940 3835 85359 85027 3247 1854 535 8914 8623 1417 397 588 396 332 2283 677 1606 1105
internal_count=322680 317537 234751 12614 222137 3700 5143 932 221205 135846 131489 82786 4940 3835 85359 85027 3247 1854 535 8914 8623 1417 397 588 396 332 2283 677 1606 1105
is_linear=0
shrinkage=0.03


Tree=3
num_leaves=31
num_cat=0
split_feature=28 27 29 11 57 26 12 78 15 58 26 38 38 81 134 59 49 86 161 161 34 33 17 116 60 57 61 60 79 106
split_gain=125.688 145.164 141.275 94.0704 95.8847 88.8441 84.4299 83.5368 70.8033 124.24 70.7431 94.5099 70.2117 64.9218 64.1336 60.6545 91.1452 64.1482 62.0702 62.9377 58.2515 55.3164 54.2273 62.5552 52.6348 51.4776 50.8632 47.3108 43.6538 40.3919
threshold=-0.011305767577141522 0.084398221224546446 -0.0016317006084136663 0.92630818486213695 1.1722830533981325 0.01783615164458752 1.0018122196197512 0.30000000447034841 1.1480025649070742 0.92701864242553722 0.030229021795094017 0.018790226429700855 0.0017475888598710301 0.84999999403953563 0.26292222738265997 0.80393624305725109 0.82225650548934948 0.75000000000000011 0.4000335037708283 0.083960756659507765 0.83690756559371959 0.97297266125679027 1.0058354139328005 0.27920407056808477 1.0178351998329165 0.92578014731407177 0.99048951268196117 0.94749337434768688 0.94999998807907116 0.5962963104248048
decision_type=10 10 10 8 10 10 10 10 10 10 10 10 10 2 10 10 10 2 10 10 10 10 10 10 10 10 10 10 2 2
left_child=1 22 8 14 5 26 7 -7 9 27 -11 12 -12 -10 -4 -3 -17 18 19 -18 -8 -20 -1 -24 29 -19 -5 -2 -13 -6
right_child=2 15 3 4 24 6 20 -9 13 10 11 28 -14 -15 -16 16 17 25 21 -21 -22 -23 23 -25 -26 -27 -28 -29 -30 -31
leaf_value=0.0025416481161388504 -0.022676246228655661 -0.01313975171931088 6.0496896291854624e-05 0.0022370976367235059 0.0027034269827339837 -0.0015666252717718503 0.00061743976529223552 0.00024562539828066314 -0.0058624386285904733 -0.00037340303295141538 -0.0011445242235607533 0.0022245352886394055 -0.0037004254577899828 0.0050758571103108651 -0.017757485503938773 0.024329435395546196 0.0062175130170610427 -0.0014222875442355871 0.0086235327913907079 -0.0024786847388156073 0.0044525362515102614 -0.01058333708428439 0.0059024838670475709 -0.0012842198029576403 -0.011680801400086946 0.018152533922700317 5.2594556032377244e-05 -0.0014080039366855094 0.015284031653105951 0.008708478659691191
leaf_weight=8876 315 120 257 28591 2660 42885 48718 48564 547 56467 21346 1780 18442 2864 412 234 1292 115 2598 1674 3870 112 1185 10754 142 551 14862 179 266 1876
leaf_count=8876 315 120 257 28591 2660 42885 48718 48564 547 56467 21346 1780 18442 2864 412 234 1292 115 2598 1674 3870 112 1185 10754 142 551 14862 179 266 1876
internal_value=7.81722e-05 0.00201729 -0.000101746 0.000375037 0.000416171 0.000308351 -4.83798e-05 -0.000601106 -0.00100415 -0.00115332 -0.0010729 -0.00200926 -0.002338 0.00321037 -0.0106741 0.00585931 0.00629028 0.00550314 0.00436059 0.00122521 0.000906956 0.00764813 0.000762506 -0.000537143 0.00465393 0.0143923 0.00149721 -0.015908 0.00419913 0.00528017
internal_weight=322554 27511 295043 192837 192168 187490 144037 91449 102206 98795 98301 41834 39788 3411 669 6696 6576 6342 5676 2966 52588 2710 20815 11939 4678 666 43453 494 2046 4536
internal_count=322554 27511 295043 192837 192168 187490 144037 91449 102206 98795 98301 41834 39788 3411 669 6696 6576 6342 5676 2966 52588 2710 20815 11939 4678 666 43453 494 2046 4536
is_linear=0
shrinkage=0.03


end of trees

feature_importances:
ROC30=5
RSQR5=5
QTLD20=5
STD30=4
BETA5=4
RESI5=4
MIN10=4
QTLU60=4
VWAP0=3
STD60=3
BETA10=3
BETA20=3
RSV30=3
IMIN5=3
IMXD30=3
SUMN5=3
ORC_TREND_RSQR_STRESS_20=3
ROC20=2
ROC60=2
MA5=2
STD5=2
STD10=2
STD20=2
BETA60=2
RSQR30=2
RESI20=2
MAX5=2
MIN60=2
QTLD10=2
IMIN10=2
SUMP30=2
WVMA20=2
KUP=1
KLOW=1
OPEN0=1
LOW0=1
MA60=1
RSQR10=1
RSQR60=1
RESI60=1
MIN30=1
QTLU5=1
QTLU30=1
QTLD5=1
QTLD30=1
RSV10=1
IMAX10=1
IMAX30=1
IMIN30=1
IMIN60=1
IMXD60=1
CORR5=1
CNTP5=1
CNTP10=1
CNTP30=1
CNTN30=1
CNTD10=1
VSTD10=1
VSUMP5=1
ORC_TREND_STREAK_EXHAUST_12=1

parameters:
[boosting: gbdt]
[objective: regression]
[metric: l2]
[tree_learner: serial]
[device_type: cpu]
[data_sample_strategy: bagging]
[data: ]
[valid: ]
[num_iterations: 500]
[learning_rate: 0.03]
[num_leaves: 31]
[num_threads: 12]
[seed: 20260814]
[deterministic: 1]
[force_col_wise: 1]
[force_row_wise: 0]
[histogram_pool_size: -1]
[max_depth: 7]
[min_data_in_leaf: 100]
[min_sum_hessian_in_leaf: 0.001]
[bagging_fraction: 0.8]
[pos_bagging_fraction: 1]
[neg_bagging_fraction: 1]
[bagging_freq: 1]
[bagging_seed: 20260814]
[bagging_by_query: 0]
[feature_fraction: 0.8]
[feature_fraction_bynode: 1]
[feature_fraction_seed: 20260814]
[extra_trees: 0]
[extra_seed: 17475]
[early_stopping_round: 0]
[early_stopping_min_delta: 0]
[first_metric_only: 0]
[max_delta_step: 0]
[lambda_l1: 10]
[lambda_l2: 20]
[linear_lambda: 0]
[min_gain_to_split: 0]
[drop_rate: 0.1]
[max_drop: 50]
[skip_drop: 0.5]
[xgboost_dart_mode: 0]
[uniform_drop: 0]
[drop_seed: 29730]
[top_rate: 0.2]
[other_rate: 0.1]
[min_data_per_group: 100]
[max_cat_threshold: 32]
[cat_l2: 10]
[cat_smooth: 10]
[max_cat_to_onehot: 4]
[top_k: 20]
[monotone_constraints: ]
[monotone_constraints_method: basic]
[monotone_penalty: 0]
[feature_contri: ]
[forcedsplits_filename: ]
[refit_decay_rate: 0.9]
[cegb_tradeoff: 1]
[cegb_penalty_split: 0]
[cegb_penalty_feature_lazy: ]
[cegb_penalty_feature_coupled: ]
[path_smooth: 0]
[interaction_constraints: ]
[verbosity: 1]
[saved_feature_importance_type: 0]
[use_quantized_grad: 0]
[num_grad_quant_bins: 4]
[quant_train_renew_leaf: 0]
[stochastic_rounding: 1]
[linear_tree: 0]
[max_bin: 255]
[max_bin_by_feature: ]
[min_data_in_bin: 3]
[bin_construct_sample_cnt: 200000]
[data_random_seed: 20260812]
[is_enable_sparse: 1]
[enable_bundle: 1]
[use_missing: 1]
[zero_as_missing: 0]
[feature_pre_filter: 1]
[pre_partition: 0]
[two_round: 0]
[header: 0]
[label_column: ]
[weight_column: ]
[group_column: ]
[ignore_column: ]
[categorical_feature: ]
[forcedbins_filename: ]
[precise_float_parser: 0]
[parser_config_file: ]
[objective_seed: 27057]
[num_class: 1]
[is_unbalance: 0]
[scale_pos_weight: 1]
[sigmoid: 1]
[boost_from_average: 1]
[reg_sqrt: 0]
[alpha: 0.9]
[fair_c: 1]
[poisson_max_delta_step: 0.7]
[tweedie_variance_power: 1.5]
[lambdarank_truncation_level: 30]
[lambdarank_norm: 1]
[label_gain: ]
[lambdarank_position_bias_regularization: 0]
[eval_at: ]
[multi_error_top_k: 1]
[auc_mu_weights: ]
[num_machines: 1]
[local_listen_port: 12400]
[time_out: 120]
[machine_list_filename: ]
[machines: ]
[gpu_platform_id: -1]
[gpu_device_id: -1]
[gpu_device_id_list: ]
[gpu_use_dp: 0]
[num_gpu: 1]

end of parameters

pandas_categorical:null
