tree
version=v4
num_class=1
num_tree_per_iteration=1
label_index=0
max_feature_idx=162
objective=regression
feature_names=KMID KLEN KMID2 KUP KUP2 KLOW KLOW2 KSFT KSFT2 OPEN0 HIGH0 LOW0 VWAP0 ROC5 ROC10 ROC20 ROC30 ROC60 MA5 MA10 MA20 MA30 MA60 STD5 STD10 STD20 STD30 STD60 BETA5 BETA10 BETA20 BETA30 BETA60 RSQR5 RSQR10 RSQR20 RSQR30 RSQR60 RESI5 RESI10 RESI20 RESI30 RESI60 MAX5 MAX10 MAX20 MAX30 MAX60 MIN5 MIN10 MIN20 MIN30 MIN60 QTLU5 QTLU10 QTLU20 QTLU30 QTLU60 QTLD5 QTLD10 QTLD20 QTLD30 QTLD60 RANK5 RANK10 RANK20 RANK30 RANK60 RSV5 RSV10 RSV20 RSV30 RSV60 IMAX5 IMAX10 IMAX20 IMAX30 IMAX60 IMIN5 IMIN10 IMIN20 IMIN30 IMIN60 IMXD5 IMXD10 IMXD20 IMXD30 IMXD60 CORR5 CORR10 CORR20 CORR30 CORR60 CORD5 CORD10 CORD20 CORD30 CORD60 CNTP5 CNTP10 CNTP20 CNTP30 CNTP60 CNTN5 CNTN10 CNTN20 CNTN30 CNTN60 CNTD5 CNTD10 CNTD20 CNTD30 CNTD60 SUMP5 SUMP10 SUMP20 SUMP30 SUMP60 SUMN5 SUMN10 SUMN20 SUMN30 SUMN60 SUMD5 SUMD10 SUMD20 SUMD30 SUMD60 VMA5 VMA10 VMA20 VMA30 VMA60 VSTD5 VSTD10 VSTD20 VSTD30 VSTD60 WVMA5 WVMA10 WVMA20 WVMA30 WVMA60 VSUMP5 VSUMP10 VSUMP20 VSUMP30 VSUMP60 VSUMN5 VSUMN10 VSUMN20 VSUMN30 VSUMN60 VSUMD5 VSUMD10 VSUMD20 VSUMD30 VSUMD60 ORC_TREND_PATH_CROWD_20 ORC_TREND_ACCEL_UNCROWDED_5_20 ORC_TREND_STREAK_EXHAUST_12 ORC_TREND_RSQR_STRESS_20 ORC_TREND_ACCEL_GAP_10_30
feature_infos=[-0.16749253869056702:0.23587034642696381] [0:0.33308270573616028] [-1:1] [0:0.27153289318084717] [0:1] [0:0.21718749403953552] [0:1] [-0.31147539615631104:0.23587034642696381] [-1:1] [0.80914634466171265:1.2011904716491699] [1:1.365384578704834] [0.7725520133972168:1] [0.90894031524658203:1.0927579402923584] [0.57777780294418335:1.6790908575057983] [0.54954206943511963:1.8924485445022583] [0.46860837936401367:2.2146341800689697] [0.46312057971954346:2.740487813949585] [0.36440131068229675:2.649662971496582] [0.74611109495162964:1.3455072641372681] [0.65066665410995483:1.4951817989349365] [0.60133224725723267:1.7117466926574707] [0.56646168231964111:1.9959673881530762] [0.4937971830368042:1.8649090528488159] [0:0.26957115530967712] [0:0.32280367612838745] [0:0.36472421884536743] [0:0.57258552312850952] [0:0.50059491395950317] [-0.16409091651439667:0.12254486232995987] [-0.11048160493373871:0.12254486232995987] [-0.11048160493373871:0.12254486232995987] [-0.11048160493373871:0.12254486232995987] [-0.11048160493373871:0.12254486232995987] [0:1] [0:1] [0:1] [0:1] [0:1] [-0.15193372964859009:0.13264167308807373] [-0.24554997682571411:0.20802642405033112] [-0.40848860144615173:0.27864286303520203] [-0.44566619396209717:0.33016127347946167] [-0.96870207786560059:0.3971981406211853] [1:1.6472727060317993] [1:1.9298244714736938] [1:2.2439024448394775] [1:3.3160974979400635] [1:3.3160974979400635] [0.5718809962272644:1] [0.54045307636260986:1] [0.4660193920135498:1] [0.43721681833267212:1] [0.33789625763893127:1] [0.86334514617919922:1.4843636751174927] [0.72140765190124512:1.7869091033935547] [0.59200000762939453:2.054157018661499] [0.56569522619247437:2.423609733581543] [0.56576049327850342:2.3250908851623535] [0.60694897174835205:1.2689855098724365] [0.54922223091125488:1.4057971239089966] [0.49352750182151794:1.5574545860290527] [0.47533980011940002:1.5740000009536743] [0.38890489935874939:1.5950908660888672] [0.20000000298023224:1] [0.10000000149011612:1] [0.05000000074505806:1] [0.033333335071802139:1] [0.01666666753590107:1] [0:1] [0:1] [0:1] [0:1] [0:1] [0.20000000298023224:1] [0.10000000149011612:1] [0.05000000074505806:1] [0.033333335071802139:1] [0.01666666753590107:1] [0.20000000298023224:1] [0.10000000149011612:1] [0.05000000074505806:1] [0.033333335071802139:1] [0.01666666753590107:1] [-0.80000001192092896:0.80000001192092896] [-0.89999997615814209:0.89999997615814209] [-0.94999998807907104:0.94999998807907104] [-0.96666663885116577:0.96666663885116577] [-0.98333334922790527:0.98333334922790527] [-1:1] [-1:1] [-1:1] [-1:1] [-1:1] [-1:1] [-1:1] [-1:1] [-1:1] [-1:1] [0:1] [0:1] [0:0.90909093618392944] [0:0.90909093618392944] [0:0.90909093618392944] [0:1] [0:1] [0:0.89999997615814209] [0:0.8571428656578064] [0:0.8571428656578064] [-1:1] [-1:1] [-0.8571428656578064:0.90909093618392944] [-0.8571428656578064:0.90909093618392944] [-0.8571428656578064:0.90909093618392944] [0:1] [0:1] [0:1] [0:1] [0:1] [0:1] [0:1] [0:1] [0:1] [0:1] [-1:1] [-1:1] [-1:1] [-1:1] [-1:1] [0.20013266801834106:26452.083984375] [0.10012400150299072:23627.859375] [0.050104878842830658:16692.724609375] [0.034610312432050705:22716.572265625] [0.017187755554914474:26107.111328125] [0.00080492562847211957:59102.5] [0.0021778203081339598:49210.34375] [0.0021778203081339598:42161.07421875] [0.0021778203081339598:37016.7265625] [0.0021778203081339598:26455.013671875] [0:2.2360680103302002] [0:3.1615598201751709] [0:4.4708261489868164] [0:5.4611344337463379] [0:7.5986995697021484] [0:1] [0:1] [0:1] [0:1] [0:1] [0:1] [0:1] [0:1] [0:1] [0:1] [-1:1] [-1:1] [-1:1] [-1:1] [-1:1] [-0.39993909001350403:2.8038227558135986] [-0.084833331406116486:0.083563074469566345] [-3.7620944976806641:5.0989665985107422] [0:2.056443452835083] [-78937640:33658216]
tree_sizes=3070 3052 3062 3059

Tree=0
num_leaves=31
num_cat=0
split_feature=57 26 26 28 72 62 7 24 18 42 12 112 24 38 90 22 127 36 4 1 159 106 17 82 35 86 39 23 28 52
split_gain=171.748 181.219 141.687 128.185 138.898 131.705 138.99 95.2998 93.6563 81.2239 78.5346 78.402 78.1518 72.2914 68.8675 65.1292 64.7701 59.9371 71.9269 58.0282 98.9021 55.9965 48.9013 48.7773 48.3333 46.4201 40.4891 41.8394 37.1232 36.7473
threshold=0.81043940782547008 0.10575650259852411 0.019973746500909332 -0.011866270564496515 0.63312199711799633 0.67080309987068187 0.036585329100489623 0.056089349091053016 1.0273459553718569 -0.0034383569145575161 0.98653259873390209 0.26365442574024206 0.043581211939454086 -0.00088365864939987649 0.40504547953605657 0.81637945771217357 0.21832051873207095 0.79648756980896007 0.45454554259777075 0.06438098102808 -0.0069191681686788789 0.61324787139892589 1.134510397911072 0.24166666716337207 0.80186593532562267 0.68333333730697643 0.049356982111930854 0.01595842465758324 0.011203307192772629 0.98039710521698009
decision_type=8 10 10 10 10 8 10 10 10 8 10 2 10 10 10 10 10 10 10 10 10 2 8 2 10 2 10 10 8 10
left_child=10 2 9 4 19 6 11 13 14 -2 25 -5 -8 -7 15 -3 -9 18 -10 29 -21 -17 28 -6 26 -1 27 -16 -11 -4
right_child=1 8 3 5 23 7 12 16 17 22 -12 -13 -14 -15 24 21 -18 -19 -20 20 -22 -23 -24 -25 -26 -27 -28 -29 -30 -31
leaf_value=-0.030598765530960418 -0.00010047648533901396 0.01550597762117323 0.001523977320564683 -0.017249667095422871 0.0038941912151985577 -0.00010189776073419096 0.022106693894186454 0.0077106778419786682 0.0018633041686922733 0.0021232249543822845 -0.0043792933225132585 0.0032176226264202085 -0.007584762193426426 -0.0012261363071256505 -0.0031752645229006899 9.0121740029887164e-10 -0.0017068705784128004 0.02659799036191959 0.022146176666854707 -0.0013197734401861508 0.015952260660343533 0.017013248552756443 9.0121740029887164e-10 0.012001070024759119 -0.016085920711096803 -0.0089224074380997269 -0.014704759296304855 0.0064609303103157706 0.0078141546849922697 -0.0012565614158502228
leaf_weight=226 35525 614 9705 1018 1653 96801 153 2019 542 35705 774 166 114 111468 645 964 892 257 230 544 565 191 10429 1357 145 259 114 930 1091 7544
leaf_count=226 35525 614 9705 1018 1653 96801 153 2019 542 35705 774 166 114 111468 645 964 892 257 230 544 565 191 10429 1357 145 259 114 930 1091 7544
internal_value=-4.77279e-05 -3.13027e-06 -9.03874e-05 -0.00046857 0.00174136 -0.000692207 -0.00965233 -0.000628314 0.005874 0.000975261 -0.0110194 -0.0141251 0.00873902 -0.000705104 0.00344314 0.0076427 0.00473061 0.0138717 0.00869157 0.00074022 0.00734076 0.00301447 0.00179053 0.00770312 -0.00048451 -0.020429 0.000851899 0.00233626 0.00230426 0.000290466
internal_weight=322640 321381 316749 233999 21368 212631 1451 211180 4632 82750 1259 1184 267 208269 3603 1769 2911 1029 772 18358 1109 1155 47225 3010 1834 485 1689 1575 36796 17249
internal_count=322640 321381 316749 233999 21368 212631 1451 211180 4632 82750 1259 1184 267 208269 3603 1769 2911 1029 772 18358 1109 1155 47225 3010 1834 485 1689 1575 36796 17249
is_linear=0
shrinkage=1


Tree=1
num_leaves=31
num_cat=0
split_feature=32 30 28 72 11 81 27 53 38 62 159 46 90 138 1 19 115 96 17 1 87 44 158 137 7 35 119 59 35 38
split_gain=130.288 128.733 144.311 131.085 123.764 99.9144 93.0322 93.0194 83.1841 88.9293 104.181 85.8843 72.7456 62.925 82.2416 62.5342 73.2603 61.4001 81.3892 60.9762 59.5172 57.756 64.9562 54.9906 49.7304 48.8583 48.4601 47.9346 43.4547 42.8531
threshold=-0.0049711188767105332 -0.00042537348053883756 -0.0095380167476832849 0.6900586485862733 0.92630818486213695 0.61666667461395275 0.03761387616395951 1.037233352661133 0.0026871180161833767 0.94747614860534679 -0.0030686155660077925 1.2629651427268984 0.48815900087356573 0.68216311931610119 0.06438098102808 0.95602217316627514 0.53658542037010204 0.3997784703969956 0.68390467762947094 0.060893699526786811 0.70833331346511852 1.0309386849403384 0.015040246304124595 1.0190429687500002 -0.02152646146714687 0.76876318454742443 0.3478261679410935 0.99918785691261303 0.59757748246192943 -0.019730084575712677
decision_type=8 8 8 10 8 2 10 10 10 10 10 10 10 10 10 10 10 8 8 10 2 8 8 10 10 10 10 10 10 10
left_child=5 8 3 15 12 -1 21 -5 11 10 27 24 -4 14 -7 -3 -17 19 -19 -8 -9 22 -6 29 -2 -26 -12 -10 -13 -15
right_child=1 2 4 7 6 13 17 20 9 -11 26 28 -14 23 -16 16 -18 18 -20 -21 -22 -23 -24 -25 25 -27 -28 -29 -30 -31
leaf_value=0 -0.0024557146455637278 -0.017083697298578188 0.0017215506812087522 0.0018010825326601945 0.0021673593360416734 -0.0023401822249049559 -0.000150144448604776 0.018053449637861242 0.0088575247146133011 -0.0012102937412932918 2.7271489231125975e-05 -0.0010566780960146824 -0.018524662028048262 0.022849622973750573 0.01666817431518694 0 0.0052289891542888654 -0.010772248983560377 -0.001481756886667828 0.0058706380675634419 0.0066517250936585651 -0.00054188723102102285 0.0001264978373667943 0 -0.000460051664164741 0.0014701639149988692 -0.0076232683007614894 -0.0016865023699769949 0.009544152207797741 0.0087196651681468521
leaf_weight=4059 9132 133 192 1171 38405 1185 57093 1010 560 43009 778 417 482 234 225 6165 3980 884 18915 1535 935 17168 22627 638 67128 14271 5212 1069 1180 2808
leaf_count=4059 9132 133 192 1171 38405 1185 57093 1010 560 43009 778 417 482 234 225 6165 3980 884 18915 1535 935 17168 22627 638 67128 14271 5212 1069 1180 2808
internal_value=-3.02114e-06 -0.000107054 0.000447803 0.00343604 0.000191047 0.00352096 0.000248904 0.00883053 -0.000772574 -0.00175012 -0.00474701 -0.000231854 -0.0124415 0.00631205 0.000673974 0.00175748 0.00206712 -0.000478559 -0.00192215 4.32482e-06 0.0128486 0.00098225 0.00141593 0.00837589 -0.000357325 -0.000117681 -0.00658289 0.00181975 0.00661176 0.0100467
internal_weight=322600 313451 170695 13394 157301 9149 156627 3116 142756 50628 7619 92128 674 5090 1410 10278 10145 78427 19799 58628 1945 78200 61032 3680 90531 81399 5990 1629 1597 3042
internal_count=322600 313451 170695 13394 157301 9149 156627 3116 142756 50628 7619 92128 674 5090 1410 10278 10145 78427 19799 58628 1945 78200 61032 3680 90531 81399 5990 1629 1597 3042
is_linear=0
shrinkage=0.03


Tree=2
num_leaves=31
num_cat=0
split_feature=25 56 29 22 58 38 53 8 126 60 33 11 73 121 49 35 79 50 120 11 33 3 33 76 86 159 162 1 5 25
split_gain=133.945 144.09 110.022 119.458 97.8562 124.339 87.3252 89.5108 113.279 87.0578 86.9704 79.2294 78.1241 71.1599 79.1143 64.7661 66.0492 62.7329 59.055 58.0312 54.4361 52.9667 52.6366 51.0096 48.2712 35.271 34.4247 32.9965 32.6561 31.6104
threshold=0.012498665601015093 1.1825582981109621 -0.00058528201770968724 1.09377658367157 0.92701864242553722 0.02000000607222319 1.0521218776702883 0.68421241641044628 0.11200004443526269 0.93580311536788952 0.97732165455818187 0.92630818486213695 0.30000000447034841 0.63505220413208019 0.93671667575836193 0.82844394445419323 0.94999998807907116 0.7300505042076112 0.59712228178977977 0.98223099112510692 0.68819114565849315 0.024143597111105922 0.89324730634689342 0.48333333432674414 -0.516666680574417 0.0018703640089370312 -2.6328332424163814 0.018662544898688797 0.0014727545785717668 0.029453468509018425
decision_type=10 10 10 10 10 8 10 10 10 10 10 10 10 10 10 10 2 10 10 10 10 10 10 2 2 10 10 10 10 10
left_child=23 2 4 6 9 15 11 8 -8 -2 13 17 29 -3 -15 16 -6 -4 -14 -17 25 -13 -22 27 28 -16 -25 -1 -5 -7
right_child=1 10 3 24 5 12 7 -9 -10 -11 -12 21 18 14 20 19 -18 -19 -20 -21 22 -23 -24 26 -26 -27 -28 -29 -30 -31
leaf_value=0.0012993825175363039 -0.023933640967795176 0.00015670421693115852 -0.02184017024374043 0 -0.0018593941923735642 -0.0069410552775105022 -0.0040096673115138145 -0.016603458010641909 0.010686417929596157 -0.00039828131595295082 -0.013540108924740194 -9.1974951213954721e-06 0.014697336259029123 0.017993242577267868 -0.0018548285843837497 -0.0034565604749178698 -0.00034058663740682495 -0.0017912507862078075 0 0.0016154621781470726 0.013824299723286493 0.0046884176846295486 0.0025820044657719351 0.00029589032668994266 0.00014891641438090719 0.012717967036587651 0.0037881053520331339 -0.0014456527101635855 0.0093024729899506796 0.0028343782128763245
leaf_weight=21701 296 1605 244 437 68844 333 586 128 1840 306 197 137002 903 599 939 2369 42056 389 349 12727 926 2173 766 3495 1153 156 11669 4702 2153 1647
leaf_count=21701 296 1605 244 437 68844 333 586 128 1840 306 197 137002 903 599 939 2369 42056 389 349 12727 926 2173 766 3495 1153 156 11669 4702 2153 1647
internal_value=2.15456e-05 -0.000212574 -0.000306879 0.000256193 -0.000942789 -0.000883017 0.000114569 0.00559035 0.00701017 -0.0128503 0.00472755 1.16072e-05 0.00489331 0.00555963 0.00801663 -0.00103432 -0.0012863 -0.0104111 0.0107219 0.000796148 0.00565259 6.26563e-05 0.00899956 0.00161148 0.0055338 0.000143122 0.00300443 0.000798453 0.00779656 0.000987358
internal_weight=322690 281123 275935 146105 129830 129228 142362 2554 2426 602 5188 139808 3232 4991 3386 125996 110900 633 1252 15096 2787 139175 1692 41567 3743 1095 15164 26403 2590 1980
internal_count=322690 281123 275935 146105 129830 129228 142362 2554 2426 602 5188 139808 3232 4991 3386 125996 110900 633 1252 15096 2787 139175 1692 41567 3743 1095 15164 26403 2590 1980
is_linear=0
shrinkage=0.03


Tree=3
num_leaves=31
num_cat=0
split_feature=16 26 57 25 9 113 69 31 68 65 71 26 29 38 57 36 140 38 87 33 52 23 60 6 32 50 23 50 34 1
split_gain=148.99 136.814 116.445 121.63 104.179 80.6997 113.055 103.593 67.0888 66.6998 60.028 59.7601 56.3717 69.1231 67.2518 53.413 62.5347 47.7033 47.284 67.0032 44.047 42.2122 40.3939 37.7309 27.4051 25.2083 26.6029 24.3643 24.1285 23.6417
threshold=1.2291839718818667 0.0186607213690877 0.81043940782547008 0.037882329896092422 1.043478310108185 0.60714271664619457 0.68181791901588451 0.0089660906232893484 0.67272731661796581 0.48749999701976782 0.68055528402328502 0.10028281807899476 -0.0039590718224644652 0.0058479532599449166 1.1722830533981325 0.80335998535156261 0.76329278945922863 -0.02472728211432695 0.82499998807907116 0.91067287325859081 0.99355480074882518 0.017031788825988773 0.9624314308166505 0.066668454557657256 0.00096449870034120988 0.96022841334342968 0.015630435198545459 0.96688148379325878 0.87916666269302379 0.023255803622305397
decision_type=10 10 10 10 10 8 10 10 10 8 10 10 10 8 10 10 10 10 2 10 10 10 10 10 10 10 10 10 10 10
left_child=1 9 8 11 5 7 -7 -5 10 -1 -3 12 13 -4 -14 23 27 22 19 -10 -19 -18 -6 -2 25 26 -11 -17 -25 -27
right_child=15 2 3 4 17 6 -8 -9 18 24 -12 -13 14 -15 -16 16 21 20 -20 -21 -22 -23 -24 28 -26 29 -28 -29 -30 -31
leaf_value=8.6252590414931409e-05 0.0087211542580085469 -0.0084534504244892072 -0.00093195465767514874 0.0010677513709981138 0.0067045923697675982 -0.0043433846097008363 0.00043816199866732446 0.0077052435789967443 -0.026892602012149072 0.0009018965306095781 0.012956877702344504 0.011901236244903956 -0.00055129115832672454 -0.0035983739970524174 0.0042323186397904382 0.0080967094980712445 0 0.014174471611445629 0 -0.0048603779137990771 -0.0015871746695327188 0.014698395171838744 -0.0059522645275969155 -0.0022934239362362302 0.00058416930991841726 0.0037030870030019675 0.0048745446421043599 -0.0074468605840638117 0.009657618397728383 -0.00055600034629400732
leaf_weight=32138 540 292 31430 31611 612 5908 17524 2273 354 11561 169 314 141688 12394 2663 120 186 941 162 259 147 1210 316 1091 10193 13159 1803 215 153 1150
leaf_count=32138 540 292 31430 31611 612 5908 17524 2273 354 11561 169 314 141688 12394 2663 120 186 941 162 259 147 1210 316 1091 10193 13159 1803 215 153 1150
internal_value=-2.55473e-07 -6.90431e-05 -0.000399289 -0.000351825 0.000830227 0.000587444 -0.000757312 0.00152614 -0.00952008 0.00110139 0 -0.000725547 -0.000749474 -0.00169419 -0.000460391 0.00612389 0.00990367 0.00751176 -0.0148033 -0.0185053 0.0117839 0.0126821 0.00204361 0.00222096 0.00195454 0.00244768 0.00146676 -0.000891473 -0.000456666 0.00333955
internal_weight=322576 319061 249057 247821 59332 57316 23432 33884 1236 70004 461 188489 188175 43824 144351 3515 1731 2016 775 613 1088 1396 928 1784 37866 27673 13364 335 1244 14309
internal_count=322576 319061 249057 247821 59332 57316 23432 33884 1236 70004 461 188489 188175 43824 144351 3515 1731 2016 775 613 1088 1396 928 1784 37866 27673 13364 335 1244 14309
is_linear=0
shrinkage=0.03


end of trees

feature_importances:
RESI5=6
KLEN=5
STD30=4
RSQR5=4
RSQR20=4
LOW0=3
STD5=3
STD20=3
BETA5=3
MIN20=3
QTLU60=3
ORC_TREND_ACCEL_UNCROWDED_5_20=3
KSFT=2
ROC60=2
MA60=2
STD10=2
BETA10=2
BETA60=2
RSQR30=2
MIN60=2
QTLU5=2
QTLD20=2
QTLD60=2
RSV60=2
IMXD30=2
IMXD60=2
CORR20=2
KUP=1
KUP2=1
KLOW=1
KLOW2=1
KSFT2=1
OPEN0=1
VWAP0=1
ROC30=1
MA5=1
MA10=1
STD60=1
BETA20=1
BETA30=1
RSQR10=1
RESI10=1
RESI60=1
MAX10=1
MAX30=1
MIN10=1
QTLU30=1
QTLD5=1
QTLD10=1
RANK20=1
RSV5=1
RSV10=1
RSV30=1
IMAX5=1
IMAX30=1
IMIN10=1
IMIN30=1
IMIN60=1
CORD30=1
CNTN30=1
CNTD60=1
SUMP5=1
SUMP20=1
SUMN10=1
SUMN20=1
SUMN30=1
SUMD30=1
SUMD60=1
VSTD60=1
WVMA5=1
WVMA20=1
ORC_TREND_PATH_CROWD_20=1
ORC_TREND_ACCEL_GAP_10_30=1

parameters:
[boosting: gbdt]
[objective: regression]
[metric: l2]
[tree_learner: serial]
[device_type: cpu]
[data_sample_strategy: bagging]
[data: ]
[valid: ]
[num_iterations: 500]
[learning_rate: 0.03]
[num_leaves: 31]
[num_threads: 12]
[seed: 20260813]
[deterministic: 1]
[force_col_wise: 1]
[force_row_wise: 0]
[histogram_pool_size: -1]
[max_depth: 7]
[min_data_in_leaf: 100]
[min_sum_hessian_in_leaf: 0.001]
[bagging_fraction: 0.8]
[pos_bagging_fraction: 1]
[neg_bagging_fraction: 1]
[bagging_freq: 1]
[bagging_seed: 20260813]
[bagging_by_query: 0]
[feature_fraction: 0.8]
[feature_fraction_bynode: 1]
[feature_fraction_seed: 20260813]
[extra_trees: 0]
[extra_seed: 13549]
[early_stopping_round: 0]
[early_stopping_min_delta: 0]
[first_metric_only: 0]
[max_delta_step: 0]
[lambda_l1: 10]
[lambda_l2: 20]
[linear_lambda: 0]
[min_gain_to_split: 0]
[drop_rate: 0.1]
[max_drop: 50]
[skip_drop: 0.5]
[xgboost_dart_mode: 0]
[uniform_drop: 0]
[drop_seed: 11866]
[top_rate: 0.2]
[other_rate: 0.1]
[min_data_per_group: 100]
[max_cat_threshold: 32]
[cat_l2: 10]
[cat_smooth: 10]
[max_cat_to_onehot: 4]
[top_k: 20]
[monotone_constraints: ]
[monotone_constraints_method: basic]
[monotone_penalty: 0]
[feature_contri: ]
[forcedsplits_filename: ]
[refit_decay_rate: 0.9]
[cegb_tradeoff: 1]
[cegb_penalty_split: 0]
[cegb_penalty_feature_lazy: ]
[cegb_penalty_feature_coupled: ]
[path_smooth: 0]
[interaction_constraints: ]
[verbosity: 1]
[saved_feature_importance_type: 0]
[use_quantized_grad: 0]
[num_grad_quant_bins: 4]
[quant_train_renew_leaf: 0]
[stochastic_rounding: 1]
[linear_tree: 0]
[max_bin: 255]
[max_bin_by_feature: ]
[min_data_in_bin: 3]
[bin_construct_sample_cnt: 200000]
[data_random_seed: 20260812]
[is_enable_sparse: 1]
[enable_bundle: 1]
[use_missing: 1]
[zero_as_missing: 0]
[feature_pre_filter: 1]
[pre_partition: 0]
[two_round: 0]
[header: 0]
[label_column: ]
[weight_column: ]
[group_column: ]
[ignore_column: ]
[categorical_feature: ]
[forcedbins_filename: ]
[precise_float_parser: 0]
[parser_config_file: ]
[objective_seed: 16743]
[num_class: 1]
[is_unbalance: 0]
[scale_pos_weight: 1]
[sigmoid: 1]
[boost_from_average: 1]
[reg_sqrt: 0]
[alpha: 0.9]
[fair_c: 1]
[poisson_max_delta_step: 0.7]
[tweedie_variance_power: 1.5]
[lambdarank_truncation_level: 30]
[lambdarank_norm: 1]
[label_gain: ]
[lambdarank_position_bias_regularization: 0]
[eval_at: ]
[multi_error_top_k: 1]
[auc_mu_weights: ]
[num_machines: 1]
[local_listen_port: 12400]
[time_out: 120]
[machine_list_filename: ]
[machines: ]
[gpu_platform_id: -1]
[gpu_device_id: -1]
[gpu_device_id_list: ]
[gpu_use_dp: 0]
[num_gpu: 1]

end of parameters

pandas_categorical:null
