tree
version=v4
num_class=1
num_tree_per_iteration=1
label_index=0
max_feature_idx=163
objective=regression
feature_names=KMID KLEN KMID2 KUP KUP2 KLOW KLOW2 KSFT KSFT2 OPEN0 HIGH0 LOW0 VWAP0 ROC5 ROC10 ROC20 ROC30 ROC60 MA5 MA10 MA20 MA30 MA60 STD5 STD10 STD20 STD30 STD60 BETA5 BETA10 BETA20 BETA30 BETA60 RSQR5 RSQR10 RSQR20 RSQR30 RSQR60 RESI5 RESI10 RESI20 RESI30 RESI60 MAX5 MAX10 MAX20 MAX30 MAX60 MIN5 MIN10 MIN20 MIN30 MIN60 QTLU5 QTLU10 QTLU20 QTLU30 QTLU60 QTLD5 QTLD10 QTLD20 QTLD30 QTLD60 RANK5 RANK10 RANK20 RANK30 RANK60 RSV5 RSV10 RSV20 RSV30 RSV60 IMAX5 IMAX10 IMAX20 IMAX30 IMAX60 IMIN5 IMIN10 IMIN20 IMIN30 IMIN60 IMXD5 IMXD10 IMXD20 IMXD30 IMXD60 CORR5 CORR10 CORR20 CORR30 CORR60 CORD5 CORD10 CORD20 CORD30 CORD60 CNTP5 CNTP10 CNTP20 CNTP30 CNTP60 CNTN5 CNTN10 CNTN20 CNTN30 CNTN60 CNTD5 CNTD10 CNTD20 CNTD30 CNTD60 SUMP5 SUMP10 SUMP20 SUMP30 SUMP60 SUMN5 SUMN10 SUMN20 SUMN30 SUMN60 SUMD5 SUMD10 SUMD20 SUMD30 SUMD60 VMA5 VMA10 VMA20 VMA30 VMA60 VSTD5 VSTD10 VSTD20 VSTD30 VSTD60 WVMA5 WVMA10 WVMA20 WVMA30 WVMA60 VSUMP5 VSUMP10 VSUMP20 VSUMP30 VSUMP60 VSUMN5 VSUMN10 VSUMN20 VSUMN30 VSUMN60 VSUMD5 VSUMD10 VSUMD20 VSUMD30 VSUMD60 ORC_TREND_VOLUME_DIVERGENCE_10_20 ORC_VOLUME_WEIGHTED_DIRECTION_10 ORC_LAGGED_VOLUME_LEAD_20 ORC_PV_COHERENCE_SHIFT_5_20 ORC_NET_VOLUME_PRESSURE_20 ORC_VOLUME_TREND_DIVERGENCE_10
feature_infos=[-0.15450645983219147:0.33106967806816101] [0:0.33106967806816101] [-1:1] [0:0.27153289318084717] [0:1] [0:0.19577737152576447] [0:1] [-0.31147539615631104:0.33106967806816101] [-1:1] [0.75127547979354858:1.1827411651611328] [1:1.365384578704834] [0.75127547979354858:1] [0.90894031524658203:1.0877940654754639] [0.62103557586669922:1.6790908575057983] [0.58417785167694092:1.8924485445022583] [0.46860837936401367:2.2146341800689697] [0.45439684391021729:2.740487813949585] [0.36440131068229675:2.649662971496582] [0.8043818473815918:1.3455072641372681] [0.71110033988952637:1.4951817989349365] [0.61736243963241577:1.7117466926574707] [0.56646168231964111:1.9959673881530762] [0.4937971830368042:1.8649090528488159] [0:0.26957115530967712] [0:0.32280367612838745] [0:0.36472421884536743] [0:0.57258552312850952] [0:0.50059491395950317] [-0.16409091651439667:0.17131471633911133] [-0.11732283234596252:0.17131471633911133] [-0.11732283234596252:0.17131471633911133] [-0.11732283234596252:0.17131471633911133] [-0.11732283234596252:0.17131471633911133] [0:1] [0:1] [0:1] [0:1] [0:1] [-0.11478264629840851:0.13264167308807373] [-0.24554997682571411:0.20802642405033112] [-0.40848860144615173:0.27287426590919495] [-0.44566619396209717:0.27581575512886047] [-0.96870207786560059:0.33257237076759338] [1:1.6472727060317993] [1:1.9298244714736938] [1:2.2439024448394775] [1:3.3160974979400635] [1:3.3160974979400635] [0.58144122362136841:1] [0.54045307636260986:1] [0.4660193920135498:1] [0.43721681833267212:1] [0.33789625763893127:1] [0.86334514617919922:1.4843636751174927] [0.78309857845306396:1.7869091033935547] [0.69682848453521729:2.054157018661499] [0.62161809206008911:2.423609733581543] [0.56576049327850342:2.3250908851623535] [0.70860719680786133:1.2689855098724365] [0.58504855632781982:1.4057971239089966] [0.49352750182151794:1.5574545860290527] [0.47533980011940002:1.5740000009536743] [0.38890489935874939:1.5950908660888672] [0.20000000298023224:1] [0.10000000149011612:1] [0.05000000074505806:1] [0.033333335071802139:1] [0.01666666753590107:1] [0:1] [0:1] [0:1] [0:1] [0:1] [0.20000000298023224:1] [0.10000000149011612:1] [0.05000000074505806:1] [0.033333335071802139:1] [0.01666666753590107:1] [0.20000000298023224:1] [0.10000000149011612:1] [0.05000000074505806:1] [0.033333335071802139:1] [0.01666666753590107:1] [-0.80000001192092896:0.80000001192092896] [-0.89999997615814209:0.89999997615814209] [-0.94999998807907104:0.94999998807907104] [-0.96666663885116577:0.96666663885116577] [-0.98333334922790527:0.98333334922790527] [-1:1] [-1:1] [-1:1] [-1:1] [-1:1] [-1:1] [-1:1] [-1:1] [-1:1] [-1:1] [0:1] [0:1] [0:0.89999997615814209] [0:0.8888888955116272] [0:0.8888888955116272] [0:1] [0:1] [0:0.89999997615814209] [0:0.8571428656578064] [0:0.8571428656578064] [-1:1] [-1:1] [-0.83333331346511841:0.8888888955116272] [-0.83333331346511841:0.8888888955116272] [-0.83333331346511841:0.8888888955116272] [0:1] [0:1] [0:1] [0:1] [0:1] [0:1] [0:1] [0:1] [0:1] [0:1] [-1:1] [-1:1] [-1:1] [-1:1] [-1:1] [0.20013266801834106:26452.083984375] [0.10012400150299072:23627.859375] [0.050104878842830658:26698.134765625] [0.033777147531509399:28136.5] [0.017187755554914474:26107.111328125] [0.00080492562847211957:59102.5] [0.0021778203081339598:49210.34375] [0.0021778203081339598:56418.4921875] [0.0021778203081339598:57003.12109375] [0.0021778203081339598:42065.70703125] [0:2.2360680103302002] [0:3.1615598201751709] [0:4.4708261489868164] [0:5.4656624794006348] [0:7.5986995697021484] [0:1] [0:1] [0:1] [0:1] [0:1] [0:1] [0:1] [0:1] [0:1] [0:1] [-1:1] [-1:1] [-1:1] [-1:1] [-1:1] [-681.060791015625:20.591409683227539] [-0.11966706067323685:0.21138943731784821] [-1690.6951904296875:664.3572998046875] [-0.32296907901763916:0.31678074598312378] [0:0] [-537.621826171875:24.261236190795898]
tree_sizes=3128 3036 3022 3114 3083 3076 3046 3116 3126 3087 3033 3011 3045 3023 3093 3117 3079 3062 3040 2994 3088 3080 3030 3098 3069 2991 3100

Tree=0
num_leaves=31
num_cat=0
split_feature=16 26 39 25 120 51 81 123 5 31 36 140 77 3 23 17 27 23 48 38 42 12 78 51 17 10 21 38 38 120
split_gain=162.121 92.5042 86.3749 77.9678 79.9383 105.42 115.865 54.9879 54.6709 54.3299 53.571 65.7108 48.1454 47.8075 45.8032 50.6753 47.2803 39.3752 39.3624 53.8152 45.29 47.3457 46.1078 34.4221 32.7841 30.937 29.6791 29.1764 25.1565 36.9264
threshold=1.2394970059394839 0.019933737814426426 0.01746934745460749 0.034155547618865974 0.25574485957622534 0.83511987328529369 0.61666667461395275 0.18181890994310382 0.010362695902585985 -0.0075392194557934991 0.80461445450782787 0.72613099217414867 0.025000001303851608 0.0067682443186640748 0.014482550323009493 1.0111424922943117 0.079494636505842223 0.016468620859086517 0.85566958785057079 -0.0022325438912957902 0.025024448521435264 1.0027657151222231 0.30000000447034841 0.82800868153572094 0.96349012851715099 1.0180694460868838 0.92078241705894481 0.0030448650941252713 -0.0023690683301538225 0.69607850909233104
decision_type=10 10 10 10 10 10 2 8 10 10 10 10 2 10 8 8 10 10 10 10 10 10 10 10 10 10 10 10 10 10
left_child=1 7 3 13 8 6 -6 -1 25 27 -2 -12 -7 23 15 -15 -16 -13 19 -11 21 -20 -22 26 -25 -5 -3 -4 29 -19
right_child=10 2 9 4 5 12 -8 -9 -10 18 11 17 -14 14 16 -17 -18 28 20 -21 22 -23 -24 24 -26 -27 -28 -29 -30 -31
leaf_value=0.000135791560833118 0.002666468690397287 0.0031978642788453508 0.0095553689282608534 -0.0062404988417434715 0.0027820948297295951 -0.0026700180376031447 0.013397225771846443 0.001864517232802063 0.0023001019746304299 4.4143326217389785e-10 -0.0040677025594726343 4.4143326217389785e-10 0.00084284624083887441 -0.00074366672669986188 -0.00085787948902545563 -0.0038174463404897232 0.004805585829809356 0.032820876915112984 -0.0027786890615340508 -0.018731660275554597 -0.0029663737191825694 -0.0095449227323876566 0.0015664136726567975 0.00060803548064686957 -0.00059520952778841462 0.00020570148111301794 -0.006637064316630443 0.00018863555448553665 0.0094966976832969018 0.012530362130862433
leaf_weight=44207 1567 291 449 2790 8032 3920 1057 26871 1275 211 187 144 30566 8852 11320 11426 1478 176 13467 292 3636 1035 4427 30408 60970 762 1297 1024 589 361
leaf_count=44207 1567 291 449 2790 8032 3920 1057 26871 1275 211 187 144 30566 8852 11320 11426 1478 176 13467 292 3636 1035 4427 30408 60970 762 1297 1024 589 361
internal_value=-5.47161e-05 -0.000133397 -0.000466182 -0.000229707 0.000790826 0.00120174 0.00407621 0.000793896 -0.00284636 -0.00213334 0.00682811 0.0110041 0.000433531 -0.000624049 -0.00160508 -0.00249248 -0.000173942 0.0134846 -0.00249807 -0.0108032 -0.00229025 -0.00329473 -0.000442808 -0.000271514 -0.000191476 -0.00478022 -0.00463089 0.0033345 0.0153494 0.0206588
internal_weight=273087 270063 198985 174444 48402 43575 9089 71078 4827 24541 3024 1457 34486 126042 33076 20278 12798 1270 23068 503 22565 14502 8063 92966 91378 3552 1588 1473 1126 537
internal_count=273087 270063 198985 174444 48402 43575 9089 71078 4827 24541 3024 1457 34486 126042 33076 20278 12798 1270 23068 503 22565 14502 8063 92966 91378 3552 1588 1473 1126 537
is_linear=0
shrinkage=1


Tree=1
num_leaves=31
num_cat=0
split_feature=16 25 27 42 86 35 33 86 53 54 18 49 10 11 77 39 33 30 77 69 26 80 10 84 140 111 38 121 30 115
split_gain=158.453 87.9366 73.187 79.2721 80.0709 79.9296 56.2405 60.4144 54.2713 50.0829 48.7774 75.8848 114.188 65.9617 57.7702 55.7443 48.0257 48.0702 47.5613 47.3585 45.6788 56.3348 41.4965 40.919 37.6552 42.6926 38.834 37.3874 31.4121 30.9178
threshold=1.2394970059394839 0.012410786934196951 0.0761079676449299 0.10417669266462327 -0.81666666269302357 0.69832882285118114 0.38408915698528295 0.68333333730697643 1.0637722015380862 1.0151365399360659 0.94259545207023632 0.8330044448375703 1.009335517883301 0.97512438893318187 0.30833333730697637 0.022993783466517929 0.97387737035751354 -0.0069329803809523574 0.058333335444331176 0.92207804322242748 0.062932554632425322 0.47499999403953558 1.0176715254783633 -0.55000001192092884 0.82000133395195018 -0.13484849035739896 -0.0083671929314732534 0.44634993374347692 0.0074601792730391034 0.65234178304672252
decision_type=10 8 8 10 2 10 8 2 10 10 8 8 10 8 2 10 10 10 2 10 10 2 10 2 10 2 10 10 10 10
left_child=1 22 3 4 5 9 8 -8 -6 -3 27 12 14 18 -12 -15 17 24 -13 -14 21 29 -1 -7 -2 26 -26 -4 -22 -5
right_child=16 2 10 20 6 23 7 -9 -10 -11 11 13 19 15 -16 -17 -18 -19 -20 -21 28 -23 -24 -25 25 -27 -28 -29 -30 -31
leaf_value=0.0015850948343889301 0.0019167982149729053 0 -0.018863433063345283 -0.00022950760837644338 -0.00085765934892358174 -0.00096332818511586822 -0.00012689354478141919 0.0017148817736419586 -0.02091546744971377 -0.0046262953186469178 0.025160081291515764 0.0090728749196408321 0.0050857288824052048 0.00057434706020422204 0 -0.0055702388129433992 -0.010903801652716427 0.0011973304088712514 0.0022909031533329795 -0.013633756188904507 0.011553134571076097 0.0084396824487593287 -0.0032192745397437808 0.004140446824340541 0.023714981356949924 0.0034148170492881037 0.010227304222467497 -0.00052946478354653527 -0.0038137267066343425 -0.013865065191707351
leaf_weight=32056 495 2627 167 230 69476 8492 93619 19272 103 10220 366 1203 399 19881 132 1401 103 880 5015 151 150 109 1647 1672 389 456 752 297 368 985
leaf_count=32056 495 2627 167 230 69476 8492 93619 19272 103 10220 366 1203 399 19881 132 1401 103 880 5015 151 150 109 1647 1672 389 456 752 297 368 985
internal_value=-1.34144e-05 -9.18613e-05 -0.00029737 -0.000495877 -0.000438431 -0.00210685 -0.000226178 0.000185113 -0.000897664 -0.00367829 0.00111022 0.0012786 0.00915876 0.000960959 0.0192703 0.000150914 0.00673471 0.00751508 0.00367599 0 -0.00666957 -0.00960048 0.00133965 -8.78057e-05 0.00999409 0.0122575 0.0154134 -0.00825476 0.000342578 -0.0115723
internal_weight=273113 270038 236335 207323 205481 23011 182470 112891 69579 12847 29012 28548 1048 27500 498 21282 3075 2972 6218 550 1842 1324 33703 10164 2092 1597 1141 464 518 1215
internal_count=273113 270038 236335 207323 205481 23011 182470 112891 69579 12847 29012 28548 1048 27500 498 21282 3075 2972 6218 550 1842 1324 33703 10164 2092 1597 1141 464 518 1215
is_linear=0
shrinkage=0.03


Tree=2
num_leaves=31
num_cat=0
split_feature=16 29 22 40 26 71 42 6 3 12 38 86 26 18 30 10 42 4 119 122 85 140 86 10 6 35 62 121 31 125
split_gain=152.447 86.231 90.4894 72.1839 89.7341 72.4418 69.1408 94.7982 68.0221 70.5425 58.1987 57.4962 54.34 52.086 50.7635 48.9979 48.8451 47.7188 47.2587 47.1521 47.089 45.8066 43.9109 43.6716 43.5354 40.881 39.7123 37.026 40.3054 36.6625
threshold=1.2206377983093264 -0.0011563174775801597 1.092613756656647 -0.030343431979417797 0.021392118185758594 0.54929596185684215 -0.077859010547399507 0.16000079363584521 0.01792514976114035 0.98710510134696972 -0.015660735778510567 -0.516666680574417 0.030101267620921138 1.0224276185035708 -0.0071641574613749972 1.0203437805175783 0.067746125161647811 0.42857025563716894 0.42029005289077764 0.65629231929779064 -0.12500000372529027 0.79211232066154491 -0.88333332538604725 1.0558570623397829 0.058824747800827033 0.82423430681228649 0.93530967831611644 0.63200011849403392 -0.0084816939197480661 0.26180239021778112
decision_type=10 8 10 8 10 10 10 10 10 10 10 2 10 10 10 8 10 10 10 10 2 10 2 10 10 10 8 10 10 10
left_child=1 6 3 5 15 10 7 -1 13 -10 -3 24 25 -6 21 -5 19 -9 -7 20 -14 -2 -21 -20 -4 -8 -17 -23 -29 -18
right_child=14 2 11 4 8 18 12 17 9 -11 -12 -13 16 -15 -16 26 29 -19 23 22 -22 27 -24 -25 -26 -27 -28 28 -30 -31
leaf_value=-0.0014851793650449293 0 -0.014373474876673445 -0.00056757984438517725 0.0013473043366130286 -0.00046905377861781029 0.0016908617037639686 -0.00055423215402820305 0.0062821506613896976 -0.014126457489233036 0.0047052867419539917 0.00085140697416943921 0 -0.0027164576464434641 -0.0056784766851946979 0.00077227986516077544 0.0071297166387697579 0 -0.0013648096617406786 0.0072495098760507991 0.0063783771741538946 -0.00047525623476314086 0 -0.00076474514679225364 0.026498089344880564 0.008898047409101318 0.0021184762418620749 -0.0045221582517730825 0.015210889128209159 0.0054280505099213094 0.017941110200463579
leaf_weight=3862 525 271 463 49977 86636 1726 56111 3761 163 3336 872 1433 29201 1756 1370 265 209 828 2166 1131 12367 280 2185 111 2324 5620 2086 1139 790 175
leaf_count=3862 525 271 463 49977 86636 1726 56111 3761 163 3336 872 1433 29201 1756 1370 265 209 828 2166 1131 12367 280 2185 111 2324 5620 2086 1139 790 175
internal_value=2.48264e-05 -6.1812e-05 0.000402603 0.00027775 0.00015075 0.00376456 -0.000682192 0.00191595 -0.000411545 0.00366746 -0.00268549 0.00472882 -0.000890521 -0.000577199 0.00574985 0.00114368 -0.00168127 0.00483737 0.00568504 -0.00177956 -0.00205744 0.00811144 0.00160529 0.008541 0.00722582 -0.000305443 -0.00303319 0.00998937 0.0114552 0.00858433
internal_weight=273139 269035 153585 149365 144219 5146 115450 8451 91891 3499 1143 4220 106999 88392 4104 52328 45268 4589 4003 44884 41568 2734 3316 2277 2787 61731 2351 2209 1929 384
internal_count=273139 269035 153585 149365 144219 5146 115450 8451 91891 3499 1143 4220 106999 88392 4104 52328 45268 4589 4003 44884 41568 2734 3316 2277 2787 61731 2351 2209 1929 384
is_linear=0
shrinkage=0.03


Tree=3
num_leaves=31
num_cat=0
split_feature=32 26 39 25 86 138 86 1 1 83 79 3 4 65 52 15 49 27 43 110 53 137 56 79 34 53 86 40 18 34
split_gain=122.077 90.6929 89.4269 111.469 78.7937 64.4816 60.132 75.8075 56.7113 50.3044 70.9186 92.5563 50.7039 48.3392 45.2536 44.9412 43.9887 42.0369 41.962 40.2902 40.1253 39.9166 34.6067 78.5601 51.4602 46.3091 38.3979 34.5271 56.4396 43.168
threshold=-0.0049950752872973672 0.019933737814426426 0.01746934745460749 0.041502594947814948 -0.58333334326744068 0.67646577954292308 -0.81666666269302357 0.018544884398579601 0.064701750874519362 -0.50000001490116108 0.15000000223517421 0.015890445560216907 0.42105157673358923 0.48749999701976782 0.87720808386802684 1.1418217420578005 0.8330044448375703 0.06659244000911714 1.1174971461296084 -0.35147058963775629 0.97813132405281078 0.96191838383674633 0.98715078830719005 0.55000001192092907 0.86181920766830455 1.0001609921455386 -0.11666667088866232 -0.02971203904598951 1.024536728858948 0.12186270579695703
decision_type=8 10 10 10 2 10 2 10 10 10 2 10 10 8 10 10 10 10 10 2 10 10 10 2 10 10 2 10 10 10
left_child=4 13 3 6 5 8 7 -3 19 12 11 -11 18 -2 -9 22 -12 -14 -5 -1 -7 -22 23 24 -4 -25 -24 29 -29 -8
right_child=1 2 15 9 -6 20 27 14 -10 10 16 -13 17 -15 -16 -17 -18 -19 -20 -21 21 -23 26 25 -26 -27 -28 28 -30 -31
leaf_value=-0.011739971757049621 -9.2664288124938556e-06 -0.00010889359761102676 -0.0021063913180876803 0.0054920906699430375 0.00074704636355505706 -0.003046408963090341 0.0046140316596907796 0.0089654111436465664 0.014680311798313767 0.0015677632169249353 0.0078260853911324597 0.011886619694919604 0.0033486699451460871 0.0015541421478491469 -0.0045042318755556575 0.0029826810854515552 -0.0013507510311142688 -0.005798768088048115 -0.00075043125697437751 0.001101666196744993 0.011366205543395392 0.00049857065066215766 -0.002369823888221885 0.0053986642896370471 -0.016878838855068846 -0.012804711901520443 -0.0058745641648631167 -0.00036619599353243242 -0.0045490108614913392 0.00023157601155360521
leaf_weight=284 33606 8241 3247 6116 4675 190 2598 198 187 6060 466 902 876 36936 8616 1343 10119 862 1048 669 2323 419 12185 1921 218 107 3938 112037 2978 9669
leaf_count=284 33606 8241 3247 6116 4675 190 2598 198 187 6060 466 902 876 36936 8616 1343 10119 862 1048 669 2323 419 12185 1921 218 107 3938 112037 2978 9669
internal_value=3.81632e-07 -0.000114043 -0.000450368 -0.000211992 0.00348425 0.00653447 -0.000541665 -0.00221632 0.000197346 0.00157481 0.000620463 0.00297787 0.00341671 0.000805296 -0.00414807 -0.0022088 -0.000904459 -0.00103191 0.00453758 -0.00257955 0.00887878 0.00982979 -0.00254767 -0.000425564 -0.00321341 0.00417608 -0.00325065 -0.000314602 -0.000477879 0.00119014
internal_weight=273034 264287 193745 170786 8747 4072 144337 17055 1140 26449 17547 6962 8902 70542 8814 22959 10585 1738 7164 953 2932 2742 21616 5493 3465 2028 16123 127282 115015 12267
internal_count=273034 264287 193745 170786 8747 4072 144337 17055 1140 26449 17547 6962 8902 70542 8814 22959 10585 1738 7164 953 2932 2742 21616 5493 3465 2028 16123 127282 115015 12267
is_linear=0
shrinkage=0.03


Tree=4
num_leaves=31
num_cat=0
split_feature=16 29 57 42 13 42 5 12 115 120 50 0 9 26 35 0 25 25 35 12 34 80 49 102 33 38 23 24 33 126
split_gain=123.167 77.6032 85.3059 70.7935 68.9025 63.7868 86.6216 62.3939 58.1396 56.2744 83.4093 88.0958 73.8572 66.078 61.3433 54.537 52.8787 48.5896 52.3597 48.2704 48.1627 47.3793 45.2548 71.4298 55.9749 72.342 57.9167 41.3061 38.8202 36.1237
threshold=1.2206377983093264 -0.00062755055841989804 1.1707749962806704 0.067746125161647811 0.983251452445984 -0.077859010547399507 0.0030272328294813637 1.0053763985633852 0.63013699650764476 0.25574485957622534 0.86872366070747387 -0.0073067413177341214 0.98735567927360546 0.021769763901829723 0.50492447614669811 0.029829532839357856 0.034155547618865974 0.012149200774729254 0.79578191041946422 1.01557332277298 0.36488389968872076 0.27500000596046453 0.94080999493598949 0.41742423176765447 0.62609195709228527 -0.00030258299375418568 0.037717495113611228 0.029893642291426662 0.93002739548683178 -0.30769224464893336
decision_type=10 8 10 10 8 10 8 10 10 8 8 10 10 10 10 8 10 10 10 10 10 2 10 2 10 10 10 10 8 10
left_child=1 3 9 4 7 6 28 16 -5 15 11 20 -13 19 -15 -3 -1 -7 -19 -12 -11 -17 23 -2 -24 -26 -27 -8 -6 -18
right_child=22 2 -4 8 5 17 27 -9 -10 10 13 12 -14 14 -16 21 29 18 -20 -21 -22 -23 24 -25 25 26 -28 -29 -30 -31
leaf_value=-0.00063688333560554561 0.018905883021712637 -0.00097566228360012762 0.0047872538659732679 0 -0.00055209802517936142 0.001111785199156917 0.0078073648486184427 -0.0127014250720951 0.018840745576308108 0.014496798411157981 0.0011446989212913991 0.0041675645129277909 -0.0011444367298152265 -0.0012125756472140974 0.00059974974957586102 -0.010316010246781058 0.0021552026217830354 -0.0012166299333261261 0.00059071288675196663 -0.012474765180507755 0.0049229997791370396 0.0045860966163542441 -0.0023645241396202678 0.0035879635383461927 0.011222817627119961 0.0055391313860235934 -0.011080773355894384 0.002196995876958307 -0.010542517945547935 -0.0069602518357231632
leaf_weight=5391 485 10106 3872 308 2399 12122 1934 578 284 701 46854 4484 4795 37083 30475 1033 394 80064 17340 212 2041 192 1057 764 1034 456 288 3625 408 2624
leaf_count=5391 485 10106 3872 308 2399 12122 1934 578 284 701 46854 4484 4795 37083 30475 1033 394 80064 17340 212 2041 192 1057 764 1034 456 288 3625 408 2624
internal_value=0 -7.90825e-05 0.000402362 -0.00061716 -0.000668365 -0.000472069 0.00204101 -0.00320332 0.00953034 0.00027646 0.000459641 0.00283687 0.00139372 0.000207265 -0.000390672 -0.0017417 -0.00248628 -0.000667103 -0.00089175 0.00107171 0.00756644 -0.00770322 0.00515751 0.0099767 0.00287426 0.00614716 -0.000623366 0.00422363 -0.00217465 -0.00566513
internal_weight=273403 269319 141848 127471 126879 117892 8366 8987 592 137976 126645 12021 9279 114624 67558 11331 8409 109526 97404 47066 2742 1225 4084 1249 2835 1778 744 5559 2807 3018
internal_count=273403 269319 141848 127471 126879 117892 8366 8987 592 137976 126645 12021 9279 114624 67558 11331 8409 109526 97404 47066 2742 1225 4084 1249 2835 1778 744 5559 2807 3018
is_linear=0
shrinkage=0.03


Tree=5
num_leaves=31
num_cat=0
split_feature=16 26 27 64 18 11 49 84 12 47 35 35 39 34 1 77 40 1 69 36 53 130 77 30 140 49 46 81 36 34
split_gain=131.307 72.6315 73.2602 64.0249 61.6542 92.0749 64.4067 90.0617 60.3259 59.3718 82.0517 55.3759 54.5514 48.4741 44.5328 41.0421 40.9188 40.7235 56.6477 45.8245 41.0329 38.9664 38.7333 38.2673 35.3681 33.2912 33.2126 31.2306 32.0313 30.8419
threshold=1.2206377983093264 0.021648212336003784 0.075317058712244048 0.47499999403953558 0.94259545207023632 0.97421732544898998 0.8330044448375703 0.84999999403953563 1.0010165572166445 1.0469396710395815 0.7669273614883424 0.90670192241668712 0.022993783466517929 0.88303968310356151 0.047568742185831077 0.058333335444331176 0.03885683789849282 0.055469902232289321 0.39037415385246282 0.80770382285118114 1.0051237940788271 1.8390844464302065 0.058333335444331176 0.0064719635993242272 0.75763434171676647 0.89290782809257518 1.0059580206871035 0.11666667088866235 0.58918112516403209 0.42524652183055883
decision_type=10 10 10 10 10 10 10 2 10 10 10 10 10 10 10 2 10 10 10 10 10 10 2 10 10 10 10 2 10 10
left_child=1 3 8 -1 23 11 7 -7 15 27 25 22 -8 17 -12 29 26 18 24 -19 -20 -22 -6 -4 -2 -11 -17 -10 -29 -3
right_child=13 2 4 -5 5 6 12 -9 9 10 14 -13 -14 -15 -16 16 -18 19 20 -21 21 -23 -24 -25 -26 -27 -28 28 -30 -31
leaf_value=-0.00025658753246303185 -0.012102211223507516 -0.0010487117704360773 -0.0029131462384297067 0.0013840673472858707 0.010236763488558894 0.015343788986720452 0.00038082146295974741 -0.012621088066428412 0.0036411006725947806 0.0054284954463093586 0.0013618558837592252 -0.0082600329066886795 -0.0055751895792594784 0.014093974702148083 0.010417990040483559 0.0013792702186711217 -0.0034626898292471056 0.002615464714184845 0.0013464972110810267 0.015800403218578583 0.024060782567691914 0 0.0037511595233888258 -0.023249014334686631 0.00030091983804310325 -0.0011181608852905772 -0.00089659502714079442 0.0025133221551334383 -0.0013252080147975137 -0.0037693917061510543
leaf_weight=38496 213 7140 337 47462 1102 493 19308 102 5144 676 11225 262 1470 510 506 6307 5143 609 401 470 198 109 4851 120 1510 44817 57039 3864 3829 8922
leaf_count=38496 213 7140 337 47462 1102 493 19308 102 5144 676 11225 262 1470 510 506 6307 5143 609 401 470 198 109 4851 120 1510 44817 57039 3864 3829 8922
internal_value=7.89925e-06 -7.17325e-05 -0.000411138 0.000645928 0.000994778 0.00118854 0.000237698 0.00980747 -0.000668192 -1.28302e-05 -0.000430837 0.00439907 -3.10855e-05 0.00537714 0.00179508 -0.00120756 -0.000880323 0.00395293 0.00161832 0.00881467 0.00868945 0.0166943 0.00503224 -0.00963282 -0.00118153 -0.00101195 -0.000664902 0.00182497 0.000565411 -0.00258144
internal_weight=272635 268615 182657 85958 28045 27588 21373 595 154612 70061 57224 6215 20778 4020 11731 84551 68489 3510 2431 1079 708 307 5953 457 1723 45493 63346 12837 7693 16062
internal_count=272635 268615 182657 85958 28045 27588 21373 595 154612 70061 57224 6215 20778 4020 11731 84551 68489 3510 2431 1079 708 307 5953 457 1723 45493 63346 12837 7693 16062
is_linear=0
shrinkage=0.03


Tree=6
num_leaves=31
num_cat=0
split_feature=16 25 40 51 34 18 73 158 20 38 48 45 3 52 42 53 58 34 75 50 112 38 33 83 52 96 121 24 49 65
split_gain=131.611 68.2134 61.7121 82.6876 64.437 57.1819 67.2306 53.132 50.5123 43.4335 67.7661 52.9563 48.8382 63.8711 40.7808 40.2752 49.3999 38.596 37.3971 36.0226 47.6604 45.9838 42.5707 34.2081 37.336 46.5275 39.4616 33.9318 32.5271 31.0622
threshold=1.2206377983093264 0.012543265242129566 -0.030343431979417797 0.89573156833648693 0.15576718747615817 1.024536728858948 0.5000000149011613 -0.010358243249356745 1.072277903556824 -0.00094621704192832101 0.85566958785057079 1.010567367076874 0.02461957931518555 0.83594989776611339 -0.096775993704795824 1.0886206626892092 1.0021428465843203 0.87956127524375927 0.17500000447034839 0.97756242752075206 -0.15737874060869214 -0.0022325438912957902 0.65570032596588146 -0.3000000044703483 0.98250374197959911 0.15359858423471454 0.68804052472114574 0.034564550966024406 0.98396828770637523 0.1757352948188782
decision_type=10 10 8 10 10 10 10 8 10 8 10 8 10 10 10 10 10 10 2 10 2 10 10 10 10 10 10 10 10 10
left_child=1 -1 3 4 7 9 8 -3 29 12 -11 -12 14 -14 -4 16 -6 19 -10 20 -2 22 27 24 26 -26 -5 -21 -9 -7
right_child=17 2 5 23 15 6 -8 28 18 10 11 -13 13 -15 -16 -17 -18 -19 -20 21 -22 -23 -24 -25 25 -27 -28 -29 -30 -31
leaf_value=0.001181452113676492 0.01263077394563822 -0.002035903531695553 0.0080425537431295709 0.0011534285227422815 -0.001175211313746017 -0.0046912502040374433 -0.0089861658574022247 0.0065992515032720972 0 -0.012268059149486841 0.00079325596291608582 -0.00091608828504676203 0.014196923976270171 -0.0012992734704830853 7.2883279756832852e-05 -0.012369523561278054 0.0054907327317394476 0.012978545762326052 0.0097276969278916169 -0.014387286071353214 0.0028644969868094833 -0.0072282462367989709 0.0090561325886868282 -0.0051721777570840196 0.00018615854544448297 -0.0062455215087643626 0.013450666539439826 0.004314566712467844 0.015277537245874171 0.0017949043101675741
leaf_weight=35441 742 368 563 9856 1822 3169 1384 1531 1103 435 19406 96996 491 384 85914 152 2037 544 477 141 1418 467 571 1021 3140 1417 227 141 691 752
leaf_count=35441 742 368 563 9856 1822 3169 1384 1531 1103 435 19406 96996 491 384 85914 152 2037 544 477 141 1418 467 571 1021 3140 1417 227 141 691 752
internal_value=3.66205e-05 -4.30926e-05 -0.000230457 0.00126796 0.00407944 -0.000390022 -0.00307975 0.00778078 -0.00151224 -0.000297566 -0.000676446 -0.00062845 0.000205806 0.00718405 0.000130085 0.00158823 0.00227628 0.005409 0.00289102 0.0040726 0.00644211 0 0.00427316 6.01227e-05 0.000452048 -0.00176678 0.00148605 -0.00437652 0.00954405 -0.00336837
internal_weight=272801 268777 233336 22262 6601 211074 6885 2590 5501 204189 116837 116402 87352 875 86477 4011 3859 4024 1580 3480 2160 1320 853 15661 14640 4557 10083 282 2222 3921
internal_count=272801 268777 233336 22262 6601 211074 6885 2590 5501 204189 116837 116402 87352 875 86477 4011 3859 4024 1580 3480 2160 1320 853 15661 14640 4557 10083 282 2222 3921
is_linear=0
shrinkage=0.03


Tree=7
num_leaves=31
num_cat=0
split_feature=32 26 33 44 39 86 33 31 86 35 17 78 2 89 158 53 78 15 113 8 53 87 76 31 86 78 50 75 76 79
split_gain=86.5632 67.0705 78.3275 78.2129 68.7919 63.844 69.8642 57.757 63.9501 70.9389 51.8011 49.3588 47.1397 46.9511 46.9241 42.5436 55.8727 50.2677 36.6583 34.6648 33.5734 33.3317 33.702 32.9904 35.6091 32.6246 55.6697 30.3896 30.4392 29.5299
threshold=-0.0049950752872973672 0.019933737814426426 0.37253709137439733 1.0405647158622744 0.020109895616769794 -0.58333334326744068 0.92703846096992504 -0.0057862508110702029 -0.81666666269302357 0.4955908209085465 0.75055271387100231 0.30000000447034841 -0.10714442282915114 0.17585636675357821 -0.0088903577998280508 1.0453006625175478 0.30000000447034841 1.0692219138145449 0.58974376320838939 0.81818678975105297 1.0465302467346194 -0.80833333730697621 0.41666667163372045 -0.0075392194557934991 0.78333333134651195 0.30000000447034841 0.89918532967567455 0.17500000447034839 0.25000000745058065 0.55000001192092907
decision_type=10 10 8 10 10 2 10 10 2 8 8 10 10 10 8 10 10 10 10 10 10 2 2 10 2 10 10 2 2 2
left_child=5 18 3 12 7 6 15 27 9 -9 -5 -10 -3 23 -12 16 -1 -18 -2 -19 -16 22 -14 -6 -25 29 -27 28 -4 -15
right_child=1 2 4 10 13 -7 -8 8 11 -11 14 -13 21 25 20 -17 17 19 -20 -21 -22 -23 -24 24 -26 26 -28 -29 -30 -31
leaf_value=0.011303473760008714 0.00013732828073568894 0.00082832602266317212 0.0035037512853992882 0.0037790000597033697 0.0092856724245027056 0.00061405114204840679 -0.0048959825108263718 -0.0048238302485626777 -0.00059354242110149261 -0.00020491434346385916 -0.00073225960449330022 0.00088368398773921173 0.00073803011834836353 -0.0088755366499046265 -0.0032706804781115328 0.013980867820976996 0.0098943432414253327 -0.0035741993312459509 0.0015646292177604051 0.0070886348872355228 -0.010777419571748386 -0.0015439769734696719 0.012473930774964033 -0.0014504305401562055 0.0083426950217206346 0.0030988195942945971 -0.0048879508753221623 0.0084215022983271728 -0.0039275121852191848 -0.0023053395485921392
leaf_weight=930 43229 17057 2788 1102 299 5380 450 4557 29403 9078 8010 64859 1995 1703 18209 697 523 1056 26398 341 577 23356 240 4475 336 1237 1967 968 550 1216
leaf_count=930 43229 17057 2788 1102 299 5380 450 4557 29403 9078 8010 64859 1995 1703 18209 697 523 1056 26398 341 577 23356 240 4475 336 1237 1967 968 550 1216
internal_value=-1.19978e-05 -0.000113943 -0.000401606 -0.00119904 5.18355e-05 0.00281613 0.00568764 0.000278428 0.000139234 -0.00177539 -0.00243554 0.000419685 -0.000382402 -0.00218134 -0.00270493 0.00713439 0.00526972 0.00210608 0.000683069 -0.00069643 -0.00352841 -0.00120111 0.00223076 0 -0.000672674 -0.00394906 -0.00171127 0.00368014 0.00217387 -0.00627491
internal_weight=272986 263609 193982 70546 123436 9377 3997 112203 107897 13635 27898 94262 42648 11233 26796 3547 2850 1920 69627 1397 18786 25591 2235 5110 4811 6123 3204 4306 3338 2919
internal_count=272986 263609 193982 70546 123436 9377 3997 112203 107897 13635 27898 94262 42648 11233 26796 3547 2850 1920 69627 1397 18786 25591 2235 5110 4811 6123 3204 4306 3338 2919
is_linear=0
shrinkage=0.03


Tree=8
num_leaves=31
num_cat=0
split_feature=16 46 40 32 125 86 53 84 35 30 33 115 57 45 59 0 158 138 36 49 33 17 15 127 36 10 38 70 61 137
split_gain=121.087 63.6176 58.5746 49.1927 59.8045 52.6893 77.2988 58.704 53.6429 48.1082 53.3799 47.3033 76.9223 49.3005 53.6391 46.6418 43.7363 42.5653 42.2152 40.0813 36.7174 34.7722 69.2046 50.0366 36.1453 34.7197 45.0668 42.1147 36.6001 31.3539
threshold=1.2206377983093264 1.0748502612113955 -0.030343431979417797 -0.0049950752872973672 -0.44852939248085016 -0.81666666269302357 0.99357688426971447 0.65000000596046459 0.54433420300483715 -0.0071641574613749972 0.96601486206054699 0.74207225441932689 0.92394757270812999 1.0269461274147036 0.9433082938194276 0.029829532839357856 -0.001972962985746562 0.53918638825416576 0.44171842932701116 0.88997751474380504 0.96268773078918468 1.1576871275901797 1.1539047956466677 -0.3303470760583877 0.93626803159713756 1.004273593425751 -0.0086956792511045915 0.47000002861022955 0.97496670484542858 1.0012832880020144
decision_type=10 8 8 8 10 2 10 2 10 10 10 10 10 10 10 10 10 10 10 10 10 10 8 10 10 10 10 10 10 10
left_child=1 2 -1 16 21 8 18 -8 20 10 29 12 17 14 -14 -13 -3 -4 -7 -15 -6 22 -5 -23 -25 -18 27 -27 -28 -2
right_child=9 3 11 4 5 6 7 -9 -10 -11 -12 15 13 19 -16 -17 25 -19 -20 -21 -22 23 -24 24 -26 26 28 -29 -30 -31
leaf_value=0.0029825570391275157 0.010022415775114689 -0.00071778073581162192 -0.0041512618731293412 0.0010724230750910327 -0.0050810735111297828 -0.0088143348911613913 -0.00020737110492608142 -0.0044245557715959548 -0.0011241087212910828 0.00027195382437506476 -0.0082472098323367743 -0.00097270426403903284 -0.0014771219259443976 0.0052960144108484819 0.0011083129371268101 -0.0072286054638776376 0.010421230299702822 0.007075951734430307 -0.0023015902950765197 -0.00038280000077992287 0.0033957683950288091 0.0049357212911127135 0.0089156241451525189 -0.0042380956496567614 0.0094615121776770277 0.0012333972731176862 -0.0068115662236842645 0.017771401422424723 0.0028838698863680344 0.00034670698067722179
leaf_weight=7019 2131 2446 304 7015 6873 1441 59768 3122 10459 1346 149 10138 8059 1110 62258 1213 714 2171 2863 74538 436 843 1195 2559 155 354 495 271 1068 428
leaf_count=7019 2131 2446 304 7015 6873 1441 59768 3122 10459 1346 149 10138 8059 1110 62258 1213 714 2171 2863 74538 436 843 1195 2559 155 354 495 271 1068 428
internal_value=1.83881e-05 -5.82804e-05 0.00030146 -0.000649035 -0.000806274 -0.00108574 -0.000694996 -0.00042283 -0.00254413 0.00515249 0.00744859 0.000181454 0.000325959 0.0002345 0.000807396 -0.00167915 0.00213145 0.00555447 -0.00458215 -0.000294131 -0.00452659 0.00118454 0.00226938 -0.00123421 -0.00328247 0.00462411 0.00251923 0.00919809 -4.44132e-05 0.00853569
internal_weight=272941 268887 166810 102077 96729 84962 67194 62890 17768 4054 2708 159791 148440 145965 70317 11351 5348 2475 4304 75648 7309 11767 8210 3557 2714 2902 2188 625 1563 2559
internal_count=272941 268887 166810 102077 96729 84962 67194 62890 17768 4054 2708 159791 148440 145965 70317 11351 5348 2475 4304 75648 7309 11767 8210 3557 2714 2902 2188 625 1563 2559
is_linear=0
shrinkage=0.03


Tree=9
num_leaves=31
num_cat=0
split_feature=16 25 36 23 140 40 71 58 18 73 37 142 120 29 14 22 41 60 16 13 47 38 33 123 83 81 27 1 51 74
split_gain=99.2243 61.3815 56.7604 68.8714 65.4104 47.4546 73.6778 63.4133 58.347 70.1749 45.4017 41.0297 39.8358 51.5942 64.9942 61.1709 37.5569 48.3879 36.2239 59.2533 43.9108 36.7627 35.0136 31.5664 46.3447 29.0459 26.2164 24.5268 39.9943 23.5447
threshold=1.2206377983093264 0.012670247349888088 0.80461445450782787 0.016831624321639541 0.74113187193870556 -0.030343431979417797 0.57792210578918468 0.9997290074825288 1.024536728858948 0.5000000149011613 0.78583446145057689 1.3142988085746767 0.7333335578441621 -0.0034353286027908321 0.98362761735916149 1.0777329802513125 -0.0019413109985180197 1.0340443849563601 1.1604010462760928 1.1147735714912417 1.2713785171508791 -0.0086956792511045915 0.58642137050628673 -0.082568086683750139 -0.3000000044703483 0.28333334624767309 0.028977580368518833 0.019829954952001575 0.97024580836296093 0.25000000745058065
decision_type=10 10 10 10 10 10 10 10 10 10 10 10 10 10 8 10 10 10 8 8 10 10 10 10 10 2 10 10 10 2
left_child=1 27 -2 -4 -5 6 18 23 12 16 22 -12 13 14 -7 -15 17 -10 19 21 26 -3 -9 24 -8 -21 -20 -1 -29 -22
right_child=2 5 3 4 -6 8 7 10 9 -11 11 -13 -14 15 -16 -17 -18 -19 20 25 29 -23 -24 -25 -26 -27 -28 28 -30 -31
leaf_value=0.0013924663921039344 0.00096455426761848928 -0.0027850995459439464 -0.004289097536246401 -0.002324824355872575 0.01315798732681395 -0.012842007188242063 0.00033671050496041955 0.00056436982979959135 -0.0055238563313224822 -0.0091595874535978661 0.017202581553867245 0.0029629394340025652 0.0017189553602398743 -0.00026984266221485452 -0.0011613364278628678 0.0022465685711391078 0.0065281652937535135 0.00030675081902087082 0.0071525481634744205 -0.016436775522988015 0.0036176921706412729 0.00085017098398383053 0.0070679514249732522 0.005972046129845289 -0.010856277309649833 -0.0034206572948417887 -0.0027591476989641968 0.0015897530009749716 -0.0036834135998632927 0.01421392154894493
leaf_weight=31576 2014 3351 288 251 1431 419 1258 1514 2262 1377 549 367 8438 141704 43402 9230 442 2711 300 267 602 9658 1698 520 411 547 929 2716 2374 378
leaf_count=31576 2014 3351 288 251 1431 419 1258 1514 2262 1377 549 367 8438 141704 43402 9230 442 2711 300 267 602 9658 1698 520 411 547 929 2716 2374 378
internal_value=7.23217e-06 -6.14403e-05 0.00469607 0.00831215 0.0106711 -0.000242546 0.00106754 0.00380615 -0.000383497 -0.00311915 0.00598925 0.0120031 -0.00029028 -0.000379041 -0.00128567 -0.000113693 -0.00149985 -0.00229676 0 -0.000586396 0.0035342 -6.60539e-05 0.00411772 -0.000191867 -0.00233792 -0.00834157 -2.37116e-05 0.00107746 -0.000815759 0.00820735
internal_weight=272984 269000 3984 1970 1682 232334 22349 6317 209985 6792 4128 916 203193 194755 43821 150934 5415 4973 16032 13823 2209 13009 3212 2189 1669 814 1229 36666 5090 980
internal_count=272984 269000 3984 1970 1682 232334 22349 6317 209985 6792 4128 916 203193 194755 43821 150934 5415 4973 16032 13823 2209 13009 3212 2189 1669 814 1229 36666 5090 980
is_linear=0
shrinkage=0.03


Tree=10
num_leaves=31
num_cat=0
split_feature=16 25 40 36 18 19 39 49 91 117 15 46 36 1 115 24 41 110 38 1 16 46 13 1 37 142 37 114 43 6
split_gain=100.46 71.3028 49.5123 89.8206 59.596 54.2817 44.4429 56.7413 110.941 44.1033 43.2138 43.7758 40.8983 62.4084 67.5574 50.5741 39.6616 38.4435 43.7223 37.2202 36.2701 34.2944 40.8172 53.7592 42.4177 33.962 31.8799 30.1964 28.931 28.7856
threshold=1.2206377983093264 0.012410786934196951 -0.030343431979417797 0.82335302233695995 1.024536728858948 1.0398405194282534 0.023679794743657116 0.8330044448375703 0.32031090557575231 0.56666669249534618 1.1475881934165957 1.0266138911247256 0.80770382285118114 0.055469902232289321 0.29752089083194738 0.04390272684395314 -1.0000000180025095e-35 0.29705883562564855 -0.0082045579329133016 0.03868034482002259 1.12552946805954 1.1106653213500979 1.0232835412025454 0.057770330458879478 0.66219988465309154 1.4818466305732729 0.65855157375335704 0.29372002184391027 1.0180180668830874 0.068967077881097807
decision_type=10 10 10 10 10 10 10 10 10 10 10 10 10 10 10 10 10 2 10 10 8 10 8 10 10 10 10 10 10 10
left_child=1 26 3 21 6 16 7 8 -4 -9 11 -8 29 14 19 -15 -6 18 25 -14 -7 -3 24 -24 -23 -5 -1 -22 -16 -2
right_child=12 2 4 17 5 20 10 9 -10 -11 -12 -13 13 15 28 -17 -18 -19 -20 -21 27 22 23 -25 -26 -27 -28 -29 -30 -31
leaf_value=0.00062155874969646661 0.006798949855407025 0.0014958538005766845 0.012218346374444761 0.021493532296142075 -0.0066642976482662961 0.0038709133663823495 0.0003677543992030856 -0.00047355787149787234 -0.0050189811857934618 0.00069336394066283832 0.0045763850740817924 -0.0034549739764225137 0.0033222410682472044 0 0 0.021686879411687603 0.0019140075776276925 0.0011958133985291333 0.0050030036573888081 -0.0091982687575915181 -0.0050937770039754934 -0.018185669404522674 -0.0014856452797894096 0.0056199043970049717 0.00013138196167315362 0.00082163556181939735 0.0027234421680741566 0.0036897516213612604 0.015847128817144021 -0.00066049000585264878
leaf_weight=25320 629 11648 878 380 3401 1202 3558 154423 493 35743 806 9562 632 112 115 395 496 785 809 293 1350 226 7072 1080 153 127 9016 418 432 1443
leaf_count=25320 629 11648 878 380 3401 1202 3558 154423 493 35743 806 9562 632 112 115 395 496 785 809 293 1350 226 7072 1080 153 127 9016 418 432 1443
internal_value=-1.94249e-05 -9.13136e-05 -0.000279246 0.00106173 -0.000421456 -0.00317163 -0.00032778 -0.000206955 0.00582123 -0.0002526 -0.00196541 -0.00239648 0.00465658 0.00775923 0.00424235 0.0168522 -0.00549169 0.00694404 0.0100791 -0.000436991 -1.07382e-05 0.000428159 -0.000994649 -0.000496121 -0.0104034 0.0171123 0.00118347 -0.0028313 0.0124207 0.00150393
internal_weight=272997 268946 234610 22280 212330 6867 205463 191537 1371 190166 13926 13120 4051 1979 1472 507 3897 2101 1316 925 2970 20179 8531 8152 379 507 34336 1768 547 2072
internal_count=272997 268946 234610 22280 212330 6867 205463 191537 1371 190166 13926 13120 4051 1979 1472 507 3897 2101 1316 925 2970 20179 8531 8152 379 507 34336 1768 547 2072
is_linear=0
shrinkage=0.03


Tree=11
num_leaves=31
num_cat=0
split_feature=16 55 36 49 85 86 14 17 48 33 27 28 86 36 140 39 13 60 113 14 16 24 51 68 37 141 47 120 1 38
split_gain=117.955 59.891 88.7315 71.4324 66.3886 48.5204 55.4912 60.6885 57.4954 56.1451 53.7627 53.0746 50.1912 47.2169 59.5516 46.049 84.6309 41.1083 44.2808 40.1633 39.5168 38.0174 130.383 42.5002 35.5733 35.3462 34.7778 34.7373 55.3091 42.326
threshold=1.2394970059394839 0.93731585144996654 0.79486623406410228 0.8330044448375703 0.82500001788139354 0.88333332538604747 0.88698756694793712 0.68353396654129039 0.98122841119766246 0.80216467380523693 0.023396749980747703 -0.006918232422322034 -0.65000000596046437 0.80461445450782787 0.72613099217414867 0.032036369666457183 0.93799662590026867 0.86370733380317699 0.91666629910469066 0.89384698867797863 0.90527644753456127 0.018661811947822574 0.78137633204460155 0.12662560492753985 0.57066679000854503 1.0453003048896792 1.1314530968666079 0.69607850909233104 0.055469902232289321 -0.0023690683301538225
decision_type=10 8 10 8 2 2 8 10 10 10 10 10 2 10 10 10 8 10 10 10 10 10 10 10 10 10 10 10 10 10
left_child=1 2 4 15 17 6 7 -5 10 -9 -8 24 -10 -2 -15 16 -3 18 -1 26 -19 22 -13 -23 -7 -4 -18 29 -29 -16
right_child=13 3 25 5 -6 11 8 9 12 -11 -12 21 -14 14 27 -17 19 20 -20 -21 -22 23 -24 -25 -26 -27 -28 28 -30 -31
leaf_value=-0.016348208090156257 0.0019442449445333445 0.018279337713158338 -0.0049555675179932179 -0.008495468774405518 -0.018490825190803598 0 0.00096762592498295683 0.011244577530107772 -0.00083486317157876729 -0.001706982576290021 -0.00091114156798946749 -0.027607274681644201 0.00055378890744266251 -0.0043777149269862148 0.029721586969552918 -0.0044810707843476036 0.0040378277643823325 0.011298442100257596 0 0.011437784614772054 -0.0063128752477308045 -0.012320839008507764 0.00042194237047705368 0.0037148286597817434 0.019588373780585824 0.0082739898642339941 -0.012446922862885578 0.0015030796143889302 0.017989523349856876 0.0075881110611524362
leaf_weight=334 1610 503 242 210 467 101 15505 1038 30514 362 109384 134 99321 194 198 221 186 216 316 212 185 126 4590 5144 230 473 203 570 291 224
leaf_count=334 1610 503 242 210 467 101 15505 1038 30514 362 109384 134 99321 194 198 221 186 216 316 212 185 126 4590 5144 230 473 203 570 291 224
internal_value=-3.47841e-05 -0.000102695 -0.00497519 -6.06068e-05 -0.00909612 -9.64932e-05 -0.000178843 0.00533174 -0.000215267 0.00770753 -0.000675373 0.00191537 0.000225037 0.00577556 0.00966969 0.0068326 0.00940373 -0.00437423 -0.00904043 0.00114283 0.00254701 0.00147575 -0.000422927 0.00322959 0.0134937 0.00337513 -0.00401925 0.0120586 0.00769757 0.0195267
internal_weight=273304 270217 2233 267984 1518 266659 256334 1610 254724 1400 124889 10325 129835 3087 1477 1325 1104 1051 650 601 401 9994 4724 5270 331 715 389 1283 861 422
internal_count=273304 270217 2233 267984 1518 266659 256334 1610 254724 1400 124889 10325 129835 3087 1477 1325 1104 1051 650 601 401 9994 4724 5270 331 715 389 1283 861 422
is_linear=0
shrinkage=0.03


Tree=12
num_leaves=31
num_cat=0
split_feature=32 46 42 4 138 81 38 6 102 11 38 14 34 16 51 77 13 115 25 55 14 34 33 25 77 31 33 48 60 55
split_gain=78.2613 59.8127 65.9206 63.3092 59.0045 51.392 51.1586 46.3041 47.5897 45.2895 60.6605 54.1476 45.8881 66.4589 50.979 49.0962 46.3998 44.375 89.2774 66.1606 86.0641 54.9605 52.267 49.8637 46.4899 44.1798 39.5431 61.2835 37.3009 36.5595
threshold=-0.0049950752872973672 1.0748502612113955 -0.077859010547399507 0.4255331158638001 0.50348633527755748 0.61666667461395275 -0.02792282588779926 0.1428572088479996 0.54465711116790783 0.99546715617179882 -0.0088776340708136541 1.0656187534332278 0.19707634299993518 1.1159341931343081 0.83511987328529369 0.94166666269302379 0.98991355299949657 0.74207225441932689 0.042319050058722503 0.93731585144996654 0.88698756694793712 0.30936887860298162 0.78678086400032055 0.012410786934196951 0.091666668653488173 0.0077152294106781491 0.90660479664802562 0.89662820100784313 0.8714466691017152 1.1106904745101931
decision_type=8 10 10 10 8 2 10 10 2 10 8 8 10 10 10 2 8 10 10 10 8 10 10 8 2 10 10 10 10 10
left_child=4 17 3 7 -1 -6 -7 -3 -9 12 11 -11 13 15 28 -4 -16 18 23 26 22 -22 -21 -2 -25 -26 27 -20 -14 -12
right_child=1 2 9 -5 5 6 -8 8 -10 10 29 -13 14 -15 16 -17 -18 -19 19 20 21 -23 -24 24 25 -27 -28 -29 -30 -31
leaf_value=-0.0048000360814294618 0.0013100470176429535 0 -0.0012352756714022277 -0.003142751129057166 0.00076647577796115358 0.022688182949324148 0.0049846086454121002 0.0064903170264566518 0 -0.00094175878296303512 0.00038335586684398629 -0.0074674186358906804 -0.0052170109855843357 0.0042651249435789471 -0.0044431942166390081 0.011320020471980908 -0.0016783896355843815 -0.0015260545447825177 -0.021223590852097605 0.017058066184896647 0.0064030458008270752 0.00068121255296115077 0 -0.0011136932574571505 0.00031592865014204696 -0.013056085922604274 0.0063904180700209605 0.0010329223955934607 0.0067611828903250699 0.0062025538396323094
leaf_weight=788 29857 3387 12632 1968 3514 146 4298 3488 1316 4552 23984 1580 262 2643 6743 263 34054 11655 221 671 2512 4104 255 28608 87180 202 114 159 969 1005
leaf_count=788 29857 3387 12632 1968 3514 146 4298 3488 1316 4552 23984 1580 262 2643 6743 263 34054 11655 221 671 2512 4104 255 28608 87180 202 114 159 969 1005
internal_value=-1.86415e-06 -9.54194e-05 -0.000680109 0.00159588 0.00278577 0.00358467 0.00573248 0.00277582 0.00466411 -0.000944505 -1.26489e-05 -0.00269077 -0.00144289 -3.00241e-05 -0.00195784 -0.000938842 -0.00214466 0.000251938 0.000388733 0.00346563 0.00419106 0.00291167 0.01276 0.00021669 -6.23419e-05 0.000278604 -0.00675813 -0.011575 0.00392935 0.000634159
internal_weight=273130 264384 98846 10159 8746 7958 4444 8191 4804 88687 31121 6132 57566 15538 42028 12895 40797 165538 153883 8036 7542 6616 926 145847 115990 87382 494 380 1231 24989
internal_count=273130 264384 98846 10159 8746 7958 4444 8191 4804 88687 31121 6132 57566 15538 42028 12895 40797 165538 153883 8036 7542 6616 926 145847 115990 87382 494 380 1231 24989
is_linear=0
shrinkage=0.03


Tree=13
num_leaves=31
num_cat=0
split_feature=16 37 1 33 78 51 55 36 45 6 3 44 125 18 21 117 8 59 30 140 29 36 23 40 40 24 50 23 140 46
split_gain=95.2623 57.7726 63.314 89.6052 64.6175 115.348 83.2672 62.8218 56.7374 55.4255 54.1923 47.1618 47.9001 50.4978 44.0795 59.9965 45.0548 43.4268 41.9368 43.4153 41.6743 41.1279 42.1462 36.6423 39.4384 36.2066 46.4132 34.6545 41.1906 41.0602
threshold=1.2206377983093264 0.71386143565177929 0.012626279145479204 0.37253709137439733 0.30000000447034841 0.88798344135284435 0.94976589083671581 0.84895551204681408 1.0161219239234927 0.31249977648258215 0.01792514976114035 1.0303751826286318 -0.39047603309154505 1.0287619233131411 1.0568758249282839 0.33217075467109686 -0.52542293071746815 0.94792029261589061 -0.0069329803809523574 0.81745141744613659 -0.00024326382845174518 0.78500786423683178 0.017329806461930278 -0.041960727423429482 -0.015236434061080216 0.03319338150322438 0.99031934142112743 0.041296407580375678 0.97333133220672619 1.1551125645637514
decision_type=10 8 8 8 10 8 10 10 8 10 10 10 10 10 10 10 10 10 10 10 10 10 10 8 10 10 10 10 10 10
left_child=1 2 17 11 6 9 7 -5 -7 -6 -8 -4 -13 -14 16 -16 23 -1 19 -2 25 -21 -23 -3 -25 26 -17 29 -29 -18
right_child=18 14 3 4 5 8 10 -9 -10 -11 -12 12 13 -15 15 20 27 -19 -20 21 -22 22 -24 24 -26 -27 -28 28 -30 -31
leaf_value=-0.006371015571718314 0 0.0079445302340002463 -0.0006994868721883229 -0.009010803958766701 0.0051558412291389938 0.0032230547312622933 -0.0011249572768986245 0.0046946215704251251 -0.00036846656142419844 0.00018410842728234603 0.0064424589886489716 0.0010186815860517321 -0.0026742876457213839 -0.012330165160334449 0.0034689027745239908 -0.0072157050303810521 0.00044590795052436223 0.00067078297972677538 0 0.0026291572813266504 0.0045078123784905218 0 0.014000117538989379 -0.00039794241343392228 0.0030997782090589438 0 -0.0011233713785341489 -0.013049664606805891 0 0.005911014598270232
leaf_weight=774 648 1030 27033 1907 6109 4242 23113 313 54656 3202 855 3051 25539 498 1895 2679 42131 49913 1242 796 659 187 1150 4078 8922 2144 2172 346 561 1268
leaf_count=774 648 1030 27033 1907 6109 4242 23113 313 54656 3202 855 3051 25539 498 1895 2679 42131 49913 1242 796 659 187 1150 4078 8922 2144 2172 346 561 1268
internal_value=-3.27617e-05 -0.000102519 -0.00035881 -0.000668517 -0.000100652 0.000382297 -0.00136931 -0.00691987 -0.000103697 0.0034823 -0.000837356 -0.00161796 -0.00246017 -0.00287981 0.000652568 -0.00122132 0.000964758 0.000554867 0.00453641 0.00657106 -0.00242764 0.00862109 0.0118761 0.00245048 0.0019806 -0.00313479 -0.00456531 0.000486627 -0.00521966 0.000615142
internal_weight=273113 269090 201205 150518 94397 68209 26188 2220 58898 9311 23968 56121 29088 26037 67885 9549 58336 50687 4023 2781 7654 2133 1337 14030 13000 6995 4851 44306 907 43399
internal_count=273113 269090 201205 150518 94397 68209 26188 2220 58898 9311 23968 56121 29088 26037 67885 9549 58336 50687 4023 2781 7654 2133 1337 14030 13000 6995 4851 44306 907 43399
is_linear=0
shrinkage=0.03


Tree=14
num_leaves=31
num_cat=0
split_feature=16 33 26 32 15 81 17 39 7 25 36 33 21 48 59 27 43 41 5 23 36 140 1 81 27 39 120 50 8 139
split_gain=96.899 55.4512 79.1744 51.1921 58.398 54.2403 47.3816 64.5491 66.0338 60.7495 53.0598 43.9565 47.1663 43.5269 67.4877 49.1481 43.0515 57.7135 74.3289 40.7258 48.4373 52.8016 36.2774 35.7836 34.9016 45.577 31.5258 57.5168 45.224 32.9871
threshold=1.2206377983093264 0.2562058717012406 0.024248163215816024 -0.0045070697087794534 1.1242603659629824 0.61666667461395275 0.98568773269653331 0.019643191248178486 -0.0084035014733672125 0.037823783233761794 0.9011407494544984 0.92703846096992504 1.0091260671615603 0.91444790363311779 0.88965931534767162 0.030551171861588958 1.0557414293289187 -0.032465409487485879 0.014534898567944767 0.017193889245390895 0.80461445450782787 0.76384052634239208 0.048697626218199737 0.58333334326744091 0.058475295081734664 -0.012931058648973702 0.25574485957622534 0.84742298722267162 -0.42528569698333735 0.74115547537803661
decision_type=10 8 8 8 10 2 10 10 10 10 10 10 10 10 10 10 10 10 10 10 10 10 10 2 10 10 8 8 10 8
left_child=1 2 -1 4 5 23 7 26 -9 16 11 12 -11 14 -10 -15 24 -18 -19 -2 -21 -22 -13 -4 -8 -26 29 28 -28 -3
right_child=19 6 3 -5 -6 -7 9 8 13 10 -12 22 -14 15 -16 -17 17 18 -20 20 21 -23 -24 -25 25 -27 27 -29 -30 -31
leaf_value=0.00042520595389360642 -0.0017532906886842908 0.0034157035497025048 0.0021357026475104946 -0.001771703719709204 -0.0060563714320880412 0.009631877287909282 -8.4906381842145332e-06 -0.013956335269568756 -0.00667624306287157 0.0040923295919109166 0.0091846116943493719 -0.0051142186754370433 0.00044028520364202729 0.0025779876191040522 0.0055996284524475774 -0.0044457712040321274 -0.00019380080283779315 -0.0035993040650070924 -0.017917263693978006 0.0021059865655829587 -0.00039890233790958218 0.012128723772475496 0.0079038121925951738 -0.013976249319886594 0.0027014583614033911 -0.0026337453613565513 0.01323657806990243 0.0010569240950982824 0.0032287752190359362 -0.0017390787323425924
leaf_weight=31660 672 1315 831 42852 511 1044 68773 373 507 4647 747 1519 10753 1107 1543 3716 5340 4190 353 1694 327 1374 186 125 1628 9498 566 66886 1863 6212
leaf_count=31660 672 1315 831 42852 511 1044 68773 373 507 4647 747 1519 10753 1107 1543 3716 5340 4190 353 1694 327 1374 186 125 1628 9498 566 66886 1863 6212
internal_value=3.07508e-05 -3.78606e-05 -0.000718594 -0.00152333 0.00257737 0.00496992 0.000234101 0.000768274 -0.00192059 -0.000180495 0.00141249 0.00104523 0.00156564 -0.00118529 0.0023835 -0.00276771 -0.000500825 -0.00237049 -0.00485124 0.00461595 0.0059674 0.00956945 -0.00344498 0 -0.00026527 -0.00182272 0.00102616 0.00122811 0.00577232 -0.000792099
internal_weight=272812 268745 77023 45363 2511 2000 191722 84088 7246 107634 17852 17105 15400 6873 2050 4823 89782 9883 4543 4067 3395 1701 1705 956 79899 11126 76842 69315 2429 7527
internal_count=272812 268745 77023 45363 2511 2000 191722 84088 7246 107634 17852 17105 15400 6873 2050 4823 89782 9883 4543 4067 3395 1701 1705 956 79899 11126 76842 69315 2429 7527
is_linear=0
shrinkage=0.03


Tree=15
num_leaves=31
num_cat=0
split_feature=16 26 33 37 10 50 13 112 30 15 6 47 22 5 64 60 53 38 35 18 30 73 10 132 67 56 16 22 10 118
split_gain=77.5956 56.5863 62.4243 54.347 54.2987 108.366 71.8217 59.7448 67.7468 52.6363 52.929 71.2423 50.4791 49.2476 47.8425 47.1758 50.4785 44.0238 42.8103 41.6278 36.9473 36.7798 49.5979 34.2726 33.8005 33.4705 47.7758 36.149 33.3038 31.1121
threshold=1.2394970059394839 0.021769763901829723 0.26178121566772466 0.73129728436470043 1.0198371410369875 0.9016949236392976 0.96516340970993053 -0.02597840782254934 0.010847685858607294 1.1242603659629824 0.14516140520572665 1.2073624730110171 1.0944202542304995 0.03132260590791703 0.4083333313465119 0.91337412595748912 0.98665666580200206 -0.018661867827177044 0.70518198609352123 1.0287619233131411 -0.01239182101562619 0.30000000447034841 1.0226897597312929 1.5133783817291262 0.68377193808555614 1.0996676683425906 1.0686113238334658 1.115747928619385 1.0311891436576845 0.63157925009727489
decision_type=10 10 8 10 10 10 8 2 10 10 10 10 10 10 10 10 10 10 10 10 10 8 10 10 10 10 8 10 10 10
left_child=1 14 3 19 6 7 12 8 -6 10 11 -5 17 24 21 16 -8 -4 -9 25 -2 -1 -23 -17 -7 26 -3 -27 -16 -12
right_child=20 2 4 9 5 13 15 18 -10 -11 29 -13 -14 -15 28 23 -18 -19 -20 -21 -22 22 -24 -25 -26 27 -28 -29 -30 -31
leaf_value=0.00062899193024546158 0.0099435878735737969 -0.001432446915760457 -0.015144045629716935 0.0008186503814511816 0.011369682546572722 -0.00049291235044025545 0.013963389677389597 -0.0010763819929219471 -0.011114694210489027 -0.007094136192551199 -0.001797617409169902 0.0083959656130815283 0.0049495712291951731 0.011951800232032701 0.0012630716933567264 -0.0003557828855930259 0.0021539049939345921 -0.001879760763929891 0.0057743741244501486 -0.012292939347552332 0.0023879924315825573 -0.00072209382557314754 -0.0064711842845984312 0.0011026391153088318 0.0031769117438529408 0.0024147973046734963 -0.0042927003770665906 -0.0040555252360008169 -0.0090657758645956276 0.0027799935217234311
leaf_weight=20715 895 27252 215 3987 1638 15520 370 1399 101 775 5974 1596 930 298 49150 61436 2843 22443 1760 327 2109 15643 1486 18956 2621 3164 6733 988 256 1664
leaf_count=20715 895 27252 215 3987 1638 15520 370 1399 101 775 5974 1596 930 298 49150 61436 2843 22443 1760 327 2109 15643 1486 18956 2621 3164 6733 988 256 1664
internal_value=9.31319e-06 -4.30602e-05 -0.000343844 -0.00121769 5.18812e-06 0.00131815 -0.000278052 0.00527797 0.00978173 0.000364938 0.000834892 0.00306054 -0.00174017 0.000245465 0.000584273 0.000131193 0.00368461 -0.0020321 0.00265838 -0.00180125 0.00478916 -0.000211642 -0.00124531 -7.97534e-06 2.36973e-05 -0.00169703 -0.00201012 0.000791166 0.00119984 -0.000756517
internal_weight=273244 270240 182990 52460 130530 23337 107193 4898 1739 13996 13221 5583 23588 18439 87250 83605 3213 22658 3159 38464 3004 37844 17129 80392 18141 38137 33985 4152 49406 7638
internal_count=273244 270240 182990 52460 130530 23337 107193 4898 1739 13996 13221 5583 23588 18439 87250 83605 3213 22658 3159 38464 3004 37844 17129 80392 18141 38137 33985 4152 49406 7638
is_linear=0
shrinkage=0.03


Tree=16
num_leaves=31
num_cat=0
split_feature=16 29 57 40 41 41 10 50 115 21 0 35 137 33 78 62 71 38 44 57 116 48 121 13 31 52 118 119 87 31
split_gain=79.6602 51.2049 65.4167 70.347 88.6455 58.5562 59.5373 54.6 53.9948 76.2876 52.724 50.6565 49.7287 47.7258 46.9615 46.2133 45.9277 45.13 41.0798 47.0511 40.7648 43.7367 39.1831 37.7403 48.782 36.7851 34.0062 33.1973 52.3431 34.1857
threshold=1.2394970059394839 -0.0015410915948450563 1.1707749962806704 -0.029080298729240891 -0.036639105528593056 -0.031231142580509182 1.014721751213074 0.95312497019767772 0.74207225441932689 0.91446775197982799 0.029829532839357856 0.88981676101684581 0.43986153602600103 0.97387737035751354 0.70000001788139354 1.0852662920951845 0.54929596185684215 -0.015660735778510567 1.0659341216087344 1.0732226371765139 0.35682819783687597 0.99684879183769237 0.72268915176391613 1.1147735714912417 -0.00063422083621844638 0.99682542681694042 0.62886604666709911 0.41549296677112585 -0.10833333432674407 0.0014634807012043896
decision_type=10 8 10 10 10 10 10 10 10 10 10 10 10 10 10 10 10 8 10 10 10 10 10 8 10 10 10 10 2 8
left_child=1 5 3 16 7 14 12 -5 9 -6 -10 25 -7 15 18 -2 17 26 -1 -20 21 -4 23 -16 -25 -8 -3 29 -29 -18
right_child=13 2 20 4 8 6 11 -9 10 -11 -12 -13 -14 -15 22 -17 27 -19 19 -21 -22 -23 -24 24 -26 -27 -28 28 -30 -31
leaf_value=0.001704835047790422 0.00041705763451920457 -0.021195520171472297 0.0098448820340908683 -0.013509176217699537 0.0041901836752549319 -0.0013260152415664574 -0.0037271473055396362 -0.00024484291138759294 -0.0011058242777719691 0.00014469466980355879 -0.0076245817561420336 0.0029404027072595039 0.00035318600488396581 -0.012616664785451776 0.0011978914785760707 0.0084976163051736792 0.017283308367419519 0.0012434185145672573 -0.0077902147151632274 0 0.001807193118478771 -0.0074425668416237874 0.007635366615069113 0.0011432064825913787 -0.010592244282213505 0.00029909638229178883 -0.00023262953098096391 0 0.0091730112674347965 0.00055300642553345947
leaf_weight=1460 1092 134 1271 678 4322 34437 12731 546 10183 133574 1269 1297 29012 107 21656 1851 100 1713 1572 1291 3196 112 802 619 555 2267 184 737 2120 2045
leaf_count=1460 1092 134 1271 678 4322 34437 12731 546 10183 133574 1269 1297 29012 107 21656 1851 100 1713 1572 1291 3196 112 802 619 555 2267 184 737 2120 2045
internal_value=1.66358e-06 -5.18942e-05 0.000283606 0.00017867 3.94797e-05 -0.000559868 -0.000975442 -0.00793246 0.000107877 0.000274255 -0.00186635 -0.00259689 -0.000553606 0.00480798 0.000614715 0.00562363 0.00310754 -0.00056398 -0.00223004 -0.00433862 0.00381371 0.00814492 0.00114924 0.000901771 -0.00423788 -0.003099 -0.0106851 0.00465436 0.00679814 0.001624
internal_weight=272933 269883 162184 157605 150572 107699 79744 1224 149348 137896 11452 16295 63449 3050 27955 2943 7033 2031 4323 2863 4579 1383 23632 22830 1174 14998 318 5002 2857 2145
internal_count=272933 269883 162184 157605 150572 107699 79744 1224 149348 137896 11452 16295 63449 3050 27955 2943 7033 2031 4323 2863 4579 1383 23632 22830 1174 14998 318 5002 2857 2145
is_linear=0
shrinkage=0.03


Tree=17
num_leaves=31
num_cat=0
split_feature=16 26 38 58 24 49 43 28 117 11 133 36 37 34 38 52 140 36 119 61 124 58 26 163 24 2 17 40 76 16
split_gain=79.1653 49.4704 61.177 52.2591 61.2579 56.6623 61.3691 70.833 59.0036 46.8883 49.6137 39.7899 50.5539 38.4075 36.8105 44.5851 37.1199 37.4523 51.6307 45.0106 36.7965 35.8262 34.2421 64.3073 44.8278 70.1585 42.7383 33.6949 32.357 32.3027
threshold=1.2206377983093264 0.019933737814426426 -0.00081632685032673169 0.90896162390708934 0.038074484094977386 0.8330044448375703 1.0112085342407229 0.0088282623328268545 0.57952067255973827 0.97153580188751232 0.30072842538356787 0.91066980361938488 0.48491922020912176 0.87956127524375927 -0.0022325438912957902 0.97945204377174389 0.76384052634239208 0.80461445450782787 0.68585437536239635 1.060475289821625 -0.70212748646736134 0.97826853394508373 0.069893267005682005 -0.0014446977875195441 0.027259551919996742 -0.90909138321876515 1.2859484553337099 0.029377172701060775 0.25000000745058065 0.82715803384780895
decision_type=10 10 10 10 10 10 10 10 10 10 10 10 10 10 10 10 10 10 10 10 10 8 10 8 10 10 10 10 2 8
left_child=1 21 9 4 -4 6 8 -8 -5 10 -3 27 -13 14 16 -16 -2 -18 -19 -20 -15 -1 24 28 26 -26 -11 -7 -24 -25
right_child=13 2 3 5 -6 11 7 -9 -10 22 -12 12 -14 20 15 -17 17 18 19 -21 -22 -23 23 29 25 -27 -28 -29 -30 -31
leaf_value=0.0026224912987297031 -0.0047287918218459467 0.0089513717991640384 0.0084884582434315223 0.021341450965329089 -0.013584427867664924 -0.00068017101082125115 0.008353751597615245 -0.016937611549651836 0 0.00046874047634646145 -0.0011144886539642498 -0.0018205833422082632 0.005393762649135634 0.0022102810204152625 0.002484515095240438 -0.0085916413606567429 0.0029235199853300427 0.022088728783941216 -0.0085455356932167582 0.011587007340030186 0.019144246613817615 0.00040272391065406774 0.004276312786994421 0.00083482633105082672 -0.007814200658537657 -0.00071921630244803163 -0.0087680779840382111 -0.0023213607310093526 -0.0039115148711335807 0.008807878377326387
leaf_weight=7369 213 1106 110 306 533 87525 213 149 164 67751 638 1426 2036 274 1272 416 888 299 124 254 276 63844 607 788 1354 16770 431 13172 1291 1495
leaf_count=7369 213 1106 110 306 533 87525 213 149 164 67751 638 1426 2036 274 1272 416 888 299 124 254 276 63844 607 788 1354 16770 431 13172 1291 1495
internal_value=2.21098e-05 -3.93366e-05 -0.00028442 -0.000778015 -0.00921371 -0.00072175 0.0069486 -0.00161265 0.0139515 0.000277698 0.00512807 -0.000787222 0.00234262 0.00419323 0.00287073 -0.000138151 0.00586392 0.00753637 0.012899 0.00413136 0.0116079 0.000637305 0.000179787 0.00282593 4.74973e-05 -0.00127383 0.000403399 -0.000898249 -0.00111926 0.00621731
internal_weight=273094 269078 197865 105634 643 104991 832 362 470 92231 1744 104159 3462 4016 3466 1688 1778 1565 677 378 550 71213 90487 4181 86306 18124 68182 100697 1898 2283
internal_count=273094 269078 197865 105634 643 104991 832 362 470 92231 1744 104159 3462 4016 3466 1688 1778 1565 677 378 550 71213 90487 4181 86306 18124 68182 100697 1898 2283
is_linear=0
shrinkage=0.03


Tree=18
num_leaves=31
num_cat=0
split_feature=22 86 1 122 55 49 36 85 13 26 1 126 138 110 34 70 25 14 51 48 52 19 32 77 120 6 83 5 79 113
split_gain=60.4802 59.651 79.4532 51.1495 47.0135 99.1562 65.0006 67.2357 59.0878 49.6208 46.3133 104.321 49.9049 54.7724 44.6915 44.073 40.4098 37.7918 47.8691 38.7302 37.2277 39.8609 35.8484 35.8213 41.3636 40.3415 31.0809 30.8413 30.6894 30.6323
threshold=1.1661723852157595 -0.81666666269302357 0.017797594889998439 0.65629231929779064 0.93731585144996654 0.8330044448375703 0.80770382285118114 0.82500001788139354 0.93308374285697948 0.047095300629735 0.064701750874519362 -0.29957355558872217 0.64176785945892345 -0.35147058963775629 0.93883177638053905 0.76250010728836071 0.012543265242129566 0.88698756694793712 0.72945910692214977 0.98122841119766246 0.95887669920921337 0.95633137226104747 0.00044537903158925479 0.17500000447034839 0.7078249752521516 0.3333354145288468 0.70000001788139354 0.010649626143276693 0.15000000223517421 0.91666629910469066
decision_type=10 2 10 10 8 8 8 2 8 10 10 10 10 2 10 10 10 8 10 10 10 10 10 2 10 10 10 10 2 10
left_child=1 2 -1 20 6 8 7 9 15 26 12 -12 13 -2 23 -6 -7 18 -18 -19 21 -4 -9 24 -14 -25 -3 28 -10 -11
right_child=10 4 3 -5 5 16 -8 22 27 29 11 -13 14 -15 -16 -17 17 19 -20 -21 -22 -23 -24 25 -26 -27 -28 -29 -30 -31
leaf_value=0.000541494523437117 -0.011551728682268999 0.013140372849634136 -0.011535693669705938 0.0033305815810307912 0.0040686092109344625 0.0010992685519860715 0.0035131795945752748 -0.027476242343662305 -0.0088725054568744126 -0.015288667278131472 0.016535962705037981 -0.0012228364083104466 0.0043161929440770743 0.0018220673336459599 0.020042686852417429 0.022727110056584933 -0.0074645020743668118 -0.00045171052904719816 0.0056358040203029463 0.00038277726012535702 -0.0041990959389431723 -3.8464059682495914e-05 -0.0082083177450725693 0.0090749110663419039 -0.0050443230706754558 -0.0014081920574072161 -0.0011728488630584214 0.010984960153947777 0.0050521271315846434 0
leaf_weight=11449 455 173 274 1107 254 33247 633 180 260 300 631 490 818 574 127 324 253 110019 1901 91599 10261 4276 322 1066 833 402 356 227 249 235
leaf_count=11449 455 173 274 1107 254 33247 633 180 260 300 631 490 818 574 127 324 253 110019 1901 91599 10261 4276 322 1066 833 402 356 227 249 235
internal_value=4.75791e-05 -1.47581e-05 -0.00134238 -0.00271515 0.000135146 0.000176808 -0.00420597 -0.00752028 0.00833653 -0.00279028 0.00318649 0.00862512 0.00165699 -0.00391302 0.00352772 0.0154397 0.000129607 -2.72216e-05 0.00390459 -7.10982e-05 -0.00319113 -0.000843925 -0.0164799 0.00263627 -0.000230902 0.00602224 0.00326976 0.00210054 -0.00156007 -0.0092248
internal_weight=273295 267899 27367 15918 240532 238333 2199 1566 1314 1064 5396 1121 4275 1029 3246 578 237019 203772 2154 201618 14811 4550 502 3119 1651 1468 529 736 509 535
internal_count=273295 267899 27367 15918 240532 238333 2199 1566 1314 1064 5396 1121 4275 1029 3246 578 237019 203772 2154 201618 14811 4550 502 3119 1651 1468 529 736 509 535
is_linear=0
shrinkage=0.03


Tree=19
num_leaves=31
num_cat=0
split_feature=16 26 86 3 55 14 138 33 49 53 19 0 119 113 113 45 25 33 41 4 29 17 98 80 122 85 113 17 86 82
split_gain=64.7584 51.6595 46.679 85.6175 62.1426 62.0414 87.183 64.6828 51.8651 71.3207 51.9442 50.1591 47.0793 39.4396 38.7069 70.9106 45.3527 40.51 38.0309 35.8749 33.7433 32.1178 32.7436 31.7281 38.6108 31.324 23.4084 22.6754 22.3274 22.0956
threshold=1.2394970059394839 0.019809450022876266 0.81666666269302379 0.01792514976114035 0.93731585144996654 0.88698756694793712 0.63523888587951671 0.83006685972213756 0.8330044448375703 0.98387983441352855 0.95633137226104747 0.025147275999188427 0.23369562625885013 0.58974376320838939 0.58974376320838939 1.0383422970771792 0.035754250362515456 0.35591119527816778 -0.012987495865672825 0.375000610947609 -0.015768441371619698 1.150704085826874 1.0000000180025095e-35 0.52500000596046459 0.31067313253879553 0.87500000000000011 0.98000028729438793 1.0457078814506533 0.65000000596046459 0.25833334028720861
decision_type=10 10 2 10 8 8 10 10 8 10 10 10 10 8 10 10 10 10 10 10 10 8 2 2 10 2 10 10 2 2
left_child=1 13 4 14 25 6 12 -8 9 -7 -10 23 -6 -1 16 18 27 -18 -16 -17 21 -2 -23 24 -5 28 -27 -4 -3 -15
right_child=20 2 3 11 5 8 7 -9 10 -11 -12 -13 -14 29 15 19 17 -19 -20 -21 -22 22 -24 -25 -26 26 -28 -29 -30 -31
leaf_value=7.067753345941049e-05 -0.0025346162488425017 -0.006451108578765229 0.0016861747900968941 0 0 -0.0060622022960538828 0.011564284552163033 -0.001947772507786007 -0.0034943408328047079 0.013884786844899367 -0.00041181866289397039 -0.0083319743040204033 -0.023529031137920549 0.00064591340299996155 -0.007246120613668779 -0.0053534524082035524 0.0016701937166178494 0.01212292683242706 0.00065801343541755622 -0.02429022988515233 0.0020204158031394996 0 0.014513419118999192 -0.0024371161522557497 0.015060918964726451 -0.022317979033400374 -0.0017526643860208638 -0.0061463445235690299 0.0055259314203940446 0.0024154167448417695
leaf_weight=43480 131 579 3070 161 200 199 1154 382 5077 484 174229 105 102 13278 557 553 746 739 10072 117 2111 160 627 102 838 185 116 343 140 13326
leaf_count=43480 131 579 3070 161 200 199 1154 382 5077 484 174229 105 102 13278 557 553 746 739 10072 117 2111 160 627 102 838 185 116 343 140 13326
internal_value=-1.45959e-05 -6.47204e-05 -0.000311067 0.00116794 -0.000453588 -0.000409975 0.00503046 0.00802922 -0.000467751 0.00763913 -0.000501152 0.00882933 -0.00884119 0.000634771 0.000568798 -0.000374205 0.00279785 0.00716324 0.000202804 -0.00970332 0.00433163 0.00917018 0.0115048 0.010853 0.0125256 -0.00778232 -0.0159301 0.000780413 -0.00362661 0.00154468
internal_weight=273363 270334 200250 17403 182847 181827 1838 1536 179989 683 179306 1206 302 70084 16197 11299 4898 1485 10629 670 3029 918 787 1101 999 1020 301 3413 719 26604
internal_count=273363 270334 200250 17403 182847 181827 1838 1536 179989 683 179306 1206 302 70084 16197 11299 4898 1485 10629 670 3029 918 787 1101 999 1020 301 3413 719 26604
is_linear=0
shrinkage=0.03


Tree=20
num_leaves=31
num_cat=0
split_feature=16 37 26 28 43 38 71 119 40 44 93 43 1 26 68 86 120 38 161 34 81 39 51 132 38 52 44 38 39 62
split_gain=65.8767 52.9568 54.7775 46.7148 52.1853 56.5931 62.6337 46.5438 43.7207 62.3022 46.1676 43.3033 47.778 41.5565 34.4463 34.1445 45.055 39.0063 32.4946 29.3992 28.5843 44.8486 43.1206 42.6406 36.8904 36.0741 28.3756 28.249 31.5371 32.8048
threshold=1.2394970059394839 0.73783451318740856 0.021769763901829723 -0.0039946618489921084 1.0803003907203677 -0.0015779093955643473 0.82999956607818615 0.2660548090934754 -0.056817302480339997 1.1304935812950136 0.28622621297836309 1.0063093304634096 0.014607954304665329 0.069893267005682005 0.22222118824720385 -0.81666666269302357 0.7078249752521516 -0.010318157728761433 0.03016284387558699 0.51552367210388195 0.050000002607703216 -0.0032287419307976957 0.81120333075523388 0.51243540644645702 0.018904543481767181 0.64576956629753124 1.0402107834815981 -0.0032786626834422346 -0.025741378776729103 1.0852662920951845
decision_type=10 10 8 8 10 10 10 10 10 10 8 10 10 10 10 2 10 10 10 10 2 10 10 10 8 10 10 10 10 10
left_child=1 2 11 7 5 13 -7 19 9 18 26 -1 -13 -5 -6 16 -9 -17 -3 -4 21 -12 23 -22 -24 -23 -10 -2 -29 -30
right_child=27 8 3 4 14 6 -8 15 10 -11 20 12 -14 -15 -16 17 -18 -19 -20 -21 22 25 24 -25 -26 -27 -28 28 29 -31
leaf_value=0.001713276464444017 0.0074159111460587786 0.015809029615545107 0 -0.00036264453200566448 0 -0.0023744062686402155 -8.2020968633930122e-05 -0.0034682159471957183 0.00073661205026668078 -0.0013712672455103269 0.0035171111215698057 0.00076136997693544998 -0.00099187699057715702 0.0041723111110760942 -0.016396354691125454 -0.0025951287381640134 0.00099988477760207012 0.0007641688599326473 0.00079450960049316994 0.016865314449371199 -0.0030783958038680154 -0.014918137706276452 0.0014526084922776533 0.010957741641303011 0.0094949671192769668 -0.0018451610352460685 -0.00097810799098744334 -0.0085874138819856637 -0.0020517987175256449 0.0069299241293299596
leaf_weight=16575 1445 515 159 38908 147 34493 15967 5053 17353 505 1398 30944 25479 1883 310 3387 3235 32908 232 223 202 200 19015 850 525 2389 17257 212 554 841
leaf_count=16575 1445 515 159 38908 147 34493 15967 5053 17353 505 1398 30944 25479 1883 310 3387 3235 32908 232 223 202 200 19015 850 525 2389 17257 212 554 841
internal_value=-1.76181e-05 -6.83886e-05 -0.000294938 -0.000650075 -0.00103876 -0.000983185 -0.00165529 0.0001361 0.00071239 0.00624067 0.000588317 0.000365869 -2.51016e-05 -0.000144008 -0.0109999 3.76951e-05 -0.00168989 0.000441166 0.0116793 0.0103013 0.0015828 -0.000683733 0.00203643 0.00797559 0.00169352 -0.00307665 -0.000109778 0.00434927 0.00135012 0.00317239
internal_weight=273164 270112 209671 136673 91708 91251 50460 44965 60441 1252 59189 72998 56423 40791 457 44583 8288 36295 747 382 24579 3987 20592 1052 19540 2589 34610 3052 1607 1395
internal_count=273164 270112 209671 136673 91708 91251 50460 44965 60441 1252 59189 72998 56423 40791 457 44583 8288 36295 747 382 24579 3987 20592 1052 19540 2589 34610 3052 1607 1395
is_linear=0
shrinkage=0.03


Tree=21
num_leaves=31
num_cat=0
split_feature=16 48 74 57 47 115 15 50 53 86 31 0 163 52 14 124 1 31 81 37 8 2 146 36 140 23 138 1 110 17
split_gain=65.5228 46.8327 44.968 87.4946 52.6138 58.2058 49.5334 44.6075 43.9825 60.4066 46.4815 41.5464 40.4229 41.665 39.908 38.0221 40.4275 38.8557 45.1666 37.7461 31.2766 46.8797 30.96 30.1295 66.4142 41.7976 30.0935 24.151 25.0004 22.9203
threshold=1.2206377983093264 0.85566958785057079 0.35000000894069677 1.1707749962806704 1.0944131016731264 0.74207225441932689 1.0799999833106997 0.86872366070747387 0.98301157355308544 0.68333333730697643 -0.0075392194557934991 0.029829532839357856 -0.026425025425851342 0.82980772852897655 0.87782910466194164 -0.70212748646736134 0.011872138828039171 -0.0025667016161605711 0.050000002607703216 0.92132508754730236 0.88235351443290722 -0.037271477282047265 0.50299453735351574 0.80461445450782787 0.82000133395195018 0.017193889245390895 0.56114438176155101 0.060804652050137527 -0.30384616553783411 1.2432197928428652
decision_type=10 8 2 10 8 10 8 10 10 2 10 10 8 10 8 10 8 8 2 10 10 10 10 10 10 10 8 10 2 10
left_child=1 8 15 4 5 7 14 -4 9 10 -1 -7 -10 -14 -6 29 -17 19 -19 -18 21 26 -8 -2 27 -26 -5 28 -25 -3
right_child=23 2 3 20 6 11 22 -9 12 -11 -12 -13 13 -15 -16 16 17 18 -20 -21 -22 -23 -24 24 25 -27 -28 -29 -30 -31
leaf_value=-0.0029107448647067631 0.0010405300281448194 0.0016882144774422801 0.0030241045916185724 -0.0019772389912344076 0.0065700312469930593 -0.00086276719852509671 0.0035799384792464493 0.00061788407550180974 -0.013762311666139533 0.0013407227708026768 -0.03035326105193235 -0.0072512312205515045 0.016306327280533661 -0.0033721501922578008 -0.0010777136445805355 0.00051588133629025968 -0.0020331002251942421 -0.0025000461572540931 -9.5101589967534403e-05 0.0048310289454181719 0.013097364269865892 -0.00020159890833619374 -0.0007544122914299393 -0.011198304940331062 -0.00093412415936937505 0.012052330787541952 0.007050341356206094 0.0085211853173390861 0.0014599831852860547 -0.0048732090911850975
leaf_weight=122 2073 9056 7662 318 593 9378 3788 81703 120 130 172 1024 150 170 43483 21176 27595 8337 46202 697 342 1754 2258 260 218 1211 2449 122 202 466
leaf_count=122 2073 9056 7662 318 593 9378 3788 81703 120 130 172 1024 150 170 43483 21176 27595 8337 46202 697 342 1754 2258 260 218 1211 2449 122 202 466
internal_value=1.0623e-05 -4.56514e-05 -2.18127e-05 0.000309669 0.000178811 0.000578712 -0.000611114 0.000828176 -0.0069405 -0.0136037 -0.0208317 -0.00153316 0 0.00538637 -0.000965084 -0.000476274 -0.000644393 -0.000944695 -0.000469009 -0.00185011 0.0042643 0.0034753 0.00191458 0.00377266 0.00640074 0.0098786 0.00589845 -0.00165795 -0.00521039 0.00132612
internal_weight=273231 269145 268281 154752 149889 99767 50122 89365 864 424 294 10402 440 320 44076 113529 104007 82831 54539 28292 4863 4521 6046 4086 2013 1429 2767 584 462 9522
internal_count=273231 269145 268281 154752 149889 99767 50122 89365 864 424 294 10402 440 320 44076 113529 104007 82831 54539 28292 4863 4521 6046 4086 2013 1429 2767 584 462 9522
is_linear=0
shrinkage=0.03


Tree=22
num_leaves=31
num_cat=0
split_feature=16 29 40 41 22 18 71 163 10 13 71 76 35 17 15 54 25 21 118 26 16 75 7 17 124 70 122 53 16 4
split_gain=55.105 42.8258 62.9732 76.2433 65.9988 60.955 49.3109 53.4987 43.7129 43.032 51.8979 44.4188 41.6606 56.3757 53.9759 51.3924 40.1855 39.1914 43.5425 35.9826 34.6744 32.9888 32.9525 37.5013 34.3345 32.7089 32.5446 29.6626 29.1556 38.8556
threshold=1.2206377983093264 -0.001253698661457747 -0.030343431979417797 -0.039029836654663079 1.0909807085990908 1.0224276185035708 0.26315782964229589 -0.012683516368269919 1.0174682140350344 0.98616924881935131 0.7499997913837434 0.18333333730697635 0.82754081487655651 1.0528634190559389 0.93389248847961437 1.0120442509651186 0.045714724808931358 0.95279362797737133 0.57000002264976513 0.059377742931246764 1.1081453561782839 0.57500001788139354 0.017274231649935249 1.3258052468299868 -0.45833313465118403 0.61333367228508007 0.55387821793556224 1.0790681242942812 0.89614051580429088 0.31192670762538915
decision_type=10 8 8 8 10 10 10 8 10 8 10 2 10 10 8 10 10 10 10 10 10 2 10 10 8 10 10 10 8 10
left_child=1 9 6 19 5 8 -3 -8 -5 10 11 -1 13 17 21 -16 20 18 -11 -4 -6 -15 23 -14 -24 -7 -12 -9 29 -13
right_child=-2 2 3 4 16 25 7 27 -10 12 26 28 22 14 15 -17 -18 -19 -20 -21 -22 -23 24 -25 -26 -27 -28 -29 -30 -31
leaf_value=-0.00075959561304309194 0.0034719696490612935 -0.0086287112754854286 -0.0030790310930764384 -2.9621551454533235e-05 0.0012956374400833206 -0.0057764117433531615 -0.005397755069081433 0.0056018531095297494 0.0015985883625484654 0.0013430338682130325 0.0011689554032848898 -0.02307976853015134 0.0018932312689031972 -0.0022527450884808784 0.0023554130107423829 -0.0019271159128295173 0 0.00016957919750899535 -0.011146508812521765 -0.016574998534127475 0.0084315787250024664 0.013043873188017524 -0.0088011632251021061 -0.0093886514226401378 0 0.0096373446461366259 0.017501464411338319 -0.0062707462693365771 -0.004638438785264847 0
leaf_weight=3450 4004 255 555 126130 1101 2092 437 4518 16752 367 968 172 12971 140 2644 34277 1617 50874 563 318 1803 348 540 243 1229 100 114 158 4018 104
leaf_count=3450 4004 255 555 126130 1101 2092 437 4518 16752 367 968 172 12971 140 2644 34277 1617 50874 563 318 1803 348 540 243 1229 100 114 158 4018 104
internal_value=-1.13545e-05 -6.46005e-05 0.000256558 0.000140348 0.000194456 8.08542e-05 0.00344568 0.00413759 0.000159373 -0.000510038 -0.0025242 -0.00340407 -0.000336096 -0.000584177 -0.00147158 -0.0016112 0.00375733 5.11713e-05 -0.00597754 -0.00859215 0.00585608 0.00814903 0.00111986 0.00164922 -0.00264087 -0.00485683 0.00344839 0.0051118 -0.00544585 -0.015079
internal_weight=272862 268858 155836 150468 149595 145074 5368 5113 142882 113022 8826 7744 104196 89213 37409 36921 4521 51804 930 873 2904 488 14983 13214 1769 2192 1082 4676 4294 276
internal_count=272862 268858 155836 150468 149595 145074 5368 5113 142882 113022 8826 7744 104196 89213 37409 36921 4521 51804 930 873 2904 488 14983 13214 1769 2192 1082 4676 4294 276
is_linear=0
shrinkage=0.03


Tree=23
num_leaves=31
num_cat=0
split_feature=42 6 26 1 27 11 138 121 115 67 102 35 54 86 113 58 40 13 80 121 7 30 25 1 11 60 112 52 53 11
split_gain=51.9234 63.8114 52.9705 49.2618 49.1852 46.5716 43.4176 49.8703 55.8639 43.2129 36.4803 45.0711 61.7792 40.8493 36.3733 35.9626 35.5172 40.1857 41.315 38.7776 33.3659 45.9913 33.479 33.0431 32.8048 33.7234 31.7788 39.2882 40.2983 37.4072
threshold=-0.077859010547399507 0.15384439378976825 0.021769763901829723 0.036224953830242164 0.073694020509719863 0.99746194481849682 0.8495805859565736 0.23642712086439135 0.66666671633720409 0.41742423176765447 0.54316771030426036 0.54862952232360851 0.96824496984481823 -0.81666666269302357 0.063492473214864745 0.97752636671066295 -0.029080298729240891 1.057810962200165 0.12500000372529033 0.63716807961463939 0.023904317989945415 0.0081479530781507509 0.018882811069488529 0.053465308621525771 0.97633138298988353 1.0233066678047182 0.1651515141129494 0.9804782271385194 1.0477913618087771 0.99127903580665599
decision_type=8 10 8 10 10 10 10 10 10 10 2 8 8 2 8 10 10 10 2 10 10 10 10 10 10 10 2 10 10 10
left_child=1 23 3 15 5 10 16 -8 9 -9 11 13 -13 -4 -7 -2 17 18 -6 -19 22 -22 -18 -1 -5 -26 27 29 -29 -3
right_child=2 26 4 24 6 14 7 8 -10 -11 -12 12 -14 -15 -16 -17 20 19 -20 -21 21 -23 -24 -25 25 -27 -28 28 -30 -31
leaf_value=-0.0017311517763398951 0.0025354711650044117 0.0085448596233298896 -0.0043933613766355016 -0.00050956928390388562 0.010440170995391502 -0.0027998061407827047 -0.0084685559654462846 0.0028520756557830888 0.0070889887869706372 -0.00076291310590590182 0.00038216909370551152 -0.0078470464477508033 -0.00025207804028949947 -0.0013926014266288707 0.00099841057335719736 0.00045656678225999001 0.0057786504913476351 -0.0066676235802452816 0 0.0055480377142868272 0.0035433471947155849 -0.0072235873122325663 -0.0024241157673739991 0.0044021283571079916 -0.011784814958250085 0.00085374313231240204 -0.0005940352776159023 0.0060575033428910945 -0.0042292371460185794 0.0014447424100277352
leaf_weight=3894 8406 2685 4588 1203 812 2476 373 7691 1864 4658 18910 967 50595 47379 22238 75831 434 574 635 347 2254 391 8560 959 646 203 961 621 704 1044
leaf_count=3894 8406 2685 4588 1203 812 2476 373 7691 1864 4658 18910 967 50595 47379 22238 75831 434 574 635 347 2254 391 8560 959 646 203 961 621 704 1044
internal_value=2.87552e-05 0.00205944 -5.4474e-05 0.000552821 -0.000354384 -0.000576789 0.000779335 0.00192736 0.00223278 0.00146523 -0.000817596 -0.00103967 -0.000403318 -0.00166489 0.000603797 0.000668134 -0.000395797 0.00290406 0.00603908 -0.00172629 -0.00109673 0.00179688 -0.00198307 -0.000444499 -0.00399687 -0.00846755 0.00412414 0.00507922 0.00038728 0.00665539
internal_weight=272903 10868 262035 86289 175746 147153 28593 14586 14213 12349 122439 103529 51562 51967 24714 84237 14007 2368 1447 921 11639 2645 8994 4853 2052 849 6015 5054 1325 3729
internal_count=272903 10868 262035 86289 175746 147153 28593 14586 14213 12349 122439 103529 51562 51967 24714 84237 14007 2368 1447 921 11639 2645 8994 4853 2052 849 6015 5054 1325 3729
is_linear=0
shrinkage=0.03


Tree=24
num_leaves=31
num_cat=0
split_feature=32 138 20 14 33 1 53 86 29 53 35 39 32 113 138 137 38 0 28 39 118 95 117 24 124 18 11 140 75 53
split_gain=58.1349 59.5815 48.2773 60.8989 53.3436 73.4814 54.9536 50.1262 65.1386 59.9585 59.9522 54.5088 49.9142 66.7061 56.4858 47.3288 57.3313 42.5736 48.7333 78.5634 39.0743 38.6016 37.0127 36.7174 40.6064 36.659 36.083 33.0762 32.8669 34.119
threshold=-0.0049950752872973672 0.51958855986595165 0.89574658870697033 0.89384698867797863 0.37253709137439733 0.014285720419138672 1.0359762310981753 0.68333333730697643 0.0054675566498190173 1.0400000214576723 0.79578191041946422 -0.015393926296383141 0.0054468777962028989 0.70370283722877514 0.67646577954292308 0.98083889484405529 -0.022880334407091137 0.032444704324007041 0.010613398160785438 0.008590007200837137 0.59420290589332592 0.10016040503978731 0.44665513932704931 0.039420317858457572 0.61290287971496593 0.97806948423385631 0.97092422842979442 1.2322557568550112 0.97499999403953563 0.97813132405281078
decision_type=10 8 10 8 10 10 10 2 10 10 10 10 10 10 10 8 10 10 10 10 10 10 10 10 10 10 8 10 2 10
left_child=1 26 17 12 5 -5 25 8 10 22 -6 -10 13 14 -4 16 -3 18 -2 -20 -11 -16 -9 -19 -25 -7 -1 -8 29 -18
right_child=2 15 3 4 7 6 27 9 11 20 -12 -13 -14 -15 21 -17 28 23 19 -21 -22 -23 -24 24 -26 -27 -28 -29 -30 -31
leaf_value=0.0044059822721997412 0.009097327444994566 0.019002555963622846 0 0.00052263455865019241 -4.7550630197076405e-05 0.0024478299872466862 -0.0077447561897554694 -0.0041068935784053986 0.0027019316622302518 0.021560755273087259 0.0019266700098937942 -0.0028100958839919394 -0.008501428869595774 0.0024511907684196749 0.0015287632503035201 0.00022981832008943292 -0.005715777557324238 0.0002861190221137217 -0.012276138319094715 0.0030667539695371881 0.0050909527423670577 0.024266317452365811 0.0013292002235870569 -0.02591996647516823 -0.0067936294456620687 -0.0012247015125798374 -0.0084430935187810446 0.00060545479195198138 -0.0050279747445172475 0.0053272782769070671
leaf_weight=226 286 239 212 30845 108618 2478 1774 1147 1813 143 15805 11286 219 1999 122 3409 225 166 550 574 1577 342 21441 177 382 61125 674 472 289 4426
leaf_count=226 286 239 212 30845 108618 2478 1774 1147 1813 143 15805 11286 219 1999 122 3409 225 166 550 574 1577 342 21441 177 382 61125 674 472 289 4426
internal_value=-2.45718e-05 0.00227862 -0.000108792 -7.07576e-05 -0.000120488 -0.000678648 -0.0012459 0.000211204 -8.68503e-06 0.00146654 0.000201086 -0.00202137 0.0042391 0.00544883 0.0135569 0.00307165 0.00487646 -0.00458284 -0.00125312 -0.00426202 0.00686474 0.019218 0.0010365 -0.0104484 -0.014054 -0.00107618 -0.00486482 -0.0058677 0.00405868 0.00470664
internal_weight=273041 9488 263553 261418 258524 96694 65849 161830 137522 24308 124423 13099 2894 2675 676 8588 5179 2135 1410 1124 1720 464 22588 725 559 63603 900 2246 4940 4651
internal_count=273041 9488 263553 261418 258524 96694 65849 161830 137522 24308 124423 13099 2894 2675 676 8588 5179 2135 1410 1124 1720 464 22588 725 559 63603 900 2246 4940 4651
is_linear=0
shrinkage=0.03


Tree=25
num_leaves=31
num_cat=0
split_feature=29 31 39 27 83 86 15 33 56 7 38 100 10 116 41 117 42 4 52 60 1 28 97 27 135 37 16 27 78 77
split_gain=57.2088 63.5658 42.8264 56.2922 40.7382 45.9588 39.7002 49.1874 44.3797 37.213 50.4315 48.9223 44.3692 59.6311 67.2597 42.3476 41.4432 41.8599 53.0605 38.0652 43.8191 42.1669 33.723 33.5655 30.0967 29.1284 28.4874 28.4777 21.011 35.2569
threshold=-0.015768441371619698 -0.0011450656456872819 0.019195813685655597 0.023991339839994911 -0.50000001490116108 -0.88333332538604725 1.1475881934165957 0.35019074380397802 0.98835965991020214 -0.057653678581118577 -0.015660735778510567 0.64852941036224376 1.0178599357604983 0.64364954829216015 0.039295865222811706 0.64845934510231029 -0.091821700334548936 0.42857025563716894 0.97894737124443065 1.0011197924613955 0.02173912059515715 -0.0090477885678410513 0.27847819030284887 0.061118494719266898 0.76582065224647533 0.85420349240303051 1.1205273270606997 0.075317058712244048 0.30000000447034841 0.74166667461395275
decision_type=8 10 10 10 10 2 10 10 10 8 8 2 10 10 10 10 8 10 10 10 10 10 10 8 10 10 10 10 10 2
left_child=1 24 9 28 -5 25 8 -8 -7 11 12 23 26 14 -14 -15 17 18 -12 21 -21 -18 -3 -2 -1 -6 -11 -19 -4 -30
right_child=2 22 3 4 5 6 7 -9 -10 10 16 -13 13 15 -16 -17 19 27 -20 20 -22 -23 -24 -25 -26 -27 -28 -29 29 -31
leaf_value=0.0076480113058956462 0 0 0 -0.0055513470383099809 0.00091129737455001507 0.00039802258068961547 -0.0024240014326783852 0.01218574115869832 -0.0028829089752205484 -0.011381603513168369 0.0077911962908504846 -0.0089102137729312973 -0.0039800068785308257 0.011068972599266895 0.0096165370055190883 -0.0019535681843433688 0.0025464977401061274 0.0034292427810869827 -0.0010713244019864003 6.3265725826553508e-05 -0.0015009953263066755 0.00025709013889451109 -0.016259606412694423 0.014465413655837972 0 0.011191809690951441 0.0022172813002048607 -0.0076647116146895183 0.0034577331363355329 0.019719778394683654
leaf_weight=2118 213 499 362 2141 907 5179 350 394 11819 706 1959 118 4192 505 325 325 7614 327 791 47146 24205 158190 138 448 534 370 121 432 531 173
leaf_count=2118 213 499 362 2141 907 5179 350 394 11819 706 1959 118 4192 505 325 325 7614 327 791 47146 24205 158190 138 448 534 370 121 432 531 173
internal_value=5.03604e-05 0.00397105 1.17045e-06 -0.00125857 -0.00161002 -0.00114522 -0.00155463 0.00503667 -0.00186634 0.000115548 9.33846e-05 0.00658489 -0.00257657 -0.00149224 -0.00289753 0.00569086 0.000163335 0.00339343 0.00514438 0.000113994 -0.00046346 0.000364327 -0.00416927 0.009972 0.00605517 0.00424794 -0.00903236 -0.00253466 0.00534263 0.00830266
internal_weight=273132 3289 269843 22226 21160 19019 17742 744 16998 247617 246838 779 6174 5347 4517 830 240664 3509 2750 237155 71351 165804 637 661 2652 1277 827 759 1066 704
internal_count=273132 3289 269843 22226 21160 19019 17742 744 16998 247617 246838 779 6174 5347 4517 830 240664 3509 2750 237155 71351 165804 637 661 2652 1277 827 759 1066 704
is_linear=0
shrinkage=0.03


Tree=26
num_leaves=31
num_cat=0
split_feature=27 86 46 13 38 138 38 19 33 108 1 13 40 43 36 55 37 69 69 37 41 82 93 38 84 26 84 30 11 33
split_gain=61.3715 69.5398 59.6132 55.8325 52.8978 47.571 68.9226 49.6616 46.1637 44.0229 42.5378 41.057 40.8577 41.1872 38.1522 55.6026 58.0333 50.2467 57.2996 44.3993 37.0651 36.8731 36.8237 35.8234 34.417 45.6014 48.6751 34.3639 34.1105 34.0551
threshold=0.092328459024429335 -0.58333334326744068 1.0748502612113955 0.96219399571418773 0.00011532206190167928 0.94287604093551647 -0.0096560725942254049 1.0408704876899721 0.92703846096992504 0.36666667461395269 0.047568742185831077 1.1147735714912417 -0.028458484448492524 1.0332779288291933 0.80770382285118114 1.0031332373619082 0.81358593702316295 0.64705970883369457 0.84248334169387828 0.8877430558204652 0.027763963676989082 0.075000002980232253 -0.16427050530910489 0.0089696836657822149 0.75000000000000011 0.021892795339226726 0.65000000596046459 -0.0051135527901351443 0.9766925871372224 0.37253709137439733
decision_type=8 2 10 8 10 8 10 10 10 2 10 10 10 10 10 10 10 10 10 10 10 2 10 10 2 10 2 10 10 10
left_child=2 8 12 -4 5 6 20 -7 -2 11 -10 21 -1 24 -3 16 17 -16 -19 -18 -5 -6 -17 -11 25 -14 -27 -13 -8 -15
right_child=1 14 3 4 9 7 28 -9 10 23 -12 27 13 29 15 22 19 18 -20 -21 -22 -23 -24 -25 -26 26 -28 -29 -30 -31
leaf_value=0.0023484689105025252 0.0058168603266884212 -0.00038617110256290369 -0.0041958556736982214 -0.0041515920833854608 0.0016199794392184024 0.00061528609176865468 0.0071852409995393825 0.0048287185728598204 -0.0087719805654725546 -0.0033498858575669076 0.0073331056174678368 -0.0016877132153716476 0.00064133290476162466 -0.0031024406816935915 -0.0050295036911529346 0.0020204051149388153 -0.013999103205749671 0.0301215207330148 0.0018238953774469711 2.8444411844700342e-05 0.006393225284325026 -0.0012517868580831366 0.016402068220619175 -0.013423053537873993 0.0013600241440903003 -0.00020462837689237426 -0.0029964531380924351 -0.019150235804686829 -4.1750340219115912e-05 -0.00027361965126412874
leaf_weight=7939 4418 8780 3935 5283 4426 12696 580 3201 386 2245 197 291 62219 5793 117 349 266 122 169 559 279 36055 414 397 23645 43463 6494 189 25960 12054
leaf_count=7939 4418 8780 3935 5283 4426 12696 580 3201 386 2245 197 291 62219 5793 117 349 266 122 169 559 279 36055 414 397 23645 43463 6494 189 25960 12054
internal_value=1.07377e-05 0.00182671 -9.96473e-05 -0.000694487 -0.00053992 0.000141599 -0.00051609 0.00148755 0.00474907 -0.00129675 -0.00276972 -0.00104397 0.00025019 0.000139542 0.0004364 0.00417147 0 0.00918909 0.0158263 -0.00436364 -0.00354789 -0.000929749 0.0104266 -0.0050657 0.000319374 9.7144e-05 -0.000574599 -0.00965456 0.000110183 -0.00121107
internal_weight=272921 15777 257144 95537 91602 47999 32102 15897 5001 43603 583 40961 161607 153668 10776 1996 1233 408 291 825 5562 40481 763 2642 135821 112176 49957 480 26540 17847
internal_count=272921 15777 257144 95537 91602 47999 32102 15897 5001 43603 583 40961 161607 153668 10776 1996 1233 408 291 825 5562 40481 763 2642 135821 112176 49957 480 26540 17847
is_linear=0
shrinkage=0.03


end of trees

feature_importances:
ROC30=28
RESI5=27
RSQR5=24
IMXD30=22
KLEN=21
STD30=19
RSQR30=19
QTLU5=16
STD20=15
RESI20=15
RESI10=14
STD60=13
RSQR20=13
HIGH0=12
ROC5=12
ROC60=12
RSQR10=12
RSQR60=12
MIN10=12
WVMA20=12
MA5=11
BETA20=10
BETA30=10
RESI60=10
MIN60=10
WVMA5=10
LOW0=9
ROC10=9
ROC20=9
BETA10=9
RESI30=9
MIN30=9
IMAX60=9
KLOW2=8
STD5=8
STD10=8
BETA60=8
MIN5=8
MIN20=8
IMIN30=8
SUMP5=8
SUMP20=8
SUMN20=8
KMID=7
MAX5=7
MAX30=7
QTLU20=7
IMIN5=7
KUP=6
KUP2=6
MA60=6
QTLD20=6
RSV30=6
SUMN30=6
KLOW=5
VWAP0=5
MA30=5
BETA5=5
MAX10=5
MAX60=5
QTLU60=5
QTLD5=5
IMXD5=5
IMXD10=5
SUMP60=5
SUMN10=5
KSFT=4
KSFT2=4
MA10=4
MAX20=4
RSV10=4
IMAX20=4
IMAX30=4
IMIN10=4
IMIN20=4
IMXD20=4
CNTD20=4
SUMN5=4
SUMN60=4
SUMD10=4
VSTD60=4
KMID2=3
QTLU10=3
QTLU30=3
QTLD10=3
QTLD60=3
RSV20=3
IMAX5=3
CNTP60=3
CNTD60=3
SUMD20=3
ORC_TREND_VOLUME_DIVERGENCE_10_20=3
ORC_VOLUME_TREND_DIVERGENCE_10=3
MA20=2
QTLD30=2
RANK10=2
RANK20=2
RANK60=2
RSV5=2
IMAX10=2
IMIN60=2
IMXD60=2
CORD5=2
SUMP30=2
SUMD5=2
SUMD30=2
VMA60=2
WVMA60=2
OPEN0=1
CORR10=1
CORR30=1
CORD20=1
CORD30=1
CORD60=1
CNTP5=1
CNTP20=1
CNTD5=1
CNTD30=1
SUMP10=1
SUMD60=1
VMA20=1
VSTD5=1
VSTD20=1
WVMA10=1
WVMA30=1
VSUMP30=1
ORC_PV_COHERENCE_SHIFT_5_20=1

parameters:
[boosting: gbdt]
[objective: regression]
[metric: l2]
[tree_learner: serial]
[device_type: cpu]
[data_sample_strategy: bagging]
[data: ]
[valid: ]
[num_iterations: 500]
[learning_rate: 0.03]
[num_leaves: 31]
[num_threads: 12]
[seed: 20260813]
[deterministic: 1]
[force_col_wise: 1]
[force_row_wise: 0]
[histogram_pool_size: -1]
[max_depth: 7]
[min_data_in_leaf: 100]
[min_sum_hessian_in_leaf: 0.001]
[bagging_fraction: 0.8]
[pos_bagging_fraction: 1]
[neg_bagging_fraction: 1]
[bagging_freq: 1]
[bagging_seed: 20260813]
[bagging_by_query: 0]
[feature_fraction: 0.8]
[feature_fraction_bynode: 1]
[feature_fraction_seed: 20260813]
[extra_trees: 0]
[extra_seed: 13549]
[early_stopping_round: 0]
[early_stopping_min_delta: 0]
[first_metric_only: 0]
[max_delta_step: 0]
[lambda_l1: 10]
[lambda_l2: 20]
[linear_lambda: 0]
[min_gain_to_split: 0]
[drop_rate: 0.1]
[max_drop: 50]
[skip_drop: 0.5]
[xgboost_dart_mode: 0]
[uniform_drop: 0]
[drop_seed: 11866]
[top_rate: 0.2]
[other_rate: 0.1]
[min_data_per_group: 100]
[max_cat_threshold: 32]
[cat_l2: 10]
[cat_smooth: 10]
[max_cat_to_onehot: 4]
[top_k: 20]
[monotone_constraints: ]
[monotone_constraints_method: basic]
[monotone_penalty: 0]
[feature_contri: ]
[forcedsplits_filename: ]
[refit_decay_rate: 0.9]
[cegb_tradeoff: 1]
[cegb_penalty_split: 0]
[cegb_penalty_feature_lazy: ]
[cegb_penalty_feature_coupled: ]
[path_smooth: 0]
[interaction_constraints: ]
[verbosity: 1]
[saved_feature_importance_type: 0]
[use_quantized_grad: 0]
[num_grad_quant_bins: 4]
[quant_train_renew_leaf: 0]
[stochastic_rounding: 1]
[linear_tree: 0]
[max_bin: 255]
[max_bin_by_feature: ]
[min_data_in_bin: 3]
[bin_construct_sample_cnt: 200000]
[data_random_seed: 20260812]
[is_enable_sparse: 1]
[enable_bundle: 1]
[use_missing: 1]
[zero_as_missing: 0]
[feature_pre_filter: 1]
[pre_partition: 0]
[two_round: 0]
[header: 0]
[label_column: ]
[weight_column: ]
[group_column: ]
[ignore_column: ]
[categorical_feature: ]
[forcedbins_filename: ]
[precise_float_parser: 0]
[parser_config_file: ]
[objective_seed: 16743]
[num_class: 1]
[is_unbalance: 0]
[scale_pos_weight: 1]
[sigmoid: 1]
[boost_from_average: 1]
[reg_sqrt: 0]
[alpha: 0.9]
[fair_c: 1]
[poisson_max_delta_step: 0.7]
[tweedie_variance_power: 1.5]
[lambdarank_truncation_level: 30]
[lambdarank_norm: 1]
[label_gain: ]
[lambdarank_position_bias_regularization: 0]
[eval_at: ]
[multi_error_top_k: 1]
[auc_mu_weights: ]
[num_machines: 1]
[local_listen_port: 12400]
[time_out: 120]
[machine_list_filename: ]
[machines: ]
[gpu_platform_id: -1]
[gpu_device_id: -1]
[gpu_device_id_list: ]
[gpu_use_dp: 0]
[num_gpu: 1]

end of parameters

pandas_categorical:null
