tree
version=v4
num_class=1
num_tree_per_iteration=1
label_index=0
max_feature_idx=163
objective=regression
feature_names=KMID KLEN KMID2 KUP KUP2 KLOW KLOW2 KSFT KSFT2 OPEN0 HIGH0 LOW0 VWAP0 ROC5 ROC10 ROC20 ROC30 ROC60 MA5 MA10 MA20 MA30 MA60 STD5 STD10 STD20 STD30 STD60 BETA5 BETA10 BETA20 BETA30 BETA60 RSQR5 RSQR10 RSQR20 RSQR30 RSQR60 RESI5 RESI10 RESI20 RESI30 RESI60 MAX5 MAX10 MAX20 MAX30 MAX60 MIN5 MIN10 MIN20 MIN30 MIN60 QTLU5 QTLU10 QTLU20 QTLU30 QTLU60 QTLD5 QTLD10 QTLD20 QTLD30 QTLD60 RANK5 RANK10 RANK20 RANK30 RANK60 RSV5 RSV10 RSV20 RSV30 RSV60 IMAX5 IMAX10 IMAX20 IMAX30 IMAX60 IMIN5 IMIN10 IMIN20 IMIN30 IMIN60 IMXD5 IMXD10 IMXD20 IMXD30 IMXD60 CORR5 CORR10 CORR20 CORR30 CORR60 CORD5 CORD10 CORD20 CORD30 CORD60 CNTP5 CNTP10 CNTP20 CNTP30 CNTP60 CNTN5 CNTN10 CNTN20 CNTN30 CNTN60 CNTD5 CNTD10 CNTD20 CNTD30 CNTD60 SUMP5 SUMP10 SUMP20 SUMP30 SUMP60 SUMN5 SUMN10 SUMN20 SUMN30 SUMN60 SUMD5 SUMD10 SUMD20 SUMD30 SUMD60 VMA5 VMA10 VMA20 VMA30 VMA60 VSTD5 VSTD10 VSTD20 VSTD30 VSTD60 WVMA5 WVMA10 WVMA20 WVMA30 WVMA60 VSUMP5 VSUMP10 VSUMP20 VSUMP30 VSUMP60 VSUMN5 VSUMN10 VSUMN20 VSUMN30 VSUMN60 VSUMD5 VSUMD10 VSUMD20 VSUMD30 VSUMD60 ORC_TREND_VOLUME_DIVERGENCE_10_20 ORC_VOLUME_WEIGHTED_DIRECTION_10 ORC_LAGGED_VOLUME_LEAD_20 ORC_PV_COHERENCE_SHIFT_5_20 ORC_NET_VOLUME_PRESSURE_20 ORC_VOLUME_TREND_DIVERGENCE_10
feature_infos=[-0.15450645983219147:0.33106967806816101] [0:0.33106967806816101] [-1:1] [0:0.27153289318084717] [0:1] [0:0.19577737152576447] [0:1] [-0.31147539615631104:0.33106967806816101] [-1:1] [0.75127547979354858:1.1827411651611328] [1:1.365384578704834] [0.75127547979354858:1] [0.90894031524658203:1.0877940654754639] [0.62103557586669922:1.6790908575057983] [0.58417785167694092:1.8924485445022583] [0.46860837936401367:2.2146341800689697] [0.45439684391021729:2.740487813949585] [0.36440131068229675:2.649662971496582] [0.8043818473815918:1.3455072641372681] [0.71110033988952637:1.4951817989349365] [0.61736243963241577:1.7117466926574707] [0.56646168231964111:1.9959673881530762] [0.4937971830368042:1.8649090528488159] [0:0.26957115530967712] [0:0.32280367612838745] [0:0.36472421884536743] [0:0.57258552312850952] [0:0.50059491395950317] [-0.16409091651439667:0.17131471633911133] [-0.11732283234596252:0.17131471633911133] [-0.11732283234596252:0.17131471633911133] [-0.11732283234596252:0.17131471633911133] [-0.11732283234596252:0.17131471633911133] [0:1] [0:1] [0:1] [0:1] [0:1] [-0.11478264629840851:0.13264167308807373] [-0.24554997682571411:0.20802642405033112] [-0.40848860144615173:0.27287426590919495] [-0.44566619396209717:0.27581575512886047] [-0.96870207786560059:0.33257237076759338] [1:1.6472727060317993] [1:1.9298244714736938] [1:2.2439024448394775] [1:3.3160974979400635] [1:3.3160974979400635] [0.58144122362136841:1] [0.54045307636260986:1] [0.4660193920135498:1] [0.43721681833267212:1] [0.33789625763893127:1] [0.86334514617919922:1.4843636751174927] [0.78309857845306396:1.7869091033935547] [0.69682848453521729:2.054157018661499] [0.62161809206008911:2.423609733581543] [0.56576049327850342:2.3250908851623535] [0.70860719680786133:1.2689855098724365] [0.58504855632781982:1.4057971239089966] [0.49352750182151794:1.5574545860290527] [0.47533980011940002:1.5740000009536743] [0.38890489935874939:1.5950908660888672] [0.20000000298023224:1] [0.10000000149011612:1] [0.05000000074505806:1] [0.033333335071802139:1] [0.01666666753590107:1] [0:1] [0:1] [0:1] [0:1] [0:1] [0.20000000298023224:1] [0.10000000149011612:1] [0.05000000074505806:1] [0.033333335071802139:1] [0.01666666753590107:1] [0.20000000298023224:1] [0.10000000149011612:1] [0.05000000074505806:1] [0.033333335071802139:1] [0.01666666753590107:1] [-0.80000001192092896:0.80000001192092896] [-0.89999997615814209:0.89999997615814209] [-0.94999998807907104:0.94999998807907104] [-0.96666663885116577:0.96666663885116577] [-0.98333334922790527:0.98333334922790527] [-1:1] [-1:1] [-1:1] [-1:1] [-1:1] [-1:1] [-1:1] [-1:1] [-1:1] [-1:1] [0:1] [0:1] [0:0.89999997615814209] [0:0.8888888955116272] [0:0.8888888955116272] [0:1] [0:1] [0:0.89999997615814209] [0:0.8571428656578064] [0:0.8571428656578064] [-1:1] [-1:1] [-0.83333331346511841:0.8888888955116272] [-0.83333331346511841:0.8888888955116272] [-0.83333331346511841:0.8888888955116272] [0:1] [0:1] [0:1] [0:1] [0:1] [0:1] [0:1] [0:1] [0:1] [0:1] [-1:1] [-1:1] [-1:1] [-1:1] [-1:1] [0.20013266801834106:26452.083984375] [0.10012400150299072:23627.859375] [0.050104878842830658:26698.134765625] [0.033777147531509399:28136.5] [0.017187755554914474:26107.111328125] [0.00080492562847211957:59102.5] [0.0021778203081339598:49210.34375] [0.0021778203081339598:56418.4921875] [0.0021778203081339598:57003.12109375] [0.0021778203081339598:42065.70703125] [0:2.2360680103302002] [0:3.1615598201751709] [0:4.4708261489868164] [0:5.4656624794006348] [0:7.5986995697021484] [0:1] [0:1] [0:1] [0:1] [0:1] [0:1] [0:1] [0:1] [0:1] [0:1] [-1:1] [-1:1] [-1:1] [-1:1] [-1:1] [-681.060791015625:20.591409683227539] [-0.11966706067323685:0.21138943731784821] [-1690.6951904296875:664.3572998046875] [-0.32296907901763916:0.31678074598312378] [0:0] [-537.621826171875:24.261236190795898]
tree_sizes=3086 3058 3072 3072 3093 3022 3055 3088 3076 3114

Tree=0
num_leaves=31
num_cat=0
split_feature=16 26 33 10 71 13 69 67 17 5 10 57 33 30 20 55 1 111 3 49 38 140 29 41 14 39 60 81 86 1
split_gain=171.283 94.8206 72.1345 73.0829 112.834 76.0369 71.8813 67.4457 64.5122 64.3234 64.267 63.163 56.3109 68.0521 55.9917 53.1246 47.8032 68.5257 45.6731 47.0394 42.7028 42.4875 42.3619 42.0648 65.6843 56.3098 45.693 41.4242 41.2588 39.0493
threshold=1.2206377983093264 0.021769763901829723 0.2562058717012406 1.0198371410369875 0.63016328215599071 0.96516340970993053 0.69230791926383983 0.3835271298885346 0.7380579710006715 0.03132260590791703 1.0355787277221682 0.93854305148124706 0.97826865315437328 -0.0069329803809523574 0.9055108129978181 1.020752549171448 0.055469902232289321 -0.16954023391008374 0.0067030789796262988 0.87457564473152172 -0.018661867827177044 0.76692378520965587 -0.0013969257706776259 0.033541494980454452 0.91430118680000316 0.036363625898957259 0.97543370723724376 0.51666668057441723 0.91666665673255932 0.01196408784016967
decision_type=10 10 8 10 10 8 10 10 8 10 10 10 10 10 10 8 10 2 10 10 10 10 10 10 8 10 10 2 2 10
left_child=1 10 8 5 6 20 9 -6 18 -5 15 -7 13 16 -9 -1 21 -18 19 -3 27 -2 -13 25 -25 29 -26 -4 -22 -10
right_child=12 2 3 4 7 11 -8 14 23 -11 -12 22 -14 -15 -16 -17 17 -19 -20 -21 28 -23 -24 24 26 -27 -28 -29 -30 -31
leaf_value=0.0013373358180488906 -0.0038215325337618167 -0.014561242705814268 -0.025313765305207136 -0.00045119877445255123 0.018885772966752042 0.0062881238739522878 0.0099062311402357463 -0.0043306030406371938 0.00027496168871329034 0.01313865684224301 -0.0092497205404592029 -0.0007575807025273451 -0.012981076029719497 0.00064754268031696159 0.0052380534487060761 -0.00021893962811400078 0.021634818935719488 0.003168520689273222 0.011643958950073896 0.0039930113685343232 -0.0022145228436819399 0.0082096549503560684 0.00060396320241549941 0.010254919554617402 -0.0028135642724148517 0.0063707868830009265 0.0041964854983513782 -0.00028273265188194106 0.0017553885652033365 -0.0023332667571924603
leaf_weight=57113 269 135 121 16273 294 1394 641 569 5706 299 552 43166 106 1226 4958 29693 564 334 537 574 20822 1531 39118 601 2325 700 1273 148 2556 39506
leaf_count=57113 269 135 121 16273 294 1394 641 569 5706 299 552 43166 106 1226 4958 29693 564 334 537 574 20822 1531 39118 601 2325 700 1273 148 2556 39506
internal_value=1.28322e-05 -7.82314e-05 -0.0004697 -9.20025e-05 0.00143759 -0.000423285 0.000196592 0.0050427 -0.00142216 -0.000172381 0.000732562 4.41433e-10 0.00613737 0.0067931 0.00418682 0.000801611 0.00945002 0.015312 0.0052137 4.41433e-10 -0.00192462 0.00622459 -0.000106665 -0.00159516 0.0012317 -0.00186065 -0.000240949 -0.0135527 -0.00176653 -0.00199749
internal_weight=273104 269074 181716 130359 23034 107325 17213 5821 51357 16572 87358 83678 4030 3924 5527 86806 2698 898 1246 709 23647 1800 82284 50111 4199 45912 3598 269 23378 45212
internal_count=273104 269074 181716 130359 23034 107325 17213 5821 51357 16572 87358 83678 4030 3924 5527 86806 2698 898 1246 709 23647 1800 82284 50111 4199 45912 3598 269 23378 45212
is_linear=0
shrinkage=1


Tree=1
num_leaves=31
num_cat=0
split_feature=16 25 40 71 18 73 29 22 55 16 56 86 43 25 33 36 1 120 24 58 146 123 83 38 52 56 13 141 33 113
split_gain=179.292 94.8287 74.0019 96.3529 73.198 70.4234 61.0029 113.305 68.4325 64.852 59.3896 56.3217 55.2433 47.4362 63.2232 47.3439 71.3574 66.3157 43.1909 41.5986 52.3074 43.2686 59.4588 38.8815 37.8776 37.0808 34.6326 33.8726 36.2505 32.5843
threshold=1.2206377983093264 0.012410786934196951 -0.030343431979417797 0.57792210578918468 1.024536728858948 0.5000000149011613 -0.00043847461347468192 1.0944202542304995 0.93731585144996654 0.92525342106819164 0.98715078830719005 -0.516666680574417 1.071631193161011 0.042319050058722503 0.93596476316452037 0.80461445450782787 0.055469902232289321 0.69607850909233104 0.045104321092367179 0.99976566433906566 0.56951001286506664 -0.082568086683750139 -0.50000001490116108 -0.013314925599843262 0.76852816343307506 1.1637761592864992 1.0305950641632082 0.84728437662124645 0.6713005304336549 0.38144323229789739
decision_type=10 10 10 10 10 10 10 10 10 8 10 2 10 10 10 10 10 10 10 10 10 10 10 10 10 10 8 10 8 10
left_child=1 -1 3 23 6 13 9 8 -8 12 -11 -9 -4 -6 -15 -2 17 25 -18 21 24 22 -5 26 -21 -17 -3 -19 29 -29
right_child=15 2 4 19 5 -7 7 11 -10 10 -12 -13 -14 14 -16 16 18 27 -20 20 -22 -23 -24 -25 -26 -27 -28 28 -30 -31
leaf_value=0.0013503455441758979 0.002766946594438064 -0.011941719501527972 -0.0036460588234693498 0.0042413147447100908 -0.0035948797367362935 -0.0096707029672806564 -0.0053286747857565799 0.0085511626626497989 1.4390311647306851e-05 0.011595352057893962 -0.0008231104333965946 -8.9306253908072924e-06 -0.024811868409393353 0.0064486934318068101 -0.0082393812297451782 0 0.00093059198860207513 -0.0074224809186095942 0.023962596325371774 0.012523513417330287 -0.0069513730513592487 0.0084763956863047382 -0.0067563955546095129 0.00066912095024468463 0.0051664345708484398 0.01889859479194668 -0.0016984577481970959 -0.010656234272369523 0.010077386933911397 0.0084364917910424997
leaf_weight=34327 2063 362 5228 836 4113 1364 2180 2062 106372 325 88449 932 100 1046 318 127 125 274 393 945 217 516 870 13652 2915 379 1920 185 424 100
leaf_count=34327 2063 362 5228 836 4113 1364 2180 2062 106372 325 88449 932 100 1046 318 127 125 274 393 945 217 516 870 13652 2915 379 1920 185 424 100
internal_value=-2.43669e-05 -0.000120219 -0.000336657 0.00130559 -0.000510006 -0.00356398 -0.000406618 6.54585e-05 -9.11107e-05 -0.000969288 -0.000771667 0.00580458 -0.00419071 -0.00195893 0.002738 0.00620821 0.00953529 0.00576311 0.0192035 0.00444088 0.00624877 0.000963747 -0.00120662 4.33419e-05 0.00710017 0.0144041 -0.00354333 0.000817549 0.00452978 -0.0028595
internal_weight=273119 269049 234722 22233 212489 6841 205648 111546 108552 94102 88774 2994 5328 5477 1364 4070 2007 1489 518 6299 4077 2222 1706 15934 3860 506 2282 983 709 285
internal_count=273119 269049 234722 22233 212489 6841 205648 111546 108552 94102 88774 2994 5328 5477 1364 4070 2007 1489 518 6299 4077 2222 1706 15934 3860 506 2282 983 709 285
is_linear=0
shrinkage=0.03


Tree=2
num_leaves=31
num_cat=0
split_feature=16 26 27 33 42 86 13 14 45 25 44 18 1 35 13 9 31 30 140 54 24 123 163 36 85 13 1 34 61 1
split_gain=150.346 94.4918 76.7569 77.8062 70.6205 73.904 70.7117 57.2549 54.9488 53.1595 52.7554 51.9543 55.4625 69.1946 54.4704 50.9444 48.6881 48.0544 63.8485 44.5796 44.1411 66.1437 44.054 41.0285 38.5849 37.2184 33.9974 37.9949 42.2469 31.9647
threshold=1.2206377983093264 0.019933737814426426 0.0761079676449299 0.37827691435813909 0.11121570691466333 0.75000000000000011 0.983251452445984 0.88698756694793712 1.0296058058738711 0.035480223596096046 1.0409234166145327 0.94259545207023632 0.034994691610336311 0.86066958308219921 1.1147735714912417 1.0073881149291994 0.0046759392134845265 -0.0069329803809523574 0.79759079217910778 0.97408330440521251 0.023919567465782169 0.5652168095111848 -0.0037371695507317777 0.80461445450782787 0.82500001788139354 0.98823538422584545 0.055469902232289321 0.28409329056739813 1.0540617704391482 0.060804652050137527
decision_type=10 10 10 8 10 2 8 8 10 10 10 10 10 10 10 10 10 10 10 10 10 10 8 10 2 8 10 10 10 10
left_child=1 8 3 7 5 6 -5 -3 -1 -7 15 16 20 14 -14 -9 -4 18 -2 24 25 -22 -12 -20 -6 -13 27 -25 -29 -15
right_child=17 2 11 4 19 9 -8 10 -10 -11 22 12 13 29 -16 -17 -18 -19 23 -21 21 -23 -24 26 -26 -27 -28 28 -30 -31
leaf_value=0.001674146286971315 -0.00051394201736844856 0.0092648297338853297 -0.0013577372899609963 -0.0016318687347013059 -0.0029337870252654987 0.00094753611014062548 0.00017232489914766828 -0.0014736912664469303 0 0.0055201123668565995 -0.0010845010762702933 -0.00074660831942775297 0.0046902190564760944 -0.0066142158898940323 -0.0049696795908765424 0.0010634341641763865 -0.023320399785093194 0.00056751948814224109 0.004744158678089608 0.00075873941184244472 -0.0029000666308596048 0.0029612546580816382 -0.0038008895960626619 0.021014202785836815 -0.017630009150365368 0.0032328877393064752 0.022076350417270216 -0.0045177245154551671 0.010267948731417198 0.0048621530355277094
leaf_weight=37103 578 416 343 27662 358 9930 65786 30125 34227 3058 9521 3227 7870 860 517 9171 125 1258 944 333 6275 2330 13606 209 420 5560 370 210 519 244
leaf_count=37103 578 416 343 27662 358 9930 65786 30125 34227 3058 9521 3227 7870 860 517 9171 125 1258 944 333 6275 2330 13606 209 420 5560 370 210 519 244
internal_value=2.60006e-05 -5.98542e-05 -0.000398558 -0.000636491 -0.000143286 -6.11942e-05 -0.000358769 -0.00147551 0.000874726 0.00205404 -0.00155483 0.00107209 0.00125705 0.00310169 0.00404866 -0.0008737 -0.00855393 0.00572266 0.00788892 -0.00760242 0.000230778 -0.00127501 -0.00269746 0.0101632 -0.0114864 0.00173899 0.0137179 0.00971566 0.00560127 -0.00376949
internal_weight=273155 269067 197737 170386 107547 106436 93448 62839 71330 12988 62423 27351 26883 9491 8387 39296 468 4088 2830 1111 17392 8605 23127 2252 778 8787 1308 938 729 1104
internal_count=273155 269067 197737 170386 107547 106436 93448 62839 71330 12988 62423 27351 26883 9491 8387 39296 468 4088 2830 1111 17392 8605 23127 2252 778 8787 1308 938 729 1104
is_linear=0
shrinkage=0.03


Tree=3
num_leaves=31
num_cat=0
split_feature=16 26 27 33 64 13 14 69 10 35 33 93 58 11 47 138 30 5 36 44 38 113 26 85 134 28 11 23 112 23
split_gain=158.092 74.5101 81.9921 79.1573 57.4674 51.7035 82.9056 60.2899 99.9483 54.9078 46.4411 44.9244 47.4199 46.2549 47.542 46.3113 44.9164 44.7504 40.9706 39.0405 41.2735 33.5692 32.9417 30.418 33.7952 31.6698 30.4018 30.1497 32.4376 26.9179
threshold=1.2394970059394839 0.019933737814426426 0.075317058712244048 0.2562058717012406 0.47499999403953558 0.96653175354003917 0.90764984488487255 0.65217360854148876 1.0174682140350344 0.74746352434158336 0.96601486206054699 0.8090224862098695 0.90896162390708934 0.97421732544898998 1.0211480259895327 0.8495805859565736 -0.0069329803809523574 0.0070858802646398553 0.43717427551746374 1.0387821793556216 -0.0017094038776122031 0.6718747913837434 0.026730566285550598 -0.32500000298023218 0.32313585281372076 -0.0070356002543121568 0.96813723444938671 0.016468620859086517 -0.18257576227188108 0.026551869697868827
decision_type=10 10 10 8 10 8 8 10 10 10 10 10 10 10 10 10 10 10 10 10 10 10 10 2 10 10 10 10 2 10
left_child=1 4 3 19 -1 7 21 22 -9 -8 16 12 17 14 -14 -15 27 -4 -13 20 -3 -7 -5 24 -21 -25 -22 -2 -29 -6
right_child=10 2 11 5 29 6 9 8 -10 -11 -12 18 13 15 -16 -17 -18 -19 -20 23 26 -23 -24 25 -26 -27 -28 28 -30 -31
leaf_value=-0.00018635005860796411 0 0.00046327143542053439 -0.018362851335185889 0.0013511297319327357 0.0014618822105888273 0.016403633362294941 -0.00041341952560742027 -0.0018397875291291067 0.0045243748409697412 0.0012199877081000463 -0.0075504905695362879 -0.00013373436739990856 -0.0032171410479785701 -0.001238377454781493 0.0043574962043959843 0.0016348867103560564 0.0015848757037911086 0 0.007221937068978195 -0.0029150950279101754 0.0021681111242608671 0.0029463975594085437 -0.0099294299300574651 -0.020102643250557016 0.00046596805187371819 -0.0038834222041902603 -0.0022252974450024691 0.016302156295072229 0.0070880455821401385 0.013417007448580867
leaf_weight=31554 205 11117 205 233 39233 357 73304 19257 2470 24762 156 937 815 10115 4976 9988 878 238 1888 7094 1467 440 1084 101 4022 7746 16398 790 1011 157
leaf_count=31554 205 11117 205 233 39233 357 73304 19257 2470 24762 156 937 815 10115 4976 9988 878 238 1888 7094 1467 440 1084 101 4022 7746 16398 790 1011 157
internal_value=1.68644e-06 -7.40677e-05 -0.000372654 -0.000626104 0.000759177 -0.000217019 7.84733e-05 -0.00149671 -0.001099 0 0.00678336 0.00109268 0.000691854 0.000871912 0.00323245 0.000174477 0.00770867 -0.00876787 0.00469296 -0.00165948 -0.000949986 0.00959549 -0.00771896 -0.00272589 -0.00166618 -0.00418089 -0.00184573 0.0101988 0.0114292 0.00152393
internal_weight=272998 269958 199014 169852 70944 121907 98863 23044 21727 98066 3040 29162 26337 25894 5791 20103 2884 443 2825 47945 28982 797 1317 18963 11116 7847 17865 2006 1801 39390
internal_count=272998 269958 199014 169852 70944 121907 98863 23044 21727 98066 3040 29162 26337 25894 5791 20103 2884 443 2825 47945 28982 797 1317 18963 11116 7847 17865 2006 1801 39390
is_linear=0
shrinkage=0.03


Tree=4
num_leaves=31
num_cat=0
split_feature=22 86 1 39 1 116 27 86 26 33 7 33 34 78 27 14 70 101 23 113 35 46 82 48 59 7 29 49 60 14
split_gain=98.3884 86.1833 77.7628 76.9443 64.4213 79.5688 61.4797 76.4422 71.7674 72.8733 59.4625 57.5242 57.3737 56.2119 53.4265 53.3013 50.1597 48.5202 46.7337 46.1996 46 45.4331 44.178 41.5469 62.9479 55.4368 44.553 40.1231 69.9628 72.7216
threshold=1.1661723852157595 -0.81666666269302357 0.017797594889998439 0.024417052976787094 0.064701750874519362 0.3311257958412171 0.074487730860710158 -0.58333334326744068 0.019933737814426426 0.37253709137439733 -0.047225514426827424 0.96601486206054699 0.93883177638053905 0.30000000447034841 0.024393514730036262 0.88698756694793712 0.94520542025566112 0.61986863613128673 0.012699852231889965 0.56756743788719188 0.7669273614883424 1.1175718903541567 0.42499999701976782 0.90708911418914806 0.87291401624679577 -0.0092435269616544229 -0.015768441371619698 0.93756398558616649 1.0340443849563601 1.120879113674164
decision_type=10 2 10 10 10 10 10 2 10 8 10 10 10 10 10 8 10 2 10 10 10 10 2 10 10 10 10 10 10 10
left_child=1 2 -1 6 11 -6 8 16 19 15 17 12 27 -11 22 -10 -8 -9 -4 -3 -20 -12 -5 24 -16 -25 -27 -2 -29 -30
right_child=4 3 18 14 5 -7 7 10 9 13 21 -13 -14 -15 23 -17 -18 -19 20 -21 -22 -23 -24 25 -26 26 -28 28 29 -31
leaf_value=0.00013698034602219961 0.0085827751246817224 0.00015904844528145972 -0.0055450418278099461 -0.00047992864970787405 0.018961938603302347 0.002232748689568396 0.0047175163898338611 0.014064400368642998 0.0098859689878447662 -0.00095479947510624221 0.0013936501135238875 -0.0099964415586699315 0.020505046097561718 0.00067729996251843618 -0.011319106002324412 -0.0013345914438381381 0.024983924298388201 -0.0028342218183365366 -0.0031083606355563204 0.0017807513968489115 0.001233354755134205 -0.0019595556872659971 0.016460603856587711 -0.016725410243765414 0.0026581333382133432 0.0069585143351943886 -0.0039148956079680854 -0.0054324024847979451 0.00952622617722889 -0.0013842047285419991
leaf_weight=11528 737 39110 4888 254 511 596 3846 509 358 27714 13778 293 150 59878 317 52634 103 169 8095 27058 2883 4869 217 288 1973 319 7202 1042 1046 1043
leaf_count=11528 737 39110 4888 254 511 596 3846 509 358 27714 13778 293 150 59878 317 52634 103 169 8095 27058 2883 4869 217 288 1973 319 7202 1042 1046 1043
internal_value=-3.7364e-05 -0.000119507 -0.00171362 6.08777e-05 0.00395598 0.0104207 0.000177187 0.00163839 1.11068e-05 -0.000370873 0.000840202 0.00218621 0.003194 0.000157381 -0.0024375 -0.00124943 0.00544493 0.00946189 -0.0030756 0.00082708 -0.00194071 0.000500847 0.00706652 -0.00292349 0.000512174 -0.00396805 -0.00339669 0.00234349 0.000734477 0.00397513
internal_weight=273408 267990 27394 240596 5418 1107 230026 23274 206752 140584 19325 4311 4018 87592 10570 52992 3949 678 15866 66168 10978 18647 471 10099 2290 7809 7521 3868 3131 2089
internal_count=273408 267990 27394 240596 5418 1107 230026 23274 206752 140584 19325 4311 4018 87592 10570 52992 3949 678 15866 66168 10978 18647 471 10099 2290 7809 7521 3868 3131 2089
is_linear=0
shrinkage=0.03


Tree=5
num_leaves=31
num_cat=0
split_feature=16 25 40 71 18 60 58 139 32 86 59 46 69 118 58 123 83 36 140 23 82 60 115 1 1 51 121 38 89 67
split_gain=132.905 67.3381 61.7243 91.4589 56.652 73.4607 54.2936 60.5717 57.6783 62.5461 54.2963 49.1636 46.0059 61.1696 44.3692 44.0776 45.5803 35.302 58.0545 49.1727 34.9525 33.7658 28.6045 38.6736 28.4165 32.4375 27.7031 29.6805 38.8331 31.1264
threshold=1.2394970059394839 0.012410786934196951 -0.030343431979417797 0.61616206169128429 1.024536728858948 1.0340443849563601 0.90896162390708934 0.74648389220237743 -0.0049950752872973672 -0.58333334326744068 0.87291401624679577 1.0045803189277651 0.16666708141565326 0.87012985348701488 1.0033473372459414 -0.071022417396306978 -0.50000001490116108 0.80461445450782787 0.72613099217414867 0.016831624321639541 0.041666667908430106 0.9574899971485139 0.30044198036193853 0.055469902232289321 0.017082613892853264 0.97594985365867626 0.72268915176391613 -0.013314925599843262 1.0000000180025095e-35 0.084039550274610533
decision_type=10 10 10 10 8 10 10 10 10 2 10 10 10 10 10 10 10 10 10 10 2 10 10 10 8 8 10 10 10 10
left_child=1 24 3 26 6 21 7 -4 9 -8 -9 -10 13 14 -5 16 -14 -2 -19 -20 -17 -6 23 -21 -1 -26 27 28 -3 -29
right_child=17 2 4 12 5 -7 8 10 11 -11 -12 -13 15 -15 -16 20 -18 18 19 22 -22 -23 -24 -25 25 -27 -28 29 -30 -31
leaf_value=0.0016151513121769046 0.0027742093712245452 0 -0.023380197371678988 0.0003186123053373521 0.0068256369338563719 6.8090268002448108e-05 0.0066339508372780286 -0.012774491771866065 0.0015924963809912727 0 0.0023628146694973109 -0.00050636637781330599 0.0050478572675877621 0 0.019095354149710433 0.020782553907413261 -0.001939493168805788 -0.0042118284693742044 -0.0024236767977814781 0.0029659696397887673 0.0051987622513508594 -0.006615842260335872 0.021328126723019172 0.018423348632916527 0.0011080865163904695 -0.0028066901566838778 0.006463098674014742 -0.0013330743243200138 -0.0077022421491026883 0.0015443346062616479
leaf_weight=26416 1578 1433 161 183 139 3304 2185 319 10528 3036 500 189252 1575 323 557 178 1684 193 145 451 741 3551 398 259 4726 3116 582 5391 977 8790
leaf_count=26416 1578 1433 161 183 139 3304 2185 319 10528 3036 500 189252 1575 323 557 178 1684 193 145 451 741 3551 398 259 4726 3116 582 5391 977 8790
internal_value=-2.68416e-05 -9.82985e-05 -0.000280207 0.00121305 -0.000438868 -0.00309575 -0.000346907 -0.0073337 -0.000311331 0.00278838 -0.00333956 -0.000394111 0.00467561 0.0103239 0.0149772 0.00312474 0.00135603 0.00620513 0.00965567 0.01206 0.00891502 -0.00599458 0.0142307 0.00936587 0.00114229 -0.000412465 0.000134655 -7.67966e-05 -0.00315555 0.000429007
internal_weight=272671 269647 235389 22414 212975 6994 205981 980 205001 5221 819 199780 5241 1063 740 4178 3259 3024 1446 1253 919 3690 1108 710 34258 7842 17173 16591 2410 14181
internal_count=272671 269647 235389 22414 212975 6994 205981 980 205001 5221 819 199780 5241 1063 740 4178 3259 3024 1446 1253 919 3690 1108 710 34258 7842 17173 16591 2410 14181
is_linear=0
shrinkage=0.03


Tree=6
num_leaves=31
num_cat=0
split_feature=16 25 29 42 57 42 5 55 36 14 16 40 120 85 137 86 30 33 57 23 24 122 54 10 69 62 68 140 36 23
split_gain=142.328 75.4028 64.5025 82.6527 73.8812 71.1449 66.8351 62.5373 75.4312 70.1532 71.2418 63.8002 56.5422 55.6766 50.202 47.6889 47.1723 65.2503 49.5503 42.1684 40.9163 38.3498 35.3801 34.0806 33.2466 32.4732 32.2182 30.0288 41.1783 29.6883
threshold=1.2206377983093264 0.012410786934196951 -0.00053336820565164078 0.067746125161647811 1.1707749962806704 -0.077859010547399507 0.0074231147300452003 0.93731585144996654 0.80770382285118114 0.88698756694793712 0.7394753396511079 -0.032377017661929124 0.36910438537597662 0.82500001788139354 0.52112147212028515 -0.516666680574417 -0.0055436731781810513 0.96601486206054699 1.2244595885276797 0.0083423661999404448 0.030516575090587143 0.6606060564517976 0.9861707091331483 1.0191387534141543 0.95370346307754528 1.0593504309654238 0.8968901038169862 0.82233694195747387 0.78500786423683178 0.016707910224795345
decision_type=10 10 10 10 10 10 10 10 10 8 10 10 10 2 10 2 10 10 10 10 10 10 10 10 10 10 10 10 10 10
left_child=1 23 3 5 7 6 19 8 13 10 -9 -11 -5 -4 21 22 17 18 -2 -3 -8 -7 26 -1 -10 -24 -6 -20 -29 -30
right_child=16 2 4 12 15 14 20 9 24 11 -12 -13 -14 -15 -16 -17 -18 -19 27 -21 -22 -23 25 -25 -26 -27 -28 28 29 -31
leaf_value=0.0014773285366375892 -0.0016452084960482483 0.014720409025051971 -0.003931026922711944 0.019303784909001975 -0.0081942922110489064 -0.0016189223981293685 0.010220709374797405 -0.0070517805478192202 -0.0020695975784678008 0.0040544064306264156 0.007050051958015534 -2.1858271143743142e-05 0.00030644528007648313 -0.016569967478562115 -9.2449249174189388e-05 0 -5.1668351981788877e-05 -0.0094954197047083817 0.0032117636861978835 -0.00070646175527981972 0.0026658479867014842 0.0019530119788947595 0.0098550694168767477 -0.0033562598445027259 0.01084261662141252 -0.002243627822074865 0.0082769445018269685 0.0055138945414294161 0 0.016946426758430038
leaf_weight=32973 330 144 1028 288 228 67213 1034 338 355 3547 2272 106888 323 514 36439 1460 910 162 614 5149 2149 2727 1791 1313 285 173 162 786 138 1083
leaf_count=32973 330 144 1028 288 228 67213 1034 338 355 3547 2272 106888 323 514 36439 1460 910 162 614 5149 2149 2727 1791 1313 285 173 162 786 138 1083
internal_value=5.21814e-05 -3.0741e-05 -0.000223988 -0.000729809 0.000264163 -0.000791586 0.00183819 0.000125142 -0.0048761 0.000225175 0.00507003 0.000107059 0.0100645 -0.00849429 -0.00100425 0.0043634 0.00563951 0.00738864 0.00847417 -0.000176464 0.00526221 -0.00147484 0.00698767 0.00128163 0.00338015 0.00862627 -0.000550684 0.00986467 0.0117002 0.0152878
internal_weight=272816 268793 234507 115466 119041 114855 8476 115227 2182 113045 2610 110435 611 1542 106379 3814 4023 3113 2951 5293 3183 69940 2354 34286 640 1964 390 2621 2007 1221
internal_count=272816 268793 234507 115466 119041 114855 8476 115227 2182 113045 2610 110435 611 1542 106379 3814 4023 3113 2951 5293 3183 69940 2354 34286 640 1964 390 2621 2007 1221
is_linear=0
shrinkage=0.03


Tree=7
num_leaves=31
num_cat=0
split_feature=16 26 33 25 60 86 10 151 102 13 86 32 15 80 14 43 1 44 17 49 78 24 36 86 24 42 57 57 26 138
split_gain=115.698 68.3924 71.741 64.7615 79.0557 88.9481 86.4711 68.6303 65.6993 73.3954 69.9911 56.4136 56.7585 53.752 53.0249 42.9809 48.9196 40.4228 41.9278 36.3374 35.845 35.6465 43.4256 45.9032 35.2215 33.166 33.0665 32.1513 32.5375 31.0775
threshold=1.2394970059394839 0.021392118185758594 0.2562058717012406 0.036322500556707389 0.85410505533218395 0.81666666269302379 1.0162225365638735 0.4504514634609223 0.53923079371452343 0.96653175354003917 -0.81666666269302357 -0.0042591560631990424 1.1242603659629824 0.42499999701976782 0.9111917018890382 1.0104230642318728 0.034584961831569679 1.0387821793556216 0.75055271387100231 0.966963291168213 0.30000000447034841 0.042756585404276855 0.77916947007179271 -0.84999999403953541 0.059231083840131767 -0.00031512425630353386 0.90855976939201366 1.1503722667694094 0.026869329623878006 0.8943367898464204
decision_type=10 10 8 10 10 2 10 10 2 8 2 10 8 2 8 8 10 10 8 10 10 10 10 2 10 10 10 10 10 8
left_child=1 15 11 8 7 14 -7 24 9 20 -11 12 13 -3 -6 -1 -17 27 -19 -20 -4 -2 -23 -24 -5 -15 -9 28 -13 -18
right_child=21 2 3 4 5 6 -8 26 -10 10 -12 17 -14 25 -16 16 29 18 19 -21 -22 22 23 -25 -26 -27 -28 -29 -30 -31
leaf_value=0.0015721993510474212 0.0014160133218439218 -0.0012729072010170825 -0.0037771427641664214 -0.0059000586471016107 0.0049285692356659657 0.002082658391432758 0.012087372988378734 0.0027600463597584951 0.0014594360441351542 -0.0024086143109124784 9.5788317947584397e-05 0.00049059796315216464 -0.0031061209230388511 -0.00090782477242329156 0.00055387562161197804 0.00032706641095502315 -0.0095028651027801829 0.003650330523666027 -0.0045756591337932327 -0.0018445131586885845 0 0.0033924986434968837 0.0037691737788370073 0.018833220120700399 -0.020119867988308573 0.010328744392132163 -0.0060127578430953597 0.0048635680795884907 -0.0016920591736182442 -0.00089645002564191071
leaf_weight=30795 1182 690 9336 728 2749 2110 1315 1134 14491 12122 57021 8887 1021 227 28530 51372 722 882 7184 12964 3137 946 374 537 245 1277 560 841 18623 958
leaf_count=30795 1182 690 9336 728 2749 2110 1315 1134 14491 12122 57021 8887 1021 227 28530 51372 722 882 7184 12964 3137 946 374 537 245 1277 560 841 18623 958
internal_value=3.45509e-05 -3.00905e-05 -0.000351708 1.58934e-05 0.00107742 0.0014668 0.00605884 -0.00385088 -0.000393896 -0.000726908 -0.00033951 -0.00128996 0.00251466 0.00527027 0.000950841 0.000679982 0.000156028 -0.00154465 -0.00254725 -0.00283678 -0.00284642 0.00583667 0.00844556 0.0131849 -0.0101158 0.00844629 -1.34542e-06 -0.000789108 -0.000976219 -0.00483991
internal_weight=272960 269921 186074 133478 37371 34704 3425 2667 96107 81616 69143 52596 3215 2194 31279 83847 53052 49381 21030 20148 12473 3039 1857 911 973 1504 1694 28351 27510 1680
internal_count=272960 269921 186074 133478 37371 34704 3425 2667 96107 81616 69143 52596 3215 2194 31279 83847 53052 49381 21030 20148 12473 3039 1857 911 973 1504 1694 28351 27510 1680
is_linear=0
shrinkage=0.03


Tree=8
num_leaves=31
num_cat=0
split_feature=32 46 42 125 25 25 81 140 11 58 77 51 50 56 35 5 31 9 1 20 110 0 2 17 54 35 34 59 53 5
split_gain=77.356 76.647 73.6404 56.9187 80.154 60.133 54.9075 59.6692 54.2919 49.4989 48.8064 50.7274 48.3806 66.6693 49.1954 47.8572 54.2743 47.3914 44.4344 48.7181 43.8786 43.2015 68.2766 41.4809 49.5337 41.3442 40.5777 39.9472 43.8019 38.5127
threshold=-0.0049950752872973672 1.0748502612113955 -0.077859010547399507 0.49697594344615942 0.04367318935692311 0.012543265242129566 0.61666667461395275 0.78127467632293712 0.99219623208045971 1.0296891331672671 0.091666668653488173 0.72945910692214977 0.92355147004127514 1.0229327082633974 0.81136345863342296 0.0031463652849197392 -0.0072037959471344939 0.96864730119705211 0.039877237752079971 0.89574658870697033 0.44722221791744238 0.01519756391644478 -0.19999755173921582 1.1625413894653323 0.96532833576202404 0.66608542203903209 0.22109007090330127 0.91469532251358043 1.0510730147361758 0.014876073691993954
decision_type=10 8 10 8 10 10 2 10 10 10 2 10 10 10 10 10 10 10 10 10 2 10 10 8 8 10 10 8 10 10
left_child=6 3 15 4 5 -2 -1 -8 9 26 -7 -12 13 -10 -14 16 -3 20 21 29 25 22 -6 -9 -25 -5 -4 -26 -29 -20
right_child=1 2 8 17 18 10 7 23 12 -11 11 -13 14 -15 -16 -17 -18 -19 19 -21 -22 -23 -24 24 27 -27 -28 28 -30 -31
leaf_value=0.00011281025203232799 0.001454161322302438 0.0078260796500583089 -0.00040526679517553825 0 0.0050831214793710172 -0.0011278270829151683 -0.0024530438776255922 0.021835206358314114 -0.002428632182738138 0.010277909383959687 -0.016799560768139217 0.00034313464435932857 -0.0010569410102300827 0.0067092187893024674 0.0016043154430312296 0.0030974295032030041 -0.0027971407117029111 -0.0011444879160698075 -0.0089925333162052864 0.0095451708257151598 2.6168642660318795e-05 0.0075013851911635739 -0.0025055067864998381 -0.012154062143204591 0.017255587643915216 -0.016209097412181375 -0.0025466743693888438 0.0032412924691742223 0.011440336363758664 0.010602231633004753
leaf_weight=4392 30751 478 11452 146 1793 28009 799 142 1074 273 135 87705 37483 1902 7409 6777 2953 9543 247 1639 334 1016 2537 110 274 523 29168 2967 793 109
leaf_count=4392 30751 478 11452 146 1793 28009 799 142 1074 273 135 87705 37483 1902 7409 6777 2953 9543 247 1639 334 1016 2537 110 274 523 29168 2967 793 109
internal_value=-1.56089e-05 -0.000112581 -0.000772987 0.000282996 0.000430722 0.000275076 0.00264313 0.00476084 -0.00105261 -0.00185687 -3.55083e-05 0.000309556 -0.000358791 0.00331715 -0.000610527 0.00162639 -0.00119343 -0.00184171 0.00348902 0.00734597 -0.00803005 0.00197178 0.000576809 0.00618048 0.0054697 -0.0123716 -0.00195083 0.00608186 0.00510125 -0.00195032
internal_weight=272933 263456 98969 164487 153941 146600 9477 5085 88761 40893 115849 87840 47868 2976 44892 10208 3431 10546 7341 1995 1003 5346 4330 4286 4144 669 40620 4034 3760 356
internal_count=272933 263456 98969 164487 153941 146600 9477 5085 88761 40893 115849 87840 47868 2976 44892 10208 3431 10546 7341 1995 1003 5346 4330 4286 4144 669 40620 4034 3760 356
is_linear=0
shrinkage=0.03


Tree=9
num_leaves=31
num_cat=0
split_feature=22 29 40 57 18 115 57 34 84 49 35 17 45 46 118 0 35 34 81 121 49 43 46 62 27 81 72 51 69 38
split_gain=85.3037 70.6678 85.9392 75.4689 76.6712 67.2902 75.4552 57.9556 57.0612 56.0508 69.2234 76.2719 63.0648 52.5171 59.3614 52.3926 52.0403 50.3845 48.9663 46.0673 47.1979 89.8819 44.5922 42.9742 41.4033 39.6303 37.486 36.3928 51.0464 42.284
threshold=1.1661723852157595 -0.0015410915948450563 -0.029080298729240891 1.1707749962806704 1.024536728858948 0.74207225441932689 0.92394757270812999 0.88649323582649242 -0.84999999403953541 0.97357806563377391 0.82423430681228649 1.0589031577110293 1.0630630850791933 1.1175718903541567 0.74117615818977367 0.029829532839357856 0.8407188653945924 0.59722632169723522 0.84999999403953563 0.63716807961463939 0.93241962790489208 1.0684444308280947 1.1140133738517763 0.85895249247550975 0.075317058712244048 0.050000002607703216 0.58855658769607555 0.90246409177780162 0.20325225591659549 -0.0069565325975418082
decision_type=10 8 8 10 10 10 8 10 2 10 10 10 10 10 10 8 10 10 2 10 10 10 10 10 10 2 10 10 10 10
left_child=1 9 22 4 5 6 -4 8 17 12 11 23 -1 24 -15 -7 -9 -2 -14 -10 -21 -22 27 26 -13 -25 -11 28 -3 -29
right_child=7 2 3 -5 -6 15 -8 16 19 10 -12 13 18 14 -16 -17 -18 -19 -20 20 21 -23 -24 25 -26 -27 -28 29 -30 -31
leaf_value=6.5152673226322294e-05 -0.013870009691691247 0.013937902295327938 0.0054733914016160453 0.0040766873676314538 -0.0062826047831020344 -0.001299128880833016 0.00023172939061830044 0.0026135326387729291 -0.0010447399401119679 -0.0079217517224857373 0.0018248474671244534 -0.0010469356101576181 -0.0050125536362521156 -0.007011310162729773 -0.0019940896481903032 -0.0077950523676962903 0.019528288659052997 5.4507921857477308e-05 -0.0016401334173807101 0.014101994532352341 -0.0041961467575922931 0.0088672383675804066 -0.0039663764234385019 -0.0022413300389707196 0.0087108733616002021 0.00041930521361720229 0.0079554633564880694 -0.0030678969962955622 0.0044598060876375354 0.0059043835235723409
leaf_weight=9520 275 651 2505 4343 1668 10138 135874 383 929 119 12019 15978 6530 3158 7305 1275 361 931 10558 577 710 1237 562 5929 376 32871 1007 1014 3373 829
leaf_count=9520 275 651 2505 4343 1668 10138 135874 383 929 119 12019 15978 6530 3158 7305 1275 361 931 10558 577 710 1237 562 5929 376 32871 1007 1014 3373 829
internal_value=1.07324e-05 -6.36489e-05 0.000327996 0.000185476 7.1394e-05 0.00014498 0.000329561 0.00373669 0.00238738 -0.000669436 -0.000262647 -0.000643488 -0.0018612 -0.00188128 -0.00354752 -0.00206343 0.0115099 -0.00305042 -0.00295076 0.0043796 0.00648657 0.00395675 0.00372409 0.000180915 -0.000793903 4.06222e-06 0.00590675 0.00452269 0.0061287 0.000826954
internal_weight=273005 267602 162232 155803 151460 149792 138379 5403 4659 105370 78762 66743 26608 26817 10463 11413 744 1206 17088 3453 2524 1947 6429 39926 16354 38800 1126 5867 4024 1843
internal_count=273005 267602 162232 155803 151460 149792 138379 5403 4659 105370 78762 66743 26608 26817 10463 11413 744 1206 17088 3453 2524 1947 6429 39926 16354 38800 1126 5867 4024 1843
is_linear=0
shrinkage=0.03


end of trees

feature_importances:
KLEN=12
RSQR5=11
IMXD30=10
ROC30=9
STD20=8
ROC5=7
ROC10=7
STD30=7
RSQR20=7
RSQR30=7
QTLU60=7
STD5=6
KLOW=5
HIGH0=5
STD10=5
STD60=5
BETA10=5
RSQR10=5
RESI5=5
RESI60=5
MAX30=5
MIN10=5
QTLD5=5
QTLD20=5
RSV10=5
WVMA20=5
ROC60=4
MA5=4
BETA20=4
RESI20=4
IMIN30=4
LOW0=3
MA60=3
BETA60=3
MAX5=3
MAX10=3
MIN30=3
QTLU10=3
QTLU20=3
QTLU30=3
QTLD10=3
RSV30=3
IMXD20=3
SUMP5=3
SUMD5=3
KMID=2
KSFT=2
OPEN0=2
MA20=2
BETA30=2
RESI10=2
MAX20=2
QTLD60=2
RANK60=2
IMIN5=2
IMIN60=2
IMXD5=2
SUMP20=2
SUMN5=2
SUMN20=2
SUMN30=2
WVMA5=2
KMID2=1
KUP=1
ROC20=1
BETA5=1
RESI30=1
MAX60=1
MIN5=1
MIN20=1
MIN60=1
QTLU5=1
QTLD30=1
RANK10=1
RSV5=1
RSV20=1
RSV60=1
IMAX5=1
IMAX60=1
IMIN20=1
IMXD10=1
CORR10=1
CORD5=1
CNTP30=1
CNTP60=1
CNTD20=1
CNTD30=1
CNTD60=1
SUMP30=1
SUMN60=1
SUMD20=1
VSTD10=1
VSTD60=1
WVMA10=1
WVMA30=1
VSUMP30=1
VSUMN30=1
ORC_VOLUME_TREND_DIVERGENCE_10=1

parameters:
[boosting: gbdt]
[objective: regression]
[metric: l2]
[tree_learner: serial]
[device_type: cpu]
[data_sample_strategy: bagging]
[data: ]
[valid: ]
[num_iterations: 500]
[learning_rate: 0.03]
[num_leaves: 31]
[num_threads: 12]
[seed: 20260812]
[deterministic: 1]
[force_col_wise: 1]
[force_row_wise: 0]
[histogram_pool_size: -1]
[max_depth: 7]
[min_data_in_leaf: 100]
[min_sum_hessian_in_leaf: 0.001]
[bagging_fraction: 0.8]
[pos_bagging_fraction: 1]
[neg_bagging_fraction: 1]
[bagging_freq: 1]
[bagging_seed: 20260812]
[bagging_by_query: 0]
[feature_fraction: 0.8]
[feature_fraction_bynode: 1]
[feature_fraction_seed: 20260812]
[extra_trees: 0]
[extra_seed: 9622]
[early_stopping_round: 0]
[early_stopping_min_delta: 0]
[first_metric_only: 0]
[max_delta_step: 0]
[lambda_l1: 10]
[lambda_l2: 20]
[linear_lambda: 0]
[min_gain_to_split: 0]
[drop_rate: 0.1]
[max_drop: 50]
[skip_drop: 0.5]
[xgboost_dart_mode: 0]
[uniform_drop: 0]
[drop_seed: 26770]
[top_rate: 0.2]
[other_rate: 0.1]
[min_data_per_group: 100]
[max_cat_threshold: 32]
[cat_l2: 10]
[cat_smooth: 10]
[max_cat_to_onehot: 4]
[top_k: 20]
[monotone_constraints: ]
[monotone_constraints_method: basic]
[monotone_penalty: 0]
[feature_contri: ]
[forcedsplits_filename: ]
[refit_decay_rate: 0.9]
[cegb_tradeoff: 1]
[cegb_penalty_split: 0]
[cegb_penalty_feature_lazy: ]
[cegb_penalty_feature_coupled: ]
[path_smooth: 0]
[interaction_constraints: ]
[verbosity: 1]
[saved_feature_importance_type: 0]
[use_quantized_grad: 0]
[num_grad_quant_bins: 4]
[quant_train_renew_leaf: 0]
[stochastic_rounding: 1]
[linear_tree: 0]
[max_bin: 255]
[max_bin_by_feature: ]
[min_data_in_bin: 3]
[bin_construct_sample_cnt: 200000]
[data_random_seed: 20260812]
[is_enable_sparse: 1]
[enable_bundle: 1]
[use_missing: 1]
[zero_as_missing: 0]
[feature_pre_filter: 1]
[pre_partition: 0]
[two_round: 0]
[header: 0]
[label_column: ]
[weight_column: ]
[group_column: ]
[ignore_column: ]
[categorical_feature: ]
[forcedbins_filename: ]
[precise_float_parser: 0]
[parser_config_file: ]
[objective_seed: 6428]
[num_class: 1]
[is_unbalance: 0]
[scale_pos_weight: 1]
[sigmoid: 1]
[boost_from_average: 1]
[reg_sqrt: 0]
[alpha: 0.9]
[fair_c: 1]
[poisson_max_delta_step: 0.7]
[tweedie_variance_power: 1.5]
[lambdarank_truncation_level: 30]
[lambdarank_norm: 1]
[label_gain: ]
[lambdarank_position_bias_regularization: 0]
[eval_at: ]
[multi_error_top_k: 1]
[auc_mu_weights: ]
[num_machines: 1]
[local_listen_port: 12400]
[time_out: 120]
[machine_list_filename: ]
[machines: ]
[gpu_platform_id: -1]
[gpu_device_id: -1]
[gpu_device_id_list: ]
[gpu_use_dp: 0]
[num_gpu: 1]

end of parameters

pandas_categorical:null
