tree
version=v4
num_class=1
num_tree_per_iteration=1
label_index=0
max_feature_idx=163
objective=regression
feature_names=KMID KLEN KMID2 KUP KUP2 KLOW KLOW2 KSFT KSFT2 OPEN0 HIGH0 LOW0 VWAP0 ROC5 ROC10 ROC20 ROC30 ROC60 MA5 MA10 MA20 MA30 MA60 STD5 STD10 STD20 STD30 STD60 BETA5 BETA10 BETA20 BETA30 BETA60 RSQR5 RSQR10 RSQR20 RSQR30 RSQR60 RESI5 RESI10 RESI20 RESI30 RESI60 MAX5 MAX10 MAX20 MAX30 MAX60 MIN5 MIN10 MIN20 MIN30 MIN60 QTLU5 QTLU10 QTLU20 QTLU30 QTLU60 QTLD5 QTLD10 QTLD20 QTLD30 QTLD60 RANK5 RANK10 RANK20 RANK30 RANK60 RSV5 RSV10 RSV20 RSV30 RSV60 IMAX5 IMAX10 IMAX20 IMAX30 IMAX60 IMIN5 IMIN10 IMIN20 IMIN30 IMIN60 IMXD5 IMXD10 IMXD20 IMXD30 IMXD60 CORR5 CORR10 CORR20 CORR30 CORR60 CORD5 CORD10 CORD20 CORD30 CORD60 CNTP5 CNTP10 CNTP20 CNTP30 CNTP60 CNTN5 CNTN10 CNTN20 CNTN30 CNTN60 CNTD5 CNTD10 CNTD20 CNTD30 CNTD60 SUMP5 SUMP10 SUMP20 SUMP30 SUMP60 SUMN5 SUMN10 SUMN20 SUMN30 SUMN60 SUMD5 SUMD10 SUMD20 SUMD30 SUMD60 VMA5 VMA10 VMA20 VMA30 VMA60 VSTD5 VSTD10 VSTD20 VSTD30 VSTD60 WVMA5 WVMA10 WVMA20 WVMA30 WVMA60 VSUMP5 VSUMP10 VSUMP20 VSUMP30 VSUMP60 VSUMN5 VSUMN10 VSUMN20 VSUMN30 VSUMN60 VSUMD5 VSUMD10 VSUMD20 VSUMD30 VSUMD60 ORC_TREND_VOLUME_DIVERGENCE_10_20 ORC_VOLUME_WEIGHTED_DIRECTION_10 ORC_LAGGED_VOLUME_LEAD_20 ORC_PV_COHERENCE_SHIFT_5_20 ORC_NET_VOLUME_PRESSURE_20 ORC_VOLUME_TREND_DIVERGENCE_10
feature_infos=[-0.15450645983219147:0.33106967806816101] [0:0.33106967806816101] [-1:1] [0:0.27153289318084717] [0:1] [0:0.19577737152576447] [0:1] [-0.31147539615631104:0.33106967806816101] [-1:1] [0.75127547979354858:1.1827411651611328] [1:1.365384578704834] [0.75127547979354858:1] [0.90894031524658203:1.0877940654754639] [0.62103557586669922:1.6790908575057983] [0.58417785167694092:1.8924485445022583] [0.46860837936401367:2.2146341800689697] [0.45439684391021729:2.740487813949585] [0.36440131068229675:2.649662971496582] [0.8043818473815918:1.3455072641372681] [0.71110033988952637:1.4951817989349365] [0.61736243963241577:1.7117466926574707] [0.56646168231964111:1.9959673881530762] [0.4937971830368042:1.8649090528488159] [0:0.26957115530967712] [0:0.32280367612838745] [0:0.36472421884536743] [0:0.57258552312850952] [0:0.50059491395950317] [-0.16409091651439667:0.17131471633911133] [-0.11732283234596252:0.17131471633911133] [-0.11732283234596252:0.17131471633911133] [-0.11732283234596252:0.17131471633911133] [-0.11732283234596252:0.17131471633911133] [0:1] [0:1] [0:1] [0:1] [0:1] [-0.11478264629840851:0.13264167308807373] [-0.24554997682571411:0.20802642405033112] [-0.40848860144615173:0.27287426590919495] [-0.44566619396209717:0.27581575512886047] [-0.96870207786560059:0.33257237076759338] [1:1.6472727060317993] [1:1.9298244714736938] [1:2.2439024448394775] [1:3.3160974979400635] [1:3.3160974979400635] [0.58144122362136841:1] [0.54045307636260986:1] [0.4660193920135498:1] [0.43721681833267212:1] [0.33789625763893127:1] [0.86334514617919922:1.4843636751174927] [0.78309857845306396:1.7869091033935547] [0.69682848453521729:2.054157018661499] [0.62161809206008911:2.423609733581543] [0.56576049327850342:2.3250908851623535] [0.70860719680786133:1.2689855098724365] [0.58504855632781982:1.4057971239089966] [0.49352750182151794:1.5574545860290527] [0.47533980011940002:1.5740000009536743] [0.38890489935874939:1.5950908660888672] [0.20000000298023224:1] [0.10000000149011612:1] [0.05000000074505806:1] [0.033333335071802139:1] [0.01666666753590107:1] [0:1] [0:1] [0:1] [0:1] [0:1] [0.20000000298023224:1] [0.10000000149011612:1] [0.05000000074505806:1] [0.033333335071802139:1] [0.01666666753590107:1] [0.20000000298023224:1] [0.10000000149011612:1] [0.05000000074505806:1] [0.033333335071802139:1] [0.01666666753590107:1] [-0.80000001192092896:0.80000001192092896] [-0.89999997615814209:0.89999997615814209] [-0.94999998807907104:0.94999998807907104] [-0.96666663885116577:0.96666663885116577] [-0.98333334922790527:0.98333334922790527] [-1:1] [-1:1] [-1:1] [-1:1] [-1:1] [-1:1] [-1:1] [-1:1] [-1:1] [-1:1] [0:1] [0:1] [0:0.89999997615814209] [0:0.8888888955116272] [0:0.8888888955116272] [0:1] [0:1] [0:0.89999997615814209] [0:0.8571428656578064] [0:0.8571428656578064] [-1:1] [-1:1] [-0.83333331346511841:0.8888888955116272] [-0.83333331346511841:0.8888888955116272] [-0.83333331346511841:0.8888888955116272] [0:1] [0:1] [0:1] [0:1] [0:1] [0:1] [0:1] [0:1] [0:1] [0:1] [-1:1] [-1:1] [-1:1] [-1:1] [-1:1] [0.20013266801834106:26452.083984375] [0.10012400150299072:23627.859375] [0.050104878842830658:26698.134765625] [0.033777147531509399:28136.5] [0.017187755554914474:26107.111328125] [0.00080492562847211957:59102.5] [0.0021778203081339598:49210.34375] [0.0021778203081339598:56418.4921875] [0.0021778203081339598:57003.12109375] [0.0021778203081339598:42065.70703125] [0:2.2360680103302002] [0:3.1615598201751709] [0:4.4708261489868164] [0:5.4656624794006348] [0:7.5986995697021484] [0:1] [0:1] [0:1] [0:1] [0:1] [0:1] [0:1] [0:1] [0:1] [0:1] [-1:1] [-1:1] [-1:1] [-1:1] [-1:1] [-681.060791015625:20.591409683227539] [-0.11966706067323685:0.21138943731784821] [-1690.6951904296875:664.3572998046875] [-0.32296907901763916:0.31678074598312378] [0:0] [-537.621826171875:24.261236190795898]
tree_sizes=3105 3098 3102 3075 3055 3048 3084 3041 3099 3040 3066 3017 3105 3112 3083 3052 3046 3082

Tree=0
num_leaves=31
num_cat=0
split_feature=16 25 29 22 42 42 5 3 12 115 50 86 4 86 30 50 115 9 41 137 140 43 5 137 33 100 38 10 31 20
split_gain=168.056 96.7345 59.9272 105.492 88.885 84.4341 84.1349 69.3369 64.6919 64.6565 96.6395 61.675 55.3848 54.105 52.7281 52.3155 51.5045 50.5098 50.2255 71.6284 49.3234 49.018 38.8109 38.5916 32.6724 30.7464 29.8255 29.676 28.0713 25.2885
threshold=1.2206377983093264 0.012410786934196951 -0.00058132092817686487 1.0944202542304995 -0.077859010547399507 0.065921377390623107 0.0029411747818812732 0.01792514976114035 0.98710510134696972 0.74207225441932689 0.86872366070747387 0.81666666269302379 0.4255331158638001 -0.55000001192092884 -0.0069329803809523574 0.94053304195404064 0.64462819695472728 0.97113367915153515 -0.02948500961065292 0.54424685239791881 0.83412408828735363 1.1307523846626284 0.0012376202503219249 0.55856671929359447 0.93002739548683178 0.34166666865348821 -0.0043558904435485593 1.0191387534141543 0.00078220220166258525 1.0562682151794436
decision_type=10 10 10 10 10 10 10 10 10 10 10 2 10 2 10 10 10 10 10 10 10 10 10 10 8 2 10 8 8 10
left_child=1 27 4 7 6 18 24 9 -9 10 -4 -10 15 22 20 -8 -7 -11 21 -20 25 -6 -5 26 -3 -2 -22 -1 -29 -14
right_child=14 2 3 13 5 16 12 8 11 17 -12 -13 29 -15 -16 -17 -18 -19 19 -21 23 -23 -24 -25 -26 -27 -28 28 -30 -31
leaf_value=0.0016154427581926418 -0.0042699539460287527 -0.00062276057156722712 0.0027678127698823481 -0.0008821390664627898 0.00023816926463293638 0.0019618045407688019 -0.0041637071327064908 -0.013136809129432596 0.0021800089179483582 -0.0082901212786499635 -0.00020530368011765265 0.010700577523695413 0.0045393302062762212 0.00016619255439079327 0.00070234654314555453 0.0065443628150452524 0.019692651086177706 -0.0015801552519400957 -0.0020755855540688165 -0.00015547862698891472 0.018973523491345314 -0.011627465755660035 0.0097401783581162853 0.0035025734340487654 -0.010150226844810374 0.0074394892572319888 0.0087374212098771369 -0.0060776837474371204 0.002005139490731622 -0.0052415499803546315
leaf_weight=32715 373 2372 11000 305 24729 431 404 165 2833 1158 91166 1109 309 1288 1269 4394 252 9129 54165 26339 614 297 1900 603 374 371 844 880 591 701
leaf_count=32715 373 2372 11000 305 24729 431 404 165 2833 1158 91166 1109 309 1288 1269 4394 252 9129 54165 26339 614 297 1900 603 374 371 844 880 591 701
internal_value=2.35294e-05 -6.71706e-05 -0.000285332 0.000181222 -0.000775935 -0.00101488 0.00215149 2.42587e-05 0.00384546 -0.000113291 0.000112349 0.00469473 0.00420997 0.00530368 0.0060568 0.00556692 0.00930466 -0.00237922 -0.00108627 -0.00145129 0.00835087 7.62016e-05 0.00814132 0.0107451 -0.00209285 0.00121826 0.0134495 0.00142188 -0.00264572 -0.00192788
internal_weight=273080 269006 234820 120053 114767 106213 8554 116560 4107 112453 102166 3942 5808 3493 4074 4798 683 10287 105530 80504 2805 25026 2205 2061 2746 744 1458 34186 1471 1010
internal_count=273080 269006 234820 120053 114767 106213 8554 116560 4107 112453 102166 3942 5808 3493 4074 4798 683 10287 105530 80504 2805 25026 2205 2061 2746 744 1458 34186 1471 1010
is_linear=0
shrinkage=1


Tree=1
num_leaves=31
num_cat=0
split_feature=16 26 33 86 123 50 10 69 46 35 10 32 15 80 33 30 113 1 44 17 32 114 2 17 108 140 137 96 23 85
split_gain=169.452 90.7048 87.4066 66.513 89.1617 94.3493 75.2037 82.5164 61.0913 60.9746 60.4646 57.2603 56.746 60.0754 52.9223 59.1638 50.2788 45.0996 42.4103 63.853 41.2097 50.1011 40.7439 40.5222 37.6284 36.7934 46.2628 35.849 32.97 31.3271
threshold=1.2206377983093264 0.021892795339226726 0.26178121566772466 -0.81666666269302357 0.31343345344066625 0.89775463938713085 1.0182828307151797 0.6428574025630952 1.0045803189277651 0.72856029868125927 1.0355787277221682 -0.0045070697087794534 1.1242603659629824 0.42499999701976782 0.97826865315437328 -0.0069329803809523574 0.56756743788719188 0.02386365178972483 1.0431923866271975 0.76144650578498851 -0.0034855571575462814 0.55725216865539562 -0.10714442282915114 0.97087380290031444 -0.90000000596046437 0.76384052634239208 1.0012832880020144 0.13748243451118472 0.016951621510088447 -0.32500000298023218
decision_type=10 10 8 2 10 10 10 10 10 10 10 10 8 2 10 10 8 10 10 8 10 10 10 8 2 10 10 10 10 2
left_child=1 10 11 9 5 17 8 -8 -6 23 16 12 13 -3 15 25 -1 -5 20 -20 21 -13 -22 -4 -7 -2 28 -25 -27 -21
right_child=14 2 3 4 6 24 7 -9 -10 -11 -12 18 -14 -15 -16 -17 -18 -19 19 29 22 -23 -24 27 -26 26 -28 -29 -30 -31
leaf_value=0.00017842122897461578 0 -0.0015485816452914854 0.0037485794903904866 0.0010918869041218542 0.0014008938050103321 -0.0026924061093997398 -0.0059063336212353936 0.0046843801745053903 -0.0017779389377492727 0.00035374192949967886 -0.0088384977370210716 0.0086599954949396866 -0.0032188699497591815 0.0099703711535410796 -0.011507808172525905 0.0009488949887428242 0.0016482662408007322 0.006082184666151038 0.0045321767334570292 -0.0022122220076467003 6.9113286356896449e-06 -0.0016610448081622417 -0.0022390665641170118 -0.0025598579670275197 0.00068711751122475892 0.0012101806886984331 0.00022926365933265472 -0.0068316219760900469 0.014024416484805681 -0.0049219218734373434
leaf_weight=52285 389 558 634 2880 6390 3076 763 3751 33059 6837 568 828 853 1138 119 1221 35533 4347 935 10234 12042 756 17357 6860 57807 265 383 2619 1690 6926
leaf_count=52285 389 558 634 2880 6390 3076 763 3751 33059 6837 568 828 853 1138 119 1221 35533 4347 935 10234 12042 756 17357 6860 57807 265 383 2619 1690 6926
internal_value=1.45512e-05 -7.64427e-05 -0.000462741 -4.28558e-05 0.000219755 0.000901594 -0.000829697 0.00280991 -0.00125498 -0.00179513 0.000709636 -0.00150586 0.00281843 0.00603182 0.00607821 0.00673922 0.000776807 0.00414342 -0.00173762 -0.00290056 -0.00104732 0.00358772 -0.00130952 -0.00327533 0.000510619 0.00919681 0.0106103 -0.00378361 0.0124692 -0.00332781
internal_weight=273103 269036 180650 129023 112073 68110 43963 4514 39449 16950 88386 51627 2549 1696 4067 3948 87818 7227 49078 18095 30983 1584 29399 10113 60883 2727 2338 9479 1955 17160
internal_count=273103 269036 180650 129023 112073 68110 43963 4514 39449 16950 88386 51627 2549 1696 4067 3948 87818 7227 49078 18095 30983 1584 29399 10113 60883 2727 2338 9479 1955 17160
is_linear=0
shrinkage=0.03


Tree=2
num_leaves=31
num_cat=0
split_feature=16 26 40 71 58 33 27 64 33 30 17 44 25 18 19 49 41 6 23 85 52 96 35 49 10 82 140 111 1 10
split_gain=170.175 84.6872 79.9201 102.374 65.4261 62.0633 64.6539 59.8911 54.1769 59.1443 48.3032 51.6863 48.2228 75.9524 74.2499 93.6503 69.2515 43.5246 45.7566 38.4776 39.8021 43.3755 39.5134 37.4285 36.5796 40.2812 35.0107 48.2921 42.8527 32.4348
threshold=1.2206377983093264 0.021769763901829723 -0.030343431979417797 0.57792210578918468 0.99964040517807018 0.2562058717012406 0.094099003821611418 0.44722221791744238 0.97826865315437328 -0.0069329803809523574 0.7380579710006715 1.0405647158622744 0.033914688974618919 1.024536728858948 0.91697111725807201 0.8330044448375703 0.049065001308918006 0.30555716156959539 0.032405344769358642 0.67499998211860668 0.98250374197959911 0.073000468313694014 0.37554369866847997 0.88315507769584667 1.0151515603065493 0.55833333730697643 0.81253799796104442 -0.16954023391008374 0.055469902232289321 1.0311891436576845
decision_type=10 10 10 10 10 8 10 10 10 10 8 10 10 10 10 10 10 10 10 2 10 10 10 10 10 2 10 2 10 10
left_child=1 7 3 19 -5 6 10 -1 9 26 -4 -12 13 16 -14 -16 -7 18 -8 20 22 -22 -3 -19 -21 -26 -2 28 -28 -9
right_child=8 2 5 4 -6 12 17 29 -10 -11 11 -13 14 -15 15 -17 -18 23 -20 24 21 -23 -24 -25 25 -27 27 -29 -30 -31
leaf_value=-0.00020969660270550323 0.0020052802189992804 0.00016120656671228113 0.0097198420856868667 0.00010450760055622691 0.0066691295770353156 -0.0003021400115903249 0.0073179650333145179 0.0014287835004785125 -0.011935740397859582 0.0010321319644083322 -0.0011135425392252538 -0.003209511026008144 -0.0072251266033894557 -0.0054027601160842815 0.010031697293717411 0.00059935650703474893 -0.0044817846147520478 0.011661120564898564 -0.0064896880897247922 0.002868646533835176 0.00027574926115214623 -0.0060822492396550758 0.0046538145146000874 -0.0057145884432184104 -0.0036178031650043146 -0.020109685889268616 0.0099972698307193384 0.0036602252030771237 0.022798661720934768 -0.0091530641725505978
leaf_weight=38041 587 6734 295 2172 4155 71138 1621 49051 116 1248 28258 17633 1022 2977 962 32776 3756 106 210 254 2299 1546 2443 665 490 212 1024 676 422 235
leaf_count=38041 587 6734 295 2172 4155 71138 1621 49051 116 1248 28258 17633 1022 2977 962 32776 3756 106 210 254 2299 1546 2443 665 490 212 1024 676 422 235
internal_value=2.65576e-06 -8.85973e-05 -0.000458532 0.00130942 0.00447025 -0.000682917 -0.00157789 0.000677717 0.00607485 0.00673564 -0.00184142 -0.00192647 -0.000292371 -0.000708875 0.000631945 0.00088298 -0.000516898 0.00296375 0.00551926 -0.000104209 0.000304079 -0.0022213 0.00139732 -0.002712 -0.00586528 -0.00943286 0.00922641 0.0110465 0.0141979 0.00136855
internal_weight=273124 269051 181724 20305 6327 161419 48788 87327 4073 3957 46186 45891 112631 77871 34760 33738 74894 2602 1831 13978 13022 3845 9177 771 956 702 2709 2122 1446 49286
internal_count=273124 269051 181724 20305 6327 161419 48788 87327 4073 3957 46186 45891 112631 77871 34760 33738 74894 2602 1831 13978 13022 3845 9177 771 956 702 2709 2122 1446 49286
is_linear=0
shrinkage=0.03


Tree=3
num_leaves=31
num_cat=0
split_feature=16 29 57 42 42 1 41 5 55 49 36 23 47 61 33 116 85 26 40 14 36 140 15 102 33 76 55 92 46 60
split_gain=151.407 91.136 107.568 70.1794 71.4644 88.145 97.0588 76.2667 59.2708 115.045 74.3645 58.8107 56.8188 57.6555 55.5125 55.1083 54.7844 56.1078 52.1167 45.3266 44.4544 62.8428 44.0529 41.5679 40.7606 40.5834 34.2959 33.9794 32.8288 32.358
threshold=1.2394970059394839 -0.00096381019102409471 1.1707749962806704 0.067746125161647811 -0.077859010547399507 0.018544884398579601 -0.031841535121202462 0.0074231147300452003 0.93731585144996654 0.8330044448375703 0.79486623406410228 0.010203029960393907 1.1030223965644839 0.98242715001106273 0.9329836666584016 0.2670454233884812 0.82500001788139354 0.043298432603478439 -0.030976872891187664 1.069847106933594 0.80461445450782787 0.72613099217414867 0.9157715141773225 0.54950982332229625 0.92417606711387645 0.083333335816860213 1.0019500255584719 0.72404792904853832 1.0718117356300356 1.0181221365928652
decision_type=10 8 10 10 10 10 10 10 8 8 10 8 10 10 10 10 2 10 8 10 10 10 8 2 8 2 10 10 10 10
left_child=1 3 8 4 7 25 15 11 10 14 16 -1 18 -14 26 -7 17 -3 -11 -9 -2 -22 -5 -21 -13 -6 -10 -12 -8 -4
right_child=20 2 29 22 5 6 28 19 9 12 27 24 13 -15 -16 -17 -18 -19 -20 23 21 -23 -24 -25 -26 -27 -28 -29 -30 -31
leaf_value=0.01216090125717326 0.0029359425478853595 0.0039222771481949685 0.0057580598109812286 0.019404440559557246 0.0013995386168156258 0.013586329044202603 -0.0011963256877123619 0.01119137291450179 0.017376145709909346 0.0045993260135210158 0.0065785573283015722 0.00012942254160204191 -0.0017317682695478045 0.00057790628747119658 -0.0056741273795336286 5.4470936088932021e-05 -0.01700591888655046 -0.0097631651423451538 0.00062936867387333023 0.0055882040960814035 -0.0036427825331107173 0.013074580542777678 0.00083225347189870081 -0.0030384914340889318 -0.0069146118039724548 -0.00047596510912249149 0 -0.0088820835791330859 -0.0030944783878247522 -0.0080487058267074939
leaf_weight=304 1599 417 4073 233 13654 257 12735 937 604 3078 578 4315 19719 18903 111 14745 454 612 100472 1712 200 1257 281 644 854 43071 116 131 26848 124
leaf_count=304 1599 417 4073 233 13654 257 12735 937 604 3078 578 4315 19719 18903 111 14745 454 612 100472 1712 200 1257 281 644 854 43071 116 131 26848 124
internal_value=9.41797e-05 1.76606e-05 0.00051392 -0.000594623 -0.000645128 -0.000852478 -0.00171292 0.0019496 0.000374459 0.000451685 -0.00448658 -0.000171526 0.000383619 -0.000593853 0.0114616 0.000324037 -0.00832807 -0.00396214 0.000751137 0.00554523 0.00671265 0.0105584 0.0102244 0.00309815 -0.000998713 -1.89007e-05 0.0145907 0.00314511 -0.00249228 0.00524276
internal_weight=273038 269982 149392 120590 120076 111310 54585 8766 145195 143003 2192 5473 142172 38622 831 15002 1483 1029 103550 3293 3056 1457 514 2356 5169 56725 720 709 39583 4197
internal_count=273038 269982 149392 120590 120076 111310 54585 8766 145195 143003 2192 5473 142172 38622 831 15002 1483 1029 103550 3293 3056 1457 514 2356 5169 56725 720 709 39583 4197
is_linear=0
shrinkage=0.03


Tree=4
num_leaves=31
num_cat=0
split_feature=16 25 29 22 42 42 4 25 10 35 100 9 35 50 6 6 26 41 36 58 15 34 51 58 36 26 76 22 28 35
split_gain=138.519 80.6602 56.7683 70.8609 68.3776 65.5405 64.0952 60.0099 123.885 76.7766 68.8959 62.8658 55.2722 55.5829 54.7984 54.1782 52.3478 47.2261 47.0236 45.4876 45.4655 42.4928 44.9978 44.7404 44.1876 43.6569 35.5275 34.5297 30.2345 33.0972
threshold=1.2206377983093264 0.012410786934196951 -0.00058132092817686487 1.0944202542304995 -0.077859010547399507 0.067746125161647811 0.4255331158638001 0.041502594947814948 1.0226897597312929 0.13202194124460223 0.58114033937454235 1.0316528677940371 0.80202254652977001 0.97819179296493541 0.15555725246667865 0.058824747800827033 0.021769763901829723 -0.028886320069432255 0.54763910174369823 0.9890541434288026 0.90958526730537426 0.87956127524375927 0.97748222947120678 1.043700158596039 0.80461445450782787 0.081169772893190398 0.15000000596046451 0.94998252391815197 -0.02607801184058189 0.57080060243606578
decision_type=10 10 10 10 10 10 10 10 10 10 2 10 10 10 10 10 10 10 10 10 8 10 10 10 10 10 2 10 10 10
left_child=1 -1 4 7 6 12 14 11 9 -9 -10 16 17 -14 27 -5 -4 -6 -13 -16 -7 22 24 28 -2 -26 -17 -3 -24 -30
right_child=21 2 3 15 5 20 -8 8 10 -11 -12 18 13 -15 19 26 -18 -19 -20 -21 -22 -23 23 -25 25 -27 -28 -29 29 -31
leaf_value=0.0013093040957933191 0.0025662438286766409 0.010329646982349611 0.00093629249399502048 -0.0029566272073662135 -0.00014961500265628884 0.018489248144364548 -0.0032306875358772817 0.0090804913278065644 0.011316304878004325 -0.0002311240481285812 0.002686410815849282 -0.011771620241533888 -0.001916383994398232 0.0017080433456008878 -0.0026044067827183694 0.0085231932091170692 -0.00057026638264094773 -0.0017219520999547861 0.0004957808651630429 0.0067419169761520521 0.00080405009604874063 0.013442525051624835 -0.011629762000546393 0.010844517001245255 0 0.015153865089501426 0.0010839942052836343 -0.00090652068384849027 -0.013333049868728887 0.0025843247855448885
leaf_weight=34237 1230 250 29559 672 24038 238 1721 830 1605 12131 1985 712 5527 11881 482 1931 69230 64456 381 3398 348 545 252 241 246 728 971 2739 121 687
leaf_count=34237 1230 250 29559 672 24038 238 1721 830 1605 12131 1985 712 5527 11881 482 1931 69230 64456 381 3398 348 545 252 241 246 728 971 2739 121 687
internal_value=3.2599e-05 -4.9306e-05 -0.00024854 0.00020602 -0.000725129 -0.000934772 0.00183505 7.53172e-05 0.00174916 0.000355137 0.00666904 -0.000199339 -0.000993436 0.000539204 0.00315349 0.00435643 -0.000116349 -0.00129837 -0.00729382 0.00549653 0.00885498 0.00552641 0.00414112 -6.48893e-05 0.00673704 0.0115446 0.00616119 0 -0.00297791 0
internal_weight=273372 269322 235085 120007 115078 106488 8590 116433 16551 12961 3590 99882 105902 17408 6869 3574 98789 88494 1093 3880 586 4050 3505 1301 2204 974 2902 2989 1060 808
internal_count=273372 269322 235085 120007 115078 106488 8590 116433 16551 12961 3590 99882 105902 17408 6869 3574 98789 88494 1093 3880 586 4050 3505 1301 2204 974 2902 2989 1060 808
is_linear=0
shrinkage=0.03


Tree=5
num_leaves=31
num_cat=0
split_feature=16 55 49 46 40 25 38 13 106 59 39 84 30 59 123 16 35 31 40 140 37 80 6 52 83 24 106 38 1 75
split_gain=117.259 71.4491 77.772 78.0758 76.4563 63.6698 58.6401 65.7268 53.3162 53.2661 60.5968 48.5768 45.9412 45.1647 51.5315 48.6738 42.1947 55.5755 43.0639 40.3816 39.7732 39.7572 36.0249 33.0055 32.9938 32.0225 27.1804 28.1776 36.7899 35.6442
threshold=1.2394970059394839 0.93731585144996654 0.8330044448375703 1.0748502612113955 -0.030343431979417797 0.013636420015245678 0.00011532206190167928 0.9865228831768037 0.58722111582756054 0.91861116886138927 0.032036369666457183 0.84999999403953563 -0.0069329803809523574 0.87291401624679577 0.82978704571723949 0.80936247110366832 0.7669273614883424 -0.0046420509461313477 -0.02054851874709129 0.82000133395195018 0.9102732539176942 0.17500000447034839 0.4999962598085404 0.76852816343307506 -0.3000000044703483 0.036824531853199012 0.5962963104248048 -0.0058345696888864032 0.064701750874519362 0.17500000447034839
decision_type=10 8 8 8 10 10 10 8 2 10 10 2 10 10 10 10 8 8 8 10 10 2 10 10 10 10 2 10 10 2
left_child=1 13 9 4 23 -6 16 8 -8 10 22 -7 19 14 -1 -15 17 -5 -18 -2 -9 -17 -3 25 -25 -4 -21 29 -29 -28
right_child=12 2 3 6 5 11 7 20 -10 -11 -12 -13 -14 15 -16 21 18 -19 -20 26 -22 -23 -24 24 -26 -27 27 28 -30 -31
leaf_value=-0.022631234927838178 0.00032659960616215623 0.0099019703483613931 0.010350640715108684 0.002208746980416489 0.0012309412764685034 -0.00034817831029943034 -0.005694750562639201 -0.0011469610540225132 1.1833368423456607e-05 -0.0026463572824390468 -0.0037366531311104501 0.0017807621977789798 0 0.0053350825562360291 -0.0043898273041888475 -0.01352786797040168 0.0062892282690266976 -0.00089568473030615528 0.00082925363974930665 0.0039315251126004523 0.0049201010536613025 -0.00082365405618225866 0.028134954442460853 0.0036617218922202748 -0.0011383863122795116 -0.0028738367941696197 0.024040127667983101 0.002612026223656578 0.019423319860943592 0.00055132328114686072
leaf_weight=246 524 670 931 5982 40294 105505 5232 40255 1903 316 175 10572 875 466 436 377 1531 36857 9524 534 960 637 146 4824 1630 150 348 467 172 102
leaf_count=246 524 670 931 5982 40294 105505 5232 40255 1903 316 175 10572 875 466 436 377 1531 36857 9524 534 960 637 146 4824 1630 150 348 467 172 102
internal_value=0 -6.51228e-05 -1.98863e-05 -5.71217e-05 0.000347464 0.000202982 -0.000708583 -0.00146699 -0.00413502 0.00722301 0.0106569 -0.000151422 0.005858 -0.00547228 -0.0118542 -0.00221257 -2.2337e-05 -0.000454357 0.00162248 0.00820078 -0.000996051 -0.00600745 0.0141181 0.00329768 0.00240331 0.00822426 0.0105255 0.0133592 0.00804451 0.0196043
internal_weight=272641 269619 267457 266150 163906 156371 102244 48350 7135 1307 991 116077 3022 2162 682 1480 53894 42839 11055 2147 41215 1014 816 7535 6454 1081 1623 1089 639 450
internal_count=272641 269619 267457 266150 163906 156371 102244 48350 7135 1307 991 116077 3022 2162 682 1480 53894 42839 11055 2147 41215 1014 816 7535 6454 1081 1623 1089 639 450
is_linear=0
shrinkage=0.03


Tree=6
num_leaves=31
num_cat=0
split_feature=16 25 27 33 53 42 102 44 27 18 11 6 125 38 22 77 125 55 3 33 30 114 75 124 100 1 121 138 78 37
split_gain=121.75 80.0961 61.5763 49.2315 63.6693 54.5377 51.7677 50.6937 49.6509 46.2388 63.0963 58.3588 54.851 51.5766 58.1034 57.6828 46.4119 46.0242 41.6478 41.5331 50.348 39.0032 38.5359 37.207 39.9137 31.6644 69.4304 43.2846 32.7429 26.7364
threshold=1.2206377983093264 0.012410786934196951 0.073694020509719863 0.37253709137439733 1.0493158698081972 0.10417669266462327 0.53529900312423717 1.0380771160125735 0.034386325627565391 0.94259545207023632 0.97153580188751232 0.066667936742305769 0.36645959317684179 0.0015488890348933639 1.0526462197303774 0.058333335444331176 0.49697594344615942 0.98420768976211559 0.016814567148685459 0.97826865315437328 -0.0071641574613749972 0.48148144781589514 0.37500000000000006 0.84085223078727733 0.59411767125129711 0.055469902232289321 0.66101697087287914 0.94287604093551647 0.30000000447034841 0.65855157375335704
decision_type=10 10 10 8 10 10 2 8 10 10 10 10 10 10 10 2 10 10 10 10 10 10 2 10 2 10 10 10 10 10
left_child=1 29 3 4 7 6 18 8 -3 11 13 -4 17 14 -11 -15 -14 -12 -5 20 25 -9 -8 24 -7 27 -27 -2 -29 -1
right_child=19 2 9 5 -6 23 22 21 -10 10 12 -13 16 15 -16 -17 -18 -19 -20 -21 -22 -23 -24 -25 -26 26 -28 28 -30 -31
leaf_value=0.00078483649684724533 0.001557883523248701 0.00068770595793089979 -0.01896689842022263 -0.00036677679092422084 -0.013836247016258258 0 -0.00091103720359776079 -0.0014413284343816099 -0.0012798671702627545 0.014458012820384249 -0.004388152106631551 0.00030012276143499529 0.0077633857972362287 0.0091736093543217725 -0.00085388108820436484 0.00078689405367484355 -0.00069297792084086103 0.00044062364608883707 0.0032132443489751744 -0.011079324928522989 0.00075925881881105017 -0.0043591146192681627 0.0022276423660284911 0.0031308798714774488 -0.011729495032131197 0.0013072162085170909 0.019761134879714665 0.02573409546512578 0.0069565140403776591 0.0027211112825154707
leaf_weight=25319 1127 21066 214 106526 333 402 4528 22205 25201 741 1926 283 1582 937 262 3709 818 20328 2974 107 1347 5272 14039 287 826 336 527 120 498 8968
leaf_count=25319 1127 21066 214 106526 333 402 4528 22205 25201 741 1926 283 1582 937 262 3709 818 20328 2974 107 1347 5272 14039 287 826 336 527 120 498 8968
internal_value=2.58242e-05 -5.11713e-05 -0.000250331 -0.000440438 -0.0010576 -8.52095e-05 -1.54826e-05 -0.00099209 -0.000377613 0.00099645 0.00115615 -0.00782847 0.000485641 0.0040175 0.0102265 0.00257468 0.0047753 5.67774e-06 -0.000266236 0.00516871 0.0057373 -0.00201484 0.0014459 -0.00570697 -0.00802995 0.00816889 0.0131084 0.00543521 0.0117653 0.00130132
internal_weight=272808 268746 234459 203659 74077 129582 128067 73744 46267 30800 30303 497 24654 5649 1003 4646 2400 22254 109500 4062 3955 27477 18567 1515 1228 2608 863 1745 618 34287
internal_count=272808 268746 234459 203659 74077 129582 128067 73744 46267 30800 30303 497 24654 5649 1003 4646 2400 22254 109500 4062 3955 27477 18567 1515 1228 2608 863 1745 618 34287
is_linear=0
shrinkage=0.03


Tree=7
num_leaves=31
num_cat=0
split_feature=16 26 38 58 49 26 138 49 3 1 122 122 25 118 3 86 42 38 105 78 71 76 138 146 38 35 21 163 138 31
split_gain=107.963 68.7481 71.732 66.9212 70.8354 64.5137 59.4444 56.9132 113.761 46.6862 77.3397 46.3613 53.7235 43.8044 40.7839 76.4131 47.4535 46.8636 42.1862 40.2425 67.441 35.3722 34.4212 41.5454 35.1261 34.4472 31.7604 30.404 29.859 34.0501
threshold=1.2394970059394839 0.019933737814426426 -0.00088038985268212844 0.90896162390708934 0.85446846485137951 0.069893267005682005 0.75289461016654979 0.81136205792427074 0.0080831721425056475 0.055469902232289321 0.63514512777328502 0.33376622200012213 0.042319050058722503 0.40000049769878393 0.01792514976114035 0.65000000596046459 0.082661904394626631 -0.011702119838446377 0.44722221791744238 0.5000000149011613 0.92499947547912609 0.31666667759418493 0.64176785945892345 0.50583028793334972 -0.0032786626834422346 0.4955908209085465 1.0115782618522646 -0.0039773993194103232 1.1876382231712344 -0.0075392194557934991
decision_type=10 10 10 10 10 10 10 10 10 10 10 10 10 8 10 2 10 8 2 10 10 2 10 10 10 10 10 8 10 10
left_child=1 13 5 4 28 14 -7 8 -5 22 -11 27 -13 -1 16 26 17 -3 -17 20 -9 -21 23 -2 25 -24 -16 -8 29 -4
right_child=9 2 3 7 -6 6 11 19 -10 10 -12 12 -14 -15 15 18 -18 -19 -20 21 -22 -23 24 -25 -26 -27 -28 -29 -30 -31
leaf_value=0.0016820364711856858 0.0035306912302487687 -0.0017785461729867562 -0.0021570534949520029 0.021841978972450226 0.0042464176646020554 -0.0009019717490562298 -0.010320372715936738 -0.0025725895409313398 -0.010092069681658841 0.0035299212310494466 0.020920287818847489 -0.0023733228687828774 0.0091015283279162491 0.00012241380025795935 0.003549827389730126 0.0044130586497419114 -0.0038707849375595178 0.00032437564193426688 0.019211867566695202 -0.001185458782807838 0.00042513456837715396 0.00014005420644049051 0 -0.013811728874916858 0.00021839913689340886 0.013916675126468976 -0.0041607740381982943 0.0037445511387262293 0 -0.025294815613758851
leaf_weight=25624 219 10999 113 253 182 1670 218 24825 129 650 400 378 2395 45332 1100 505 2872 70624 339 34871 9048 36952 242 207 860 489 817 276 109 277
leaf_count=25624 219 10999 113 253 182 1670 218 24825 129 650 400 378 2395 45332 1100 505 2872 70624 339 34871 9048 36952 242 207 860 489 817 276 109 277
internal_value=-4.49979e-05 -0.000109883 -0.000396771 -0.000926587 -0.0102062 0.000213567 0.00354315 -0.000862273 0.0103461 0.00553168 0.0107024 0.00589831 0.00742413 0.000690175 2.09707e-05 0.0035984 -9.32014e-05 3.69584e-05 0.0110115 -0.00090757 -0.00176322 -0.000499475 0.002614 -0.00446508 0.00472759 0.00948596 9.97619e-05 -0.00203864 -0.016016 -0.0197548
internal_weight=272975 269908 198952 106759 681 92193 4937 106078 382 3067 1050 3267 2773 70956 87256 2761 84495 81623 844 105696 33873 71823 2017 426 1591 731 1917 494 499 390
internal_count=272975 269908 198952 106759 681 92193 4937 106078 382 3067 1050 3267 2773 70956 87256 2761 84495 81623 844 105696 33873 71823 2017 426 1591 731 1917 494 499 390
is_linear=0
shrinkage=0.03


Tree=8
num_leaves=31
num_cat=0
split_feature=16 26 39 33 25 17 12 70 113 38 34 14 16 2 23 36 139 3 11 1 87 77 31 59 30 75 82 78 54 14
split_gain=114.731 76.443 72.5816 68.1086 72.1703 64.3349 50.1307 80.8143 47.651 44.9414 44.6945 43.9282 60.9228 42.1824 41.3629 49.2331 45.4134 40.5742 55.6397 38.6085 35.923 37.2188 35.7198 34.0135 41.0471 42.871 41.8596 31.3439 40.506 30.7329
threshold=1.2206377983093264 0.021392118185758594 0.01746934745460749 0.26178121566772466 0.037823783233761794 1.0503394007682803 1.0057870745658877 0.47457639873027807 0.56756743788719188 -0.017462593503296372 0.24483814835548404 0.88698756694793712 0.82715803384780895 -0.58334097266197193 0.017329806461930278 0.80461445450782787 0.75457394123077404 0.0070267918054014453 0.9766925871372224 0.060804652050137527 -0.67500001192092884 0.47499999403953558 -0.0013240776024758814 0.87291401624679577 0.00045905556180514401 0.075000001117587103 0.058333335444331176 0.30000000447034841 1.0675321221351626 0.95769578218460094
decision_type=10 10 10 8 10 10 10 10 10 8 10 8 10 10 10 10 10 10 10 10 2 2 10 10 10 2 2 10 10 10
left_child=1 8 3 11 5 -5 9 -8 -1 -6 -7 12 -3 22 -2 -16 19 29 -19 -17 -10 -22 -4 -15 25 -25 -26 -18 -29 -13
right_child=14 2 13 4 6 10 7 -9 20 -11 -12 17 -14 23 15 16 27 18 -20 -21 21 -23 -24 24 26 -27 -28 28 -30 -31
leaf_value=9.5670844749133637e-05 -0.0012599464741494908 -0.0021346139051063315 -0.0026350290149284605 0.00045132277845973866 -0.0098017276464108846 0.00045753855229226683 0.0012631367004014361 0.0076493697559893532 0.0044478272507350947 0.00092264215756392067 -0.0018713065465195582 -0.0027890384231671257 0.015674697793173518 -0.010164815858186802 0.0024744567100689055 -0.0024813122055665762 0.026405274600612989 0.0036943513960241139 -0.0034171761920489797 0.013590047585140718 0.00029659631636843453 0.0024728631160152803 -0.020330869703188995 4.1777740957531764e-05 0.0049695552289553977 -0.0033288679523753384 -0.00083560174530921967 0 0.014014333573669739 -0.00030528069871336354
leaf_weight=50643 703 302 306 53924 335 10226 5170 2835 3533 17844 25246 5426 310 419 1695 385 166 1032 10979 170 17450 12318 192 4522 1417 11787 4854 249 718 27819
leaf_count=50643 703 302 306 53924 335 10226 5170 2835 3533 17844 25246 5426 310 419 1695 385 166 1032 10979 170 17450 12318 192 4522 1417 11787 4854 249 718 27819
internal_value=7.26397e-06 -6.76294e-05 -0.000409418 -0.000180536 0.000205456 -0.000197351 0.00159125 0.00357565 0.000681742 0.000697976 -0.00119161 -0.00115938 0.00662232 -0.00196782 0.00498519 0.00637089 0.010033 -0.00127412 -0.00277608 0.00222118 0.00156342 0.00120826 -0.0105582 -0.00175976 -0.00158167 -0.00237701 0.000440078 0.0134946 0.0104842 -0.000721113
internal_weight=272975 268889 184945 161448 115580 89396 26184 8005 83944 18179 35472 45868 612 23497 4086 3383 1688 45256 12011 555 33301 29768 498 22999 22580 16309 6271 1133 967 33245
internal_count=272975 268889 184945 161448 115580 89396 26184 8005 83944 18179 35472 45868 612 23497 4086 3383 1688 45256 12011 555 33301 29768 498 22999 22580 16309 6271 1133 967 33245
is_linear=0
shrinkage=0.03


Tree=9
num_leaves=31
num_cat=0
split_feature=16 25 86 55 3 49 3 39 69 9 40 14 20 17 81 109 38 80 33 163 33 23 17 77 116 110 80 39 9 79
split_gain=114.062 65.0566 59.8334 80.9799 79.4891 73.2157 58.9753 67.9708 58.8328 57.1458 44.5084 44.3056 66.4783 42.8043 42.6901 38.2489 37.1595 38.0847 36.55 35.4276 31.8722 35.368 36.1083 32.9042 31.0404 28.9833 37.0178 28.0025 25.2284 22.9408
threshold=1.2206377983093264 0.012410786934196951 0.78333333134651195 0.93731585144996654 0.01792514976114035 0.8330044448375703 0.0074946356471627959 0.028102324344217781 0.92207804322242748 0.97557839751243602 -0.033931845799088471 0.87782910466194164 0.92615920305252086 1.0613343715667727 0.55000001192092907 0.18333333730697635 -0.0085295797325670702 0.17500000447034839 0.53535765409469616 -0.0048956635873764745 0.96601486206054699 0.017329806461930278 1.2522040009498598 0.058333335444331176 0.6267281472682954 0.29705883562564855 0.52500000596046459 -0.012000935617834328 1.0200000405311587 0.15000000223517421
decision_type=10 10 2 10 10 8 10 10 10 10 10 8 10 10 2 2 10 2 10 10 10 10 8 2 10 2 2 8 10 2
left_child=1 27 3 16 10 6 7 -5 -8 -6 19 14 -13 15 -7 -12 -3 -18 -15 -4 21 -2 -23 28 -21 26 -11 -1 -24 -27
right_child=20 2 4 5 9 11 8 -9 -10 25 13 12 -14 18 -16 -17 17 -19 -20 24 -22 22 23 -25 -26 29 -28 -29 -30 -31
leaf_value=-0.0022622264741599817 -0.00031385059954248262 0.002135521972357014 -0.0020223727389904003 0.018491938359932864 -0.010036313923325125 -0.00065362402525907522 0.0064031247147460918 -0.0054173600427325688 -0.014006706567015498 0.016675697586190575 -0.0012292700472791033 -0.0056789712690658812 -0.00038634459022849694 0.00040207465713143725 0.012546632443704912 0.0016321366706437139 -0.022157018437730183 -0.0059979996897272488 -0.010224670429057916 0.00160863335901473 -0.0058144245219915684 0.0024901829275907612 -0.00081358447958130989 0.012352968327120871 0.012491000849916565 0.010116947238100691 -4.4464423873683162e-05 0.0013606311864254198 0.010109434074562306 -0.0021849198677782729
leaf_weight=1964 652 152 337 476 107 339 391 104 164 647 6097 2148 206732 451 445 12923 243 462 598 478 191 1233 404 1297 663 220 102 32432 277 237
leaf_count=1964 652 152 337 476 107 339 391 104 164 647 6097 2148 206732 451 445 12923 243 462 598 478 191 1233 404 1297 663 220 102 32432 277 237
internal_value=1.77655e-06 -7.25978e-05 -0.000252374 -0.000410941 0.00120173 -0.000371576 0.00714693 0.0136671 0 0.00833398 0.000745875 -0.000414385 -0.000442745 0.000357202 0.00659146 0.000698808 -0.00952226 -0.0124391 -0.0054532 0.00574797 0.00498499 0.00562341 0.00691631 0.00947267 0.00829669 0.0103457 0.0140667 0.00114386 0.00336311 0.00328416
internal_weight=272966 268912 234516 211656 22860 210799 1135 580 555 1313 21547 209664 208880 20069 784 19020 857 705 1049 1478 4054 3863 3211 1978 1141 1206 749 34396 681 457
internal_count=272966 268912 234516 211656 22860 210799 1135 580 555 1313 21547 209664 208880 20069 784 19020 857 705 1049 1478 4054 3863 3211 1978 1141 1206 749 34396 681 457
is_linear=0
shrinkage=0.03


Tree=10
num_leaves=31
num_cat=0
split_feature=32 26 39 25 120 72 73 86 33 53 86 1 33 18 5 43 34 69 6 87 87 27 2 23 137 49 39 16 31 2
split_gain=92.5939 72.8087 67.3732 68.8409 68.2335 75.1129 76.2176 66.8797 92.5798 51.8943 48.1981 62.3107 50.5869 51.9471 43.2508 41.541 40.1261 39.671 37.2624 35.1441 76.9617 52.8253 49.7407 35.0239 34.3795 41.8874 55.5519 43.2774 33.5774 33.4587
threshold=-0.0049950752872973672 0.019933737814426426 0.01746934745460749 0.041502594947814948 0.25574485957622534 0.76056352257728588 0.5000000149011613 -0.58333334326744068 0.9329836666584016 0.97813132405281078 -0.81666666269302357 0.018544884398579601 0.33333569765090948 1.0229310989379885 0.010362695902585985 1.0104230642318728 0.26437978446483618 0.39037415385246282 0.63636690378189098 -0.60833334922790516 -0.65833333134651173 0.065484371036291136 -0.52941194176673878 0.026182246394455436 0.98083889484405529 0.93619096279144298 -0.0017834213795140383 1.0766268372535708 -0.0042562361340969792 0.77272847294807445
decision_type=10 8 8 10 10 10 10 2 10 10 2 10 8 10 10 10 10 10 10 2 2 10 10 10 10 10 10 8 10 10
left_child=7 15 3 10 14 6 -6 8 9 -1 11 -3 13 -12 -5 23 -14 -13 -7 20 -4 -22 28 -2 25 27 -27 -11 -21 -23
right_child=1 2 19 4 5 18 -8 -9 -10 24 12 17 16 -15 -16 -17 -18 -19 -20 22 21 29 -24 -25 -26 26 -28 -29 -30 -31
leaf_value=-0.0046883561853557328 0.0015450489973174977 -5.9734816601613052e-05 -0.0014300024869407964 -0.0050707847508463817 0.0023297904325934268 0.0056801855792227929 -0.0017227218986815074 0.00063007758780028354 -0.0069720662144022319 -0.0020768835511989891 -0.00093138074444339169 -0.0044610223294415906 0.0011085974534143094 -0.008158834013976022 0.0020244026889116311 0.00011995030011202193 -0.00029785298381676257 0.0015930397082278675 -0.003615978723865953 0 0.00031766755938796059 0.020507469046715413 -0.0024220720324211863 0.01683448002163121 0.00046598698724403803 0.011345883801657387 0 0.015127354034255793 -0.017952802210413621 0.0006649290234781801
leaf_weight=254 26298 8210 6009 2320 11288 4831 6529 5389 418 108 44087 7823 27099 907 1069 43163 55389 1023 368 111 505 300 15657 120 502 751 748 1280 298 145
leaf_count=254 26298 8210 6009 2320 11288 4831 6529 5389 418 108 44087 7823 27099 907 1069 43163 55389 1023 368 111 505 300 15657 120 502 751 748 1280 298 145
internal_value=-2.38358e-05 -0.000129643 -0.000429249 -0.000221963 0.00118273 0.00177612 0.000827671 0.00288937 0.00579618 0.00737318 -0.000480784 -0.00198043 -0.000277512 -0.0010873 -0.00274598 0.000701128 0.000160716 -0.00372505 0.00495336 -0.00195364 -0.000126466 0.00766895 -0.00272529 0.00163853 0.00838738 0.0096489 0.00569429 0.0135651 -0.0129795 0.0149938
internal_weight=272999 263549 193968 170943 26405 23016 17817 9450 4061 3643 144538 17056 127482 44994 3389 69581 82488 8846 5199 23025 6959 950 16066 26418 3389 2887 1499 1388 409 445
internal_count=272999 263549 193968 170943 26405 23016 17817 9450 4061 3643 144538 17056 127482 44994 3389 69581 82488 8846 5199 23025 6959 950 16066 26418 3389 2887 1499 1388 409 445
is_linear=0
shrinkage=0.03


Tree=11
num_leaves=31
num_cat=0
split_feature=16 25 40 71 18 73 58 20 41 55 14 33 42 158 46 47 138 56 33 85 113 83 75 137 49 33 38 34 126 25
split_gain=105.767 57.5064 49.7909 68.8211 60.0883 62.7786 56.0078 52.2369 48.7606 45.7156 101.024 91.4286 45.8675 43.0404 44.4835 41.0134 58.4855 40.4461 49.9766 38.0521 36.6103 38.2384 33.3638 32.4083 34.765 52.3225 33.3515 32.1185 32.0929 29.4466
threshold=1.2206377983093264 0.012543265242129566 -0.030343431979417797 0.57792210578918468 1.024536728858948 0.5000000149011613 0.99981394410133373 1.072277903556824 -1.0000000180025095e-35 0.93731585144996654 0.89384698867797863 0.83901411294937145 -0.077859010547399507 -0.011208978481590746 1.0793650746345522 1.0096055865287783 1.1080579161643984 1.1637761592864992 0.96601486206054699 0.67499998211860668 0.45945985615253454 -0.3000000044703483 0.17500000447034839 1.0012832880020144 0.94148311018943798 0.64307919144630443 0.010526320431381466 0.14705678075551989 -0.32539679110050196 0.053341977298259742
decision_type=10 10 10 10 10 10 10 10 10 10 8 10 10 8 10 10 10 10 10 2 10 10 2 10 10 10 10 10 10 10
left_child=1 -1 3 19 9 7 20 8 -6 15 11 -11 -12 -8 -15 29 -17 -2 23 -3 21 -5 -9 24 28 -26 -27 -21 -19 -4
right_child=17 2 4 6 5 -7 13 22 -10 10 12 -13 -14 14 -16 16 -18 18 -20 27 -22 -23 -24 -25 25 26 -28 -29 -30 -31
leaf_value=0.0010363284253818159 -0.00066216392610673504 0.00042778432187544287 0.0040625693810665432 7.5568844806840645e-05 -0.0046608836174997885 -0.0089505200467995972 -0.0009516711630412828 0 0.0067751505834290557 0.0076206535487522344 0.0027564425827352871 -0.0037020183721907926 -0.00041614149537183922 0.0052391808113812178 0.01427885917732259 -0.0125745172126932 0.00028962318279648577 0.021369856095765357 -0.007519573544044842 0 0.0068153156652232347 -0.01022085646315354 0.0092170070208223206 0.00064098996061358749 -0.00051305619560571805 0.01170572825271155 -0.0028816689557456614 -0.010706666156230317 0.0053929387212597896 -0.0067866709668322331
leaf_weight=35496 862 15020 609 1347 3525 1358 620 1102 333 2588 4148 798 194890 2702 677 843 432 357 183 515 517 386 482 618 587 1052 118 507 274 330
leaf_count=35496 862 15020 609 1347 3525 1358 620 1102 333 2588 4148 798 194890 2702 677 843 432 357 183 515 517 386 482 618 587 1052 118 507 274 330
internal_value=-1.30758e-05 -8.67367e-05 -0.000258652 0.00108566 -0.000401885 -0.00317683 0.00375144 -0.00165364 -0.00356658 -0.000307908 -0.000259207 0.00485802 -0.000348247 0.00587319 0.00721195 -0.0045841 -0.00804703 0.00478503 0.00634587 2.51716e-05 0 -0.00213712 0.00280487 0.00733323 0.00892085 0.00632496 0.00995871 -0.00549863 0.0152718 0
internal_weight=273276 269225 233729 22291 211438 6800 6249 5442 3858 204638 202424 3386 199038 3999 3379 2214 1275 4051 3189 16042 2250 1733 1584 3006 2388 1757 1170 1022 631 939
internal_count=273276 269225 233729 22291 211438 6800 6249 5442 3858 204638 202424 3386 199038 3999 3379 2214 1275 4051 3189 16042 2250 1733 1584 3006 2388 1757 1170 1022 631 939
is_linear=0
shrinkage=0.03


Tree=12
num_leaves=31
num_cat=0
split_feature=16 74 57 1 41 34 84 47 115 0 15 25 18 20 41 115 82 78 37 42 80 26 37 11 15 146 34 69 1 124
split_gain=77.5636 60.9086 98.7748 51.2856 84.2889 49.7796 51.4373 48.7863 65.9017 67.9048 60.7 54.8138 48.7603 47.9193 66.109 47.016 45.1978 44.6818 43.7176 42.7121 53.2725 44.2569 68.0361 41.0534 40.5354 39.57 36.2011 39.8421 63.3966 37.4531
threshold=1.2206377983093264 0.35000000894069677 1.1707749962806704 0.018168587237596515 -0.038226187229156487 0.47853757441043859 1.0000000180025095e-35 1.0944131016731264 0.74207225441932689 0.029829532839357856 1.0787481665611269 0.042319050058722503 1.024536728858948 1.0180737376213076 0.026705933734774593 0.46376805007457739 0.37500000000000006 0.70000001788139354 0.60026553273201 0.065921377390623107 0.22500000149011615 0.029604631476104263 0.74105912446975719 0.96894410252571117 0.92122092843055736 0.50795128941535961 0.88303968310356151 0.36363764107227331 0.053465308621525771 -0.70212748646736134
decision_type=10 2 10 8 10 8 2 8 10 10 8 10 8 10 10 10 2 10 10 10 2 10 10 10 10 10 10 10 10 10
left_child=1 3 7 18 5 6 23 8 11 -10 13 24 -12 14 -9 16 -7 -17 -1 21 -21 22 -6 -5 -3 -14 27 28 -2 -28
right_child=26 2 -4 4 19 15 -8 10 9 -11 12 -13 25 -15 -16 17 -18 -19 -20 20 -22 -23 -24 -25 -26 -27 29 -29 -30 -31
leaf_value=-0.00054428395526616869 -0.0026352478132766876 -0.00096702433697464939 0.0044905201267237292 0.011194019417368596 -0.0017796256540492975 0.0036929964740260524 0.011616476705266955 0.00054113728491971501 -0.00076643472317466823 -0.0084287911932852018 0.0037806444440404742 0.0035419006808345638 0.0015828904286766257 -0.0028300118681374364 -0.0021979928379878165 -0.0019170503471389242 -0.0011299750986495433 0.0076313871482929143 0.0012030125216752877 0.012897196838659775 -0.0030099944444373248 -0.0028148425737763378 0.0026592682749693036 -0.0060665934846656968 0.00090298865699400485 -0.0073030046282871628 0.0021756261745565471 0.0074281483567028772 0.0076951324963421813 0.019847403187939726
leaf_weight=38940 1652 12067 4942 104 14942 2764 161 21949 9381 1173 4616 6294 1024 9782 12305 502 4562 1918 19224 373 308 24477 3862 1731 70894 730 266 1156 759 244
leaf_count=38940 1652 12067 4942 104 14942 2764 161 21949 9381 1173 4616 6294 1024 9782 12305 502 4562 1918 19224 373 308 24477 3862 1731 70894 730 266 1156 759 244
internal_value=0 -6.19962e-05 0.000323446 -0.0005898 -0.00124034 0.000999891 -0.00324006 0.000183775 0.000569463 -0.00166075 -0.000573899 0.000836849 0.00214434 -0.000974709 -0.000434791 0.00190382 0.000653928 0.00552825 2.82805e-05 -0.0018457 0.00539418 -0.00196898 -0.000850164 -0.00481647 0.000627205 -0.00198687 0.0040971 0.00287814 0.000529977 0.0116263
internal_weight=273102 269025 155157 113868 55704 11742 1996 150215 99809 10554 50406 89255 6370 44036 34254 9746 7326 2420 58164 43962 681 43281 18804 1835 82961 1754 4077 3567 2411 510
internal_count=273102 269025 155157 113868 55704 11742 1996 150215 99809 10554 50406 89255 6370 44036 34254 9746 7326 2420 58164 43962 681 43281 18804 1835 82961 1754 4077 3567 2411 510
is_linear=0
shrinkage=0.03


Tree=13
num_leaves=31
num_cat=0
split_feature=16 29 57 40 41 71 115 21 21 125 31 13 12 32 3 1 1 24 137 113 60 121 31 34 115 55 36 140 23 127
split_gain=81.8644 57.2044 76.1564 64.311 77.3031 68.3928 62.8229 79.4698 52.3158 51.8825 53.7287 59.014 45.1049 43.5114 50.3245 42.8937 47.458 42.8908 51.3436 41.941 39.7275 40.2247 37.1269 35.9307 35.6051 35.289 34.3666 59.5016 36.9222 33.9981
threshold=1.2394970059394839 -0.0014438008074648676 1.1707749962806704 -0.030343431979417797 -0.036639105528593056 0.54929596185684215 0.74207225441932689 0.91446775197982799 0.97178003191947948 -0.44852939248085016 -0.0021311291493475433 1.1147735714912417 0.98570287227630626 -0.0034201989183202382 0.012251112144440414 0.053465308621525771 0.034584961831569679 0.053123867139220245 0.55856671929359447 0.41005694866180425 1.0181221365928652 0.64666667580604564 0.00011777108011301608 0.51108223199844371 0.34436161816120153 1.1386376619338991 0.80461445450782787 0.72613099217414867 0.016129424795508388 -0.3303470760583877
decision_type=10 8 10 8 8 10 10 8 10 8 10 8 10 10 10 10 10 10 10 10 10 10 10 10 10 10 10 10 10 10
left_child=1 9 3 5 8 19 7 -6 -5 15 17 13 -8 23 -15 16 -1 18 29 -3 21 24 -13 -12 -4 -18 -2 -28 -29 -11
right_child=26 2 20 4 6 -7 12 -9 -10 10 11 22 -14 14 -16 -17 25 -19 -20 -21 -22 -23 -24 -25 -26 -27 27 28 -30 -31
leaf_value=0.0015005841690518642 0.0015845058498877903 -0.00018927695066882773 -0.0044910724859112978 -0.014359380480049646 0.0043384931874992077 0.0053737448715859698 -0.0072995038207521188 0.00023871454062132226 -0.001595755751112185 0.0024395407876413085 0.0090485594810368157 0 -0.0012310391650275265 -6.0246504058951139e-05 -0.0034489510359732895 0.0094713189680437192 -0.0002474524982302317 0.0039048475791619843 -6.0840636697772379e-05 -0.01743928072077373 -0.0082676998250569931 0.0098012256028943943 -0.013463679460900355 -0.00012932135092586617 0.0042934033071624685 -0.010136681541516021 -0.0059619240120789094 -0.0025346865760376164 0.012442921812457179 -0.003082247750202998
leaf_weight=11464 1566 1173 441 521 4390 4102 1257 133161 767 980 810 345 10233 58667 4226 529 936 1091 8852 128 184 1127 475 597 2708 539 189 126 1141 20390
leaf_count=11464 1566 1173 441 521 4390 4102 1257 133161 767 980 810 345 10233 58667 4226 529 936 1091 8852 128 184 1127 475 597 2708 539 189 126 1141 20390
internal_value=5.11591e-05 -2.84992e-06 0.000357642 0.000244627 0.000126754 0.00345634 0.000192416 0.000372353 -0.00712866 -0.000531003 -0.000776522 -0.000279816 -0.00193252 -0.000171788 -0.000293738 0.00120325 0.000827976 -0.00179908 -0.00201736 -0.00235187 0.00421817 0.00486127 -0.00818788 0.00499686 0.00294794 -0.00414914 0.00494515 0.00828599 0.0107041 -0.00281296
internal_weight=273115 270093 160192 155732 150329 5403 149041 137551 1288 109901 96433 65120 11490 64300 62893 13468 12939 31313 30222 1301 4460 4276 820 1407 3149 1475 3022 1456 1267 21370
internal_count=273115 270093 160192 155732 150329 5403 149041 137551 1288 109901 96433 65120 11490 64300 62893 13468 12939 31313 30222 1301 4460 4276 820 1407 3149 1475 3022 1456 1267 21370
is_linear=0
shrinkage=0.03


Tree=14
num_leaves=31
num_cat=0
split_feature=16 26 29 22 42 13 3 76 115 42 6 120 50 86 35 53 23 115 38 0 42 140 119 17 22 141 36 159 67 38
split_gain=78.3483 65.7619 47.0744 101.586 67.1021 71.9859 59.6924 59.1944 58.8607 57.8247 71.4181 49.3079 65.6692 47.0862 45.3002 44.6206 59.2645 57.7465 42.5165 36.0271 35.9115 32.1476 30.8228 27.9916 27.7795 28.3819 37.0123 26.7307 24.6142 23.7847
threshold=1.2394970059394839 0.018406318500638012 -0.00029134574288036669 1.092613756656647 0.067746125161647811 0.98616924881935131 0.01792514976114035 0.18333333730697635 0.63013699650764476 -0.077859010547399507 0.15384439378976825 0.25574485957622534 0.86872366070747387 -0.55000001192092884 0.80202254652977001 0.98100265860557567 0.015588666312396528 0.70784717798233043 0.011063829530030491 0.029829532839357856 -0.0032817401224747296 1.202586889266968 0.58536538481712352 1.1420657038688662 1.1300894618034365 0.90749123692512523 0.63385623693466198 0.0034980651689693336 0.69198718667030346 -0.00094621704192832101
decision_type=10 10 10 10 10 8 10 2 10 8 10 10 10 2 10 10 10 10 10 10 8 10 10 8 10 10 10 10 10 10
left_child=1 20 4 6 5 7 11 29 -6 10 -7 19 -13 18 -11 17 -17 -8 21 -4 -1 -5 -9 -22 -2 -26 -27 -28 -10 -3
right_child=24 2 3 13 8 9 15 22 28 14 -12 12 -14 -15 -16 16 -18 -19 -20 -21 23 -23 -24 -25 25 26 27 -29 -30 -31
leaf_value=-1.5727787325533078e-05 -0.0043481275783229601 0.0027992214178872237 -0.0014868027880584917 0.01104658818136018 0 -0.0012511336757335125 0.0038282731729635932 -0.0030123917474267591 0.021386789481638229 -0.0010813904545968467 0.0041922092527256066 0.0022352039654932438 -0.00025863724953123599 0.00028887790036625111 0.00069628622592286208 0 0.0076609483657752815 -0.020146635373512023 -0.0038740258365391918 -0.0072654428540064589 0.0019571838719666967 0.0014354621471225583 -0.0074305053887566992 -6.0618510947748461e-05 0.00069300323411994986 0.00091385218050780385 0.0071271647581690146 0.018027211775769623 0.00063590784738885191 -0.0019146486747423895
leaf_weight=24667 227 1393 8311 1610 351 3759 163 3788 254 72797 4887 10848 75322 1314 15450 1415 2189 138 214 1134 25730 489 2728 7768 870 614 1001 350 103 2917
leaf_count=24667 227 1393 8311 1610 351 3759 163 3788 254 72797 4887 10848 75322 1314 15450 1415 2189 138 214 1134 25730 489 2728 7768 870 614 1001 350 103 2917
internal_value=2.43636e-06 -5.08023e-05 -0.000297464 0.000158941 -0.000734358 -0.000798106 -1.82638e-05 -0.00312173 0.00830799 -0.000534798 0.00179358 -0.000170073 5.22793e-05 0.00507689 -0.000766675 0.00360432 0.00458873 -0.00679936 0.00764255 -0.00222619 0.000841061 0.00898376 -0.00492506 0.00148056 0.00475959 0.00561929 0.0076203 0.0103916 0.0165469 -0.000315941
internal_weight=272801 269739 211574 103147 108427 107719 99520 10826 708 96893 8646 95615 86170 3627 88247 3905 3604 301 2313 9445 58165 2099 6516 33498 3062 2835 1965 1351 357 4310
internal_count=272801 269739 211574 103147 108427 107719 99520 10826 708 96893 8646 95615 86170 3627 88247 3905 3604 301 2313 9445 58165 2099 6516 33498 3062 2835 1965 1351 357 4310
is_linear=0
shrinkage=0.03


Tree=15
num_leaves=31
num_cat=0
split_feature=16 26 38 58 49 3 60 49 3 17 158 81 45 1 86 78 14 28 98 26 163 24 25 11 24 136 1 122 13 1
split_gain=81.4872 54.7456 73.044 62.3932 80.1973 57.5072 75.3507 55.1913 79.9974 69.3194 53.7074 49.6789 43.7537 45.6386 42.2671 62.6792 35.1444 34.5603 34.289 33.1004 55.2954 45.3828 36.6321 35.6287 39.3604 35.8347 31.9031 56.8375 43.09 39.7626
threshold=1.2206377983093264 0.021392118185758594 -0.00088038985268212844 0.90896162390708934 0.85446846485137951 0.02461957931518555 0.95354962348937999 0.8330044448375703 0.010563364718109371 0.87742263078689586 -0.079620748758316026 0.18333333730697635 1.0211518406867983 0.03421308100223542 0.78333333134651195 0.5000000149011613 1.0156375765800478 0.0094230696558952349 0.77500000596046459 0.068551946431398406 -0.0051834147889167062 0.055742703378200538 0.036322500556707389 0.97092422842979442 0.030200156383216385 0.58952403068542492 0.055469902232289321 0.62646621465682995 1.1029161214828493 0.03812129236757756
decision_type=10 10 10 10 10 10 10 10 10 8 8 2 8 10 2 10 8 10 2 10 8 10 10 10 10 10 10 10 10 10
left_child=1 12 5 4 -4 19 10 8 9 -5 -7 -12 -1 -14 15 -9 -15 -16 -10 23 21 -21 -22 25 -25 -3 28 -28 29 -2
right_child=26 2 3 7 -6 6 -8 14 18 -11 11 -13 13 16 17 -17 -18 -19 -20 20 22 -23 -24 24 -26 -27 27 -29 -30 -31
leaf_value=0.001470566038754703 0.0062742240485720779 0.0083291435953820256 -0.016629864462045091 -0.0010774302646264578 0.0053322460350402672 -0.0016153502166386903 -0.0020856684360438544 -0.0023580565223317424 0.0028582237237168629 0.019344072591015091 0.026551459721506011 0.0065415101098599583 0.00020322401896857604 -0.0096198246732543385 0 -0.00060204882063533041 -0.00068435602728651875 0.0043041638597429164 -0.017282840585375721 0.00059461857466843165 -0.0043557918497677114 -0.01150169141540703 0.0061353318070181042 0.00024219086217079836 -0.0015941313656133299 -0.0044057023961871083 0.0021228818476519621 0.016000849317377056 -0.0061498928657805528 -0.0019027336719013483
leaf_weight=30127 1786 841 467 186 179 141 453 26220 111 408 264 298 52087 738 6591 62933 1006 2175 121 1434 287 316 2773 66381 12448 211 681 499 416 680
leaf_count=30127 1786 841 467 186 179 141 453 26220 111 408 264 298 52087 738 6591 62933 1006 2175 121 1434 287 316 2773 66381 12448 211 681 499 416 680
internal_value=-1.38404e-05 -7.87206e-05 -0.000367711 -0.000921972 -0.0101166 0.000270567 0.00686584 -0.000856746 0.00673151 0.0126341 0.0129471 0.0170461 0.000555247 3.70544e-05 -0.000925182 -0.00112227 -0.0047018 0.00104311 -0.00699386 0.000175403 0.00258774 -0.00152542 0.00503206 2.57789e-05 -4.43115e-05 0.00546052 0.00419171 0.00841048 0.00231495 0.00390158
internal_weight=273258 269196 185238 99391 646 85847 1156 98745 826 594 703 562 83958 53831 97919 89153 1744 8766 232 84691 4810 1750 3060 79881 78829 1052 4062 1180 2882 2466
internal_count=273258 269196 185238 99391 646 85847 1156 98745 826 594 703 562 83958 53831 97919 89153 1744 8766 232 84691 4810 1750 3060 79881 78829 1052 4062 1180 2882 2466
is_linear=0
shrinkage=0.03


Tree=16
num_leaves=31
num_cat=0
split_feature=22 86 1 39 27 1 116 33 48 22 42 71 47 34 77 99 121 35 33 18 14 126 11 139 35 20 49 4 86 82
split_gain=76.522 62.7557 75.9978 54.1543 58.5497 51.0446 81.8161 56.7789 47.5164 62.9195 58.1007 49.2965 45.4234 41.8422 49.8336 56.9746 44.1422 40.3112 39.292 58.977 67.2261 71.3957 46.3729 45.793 50.7803 44.9295 56.7087 77.3989 39.1638 38.2045
threshold=1.1661723852157595 -0.81666666269302357 0.017797594889998439 0.023679794743657116 0.025671835057437423 0.060804652050137527 0.34285710752010351 0.96601486206054699 0.90708911418914806 1.0318173766136172 0.10417669266462327 0.8005996346473695 1.2923077940940859 0.93883177638053905 0.17500000447034839 0.38750000298023229 0.6760564148426057 0.4955908209085465 0.37253709137439733 1.0150109529495241 0.91430118680000316 0.37906107306480413 0.99585410952568065 0.98224520683288585 0.70177099108695995 0.89574658870697033 0.85446846485137951 0.20000169426202777 0.75000000000000011 0.42499999701976782
decision_type=10 2 10 10 10 10 10 10 10 10 10 10 10 10 2 2 10 10 8 8 8 10 10 10 10 8 8 10 2 2
left_child=1 2 -1 18 29 7 -7 13 10 11 -6 -10 17 14 15 -2 -17 -4 19 20 21 -3 -22 -21 -25 -20 27 -27 -28 -5
right_child=5 3 12 4 8 6 -8 -9 9 -11 -12 -13 -14 -15 -16 16 -18 -19 25 23 22 -23 -24 24 -26 26 28 -29 -30 -31
leaf_value=0.00037154881805983995 -0.0052880815201774714 0.0090198680016424036 -0.0054830124510866296 0 0.0041455270806022284 0.01573807434236222 3.3407931808720938e-06 -0.010781180550143352 -0.007790787845735548 -2.0129714053566268e-05 -0.0065012862050995946 -0.0016319993619662255 0.0025461332925147103 0.018503810298494308 0.0058595834323147324 -0.00055130145160470114 0.012779301408143168 -0.0020760480706012172 -0.0049539323583390731 -0.0055435338019072435 -0.0007602434502320042 -0.0021275278883220285 0.00081161923841845725 -0.0026173049897133403 0.0079339898446485115 0.013485042852172842 0.00026002901695965411 0 0.0017631226141613854 0.013244323056443767
leaf_weight=11539 1188 1413 5063 372 1689 679 585 272 3335 3021 600 2030 1236 132 1688 478 342 9497 1331 3326 55323 740 24153 1570 533 696 120882 857 18055 334
leaf_count=11539 1188 1413 5063 372 1689 679 585 272 3335 3021 600 2030 1236 132 1688 478 342 9497 1331 3326 55323 740 24153 1570 533 696 120882 857 18055 334
internal_value=-2.19731e-05 -9.43046e-05 -0.00145623 5.95051e-05 -0.00195646 0.00351767 0.00880291 0.00178063 -0.00253305 -0.00358612 0.00119268 -0.00553086 -0.00280918 0.00280257 0.00206451 -0.00100416 0.00482328 -0.00328724 0.000161222 -0.000338421 -0.000132841 0.00506606 -0.000278692 -0.00336258 0 0.000470051 0.000524271 0.00620394 0.000457742 0.00617823
internal_weight=272959 267595 27335 240260 11381 5364 1264 4100 10675 8386 2289 5365 15796 3828 3696 2008 820 14560 228879 87058 81629 2153 79476 5429 2103 141821 140490 1553 138937 706
internal_count=272959 267595 27335 240260 11381 5364 1264 4100 10675 8386 2289 5365 15796 3828 3696 2008 820 14560 228879 87058 81629 2153 79476 5429 2103 141821 140490 1553 138937 706
is_linear=0
shrinkage=0.03


Tree=17
num_leaves=31
num_cat=0
split_feature=32 86 138 11 25 33 86 56 35 86 53 38 127 74 54 32 2 163 13 33 126 18 53 139 110 25 9 76 22 53
split_gain=65.7213 63.2038 75.641 55.7545 49.9849 48.0235 54.8144 76.6214 79.0213 58.6193 56.7171 69.5418 60.8827 51.1249 42.5649 52.9452 42.8847 43.3847 40.7668 39.6066 38.2571 36.478 40.7479 39.344 35.6738 35.5861 36.6843 35.5742 35.5247 34.6534
threshold=-0.0049950752872973672 -0.58333334326744068 0.67646577954292308 0.97029706835746776 0.012410786934196951 0.37253709137439733 0.68333333730697643 0.9553913176059724 0.74746352434158336 -0.81666666269302357 1.0400000214576723 -0.022880334407091137 -0.10190099105238913 0.65000000596046459 1.0159515142440798 -0.0034855571575462814 -0.41666954755783076 0.00039020577969495212 1.070549547672272 0.89541471004486095 0.25000001490116125 0.99698260426521312 1.0352769494056704 1.0028924345970156 -0.35147058963775629 0.027076302096247677 1.0031695961952212 0.11666667088866235 0.88022986054420482 0.97813132405281078
decision_type=8 2 10 10 10 8 2 10 10 2 10 10 10 2 10 10 10 8 8 10 10 10 10 10 2 10 10 2 10 10
left_child=1 2 3 -1 -2 14 7 25 9 -9 11 -8 -13 28 15 -6 -17 -18 -10 29 -15 -16 27 -24 -5 -7 -27 -23 -12 -4
right_child=4 -3 19 24 5 6 10 8 18 -11 13 12 -14 20 21 16 17 -19 -20 -21 -22 22 23 -25 -26 26 -28 -29 -30 -31
leaf_value=0.0078569442092323721 0.00099746989020364188 0.00010216294956132505 -0.00222291538472341 -0.014847013982162231 0.0038485216947145655 0.0045690651471772068 -0.018512032447486285 -0.0023825486228083205 0.0010943955098212371 -0.00014596641475026517 -0.011168754750200299 -0.0058108008168318102 0.0014852458103736482 0.0052280073419092143 -0.0034802171622112291 0.0011132041431282627 1.5392293362061305e-06 -0.0020300774391412628 0.0055127282912955551 0 0.021965767645402243 -0.0026667939666215469 -0.0078848023605127687 0 -0.00067621234394106501 -0.0078511895536604315 0.00072149046987416386 2.3927945923567475e-05 0.004498392781403183 0.010215342651214892
leaf_weight=381 33921 4665 171 245 2638 266 142 12114 21543 83764 122 1048 21311 349 7682 11291 18977 18279 2097 424 272 5901 1445 925 535 2103 487 16626 1003 2350
leaf_count=381 33921 4665 171 245 2638 266 142 12114 21543 83764 122 1048 21311 349 7682 11291 18977 18279 2097 424 272 5901 1445 925 535 2103 487 16626 1003 2350
internal_value=8.0861e-06 0.0025609 0.00526762 -0.000981475 -7.56814e-05 -0.000235063 9.04917e-05 -0.000165581 -4.66011e-05 -0.000432121 0.00139432 0.0009714 0.00112498 0.00660194 -0.000808382 -0.00026166 -0.000492674 -0.000987744 0.00150333 0.00782237 0.0134838 -0.00165745 -0.00108065 -0.00482625 -0.0057622 -0.0050054 -0.00613114 -0.000669348 0.00237196 0.00924273
internal_weight=273077 8771 4106 1161 264306 230385 146621 122374 119518 95878 24247 22501 22359 1746 83764 51185 48547 37256 23640 2945 621 32579 24897 2370 780 2856 2590 22527 1125 2521
internal_count=273077 8771 4106 1161 264306 230385 146621 122374 119518 95878 24247 22501 22359 1746 83764 51185 48547 37256 23640 2945 621 32579 24897 2370 780 2856 2590 22527 1125 2521
is_linear=0
shrinkage=0.03


end of trees

feature_importances:
RSQR5=21
ROC30=18
KLEN=17
STD20=16
RESI5=14
RESI60=14
IMXD30=14
STD30=13
MIN10=12
KUP=11
RSQR20=11
MA60=9
ROC60=8
STD5=8
RSQR10=8
RESI30=8
SUMP20=8
KLOW2=7
ROC10=7
MA5=7
BETA30=7
RSQR30=7
RESI10=7
RESI20=7
QTLU20=7
WVMA20=7
HIGH0=6
LOW0=6
BETA20=6
BETA60=6
QTLU5=6
QTLD5=6
VSTD60=6
WVMA5=6
KMID2=5
OPEN0=5
ROC5=5
ROC20=5
MA20=5
STD60=5
BETA10=5
MIN20=5
RSV30=5
IMAX30=5
IMIN5=5
IMIN20=5
KLOW=4
STD10=4
RSQR60=4
MAX30=4
MAX60=4
RSV10=4
IMAX20=4
IMAX60=4
IMIN60=4
IMXD20=4
SUMP5=4
ORC_VOLUME_TREND_DIVERGENCE_10=4
KUP2=3
VWAP0=3
MA30=3
MAX10=3
QTLU60=3
QTLD10=3
QTLD20=3
IMXD60=3
CNTP20=3
SUMP30=3
SUMN30=3
SUMN60=3
SUMD20=3
SUMD30=3
WVMA10=3
KMID=2
BETA5=2
MAX5=2
MIN60=2
QTLU10=2
QTLU30=2
IMAX5=2
IMAX10=2
IMIN30=2
IMXD5=2
IMXD10=2
CORD30=2
CNTP60=2
CNTN30=2
CNTD20=2
SUMP10=2
SUMN20=2
SUMD5=2
SUMD10=2
SUMD60=2
VSUMP30=2
ORC_TREND_VOLUME_DIVERGENCE_10_20=2
MA10=1
MAX20=1
MIN5=1
MIN30=1
QTLD30=1
RANK10=1
RANK60=1
RSV20=1
RSV60=1
IMIN10=1
CORR60=1
CNTP5=1
CNTP10=1
CNTN20=1
CNTD5=1
CNTD10=1
CNTD30=1
SUMN5=1
SUMN10=1
VSTD30=1
WVMA30=1
ORC_VOLUME_WEIGHTED_DIRECTION_10=1

parameters:
[boosting: gbdt]
[objective: regression]
[metric: l2]
[tree_learner: serial]
[device_type: cpu]
[data_sample_strategy: bagging]
[data: ]
[valid: ]
[num_iterations: 500]
[learning_rate: 0.03]
[num_leaves: 31]
[num_threads: 12]
[seed: 20260814]
[deterministic: 1]
[force_col_wise: 1]
[force_row_wise: 0]
[histogram_pool_size: -1]
[max_depth: 7]
[min_data_in_leaf: 100]
[min_sum_hessian_in_leaf: 0.001]
[bagging_fraction: 0.8]
[pos_bagging_fraction: 1]
[neg_bagging_fraction: 1]
[bagging_freq: 1]
[bagging_seed: 20260814]
[bagging_by_query: 0]
[feature_fraction: 0.8]
[feature_fraction_bynode: 1]
[feature_fraction_seed: 20260814]
[extra_trees: 0]
[extra_seed: 17475]
[early_stopping_round: 0]
[early_stopping_min_delta: 0]
[first_metric_only: 0]
[max_delta_step: 0]
[lambda_l1: 10]
[lambda_l2: 20]
[linear_lambda: 0]
[min_gain_to_split: 0]
[drop_rate: 0.1]
[max_drop: 50]
[skip_drop: 0.5]
[xgboost_dart_mode: 0]
[uniform_drop: 0]
[drop_seed: 29730]
[top_rate: 0.2]
[other_rate: 0.1]
[min_data_per_group: 100]
[max_cat_threshold: 32]
[cat_l2: 10]
[cat_smooth: 10]
[max_cat_to_onehot: 4]
[top_k: 20]
[monotone_constraints: ]
[monotone_constraints_method: basic]
[monotone_penalty: 0]
[feature_contri: ]
[forcedsplits_filename: ]
[refit_decay_rate: 0.9]
[cegb_tradeoff: 1]
[cegb_penalty_split: 0]
[cegb_penalty_feature_lazy: ]
[cegb_penalty_feature_coupled: ]
[path_smooth: 0]
[interaction_constraints: ]
[verbosity: 1]
[saved_feature_importance_type: 0]
[use_quantized_grad: 0]
[num_grad_quant_bins: 4]
[quant_train_renew_leaf: 0]
[stochastic_rounding: 1]
[linear_tree: 0]
[max_bin: 255]
[max_bin_by_feature: ]
[min_data_in_bin: 3]
[bin_construct_sample_cnt: 200000]
[data_random_seed: 20260812]
[is_enable_sparse: 1]
[enable_bundle: 1]
[use_missing: 1]
[zero_as_missing: 0]
[feature_pre_filter: 1]
[pre_partition: 0]
[two_round: 0]
[header: 0]
[label_column: ]
[weight_column: ]
[group_column: ]
[ignore_column: ]
[categorical_feature: ]
[forcedbins_filename: ]
[precise_float_parser: 0]
[parser_config_file: ]
[objective_seed: 27057]
[num_class: 1]
[is_unbalance: 0]
[scale_pos_weight: 1]
[sigmoid: 1]
[boost_from_average: 1]
[reg_sqrt: 0]
[alpha: 0.9]
[fair_c: 1]
[poisson_max_delta_step: 0.7]
[tweedie_variance_power: 1.5]
[lambdarank_truncation_level: 30]
[lambdarank_norm: 1]
[label_gain: ]
[lambdarank_position_bias_regularization: 0]
[eval_at: ]
[multi_error_top_k: 1]
[auc_mu_weights: ]
[num_machines: 1]
[local_listen_port: 12400]
[time_out: 120]
[machine_list_filename: ]
[machines: ]
[gpu_platform_id: -1]
[gpu_device_id: -1]
[gpu_device_id_list: ]
[gpu_use_dp: 0]
[num_gpu: 1]

end of parameters

pandas_categorical:null
