tree
version=v4
num_class=1
num_tree_per_iteration=1
label_index=0
max_feature_idx=157
objective=regression
feature_names=KMID KLEN KMID2 KUP KUP2 KLOW KLOW2 KSFT KSFT2 OPEN0 HIGH0 LOW0 VWAP0 ROC5 ROC10 ROC20 ROC30 ROC60 MA5 MA10 MA20 MA30 MA60 STD5 STD10 STD20 STD30 STD60 BETA5 BETA10 BETA20 BETA30 BETA60 RSQR5 RSQR10 RSQR20 RSQR30 RSQR60 RESI5 RESI10 RESI20 RESI30 RESI60 MAX5 MAX10 MAX20 MAX30 MAX60 MIN5 MIN10 MIN20 MIN30 MIN60 QTLU5 QTLU10 QTLU20 QTLU30 QTLU60 QTLD5 QTLD10 QTLD20 QTLD30 QTLD60 RANK5 RANK10 RANK20 RANK30 RANK60 RSV5 RSV10 RSV20 RSV30 RSV60 IMAX5 IMAX10 IMAX20 IMAX30 IMAX60 IMIN5 IMIN10 IMIN20 IMIN30 IMIN60 IMXD5 IMXD10 IMXD20 IMXD30 IMXD60 CORR5 CORR10 CORR20 CORR30 CORR60 CORD5 CORD10 CORD20 CORD30 CORD60 CNTP5 CNTP10 CNTP20 CNTP30 CNTP60 CNTN5 CNTN10 CNTN20 CNTN30 CNTN60 CNTD5 CNTD10 CNTD20 CNTD30 CNTD60 SUMP5 SUMP10 SUMP20 SUMP30 SUMP60 SUMN5 SUMN10 SUMN20 SUMN30 SUMN60 SUMD5 SUMD10 SUMD20 SUMD30 SUMD60 VMA5 VMA10 VMA20 VMA30 VMA60 VSTD5 VSTD10 VSTD20 VSTD30 VSTD60 WVMA5 WVMA10 WVMA20 WVMA30 WVMA60 VSUMP5 VSUMP10 VSUMP20 VSUMP30 VSUMP60 VSUMN5 VSUMN10 VSUMN20 VSUMN30 VSUMN60 VSUMD5 VSUMD10 VSUMD20 VSUMD30 VSUMD60
feature_infos=[-0.17333331704139709:0.24100260436534882] [0:0.49935737252235413] [-1:1] [0:0.2583547830581665] [0:1] [0:0.19577737152576447] [0:1] [-0.21737830340862274:0.22217290103435516] [-1:1] [0.80580008029937744:1.2096774578094482] [1:1.2203390598297119] [0.79261672496795654:1] [0.89535439014434814:1.0984309911727905] [0.56168830394744873:1.5347062349319458] [0.53571426868438721:1.8924485445022583] [0.50147104263305664:2.0343248844146729] [0.45439684391021729:2.7393617630004883] [0.3651520311832428:2.6507797241210938] [0.73896104097366333:1.2064073085784912] [0.6396104097366333:1.4220441579818726] [0.58701300621032715:1.7117466926574707] [0.56915587186813354:1.7925502061843872] [0.52184808254241943:1.6932493448257446] [0:0.19015249609947205] [0:0.2603875994682312] [0:0.35442706942558289] [0:0.5104140043258667] [0:0.46013948321342468] [-0.11732283234596252:0.10957792401313782] [-0.11732283234596252:0.060255382210016251] [-0.11732283234596252:0.048169590532779694] [-0.11732283234596252:0.048169590532779694] [-0.11732283234596252:0.048169590532779694] [0:1] [0:1] [0:1] [0:1] [0:1] [-0.15930634737014771:0.075157612562179565] [-0.19312354922294617:0.18788224458694458] [-0.29853948950767517:0.28541278839111328] [-0.40098747611045837:0.33911812305450439] [-0.77570861577987671:0.41112944483757019] [1:1.5713194608688354] [1:1.9298244714736938] [1:2.1563692092895508] [1:3.0132980346679688] [1:3.0132980346679688] [0.56493508815765381:1] [0.5292208194732666:1] [0.47760707139968872:1] [0.44164761900901794:1] [0.35305655002593994:1] [0.86623376607894897:1.3299539089202881] [0.72197312116622925:1.6361554861068726] [0.5753246545791626:2.054157018661499] [0.54870128631591797:2.0762412548065186] [0.57493376731872559:2.000354528427124] [0.59188312292098999:1.1686868667602539] [0.53538960218429565:1.227020263671875] [0.5237005352973938:1.3664377927780151] [0.48244524002075195:1.5493515729904175] [0.43922850489616394:1.5099923610687256] [0.20000000298023224:1] [0.10000000149011612:1] [0.05000000074505806:1] [0.033333335071802139:1] [0.01666666753590107:1] [0:1] [0:1] [0:1] [0:1] [0:1] [0.20000000298023224:1] [0.10000000149011612:1] [0.05000000074505806:1] [0.033333335071802139:1] [0.01666666753590107:1] [0.20000000298023224:1] [0.10000000149011612:1] [0.05000000074505806:1] [0.033333335071802139:1] [0.01666666753590107:1] [-0.80000001192092896:0.80000001192092896] [-0.89999997615814209:0.89999997615814209] [-0.94999998807907104:0.94999998807907104] [-0.96666663885116577:0.96666663885116577] [-0.98333334922790527:0.98333334922790527] [-1:1] [-1:1] [-1:1] [-1:1] [-1:1] [-1:1] [-1:1] [-1:1] [-1:1] [-1:1] [0:1] [0:1] [0:0.94999998807907104] [0:0.92307692766189575] [0:0.92307692766189575] [0:1] [0:1] [0:0.89999997615814209] [0:0.8571428656578064] [0:0.8571428656578064] [-1:1] [-1:1] [-0.83333331346511841:0.92307692766189575] [-0.83333331346511841:0.92307692766189575] [-0.83333331346511841:0.92307692766189575] [0:1] [0:1] [0:1] [0:1] [0:1] [0:1] [0:1] [0:1] [0:1] [0:1] [-1:1] [-1:1] [-1:1] [-1:1] [-1:1] [0.20013266801834106:15222.455078125] [0.10012400150299072:19018.634765625] [0.050104878842830658:17437.12890625] [0.034610312432050705:22716.572265625] [0.017187755554914474:26107.111328125] [0.00080492562847211957:21624.73828125] [0.0021778203081339598:58684.484375] [0.0021778203081339598:44502.63671875] [0.0021778203081339598:36894.8125] [0.0021778203081339598:26550.70703125] [0:2.2360680103302002] [0:3.1615598201751709] [0:4.4708261489868164] [0:5.4658303260803223] [0:7.5986995697021484] [0:1] [0:1] [0:1] [0:1] [0:1] [0:1] [0:1] [0:1] [0:1] [0:1] [-1:1] [-1:1] [-1:1] [-1:1] [-1:1]
tree_sizes=3102 3041 3079 3061 3023 3050 3094

Tree=0
num_leaves=31
num_cat=0
split_feature=16 29 42 28 37 41 71 57 23 57 46 50 3 55 52 82 5 41 77 127 125 46 32 11 52 1 73 17 116 13
split_gain=181.601 149.707 133.979 86.1657 96.7588 81.3177 117.842 82.8126 81.6269 76.5637 72.5501 95.7565 69.5212 79.431 72.7898 69.0658 83.9845 78.7061 73.0764 63.4336 59.3513 76.6937 53.8823 53.1358 70.3664 55.0086 49.6432 95.4264 49.1673 46.9757
threshold=1.2143616676330569 -0.0012367130257189272 -0.11656101047992705 0.014947527553886177 0.53937819600105297 -0.061722295358777039 0.61111125349998485 1.168366074562073 0.025155183859169487 1.2256256341934206 1.0274916887283327 0.71171173453331005 0.014976947102695705 0.93328610062599193 0.60019087791442882 0.22500000149011615 0.016969939693808559 -0.073977660387754426 0.55833333730697643 0.183830700814724 -0.41678737103939051 1.080249071121216 0.005233343457803131 0.98595508933067333 0.88375186920166027 0.039355991408228881 0.70000001788139354 1.0826563239097597 0.63422316312789928 1.060173034667969
decision_type=10 8 10 10 10 8 10 8 10 10 10 10 10 10 10 2 10 10 2 10 10 10 10 10 10 10 8 8 10 10
left_child=1 2 19 15 -5 6 -3 10 22 -2 11 -7 14 -14 -12 16 17 -4 -18 23 -17 -22 -8 25 29 -1 27 -9 -13 -25
right_child=9 5 3 4 -6 7 8 26 -10 -11 12 28 13 -15 -16 20 18 -19 -20 -21 21 -23 -24 24 -26 -27 -28 -29 -30 -31
leaf_value=0.016966010399696183 -0.001174013819335219 -0.0016328598750015898 0.0078904289404832847 -0.01877232283384889 -0.00062525779619569276 -0.013649657168940118 -0.0022649488863352883 0.027402682355180098 0.029082214750243821 0.0084965507777171947 -0.012735005772856656 0.0014757073139794966 -0.0096104004204293214 0.0034834219766146373 -0.00035782867068203864 0.00040207284575601704 -0.0016407703091556865 -0.00042425587514873176 0.011076605913616944 0.013668805078912312 -0.00071451662388652914 -0.0026969485974672278 0.017276292707395668 -0.014695026210756197 0.0050916405044533182 0.0010830943609576272 0.00067289301105017459 0.0053209518212472395 0.00012642638559964451 2.4959405752899898e-10
leaf_weight=390 884 578 1029 502 612 384 230 184 263 3177 411 61738 415 6675 106113 13368 571 40894 1105 637 34047 37464 206 353 947 467 1908 2250 40936 373
leaf_count=390 884 578 1029 502 612 384 230 184 263 3177 411 61738 415 6675 106113 13368 571 40894 1105 637 34047 37464 206 353 947 467 1908 2250 40936 373
internal_value=2.96409e-05 -4.1843e-05 -0.000839668 -0.000990917 -0.00925425 0.000433325 0.00793525 0.000387909 0.0160897 0.00632251 0.000304003 0.000880888 -0.000216707 0.00264993 -0.000410781 -0.000915503 4.83858e-05 -0.000209354 0.00659875 0.00522261 -0.00141404 -0.00175775 0.00666273 0.00288787 -7.05684e-05 0.00887518 0.00448557 0.00732221 0.000940801 -0.00716232
internal_weight=359111 355050 132759 129592 1114 222291 1277 221014 699 4061 216672 103058 113614 7090 106524 128478 43599 41923 1676 3167 84879 71511 436 2530 1673 857 4342 2434 102674 726
internal_count=359111 355050 132759 129592 1114 222291 1277 221014 699 4061 216672 103058 113614 7090 106524 128478 43599 41923 1676 3167 84879 71511 436 2530 1673 857 4342 2434 102674 726
is_linear=0
shrinkage=1


Tree=1
num_leaves=31
num_cat=0
split_feature=16 29 42 28 37 38 122 40 57 72 46 56 24 58 30 114 31 44 30 17 78 86 24 139 82 54 51 67 12 0
split_gain=186.378 128.517 125.74 98.7402 86.0739 82.3532 141.309 100.24 78.9509 73.775 69.9393 69.418 68.1226 67.3234 65.4637 62.3777 76.5816 65.1127 57.1048 61.5289 56.4845 56.1395 62.5024 55.5361 54.8757 45.9473 70.5665 45.7876 53.1566 49.588
threshold=1.2143616676330569 -0.0014310939586721359 -0.11656101047992705 0.013918318785727026 0.53450757265090953 -0.024172487668693062 0.3520954847335816 -0.073983311653137193 1.168366074562073 0.57589304447174083 1.0092816948890688 0.91271668672561657 0.09879480674862863 0.94494214653968822 -0.0069124242290854445 0.57419350743293773 0.0075730858370661744 1.0469483733177187 -0.0052849273197352878 1.0843767523765566 0.30000000447034841 -0.78333333134651173 0.035255253314971931 0.76202157139778148 0.24166666716337207 1.0068610310554507 0.90600374341011058 0.2584770023822785 1.0000599026679995 -0.013698582071810959
decision_type=10 8 10 10 10 8 10 8 10 10 8 8 10 10 10 8 10 8 10 8 10 2 10 10 2 10 10 10 10 10
left_child=1 2 9 15 13 6 20 -7 10 27 12 -12 -9 -5 21 16 24 -18 -10 -20 -3 22 -2 -8 -4 -25 -27 -1 -29 -30
right_child=14 5 3 4 -6 7 23 8 18 -11 11 -13 -14 -15 -16 -17 17 -19 19 -21 -22 -23 -24 25 -26 26 -28 28 29 -31
leaf_value=0.0060405961063983871 0.00082320125959333237 -0.0089963241831938125 0 -0.026839724722413156 -0.0015667551127357706 0.013873658169880411 -0.017486949951625336 0.0015011878289199955 -0.00048506907948579352 0.013612260613297003 -0.0058762238942654628 0.00010630517493778163 -0.018292259710931052 -0.0047549534039540414 0.00073915038450175655 -0.0058316292225551163 -0.01385803041625768 0.0082379150292208499 0.02171279036982118 0.0053065507338094309 -0.031873059497425721 0.0027236871343552147 0.015292232899359329 -0.005698366288705228 -0.0013534614155583566 0.011220530019392355 -0.010701287151050736 0.0072942336016135773 0 -0.015593592068325961
leaf_weight=1391 392 323 41596 314 713 478 133 40910 1319 696 1742 178837 135 276 1360 2259 105 1271 225 2626 192 957 1364 417 77374 582 139 336 458 300
leaf_count=1391 392 323 41596 314 713 478 133 40910 1319 696 1742 178837 135 276 1360 2259 105 1271 225 2626 192 957 1364 417 77374 582 139 336 458 300
internal_value=7.09114e-06 -6.54263e-05 -0.000830548 -0.000984085 -0.00916127 0.00035967 -0.00601067 0.000411805 0.000380752 0.00502515 0.000302141 4.62877e-05 0.0014199 -0.017495 0.006373 -0.000893254 -0.000797111 0.00616253 0.00446569 0.00684806 -0.0189586 0.00906134 0.0122768 -0.000319469 -0.000881149 0.00169522 0.00641465 0.00241083 -0.00196065 -0.00653073
internal_weight=359220 355147 127089 123908 1303 228058 1786 226272 225794 3181 221624 180579 41045 590 4073 122605 120346 1376 4170 2851 515 2713 1756 1271 118970 1138 721 2485 1094 758
internal_count=359220 355147 127089 123908 1303 228058 1786 226272 225794 3181 221624 180579 41045 590 4073 122605 120346 1376 4170 2851 515 2713 1756 1271 118970 1138 721 2485 1094 758
is_linear=0
shrinkage=0.03


Tree=2
num_leaves=31
num_cat=0
split_feature=16 46 41 36 18 24 56 29 28 77 114 60 29 28 22 29 86 23 42 82 68 50 12 42 49 28 35 34 82 83
split_gain=180.817 131.722 146.473 169.813 95.4947 95.3562 67.6639 64.4828 76.596 89.4514 71.7474 86.658 84.0492 105.285 76.0784 71.7062 57.3258 55.6423 52.5459 52.2489 50.1237 79.7408 60.1793 61.9812 61.0522 51.2836 83.9224 60.2431 52.5109 46.1058
threshold=1.2143616676330569 1.0295533537864687 -0.061722295358777039 0.76651740074157726 1.057570278644562 0.09879480674862863 1.1745963692665102 -0.0035255964612588282 0.014395839534699919 0.34166666865348821 0.55405405163764965 1.0167996287345888 -0.00051254770369268943 -0.0037577842595055695 1.0970987081527712 -0.014904940966516731 -0.74999999999999989 0.02776433248072863 -0.092786457389593111 0.37500000000000006 0.93333181738853466 0.95306125283241283 1.0076283216476443 0.13004022836685183 0.94715854525566112 0.020756043493747715 0.68599289655685436 0.59197980165481578 0.35833333432674414 -0.3000000044703483
decision_type=10 10 8 10 10 10 10 10 10 2 10 10 10 8 10 8 2 10 8 2 8 10 10 10 10 10 10 10 2 10
left_child=1 5 3 19 17 20 -2 8 15 -10 11 14 -12 -14 -9 -4 -8 -5 -17 29 21 22 23 -1 -24 -22 27 -27 -28 -3
right_child=6 2 7 4 -6 -7 16 10 9 -11 12 -13 13 -15 -16 18 -18 -19 -20 -21 25 -23 24 -25 -26 26 28 -29 -30 -31
leaf_value=-0.00031213162180483402 0.00015038143104244677 0.0024954856262230088 0.005573784499822672 0.011316203803406436 -0.0044828288954283507 -0.021071981516609477 0.011860012980311327 0.00022918458503705245 0 -0.020070879607450434 -0.0051803914859067917 -0.0032849112115520365 0.0019666712062649037 -0.0014331027819860923 0.00465763703166469 0.0022444408579002438 0.0023174894744203488 0.029889112952361373 -0.001627028127506503 -0.00083041110045036729 0.0015957037180717362 0.0016541071319056812 0.0072530410811000954 -0.010672034484738982 -0.0012257109384721334 0.011826780863510453 0.0080985662162893542 -0.0021983232002392348 0.029115721337479406 0.010966161004480803
leaf_weight=55884 1235 3929 1305 496 155 159 1884 92294 328 405 4292 6079 9948 44876 3622 3240 946 303 63353 3677 22066 32678 1875 507 1183 374 397 834 189 708
leaf_count=55884 1235 3929 1305 496 155 159 1884 92294 328 405 4292 6079 9948 44876 3622 3240 946 303 63353 3677 22066 32678 1875 507 1183 374 397 834 189 708
internal_value=-5.78265e-06 -7.87955e-05 -0.0004823 0.00320595 0.0151015 0.00074891 0.00626901 -0.000632659 -0.00140379 -0.0109751 -0.000302172 0.000177282 -0.00113424 -0.00081024 0.000400476 -0.00129285 0.00881409 0.0192837 -0.00143355 0.00177202 0.000785037 0.000463199 -0.000186712 -0.000414344 0.00388888 0.00201371 0.00691547 0.00202149 0.0161094 0.00389479
internal_weight=359221 355156 239010 9268 954 116146 4065 229742 68631 733 161111 101995 59116 54824 95916 67898 2830 799 66593 8314 115987 92127 59449 56391 3058 23860 1794 1208 586 4637
internal_count=359221 355156 239010 9268 954 116146 4065 229742 68631 733 161111 101995 59116 54824 95916 67898 2830 799 66593 8314 115987 92127 59449 56391 3058 23860 1794 1208 586 4637
is_linear=0
shrinkage=0.03


Tree=3
num_leaves=31
num_cat=0
split_feature=54 29 27 22 25 31 13 16 14 18 37 28 122 26 42 11 86 56 33 11 7 121 115 3 37 113 1 51 73 30
split_gain=154.409 160.329 91.4841 80.788 73.2907 75.4629 117.302 94.5553 79.3311 76.4603 75.4679 63.3427 94.5128 67.5657 68.6462 108.797 60.7331 56.7501 54.9968 54.5975 53.9538 56.3878 53.6901 51.1206 50.4973 48.8862 71.3677 42.8797 42.284 41.8623
threshold=1.0876560807228091 -0.0035255964612588282 0.084073126316070571 1.0996974706649782 0.013436455745249988 0.009065166115760805 0.9936102330684663 0.68245708942413341 0.91937994956970226 1.0413528680801394 0.37304054200649267 0.013036832679063083 0.49744899570941931 0.071803208440542235 -0.10211594775319098 0.98531964421272289 -0.74999999999999989 1.1134082674980166 0.37386788427829748 0.97864219546318065 -0.018584028817713257 0.62181812524795543 0.3491379469633103 0.013066587038338186 0.85145169496536266 0.10810756310820581 0.052387947216629989 0.97593834996223461 0.5000000149011613 -0.0066754398867487899
decision_type=10 8 10 10 10 10 10 8 8 10 10 8 10 10 10 10 2 10 8 10 10 10 10 10 10 10 10 10 10 10
left_child=1 11 29 4 27 7 10 8 -6 -9 -7 13 -13 14 15 -1 -4 25 24 -20 22 -22 28 -8 -16 -18 -27 -3 -5 -2
right_child=2 3 16 20 5 6 23 9 -10 -11 -12 12 -14 -15 18 -17 17 -19 19 -21 21 -23 -24 -25 -26 26 -28 -29 -30 -31
leaf_value=0.01500392636736126 0.0046643735562663397 0.0015426068918143996 0.012801232107296905 -0.00013067062478512524 -0.021332017161753467 -0.0079806229139801881 0.0059770219574883801 -0.0002383715222189414 0.0043459580931812522 0.0071658504503841151 0.0029387030986883578 -0.019049168710986098 -0.00074733927414291005 0.0029955792709534649 -0.0032991983485640307 -0.00035389976149220346 0 -0.00053298536257286911 -0.0043757923820469356 -0.0006336873679424794 0 0.0074885048443814406 0.0044278636953638782 0.019264737275079824 0.0016938036082936043 0.018270606447262035 -0.000345510334196144 -7.2063461831378551e-05 -0.017059330165582087 -0.00029553774234962379
leaf_weight=555 2352 44574 1309 334 324 699 839 200939 124 1241 2657 437 658 3128 20379 1363 336 1042 3901 37811 1332 3113 558 469 1907 576 223 21636 251 4034
leaf_count=555 2352 44574 1309 334 324 699 839 200939 124 1241 2657 437 658 3128 20379 1363 336 1042 3901 37811 1332 3113 558 469 1907 576 223 21636 251 4034
internal_value=-3.23986e-07 -0.000105848 0.00369499 0.000215485 0.000141249 -0.000135041 0.00362587 -0.000223437 -0.0137017 -0.000190736 0.000541718 -0.00138843 -0.00853109 -0.00126837 -0.00147611 0.00404428 0.00761125 0.00426591 -0.00164746 -0.000992776 0.00378195 0.00528986 -0.0018143 0.0111858 -0.00285737 0.00886426 0.012827 0.00101058 -0.00821378 0.00149325
internal_weight=359101 349229 9872 279090 273502 207292 4664 202628 448 202180 3356 70139 1095 69044 65916 1918 3486 2177 63998 41712 5588 4445 1143 1308 22286 1135 799 66210 585 6386
internal_count=359101 349229 9872 279090 273502 207292 4664 202628 448 202180 3356 70139 1095 69044 65916 1918 3486 2177 63998 41712 5588 4445 1143 1308 22286 1135 799 66210 585 6386
is_linear=0
shrinkage=0.03


Tree=4
num_leaves=31
num_cat=0
split_feature=16 46 41 36 53 25 99 30 55 6 114 114 48 77 49 113 25 1 122 85 35 126 1 78 74 33 19 12 59 1
split_gain=140.652 118.643 127.898 173.726 89.7717 79.2784 64.5333 61.1379 58.4666 81.9808 58.4853 54.7346 79.4861 53.8072 52.765 79.7151 52.576 50.6383 45.5483 68.4736 51.1677 40.8007 75.5249 57.5358 38.0414 35.7024 46.7317 34.8454 77.6851 59.1944
threshold=1.2143616676330569 1.0274916887283327 -0.061722295358777039 0.77885299921035778 1.0910723209381106 0.079353149980306639 0.84523808956146251 -0.0069124242290854445 0.93328610062599193 0.1491232514381409 0.84748870134353649 0.93675160408020031 0.882307529449463 0.97499999403953563 0.83292523026466381 0.40398372709751135 0.012353152967989446 0.016528905369341377 0.38827474415302282 0.22500000149011615 0.75863370299339306 -0.282939463853836 0.059184322133660323 0.30000000447034841 0.35000000894069677 0.95988279581069957 1.041176497936249 0.99069139361381542 0.93438902497291576 0.037674864754080779
decision_type=10 10 8 10 10 10 2 10 10 10 10 10 10 2 10 10 8 10 10 2 10 10 10 10 2 10 10 8 8 10
left_child=1 5 3 17 24 27 8 21 9 -4 -11 12 -7 -8 15 -10 -16 -3 19 -19 -20 22 23 -2 -5 26 -25 -1 29 -29
right_child=7 2 6 4 -6 11 13 -9 14 10 -12 -13 -14 -15 16 -17 -18 18 20 -21 -22 -23 -24 25 -26 -27 -28 28 -30 -31
leaf_value=0.0023591230540620919 0.020484537846503496 -0.0088518922257431465 -0.018585273660352238 0.0048008190781351117 -0.0053748740400592588 0.011120620967206342 0.00072367435180102331 0.00018799794611561583 0.020765271336551122 -0.0085542512511814477 0.012724549198995844 -0.025000669861504767 -0.015444836673880288 0.019338902477948169 0.00063614497776085996 0.0017307600509419551 -0.00076586201717908343 0.019752292581703339 0.00036952087429211546 0.0027483350180694996 0.0092883360335310611 0 0.019836643374800424 -0.0012340874016581271 0.024432712802053443 -0.011097763106900398 0.0094900334063109017 -0.0010453824158016614 0.00086728007130524839 -0.0082875574507967759
leaf_weight=11852 216 361 370 169 118 159 376 1382 224 259 179 152 201 245 26988 1349 207100 301 6297 829 629 407 524 530 522 101 889 5972 89505 1245
leaf_count=11852 216 361 370 169 118 159 376 1382 224 259 179 152 201 245 26988 1349 207100 301 6297 829 629 407 524 530 522 101 889 5972 89505 1245
internal_value=-1.36283e-06 -6.56895e-05 -0.000431231 0.00302529 0.0161739 0.000756881 -0.000567245 0.00554377 -0.000594154 -0.00857815 0 -0.0107572 -0.00295452 0.00891012 -0.000564781 0.00485633 -0.000602903 0.00169061 0.00222093 0.00780332 0.00124711 0.00818534 0.00975015 0.00634352 0.0203233 0.00389926 0.00531459 0.000815911 0.000623261 -0.00235563
internal_weight=359451 355402 246316 9226 809 109086 237090 4049 236469 808 438 512 360 621 235661 1573 234088 8417 8056 1130 6926 2667 2260 1736 691 1520 1419 108574 96722 7217
internal_count=359451 355402 246316 9226 809 109086 237090 4049 236469 808 438 512 360 621 235661 1573 234088 8417 8056 1130 6926 2667 2260 1736 691 1520 1419 108574 96722 7217
is_linear=0
shrinkage=0.03


Tree=5
num_leaves=31
num_cat=0
split_feature=16 46 50 42 40 72 26 56 23 27 27 14 14 15 114 1 53 8 0 7 40 58 30 17 26 15 24 28 3 23
split_gain=156.574 118.773 88.8629 73.4515 61.942 62.7118 60.4471 87.8393 92.0234 87.323 66.1177 87.3118 65.0775 95.6071 108.522 72.2966 69.4024 58.2011 75.1279 56.7162 97.5448 86.4523 73.245 64.7017 102.4 76.4935 60.707 55.3544 50.0723 49.8391
threshold=1.2143616676330569 1.0270610451698305 0.71171173453331005 -0.11656101047992705 0.011794744525104763 0.61666697263717662 0.070446427911520018 0.93022736907005321 0.026342782191932205 0.081891227513551726 0.081891227513551726 0.83154666423797619 0.90696820616722118 0.87217950820922863 0.82833567261695873 0.016895440407097343 1.0116684436798098 -0.33333306014537806 -0.013698582071810959 0.029569891281425956 0.039230501279234893 0.9301920235157014 0.0021666610846295957 0.74518537521362316 0.074994582682847991 0.86288520693779003 0.02027413155883551 -0.0050847548991441718 0.025366481393575672 0.01611155737191439
decision_type=10 10 8 8 10 10 10 10 10 10 10 10 8 10 10 10 10 10 10 10 10 8 10 10 10 10 10 10 10 10
left_child=1 2 -1 4 5 17 12 8 -8 -10 28 -12 13 14 -5 -14 -17 18 -3 20 21 -4 -23 25 -25 -21 -27 -7 -9 -2
right_child=29 3 19 6 -6 27 7 10 9 -11 11 -13 15 -15 -16 16 -18 -19 -20 23 -22 22 -24 24 -26 26 -28 -29 -30 -31
leaf_value=-0.013283602556348929 -0.0011012200595944429 0.0032885392351789835 0.015180101289674092 -0.012005459479937447 -0.0073550968049872273 0.020142842301159234 0.018091815802280371 -0.0012077785552832196 -0.00051935009878832259 -0.017435379939728969 0.019142504757578272 0.0030357806386943167 -0.00011221897893288917 0.0084577721957467267 0.0068146044703368963 -0.0019737622710767626 -0.00053052056558073799 0.0089946426523440856 -0.01184529787532004 0.0033987226326404924 -0.0054692985972164604 0.0014890686535542744 -0.00015643886824149306 0.0023133989677170345 -0.019668686331667917 0 0.020281334575753249 0 0.014305085879213711 0.0073559869205697343
leaf_weight=383 692 1149 354 554 351 400 102 4958 620 537 305 8075 103887 1653 494 55810 66452 917 373 1442 2298 49760 47062 5238 176 152 553 159 173 3343
leaf_count=383 692 1149 354 554 351 400 102 4958 620 537 305 8075 103887 1653 494 55810 66452 917 373 1442 2298 49760 47062 5238 176 152 553 159 173 3343
internal_value=-2.70926e-05 -9.49904e-05 0.000736625 -0.000457942 0.00393121 0.00539198 -0.000519828 0.00133251 -0.0061272 -0.00878835 0.00205783 0.0037019 -0.000640795 0.00395495 -0.00289179 -0.000697356 -0.001192 0.00309763 -0.000331323 0.000792068 0.000597623 0.000745275 0.000686276 0.00330232 0.00147383 0.00771855 0.015803 0.0144316 -0.000572984 0.00583332
internal_weight=358422 354387 107418 246969 3349 2998 243620 14770 1259 1157 13511 8380 228850 2701 1048 226149 122262 2439 1522 107035 99474 97176 96822 7561 5414 2147 705 559 5131 4035
internal_count=358422 354387 107418 246969 3349 2998 243620 14770 1259 1157 13511 8380 228850 2701 1048 226149 122262 2439 1522 107035 99474 97176 96822 7561 5414 2147 705 559 5131 4035
is_linear=0
shrinkage=0.03


Tree=6
num_leaves=31
num_cat=0
split_feature=54 29 41 36 28 77 22 26 62 35 25 68 23 60 32 33 53 32 15 116 60 79 7 14 142 121 69 126 115 115
split_gain=117.864 153.025 113.66 89.3573 70.8415 98.2565 66.2507 69.6808 65.2907 65.04 70.9542 60.6085 59.4536 57.8053 65.7449 57.5876 69.0431 61.512 54.0306 77.515 52.3367 51.6296 51.3571 49.6016 47.2879 46.849 56.633 46.7701 44.8545 44.3432
threshold=1.0876560807228091 -0.0035255964612588282 -0.069111481308937059 0.79755941033363353 0.014395839534699919 0.34166666865348821 1.0996974706649782 0.015609113965183498 0.82541972398757946 0.76544305682182323 0.062227087095379836 0.12500116974115374 0.024103396572172645 1.032500743865967 0.0003448782663326711 0.33602181077003485 1.0350891351699831 0.0033608005614951257 1.0274175405502322 0.53846159577369701 1.0167996287345888 0.84999999403953563 -0.018584028817713257 1.0859137177467348 0.93647673726081859 0.52285254001617443 0.10465139523148538 -0.22841056436300275 0.3491379469633103 0.4371256977319718
decision_type=10 8 8 10 8 2 10 10 10 10 10 10 10 10 8 8 10 8 10 10 10 2 10 10 10 10 10 10 10 10
left_child=1 4 12 8 9 -6 7 -4 20 10 18 -5 -3 23 -15 16 -9 -17 21 -20 -2 -1 28 29 -13 26 -10 -24 -8 -11
right_child=3 2 6 11 5 -7 22 15 25 13 -12 24 -14 14 -16 17 -18 -19 19 -21 -22 -23 27 -25 -26 -27 -28 -29 -30 -31
leaf_value=-0.0025094923709143221 0.0047467629185389834 0.0035247959497930192 0.0010859446455983906 0.0036570548225176775 8.9873777443882029e-05 -0.019128952779307175 -0.0077036544477363774 -0.00061512458774160472 -0.0096566575786284324 1.710456801264092e-06 0.0046512761613716159 0.00078827288974721668 0.019552122309361583 0.0018351443734067874 0.013278187182494345 1.020558989092711e-05 -0.0061243082742650657 0.0019030667268600226 -0.0025337964163365083 -0.011246348556774973 0.02307520198838035 0.00025366370577441905 0.0066213041035480561 -0.0051449834692987757 0.021823887037889411 0.0023076684489295209 0.0018396035121055663 -0.00035315774415758933 0.0037307105823305179 0.014138829424319899
leaf_weight=10348 608 581 55132 701 421 455 603 74121 703 11568 1477 159 380 2409 568 123279 2102 17700 25551 960 201 14320 3391 1716 475 6240 742 1050 558 184
leaf_count=10348 608 581 55132 701 421 455 603 74121 703 11568 1477 159 380 2409 568 123279 2102 17700 25551 960 201 14320 3391 1716 475 6240 742 1050 558 184
internal_value=1.46681e-05 -7.58554e-05 0.000237973 0.00325183 -0.00133063 -0.00976185 0.000200878 0.000133176 0.00206091 -0.00121661 -0.00173193 0.0104654 0.0104376 0.00041528 0.00419257 -0.00010736 -0.000772553 0.000250219 -0.00192375 -0.00286884 0.0101093 -0.000894397 0.0034266 -0.000402398 0.0171925 0.00115068 -0.00360409 0.00491087 -0.00198393 0.000272183
internal_weight=358703 348874 278897 9829 69977 876 277936 272334 8494 69101 52656 1335 961 16445 2977 217202 76223 140979 51179 26511 809 24668 5602 13468 634 7685 1445 4441 1161 11752
internal_count=358703 348874 278897 9829 69977 876 277936 272334 8494 69101 52656 1335 961 16445 2977 217202 76223 140979 51179 26511 809 24668 5602 13468 634 7685 1445 4441 1161 11752
is_linear=0
shrinkage=0.03


end of trees

feature_importances:
BETA5=8
BETA10=7
KLEN=6
ROC30=6
RESI60=6
MAX30=6
STD5=5
BETA20=5
RESI30=5
SUMP10=5
ROC10=4
STD10=4
STD20=4
STD30=4
RSQR60=4
QTLU30=4
IMAX60=4
IMIN60=4
KUP=3
KSFT=3
LOW0=3
VWAP0=3
ROC20=3
ROC60=3
MA60=3
STD60=3
BETA60=3
RSQR5=3
RSQR20=3
RSQR30=3
RESI20=3
MIN20=3
QTLU5=3
QTLU10=3
QTLU60=3
QTLD20=3
IMXD30=3
SUMP20=3
SUMN60=3
KMID=2
ROC5=2
MA5=2
BETA30=2
MIN10=2
MIN30=2
MIN60=2
QTLU20=2
QTLD5=2
RSV5=2
RSV60=2
IMAX5=2
IMIN5=2
SUMP5=2
SUMP30=2
SUMN30=2
SUMD30=2
KLOW=1
KLOW2=1
KSFT2=1
MA10=1
RSQR10=1
RESI5=1
MAX10=1
MIN5=1
QTLD10=1
QTLD60=1
RANK60=1
RSV10=1
RSV30=1
IMAX10=1
IMIN10=1
IMXD5=1
IMXD20=1
CNTP10=1
SUMD20=1
SUMD60=1
WVMA10=1
WVMA60=1

parameters:
[boosting: gbdt]
[objective: regression]
[metric: l2]
[tree_learner: serial]
[device_type: cpu]
[data_sample_strategy: bagging]
[data: ]
[valid: ]
[num_iterations: 500]
[learning_rate: 0.03]
[num_leaves: 31]
[num_threads: 12]
[seed: 20260813]
[deterministic: 1]
[force_col_wise: 1]
[force_row_wise: 0]
[histogram_pool_size: -1]
[max_depth: 7]
[min_data_in_leaf: 100]
[min_sum_hessian_in_leaf: 0.001]
[bagging_fraction: 0.8]
[pos_bagging_fraction: 1]
[neg_bagging_fraction: 1]
[bagging_freq: 1]
[bagging_seed: 20260813]
[bagging_by_query: 0]
[feature_fraction: 0.8]
[feature_fraction_bynode: 1]
[feature_fraction_seed: 20260813]
[extra_trees: 0]
[extra_seed: 13549]
[early_stopping_round: 0]
[early_stopping_min_delta: 0]
[first_metric_only: 0]
[max_delta_step: 0]
[lambda_l1: 10]
[lambda_l2: 20]
[linear_lambda: 0]
[min_gain_to_split: 0]
[drop_rate: 0.1]
[max_drop: 50]
[skip_drop: 0.5]
[xgboost_dart_mode: 0]
[uniform_drop: 0]
[drop_seed: 11866]
[top_rate: 0.2]
[other_rate: 0.1]
[min_data_per_group: 100]
[max_cat_threshold: 32]
[cat_l2: 10]
[cat_smooth: 10]
[max_cat_to_onehot: 4]
[top_k: 20]
[monotone_constraints: ]
[monotone_constraints_method: basic]
[monotone_penalty: 0]
[feature_contri: ]
[forcedsplits_filename: ]
[refit_decay_rate: 0.9]
[cegb_tradeoff: 1]
[cegb_penalty_split: 0]
[cegb_penalty_feature_lazy: ]
[cegb_penalty_feature_coupled: ]
[path_smooth: 0]
[interaction_constraints: ]
[verbosity: -1]
[saved_feature_importance_type: 0]
[use_quantized_grad: 0]
[num_grad_quant_bins: 4]
[quant_train_renew_leaf: 0]
[stochastic_rounding: 1]
[linear_tree: 0]
[max_bin: 255]
[max_bin_by_feature: ]
[min_data_in_bin: 3]
[bin_construct_sample_cnt: 200000]
[data_random_seed: 20260812]
[is_enable_sparse: 1]
[enable_bundle: 1]
[use_missing: 1]
[zero_as_missing: 0]
[feature_pre_filter: 1]
[pre_partition: 0]
[two_round: 0]
[header: 0]
[label_column: ]
[weight_column: ]
[group_column: ]
[ignore_column: ]
[categorical_feature: ]
[forcedbins_filename: ]
[precise_float_parser: 0]
[parser_config_file: ]
[objective_seed: 16743]
[num_class: 1]
[is_unbalance: 0]
[scale_pos_weight: 1]
[sigmoid: 1]
[boost_from_average: 1]
[reg_sqrt: 0]
[alpha: 0.9]
[fair_c: 1]
[poisson_max_delta_step: 0.7]
[tweedie_variance_power: 1.5]
[lambdarank_truncation_level: 30]
[lambdarank_norm: 1]
[label_gain: ]
[lambdarank_position_bias_regularization: 0]
[eval_at: ]
[multi_error_top_k: 1]
[auc_mu_weights: ]
[num_machines: 1]
[local_listen_port: 12400]
[time_out: 120]
[machine_list_filename: ]
[machines: ]
[gpu_platform_id: -1]
[gpu_device_id: -1]
[gpu_device_id_list: ]
[gpu_use_dp: 0]
[num_gpu: 1]

end of parameters

pandas_categorical:null
