tree
version=v4
num_class=1
num_tree_per_iteration=1
label_index=0
max_feature_idx=162
objective=regression
feature_names=KMID KLEN KMID2 KUP KUP2 KLOW KLOW2 KSFT KSFT2 OPEN0 HIGH0 LOW0 VWAP0 ROC5 ROC10 ROC20 ROC30 ROC60 MA5 MA10 MA20 MA30 MA60 STD5 STD10 STD20 STD30 STD60 BETA5 BETA10 BETA20 BETA30 BETA60 RSQR5 RSQR10 RSQR20 RSQR30 RSQR60 RESI5 RESI10 RESI20 RESI30 RESI60 MAX5 MAX10 MAX20 MAX30 MAX60 MIN5 MIN10 MIN20 MIN30 MIN60 QTLU5 QTLU10 QTLU20 QTLU30 QTLU60 QTLD5 QTLD10 QTLD20 QTLD30 QTLD60 RANK5 RANK10 RANK20 RANK30 RANK60 RSV5 RSV10 RSV20 RSV30 RSV60 IMAX5 IMAX10 IMAX20 IMAX30 IMAX60 IMIN5 IMIN10 IMIN20 IMIN30 IMIN60 IMXD5 IMXD10 IMXD20 IMXD30 IMXD60 CORR5 CORR10 CORR20 CORR30 CORR60 CORD5 CORD10 CORD20 CORD30 CORD60 CNTP5 CNTP10 CNTP20 CNTP30 CNTP60 CNTN5 CNTN10 CNTN20 CNTN30 CNTN60 CNTD5 CNTD10 CNTD20 CNTD30 CNTD60 SUMP5 SUMP10 SUMP20 SUMP30 SUMP60 SUMN5 SUMN10 SUMN20 SUMN30 SUMN60 SUMD5 SUMD10 SUMD20 SUMD30 SUMD60 VMA5 VMA10 VMA20 VMA30 VMA60 VSTD5 VSTD10 VSTD20 VSTD30 VSTD60 WVMA5 WVMA10 WVMA20 WVMA30 WVMA60 VSUMP5 VSUMP10 VSUMP20 VSUMP30 VSUMP60 VSUMN5 VSUMN10 VSUMN20 VSUMN30 VSUMN60 VSUMD5 VSUMD10 VSUMD20 VSUMD30 VSUMD60 ORC_GAP_CONFIRMATION_20 ORC_GAP_ABSORPTION_20 ORC_OVERNIGHT_DOMINANCE_20 ORC_CLOSE_PRESSURE_VOLUME_20 ORC_INTRADAY_RANGE_RETURN_10
feature_infos=[-0.15450645983219147:0.33106967806816101] [0:0.33106967806816101] [-1:1] [0:0.27153289318084717] [0:1] [0:0.19577737152576447] [0:1] [-0.31147539615631104:0.33106967806816101] [-1:1] [0.75127547979354858:1.1827411651611328] [1:1.365384578704834] [0.75127547979354858:1] [0.90894031524658203:1.0877940654754639] [0.62103557586669922:1.6790908575057983] [0.51279789209365845:1.8924485445022583] [0.43777582049369812:2.2146341800689697] [0.40953221917152405:2.740487813949585] [0.32686084508895874:2.649662971496582] [0.8043818473815918:1.3455072641372681] [0.69517505168914795:1.4951817989349365] [0.58934980630874634:1.7117466926574707] [0.53464740514755249:1.9959673881530762] [0.46012550592422485:1.8649090528488159] [0:0.26957115530967712] [0:0.32280367612838745] [0:0.36472421884536743] [0:0.57258552312850952] [0:0.50059491395950317] [-0.16409091651439667:0.17131471633911133] [-0.11732283234596252:0.17131471633911133] [-0.11732283234596252:0.17131471633911133] [-0.11732283234596252:0.17131471633911133] [-0.11732283234596252:0.17131471633911133] [0:1] [0:1] [0:1] [0:1] [0:1] [-0.11478264629840851:0.13264167308807373] [-0.24554997682571411:0.20802642405033112] [-0.40848860144615173:0.27287426590919495] [-0.44566619396209717:0.27581575512886047] [-0.96870207786560059:0.36147966980934143] [1:1.6472727060317993] [1:1.9298244714736938] [1:2.2439024448394775] [1:3.3160974979400635] [1:3.3160974979400635] [0.58144122362136841:1] [0.49132096767425537:1] [0.42983227968215942:1] [0.39746984839439392:1] [0.31774049997329712:1] [0.86334514617919922:1.4843636751174927] [0.78309857845306396:1.7869091033935547] [0.69679319858551025:2.054157018661499] [0.57799351215362549:2.423609733581543] [0.52150630950927734:2.3250908851623535] [0.70860719680786133:1.2689855098724365] [0.53621649742126465:1.4057971239089966] [0.45107382535934448:1.5574545860290527] [0.43389230966567993:1.5740000009536743] [0.37328624725341797:1.5950908660888672] [0.20000000298023224:1] [0.10000000149011612:1] [0.05000000074505806:1] [0.033333335071802139:1] [0.01666666753590107:1] [0:1] [0:1] [0:1] [0:1] [0:1] [0.20000000298023224:1] [0.10000000149011612:1] [0.05000000074505806:1] [0.033333335071802139:1] [0.01666666753590107:1] [0.20000000298023224:1] [0.10000000149011612:1] [0.05000000074505806:1] [0.033333335071802139:1] [0.01666666753590107:1] [-0.80000001192092896:0.80000001192092896] [-0.89999997615814209:0.89999997615814209] [-0.94999998807907104:0.94999998807907104] [-0.96666663885116577:0.96666663885116577] [-0.98333334922790527:0.98333334922790527] [-1:1] [-1:1] [-1:1] [-1:1] [-1:1] [-1:1] [-1:1] [-1:1] [-1:1] [-1:1] [0:1] [0:1] [0:0.94999998807907104] [0:0.90909093618392944] [0:0.90909093618392944] [0:1] [0:1] [0:0.89999997615814209] [0:0.8571428656578064] [0:0.8571428656578064] [-1:1] [-1:1] [-0.83333331346511841:0.90909093618392944] [-0.83333331346511841:0.90909093618392944] [-0.83333331346511841:0.90909093618392944] [0:1] [0:1] [0:1] [0:1] [0:1] [0:1] [0:1] [0:1] [0:1] [0:1] [-1:1] [-1:1] [-1:1] [-1:1] [-1:1] [0.20013266801834106:26452.083984375] [0.10012400150299072:23627.859375] [0.050104878842830658:26698.134765625] [0.033777147531509399:28136.5] [0.017187755554914474:26107.111328125] [0.00080492562847211957:59102.5] [0.0021778203081339598:49210.34375] [0.0021778203081339598:56418.4921875] [0.0021778203081339598:57003.12109375] [0.0021778203081339598:42065.70703125] [0:2.2360680103302002] [0:3.1615598201751709] [0:4.4708261489868164] [0:5.465825080871582] [0:7.5986995697021484] [0:1] [0:1] [0:1] [0:1] [0:1] [0:1] [0:1] [0:1] [0:1] [0:1] [-1:1] [-1:1] [-1:1] [-1:1] [-1:1] [-6.6416220664978027:0.87598508596420288] [-13908019:28.931533813476562] [-1925766528:4419.23388671875] [-1204.24951171875:4676.52978515625] [-754.3636474609375:1361.0987548828125]
tree_sizes=3092 3063 3065 3108 3094 3077 3029 3078 3088 3067 3077 3039 3112 2961 3118 3058 3028 3073 3125

Tree=0
num_leaves=31
num_cat=0
split_feature=56 26 39 27 42 86 49 93 10 69 86 86 160 48 59 81 158 40 41 24 43 1 38 14 113 3 138 103 141 37
split_gain=134.954 108.348 75.0862 78.7658 63.8599 60.472 65.3879 46.5797 47.9402 101.215 47.1464 40.56 50.6447 56.1469 50.0626 47.2042 40.5861 40.0738 39.8392 39.435 37.6417 47.7105 35.3641 42.4479 95.1237 39.4363 34.7326 31.4937 31.2661 31.252
threshold=1.1818349957466128 0.019946628250181678 0.016193234361708168 0.068231280893087401 -0.003400894813239574 -0.74999999999999989 0.92238271236419689 0.11941789090633394 1.0272571444511416 0.65454596281051647 -0.58333334326744068 0.84999999403953563 -1.8207539916038511 0.912725329399109 0.87097391486167919 0.050000002607703216 0.0041191319469362506 0.060473540797829635 -0.017390030436217781 0.056700749322772033 1.0743967294692995 0.023778039962053302 -0.018891852349042889 0.91246113181114208 0.6718747913837434 0.007299266057088972 0.95786097645759594 0.90000000596046459 0.87843167781829845 0.10018164664506914
decision_type=10 10 10 10 8 2 10 10 10 10 2 2 10 10 10 2 10 10 10 10 10 10 8 8 10 10 10 2 10 10
left_child=1 4 3 22 -1 6 -2 17 10 -10 -9 14 -13 -14 16 28 -4 18 -5 -17 21 -8 26 24 -24 -25 -3 -7 -16 -28
right_child=5 2 11 7 -6 27 20 8 9 -11 -12 12 13 -15 15 19 -18 -19 -20 -21 -22 -23 23 25 -26 -27 29 -29 -30 -31
leaf_value=-0.00018118463050201169 0.01910089135489219 -0.009896366531378837 -0.00091359411072774045 0.0015010128145345647 0.0017040385780078689 0.0022223164732656535 0.01050105527585885 0.0047251930980389432 0.002737702790528959 0.01846281864765973 0.00042702228331713071 -0.0047134096783232439 0.012456495742919715 2.4078637920326876e-11 -0.014237151667328378 -0.0019889999027507214 -0.027544744834196191 0.013850666522894602 -0.0016394046667238978 0.0061918563826758189 0.008360899714418394 -0.0052534951879489042 0.011958354576602 -0.00033875504773063926 0.00019134425331081406 -0.0015924322432940871 0.011173283365972331 -0.011420618368215634 -0.0043473645462635182 -0.003664914432182473
leaf_weight=27969 405 712 128 6467 37467 2371 241 3152 1706 479 9047 583 570 663 411 21322 112 164 8176 508 1472 493 748 94562 3465 30079 140 138 1529 589
leaf_count=27969 405 712 128 6467 37467 2371 241 3152 1706 479 9047 583 570 663 411 21322 112 164 8176 508 1472 493 748 94562 3465 30079 140 138 1529 589
internal_value=-5.39311e-05 -0.000153718 -0.000525304 -0.000279995 0.000893854 0.00475626 0.00795822 0.00112449 0.00233951 0.00645724 0.00156806 -0.00202719 0.00219313 0.00572129 -0.00236044 -0.00220051 -0.0156581 -3.71598e-05 -0.000231841 -0.0017794 0.00562453 2.40786e-11 -0.000597078 -0.000541769 0.00239803 -0.000643912 -0.00526239 0.00126892 -0.00671953 -0.000192533
internal_weight=255868 250748 185312 159486 65436 5120 2611 29191 14384 2185 12199 25826 1816 1233 24010 23770 240 14807 14643 21830 2206 734 130295 128854 4213 124641 1441 2509 1940 729
internal_count=255868 250748 185312 159486 65436 5120 2611 29191 14384 2185 12199 25826 1816 1233 24010 23770 240 14807 14643 21830 2206 734 130295 128854 4213 124641 1441 2509 1940 729
is_linear=0
shrinkage=1


Tree=1
num_leaves=31
num_cat=0
split_feature=32 30 86 55 36 138 1 115 120 14 23 0 1 57 20 24 137 53 7 53 1 151 138 85 1 60 138 41 14 85
split_gain=120.416 96.2453 87.8075 75.1399 72.4282 64.9886 69.3519 53.6869 52.2281 87.9805 62.0199 52.2267 52.1044 51.7527 53.8798 49.9575 51.2986 60.5442 47.1842 49.7842 46.1044 44.3235 44.1857 43.2943 42.5198 39.3564 39.0168 38.3722 39.9613 37.5723
threshold=-0.0048883806448429814 -0.00042249893886037165 -0.58333334326744068 0.93584609031677257 0.80819529294967662 0.68291547894477855 0.065656580030918135 0.26753807067871099 0.25775530934333807 0.88468468189239513 0.035850433632731445 0.038390595465898521 0.022020706906914714 0.92110148072242748 0.91104444861412059 0.025954256765544418 1.0083316564559939 0.98356983065605175 0.018994374200701717 0.99721556901931774 0.047048021107912071 0.51436793804168712 0.66454431414604198 0.82500001788139354 0.054196750745177276 0.86153843998909008 0.53946739435195934 -0.041540008038282387 1.0155963301658633 -0.72499999403953541
decision_type=8 8 2 8 10 10 10 8 8 8 10 8 10 8 8 10 10 10 10 10 10 10 10 2 10 10 10 10 8 2
left_child=2 7 5 4 23 6 29 24 11 10 22 20 -9 26 -15 -7 17 -17 19 -4 -5 27 -10 25 -2 -3 -11 -14 -29 -1
right_child=1 3 18 8 -6 15 -8 12 9 13 -12 -13 21 14 -16 16 -18 -19 -20 -21 -22 -23 -24 -25 -26 -27 -28 28 -30 -31
leaf_value=-0.0078554370985038924 0.00078739670142220579 -0.0094027031524508854 -0.011597830271680971 -0.0015128257710861359 0.0029659941567390354 0.00075677687273302226 0.016079870299403665 -0.00049656716250417283 0 -0.0057850002992668702 -0.0083583331237853751 -0.012818145441212897 -0.00013562479866753379 -0.013168878965649404 0.00053995106012891313 -0.0004754679609387836 0 0.014094095017141572 0.0064082975659327671 7.5772546232964045e-05 0.009028949671929595 -0.00022025073759844336 0.013557804919784125 -0.016556452774522074 0.009790311512855256 0.0026315430455924049 0.0074015970656817337 -0.0015358215447636291 -0.0042806382134771932 0.0030964779115516916
leaf_weight=563 9994 587 337 9766 601 648 195 68417 248 191 144 341 4912 237 116150 249 317 1916 965 3578 362 10287 945 473 486 345 1539 8659 12058 482
leaf_count=563 9994 587 337 9766 601 648 195 68417 248 191 144 341 4912 237 116150 249 317 1916 965 3578 362 10287 945 473 486 345 1539 8659 12058 482
internal_value=-1.80395e-05 -0.000145304 0.00333734 0.000405908 -0.0053146 0.00642204 0.000342765 -0.000781262 0.000497345 0.000677213 0.00828974 -0.00152377 -0.000988506 0.000587116 0.000507201 0.00871774 0.0106536 0.0122921 0.000498853 -0.000906683 -0.00108942 -0.00191646 0.0106512 -0.00905913 0.00125132 -0.00467114 0.00572483 -0.00258489 -0.00315045 -0.00255896
internal_weight=255992 246742 9250 131929 2006 4370 1240 114813 129923 119454 1337 10469 104333 118117 116387 3130 2482 2165 4880 3915 10128 35916 1193 1405 10480 932 1730 25629 20717 1045
internal_count=255992 246742 9250 131929 2006 4370 1240 114813 129923 119454 1337 10469 104333 118117 116387 3130 2482 2165 4880 3915 10128 35916 1193 1405 10480 932 1730 25629 20717 1045
is_linear=0
shrinkage=0.03


Tree=2
num_leaves=31
num_cat=0
split_feature=31 26 27 33 18 49 11 11 38 60 45 1 14 13 14 86 86 55 84 18 141 136 1 67 48 37 15 58 115 41
split_gain=122.42 98.2198 83.8912 89.5311 80.384 90.5996 73.4563 70.7965 65.4827 58.1563 57.0226 61.6688 55.925 55.2868 90.5636 52.5267 50.6507 45.5307 45.4068 45.0821 44.3892 72.7262 40.916 39.751 59.7767 39.408 35.1321 33.9351 33.2082 30.7716
threshold=-0.0080658528022468073 0.021455070935189727 0.075719226151704802 0.31925892829895025 0.94165822863578807 0.83075928688049328 0.98858770728111278 0.97432765364646923 -0.0044380822218954554 0.85157677531242382 1.0206446051597597 0.035433042794466026 0.88468468189239513 0.98283842206001293 0.94470852613449108 0.71666666865348827 -0.81666666269302357 0.93584609031677257 0.84999999403953563 0.98421052098274242 0.89588195085525524 0.66456112265586864 0.012403096538037063 0.108514491468668 0.92241379618644725 0.65667176246643078 0.88470494747161876 0.99711552262306224 0.69747886061668407 -0.0039462884888052932
decision_type=8 10 8 8 10 10 10 10 10 10 8 10 8 8 8 2 2 10 2 10 10 10 10 10 10 8 10 10 10 10
left_child=8 10 3 12 -4 6 17 9 20 -7 -2 25 -3 15 28 18 -16 -6 -5 -9 -1 -22 27 24 -10 -12 -24 -14 -15 -17
right_child=1 2 4 13 5 7 -8 19 23 -11 11 -13 22 14 16 29 -18 -19 -20 -21 21 -23 26 -25 -26 -27 -28 -29 -30 -31
leaf_value=0.00026748471708892596 0.0018965080377339443 0.010709453140443656 -0.013799872118564963 -0.0024767818794540707 0 -0.0062867618291860038 -0.007150408270403366 -0.0030154626185240007 0.016290820834201736 0.0048265514400653037 -6.5572341470628698e-05 -0.0060801663927397961 -0.0018098814188948404 0.0089834741708130685 -0.0017302469318435456 -0.0061171229335926216 0.00048627539460906666 0.018422672125157691 0.0010697306826070651 0.00073945708042708861 0.017563714992653631 0.0017722890745398897 -0.0056877236538949135 -0.00076379434750246836 0.0020446106021939723 0.0020181370584600239 -0.0020315180208577764 0.0022445216566629091 0 0.0011079511056006003
leaf_weight=423 28286 292 300 21083 153 422 138 3448 350 5151 37205 1344 3813 1419 11268 535 51771 572 3700 16757 814 456 2631 1838 1206 10359 37331 3568 432 9032
leaf_count=423 28286 292 300 21083 153 422 138 3448 350 5151 37205 1344 3813 1419 11268 535 51771 572 3700 16757 814 456 2631 1838 1206 10359 37331 3568 432 9032
internal_value=2.70203e-05 -6.5351e-05 -0.000461927 -0.000745413 0.00107184 0.00126079 0.0107432 0.000923622 0.00462608 0.00391192 0.000823614 0.000196451 -0.00181513 -0.000228667 0.000282799 -0.0012032 8.48992e-05 0.0146523 -0.00193477 8.14955e-05 0.00946307 0.0122417 -0.0019032 0.00208411 0.00560552 0.000382593 -0.00228246 0.000110265 0.00678934 0.000660704
internal_weight=256097 251010 173816 146875 26941 26641 863 25778 5087 5573 77194 48908 47635 99240 64890 34350 63039 725 24783 20205 1693 1270 47343 3394 1556 47564 39962 7381 1851 9567
internal_count=256097 251010 173816 146875 26941 26641 863 25778 5087 5573 77194 48908 47635 99240 64890 34350 63039 725 24783 20205 1693 1270 47343 3394 1556 47564 39962 7381 1851 9567
is_linear=0
shrinkage=0.03


Tree=3
num_leaves=31
num_cat=0
split_feature=16 26 25 54 74 10 31 3 75 34 33 102 78 86 54 32 33 44 114 36 84 140 23 10 38 17 39 2 33 61
split_gain=153.482 99.0189 81.859 59.2375 70.7679 93.2582 89.287 67.6792 59.4158 61.5369 54.5971 64.5994 69.6641 85.4916 73.0971 59.4477 54.5131 53.3238 55.1558 51.7735 50.5631 49.0521 46.0859 44.7314 39.6947 38.441 37.5701 34.9619 34.2259 29.912
threshold=1.2241054177284243 0.021585190668702129 0.041385870426893241 0.94683554768562328 0.35000000894069677 1.0189633965492251 0.0010270139318890872 0.010480030905455353 0.57500001788139354 0.62553724646568309 0.31925892829895025 0.54316771030426036 0.30000000447034841 -0.65000000596046437 1.0021505951881411 -0.0037429956719279285 0.97828525304794323 1.0406779646873476 0.47619025409221655 0.80502268671989452 -1.0000000180025095e-35 0.72603276371955883 0.017023563385009769 1.0347490906715395 0.014846791513264181 0.95204386115074169 -0.015913747251033779 -0.42856383323669428 0.89256131649017345 0.95557680726051342
decision_type=10 10 8 10 2 10 10 10 2 10 8 2 10 2 10 10 10 10 10 10 2 10 10 10 8 10 10 10 10 10
left_child=1 20 10 28 8 7 -7 -6 9 -5 15 12 14 -14 -12 24 19 27 -19 -2 -1 -21 -23 -22 -3 -10 29 -17 -4 -13
right_child=16 2 3 4 5 6 -8 -9 25 -11 11 26 13 -15 -16 17 -18 18 -20 21 23 22 -24 -25 -26 -27 -28 -29 -30 -31
leaf_value=2.0157729994893361e-05 0.0029619603548568171 0.00081953883208328408 -0.013517571263705138 -0.0029853673386653406 0.0018378038307558823 0.010922081587685494 0.0027898274153821821 -0.0037021382136736541 0.00068908219945363019 0.0008812223703117952 -0.0032202107196360602 0.0098123551276157739 -0.0020004620797980975 0.00054518755583371958 0.00088876803716463938 0.00058246131100793202 -0.012597357917111366 -0.002453301754637237 -0.0071286622773897058 -0.0015015088512921606 0.0016423212045477951 0 0.014475111029146052 -0.0098195180110594825 0.010803592267790778 0.011007300304461004 0.00075975930189264114 -0.0018066353991105907 0.00025867905907071619 0.0020041439263386602
leaf_weight=38777 1867 2296 385 7408 10146 1806 4168 2424 838 7207 15964 780 16761 40364 5005 7328 108 11643 2963 221 39639 229 1318 282 427 597 13146 20277 201 1309
leaf_count=38777 1867 2296 385 7408 10146 1806 4168 2424 838 7207 15964 780 16761 40364 5005 7328 108 11643 2963 221 39639 229 1318 282 427 597 13146 20277 201 1309
internal_value=7.23147e-06 -8.13429e-05 -0.000482875 0.000804579 0.00097471 0.00223888 0.00532658 0.000741468 -0.0004682 -0.00105956 -0.000812696 -0.000394673 -0.000745816 -0.000196918 -0.00222525 -0.00167371 0.00602234 -0.00195513 -0.00343072 0.00672354 0.000799682 0.0104504 0.0123466 0.00154897 0.00256189 0.00528023 0.00138423 -0.00116161 -0.00844463 0.00512726
internal_weight=255884 252141 173443 35180 34594 18544 5974 12570 16050 14615 138263 93329 78094 57125 20969 44934 3743 42211 14606 3635 78698 1768 1547 39921 2723 1435 15235 27605 586 2089
internal_count=255884 252141 173443 35180 34594 18544 5974 12570 16050 14615 138263 93329 78094 57125 20969 44934 3743 42211 14606 3635 78698 1768 1547 39921 2723 1435 15235 27605 586 2089
is_linear=0
shrinkage=0.03


Tree=4
num_leaves=31
num_cat=0
split_feature=16 30 16 53 120 84 12 27 29 3 36 140 23 33 44 5 42 23 5 1 14 37 39 72 27 29 37 45 118 42
split_gain=128.601 99.2021 81.8457 66.7532 65.6228 61.2081 60.7387 60.5187 50.1121 69.3774 46.09 67.4714 47.967 45.4983 105.736 47.4664 45.4016 73.7966 56.4668 51.1816 44.6334 44.491 44.1482 54.939 42.2758 39.2019 38.2144 50.5599 33.8955 32.4547
threshold=1.2241054177284243 -0.00042249893886037165 0.9327770769596101 0.98698130249977123 0.25179861485958105 0.84999999403953563 0.98555809259414684 0.077257860451936736 0.014018505811691286 0.0111588416621089 0.80502268671989452 0.76397109031677257 0.017142243683338169 0.34672905504703527 1.0381410717964175 0.014735133387148382 -0.076609600335359559 0.0083329798653721827 0.0031725625740364198 0.022269345819950107 0.90920028090477001 0.50906667113304149 -0.021310533396899697 0.69199159741401683 0.090783946216106429 0.0050277365371584901 0.1114557981491089 1.0289086699485781 0.089551758021116271 0.10011143237352373
decision_type=10 8 8 10 8 2 10 8 10 10 10 10 10 8 8 10 10 8 10 10 8 10 8 10 10 10 10 10 10 10
left_child=1 2 3 -1 6 13 7 28 16 -10 -2 -12 -13 14 20 -16 17 -4 -19 21 -6 -18 23 -15 -21 -24 27 -7 -3 -30
right_child=10 4 8 -5 5 26 -8 -9 9 -11 11 12 -14 22 15 -17 19 18 -20 24 -22 -23 25 -25 -26 -27 -28 -29 29 -31
leaf_value=-0.016795628896096267 0.0019464845695311864 0.0011513116906539196 0.018044454642344551 -0.0036156133560623755 0.0080483912390380968 0.0078284852006402679 -0.00094539090991816821 -0.020845967796985464 0.022773459064555933 -0.0052136733610767955 -0.0022825725279311685 0 0.013746369462310464 0.0014993792696975047 -0.0036475692714183021 0.0031112297572984397 -0.00096254466073855411 -0.0024023017584492612 0.0028410032888952145 -0.0020729149801310661 0.00035426208467999158 0.00053497007626141272 0.0010391928089371694 0.0074479460188501025 0.0017813506339386391 -0.00084372174716202937 0.0019119248856436081 -0.01152639035321772 -0.001680907645201549 -0.019471516367193544
leaf_weight=408 1927 464 218 2626 679 1962 9529 256 172 101 350 233 1301 5430 9224 977 43200 2789 5211 31310 31771 30141 51176 1966 2690 12161 7351 100 269 172
leaf_count=408 1927 464 218 2626 679 1962 9529 256 172 101 350 233 1301 5430 9224 977 43200 2789 5211 31310 31771 30141 51176 1966 2690 12161 7351 100 269 172
internal_value=-9.73611e-06 -9.37145e-05 -0.000724971 -0.00558462 0.000466177 0.000664289 -0.00177853 -0.00823079 -0.00059415 0.0117462 0.00544421 0.00880618 0.0115261 0.000467888 -0.000300627 -0.00296607 -0.000627926 0.00150617 0.000974217 -0.000794357 0.000529355 -0.000343043 0.000935485 0.0031369 -0.00175829 0.000672777 0.00299223 0.00664404 -0.00396441 -0.00981413
internal_weight=256164 252353 118866 3034 133487 122797 10690 1161 115832 273 3811 1884 1534 113384 42651 10201 115559 8218 8000 107341 32450 73341 70733 7396 34000 63337 9413 2062 905 441
internal_count=256164 252353 118866 3034 133487 122797 10690 1161 115832 273 3811 1884 1534 113384 42651 10201 115559 8218 8000 107341 32450 73341 70733 7396 34000 63337 9413 2062 905 441
is_linear=0
shrinkage=0.03


Tree=5
num_leaves=31
num_cat=0
split_feature=16 26 40 71 14 13 10 40 138 33 18 45 42 58 33 36 140 158 13 1 23 18 15 13 84 122 51 118 41 37
split_gain=138.515 84.4113 73.7 109.718 60.9792 85.7432 107.301 101.035 64.1141 58.1157 77.1241 55.1182 48.6868 48.3172 47.79 50.5338 60.7763 47.7229 53.3428 45.9809 41.0034 38.9874 58.2682 51.6807 37.8391 37.2451 37.2113 36.2404 32.6099 32.494
threshold=1.2241054177284243 0.021585190668702129 -0.030734675005078312 0.58064553141593944 0.92502990365028392 0.90890604257583629 1.0173026323318484 0.055910304188728339 0.62219616770744335 0.34672905504703527 1.0216119885444643 1.0206446051597597 0.044561222195625312 0.99975594878196727 0.97388815879821788 0.80502268671989452 0.7297937572002412 -0.0030115264235064383 1.0223420262336733 0.035042800009250648 0.017023563385009769 1.0247294902801516 1.1024655699729922 0.98320415616035473 1.0000000180025095e-35 0.37662334740161901 0.85978454351425182 0.083333741873502745 -0.035766370594501488 0.78577449917793285
decision_type=10 10 10 10 8 8 10 10 10 8 10 8 10 10 10 10 10 10 10 10 10 10 8 8 2 10 10 10 10 10
left_child=1 11 3 17 5 12 7 -7 -8 10 -6 -1 -4 -5 15 -2 -17 18 -3 24 -18 23 -23 -11 -13 -19 -27 -14 -21 -15
right_child=14 2 4 13 9 6 8 -9 -10 21 -12 19 27 29 -16 16 20 25 -20 28 -22 22 -24 -25 -26 26 -28 -29 -30 -31
leaf_value=0.0017775246898636178 0.0026790333271461491 -0.015901886025719944 0.010960404126346111 0.00081527219974789728 -0.0014911120179294103 -0.00010593839811376564 -0.0022318713310353587 0.01270539043102238 0.009773611481348447 -0.0011786047424741479 -0.010428392948118663 -0.00026328359044305275 -0.0026474267379892925 0.0049436439912005064 -0.011198450269384517 -0.0032177709673798256 0 -0.010845678884338201 -0.0018436458786565662 0.003545051421067316 0.014202978777728428 -0.0062389182318333593 3.3572429242800378e-05 0.0003746236146112274 0.0015517096822540821 0.011659047441089891 0.00095691898293617675 -0.0123881237567816 -0.0070489115514242636 0.01199916611694715
leaf_weight=28542 1871 248 130 2096 52815 9154 438 567 2102 31205 877 33546 1079 3001 115 226 220 206 4185 274 1317 2455 2685 50007 14810 291 8340 588 1263 865
leaf_count=28542 1871 248 130 2096 52815 9154 438 567 2102 31205 877 33546 1079 3001 115 226 220 206 4185 274 1317 2455 2685 50007 14810 291 8340 588 1263 865
internal_value=-2.57703e-06 -8.92015e-05 -0.000459768 0.00128504 -0.000679606 0.00119379 0.00210924 0.000635067 0.00758492 -0.000869947 -0.00164651 0.0007258 -0.00484174 0.0046605 0.00570481 0.00638019 0.0100657 -0.000213661 -0.00276538 0.000117664 0.0122278 -0.000383355 -0.00291677 -0.000218641 0.000286805 0.00103587 0.00137855 -0.00636722 -0.00494638 0.00665312
internal_weight=255518 251769 173334 19232 154102 14058 12261 9721 2540 140044 53692 78435 1797 5962 3749 3634 1763 13270 4433 49893 1537 86352 5140 81212 48356 8837 8631 1667 1537 3866
internal_count=255518 251769 173334 19232 154102 14058 12261 9721 2540 140044 53692 78435 1797 5962 3749 3634 1763 13270 4433 49893 1537 86352 5140 81212 48356 8837 8631 1667 1537 3866
is_linear=0
shrinkage=0.03


Tree=6
num_leaves=31
num_cat=0
split_feature=27 86 26 33 33 42 80 5 113 38 1 17 44 10 59 140 52 45 53 53 50 53 132 40 38 38 80 121 77 34
split_gain=97.7455 100.83 86.3221 97.7183 66.1003 65.3526 75.1405 74.9808 70.6995 70.5595 59.687 59.2852 50.572 49.7315 56.123 51.8181 49.6839 49.3978 48.7844 46.387 59.3418 58.2371 43.8806 42.1017 41.679 43.2328 40.8831 68.9569 59.5232 48.2593
threshold=0.092212572693824782 -0.58333334326744068 0.021585190668702129 0.26314339041709905 0.89825335144996654 -0.079052612185478197 0.62500000000000011 0.0080099911428987997 0.83673629164695751 -0.028366380371153351 0.054196750745177276 0.74524354934692394 1.0438056588172915 1.0191977620124819 0.99719744920730602 1.2450921535491946 0.97906789183616649 1.0296478867530825 0.99215781688690197 0.98177126049995433 0.93600383400917064 1.044265151023865 2.0596956014633183 -0.016720421612262722 -0.0017291174153797326 0.0093862768262624758 0.17500000447034839 0.27058808505535131 0.97499999403953563 0.64570951461792003
decision_type=8 2 10 10 10 10 2 10 10 10 10 8 10 10 10 10 10 10 10 10 10 10 10 10 8 10 2 8 2 10
left_child=2 4 17 11 19 7 8 -5 9 -7 -6 -4 24 14 -14 -15 -9 -1 -8 -2 22 -22 -21 -20 -13 -26 27 -3 -29 -30
right_child=1 26 3 5 10 6 18 16 -10 -11 -12 12 13 15 -16 -17 -18 -19 23 20 21 -23 -24 -25 25 -27 -28 28 29 -31
leaf_value=0.0014349006679349578 -0.0016284876953483829 -0.0073763460965576367 0.009546464561233212 0.00048685527401407858 -0.0065778110113006933 -0.021803512490115876 -0.0039597932784688735 0.010469991824752731 -0.001415924575909536 0.0010311497140460587 0.010917436967883063 0.00032742373247582568 -0.0040014668204662778 -0.0074793347983701701 0.00010179113102356089 0.00055715023011635345 0 -7.0468722443974954e-05 -0.0024480481886532332 0.013688371036650495 0 0.011009773387244936 0 -0.00022304886336781157 -0.0028511895950480868 0.00039536192528166715 -0.00094736751151438126 0.0026006997285951709 0.019496917566541542 0
leaf_weight=39553 402 500 391 4074 619 101 5019 1483 14319 49655 216 11699 6355 3563 5403 816 601 38187 10425 1741 1125 672 221 30069 13131 4913 6077 3692 352 152
leaf_count=39553 402 500 391 4074 619 101 5019 1483 14319 49655 216 11699 6355 3563 5403 816 601 38187 10425 1741 1125 672 221 30069 13131 4913 6077 3692 352 152
internal_value=2.11191e-05 0.00230848 -0.000128251 -0.0005236 0.00582965 -5.50044e-05 -0.000226748 0.00294363 0.000431878 0.000970028 -0.0015517 -0.00168877 -0.00179518 -0.00315591 -0.00209351 -0.00591786 0.0075535 0.000691756 -0.00116036 0.00738298 0.0084296 0.00416153 0.0121059 -0.000804196 -0.00104521 -0.00195116 0.000639962 0.00275301 0.00406046 0.0136739
internal_weight=255526 15769 239757 162017 4996 115746 109588 6158 64075 49756 835 46271 45880 16137 11758 4379 2084 77740 45513 4161 3759 1797 1962 40494 29743 18044 10773 4696 4196 504
internal_count=255526 15769 239757 162017 4996 115746 109588 6158 64075 49756 835 46271 45880 16137 11758 4379 2084 77740 45513 4161 3759 1797 1962 40494 29743 18044 10773 4696 4196 504
is_linear=0
shrinkage=0.03


Tree=7
num_leaves=31
num_cat=0
split_feature=16 26 40 36 18 73 55 14 120 36 85 1 29 20 41 43 72 83 92 97 84 36 140 23 15 74 75 85 110 1
split_gain=124.878 79.8053 62.052 94.8073 55.0617 73.1121 53.3701 105.513 69.245 53.2942 59.7821 52.2757 51.7476 49.4663 50.0383 47.9968 56.8574 53.2001 44.0133 40.9064 39.2312 37.1225 58.4981 53.4034 33.8288 33.0671 31.9918 31.4106 29.4566 36.1119
threshold=1.2241054177284243 0.021585190668702129 -0.030112487263977524 0.82707694172859203 1.0247294902801516 0.5000000149011613 0.93584609031677257 0.88468468189239513 0.25775530934333807 0.79527312517166149 0.82500001788139354 0.036247322335839278 0.013010889291763307 1.0707752108573916 -0.001965431845746934 1.1331462264060976 0.089923255145549788 -0.50000001490116108 0.71374112367630016 0.0085334745235741156 -1.0000000180025095e-35 0.80502268671989452 0.76397109031677257 0.017142243683338169 0.94573059678077709 0.15000000223517421 0.17500000447034839 -0.32500000298023218 0.24264705926179889 0.06177517585456372
decision_type=10 10 10 10 10 10 10 8 10 10 2 10 10 10 10 10 10 10 10 10 2 10 10 10 10 2 2 2 2 10
left_child=1 11 3 15 6 13 9 8 -8 10 -4 20 -9 14 -6 16 19 -18 -11 -3 -1 -2 -23 -24 -13 -17 -15 -26 29 -5
right_child=21 2 4 28 5 -7 7 12 -10 18 -12 24 -14 26 -16 25 17 -19 -20 -21 -22 22 23 -25 27 -27 -28 -29 -30 -31
leaf_value=0.00013543359712812862 0.0022775310601411418 0.00089971570989686464 -0.0039701626960609113 0.0080916784176259509 -0.0058347579525613652 -0.010719582487826854 -0.0013844099105898373 -0.00064380917314930161 0.0090358550721068315 0.0054675062091369521 -0.018076580714946864 0.0012187482592489042 0.0048987415468486036 -0.0002870064238401569 0.0055066152407799831 0.0021889930783596154 0.0029970425502616779 -0.00095368213633106186 -0.013013387926678348 -0.005507267237706311 0.001502607808473107 -0.0019264299618632736 -0.001597340531977476 0.013485003064268765 0 -0.0091441862211463568 0.0086610901933727846 -0.0099499753810531819 0.002528245086559145 0.027539247965440154
leaf_weight=37818 1920 1528 949 1043 2448 1050 787 141841 1693 531 422 658 1501 1099 365 269 9164 4449 123 1924 38809 334 207 1259 491 741 475 894 862 100
leaf_count=37818 1920 1528 949 1043 2448 1050 787 141841 1693 531 422 658 1501 1099 365 269 9164 4449 123 1924 38809 334 207 1259 491 741 475 894 862 100
internal_value=-6.88874e-06 -8.88029e-05 -0.000449459 0.00111241 -0.000656137 -0.00362544 -0.000544438 -0.000474618 0.00562448 -0.00537176 -0.00872533 0.00070207 -0.000583003 -0.00181848 -0.00422878 0.000404717 0.000798915 0.00168436 0.00126362 -0.00259602 0.000831987 0.00543347 0.00857295 0.0111606 -0.00398613 -0.00585059 0.00229992 -0.00665458 0.00727707 0.0104954
internal_weight=255754 252034 173364 20080 153284 5437 147847 145822 2480 2025 1371 78670 143342 4387 2813 18075 17065 13613 654 3452 76627 3720 1800 1466 2043 1010 1574 1385 2005 1143
internal_count=255754 252034 173364 20080 153284 5437 147847 145822 2480 2025 1371 78670 143342 4387 2813 18075 17065 13613 654 3452 76627 3720 1800 1466 2043 1010 1574 1385 2005 1143
is_linear=0
shrinkage=0.03


Tree=8
num_leaves=31
num_cat=0
split_feature=16 46 27 86 33 114 10 53 120 25 26 20 14 42 30 29 162 55 37 12 60 53 15 30 33 45 78 41 28 122
split_gain=127.338 79.2055 58.5515 65.6593 63.881 82.5353 65.7715 64.414 56.9623 76.3718 61.1988 67.4672 55.7195 53.3772 53.3275 52.8839 52.8077 50.0938 51.3553 47.6364 47.8994 46.6877 50.3834 45.6888 50.1904 41.8018 42.2259 79.8743 66.2001 37.1381
threshold=1.2241054177284243 1.0578616261482241 0.090783946216106429 -0.58333334326744068 0.52326437830924999 0.5546691119670869 1.0194280147552492 0.99365082383155834 0.25775530934333807 0.043913342058658607 0.073785979300737395 0.90369763970375072 0.89173579216003429 0.084290143102407469 0.0032538753002882008 -0.0034230374731123443 0.60978853702545177 0.99344947934150707 0.83594453334808361 0.98555809259414684 0.90218123793602001 0.97937640547752391 1.0904738903045657 -0.0070404950529336921 0.96605226397514354 1.0206446051597597 0.30000000447034841 0.04320326820015908 0.019524861127138141 0.46977984905242925
decision_type=10 8 10 2 8 10 10 10 8 10 10 10 8 10 8 8 10 10 10 10 10 10 10 10 10 10 10 10 10 8
left_child=1 8 4 21 5 6 15 -6 19 25 11 13 -7 -11 -9 -3 -13 18 -12 20 -1 -4 -23 24 -2 26 27 -10 -28 -16
right_child=23 2 3 -5 7 12 -8 14 9 10 17 16 -14 -15 29 -17 -18 -19 -20 -21 -22 22 -24 -25 -26 -27 28 -29 -30 -31
leaf_value=-0.010116223934518182 0.0087837969777283514 -0.0016899736604168495 -0.0050608518185248641 -8.2562506324862733e-05 -0.0037677200381378614 0.011116370228549036 -0.0036292793401591704 -6.8866490324275622e-05 0.0008688693714236519 0.0056756114152317141 0.023951631124326286 0.0029847838820580988 -0.0047478640655977001 -0.010703464183616751 0.00018021829596312464 0.00057986190714052598 0.014796287269246849 0.0016799663957139722 0 -0.00085551549548351007 0.0041563623189857157 0.010786701613053036 0.002452276888356677 0.0003665923821187661 -0.0076893751314704925 -3.5641449374137991e-05 0.0018406165496854645 -0.0044289624118370929 0.016467244290348994 0.0076534077182573686
leaf_weight=978 2446 17844 315 6339 4070 175 7401 53528 22789 225 333 4016 8006 525 1195 18858 376 336 130 10209 223 1303 1555 1209 144 62982 23721 2858 268 1381
leaf_count=978 2446 17844 315 6339 4070 175 7401 53528 22789 225 333 4016 8006 525 1195 18858 376 336 130 10209 223 1303 1555 1209 144 62982 23721 2858 268 1381
internal_value=2.17835e-05 -5.94503e-05 -0.000609543 0.00163793 -0.000802565 -0.00156995 -0.00104653 -0.000130515 0.000454493 0.000651179 0.00396737 0.00266623 -0.00434565 -0.00538034 0.000129245 -0.00051585 0.00412645 0.0117051 0.0179884 -0.00156055 -0.00719574 0.00514806 0.00640484 0.00545963 0.00770107 0.000472901 0.00112398 0.000263821 0.0020301 0.00433027
internal_weight=255738 251939 121970 9512 112458 52284 44103 60174 129969 118559 5941 5142 8181 750 56104 36702 4392 799 463 11410 1201 3173 2858 3799 2590 112618 49636 25647 23989 2576
internal_count=255738 251939 121970 9512 112458 52284 44103 60174 129969 118559 5941 5142 8181 750 56104 36702 4392 799 463 11410 1201 3173 2858 3799 2590 112618 49636 25647 23989 2576
is_linear=0
shrinkage=0.03


Tree=9
num_leaves=31
num_cat=0
split_feature=16 26 27 33 40 36 140 18 49 3 11 120 17 35 111 1 23 69 37 120 37 58 23 117 60 28 48 120 1 38
split_gain=99.2321 65.2909 65.1252 67.114 74.3497 59.5169 61.0065 51.8511 59.8094 96.7653 59.4889 50.5085 48.8906 67.4053 48.406 47.2947 46.8805 45.727 39.5405 39.2969 39.1204 42.7652 38.9808 37.55 37.3248 33.7689 33.1605 30.8903 39.0405 34.0344
threshold=1.2241054177284243 0.021970623172819618 0.07648158818483354 0.25209435820579534 0.025811721570789817 0.80502268671989452 0.73733803629875194 0.94165822863578807 0.83075928688049328 0.0054175122641026982 0.97116646170616161 0.25179861485958105 1.0505280494689944 0.72687390446662914 1.0000000180025095e-35 0.035820892080664642 0.016788416542112831 0.92380961775779735 0.71346053481102001 0.31770823895931249 0.67595657706260692 0.97913652658462536 0.02310361992567778 0.50474640727043163 0.86153843998909008 -0.0029520264361053701 0.99089995026588451 0.69911500811576854 0.065656580030918135 -0.0017937274533323941
decision_type=10 10 10 8 10 10 10 10 10 10 10 10 10 10 2 10 10 10 10 10 10 8 8 10 10 10 10 10 10 10
left_child=1 15 3 25 12 -2 -7 14 9 23 11 -10 -5 -14 -4 20 -8 -11 24 -12 21 -1 -22 -9 -6 -3 -27 29 -29 -18
right_child=5 2 7 4 18 6 16 8 10 17 19 -13 13 -15 -16 -17 27 -19 -20 -21 22 -23 -24 -25 -26 26 -28 28 -30 -31
leaf_value=0.0025480354881270133 0.00096719003763903223 -0.0045298980648229752 0 0.00064344010560527572 -0.0096138989727443409 -0.0038021246594356468 -0.00080711915032248701 0.024843387728584118 -0.007287519867283797 0.0067465216814865904 0.0040730892247531686 0.0047989831868933781 -0.0017033645996315204 0.0012646628110310199 -0.020979623619436484 -0.0035685916880367468 0.028407787458217214 -0.010358995073536484 0.00039016254315673302 -0.00029202421990686452 0.001806788286991797 0.00011001603241485663 0.012152880074442747 0.0011822070713705299 -0.0024979182124087898 -0.0017885175083424776 0.0007645481924751081 0.0044267842972084961 0.020404354116754789 0.0088658589453981165
leaf_weight=7367 1916 3544 263 54880 727 254 211 289 299 349 2040 4308 23138 9671 163 2304 232 207 4068 18291 16567 55256 327 112 11551 31142 5177 675 193 245
leaf_count=7367 1916 3544 263 54880 727 254 211 289 299 349 2040 4308 23138 9671 163 2304 232 207 4068 18291 16567 55256 327 112 11551 31142 5177 675 193 245
internal_value=3.94404e-06 -6.69141e-05 -0.000402744 -0.000654962 -0.000250404 0.0048519 0.00874466 0.0009642 0.00114834 0.00846534 0.00084897 0.00392161 9.27407e-05 -0.000819113 -0.00910589 0.000628003 0.0110054 0 -0.00210742 0.0001348 0.000754238 0.000402337 0.00203892 0.0193175 -0.00295861 -0.0017026 -0.00141612 0.013063 0.00869678 0.0197348
internal_weight=255766 252040 170219 143898 104035 3726 1810 26321 25895 957 24938 4607 87689 32809 426 81821 1556 556 16346 20331 79517 62623 16894 401 12278 39863 36319 1345 868 477
internal_count=255766 252040 170219 143898 104035 3726 1810 26321 25895 957 24938 4607 87689 32809 426 81821 1556 556 16346 20331 79517 62623 16894 401 12278 39863 36319 1345 868 477
is_linear=0
shrinkage=0.03


Tree=10
num_leaves=31
num_cat=0
split_feature=16 25 29 57 3 12 41 10 55 14 36 36 140 79 37 2 23 56 26 32 138 6 76 71 53 33 6 131 1 110
split_gain=103.086 80.1177 55.6935 83.4862 70.6281 68.4788 66.8471 60.09 52.5949 66.4568 53.4898 44.8775 58.018 44.6092 41.9897 41.959 41.4108 39.6018 38.4799 40.2685 34.7345 34.7549 42.2325 32.0848 59.524 35.9109 29.9228 27.5006 26.9124 26.7982
threshold=1.2241054177284243 0.012333759106695654 -0.00057570118224248279 1.1682889461517336 0.017476509325206283 0.98736849427223217 -0.029489791020750996 1.0218749642372134 0.93584609031677257 0.89173579216003429 0.79527312517166149 0.80819529294967662 0.82035279273986828 0.15000000223517421 0.65667176246643078 -0.1499972119927406 0.01565725822001696 0.99362042546272289 0.04299146123230458 0.0027820797404274349 0.53946739435195934 0.058821097016334541 0.15000000596046451 0.61842110753059398 1.0138400197029116 0.5885257124900819 0.068967685103416457 1.5071620941162112 0.058631887659430511 -0.30384616553783411
decision_type=10 8 8 10 10 10 10 10 8 8 10 10 10 2 10 10 10 10 10 10 10 10 2 10 10 10 10 10 10 2
left_child=1 14 6 4 8 -6 15 13 10 -10 -4 26 28 17 -1 23 -7 -8 -9 -20 -5 -22 -23 25 -25 -3 -2 -15 29 -13
right_child=11 2 3 20 5 16 7 18 9 -11 -12 12 -14 27 -16 -17 -18 -19 19 -21 21 22 -24 24 -26 -27 -28 -29 -30 -31
leaf_value=0.0006729504591032145 0.0070565757886544168 -0.0013921776604182915 -0.0090879067803999857 -0.0048825219763351264 -0.013857406991441825 0.00070752069635990724 0.0083202611886766253 -0.0023109967452927837 0.0045375112272907966 -0.00017545056353190333 0.0015935837837260853 -0.01059472137546367 0.011708096132993675 -0.0011619987461549415 0.0032391554325906925 -0.0011602532710251153 0.0071065091092233443 -0.005681461380761206 -0.0062729057303137553 -0.025180963655635713 0 0.0092417220579373242 0.0010311587057990363 -0.0041701824728697144 0.0084883462872798049 0.0016137219541405869 -0.00073285855577507415 0.0003395128922033438 0.010761465534788409 0.0036917208958100749
leaf_weight=22420 600 4736 1139 285 162 1627 161 3756 2743 103753 588 231 1284 53223 7924 10093 2448 2659 1871 105 782 1976 915 404 1253 13578 1371 13460 132 168
leaf_count=22420 600 4736 1139 285 162 1627 161 3756 2743 103753 588 231 1284 53223 7924 10093 2448 2659 1871 105 782 1976 915 404 1253 13578 1371 13460 132 168
internal_value=-1.36987e-05 -8.88547e-05 -0.00028787 0.000162188 8.43021e-06 0.00380129 -0.000788237 -0.00126692 -0.000137966 -5.04139e-05 -0.0053028 0.00488532 0.00830402 -0.00101702 0.00135466 0.000399749 0.00464082 -0.00472347 -0.00423088 -0.00767018 0.00443353 0.00526016 0.00677108 0.00120353 0.0052102 0.000819363 0.00153474 -0.000854409 0 -0.0039743
internal_weight=255847 252061 221717 116418 112460 4237 105299 75235 108223 106496 1727 3786 1815 69503 30344 30064 4075 2820 5732 1976 3958 3673 2891 19971 1657 18314 1971 66683 531 399
internal_count=255847 252061 221717 116418 112460 4237 105299 75235 108223 106496 1727 3786 1815 69503 30344 30064 4075 2820 5732 1976 3958 3673 2891 19971 1657 18314 1971 66683 531 399
is_linear=0
shrinkage=0.03


Tree=11
num_leaves=31
num_cat=0
split_feature=16 25 40 71 18 73 25 58 55 36 14 80 85 36 140 92 123 47 83 118 23 41 34 27 13 61 1 39 158 10
split_gain=119.632 79.1054 64.3005 75.0502 64.638 72.4475 57.0278 53.9734 49.8628 82.6129 71.8043 69.4998 51.7201 48.5798 61.3297 44.8884 44.791 43.9116 41.6531 35.7507 35.5658 32.2145 31.9682 54.2666 31.8097 54.2175 38.0399 30.5511 28.3528 27.5495
threshold=1.2241054177284243 0.01246010744944215 -0.030112487263977524 0.58064553141593944 1.0247294902801516 0.5000000149011613 0.033714421093463905 0.99975594878196727 0.93584609031677257 0.79527312517166149 0.91246113181114208 0.37500000000000006 0.87500000000000011 0.80819529294967662 0.76397109031677257 0.50542837381362926 -0.063830200582742677 1.0097460150718691 -0.3000000044703483 0.56046172976493847 0.017277830280363563 -0.00073607228114269663 0.46424159407615667 0.053962413221597678 1.1167117953300478 1.0382310152053835 0.058631887659430511 -0.039341956377029412 -0.0018926158663816748 1.0191977620124819
decision_type=10 10 10 10 10 10 10 10 10 10 8 2 2 10 10 10 10 10 10 10 10 10 10 10 8 10 10 10 10 10
left_child=1 29 3 19 8 6 21 16 9 12 11 -10 -4 -2 -15 -11 18 -12 -5 28 -16 -6 23 -9 26 -26 -21 -8 -3 -1
right_child=13 2 4 7 5 -7 27 22 10 15 17 -13 -14 14 20 -17 -18 -19 -20 24 -22 -23 -24 -25 25 -27 -28 -29 -30 -31
leaf_value=0.0014521820754269229 0.0017360518136679917 -0.01995673957722701 -0.0054540725887446849 0.00046131571195054546 -0.0056724894610711962 -0.010206409325417762 0.015602637970613108 0.0021674319436380167 0 0.010111804788606592 0.0013627764881577996 0.0057057897501924812 -0.019840960412550741 -0.0016734020294481887 0 -0.0048361083885538388 0.0080619941682331751 -0.00058089323866988428 -0.0098702904389823196 0.00029157979247938743 0.013327230333507117 0.0060014117932414976 0.00052895572859081258 0.0105724232987478 -0.015041287257160356 -6.1884617300617746e-05 0.0071661047608892045 0.00061087794886030718 0 -0.0030683758901203892
leaf_weight=30933 1982 122 1084 1331 2573 1178 115 1243 4206 379 11039 3372 318 355 220 284 491 171405 435 13565 1266 191 868 1947 298 821 755 2073 113 1204
leaf_count=30933 1982 122 1084 1331 2573 1178 115 1243 4206 379 11039 3372 318 355 220 284 491 171405 435 13565 1266 191 868 1947 298 821 755 2073 113 1204
internal_value=-3.52151e-05 -0.000116372 -0.000320406 0.00121412 -0.000492255 -0.00352599 -0.00184182 0.00397081 -0.000393522 -0.00501828 -0.000341163 0.00251032 -0.00916142 0.00521635 0.00874307 0.00331542 0.000110643 -0.000461508 -0.00199762 8.06938e-05 0.0114199 -0.00472071 0.00603314 0.00742474 0.000283309 -0.00450849 0.000684438 0.0016689 -0.0110324 0.00127169
internal_weight=256166 252343 220206 21989 198217 6130 4952 6315 192087 2065 190022 7578 1402 3823 1841 663 2257 182444 1766 15674 1486 2764 4058 3190 15439 1119 14320 2188 235 32137
internal_count=256166 252343 220206 21989 198217 6130 4952 6315 192087 2065 190022 7578 1402 3823 1841 663 2257 182444 1766 15674 1486 2764 4058 3190 15439 1119 14320 2188 235 32137
is_linear=0
shrinkage=0.03


Tree=12
num_leaves=31
num_cat=0
split_feature=16 30 16 35 27 1 33 120 25 45 1 55 74 30 44 33 34 26 42 1 6 47 76 140 22 18 15 12 25 53
split_gain=81.7891 71.747 59.956 64.1683 54.8247 54.3115 53.9414 48.3822 66.1208 87.3397 56.0231 59.813 46.1337 43.6503 42.2411 66.8056 46.4502 41.3349 54.4398 46.0517 43.411 40.7486 39.8837 39.1393 39.4741 37.7508 37.587 36.8557 41.1262 36.5611
threshold=1.2241054177284243 -0.00042249893886037165 0.93407893180847179 0.18933849781751635 0.090783946216106429 0.054196750745177276 0.97388815879821788 0.25775530934333807 0.043483210727572448 1.109251141548157 0.030848315916955475 0.93584609031677257 0.75000000000000011 -0.005568938795477151 1.0268293023109438 0.57051238417625438 0.75599205493927013 0.021970623172819618 -0.064358774572610841 0.022675723768770698 0.16666502505540851 1.1542980670928957 0.050000002607703216 0.81779709458351146 1.1317713856697085 1.0402072072029116 0.99356669187545787 0.98555809259414684 0.026994569227099422 0.9857480823993684
decision_type=10 8 8 10 10 10 10 8 10 10 10 10 2 10 8 8 10 10 10 10 10 10 2 10 10 10 10 10 8 10
left_child=1 2 3 5 17 -1 13 27 14 10 12 -12 -10 23 21 16 -16 -4 20 -20 -19 26 -6 -2 -25 -17 -9 28 -3 -5
right_child=6 7 4 29 22 -7 -8 8 9 -11 11 -13 -14 -15 15 25 -18 18 19 -21 -22 -23 -24 24 -26 -27 -28 -29 -30 -31
leaf_value=-0.0021782993724228923 0 0.0087061289331706402 0.00022993035045514216 -0.022405340915171372 0.0065678038493491679 0.018329136535645493 -0.013703531476237592 0.00070691767539600295 0.0044437709179801308 -0.004300543771671674 -0.0049583752897711516 0.0070410663669664099 -0.0016877338531930245 -0.00043205589295846133 -0.0019171123058402311 0.00059007744873972327 0.0024776567992193799 -0.0011598737136662548 -0.00076007838653798052 -0.0024483816748769632 0.0025423753729127258 -0.0019289447883162783 0.00068558442278211752 -0.0069918959168717267 0.0097434341304704231 0.0074151482400520051 0.0026771466640810935 -0.00080972366661514442 -0.008250213009653156 -0.0069786449200501012
leaf_weight=1625 614 112 34041 174 1535 104 116 50626 2133 1288 363 4588 2164 878 20866 21345 2341 5025 42401 22801 6336 4322 3563 100 2081 747 10753 10504 1112 1260
leaf_count=1625 614 112 34041 174 1535 104 116 50626 2133 1288 363 4588 2164 878 20866 21345 2341 5025 42401 22801 6336 4322 3563 100 2081 747 10753 10504 1112 1260
internal_value=-8.78709e-07 -6.79618e-05 -0.000604776 -0.00467791 -0.000490045 -0.000577753 0.00436115 0.000408618 0.000587991 0.00286117 0.0038981 0.00608453 0.0012929 0.00508402 0.000369045 -0.000330913 -0.00145912 -0.000632579 -0.00101994 -0.00135564 0.000879341 0.000856164 0.00253407 0.00691413 0.00878325 0.00084092 0.00105773 -0.0014225 -0.00634247 -0.00933927
internal_weight=255918 252129 118865 3163 115702 1729 3789 133264 121536 10536 9248 4951 4297 3673 111000 45299 23207 110604 76563 65202 11361 65701 5098 2795 2181 22092 61379 11728 1224 1434
internal_count=255918 252129 118865 3163 115702 1729 3789 133264 121536 10536 9248 4951 4297 3673 111000 45299 23207 110604 76563 65202 11361 65701 5098 2795 2181 22092 61379 11728 1224 1434
is_linear=0
shrinkage=0.03


Tree=13
num_leaves=31
num_cat=0
split_feature=16 26 86 123 25 158 49 3 162 33 48 123 3 111 44 4 39 30 140 36 52 32 33 2 1 86 53 24 56 84
split_gain=96.2068 64.3445 58.5151 68.7437 57.2863 49.5298 70.8538 83.385 76.2686 49.4711 47.7379 46.2605 43.9943 76.5732 56.1215 44.9981 43.2546 42.2695 42.246 39.7524 39.5596 38.8493 41.9632 40.4057 38.3821 37.9901 37.6191 37.4827 36.705 36.3458
threshold=1.2241054177284243 0.021585190668702129 0.81666666269302379 0.18749922513961795 0.035789960995316512 0.0021394485374912624 0.83075928688049328 0.0081053380854427832 0.32641771435737615 0.37453159689903265 0.85378730297088634 -0.11111104488372801 0.017476509325206283 0.13714733719825747 1.0385021567344668 0.36363528668880468 0.019852325320243839 -0.0068273739889264098 0.82267063856124889 0.78529399633407604 0.64177554845809948 -0.0050809530075639478 0.26880997419357305 0.64615434408187877 0.036247322335839278 0.91666665673255932 1.0227903723716738 0.01909730210900307 1.0664608478546145 -1.0000000180025095e-35
decision_type=10 10 2 10 10 8 10 10 10 10 10 10 10 2 10 10 10 10 10 10 10 10 8 10 10 2 10 10 10 2
left_child=1 24 5 4 -4 6 7 16 -9 20 28 -11 14 25 27 -16 -3 18 -2 -20 -6 23 -23 -8 29 -14 -12 -5 -7 -1
right_child=17 2 3 12 9 10 21 8 -10 11 26 -13 13 -15 15 -17 -18 -19 19 -21 -22 22 -24 -25 -26 -27 -28 -29 -30 -31
leaf_value=4.6570416848947527e-05 0 0.019570487466286781 0.0017355308106474254 -0.0025740728499393664 0.018481403189798584 -0.025643298386576377 0.00084631865213514741 0.014280555532825707 -0.0099236232378904759 0.007195443828356139 -0.0024898407335917699 0.023172565877714473 0.025762092760165355 0 -0.0039963806141587177 -0.024417094567713016 0 0 0.0028444568019795635 0.012219026699962872 2.4487049888158743e-05 -0.0014107159589424026 -0.00024876983339980894 0.0085012815385229357 -0.0034531694060201553 0.00015290742052993813 0.0032784757584850117 0.0013052117338817591 0 0.0013626665760914042
leaf_weight=37747 644 422 3307 3360 108 121 3827 154 325 541 13067 313 190 603 511 124 126 1116 763 1250 760 39744 97409 754 1997 102 1043 6636 101 38783
leaf_count=37747 644 422 3307 3360 108 121 3827 154 325 541 13067 313 190 603 511 124 126 1116 763 1250 760 39744 97409 754 1997 102 1043 6636 101 38783
internal_value=-3.15615e-05 -0.000104047 -0.000427307 0.00126225 0.00418141 -0.000607405 -0.000435851 0.0073219 -0.00128023 0.00863251 -0.00229236 0.0137907 0 0.00629596 -0.000558728 -0.00906586 0.0151494 0.00470907 0.00675505 0.00887623 0.00302333 -0.000495205 -0.000587821 0.00220295 0.000606889 0.0183612 -0.00203818 0 -0.0157044 0.000717627
internal_weight=255948 252175 173648 16555 5029 157093 142761 1027 479 1722 14332 854 11526 895 10631 635 548 3773 2657 2013 868 141734 137153 4581 78527 292 14110 9996 222 76530
internal_count=255948 252175 173648 16555 5029 157093 142761 1027 479 1722 14332 854 11526 895 10631 635 548 3773 2657 2013 868 141734 137153 4581 78527 292 14110 9996 222 76530
is_linear=0
shrinkage=0.03


Tree=14
num_leaves=31
num_cat=0
split_feature=16 30 120 162 38 79 1 16 33 1 61 61 11 34 35 27 115 22 74 10 67 38 34 51 46 17 91 158 1 33
split_gain=97.1733 62.2392 57.5962 65.4359 91.7002 73.0397 92.0119 54.4775 46.1292 56.1797 50.2315 48.7939 45.4163 44.8831 44.3705 40.2813 46.5244 45.6579 43.8533 40.0353 41.0097 37.2384 40.3642 59.9376 36.2921 33.8307 37.4821 32.6847 30.099 29.5786
threshold=1.2241054177284243 -0.00042249893886037165 0.25775530934333807 0.40513548254966741 -0.023208932019770142 0.15000000223517421 0.035042800009250648 0.93407893180847179 0.26314339041709905 0.013736321125179531 0.83702108263969432 0.77890631556510936 0.96131581068038952 0.43049283325672155 0.18933849781751635 0.090783946216106429 0.2631575614213944 1.113360643386841 0.55000001192092907 1.0105065107345583 0.4753048717975617 -0.0016666601877659557 0.87460365891456615 0.97758403420448314 1.0223798155784609 0.70159921050071727 0.25957991182804113 0.0049828914925456056 0.048148183152079589 0.56084024906158458
decision_type=10 8 8 8 8 2 10 8 10 8 8 8 10 10 10 10 8 10 2 10 10 10 10 10 10 10 10 8 10 10
left_child=1 7 12 8 -5 6 -6 14 9 -4 -11 -10 -3 -13 -1 16 -9 24 -19 20 27 29 23 -23 -18 28 -27 -17 -21 -2
right_child=21 2 3 4 5 -7 -8 15 11 10 -12 13 -14 -15 -16 19 17 18 -20 25 -22 22 -24 -25 -26 26 -28 -29 -30 -31
leaf_value=-0.00095873047464059124 0.0025057216648089425 -0.0078143936316993883 0.0012419748888188641 -0.018471543790961036 0.0026965780707092716 5.1038107851047857e-05 0.010199508916316533 0.0013865962595348438 0.015815471447284152 0.008203546741006703 -0.0016976067153910883 0.0013167065778015739 -0.00099997084892693654 -0.00022777995916942667 -0.0083154917017738122 0.0086001376238799537 0.0028704993151610087 -0.0039803885077781681 0.0056555533971535182 1.282810777176225e-05 -0.0050589778165199923 0.0029748553263689945 0.01098403737907558 -0.010200858953630168 -0.00068751072762370359 0.00055346297963440334 -0.007831829362871091 -0.00081701759164306252 0.020838694048409417 0.010706112559748534
leaf_weight=1723 778 964 9658 169 10436 7744 1754 9955 174 442 21985 40504 10771 28583 1436 1585 2606 5739 417 189 260 1128 313 403 91622 2046 587 343 103 1186
leaf_count=1723 778 964 9658 169 10436 7744 1754 9955 174 442 21985 40504 10771 28583 1436 1585 2606 5739 417 189 260 1128 313 403 91622 2046 587 343 103 1186
internal_value=2.7887e-05 -4.30492e-05 0.000400736 0.000596529 0.00216143 0.00236973 0.00381567 -0.000543872 0.00028279 -0.000652421 -0.00148197 0.000720417 -0.00159762 0.000673492 -0.00442857 -0.000434233 -0.000557156 -0.000753142 -0.00326289 0.00215186 0.00520386 0.00477246 0.00147954 -0.000386737 -0.000585338 -4.91088e-05 -0.00124782 0.00677959 0.00918539 0.0076669
internal_weight=255603 251795 133184 121449 20103 19934 12190 118611 101346 32085 22427 69261 11735 69087 3159 115452 110339 100384 6156 5113 2188 3808 1844 1531 94228 2925 2633 1928 292 1964
internal_count=255603 251795 133184 121449 20103 19934 12190 118611 101346 32085 22427 69261 11735 69087 3159 115452 110339 100384 6156 5113 2188 3808 1844 1531 94228 2925 2633 1928 292 1964
is_linear=0
shrinkage=0.03


Tree=15
num_leaves=31
num_cat=0
split_feature=21 25 25 0 51 73 41 35 13 58 6 2 159 17 37 42 1 116 34 26 81 37 24 61 37 46 87 41 35 22
split_gain=70.2848 54.5018 46.5384 54.109 73.4161 84.1446 100.605 62.2626 52.0364 52.5793 59.4939 51.6124 51.2942 46.7342 47.1222 46.5668 39.8663 45.7753 39.8562 39.5681 38.5322 37.3943 36.4809 34.0547 47.99 63.5973 43.1499 43.1466 33.9686 28.7755
threshold=1.1875514388084414 0.012333759106695654 0.042165674269199378 -0.0082872528582811338 0.86381909251213085 0.5000000149011613 0.031347144395112998 0.85941463708877575 1.1167117953300478 0.90760317444801342 0.11111049726605417 0.79166647791862499 -0.0056228942703455678 1.0779156088829043 0.92718300223350536 -0.10533285513520239 0.047048021107912071 0.33470755815505987 0.28442633152008062 0.036590814590454109 0.91666665673255932 0.65275800228118908 0.051859490573406226 0.89335578680038463 0.7169608771800996 1.0258308053016665 0.84166666865348827 -0.037257444113492959 0.80394437909126293 1.1048504114151003
decision_type=10 10 10 10 10 10 10 10 10 10 10 10 10 10 10 10 10 10 10 10 2 10 10 10 10 10 2 10 10 10
left_child=1 21 13 4 7 20 -7 12 9 10 -5 -11 -4 23 18 -10 -2 -18 19 -15 -6 -1 -9 27 25 -25 -26 -3 -20 -16
right_child=16 2 3 8 5 6 -8 22 15 11 -12 -13 -14 14 29 -17 17 -19 28 -21 -22 -23 -24 24 26 -27 -28 -29 -30 -31
leaf_value=0.00051630174555925337 -0.0021091112106154529 -0.011684410113465835 0.0018836739897203135 -0.017516555270020009 -0.00028141255989046123 -0.0064881450460152748 0.011301370617487313 0.0018079593814185274 0 -0.00014212433670779555 0 0.0038199947373494252 0.010844383220561343 -0.0011181701685264978 -0.00073628947398564955 -0.019594380652067336 0.018438023923993553 0.0025108573590297547 -0.0023082950694847644 0.002026948411328236 0.005047391361688228 0.0029113134893523707 -0.01373226462220891 0.00093512203687185652 0.0021430355661170549 -0.00067392234900326691 -0.00089536290450274833 -0.0015032354933014283 0.0003132187654075721 0.013764190335764157
leaf_weight=23052 216 393 948 297 1876 2017 304 918 164 19676 349 3439 1963 10594 142 209 382 369 27066 5422 3000 8073 138 30126 15460 82119 5602 6372 5083 284
leaf_count=23052 216 393 948 297 1876 2017 304 918 164 19676 349 3439 1963 10594 142 209 382 369 27066 5422 3000 8073 138 30126 15460 82119 5602 6372 5083 284
internal_value=3.83944e-06 -2.59025e-05 -0.000190557 0.00080623 0.00253119 0.000672697 -0.00395331 0.00580737 0 0.000185778 -0.00810224 0.000437177 0.00806135 -0.000378708 -0.00118073 -0.0108203 0.00799499 0.0112695 -0.00127554 -3.35249e-05 0.00294313 0.00114861 -0.000161554 -9.8214e-05 5.0653e-06 -0.000239301 0.00132058 -0.00217161 -0.00188455 0.00844178
internal_weight=256053 255086 223961 35298 11164 7197 2321 3967 24134 23761 646 23115 2911 188663 48591 373 967 751 48165 16016 4876 31125 1056 140072 133307 112245 21062 6765 32149 426
internal_count=256053 255086 223961 35298 11164 7197 2321 3967 24134 23761 646 23115 2911 188663 48591 373 967 751 48165 16016 4876 31125 1056 140072 133307 112245 21062 6765 32149 426
is_linear=0
shrinkage=0.03


Tree=16
num_leaves=31
num_cat=0
split_feature=16 25 40 71 58 41 21 28 37 48 1 30 38 53 33 30 82 122 85 37 39 90 1 111 24 4 138 6 37 22
split_gain=84.2466 55.9327 56.3024 77.1906 58.5612 48.664 79.1487 77.4303 76.2997 66.4942 56.046 54.8411 48.9801 48.4305 48.2196 48.7759 47.6124 41.6438 41.2122 36.8992 34.0962 36.6707 33.08 52.5918 65.4019 32.9498 32.0081 31.807 31.4963 31.067
threshold=1.2241054177284243 0.012333759106695654 -0.030734675005078312 0.5625000298023225 0.99975594878196727 0.0041292004752904185 0.91242483258247387 -0.009815074969083069 0.81118452548980724 0.97973093390464794 0.037109371274709708 0.0082974070683121699 -0.0017291174153797326 1.0354533791542055 0.97828525304794323 -0.0056914482265710822 0.74166667461395275 0.41063916683197027 0.67499998211860668 0.58513787388801586 -0.0084758093580603582 -0.069265365600585924 0.054196750745177276 -0.16954023391008374 0.044624375179409988 0.26666623353958135 0.64218494296073925 0.11538302898406984 0.60990020632743847 1.141421973705292
decision_type=10 10 10 10 10 10 10 10 10 10 10 10 10 10 10 10 2 10 2 8 10 10 10 2 10 10 10 10 10 10
left_child=1 19 3 18 -5 6 8 20 10 17 -4 12 -9 -11 15 22 -13 -8 -3 -1 21 -7 26 24 -24 -20 28 -10 -2 -28
right_child=14 2 5 4 -6 7 9 11 27 13 -12 16 -14 -15 -16 -17 -18 -19 25 -21 -22 -23 23 -25 -26 -27 29 -29 -30 -31
leaf_value=0.00033333788910370902 0.0085923840204610458 0.00040635395156015384 0.0061576779038067433 0 0.0060122686489821244 0.0017732351621897475 0 0.0010188612007217496 0.0069141081097497184 -0.00011745304147204672 0.024233358034934208 -0.0026430158163463415 -0.00040550814744315096 -0.0026234683030602651 -0.012884142403385009 -0.0007729621198920843 -0.016359996458848565 -0.0025769346919866827 -0.010542700766794344 0.0025248251454533738 0.00052044514430450652 0.020372015151943767 -0.00095214520832591679 0.0012291446102057312 0.021447568932566486 0.0012527570839205241 -0.005588501101138536 -0.0075060007344819263 -0.0079859714819176583 0.0080061878574237879
leaf_weight=20085 121 13760 731 2234 4233 196 7124 34942 173 60452 219 2835 57107 7871 112 880 244 27044 556 10857 327 301 117 347 501 266 130 385 300 1296
leaf_count=20085 121 13760 731 2234 4233 196 7124 34942 173 60452 219 2835 57107 7871 112 880 244 27044 556 10857 327 301 117 347 501 266 130 385 300 1296
internal_value=-1.10735e-05 -7.93158e-05 -0.00024771 0.00122387 0.00394641 -0.000404231 -0.000853965 8.01707e-05 0.00589704 -0.000957354 0.0110476 0 0.000132031 -0.000411226 0.00440699 0.00507895 -0.00392541 -0.00203975 0 0.00111312 0.00912681 0.0139699 0.00700873 0.0116699 0.0168397 -0.00643029 0.00431381 -0.00243167 -0.00236731 0.00649922
internal_weight=255746 251942 221000 21049 6467 199951 103999 95952 1508 102491 950 95128 92049 68323 3804 3692 3079 34168 14582 30942 824 497 2812 965 618 822 1847 558 421 1426
internal_count=255746 251942 221000 21049 6467 199951 103999 95952 1508 102491 950 95128 92049 68323 3804 3692 3079 34168 14582 30942 824 497 2812 965 618 822 1847 558 421 1426
is_linear=0
shrinkage=0.03


Tree=17
num_leaves=31
num_cat=0
split_feature=16 25 33 14 159 117 42 41 113 25 12 41 7 102 5 69 107 137 34 94 18 116 79 97 48 48 78 36 43 33
split_gain=82.4613 48.0805 48.9271 64.2499 84.4131 58.0854 57.0155 74.0446 64.7381 54.0987 73.423 57.1382 52.6218 50.3842 56.3661 49.5489 44.0743 41.4272 40.1149 35.9285 34.7049 63.6827 59.4044 47.0248 44.9275 34.4753 33.8771 38.1569 32.8089 61.1272
threshold=1.2241054177284243 0.012333759106695654 0.54681339859962474 0.89173579216003429 0.0074723418802022943 0.67271694540977489 0.10538326948881151 0.030660033226013187 0.91211137175560009 0.037189815193414695 1.0066503882408144 -0.081493221223354326 0.033642265945672996 0.53529900312423717 0.01636512111872435 0.96095708012580883 0.44862772524356848 0.44891911745071417 0.87460365891456615 0.097268532961606993 1.0225751996040346 0.65651565790176403 0.15000000223517421 0.23607612401247027 0.98906156420707714 0.93605485558509838 0.30000000447034841 0.80819529294967662 1.0764331221580508 0.921093910932541
decision_type=10 10 8 8 10 10 10 10 10 10 10 10 10 2 10 10 2 10 10 10 10 10 2 10 10 10 10 10 10 10
left_child=1 -1 3 4 5 19 9 -8 17 13 15 -12 -10 14 -4 -11 -6 -9 26 -3 24 22 -22 -23 25 -5 27 -2 -28 -30
right_child=18 2 6 20 16 -7 7 8 12 10 11 -13 -14 -15 -16 -17 -18 -19 -20 -21 21 23 -24 -25 -26 -27 28 -29 29 -31
leaf_value=0.0010589772339546482 0.0012328751274899949 2.1096010820875906e-05 -0.00013884662532127578 0.0015590501518838507 -0.021128073145749326 -0.0018056832863466005 0.0043554951749375142 -0.015206323439028897 -0.0065479843697283215 0.00015435157571512217 -0.0014253362822935047 0.0064760410217367653 0.0067152420977469197 0.0016711263063314914 -0.0049610548006649895 0.0058602959605776536 0.00047939578017089948 0 0.012132529745173273 0.015503453243174283 -0.013407804807054738 -8.6216915315434113e-05 -0.0028388302355194365 0.021027858700625457 0.00058622449466769156 -0.0011031167749139864 -0.0020542441006222295 0.018538845018100211 0.0082527627170225822 -0.004631277636768032
leaf_weight=31132 289 212 71692 4530 119 298 673 809 672 14724 953 4020 409 13999 2238 1506 152 241 528 738 601 181 2790 132 21223 78161 1191 235 1095 424
leaf_count=31132 289 212 71692 4530 119 298 673 809 672 14724 953 4020 409 13999 2238 1506 152 241 528 738 601 181 2790 132 21223 78161 1191 235 1095 424
internal_value=2.18349e-05 -4.29195e-05 -0.00019953 -0.000652202 0.00541128 0.00881885 0.000239181 -0.00396092 -0.00674291 0.000350552 0.00171017 0.00490213 -0.00122649 1.89711e-05 -0.000290183 0.000708835 -0.00877782 -0.0120127 0.00441958 0.0124294 -0.000741563 -0.00360485 -0.00486759 0.00864536 -0.000635941 -0.000953308 0.0030013 0.00994185 0.00148639 0.00444805
internal_weight=255967 252205 221073 109137 1519 1248 111936 2804 2131 109132 21203 4973 1081 87929 73930 16230 271 1050 3762 950 107618 3704 3391 313 103914 82691 3234 524 2710 1519
internal_count=255967 252205 221073 109137 1519 1248 111936 2804 2131 109132 21203 4973 1081 87929 73930 16230 271 1050 3762 950 107618 3704 3391 313 103914 82691 3234 524 2710 1519
is_linear=0
shrinkage=0.03


Tree=18
num_leaves=31
num_cat=0
split_feature=16 30 55 36 85 48 29 119 4 79 29 16 82 16 62 68 38 34 142 28 16 26 68 32 28 125 116 25 87 44
split_gain=65.514 54.8043 50.9118 58.0259 53.9148 43.1159 42.5777 47.5038 45.3501 42.4238 41.5625 98.9889 46.8685 58.1027 45.4492 41.1348 49.2027 39.8877 39.6705 39.2537 36.4829 35.9211 35.7396 34.7085 34.0003 46.1793 47.2719 44.4532 52.7963 49.94
threshold=1.2241054177284243 -0.00042249893886037165 0.93584609031677257 0.80819529294967662 0.82500001788139354 0.90522998571395885 0.014018505811691286 0.44594587385654455 0.31578619778156286 0.75000000000000011 -4.7324330807896324e-05 1.117236912250519 0.22500000149011615 0.90352454781532299 0.92794194817543041 0.65217500925064098 -0.0006987329979892819 0.69861429929733287 1.7397693991661074 0.011142964009195568 1.10654753446579 0.023097965866327289 0.93333366513252269 0.00045736889296676969 -0.0094395335763692838 0.062937248498201384 0.63403341174125682 0.019701162353158001 -0.72499999403953541 1.0309168696403506
decision_type=10 8 8 10 2 8 10 8 10 2 10 10 2 8 10 10 10 10 8 8 10 10 10 10 8 10 10 8 2 10
left_child=1 6 3 4 17 9 7 15 -8 18 12 14 19 -14 -12 20 -17 -3 -4 -9 -1 -18 -13 -6 25 26 -7 29 -29 -26
right_child=-2 2 5 -5 23 24 8 10 -10 -11 11 22 13 -15 -16 16 21 -19 -20 -21 -22 -23 -24 -25 27 -27 -28 28 -30 -31
leaf_value=-0.0053542504449817351 0.003952743924654765 0.0057774626880012225 0.0088780207551916145 0.0033203461175294788 -0.027060306231566782 -0.00014397808105924908 0.020332008666412618 0.00074972465073941082 -0.0019471437589175275 -0.0080229677726097858 0.0056358320617467868 0.0082973210536268736 -0.012663971366473561 -0.00089099558730936391 -0.00026833215806952739 0.0016190307980681322 0.00022101739162483903 -0.0069514179378073531 -0.0031089913711527034 -0.0096800579698120698 0.0021465554975013501 -0.0039971709818807585 -0.006051907968639538 -0.0074865554530290672 0.0013982684920264045 0.0044753442997246687 0.018487704124152658 -0.0040522996457819215 -4.5891744102608487e-05 -0.00077902349369774317
leaf_weight=4211 3805 278 1333 581 165 5270 162 23389 104 161 1258 1944 364 61132 13771 4053 2699 705 252 306 604 4818 131 302 42663 4250 105 3098 62247 11983
leaf_count=4211 3805 278 1333 581 165 5270 162 23389 104 161 1258 1944 364 61132 13771 4053 2699 705 252 306 604 4818 131 302 42663 4250 105 3098 62247 11983
internal_value=5.59144e-05 -1.9654e-06 0.000414299 -0.00426104 -0.00750675 0.000489506 -0.000471302 -0.000501498 0.0110454 0.00516091 -0.000257737 0.00108527 -0.000531088 -0.000969652 0.000212773 -0.00200289 -0.000995949 -0.00300907 0.00677029 0.000594333 -0.0043463 -0.00244625 0.00719909 -0.0158456 0.000423479 0.00214194 0.00023157 0.0002828 -0.000241607 0.000915225
internal_weight=256144 252339 133393 2031 1450 131362 118946 118680 266 1746 102295 17104 85191 61496 15029 16385 11570 983 1585 23695 4815 7517 2075 467 129616 9625 5375 119991 65345 54646
internal_count=256144 252339 133393 2031 1450 131362 118946 118680 266 1746 102295 17104 85191 61496 15029 16385 11570 983 1585 23695 4815 7517 2075 467 129616 9625 5375 119991 65345 54646
is_linear=0
shrinkage=0.03


end of trees

feature_importances:
KLEN=26
RSQR5=22
ROC30=20
RSQR30=15
RSQR60=15
STD20=14
STD30=13
RESI30=13
ROC10=12
QTLU5=12
BETA20=11
RESI5=11
IMXD30=11
STD5=10
STD60=10
WVMA20=10
HIGH0=9
MA5=9
RSQR10=9
RESI60=9
SUMN20=9
RESI20=8
MIN5=8
QTLU20=8
KUP=7
BETA10=7
IMXD20=7
WVMA5=7
ROC5=6
RESI10=6
MAX10=6
MAX20=6
QTLD5=6
IMXD10=6
KLOW2=5
VWAP0=5
ROC20=5
ROC60=5
STD10=5
BETA5=5
BETA60=5
RSQR20=5
QTLD30=5
ORC_GAP_CONFIRMATION_20=5
KMID2=4
KLOW=4
LOW0=4
MA60=4
MIN10=4
QTLD20=4
RSV30=4
IMAX10=4
IMIN10=4
KUP2=3
MA20=3
MAX5=3
MAX30=3
MIN30=3
QTLU30=3
RSV10=3
IMAX5=3
IMIN5=3
IMIN20=3
CNTD30=3
SUMP5=3
SUMP20=3
SUMP30=3
SUMN5=3
SUMN60=3
SUMD5=3
ORC_INTRADAY_RANGE_RETURN_10=3
KMID=2
KSFT=2
MA30=2
BETA30=2
MAX60=2
MIN60=2
QTLU10=2
QTLU60=2
QTLD10=2
RANK60=2
RSV5=2
RSV60=2
IMAX20=2
IMAX30=2
IMIN30=2
IMIN60=2
IMXD5=2
IMXD60=2
CORR60=2
CORD60=2
CNTP60=2
CNTD20=2
SUMP10=2
SUMP60=2
VSTD60=2
WVMA30=2
ORC_GAP_ABSORPTION_20=2
MIN20=1
QTLD60=1
IMAX60=1
CORR20=1
CORR30=1
CORD5=1
CORD10=1
CNTN5=1
CNTN60=1
SUMN10=1
SUMN30=1
SUMD20=1
VMA30=1
VMA60=1
VSTD30=1
WVMA60=1
VSUMN30=1
ORC_OVERNIGHT_DOMINANCE_20=1

parameters:
[boosting: gbdt]
[objective: regression]
[metric: l2]
[tree_learner: serial]
[device_type: cpu]
[data_sample_strategy: bagging]
[data: ]
[valid: ]
[num_iterations: 500]
[learning_rate: 0.03]
[num_leaves: 31]
[num_threads: 12]
[seed: 20260813]
[deterministic: 1]
[force_col_wise: 1]
[force_row_wise: 0]
[histogram_pool_size: -1]
[max_depth: 7]
[min_data_in_leaf: 100]
[min_sum_hessian_in_leaf: 0.001]
[bagging_fraction: 0.8]
[pos_bagging_fraction: 1]
[neg_bagging_fraction: 1]
[bagging_freq: 1]
[bagging_seed: 20260813]
[bagging_by_query: 0]
[feature_fraction: 0.8]
[feature_fraction_bynode: 1]
[feature_fraction_seed: 20260813]
[extra_trees: 0]
[extra_seed: 13549]
[early_stopping_round: 0]
[early_stopping_min_delta: 0]
[first_metric_only: 0]
[max_delta_step: 0]
[lambda_l1: 10]
[lambda_l2: 20]
[linear_lambda: 0]
[min_gain_to_split: 0]
[drop_rate: 0.1]
[max_drop: 50]
[skip_drop: 0.5]
[xgboost_dart_mode: 0]
[uniform_drop: 0]
[drop_seed: 11866]
[top_rate: 0.2]
[other_rate: 0.1]
[min_data_per_group: 100]
[max_cat_threshold: 32]
[cat_l2: 10]
[cat_smooth: 10]
[max_cat_to_onehot: 4]
[top_k: 20]
[monotone_constraints: ]
[monotone_constraints_method: basic]
[monotone_penalty: 0]
[feature_contri: ]
[forcedsplits_filename: ]
[refit_decay_rate: 0.9]
[cegb_tradeoff: 1]
[cegb_penalty_split: 0]
[cegb_penalty_feature_lazy: ]
[cegb_penalty_feature_coupled: ]
[path_smooth: 0]
[interaction_constraints: ]
[verbosity: 1]
[saved_feature_importance_type: 0]
[use_quantized_grad: 0]
[num_grad_quant_bins: 4]
[quant_train_renew_leaf: 0]
[stochastic_rounding: 1]
[linear_tree: 0]
[max_bin: 255]
[max_bin_by_feature: ]
[min_data_in_bin: 3]
[bin_construct_sample_cnt: 200000]
[data_random_seed: 20260812]
[is_enable_sparse: 1]
[enable_bundle: 1]
[use_missing: 1]
[zero_as_missing: 0]
[feature_pre_filter: 1]
[pre_partition: 0]
[two_round: 0]
[header: 0]
[label_column: ]
[weight_column: ]
[group_column: ]
[ignore_column: ]
[categorical_feature: ]
[forcedbins_filename: ]
[precise_float_parser: 0]
[parser_config_file: ]
[objective_seed: 16743]
[num_class: 1]
[is_unbalance: 0]
[scale_pos_weight: 1]
[sigmoid: 1]
[boost_from_average: 1]
[reg_sqrt: 0]
[alpha: 0.9]
[fair_c: 1]
[poisson_max_delta_step: 0.7]
[tweedie_variance_power: 1.5]
[lambdarank_truncation_level: 30]
[lambdarank_norm: 1]
[label_gain: ]
[lambdarank_position_bias_regularization: 0]
[eval_at: ]
[multi_error_top_k: 1]
[auc_mu_weights: ]
[num_machines: 1]
[local_listen_port: 12400]
[time_out: 120]
[machine_list_filename: ]
[machines: ]
[gpu_platform_id: -1]
[gpu_device_id: -1]
[gpu_device_id_list: ]
[gpu_use_dp: 0]
[num_gpu: 1]

end of parameters

pandas_categorical:null
