tree
version=v4
num_class=1
num_tree_per_iteration=1
label_index=0
max_feature_idx=162
objective=regression
feature_names=KMID KLEN KMID2 KUP KUP2 KLOW KLOW2 KSFT KSFT2 OPEN0 HIGH0 LOW0 VWAP0 ROC5 ROC10 ROC20 ROC30 ROC60 MA5 MA10 MA20 MA30 MA60 STD5 STD10 STD20 STD30 STD60 BETA5 BETA10 BETA20 BETA30 BETA60 RSQR5 RSQR10 RSQR20 RSQR30 RSQR60 RESI5 RESI10 RESI20 RESI30 RESI60 MAX5 MAX10 MAX20 MAX30 MAX60 MIN5 MIN10 MIN20 MIN30 MIN60 QTLU5 QTLU10 QTLU20 QTLU30 QTLU60 QTLD5 QTLD10 QTLD20 QTLD30 QTLD60 RANK5 RANK10 RANK20 RANK30 RANK60 RSV5 RSV10 RSV20 RSV30 RSV60 IMAX5 IMAX10 IMAX20 IMAX30 IMAX60 IMIN5 IMIN10 IMIN20 IMIN30 IMIN60 IMXD5 IMXD10 IMXD20 IMXD30 IMXD60 CORR5 CORR10 CORR20 CORR30 CORR60 CORD5 CORD10 CORD20 CORD30 CORD60 CNTP5 CNTP10 CNTP20 CNTP30 CNTP60 CNTN5 CNTN10 CNTN20 CNTN30 CNTN60 CNTD5 CNTD10 CNTD20 CNTD30 CNTD60 SUMP5 SUMP10 SUMP20 SUMP30 SUMP60 SUMN5 SUMN10 SUMN20 SUMN30 SUMN60 SUMD5 SUMD10 SUMD20 SUMD30 SUMD60 VMA5 VMA10 VMA20 VMA30 VMA60 VSTD5 VSTD10 VSTD20 VSTD30 VSTD60 WVMA5 WVMA10 WVMA20 WVMA30 WVMA60 VSUMP5 VSUMP10 VSUMP20 VSUMP30 VSUMP60 VSUMN5 VSUMN10 VSUMN20 VSUMN30 VSUMN60 VSUMD5 VSUMD10 VSUMD20 VSUMD30 VSUMD60 ORC_GAP_CONFIRMATION_20 ORC_GAP_ABSORPTION_20 ORC_OVERNIGHT_DOMINANCE_20 ORC_CLOSE_PRESSURE_VOLUME_20 ORC_INTRADAY_RANGE_RETURN_10
feature_infos=[-0.15450645983219147:0.33106967806816101] [0:0.33106967806816101] [-1:1] [0:0.27153289318084717] [0:1] [0:0.19577737152576447] [0:1] [-0.31147539615631104:0.33106967806816101] [-1:1] [0.75127547979354858:1.1827411651611328] [1:1.365384578704834] [0.75127547979354858:1] [0.90894031524658203:1.0877940654754639] [0.62103557586669922:1.6790908575057983] [0.51279789209365845:1.8924485445022583] [0.43777582049369812:2.2146341800689697] [0.40953221917152405:2.740487813949585] [0.32686084508895874:2.649662971496582] [0.8043818473815918:1.3455072641372681] [0.69517505168914795:1.4951817989349365] [0.58934980630874634:1.7117466926574707] [0.53464740514755249:1.9959673881530762] [0.46012550592422485:1.8649090528488159] [0:0.26957115530967712] [0:0.32280367612838745] [0:0.36472421884536743] [0:0.57258552312850952] [0:0.50059491395950317] [-0.16409091651439667:0.17131471633911133] [-0.11732283234596252:0.17131471633911133] [-0.11732283234596252:0.17131471633911133] [-0.11732283234596252:0.17131471633911133] [-0.11732283234596252:0.17131471633911133] [0:1] [0:1] [0:1] [0:1] [0:1] [-0.11478264629840851:0.13264167308807373] [-0.24554997682571411:0.20802642405033112] [-0.40848860144615173:0.27287426590919495] [-0.44566619396209717:0.27581575512886047] [-0.96870207786560059:0.36147966980934143] [1:1.6472727060317993] [1:1.9298244714736938] [1:2.2439024448394775] [1:3.3160974979400635] [1:3.3160974979400635] [0.58144122362136841:1] [0.49132096767425537:1] [0.42983227968215942:1] [0.39746984839439392:1] [0.31774049997329712:1] [0.86334514617919922:1.4843636751174927] [0.78309857845306396:1.7869091033935547] [0.69679319858551025:2.054157018661499] [0.57799351215362549:2.423609733581543] [0.52150630950927734:2.3250908851623535] [0.70860719680786133:1.2689855098724365] [0.53621649742126465:1.4057971239089966] [0.45107382535934448:1.5574545860290527] [0.43389230966567993:1.5740000009536743] [0.37328624725341797:1.5950908660888672] [0.20000000298023224:1] [0.10000000149011612:1] [0.05000000074505806:1] [0.033333335071802139:1] [0.01666666753590107:1] [0:1] [0:1] [0:1] [0:1] [0:1] [0.20000000298023224:1] [0.10000000149011612:1] [0.05000000074505806:1] [0.033333335071802139:1] [0.01666666753590107:1] [0.20000000298023224:1] [0.10000000149011612:1] [0.05000000074505806:1] [0.033333335071802139:1] [0.01666666753590107:1] [-0.80000001192092896:0.80000001192092896] [-0.89999997615814209:0.89999997615814209] [-0.94999998807907104:0.94999998807907104] [-0.96666663885116577:0.96666663885116577] [-0.98333334922790527:0.98333334922790527] [-1:1] [-1:1] [-1:1] [-1:1] [-1:1] [-1:1] [-1:1] [-1:1] [-1:1] [-1:1] [0:1] [0:1] [0:0.94999998807907104] [0:0.90909093618392944] [0:0.90909093618392944] [0:1] [0:1] [0:0.89999997615814209] [0:0.8571428656578064] [0:0.8571428656578064] [-1:1] [-1:1] [-0.83333331346511841:0.90909093618392944] [-0.83333331346511841:0.90909093618392944] [-0.83333331346511841:0.90909093618392944] [0:1] [0:1] [0:1] [0:1] [0:1] [0:1] [0:1] [0:1] [0:1] [0:1] [-1:1] [-1:1] [-1:1] [-1:1] [-1:1] [0.20013266801834106:26452.083984375] [0.10012400150299072:23627.859375] [0.050104878842830658:26698.134765625] [0.033777147531509399:28136.5] [0.017187755554914474:26107.111328125] [0.00080492562847211957:59102.5] [0.0021778203081339598:49210.34375] [0.0021778203081339598:56418.4921875] [0.0021778203081339598:57003.12109375] [0.0021778203081339598:42065.70703125] [0:2.2360680103302002] [0:3.1615598201751709] [0:4.4708261489868164] [0:5.465825080871582] [0:7.5986995697021484] [0:1] [0:1] [0:1] [0:1] [0:1] [0:1] [0:1] [0:1] [0:1] [0:1] [-1:1] [-1:1] [-1:1] [-1:1] [-1:1] [-6.6416220664978027:0.87598508596420288] [-13908019:28.931533813476562] [-1925766528:4419.23388671875] [-1204.24951171875:4676.52978515625] [-754.3636474609375:1361.0987548828125]
tree_sizes=3114 3059 3073 3111 3064 3104 3098 3111 3049 3081 3044 2955 3105 3102 3061 3076 3065 3043 3002

Tree=0
num_leaves=31
num_cat=0
split_feature=27 86 25 30 42 42 5 84 159 24 138 20 57 1 125 137 1 6 125 121 10 115 78 15 40 25 34 71 56 107
split_gain=136.105 126.955 94.7822 63.4184 75.5279 61.5704 59.584 54.1163 54.0503 51.1595 59.2754 44.8516 44.4209 63.6912 44.8099 63.8084 42.1224 42.0396 41.8767 37.8678 37.7778 37.7426 65.7231 42.4039 37.5974 60.8853 46.8259 37.5279 37.3269 36.9142
threshold=0.092212572693824782 -0.58333334326744068 0.012333759106695654 -0.00042249893886037165 -0.076609600335359559 0.12159738317131998 0.0086055691353976744 0.84999999403953563 0.017261289060115818 0.025381463579833511 0.49812923371791845 1.0528079867362978 0.8804721236228944 0.03865334019064904 0.062937248498201384 0.80921244621276867 0.022801307030022148 0.36363442242145544 -0.55982747673988331 0.68166103959083568 1.0191977620124819 0.59430602192878734 0.70000001788139354 0.96658712625503551 -0.030112487263977524 0.021555510349571708 0.13414874672889712 0.67721506953239452 0.92786607146263134 0.48749218881130224
decision_type=8 2 8 10 10 10 10 2 10 10 10 10 8 10 10 10 10 10 10 10 10 8 10 8 10 10 10 10 10 2
left_child=2 9 20 4 6 7 18 24 -9 11 -11 -2 17 21 -15 -16 19 -3 -4 -6 -1 23 -23 -14 26 -26 -5 29 -7 -12
right_child=1 12 3 5 16 28 -8 8 -10 10 27 -13 13 14 15 -17 -18 -19 -20 -21 -22 22 -24 -25 25 -27 -28 -29 -30 -31
leaf_value=0.0016089609107759223 0.0037763349792154679 -0.013613469060417218 0.0064719388693790531 0.0044688746968969415 -0.00096749139049536067 -0.011032001812227913 0.0057608348873080042 0.0026915630224356715 -0.0097473893487695865 -0.0019061598933674975 0.0013943457752299835 -0.012092515291695236 -0.0075635041885452779 0.00089515364980837029 0.010152928225405604 -0.0042098458963780987 -0.0020790940183762255 0.0029513311877338516 -0.00096722634363959016 0.0013683745726183315 -0.0040418450162386273 -4.4432000709874797e-05 0.011342262958143716 -0.00038286194738605548 0.00058513538013531523 -0.0010455260877213226 0.00030734957456876214 -0.005505405656225826 2.4078637920326876e-11 0.010982416358281066
leaf_weight=29197 606 338 777 3478 58918 690 2444 9835 296 432 498 195 996 1816 1575 293 30545 173 4611 6870 1058 1976 554 3116 39692 42569 8607 113 434 3147
leaf_count=29197 606 338 777 3478 58918 690 2444 9835 296 432 498 195 996 1816 1575 293 30545 173 4611 6870 1058 1976 554 3116 39692 42569 8607 113 434 3147
internal_value=8.50016e-06 0.00270231 -0.000168102 -0.000395656 -0.000921129 0.000119906 0.00189424 0.000198453 0.00228009 0.00666012 0.00798332 2.40786e-11 0.000842988 0.00130063 0.00445997 0.00772047 -0.00115348 -0.00754052 7.00647e-05 -0.000718665 0.00139891 -0.000414801 0.0024007 -0.00222294 -2.2332e-05 -0.000255114 0.0015352 0.00920364 -0.00679472 0.00976905
internal_weight=255849 15828 240021 209766 104165 105601 7832 104477 10131 4991 4190 801 10837 10326 3684 1868 96333 511 5388 65788 30255 6642 2530 4112 94346 82261 12085 3758 1124 3645
internal_count=255849 15828 240021 209766 104165 105601 7832 104477 10131 4991 4190 801 10837 10326 3684 1868 96333 511 5388 65788 30255 6642 2530 4112 94346 82261 12085 3758 1124 3645
is_linear=0
shrinkage=1


Tree=1
num_leaves=31
num_cat=0
split_feature=16 26 40 71 18 73 33 39 114 20 32 36 1 120 45 24 1 160 20 41 58 151 118 83 29 158 141 113 52 122
split_gain=188.809 110.872 83.0829 104.126 62.4891 81.7043 68.3225 104.611 89.8935 63.8391 60.6888 55.7998 58.4468 72.7061 54.8317 53.2776 51.5769 49.0577 46.774 56.6234 44.3084 53.1002 48.1704 57.3362 40.8452 39.4088 37.8684 37.3324 36.6073 36.3396
threshold=1.2241054177284243 0.021455070935189727 -0.030112487263977524 0.58064553141593944 1.0247294902801516 0.5000000149011613 0.25209435820579534 -0.015913747251033779 0.73188430070877086 0.89386713504791271 -0.0045728697441518298 0.80502268671989452 0.054196750745177276 0.69620221853256237 1.0307692885398867 0.044624375179409988 0.036672007292509086 -0.70256808400154103 1.0707752108573916 -0.0029679699800908561 0.99975594878196727 0.42994979023933416 0.5416676700115205 -0.50000001490116108 -0.0009696944907773285 -0.0030115264235064383 0.84564810991287243 0.43556907773017889 0.76815778017044078 0.37662334740161901
decision_type=10 10 10 10 10 10 8 10 10 10 8 10 10 10 8 10 10 10 10 10 10 10 10 10 10 10 10 8 10 8
left_child=1 14 3 25 6 18 10 8 -8 -9 17 -2 13 -13 -1 -14 -16 -4 19 -6 22 -22 -5 -24 -18 27 -15 -3 -23 -27
right_child=11 2 4 20 5 -7 7 9 -10 -11 -12 12 15 26 16 -17 24 -19 -20 -21 21 28 23 -25 -26 29 -28 -29 -30 -31
leaf_value=0.0015627501092836599 0.002819912392552147 -0.0019050419916509442 0.0092836267782681128 0.0086330156102021396 -0.006161694689798089 -0.011501209596277056 0.0014510221185711815 -0.0063122561062480256 0.0097430731791430993 -0.00039820885680498286 -0.0018855969428335148 0.015978866905913183 0 -0.0086298170880507678 0.00015850714685365465 0.024323270624441069 -0.0013530480904954114 0 0.0019163987218188741 0.005513870502373985 -0.0069577432159938996 0.012521105378949435 0.0038893647674278207 -0.0069356494609544442 -0.014257219414177694 -0.010887168343807778 0.004989431207893396 -0.017893617098149187 0.0052639527756402123 0.001242126276689379
leaf_weight=41198 1964 4439 747 535 2437 1038 5906 1661 1496 94057 43544 453 129 230 35445 394 641 1484 1589 398 218 945 829 863 379 204 629 122 2910 9067
leaf_count=41198 1964 4439 747 535 2437 1038 5906 1661 1496 94057 43544 453 129 230 35445 394 641 1484 1589 398 218 945 829 863 379 204 629 122 2910 9067
internal_value=-2.68693e-05 -0.000128299 -0.000548999 0.00125707 -0.000786631 -0.00394368 -0.000668291 -0.00023661 0.00318907 -0.000505266 -0.00163368 0.00659219 0.010394 0.0064855 0.000812944 0.0190464 -2.63544e-05 0.00312287 -0.00205918 -0.00439036 0.00444929 0.00631574 0.000876376 -0.00147319 -0.00661826 -0.000179541 0.000888153 -0.00247445 0.00717581 0.000920081
internal_weight=255951 252152 174489 20132 154357 5462 148895 103120 7402 95718 45775 3799 1835 1312 77663 523 36465 2231 4424 2835 6300 4073 2227 1692 1020 13832 859 4561 3855 9271
internal_count=255951 252152 174489 20132 154357 5462 148895 103120 7402 95718 45775 3799 1835 1312 77663 523 36465 2231 4424 2835 6300 4073 2227 1692 1020 13832 859 4561 3855 9271
is_linear=0
shrinkage=0.03


Tree=2
num_leaves=31
num_cat=0
split_feature=16 30 16 120 57 0 27 33 44 49 29 30 39 37 36 140 81 38 15 23 115 68 137 36 29 76 60 0 24 113
split_gain=159.532 88.7245 93.6207 79.2138 79.4883 64.3204 60.3257 58.643 98.4437 62.5294 62.4596 85.0138 54.8971 53.7898 52.5292 86.3471 49.7575 48.832 46.8097 43.6091 40.9004 40.3959 40.0449 38.4397 37.1032 36.3247 35.6413 33.8489 107.093 34.4086
threshold=1.2241054177284243 -0.00074254174251109351 0.93546006083488475 0.25775530934333807 0.92702656984329235 0.0301642119884491 0.090783946216106429 0.33557032048702246 1.0370786786079409 0.88785049319267284 0.0058700263034552344 0.0066326460801064977 0.021416815929114822 0.7169608771800996 0.80819529294967662 0.76397109031677257 0.11666667088866235 -0.023208932019770142 0.97185832262039196 0.017023563385009769 0.26753807067871099 0.35294006764888769 0.52518901228904735 0.3674065917730332 -0.0029201793950051065 0.050000002607703216 0.89637815952301036 0.031366335228085525 0.03751246631145478 0.82852864265441906
decision_type=10 8 8 8 8 8 10 8 8 10 10 10 10 10 10 10 2 10 10 10 10 10 10 10 10 2 10 10 10 10
left_child=1 2 12 5 17 -3 20 8 9 -6 11 -9 21 -10 -2 -16 -12 -5 -14 -17 -4 23 24 -1 -22 -8 -7 29 -29 -19
right_child=14 3 6 4 7 26 25 10 13 -11 16 -13 18 -15 15 19 -18 27 -20 -21 22 -23 -24 -25 -26 -27 -28 28 -30 -31
leaf_value=-0.014153026753402841 0.0024753445976666631 -0.0011376751156475192 0.001007163363502547 -0.0088598329778044275 0.010545077452939842 -0.011230016010394112 0.0066786828875654942 0.0011716865071259971 -0.0041457534740318939 0.00026836695321938811 0.0028299030993489834 0.0077069723374705232 -0.00059517290921778313 0.00043314740381305845 -0.0028319461806866572 0 -0.0018819529905618906 0.010415722780641996 -0.020163504432792356 0.015012857061272797 -0.0021850608873624218 -0.00043440986493015253 -5.1178144217577296e-05 0 -0.00067405214384923912 0.00089043522087750722 7.4147043235856905e-05 0.0096620760052499293 -0.014772022748787353 0.0025684036133914357
leaf_weight=472 1997 10375 10823 175 524 933 1436 67723 7841 33759 2460 1841 196 3104 349 213 10112 1592 394 1274 28046 1360 31395 203 32224 3466 270 386 248 925
leaf_count=472 1997 10375 10823 175 524 933 1436 67723 7841 33759 2460 1841 196 3104 349 213 10112 1592 394 1274 28046 1360 31395 203 32224 3466 270 386 248 925
internal_value=2.72017e-05 -6.41431e-05 -0.000704882 0.000429258 0.000641765 -0.00194058 -0.000564369 0.000519151 -0.000343328 0.000440244 0.000997693 0.00135112 -0.00629216 -0.0028214 0.00608638 0.00978343 -0.000933115 0.00521623 -0.0143873 0.0129416 -0.000722355 -0.003682 -0.000930008 -0.00959285 -0.00138265 0.00266725 -0.0084879 0.00614355 0 0.00769306
internal_weight=256116 252283 110015 142268 130690 11578 107390 127364 45228 34283 82136 69564 2625 10945 3833 1836 12572 3326 590 1487 102488 2035 91665 675 60270 4902 1203 3151 634 2517
internal_count=256116 252283 110015 142268 130690 11578 107390 127364 45228 34283 82136 69564 2625 10945 3833 1836 12572 3326 590 1487 102488 2035 91665 675 60270 4902 1203 3151 634 2517
is_linear=0
shrinkage=0.03


Tree=3
num_leaves=31
num_cat=0
split_feature=16 26 33 27 55 36 85 25 10 45 102 78 14 15 82 45 33 30 1 34 44 38 1 10 59 119 36 20 71 37
split_gain=166.532 89.1134 82.2906 74.1121 70.8391 96.481 108.782 67.5499 88.3683 110.492 62.2169 72.3098 61.5948 54.7403 72.0096 53.6365 51.6521 55.2094 49.8937 44.8659 44.6611 63.787 48.0285 41.7189 60.3797 52.5215 37.6362 37.1195 35.0763 32.9244
threshold=1.2241054177284243 0.021585190668702129 0.31925892829895025 0.084763109683990492 0.93584609031677257 0.79527312517166149 0.82500001788139354 0.03661074489355088 1.0189633965492251 1.116867244243622 0.53390806913375866 0.30000000447034841 0.84237992763519298 1.122349798679352 0.80833333730697643 1.0296478867530825 0.96605226397514354 -0.0068273739889264098 0.035433042794466026 0.69861429929733287 1.0426244139671328 -0.0017291174153797326 0.033894751220941551 1.0154564380645754 0.99719744920730602 0.26436792314052587 0.71040496230125438 0.96468013525009166 0.980707347393036 0.65667176246643078
decision_type=10 10 8 10 10 10 2 10 10 10 2 10 8 8 2 8 10 10 10 10 10 10 10 10 10 10 10 10 10 8
left_child=1 15 3 20 5 6 19 10 12 -10 11 -6 -9 14 26 -1 17 -2 29 -4 21 -3 -23 24 -22 -25 -5 -16 -7 -17
right_child=16 2 4 13 7 28 -8 8 9 -11 -12 -13 -14 -15 27 18 -18 -19 -20 -21 23 22 -24 25 -26 -27 -28 -29 -30 -31
leaf_value=0.0015134687327130727 0.0095278910241635376 0.00052880765149317934 0.0053484002216547888 -0.0010193474248682468 -0.0023282750112878182 -0.0014144681558637686 -0.022577809760011225 0.014246004492705399 0.0076446664550268292 0.00088450837421279313 0.0015144103340473175 -0.00013770135374429639 4.3430271462768804e-05 -0.0049601042738668241 0.026784940895524401 -0.00031492129410024157 -0.0080140411439651414 0.0011252200510664121 -0.0059469147275261437 -0.0082401221801436195 -0.0037834925428181674 -0.0027668264251674421 0.0014636636430965405 0.010766727626958692 0.00047468225755681239 -0.0054059059162802391 0.0051154968745917339 0.0072856310402031948 0.012116654019138072 0.001861171436740887
leaf_weight=40123 2509 12857 279 2558 18523 384 421 259 3817 5311 13267 51765 21982 873 101 29159 182 1102 1231 658 6593 17006 2703 156 5269 6310 1325 977 249 7916
leaf_count=40123 2509 12857 279 2558 18523 384 421 259 3817 5311 13267 51765 21982 873 101 29159 182 1102 1231 658 6593 17006 2703 156 5269 6310 1325 977 249 7916
internal_value=2.17565e-06 -9.07723e-05 -0.000470911 -0.00140832 -1.33452e-05 -0.00559747 -0.0101193 8.17441e-05 0.00127045 0.00375469 -0.000361138 -0.000719748 0.000234948 0.00176424 0.00302293 0.000746941 0.00622599 0.00706652 -4.84899e-05 -0.00385332 -0.00177843 -0.00109596 -0.00217053 -0.00297221 -0.00186918 -0.00493747 0.00101267 0.00984039 0.00365687 0.000142369
internal_weight=255865 252072 173643 56728 116915 1991 1358 114924 31369 9128 83555 70288 22241 5834 4961 78429 3793 3611 38306 937 50894 32566 19709 18328 11862 6466 3883 1078 633 37075
internal_count=255865 252072 173643 56728 116915 1991 1358 114924 31369 9128 83555 70288 22241 5834 4961 78429 3793 3611 38306 937 50894 32566 19709 18328 11862 6466 3883 1078 633 37075
is_linear=0
shrinkage=0.03


Tree=4
num_leaves=31
num_cat=0
split_feature=16 26 27 33 40 49 45 18 33 30 25 17 86 44 2 1 18 25 40 84 160 33 25 33 20 79 13 140 36 23
split_gain=126.719 96.1924 76.9034 79.7474 69.6874 61.5296 59.6022 84.6748 54.9464 58.8203 49.2942 68.5285 56.4966 47.3311 52.3166 46.989 46.4762 52.883 44.7335 42.0008 41.2787 42.8292 41.9164 39.956 46.3122 35.3823 34.6263 33.4789 51.9225 44.9365
threshold=1.2241054177284243 0.021585190668702129 0.074148178100585951 0.37453159689903265 0.026314677670598034 0.88448563218116771 1.1185795664787295 1.0402072072029116 0.97388815879821788 -0.005568938795477151 0.037808155640959747 1.0505280494689944 0.78333333134651195 1.0410753488540652 -0.42856383323669428 0.036247322335839278 0.94165822863578807 0.040591789409518249 0.015336237382143738 -1.0000000180025095e-35 -1.1752467751502989 0.69565221667289745 0.030659592710435394 0.9425533413887025 0.89386713504791271 0.15000000223517421 0.96343469619750988 0.76706165075302135 0.80502268671989452 0.016096462495625023
decision_type=10 10 10 8 8 10 10 10 10 10 10 10 2 10 10 10 10 10 10 2 8 10 10 10 10 2 10 10 10 10
left_child=1 15 3 5 10 25 7 16 9 27 11 -5 -12 14 -7 19 -4 -18 -15 -1 -8 -22 -23 24 -6 -3 -17 -2 -29 -30
right_child=8 2 6 4 23 13 20 -9 -10 -11 12 -13 -14 18 -16 26 17 -19 -20 -21 21 22 -24 -25 -26 -27 -28 28 29 -31
leaf_value=0.00015266516151977096 0 0.011491713852687727 -0.0092946363570224327 0.00049798058672864177 -0.010469253760629696 0.00083022873415239298 0.0046170063884912304 0.014054798398787776 -0.012441368591119077 -0.00041548474453927299 0.00094904745376949524 -0.001537525507717272 0.0067089554429539755 -0.0036150018800096754 -0.0018787901042786105 0.0015504571593736257 0.00035812033050260436 0.0035148976099423634 0.00056225787311595175 0.0015673172254694857 -0.0039240476917382179 -0.012920793776056202 0.0017962193782916234 0.0022226383217786683 -0.0022644831856572069 0 -0.0064702604776866362 0.0039441741982447157 0 0.015331614825443173
leaf_weight=37838 417 466 331 40100 661 8585 896 475 122 879 11706 23555 1787 16799 23851 656 12462 7986 2528 38762 4401 164 2628 1577 12348 392 1359 1065 172 1220
leaf_count=37838 417 466 331 40100 661 8585 896 475 122 879 11706 23555 1787 16799 23851 656 12462 7986 2528 38762 4401 164 2628 1577 12348 392 1359 1065 172 1220
internal_value=-3.48177e-05 -0.000118867 -0.000513953 -0.000799639 -0.000261609 -0.00173143 0.000880869 0.00172065 0.00533336 0.00605356 9.43841e-05 -0.000250776 0.00174289 -0.00186881 -0.00115247 0.000750161 0.00141103 0.00160789 -0.00305309 0.000872661 -0.00128747 -0.00207532 0.000739318 -0.00216261 -0.00271983 0.00606878 -0.00372205 0.00812496 0.00944948 0.0133335
internal_weight=256188 252313 173698 144355 91734 52621 29343 21254 3875 3753 77148 63655 13493 51763 32436 78615 20779 20448 19327 76600 8089 7193 2792 14586 13009 858 2015 2874 2457 1392
internal_count=256188 252313 173698 144355 91734 52621 29343 21254 3875 3753 77148 63655 13493 51763 32436 78615 20779 20448 19327 76600 8089 7193 2792 14586 13009 858 2015 2874 2457 1392
is_linear=0
shrinkage=0.03


Tree=5
num_leaves=31
num_cat=0
split_feature=16 26 27 18 11 49 84 33 40 49 18 42 23 33 30 17 30 142 80 44 26 4 1 23 36 140 46 9 37 41
split_gain=133.169 77.9748 67.4954 58.9137 67.6278 60.3551 90.4075 53.4166 57.078 48.737 48.6604 47.6398 44.8293 44.3054 42.1745 40.8423 64.1997 38.6729 38.5629 36.2758 51.244 41.2096 37.4615 35.8078 38.24 47.3399 34.3127 35.1335 30.6958 30.0169
threshold=1.2241054177284243 0.019946628250181678 0.074148178100585951 0.94165822863578807 0.9752168357372285 0.83075928688049328 0.75000000000000011 0.25775006413459783 0.025811721570789817 0.85237580537796032 0.98327314853668224 -0.003400894813239574 0.025812382809817794 0.96605226397514354 -0.0056914482265710822 1.0505280494689944 -0.0061254054307937613 1.3219010233879092 0.12500000372529033 1.0385021567344668 0.026856455951929096 0.43749810755252844 0.011990447994321586 0.016666632145643238 0.80502268671989452 0.73733803629875194 1.0047988295555117 0.98206350207328807 0.65275800228118908 -0.021500418893992897
decision_type=10 10 10 10 10 10 2 10 10 10 10 8 10 10 10 10 10 10 2 10 10 10 10 10 10 10 10 10 10 10
left_child=1 11 7 9 17 6 -6 19 15 -4 -7 28 -13 14 23 -9 -17 18 -5 20 -3 -22 -21 -2 29 -26 -10 -28 -1 -25
right_child=13 2 3 4 5 10 -8 8 26 -11 -12 12 -14 -15 -16 16 -18 -19 -20 22 21 -23 -24 24 25 -27 27 -29 -30 -31
leaf_value=-0.00069804194286626417 -0.00022185443098443733 0.00075482858654067327 -0.014805591058342659 0.0098832313976934018 0.018451349314068156 -0.0032209608143624301 -0.0058643372535434118 0.00043094885371342505 0.0015355195070639014 0.0055793706639290811 0.00061800349066871822 0.0013867908572683396 0.014515946265078183 -0.00809275499629253 0.00013511861008458904 0.0030420714697233188 -0.0012822151143092823 0.00010735942637748623 0.0034243682401518946 0.0018019829004756061 -0.0011642418393457731 -0.0051180391492315477 -0.0030685615843782901 0.0081376707841157997 0 0.01481172290217588 -0.0048793516702128571 -0.0015117587552575991 0.0016756589119675078 -0.0021514501126406534
leaf_weight=21539 334 10587 358 1194 362 3543 179 60925 2128 109 17864 37229 221 168 855 3372 31575 2137 3724 1468 13401 2977 15829 633 198 1228 4000 10755 6299 345
leaf_count=21539 334 10587 358 1194 362 3543 179 60925 2128 109 17864 37229 221 168 855 3372 31575 2137 3724 1468 13401 2977 15829 633 198 1228 4000 10755 6299 345
internal_value=-2.46053e-05 -0.000109688 -0.000423111 0.000889501 0.00107184 0.000234773 0.00994904 -0.000671463 -0.0003213 -0.00939789 -5.78284e-06 0.000780828 0.00147998 0.00556222 0.00632499 -3.4713e-05 -0.000854888 0.00362553 0.00508689 -0.00155616 -0.000850754 -0.00190658 -0.00263627 0.00813414 0.00941109 0.0126444 -0.001929 -0.00245037 -0.00014935 0.00423709
internal_weight=255536 251775 186487 29470 29003 21948 541 157017 112755 467 21407 65288 37450 3761 3593 95872 34947 7055 4918 44262 26965 16378 17297 2738 2404 1426 16883 14755 27838 978
internal_count=255536 251775 186487 29470 29003 21948 541 157017 112755 467 21407 65288 37450 3761 3593 95872 34947 7055 4918 44262 26965 16378 17297 2738 2404 1426 16883 14755 27838 978
is_linear=0
shrinkage=0.03


Tree=6
num_leaves=31
num_cat=0
split_feature=16 30 55 36 40 16 53 27 4 30 140 36 85 120 57 12 60 162 42 1 5 26 158 1 117 27 144 34 23 34
split_gain=146.546 76.6777 66.8705 79.3302 56.6699 51.8473 60.6089 50.6769 49.8007 49.777 51.1578 51.513 49.4056 46.982 90.4436 55.2863 52.9324 49.9973 46.6921 63.7621 60.2205 49.4611 47.3042 45.9532 39.9224 38.0626 37.2382 36.906 34.6191 32.7123
threshold=1.2241054177284243 -0.00052474101539701213 0.93584609031677257 0.80819529294967662 0.055910304188728339 0.93407893180847179 0.98636406660079967 0.090783946216106429 0.20000474900007251 -0.005568938795477151 0.82035279273986828 0.80502268671989452 0.87500000000000011 0.25775530934333807 0.92110148072242748 0.98555809259414684 0.89339011907577526 0.43226614594459539 -0.076609600335359559 0.018248232081532482 0.0086956629529595392 0.024736619554460052 3.8702612073393545e-05 0.047048021107912071 0.51803281903266918 0.056636679917573936 0.50625962018966686 0.69861429929733287 0.038373647257685668 0.24494685977697375
decision_type=10 8 8 10 10 8 10 10 10 10 10 10 2 8 8 10 10 10 10 10 10 10 10 10 10 10 10 10 10 10
left_child=1 5 3 12 13 6 26 18 -6 10 -2 -12 27 15 28 16 -4 -16 20 22 -7 -21 -20 -17 25 -8 -1 -3 -15 -13
right_child=9 2 4 -5 8 7 24 -9 -10 -11 11 29 -14 14 17 23 -18 -19 19 21 -22 -23 -24 -25 -26 -27 -28 -29 -30 -31
leaf_value=-0.0004878442504673035 2.7899291116979466e-05 0.0034651488930250358 -0.015410032045133335 0.0038621288917898245 0.019606329316650125 -6.8911713590063536e-05 -0.00062687470491840482 0.0024056601535414556 -0.00036429886279784769 -0.00013630850893046176 0.0042257651842720362 0.024702244778529982 -0.018710267141720922 0.0078592515667924457 0.00029577112155749493 -0.0011955165319846349 0 0.0021573367812797524 0.00025515566244209442 -5.5415813901491678e-05 0.0059663560991422915 -0.002261195020445762 -0.0021531456768331455 0.010474837370216846 -0.00043110761213297014 -0.016396512319179098 -0.022639005471389431 -0.0083703471776356477 -0.0042002364561538885 0.010695522512166348
leaf_weight=134 672 277 456 592 242 4819 311 5038 146 855 988 247 346 2015 106078 9460 288 14896 45975 13038 2073 33063 8696 290 1962 311 234 811 193 1004
leaf_count=134 672 277 456 592 242 4819 311 5038 146 855 988 247 346 2015 106078 9460 288 14896 45975 13038 2073 33063 8696 290 1962 311 234 811 193 1004
internal_value=3.29596e-05 -5.39598e-05 0.000427369 -0.00494181 0.000511472 -0.000622909 -0.00454732 -0.000516667 0.0117068 0.00589206 0.00775387 0.00991912 -0.00878581 0.000474986 0.000640886 -0.00144138 -0.00925186 0.000527791 -0.000656621 -0.000822106 0.00171501 -0.00164417 -0.000123072 -0.00079696 -0.00272243 -0.00924415 -0.0157872 -0.00507817 0.00664225 0.0140423
internal_weight=255510 251744 136090 2026 134064 115654 2952 112702 388 3766 2911 2239 1434 133676 123182 10494 744 120974 107664 100772 6892 46101 54671 9750 2584 622 368 1088 2208 1251
internal_count=255510 251744 136090 2026 134064 115654 2952 112702 388 3766 2911 2239 1434 133676 123182 10494 744 120974 107664 100772 6892 46101 54671 9750 2584 622 368 1088 2208 1251
is_linear=0
shrinkage=0.03


Tree=7
num_leaves=31
num_cat=0
split_feature=16 30 120 162 12 16 27 33 44 34 50 13 1 41 25 1 42 16 6 17 30 1 111 120 48 118 4 118 33 2
split_gain=121.562 78.5436 65.5939 70.7538 68.456 56.6147 54.3064 54.2106 70.5343 52.9658 82.8138 50.8142 56.2274 80.5275 49.8578 45.7161 67.9544 51.527 48.0811 44.7353 44.3943 44.8004 60.9769 47.379 44.37 41.5659 40.9775 37.6594 40.0489 38.7434
threshold=1.2241054177284243 -0.00042249893886037165 0.25775530934333807 0.40513548254966741 0.98555809259414684 0.9327770769596101 0.090783946216106429 0.26314339041709905 1.0374479889869692 0.43557120859622961 0.86562618613243114 0.90890604257583629 0.035042800009250648 0.013728438876569273 0.053325301036238677 0.018339716829359535 -0.076609600335359559 1.0474506020545962 0.10000241175293924 1.0078740715980532 -0.0070404950529336921 0.054196750745177276 -0.13484849035739896 0.7185485064983369 0.97427344322204601 0.051282841712236411 0.38461545109748846 0.21839091926813128 0.90089017152786266 0.90697628259658825
decision_type=10 8 8 8 10 8 10 8 8 10 8 8 8 10 8 10 10 8 10 10 10 10 2 10 8 10 8 10 10 10
left_child=1 5 4 7 14 -1 15 8 -4 10 -9 25 19 -14 -3 -7 18 -18 -17 -13 21 23 -23 -2 -11 -5 -10 28 -8 -29
right_child=20 2 3 11 -6 6 27 9 26 24 -12 12 13 -15 -16 16 17 -19 -20 -21 -22 22 -24 -25 -26 -27 -28 29 -30 -31
leaf_value=-0.00465308783166315 0.0095252116884528698 -0.0035985738316279665 0.00012321306760650178 0.00062917022421437522 -0.00086820898465611281 -6.2803179344654458e-05 0.011683975424421914 0.0069274589734160423 -0.0019366026365918521 -0.0015101422104261064 0.001140853307828066 0.00282165150598383 -0.00058321132269309884 0.010040635538390396 -0.017127020581415121 -0.0019445765540060703 -0.00039363052638765955 -0.0024612624729150592 0.00365973407863706 -0.00058982422986808255 0.000250270730153752 0.018205447460500152 0.000843865129669228 -0.00023242672009723115 0.00086419468239115518 -0.013725037220806544 -0.0072949712137729567 0.00046973536963519337 -0.0025942214427893788 0.013107233433757309
leaf_weight=3050 781 842 23686 337 10444 57710 668 2374 6538 12766 38454 12261 889 1880 393 2025 17968 28936 3924 4622 1182 624 309 884 15760 296 1688 4038 187 216
leaf_count=3050 781 842 23686 337 10444 57710 668 2374 6538 12766 38454 12261 889 1880 393 2025 17968 28936 3924 4622 1182 624 309 884 15760 296 1688 4038 187 216
internal_value=2.14145e-05 -5.77268e-05 0.000440943 0.000649135 -0.00169761 -0.000619841 -0.000510115 0.000321532 -0.000696454 0.00079433 0.00148789 0.00226788 0.00254991 0.00654251 -0.00834696 -0.000652155 -0.00128972 -0.00167609 0.00170168 0.00187036 0.00534799 0.00753305 0.0129086 0.00422527 -0.000188176 -0.00583843 -0.00308756 0.00249582 0.00823037 0.00123994
internal_weight=255732 251952 133230 121551 11679 118722 115672 101266 31912 69354 40828 20285 19652 2769 1235 110563 52853 46904 5949 16883 3780 2598 933 1665 28526 633 8226 5109 855 4254
internal_count=255732 251952 133230 121551 11679 118722 115672 101266 31912 69354 40828 20285 19652 2769 1235 110563 52853 46904 5949 16883 3780 2598 933 1665 28526 633 8226 5109 855 4254
is_linear=0
shrinkage=0.03


Tree=8
num_leaves=31
num_cat=0
split_feature=57 26 39 27 24 111 7 117 45 7 102 86 12 34 35 77 86 59 98 48 23 82 10 118 7 17 126 84 53 121
split_gain=74.564 85.6915 65.3047 64.1245 63.9666 50.712 47.7175 109.456 46.9775 41.8383 47.9813 40.902 48.4764 60.2602 42.8825 39.74 38.509 46.5981 36.4414 36.218 41.6607 35.4808 35.2055 33.3483 32.8328 57.9952 32.5989 64.4243 79.1035 63.8745
threshold=1.2285442352294924 0.021585190668702129 0.019420007243752483 0.075719226151704802 0.056700749322772033 -0.067816093564033494 0.024254177697002891 0.59999999403953563 1.0307692885398867 -0.058239296078681939 0.59824562072753917 -0.81666666269302357 1.0010215640068056 0.78902590274810802 0.4577996581792832 0.058333335444331176 0.84999999403953563 0.87097391486167919 1.0000000180025095e-35 0.912725329399109 0.042014449834823615 0.041666667908430106 1.0360538363456728 0.18749954551458362 -0.008474678732454775 0.99136176705360424 -0.48936186730861658 -0.84999999403953541 1.045538127422333 0.63616314530372631
decision_type=8 10 10 10 10 2 10 10 10 10 2 2 10 10 10 2 2 10 2 10 10 2 10 8 10 10 10 2 10 10
left_child=1 8 3 11 23 18 9 -8 -1 10 -5 14 15 -14 21 -13 17 -4 -6 20 -18 -3 -10 -2 25 -19 -25 -28 -29 -30
right_child=4 2 16 6 5 -7 7 -9 22 -11 -12 12 13 -15 -16 -17 19 24 -20 -21 -22 -23 -24 26 -26 -27 27 28 29 -31
leaf_value=0.0014010680982739908 0.0099830086428903102 0.0047837337252415848 -0.015915330749559253 0.019528607486115235 0 0 0.010769641261777634 -0.0019719836049026307 4.0303137305311045e-05 0.00050769262940952755 -0.0017844232837770052 -0.0025677091598559779 -0.00015855759745878514 0.0023913737106894392 -0.0010597318966527967 -0.00055772054178560503 0.012338039763263345 -0.016698036882968153 0.013754524121807185 -0.0023088228209905658 -0.0018460017654400032 -0.0058307361642943025 -0.0078461046087918377 0.0069659622611233608 -0.0020196756623312492 -0.00121854921457831 -0.006770022058184417 -0.00077597817042531858 -0.0023994322549601679 0.01254560081687434
leaf_weight=41506 367 264 222 204 251 462 1377 1003 36499 16640 119 10935 46376 10109 10693 50215 470 380 974 629 240 3263 496 659 15414 590 1008 3210 315 842
leaf_count=41506 367 264 222 204 251 462 1377 1003 36499 16640 119 10935 46376 10109 10693 50215 470 380 974 629 240 3263 496 659 15414 590 1008 3210 315 842
internal_value=-1.5494e-05 -0.000109339 -0.000490552 -0.000285051 0.00281409 0.00801338 0.00132275 0.00530327 0.000708142 0.000741008 0.0111556 -0.000523353 -0.000336412 0.000293174 -0.00204611 -0.000922778 -0.00220309 -0.0026071 0.011167 0.00255133 0.00721326 -0.00492916 -6.15091e-05 0.00137639 -0.00238931 -0.00780054 0.000772117 0 0.00157376 0.00825021
internal_weight=255732 247644 169143 151198 8088 1687 19343 2380 78501 16963 323 131855 117635 56485 14220 61150 17945 16606 1225 1339 710 3527 36995 6401 16384 970 6034 5375 4367 1157
internal_count=255732 247644 169143 151198 8088 1687 19343 2380 78501 16963 323 131855 117635 56485 14220 61150 17945 16606 1225 1339 710 3527 36995 6401 16384 970 6034 5375 4367 1157
is_linear=0
shrinkage=0.03


Tree=9
num_leaves=31
num_cat=0
split_feature=16 30 120 25 29 87 1 75 29 16 25 35 80 0 102 46 114 14 3 123 30 140 137 29 18 37 3 85 41 40
split_gain=112.363 76.9301 75.837 82.3995 64.9323 72.6649 66.631 59.3043 55.7683 48.0026 47.251 46.9603 46.795 43.712 41.5583 40.8584 51.1383 50.2081 42.3705 38.7191 36.6639 53.0825 36.1923 35.0708 39.6897 34.618 33.8446 30.165 29.0273 31.0391
threshold=1.2241054177284243 -0.00042249893886037165 0.25775530934333807 0.043483210727572448 -0.0007697656110394745 -0.54166668653488148 0.030848315916955475 0.87500000000000011 0.014018505811691286 0.9327770769596101 0.01246010744944215 0.21290805935859683 0.42499999701976782 0.0301642119884491 0.54631218314170849 1.0223798155784609 0.56153830885887157 1.016528904438019 0.016968308016657833 0.72727146744728099 -0.0070404950529336921 0.81279495358467113 0.96765664219856273 0.001842778758145869 0.97711864113807689 0.61836913228034984 0.012320281472057106 0.27500000596046453 0.022551699541509155 0.039596585556864745
decision_type=10 8 8 10 10 2 10 2 10 8 10 10 2 8 2 8 8 10 10 8 10 10 10 10 10 10 10 2 10 10
left_child=1 8 13 10 5 -5 7 -6 9 11 25 -1 -8 28 19 -11 17 -17 -18 -12 21 -2 -23 24 -13 -4 -10 -7 -3 -30
right_child=20 2 3 4 6 27 12 -9 26 15 14 23 -14 -15 -16 16 18 -19 -20 -21 -22 22 -24 -25 -26 -27 -28 -29 29 -31
leaf_value=-0.0010656497933503597 -0.0002071677533676848 -0.0023560476777359091 0.0009198203301175003 0.015183109225139818 0.0055656689799649132 -0.013365417481641976 0.0055266813419521544 -0.0019105808847326227 0.019820552849996599 0.0028860668698353176 1.4444841296734825e-05 -0.024677927698568768 0.014929969948467807 -0.0071929094218942764 0.001332745889027016 0.00060186737531980482 -0.0027316782418640045 -0.0008659196735130828 0.0069723267136395858 -0.0021678636047181752 0.00048466704068811275 0.011298477463129215 1.8055692955687486e-05 0.0017963148488093223 -0.0076561509488830455 0.0037399245583576097 0 -0.001503938550279714 0.0019373125958207353 -0.0071315896954648496
leaf_weight=1775 610 6874 15043 197 1686 211 3882 2076 172 2954 62787 165 598 1248 19320 29763 12824 69582 383 8224 1212 1646 366 181 886 5523 101 1909 3216 351
leaf_count=1775 610 6874 15043 197 1686 211 3882 2076 172 2954 62787 165 598 1248 19320 29763 12824 69582 383 8224 1212 1646 366 181 886 5523 101 1909 3216 351
internal_value=0 -7.66652e-05 0.000417114 0.000641154 0.00317502 -0.00115266 0.00442778 0.00137241 -0.000632635 -0.000667246 0.00039666 -0.00441152 0.0069093 -0.0018823 9.75161e-05 -0.000566427 -0.000660201 -0.00042313 -0.00241747 -0.000234611 0.0050848 0.00707786 0.00941448 -0.00889843 -0.0110195 0.00169463 0.0123885 -0.00293856 -0.00120632 0.000926491
internal_weight=255765 251931 133145 121456 10559 2317 8242 3762 118786 118513 110897 3007 4480 11689 90331 115506 112552 99345 13207 71011 3834 2622 2012 1232 1051 20566 273 2120 10441 3567
internal_count=255765 251931 133145 121456 10559 2317 8242 3762 118786 118513 110897 3007 4480 11689 90331 115506 112552 99345 13207 71011 3834 2622 2012 1232 1051 20566 273 2120 10441 3567
is_linear=0
shrinkage=0.03


Tree=10
num_leaves=31
num_cat=0
split_feature=16 25 71 18 54 41 38 7 60 83 42 55 49 36 33 84 85 36 140 37 38 1 37 84 161 17 16 92 27 47
split_gain=91.0592 86.9196 46.3785 100.729 62.4475 72.8922 73.4128 55.8871 54.2692 50.0979 49.9086 49.838 81.7134 73.8095 64.837 54.3395 45.1095 44.3789 62.1513 40.6086 39.9763 38.9814 37.443 35.2567 40.1759 33.1464 32.4463 30.1036 29.4227 27.5173
threshold=1.2241054177284243 0.012333759106695654 0.58064553141593944 1.0273094773292544 0.98918917775154125 0.042037006467580802 -0.012184374965727328 -0.01752578932791948 0.97506368160247814 -0.50000001490116108 -0.076609600335359559 0.93584609031677257 0.83075928688049328 0.79527312517166149 0.91832399368286144 0.84999999403953563 0.87500000000000011 0.80502268671989452 0.72603276371955883 0.73744836449623119 -0.0023240277078002687 0.065656580030918135 0.61836913228034984 0.65000000596046459 0.053020412102341659 1.0764404535293581 0.80579486489295971 0.59718656539917003 0.084763109683990492 1.0822249054908755
decision_type=10 10 10 10 10 10 10 10 10 10 10 10 10 10 10 2 2 10 10 10 10 10 10 2 10 10 8 10 10 10
left_child=1 22 4 11 19 6 9 -7 -9 -6 -8 13 14 16 -13 -14 -4 -2 -19 29 28 -22 25 24 26 -1 -5 -15 -20 -3
right_child=17 2 3 23 5 7 10 8 -10 -11 -12 12 15 27 -16 -17 -18 18 20 -21 21 -23 -24 -25 -26 -27 -28 -29 -30 -31
leaf_value=0.00095257352801154688 0.0012529691746951093 -0.0013088372327734652 -0.0051181495748619356 0.027782222256725355 9.4061231441129228e-06 0.015244944161177233 0.0018090829640270661 0 0.0078321695871774906 -0.0053780318674505733 -0.00067758925914893737 0.013782554159137523 -0.00018783743378895124 0.0080017183580136323 -0.0056224435752032466 0.0020964394893032974 -0.019046904661116144 -0.0051500422429314966 0.0024828177524412434 0 0.00084714839159998198 0.016622300859284588 0.0030050454519663567 -0.0017842984318022946 0.0020663415822999138 -0.0047398865240932961 0.009851847778483136 -0.004927257774274104 0.018805060166207428 -0.0084938136559691273
leaf_weight=20975 1970 796 1041 135 2126 317 7724 2666 1077 4815 105762 655 77601 434 164 10627 295 239 182 1276 651 180 9155 237 496 929 685 206 563 1872
leaf_count=20975 1970 796 1041 135 2126 317 7724 2666 1077 4815 105762 655 77601 434 164 10627 295 239 182 1276 651 180 9155 237 496 929 685 206 563 1872
internal_value=-2.71835e-05 -9.78745e-05 -0.000307859 0.000201498 -0.000677325 -0.000556433 -0.000692004 0.00337501 0.00221432 -0.0036895 -0.000505411 6.80826e-05 0.000176377 -0.00461469 0.00949785 8.43154e-05 -0.00865054 0.00457748 0.00796944 -0.0043954 0.0101866 0.00492702 0.0013859 0.00773011 0.00966918 0.000693356 0.0137521 0.00336245 0.0153789 -0.00648747
internal_weight=255851 252066 221007 92576 128431 124487 120427 4060 3743 6941 113486 91023 89047 1976 819 88228 1336 3785 1815 3944 1576 831 31059 1553 1316 21904 820 640 745 2668
internal_count=255851 252066 221007 92576 128431 124487 120427 4060 3743 6941 113486 91023 89047 1976 819 88228 1336 3785 1815 3944 1576 831 31059 1553 1316 21904 820 640 745 2668
is_linear=0
shrinkage=0.03


Tree=11
num_leaves=31
num_cat=0
split_feature=16 26 86 55 49 158 4 40 38 79 33 34 46 83 105 52 17 42 44 38 51 33 65 135 29 159 38 23 137 87
split_gain=99.1845 64.5633 59.85 80.5567 73.8169 62.6144 62.7029 52.5844 51.9557 58.2633 46.7942 46.053 44.4148 43.6574 45.0314 51.6827 43.1133 43.0742 40.8974 35.2836 49.6595 40.1289 67.1059 42.1593 33.0367 31.7915 29.9758 29.9434 29.0704 23.6978
threshold=1.2241054177284243 0.019946628250181678 0.81666666269302379 0.93584609031677257 0.83075928688049328 0.0029094762867316608 0.2941186130046845 -0.039667485281825059 -0.023208932019770142 0.15000000223517421 0.26314339041709905 0.87832194566726696 1.0039488077163699 -0.70000001788139332 0.34166666865348821 0.72787463665008556 1.058002293109894 -0.003400894813239574 1.0406779646873476 -0.0016666601877659557 0.97758403420448314 0.54681339859962474 0.15707236528396609 0.23617589473724368 -0.016061522997915741 0.010692743118852379 -0.0071703025605529538 0.025812382809817794 1.0083316564559939 -0.39166666567325586
decision_type=10 10 2 10 8 8 10 10 10 2 8 10 10 10 2 10 10 8 10 10 10 10 10 10 8 10 10 10 10 2
left_child=1 17 3 26 5 6 -5 13 9 -9 18 19 -12 -4 -15 -16 25 -1 -6 21 24 22 23 -2 -21 -10 -3 -19 -24 -18
right_child=11 2 7 4 10 -7 -8 8 16 -11 12 -13 -14 14 15 -17 29 27 -20 20 -22 -23 28 -25 -26 -27 -28 -29 -30 -31
leaf_value=-0.00017316953532567862 -0.022337748949066736 0 -0.0018596564785907444 0.016987258369083113 -0.00061057171869086514 -0.0080814514391417819 0.000164369315061034 -0.027483443763168133 0.0018278270254287923 0 0.0030468975982924015 0.0133282436533171 -0.00033981483142186074 -0.0017964618526665227 0.02713688993791584 0.0060315870401840242 -0.010038292896099834 0.0012967722944956222 -0.0023935261704469408 0.011312531157551955 -0.0089338725840911876 0.0099907954062049935 0.01680801224595932 0 0 -0.0035565936974963248 -0.012182138095211839 0.01247189124239542 0 0.00062885869994316608
leaf_weight=28037 108 182 217 528 29154 164 372 102 14459 122 3561 495 114947 120 220 297 449 37342 19914 304 393 1028 195 248 867 1006 713 204 182 226
leaf_count=28037 108 182 217 528 29154 164 372 102 14459 122 3561 495 114947 120 220 297 449 37342 19914 304 393 1028 195 248 867 1006 713 204 182 226
internal_value=-2.69899e-05 -0.000100966 -0.000386376 -0.000558798 -0.000508689 0.00727534 0.0105146 0.00129264 0.000888053 -0.0127579 -0.000560765 0.00475658 -0.000235021 0.00850415 0.0124404 0.0162474 0.00111156 0.000707057 -0.00134097 0.00331875 0 0.00620614 0.000375547 -0.00830365 0.00313834 0.00145406 -0.00945523 0.00137208 0.00933239 -0.0061198
internal_weight=256156 252336 186753 169535 168640 1064 900 17218 16364 224 167576 3820 118508 854 637 517 16140 65583 49068 3325 1564 1761 733 356 1171 15465 895 37546 377 675
internal_count=256156 252336 186753 169535 168640 1064 900 17218 16364 224 167576 3820 118508 854 637 517 16140 65583 49068 3325 1564 1761 733 356 1171 15465 895 37546 377 675
is_linear=0
shrinkage=0.03


Tree=12
num_leaves=31
num_cat=0
split_feature=16 46 37 29 13 30 38 47 16 139 122 7 120 15 12 116 53 86 34 162 14 13 15 81 160 39 78 48 38 52
split_gain=78.3102 58.2046 58.796 76.2543 75.7827 63.5728 59.4623 58.9261 56.1017 54.73 54.2182 52.5091 51.1225 72.0228 51.1209 50.2652 52.9192 49.3163 47.7215 46.9764 46.6061 45.8347 45.1244 42.5007 44.8911 39.7757 44.0085 38.3712 38.1384 45.1988
threshold=1.2241054177284243 1.0567441582679751 0.73744836449623119 -0.00019228093879064542 0.99114063382148754 -0.0062813381664454928 -0.0095345429144799692 1.1307353377342226 1.0872179865837099 1.0256311893463137 0.66078558564186107 0.014330398291349413 0.25775530934333807 0.88126870989799511 0.98555809259414684 0.5611940622329713 0.99445149302482616 -0.71666666865348805 0.87832194566726696 0.40513548254966741 0.96147161722183239 1.1167117953300478 1.0642243027687075 0.28333334624767309 0.32262079417705541 -0.012851756531745194 0.30000000447034841 0.97299382090568554 -0.0014705827343277631 0.97794118523597728
decision_type=10 8 8 8 10 10 8 10 8 10 10 8 8 8 10 10 10 2 10 8 8 10 8 2 10 8 10 10 10 10
left_child=1 12 4 7 17 -6 9 27 -5 -7 22 -10 14 15 -1 16 -14 -3 28 20 -15 -8 -9 24 -17 -21 -27 -4 -2 -30
right_child=18 2 3 8 5 6 21 10 11 -11 -12 -13 13 19 -16 23 -18 -19 -20 25 -22 -23 -24 -25 -26 26 -28 -29 29 -31
leaf_value=-0.0071919504622855292 0.005856307131930698 0.00028426147664940566 -0.0015999430400534822 0.00097022807869886097 0.0022413808165293002 -0.0055971548931485066 -0.00035734158477718653 -0.00018328462600281808 0.0037056882856854241 1.6786616160507587e-05 0.0023284266562764609 0.012777792575820058 0.02483239305518985 -0.0014614718969751513 -0.00074101488269351173 0.0027575995623912528 0.0052076017847561967 -0.0033629050850814721 0.013054003093692319 0.0056225556798372087 0.00045496153758708534 -0.011671710516428974 -0.0038095456984131612 -0.0020494233147344658 0.012538419214398725 0 0.0031802820069454676 0.0039507825891345561 0.0022718147460410935 -0.0094786886490751503
leaf_weight=1247 1762 4103 1485 6327 7167 4024 60000 5889 3064 2375 2892 760 194 13255 10240 2356 467 14911 488 2228 80261 306 6931 1060 545 9650 6600 3787 1177 367
leaf_count=1247 1762 4103 1485 6327 7167 4024 60000 5889 3064 2375 2892 760 194 13255 10240 2356 467 14911 488 2228 80261 306 6931 1060 545 9650 6600 3787 1177 367
internal_value=3.77387e-05 -2.56191e-05 -0.000489959 0.000632418 -0.00086946 -0.000429526 -0.000721578 -0.000388025 0.00276797 -0.00347323 -0.00132105 0.00564387 0.00042159 0.000611564 -0.00147867 0.00428115 0.011968 -0.00256066 0.00430479 0.000456704 0.000179864 -0.000423576 -0.00217003 0.00286935 0.00477106 0.00183985 0.0012965 0.00233045 0.00285239 -0.000414891
internal_weight=255918 252124 124021 31135 92886 73872 66705 20984 10151 6399 15712 3824 128103 116616 11487 4622 661 19014 3794 111994 93516 60306 12820 3961 2901 18478 16250 5272 3306 1544
internal_count=255918 252124 124021 31135 92886 73872 66705 20984 10151 6399 15712 3824 128103 116616 11487 4622 661 19014 3794 111994 93516 60306 12820 3961 2901 18478 16250 5272 3306 1544
is_linear=0
shrinkage=0.03


Tree=13
num_leaves=31
num_cat=0
split_feature=16 30 120 57 138 23 12 60 16 35 162 29 42 39 79 29 3 47 30 140 42 23 4 124 42 81 23 101 80 42
split_gain=102.325 52.1142 54.8163 62.269 57.4588 64.7542 48.0387 47.8632 45.3561 45.7811 42.444 51.8213 54.8923 39.8729 37.9447 37.1645 60.5043 36.8061 36.2458 48.2045 35.9469 68.455 50.5389 35.7606 47.0575 35.6625 35.2814 35.197 33.9619 32.9636
threshold=1.2241054177284243 -0.00042249893886037165 0.25775530934333807 0.92110148072242748 0.58965885639190685 0.038373647257685668 0.98555809259414684 0.90218123793602001 0.93407893180847179 0.2033253759145737 0.40513548254966741 0.0039360695518553266 0.084290143102407469 -0.00059509617858566333 0.15000000223517421 0.014018505811691286 0.01380996033549309 1.1631780266761782 -0.0070404950529336921 0.81279495358467113 -0.070003509521484361 0.0079138344153761881 0.4160826057195664 0.53246736526489269 0.048315767198801048 0.28333334624767309 0.03004070091992617 0.56594201922416698 0.27500000596046453 0.0020581891294568781
decision_type=10 8 8 8 10 10 10 10 8 10 8 8 10 10 2 10 10 10 10 10 10 10 10 10 10 2 10 2 2 10
left_child=1 8 6 4 23 27 7 28 9 -1 11 12 -5 -7 26 20 -17 -13 19 -2 21 -10 -23 24 -4 -16 -12 -6 -3 -22
right_child=18 2 3 10 5 13 -8 -9 15 -11 14 17 -14 -15 25 16 -18 -19 -20 -21 29 22 -24 -25 -26 -27 -28 -29 -30 -31
leaf_value=-0.00074917552888349292 -0.00012214217850722056 -0.012486249134791412 0.00039570800884393973 0.00042372978913695421 0.017682296255720979 -0.016644261677283792 -0.00091384509188144564 0.0039164227241826662 0.014465608149862513 -0.0083058794146353247 0.0031091782068678828 -0.00069269904011186008 0.0077701334030714176 0.0024564496516411888 0.0023402191545427334 0.020003050568601171 -0.0057442531096519988 -0.0046837855349671029 0.00023750895638705385 0.0089636336489222011 -0.00095067996070355204 0.0018114524269927474 -0.0033799122185585889 0.0056306922566759718 -0.021021495163440703 -0.00187523855163571 -0.0060895799634963031 0.0067136406698025302 0.00029869183280970902 0.0002545977484650958
leaf_weight=1775 617 846 140 79218 392 124 10461 236 321 1328 11177 17829 912 239 3269 182 102 2393 1207 2054 77319 8148 2082 162 154 3985 349 1481 180 27258
leaf_count=1775 617 846 140 79218 392 124 10461 236 321 1328 11177 17829 912 239 3269 182 102 2393 1207 2054 77319 8148 2082 162 154 3985 349 1481 180 27258
internal_value=0 -7.39805e-05 0.000330978 0.000521457 0.00502658 0.00704864 -0.00162043 -0.00713787 -0.000532812 -0.00411178 0.000416312 0.000167889 0.000513004 -0.00381345 0.00172623 -0.000433292 0.0099994 -0.00118397 0.00482406 0.00676803 -0.000463365 0.00119422 0.000721109 -0.0041379 -0.0104918 0 0.0027946 0.00933031 -0.00999365 -0.000633668
internal_weight=255940 252062 133547 121824 2692 2236 11723 1262 118515 3103 119132 100352 80130 363 18780 115412 284 20222 3878 2671 115128 10551 10230 456 294 7254 11526 1873 1026 104577
internal_count=255940 252062 133547 121824 2692 2236 11723 1262 118515 3103 119132 100352 80130 363 18780 115412 284 20222 3878 2671 115128 10551 10230 456 294 7254 11526 1873 1026 104577
is_linear=0
shrinkage=0.03


Tree=14
num_leaves=31
num_cat=0
split_feature=16 25 74 57 159 81 1 59 42 11 49 33 23 74 35 121 124 3 60 60 42 115 30 1 37 141 54 8 142 159
split_gain=80.8129 69.1563 49.1029 72.8643 54.8844 43.5149 61.1124 43.018 42.3741 39.2574 37.372 36.9851 38.0944 36.3773 36.2538 35.9793 34.4124 44.225 37.5795 33.8828 40.2178 72.3838 39.7529 33.0745 33.0157 30.8939 29.3491 38.4532 30.6166 29.1176
threshold=1.2241054177284243 0.012333759106695654 0.25000000745058065 1.1682889461517336 0.013182844966650011 0.11666667088866235 0.036247322335839278 0.87097391486167919 -0.093370448797941194 0.98652058839797985 0.83075928688049328 0.97388815879821788 0.023362913168966774 0.35000000894069677 0.61771145462989818 0.63616314530372631 -0.56451532244682301 0.0056315243709832439 1.0626514554023745 0.95148235559463512 0.069263156503438963 0.62745091319084179 0.0034561363281682138 0.025157164782285694 0.65275800228118908 1.0802294015884402 0.99267515540122997 0.33332858979702001 1.417997479438782 -0.031609488651156419
decision_type=10 10 2 10 10 2 10 10 10 10 10 10 10 2 10 10 10 10 10 10 10 10 10 10 10 10 10 10 10 8
left_child=1 24 8 4 5 6 -4 -6 9 25 -7 12 23 15 -14 -5 18 -18 -11 20 -10 -22 29 -2 -1 -3 27 -15 -28 -21
right_child=11 2 3 13 7 10 -8 -9 19 16 -12 -13 14 26 -16 -17 17 -19 -20 22 21 -23 -24 -25 -26 -27 28 -29 -30 -31
leaf_value=0.00070332496766914725 0.0063302579531830609 0.011610896048020019 0.00045806110767307884 -0.0063044674016852903 -0.016402310277236268 0.0062075419552690744 0.0041032172539365325 -0.0027080230017982277 -0.0062143073846421858 0.0085181928470447529 -0.00029595795855788201 -0.010330155092878672 0.0014357240451556125 -0.0075732757877629382 0.0097191559515684301 0.0029257862634394266 0.0027057446040057885 -0.0094723842815976032 -0.0016998849489876496 0.0079427393884918662 -0.0095739683882418644 0.018369988215361108 0.0050459497054172551 -0.003228697727444971 0.0029618741090763749 0.00085600871042433113 0.0067135062284811942 0.0047798590117302973 0 -0.0010032973284334517
leaf_weight=22916 528 594 28373 617 215 778 4890 3327 1971 631 101883 118 807 374 1637 890 430 564 556 302 126 157 973 760 8077 508 3377 507 706 68022
leaf_count=22916 528 594 28373 617 215 778 4890 3327 1971 631 101883 118 807 374 1637 890 430 564 556 302 126 157 973 760 8077 508 3377 507 706 68022
internal_value=4.28494e-05 -2.20954e-05 -0.000209597 0.000108985 -3.34883e-05 6.06657e-05 0.00100509 -0.00371092 -0.000834747 0.0024623 -0.000242551 0.00434548 0.00494205 0.0032165 0.0071396 -0.000689902 0 -0.00395886 0.00353456 -0.000990865 -0.00462577 0.00512768 -0.000867005 0.000497398 0.00130312 0.00702412 0.00446063 -0.000183002 0.00553173 -0.000957052
internal_weight=255614 251764 220771 145937 139466 135924 33263 3542 74834 3283 102661 3850 3732 6471 2444 1507 2181 994 1187 71551 2254 283 69297 1288 30993 1102 4964 881 4083 68324
internal_count=255614 251764 220771 145937 139466 135924 33263 3542 74834 3283 102661 3850 3732 6471 2444 1507 2181 994 1187 71551 2254 283 69297 1288 30993 1102 4964 881 4083 68324
is_linear=0
shrinkage=0.03


Tree=15
num_leaves=31
num_cat=0
split_feature=32 26 39 25 125 38 11 73 113 38 162 79 86 18 141 30 62 13 86 115 87 51 37 24 83 48 92 53 26 113
split_gain=59.6676 62.6566 49.3891 55.5142 59.7689 48.2152 43.097 48.03 71.1909 42.9764 88.7839 53.7378 39.5788 40.9076 38.978 36.7995 46.7944 41.1244 50.7733 72.6547 41.7597 38.7066 35.8483 35.7803 40.2294 32.8876 31.9664 43.063 31.9248 55.0269
threshold=-0.0048883806448429814 0.019946628250181678 0.016193234361708168 0.042165674269199378 -0.60678949952125538 -0.020566289313137528 0.9738384783267976 0.90000000596046459 0.71848261356353771 -0.028366380371153351 0.2755544930696488 0.15000000223517421 -0.81666666269302357 0.99498918652534496 0.84052124619483959 0.00068177666980773221 1.0107057690620425 0.94432401657104503 0.81666666269302379 0.70087543129920971 -0.60833334922790516 0.86922532320022594 0.74394994974136364 0.050025841221213348 -0.50000001490116108 0.912725329399109 0.39333289861679083 0.98068165779113781 0.029273984953761104 0.9807686209678651
decision_type=8 10 10 10 10 8 10 10 8 10 10 2 2 10 8 10 10 10 2 10 2 10 10 10 10 10 10 10 10 10
left_child=5 -2 3 12 -5 22 26 8 14 10 -6 -11 13 -3 -8 16 28 18 19 -17 21 -19 -1 24 -18 -20 27 -7 -4 -30
right_child=1 2 15 4 9 6 7 -9 -10 11 -12 -13 -14 -15 -16 17 23 20 25 -21 -22 -23 -24 -25 -26 -27 -28 -29 29 -31
leaf_value=0.0015378696617298873 0.00071608614200497982 0.0030437245977879392 -0.0013923960445371146 0.0097131072033904871 0.0010358941119741321 -0.00077035113269839119 -0.0045136606034908251 -0.0048747616463105251 0.011331074860445808 0.0031573556984055649 -0.022232888130979105 3.8191353366622998e-05 -0.00023206898238721659 -0.0024573577982137736 0.0019679030653412472 -0.0001420738301038359 -0.0054290082882479341 0.019594855740831821 0.0053257448849687809 -0.012222001214179368 0.0010265484095133741 0 0.018964278980293736 0.0053668334817487309 0.00018914834390627166 -0.0045644624367335756 -0.0018749521897646235 0.0095247647106377949 -0.005688286510677985 0.0045714063958753491
leaf_weight=247 64897 1282 4030 700 377 416 1053 1172 601 7565 200 15008 119656 12654 3617 1089 1499 208 899 809 3692 199 255 823 4308 405 377 1426 6138 462
leaf_count=247 64897 1282 4030 700 377 416 1053 1172 601 7565 200 15008 119656 12654 3617 1089 1499 208 899 809 3692 199 255 823 4308 405 377 1426 6138 462
internal_value=4.59665e-06 -8.25418e-05 -0.000369005 -0.000171589 0.00115777 0.00238005 0.00180057 0.000501313 0.00176728 0.000877967 -0.00700165 0.00109868 -0.000411301 -0.00192617 0.000429447 -0.00162111 -0.00237662 0.000125588 -0.00236969 -0.00552117 0.00214969 0.0111101 0.0113521 -0.000346434 -0.00122328 0.00200488 0.00540088 0.00705528 -0.00361167 -0.00491315
internal_weight=256064 246900 182003 157442 23850 9164 8662 6443 5271 23150 577 22573 133592 13936 4670 24561 17260 7301 3202 1898 4099 407 502 6630 5807 1304 2219 1842 10630 6600
internal_count=256064 246900 182003 157442 23850 9164 8662 6443 5271 23150 577 22573 133592 13936 4670 24561 17260 7301 3202 1898 4099 407 502 6630 5807 1304 2219 1842 10630 6600
is_linear=0
shrinkage=0.03


Tree=16
num_leaves=31
num_cat=0
split_feature=16 26 1 40 71 14 80 54 8 1 11 53 24 33 18 27 85 84 58 33 30 118 4 138 124 45 2 158 1 53
split_gain=75.5067 52.5475 63.0582 62.1654 82.7454 45.0751 91.2627 109 86.655 73.563 72.679 58.667 48.1382 48.9678 61.2722 42.3036 41.1345 39.4112 38.1327 37.3407 36.6095 35.5687 35.4398 34.9851 34.9833 32.2742 45.1846 31.2089 30.4546 30.2023
threshold=1.2241054177284243 0.021716838702559475 0.036247322335839278 -0.030112487263977524 0.5625000298023225 0.92277643084526073 0.37500000000000006 0.99874293804168712 -0.86206945776939381 0.020046267658472065 0.97283774614334118 1.0039499998092654 0.056700749322772033 0.37453159689903265 1.0216119885444643 0.046966271474957473 0.67499998211860668 -1.0000000180025095e-35 0.99975594878196727 0.97828525304794323 -0.0056914482265710822 0.34883730113506323 0.30769161880016332 0.85353142023086559 -0.27058769762516016 1.2184593081474306 0.5999988615512849 -0.0040181069634854785 0.054196750745177276 1.044265151023865
decision_type=10 10 10 10 10 8 2 10 10 10 10 10 10 8 10 10 2 2 10 10 10 8 10 8 10 10 10 10 10 10
left_child=1 2 17 4 16 6 7 11 -8 -9 -10 -5 13 14 -7 23 27 -1 29 20 -2 -15 -18 -4 -22 26 -14 -3 -29 -6
right_child=19 3 15 5 18 12 8 9 10 -11 -12 -13 25 21 -16 -17 22 -19 -20 -21 24 -23 -24 -25 -26 -27 -28 28 -30 -31
leaf_value=5.6314908203850385e-05 0.0064631587798526999 -0.00200889287030394 -0.0083382582624237662 -0.002253335723802632 -0.00056785575266337328 -0.0012906539976326116 0.021313197436059989 -0.006684239959637313 0.0093203852431420677 0.0082588485541323971 0.00095278118177109556 -0.02114457876504559 0.018312440764674035 -0.0010499001560189962 -0.0091349861580323072 -0.014138163262925727 -0.010908218913196408 0.0014178106633398377 0.0055986411954308864 -0.011247106184961185 -0.0072937242181941456 0.00022488116024704812 0.0018663694422957633 0.00039662696148051805 0.0045631712530566455 -0.00022151705058761229 0 0.00062625859133211368 0.0064401366347334376 0.0091434672371191964
leaf_weight=38403 2817 3653 570 6015 2000 55143 242 328 1300 1538 3568 137 291 32181 906 335 544 39092 4393 106 373 50061 236 1177 491 328 227 8051 910 310
leaf_count=38403 2817 3653 570 6015 2000 55143 242 328 1300 1538 3568 137 291 32181 906 335 544 39092 4393 106 373 50061 236 1177 491 328 227 8051 910 310
internal_value=3.09144e-05 -3.12669e-05 0.000604964 -0.000326782 0.00123616 -0.000535175 0.00113539 -0.00083073 0.00427009 0.0054301 0.00327772 -0.00278979 -0.000695095 -0.00074109 -0.00142602 -0.00450231 -0.000105058 0.000747174 0.00395316 0.0042249 0.00480987 -0.000270423 -0.00671806 -0.00234568 -0.000265445 0.00632059 0.0108749 0.000290106 0.0012631 0.000673938
internal_weight=255726 251939 79577 172362 20097 152265 13128 8018 5110 1866 4868 6152 139137 138291 56049 2082 13394 77495 6703 3787 3681 82242 780 1747 864 846 518 12614 8961 2310
internal_count=255726 251939 79577 172362 20097 152265 13128 8018 5110 1866 4868 6152 139137 138291 56049 2082 13394 77495 6703 3787 3681 82242 780 1747 864 846 518 12614 8961 2310
is_linear=0
shrinkage=0.03


Tree=17
num_leaves=31
num_cat=0
split_feature=29 62 37 29 158 49 3 69 26 2 50 35 39 15 51 34 34 56 13 67 82 127 50 45 39 36 2 110 85 40
split_gain=60.9998 68.7158 52.3954 52.2676 49.9788 63.9493 66.9781 134.201 46.9646 56.9193 81.943 70.5302 66.4203 66.6942 46.42 45.5122 42.8142 50.5352 58.1009 43.1819 42.7578 48.5254 50.5489 40.9881 37.7349 37.6918 35.4042 38.7864 35.0905 32.8538
threshold=-0.016061522997915741 0.97182264924049389 0.71346053481102001 -0.0039579467847943297 0.002711745561100543 0.83075928688049328 0.01061007520183921 0.90990880131721508 0.021328064613044265 -0.24999977648258206 0.87046703696250927 0.77510660886764537 -0.013329115230590103 0.87315455079078685 0.74258312582969677 0.47415277361869818 0.40579554438591009 0.98941323161125194 0.98575645685195934 0.64226189255714428 0.39166666567325598 -0.32126702368259424 0.98961257934570324 1.0216629505157473 0.032438790425658233 0.82072821259498607 0.81732547283172619 -0.15192308276891706 -0.82500001788139332 -0.042520815506577485
decision_type=8 10 8 8 10 10 10 10 8 8 10 10 10 10 10 10 10 8 10 10 2 10 10 8 10 10 10 2 2 8
left_child=1 -1 8 20 5 6 25 -8 23 10 12 14 13 -10 -12 -14 17 19 -19 -11 -4 -22 24 -2 -23 -5 -6 -28 -3 -7
right_child=2 28 3 4 26 29 7 -9 9 16 11 -13 15 -15 -16 -17 -18 18 -20 -21 21 22 -24 -25 -26 -27 27 -29 -30 -31
leaf_value=-0.0077568053108570739 0.0013679770881939166 0.010847167513697426 0.0015907596115766925 0.01976864948597291 -0.0038275882889225676 0.0063626723477260691 0.013502084542065857 -0.026271553922814481 0.002089940830038768 0.0099053602383289158 -0.01924854632648753 0.0021658955787374362 0.0078151113926059768 0.014855310457254814 -0.00068593866239153526 -0.0027924920104993268 -0.0017340212905047208 -0.0026557138856164474 0.00020508426305389097 0.001344976988566793 0.0017711418999047529 -0.0056042217482344201 0.0002916233177854957 -0.00021387318141301686 0.0012842981875807837 0 0.01512614568649872 0 0.0031799897989241151 0.0011597179752419707
leaf_weight=343 23266 893 4486 423 2803 1133 175 104 766 637 103 9275 504 841 36690 1150 45423 9584 18589 3540 2425 4800 2688 39517 753 101 164 757 1801 42227
leaf_count=343 23266 893 4486 423 2803 1133 175 104 766 637 103 9275 504 841 36690 1150 45423 9584 18589 3540 2425 4800 2688 39517 753 101 164 757 1801 42227
internal_value=0 0.00421279 -5.05097e-05 0.000697326 0.00118572 0.00147134 0.00981444 -0.00108617 -0.000300407 -0.000632838 0.000158962 -0.000160918 0.00474277 0.00905539 -0.000756482 0.000315354 -0.00113882 -0.000293269 -0.000758666 0.00276291 -0.00082596 -0.00187155 -0.00298146 0.000367798 -0.00461503 0.0159964 -0.00211109 0.00276448 0.00589323 0.00130546
internal_weight=255961 3037 252924 63039 47887 44163 803 279 189885 127102 49329 46068 3261 1607 36793 1654 77773 32350 28173 4177 15152 10666 8241 62783 5553 524 3724 921 2694 43360
internal_count=255961 3037 252924 63039 47887 44163 803 279 189885 127102 49329 46068 3261 1607 36793 1654 77773 32350 28173 4177 15152 10666 8241 62783 5553 524 3724 921 2694 43360
is_linear=0
shrinkage=0.03


Tree=18
num_leaves=31
num_cat=0
split_feature=16 58 49 10 44 77 26 6 1 117 42 1 42 6 29 57 49 6 41 27 69 102 115 75 49 17 138 10 23 4
split_gain=67.8868 48.1028 55.734 107.657 71.8201 62.9968 47.9346 44.8583 42.6849 57.8663 42.52 43.4089 40.3994 68.0738 58.4632 61.9859 54.0556 39.107 38.1651 35.8713 35.5655 35.4153 35.2131 31.4311 31.0328 30.2586 29.6166 27.2057 29.9803 24.6413
threshold=1.243742883205414 0.90760317444801342 0.83075928688049328 1.0095946192741396 1.0274149775505068 0.27500000596046453 0.021585190668702129 0.06666805595159532 0.054196750745177276 0.4395796805620194 -0.00033045788586605335 0.034257708117365844 -0.074287988245487199 0.16666502505540851 -0.0038909966824576254 1.1682889461517336 0.98133334517478954 0.29411686956882482 -0.032418996095657342 0.053962413221597678 0.98143813014030468 0.56306818127632152 0.27612960338592535 0.22500000149011615 0.85237580537796032 0.67878058552742015 0.67998734116554271 1.0256748199462893 0.021914101205766204 0.49999816715717321
decision_type=10 8 8 10 10 2 10 10 10 10 10 10 10 10 10 10 10 10 10 10 10 2 10 2 10 8 10 10 8 10
left_child=1 7 3 5 17 -3 10 24 22 23 11 19 13 25 16 -16 -14 -5 -13 -4 -9 -15 26 -10 -1 -8 -2 28 -12 -6
right_child=8 2 6 4 29 -7 12 20 9 -11 27 18 14 21 15 -17 -18 -19 -20 -21 -22 -23 -24 -25 -26 -27 -28 -29 -30 -31
leaf_value=-0.020589141538612684 -0.012512811916968238 0.020986311495204694 -0.00019220006830436128 -0.018856959397923617 0 0.0021033074704012765 0.012656556269229536 0.0024995991136340496 0.017930648101721364 -2.5057909396837051e-05 0.001151735472391516 0.0013530385000322244 -0.0027440687778403981 0.0048701205954427137 -0.00033013766040996834 0.0028691049136774882 -0.00049755839830777982 0 -0.0091718767771601477 0.0043678449343926605 -0.015305735173391267 -0.00069439798033366865 0.0046520029189711419 0.0014472579679270161 0 -0.0016156708290319967 0.00021585035984733464 -0.0061390223798566852 0.0065217760898587428 0.016963752062379645
leaf_weight=245 213 425 36759 228 190 315 114 442 519 337 37709 402 17701 4480 116309 5687 22042 114 859 1601 106 1212 1185 185 111 4717 413 415 969 114
leaf_count=245 213 425 36759 228 190 315 114 442 519 337 37709 402 17701 4480 116309 5687 22042 114 859 1601 106 1212 1185 185 111 4717 413 415 969 114
internal_value=-4.52203e-05 -9.83814e-05 -7.21579e-05 0.00588036 -0.00266626 0.0136099 -0.000106692 -0.00693429 0.004539 0.00938017 0.000504911 -0.000181119 -0.000387927 0.00140402 -0.000506527 -0.000178096 -0.00150655 -0.0120987 -0.00561366 0 -0.000833993 0.00363446 0.00152028 0.0141731 -0.0149829 -0.00116624 -0.00390406 0.00120761 0.00129732 0.00711108
internal_weight=256118 253266 252362 1386 646 740 250976 904 2852 1041 78714 39621 172262 10523 161739 121996 39743 342 1261 38360 548 5692 1811 704 356 4831 626 39093 38678 304
internal_count=256118 253266 252362 1386 646 740 250976 904 2852 1041 78714 39621 172262 10523 161739 121996 39743 342 1261 38360 548 5692 1811 704 356 4831 626 39093 38678 304
is_linear=0
shrinkage=0.03


end of trees

feature_importances:
ROC30=23
KLEN=22
BETA20=19
RSQR5=18
RESI60=15
STD30=13
BETA10=13
STD5=12
STD20=12
STD60=12
RSQR30=12
RESI5=11
MIN10=11
RSQR10=10
RSQR60=10
RESI20=10
MA5=9
RESI10=8
IMXD30=8
SUMN20=8
KUP2=7
ROC60=7
MAX10=7
MAX20=7
QTLU60=7
IMXD10=7
WVMA20=7
HIGH0=6
ROC5=6
ROC20=6
STD10=6
RESI30=6
QTLU5=6
QTLD20=6
IMXD20=6
KMID2=5
KUP=5
KLOW2=5
KSFT=5
VWAP0=5
MA20=5
RSQR20=5
RSV30=5
SUMP20=5
SUMN5=5
ORC_GAP_CONFIRMATION_20=5
ORC_INTRADAY_RANGE_RETURN_10=5
LOW0=4
ROC10=4
MAX30=4
MIN5=4
QTLU20=4
IMIN10=4
IMIN20=4
IMIN30=4
IMXD5=4
CNTP60=4
SUMP5=4
VSTD60=4
WVMA5=4
ORC_GAP_ABSORPTION_20=4
KMID=3
MAX60=3
MIN20=3
MIN30=3
MIN60=3
QTLU10=3
QTLD5=3
QTLD10=3
IMIN5=3
IMIN60=3
IMXD60=3
SUMP60=3
SUMN30=3
SUMD10=3
SUMD20=3
WVMA30=3
ORC_OVERNIGHT_DOMINANCE_20=3
KLOW=2
KSFT2=2
BETA60=2
QTLU30=2
QTLD60=2
RSV10=2
IMAX5=2
IMAX10=2
IMAX20=2
IMAX60=2
CORR60=2
CNTD30=2
SUMP10=2
SUMN60=2
WVMA60=2
OPEN0=1
RANK20=1
RANK60=1
RSV5=1
IMAX30=1
CNTP5=1
CNTP30=1
CNTN20=1
CNTN60=1
CNTD20=1
SUMP30=1
SUMN10=1
SUMD5=1
SUMD30=1
SUMD60=1
VSTD20=1
WVMA10=1
VSUMP10=1
VSUMN30=1
ORC_CLOSE_PRESSURE_VOLUME_20=1

parameters:
[boosting: gbdt]
[objective: regression]
[metric: l2]
[tree_learner: serial]
[device_type: cpu]
[data_sample_strategy: bagging]
[data: ]
[valid: ]
[num_iterations: 500]
[learning_rate: 0.03]
[num_leaves: 31]
[num_threads: 12]
[seed: 20260812]
[deterministic: 1]
[force_col_wise: 1]
[force_row_wise: 0]
[histogram_pool_size: -1]
[max_depth: 7]
[min_data_in_leaf: 100]
[min_sum_hessian_in_leaf: 0.001]
[bagging_fraction: 0.8]
[pos_bagging_fraction: 1]
[neg_bagging_fraction: 1]
[bagging_freq: 1]
[bagging_seed: 20260812]
[bagging_by_query: 0]
[feature_fraction: 0.8]
[feature_fraction_bynode: 1]
[feature_fraction_seed: 20260812]
[extra_trees: 0]
[extra_seed: 9622]
[early_stopping_round: 0]
[early_stopping_min_delta: 0]
[first_metric_only: 0]
[max_delta_step: 0]
[lambda_l1: 10]
[lambda_l2: 20]
[linear_lambda: 0]
[min_gain_to_split: 0]
[drop_rate: 0.1]
[max_drop: 50]
[skip_drop: 0.5]
[xgboost_dart_mode: 0]
[uniform_drop: 0]
[drop_seed: 26770]
[top_rate: 0.2]
[other_rate: 0.1]
[min_data_per_group: 100]
[max_cat_threshold: 32]
[cat_l2: 10]
[cat_smooth: 10]
[max_cat_to_onehot: 4]
[top_k: 20]
[monotone_constraints: ]
[monotone_constraints_method: basic]
[monotone_penalty: 0]
[feature_contri: ]
[forcedsplits_filename: ]
[refit_decay_rate: 0.9]
[cegb_tradeoff: 1]
[cegb_penalty_split: 0]
[cegb_penalty_feature_lazy: ]
[cegb_penalty_feature_coupled: ]
[path_smooth: 0]
[interaction_constraints: ]
[verbosity: 1]
[saved_feature_importance_type: 0]
[use_quantized_grad: 0]
[num_grad_quant_bins: 4]
[quant_train_renew_leaf: 0]
[stochastic_rounding: 1]
[linear_tree: 0]
[max_bin: 255]
[max_bin_by_feature: ]
[min_data_in_bin: 3]
[bin_construct_sample_cnt: 200000]
[data_random_seed: 20260812]
[is_enable_sparse: 1]
[enable_bundle: 1]
[use_missing: 1]
[zero_as_missing: 0]
[feature_pre_filter: 1]
[pre_partition: 0]
[two_round: 0]
[header: 0]
[label_column: ]
[weight_column: ]
[group_column: ]
[ignore_column: ]
[categorical_feature: ]
[forcedbins_filename: ]
[precise_float_parser: 0]
[parser_config_file: ]
[objective_seed: 6428]
[num_class: 1]
[is_unbalance: 0]
[scale_pos_weight: 1]
[sigmoid: 1]
[boost_from_average: 1]
[reg_sqrt: 0]
[alpha: 0.9]
[fair_c: 1]
[poisson_max_delta_step: 0.7]
[tweedie_variance_power: 1.5]
[lambdarank_truncation_level: 30]
[lambdarank_norm: 1]
[label_gain: ]
[lambdarank_position_bias_regularization: 0]
[eval_at: ]
[multi_error_top_k: 1]
[auc_mu_weights: ]
[num_machines: 1]
[local_listen_port: 12400]
[time_out: 120]
[machine_list_filename: ]
[machines: ]
[gpu_platform_id: -1]
[gpu_device_id: -1]
[gpu_device_id_list: ]
[gpu_use_dp: 0]
[num_gpu: 1]

end of parameters

pandas_categorical:null
