tree
version=v4
num_class=1
num_tree_per_iteration=1
label_index=0
max_feature_idx=162
objective=regression
feature_names=KMID KLEN KMID2 KUP KUP2 KLOW KLOW2 KSFT KSFT2 OPEN0 HIGH0 LOW0 VWAP0 ROC5 ROC10 ROC20 ROC30 ROC60 MA5 MA10 MA20 MA30 MA60 STD5 STD10 STD20 STD30 STD60 BETA5 BETA10 BETA20 BETA30 BETA60 RSQR5 RSQR10 RSQR20 RSQR30 RSQR60 RESI5 RESI10 RESI20 RESI30 RESI60 MAX5 MAX10 MAX20 MAX30 MAX60 MIN5 MIN10 MIN20 MIN30 MIN60 QTLU5 QTLU10 QTLU20 QTLU30 QTLU60 QTLD5 QTLD10 QTLD20 QTLD30 QTLD60 RANK5 RANK10 RANK20 RANK30 RANK60 RSV5 RSV10 RSV20 RSV30 RSV60 IMAX5 IMAX10 IMAX20 IMAX30 IMAX60 IMIN5 IMIN10 IMIN20 IMIN30 IMIN60 IMXD5 IMXD10 IMXD20 IMXD30 IMXD60 CORR5 CORR10 CORR20 CORR30 CORR60 CORD5 CORD10 CORD20 CORD30 CORD60 CNTP5 CNTP10 CNTP20 CNTP30 CNTP60 CNTN5 CNTN10 CNTN20 CNTN30 CNTN60 CNTD5 CNTD10 CNTD20 CNTD30 CNTD60 SUMP5 SUMP10 SUMP20 SUMP30 SUMP60 SUMN5 SUMN10 SUMN20 SUMN30 SUMN60 SUMD5 SUMD10 SUMD20 SUMD30 SUMD60 VMA5 VMA10 VMA20 VMA30 VMA60 VSTD5 VSTD10 VSTD20 VSTD30 VSTD60 WVMA5 WVMA10 WVMA20 WVMA30 WVMA60 VSUMP5 VSUMP10 VSUMP20 VSUMP30 VSUMP60 VSUMN5 VSUMN10 VSUMN20 VSUMN30 VSUMN60 VSUMD5 VSUMD10 VSUMD20 VSUMD30 VSUMD60 ORC_GAP_CONFIRMATION_20 ORC_GAP_ABSORPTION_20 ORC_OVERNIGHT_DOMINANCE_20 ORC_CLOSE_PRESSURE_VOLUME_20 ORC_INTRADAY_RANGE_RETURN_10
feature_infos=[-0.15450645983219147:0.33106967806816101] [0:0.33106967806816101] [-1:1] [0:0.27153289318084717] [0:1] [0:0.19577737152576447] [0:1] [-0.31147539615631104:0.33106967806816101] [-1:1] [0.75127547979354858:1.1827411651611328] [1:1.365384578704834] [0.75127547979354858:1] [0.90894031524658203:1.0877940654754639] [0.62103557586669922:1.6790908575057983] [0.51279789209365845:1.8924485445022583] [0.43777582049369812:2.2146341800689697] [0.40953221917152405:2.740487813949585] [0.32686084508895874:2.649662971496582] [0.8043818473815918:1.3455072641372681] [0.69517505168914795:1.4951817989349365] [0.58934980630874634:1.7117466926574707] [0.53464740514755249:1.9959673881530762] [0.46012550592422485:1.8649090528488159] [0:0.26957115530967712] [0:0.32280367612838745] [0:0.36472421884536743] [0:0.57258552312850952] [0:0.50059491395950317] [-0.16409091651439667:0.17131471633911133] [-0.11732283234596252:0.17131471633911133] [-0.11732283234596252:0.17131471633911133] [-0.11732283234596252:0.17131471633911133] [-0.11732283234596252:0.17131471633911133] [0:1] [0:1] [0:1] [0:1] [0:1] [-0.11478264629840851:0.13264167308807373] [-0.24554997682571411:0.20802642405033112] [-0.40848860144615173:0.27287426590919495] [-0.44566619396209717:0.27581575512886047] [-0.96870207786560059:0.36147966980934143] [1:1.6472727060317993] [1:1.9298244714736938] [1:2.2439024448394775] [1:3.3160974979400635] [1:3.3160974979400635] [0.58144122362136841:1] [0.49132096767425537:1] [0.42983227968215942:1] [0.39746984839439392:1] [0.31774049997329712:1] [0.86334514617919922:1.4843636751174927] [0.78309857845306396:1.7869091033935547] [0.69679319858551025:2.054157018661499] [0.57799351215362549:2.423609733581543] [0.52150630950927734:2.3250908851623535] [0.70860719680786133:1.2689855098724365] [0.53621649742126465:1.4057971239089966] [0.45107382535934448:1.5574545860290527] [0.43389230966567993:1.5740000009536743] [0.37328624725341797:1.5950908660888672] [0.20000000298023224:1] [0.10000000149011612:1] [0.05000000074505806:1] [0.033333335071802139:1] [0.01666666753590107:1] [0:1] [0:1] [0:1] [0:1] [0:1] [0.20000000298023224:1] [0.10000000149011612:1] [0.05000000074505806:1] [0.033333335071802139:1] [0.01666666753590107:1] [0.20000000298023224:1] [0.10000000149011612:1] [0.05000000074505806:1] [0.033333335071802139:1] [0.01666666753590107:1] [-0.80000001192092896:0.80000001192092896] [-0.89999997615814209:0.89999997615814209] [-0.94999998807907104:0.94999998807907104] [-0.96666663885116577:0.96666663885116577] [-0.98333334922790527:0.98333334922790527] [-1:1] [-1:1] [-1:1] [-1:1] [-1:1] [-1:1] [-1:1] [-1:1] [-1:1] [-1:1] [0:1] [0:1] [0:0.94999998807907104] [0:0.90909093618392944] [0:0.90909093618392944] [0:1] [0:1] [0:0.89999997615814209] [0:0.8571428656578064] [0:0.8571428656578064] [-1:1] [-1:1] [-0.83333331346511841:0.90909093618392944] [-0.83333331346511841:0.90909093618392944] [-0.83333331346511841:0.90909093618392944] [0:1] [0:1] [0:1] [0:1] [0:1] [0:1] [0:1] [0:1] [0:1] [0:1] [-1:1] [-1:1] [-1:1] [-1:1] [-1:1] [0.20013266801834106:26452.083984375] [0.10012400150299072:23627.859375] [0.050104878842830658:26698.134765625] [0.033777147531509399:28136.5] [0.017187755554914474:26107.111328125] [0.00080492562847211957:59102.5] [0.0021778203081339598:49210.34375] [0.0021778203081339598:56418.4921875] [0.0021778203081339598:57003.12109375] [0.0021778203081339598:42065.70703125] [0:2.2360680103302002] [0:3.1615598201751709] [0:4.4708261489868164] [0:5.465825080871582] [0:7.5986995697021484] [0:1] [0:1] [0:1] [0:1] [0:1] [0:1] [0:1] [0:1] [0:1] [0:1] [-1:1] [-1:1] [-1:1] [-1:1] [-1:1] [-6.6416220664978027:0.87598508596420288] [-13908019:28.931533813476562] [-1925766528:4419.23388671875] [-1204.24951171875:4676.52978515625] [-754.3636474609375:1361.0987548828125]
tree_sizes=3110 3060 3104 3095 3060 3034 3040 2984 3064 3006 3114 3092 3090 3113 3071 3062 3087

Tree=0
num_leaves=31
num_cat=0
split_feature=16 26 27 1 11 115 12 125 158 102 2 35 42 60 12 21 84 30 140 13 34 40 47 111 1 38 41 38 49 141
split_gain=177.185 106.54 75.2054 62.4833 59.1795 99.064 69.9119 68.3644 64.4919 55.4361 69.117 74.6269 52.7938 52.5922 51.7996 56.4395 51.0746 48.7978 57.7965 45.1226 40.2081 38.2022 35.1068 34.1447 41.9626 40.3884 32.0971 32.0862 44.5043 43.3055
threshold=1.2241054177284243 0.021585190668702129 0.07648158818483354 0.036247322335839278 0.9717526137828828 0.75229349732398998 0.98607468605041515 0.30538910627365118 0.01258864998817444 0.54316771030426036 -0.10526569932699202 0.76871791481971752 -0.030754572711884972 0.90929329395294201 1.0281483530998232 0.95287659764289867 -1.0000000180025095e-35 -0.0068273739889264098 0.82267063856124889 1.1167117953300478 0.40579554438591009 -0.020819028839468953 1.0348046422004702 -0.16954023391008374 0.054196750745177276 -0.0026717543369159098 -0.035766370594501488 -0.017634122632443901 0.96483865380287182 1.0857476592063906
decision_type=10 10 10 8 10 10 10 10 8 2 10 10 10 10 10 10 2 10 10 10 10 10 10 2 10 10 10 10 10 10
left_child=1 3 9 16 5 8 -7 14 12 10 11 13 -4 -3 15 -6 -1 18 -2 20 -12 -13 -5 24 25 -20 -24 28 29 -11
right_child=17 2 4 22 7 6 -8 -9 -10 27 19 21 -14 -15 -16 -17 -18 -19 23 -21 -22 -23 26 -25 -26 -27 -28 -29 -30 -31
leaf_value=0.00019013500520881504 0.0003633425494643912 0.006955015649336556 0.00023519293563583347 0.00066397024299534309 -0.0050752909370583438 -0.018957979481695003 0.0031797776017922644 0.0043212702351726274 -0.004983288423843291 -0.024347580640683424 -0.00073634710889670268 0.0053203280442044006 0.0079509759750878845 -0.00097637905191305544 0.010802453273278424 -3.4953100905361929e-05 0.0017514737248020616 0.00089818229219111232 0.016026985875044902 -0.017903128196013959 -0.0022745599002124846 0.0009498335926720104 0.001906609996268193 0.0044027184570451542 0.02209012836204613 0.0027954524080935216 -0.0090522855510737511 0.00079201315860952888 0.0032487029535424963 -0.0011445135790686741
leaf_weight=37786 653 737 1144 769 2305 261 191 3117 481 148 26854 2205 3448 45468 336 15186 38605 1141 445 138 37928 11170 241 631 434 515 1159 21992 205 183
leaf_count=37786 653 737 1144 769 2305 261 191 3117 481 148 26854 2205 3448 45468 336 15186 38605 1141 445 138 37928 11170 241 631 434 515 1159 21992 205 183
internal_value=1.84084e-05 -7.7833e-05 -0.000493944 0.000837208 0.000972661 0.00373217 -0.00922936 0.000227531 0.00497764 -0.000760109 -0.00100879 -0.000264802 0.00610315 -0.000840424 -0.000475479 -0.000721349 0.000983352 0.00641587 0.00863148 -0.00168667 -0.00164198 0.00169962 -0.00413483 0.0111214 0.0138451 0.00943685 -0.00695424 0.000600586 -0.00646002 -0.0131702
internal_weight=255876 252057 173497 78560 26469 5525 452 20944 5073 147028 124500 59580 4592 46205 17827 17491 76391 3819 2678 64920 64782 13375 2169 2025 1394 960 1400 22528 536 331
internal_count=255876 252057 173497 78560 26469 5525 452 20944 5073 147028 124500 59580 4592 46205 17827 17491 76391 3819 2678 64920 64782 13375 2169 2025 1394 960 1400 22528 536 331
is_linear=0
shrinkage=1


Tree=1
num_leaves=31
num_cat=0
split_feature=16 26 33 25 56 10 14 17 40 33 35 140 32 45 34 1 49 15 80 33 85 17 44 2 35 3 16 37 127 33
split_gain=170.577 97.1738 89.6282 77.0311 101.902 79.9772 83.5961 72.1233 66.932 57.9636 59.601 56.5948 56.1898 55.5536 47.5553 47.3232 46.5705 44.7172 55.8264 44.5289 40.3451 40.2499 52.092 42.5163 39.7006 38.9467 38.4948 36.685 36.1619 33.9341
threshold=1.2241054177284243 0.021839609369635585 0.26314339041709905 0.041385870426893241 0.90102112293243419 1.0183066725730898 1.0216450095176699 1.0505280494689944 0.02533263806253672 0.97828525304794323 0.66391038894653331 0.76397109031677257 -0.0045728697441518298 1.0307692885398867 0.22112450003623965 0.035042800009250648 0.83075928688049328 1.12964802980423 0.42499999701976782 0.65305796265602123 -0.32500000298023218 0.74524354934692394 1.043000400066376 -0.10526569932699202 0.80394437909126293 0.016509409062564376 0.93546006083488475 0.73092833161354076 -0.1542856693267822 0.92698377370834362
decision_type=10 10 8 10 10 10 10 10 10 10 10 10 10 8 10 10 10 8 2 10 2 8 10 10 10 10 10 8 10 10
left_child=1 13 12 7 29 16 -7 8 -4 10 -2 -12 17 -1 28 27 -6 18 -3 -13 -17 -14 23 -23 -16 -10 -22 -15 -9 -5
right_child=9 2 3 4 5 6 -8 14 25 -11 11 19 21 15 24 20 -18 -19 -20 -21 26 22 -24 -25 -26 -27 -28 -29 -30 -31
leaf_value=0.0015401042070653415 0.00183633970249195 -0.001801783093238495 0.00064240692707769422 -0.01219894809107137 0.0078476021335674231 0.0076942942432023098 0.0013440284594446429 0.0019418224019801542 -0.0026139407888481877 -0.012912300353636965 -0.0005401363614553087 0.0063098254776540992 0.0030414332829891365 -0.00020203147128169098 -0.0026679170536570191 0.00080207151808351978 0.00023729015368064389 -0.0027837429920934947 0.0095721319027842443 0.016320781134229606 0 0.00017545455377852642 -0.0033156332137305512 -0.0021397731435322531 0.00047484122740372621 0.0052481063183067939 -0.013596757825332061 0.0025277265408004098 -0.0015388682797184753 0
leaf_weight=42219 1400 526 51316 611 746 3598 4159 5393 8867 108 335 910 1437 32000 21979 494 15542 771 1097 1054 278 11971 16346 16869 4136 564 587 5104 5273 286
leaf_count=42219 1400 526 51316 611 746 3598 4159 5393 8867 108 335 910 1437 32000 21979 494 15542 771 1097 1054 278 11971 16346 16869 4136 564 587 5104 5273 286
internal_value=2.60104e-05 -6.82075e-05 -0.000473236 -3.67594e-05 0.00144765 0.00183082 0.00434032 -0.000419679 0.000210861 0.00631297 0.00702138 0.0100064 -0.00155721 0.000788855 -0.00146877 -2.83322e-05 0.00061344 0.00286096 0.00572629 0.0119439 -0.0054919 -0.00179163 -0.00195325 -0.00116891 -0.00215872 -0.00210191 -0.00936226 0.000166551 0.000193323 -0.00831241
internal_weight=255976 252169 171487 122470 24942 24045 7757 97528 60747 3807 3699 2299 49017 80682 36781 38463 16288 2394 1623 1964 1359 46623 45186 28840 26115 9431 865 37104 10666 897
internal_count=255976 252169 171487 122470 24942 24045 7757 97528 60747 3807 3699 2299 49017 80682 36781 38463 16288 2394 1623 1964 1359 46623 45186 28840 26115 9431 865 37104 10666 897
is_linear=0
shrinkage=0.03


Tree=2
num_leaves=31
num_cat=0
split_feature=32 26 33 86 39 25 10 46 33 17 53 49 18 17 38 15 43 10 33 40 84 4 86 44 85 40 137 14 32 30
split_gain=115.733 94.1442 100.1 93.0182 69.9754 74.1156 76.268 71.6992 69.3733 66.6485 61.8304 65.3141 65.007 55.3862 55.2334 54.0092 52.101 46.3104 44.5681 44.2701 42.207 41.8974 41.6874 38.6781 38.8996 51.5822 45.3732 38.8505 49.7445 47.5128
threshold=-0.0048883806448429814 0.021585190668702129 0.25209435820579534 -0.58333334326744068 0.01584673393517733 0.033714421093463905 1.0159251689910891 1.1119922995567324 0.93591597676277172 0.9860421121120454 0.97937640547752391 0.93598538637161266 1.0379521846771242 0.74524354934692394 -0.015108320396393536 1.1387530565261843 1.0286436676979067 1.0360538363456728 0.87776148319244396 0.031938700005412109 -1.0000000180025095e-35 0.081636641174554839 -0.65000000596046437 1.0406779646873476 -0.37499999999999994 -0.029501157812774178 0.30867661535739904 0.98360660672187816 -0.0034292226191610094 0.00064422073774039756
decision_type=8 10 8 2 10 10 10 10 10 10 10 10 10 8 10 10 10 10 10 10 2 10 2 10 2 10 10 10 10 10
left_child=3 17 13 8 5 9 14 -8 10 -4 -1 16 -13 21 -7 18 -12 20 19 -6 -2 -3 -11 27 26 -26 -25 29 -29 -15
right_child=1 2 4 -5 15 6 7 -9 -10 22 11 12 -14 23 -16 -17 -18 -19 -20 -21 -22 -23 -24 24 25 -27 -28 28 -30 -31
leaf_value=-0.0043512897686472296 7.5518979796124176e-05 -0.0023335642721196582 0.00074133022226227261 0.00035691967416653334 -0.0016968590286590755 -0.01142286827468179 0.0057877169038532562 0.0012849260439518203 -0.0042825684464064817 -0.0024964588615865634 0.0081721746785678364 0.0013870357845471764 0.014532098754214205 -0.0058637207909653013 0.0004085643531613213 0.0052523208322758355 0.019963486853178041 -0.0085595175148423866 0.00037112427092127843 -0.0055250508896928395 0.0014839246117209887 0.0079106570751719309 -0.00043775928219992838 -0.0043617787580004196 0 -0.0057906957665198842 -0.00010154407501668112 0.0066749392205573844 -0.0005402910334185967 -0.0013614333450278971
leaf_weight=304 38042 514 30434 4795 7596 341 5460 8175 436 13240 1016 1460 451 2753 19179 872 682 454 4153 4563 39535 909 28130 3591 1711 6354 6374 898 13394 10260
leaf_count=304 38042 514 30434 4795 7596 341 5460 8175 436 13240 1016 1460 451 2753 19179 872 682 454 4153 4563 39535 909 28130 3591 1711 6354 6374 898 13394 10260
internal_value=0 -0.000123226 -0.000522402 0.00331013 -6.7887e-05 0.000220211 0.00139464 0.00311583 0.006481 -0.000318132 0.00777227 0.00889451 0.00476304 -0.00170275 0.000175045 -0.00184322 0.01326 0.000736875 -0.00224687 -0.00316484 0.000797338 0.0040214 -0.00110476 -0.00189073 -0.00297943 -0.00454905 -0.00167247 -0.00115921 -5.72855e-05 -0.00234448
internal_weight=256076 246932 168901 9144 122143 104959 33155 13635 4349 71804 3913 3609 1911 46758 19520 17184 1698 78031 16312 12159 77577 1423 41370 45335 18030 8065 9965 27305 14292 13013
internal_count=256076 246932 168901 9144 122143 104959 33155 13635 4349 71804 3913 3609 1911 46758 19520 17184 1698 78031 16312 12159 77577 1423 41370 45335 18030 8065 9965 27305 14292 13013
is_linear=0
shrinkage=0.03


Tree=3
num_leaves=31
num_cat=0
split_feature=26 38 26 86 25 28 71 58 45 127 138 136 44 158 33 1 1 100 151 1 10 114 51 15 30 71 50 38 78 34
split_gain=120.849 120.17 98.7551 70.4726 70.1523 65.4462 67.2607 59.6064 57.876 55.4437 59.9297 58.7256 53.9963 64.0558 52.5335 50.2232 47.7717 61.8425 56.5456 45.3742 44.1754 41.9621 41.1475 40.3288 37.0485 36.6439 35.1843 34.9118 31.3127 30.4797
threshold=0.069634858518838896 -0.0011582985753193495 0.021585190668702129 0.88333332538604747 0.038470996543765075 -0.0040095762815326444 0.54867228865623485 1.0023993253707888 1.0296478867530825 0.34484568238258367 0.75352656841278087 0.75155857205390941 1.0385021567344668 0.0021394485374912624 0.48301772773265844 0.011904729995876552 0.071050275117158904 0.36602871119976049 0.48025570809841162 0.036672007292509086 1.0231919884681704 0.74647837877273571 0.7846202850341798 0.89429715275764476 -0.005237151635810732 0.012499892618507149 0.87046703696250927 -0.0082989297807216627 0.30000000447034841 0.29424689710140234
decision_type=8 8 10 2 10 10 10 10 8 10 10 10 10 8 8 10 10 2 8 10 10 10 10 8 10 10 10 10 10 10
left_child=2 4 8 5 22 6 14 21 -1 10 29 25 13 20 27 -14 18 -18 -3 -10 -7 -8 -2 -17 -16 -12 -9 -4 -15 -6
right_child=1 16 3 -5 9 12 7 26 19 -11 11 -13 15 28 24 23 17 -19 -20 -21 -22 -23 -24 -25 -26 -27 -28 -29 -30 -31
leaf_value=0.0016206058599021243 -0.015804580138508408 -0.0045397844979283772 -0.0063415375953651942 0.0022564452123537988 -0.0020930287652916224 -0.00046649180129941509 -0.00015816547516849636 0.013465295556752216 0.00015747895504124911 -0.00088445989550091321 0.024335847010316197 0.0019449687776305694 0.00145190964847746 -0.0051769597660432333 0.0020427447215934191 -0.0087339123469571886 0.016886101450713228 0 0.0012833105525648426 -0.0061627829057447165 0.0035611237112557455 0.01414160695629375 0.0010391296671662966 -0.0023589462487932878 -0.0003358796867439953 0.010742134222375417 0.0039022658929394843 -0.0013403396950867276 -0.0014338324630383634 0.0058557439029284907
leaf_weight=39574 169 2216 1797 7988 589 62924 5692 398 37180 680 238 713 2948 3675 7367 952 318 500 4444 1031 2518 170 325 24521 28753 2464 4472 4904 5142 1210
leaf_count=39574 169 2216 1797 7988 589 62924 5692 398 37180 680 238 713 2948 3675 7367 952 318 500 4444 1031 2518 170 325 24521 28753 2464 4472 4904 5142 1210
internal_value=9.2704e-05 0.00281486 -6.22454e-05 -0.000480467 0.00583146 -0.000622593 0.000222948 0.00234756 0.000816752 0.00676303 0.00781729 0.0101857 -0.00106647 -0.000634837 -0.000303376 -0.00218245 0.000189278 0.00697072 -0.000617105 -8.34055e-06 -0.000305899 0.000252204 -0.00453028 -0.00261563 0.000141823 0.0122197 0.00479703 -0.00274102 -0.00303613 0.00309396
internal_weight=255872 13866 242006 164221 6388 156233 53553 10732 77785 5894 5214 3415 102680 74259 42821 28421 7478 818 6660 38211 65442 5862 494 25473 36120 2702 4870 6701 8817 1799
internal_count=255872 13866 242006 164221 6388 156233 53553 10732 77785 5894 5214 3415 102680 74259 42821 28421 7478 818 6660 38211 65442 5862 494 25473 36120 2702 4870 6701 8817 1799
is_linear=0
shrinkage=0.03


Tree=4
num_leaves=31
num_cat=0
split_feature=16 30 16 120 25 81 4 41 114 59 80 29 4 36 138 1 44 33 50 44 77 39 15 12 60 42 4 1 27 6
split_gain=146.75 93.4068 70.6197 66.5051 85.0592 89.4725 125.483 73.8256 77.5193 70.3637 58.7887 53.7523 59.8076 50.4939 57.3113 88.2553 50.4809 84.0902 52.5408 51.7204 49.1815 46.9391 54.7965 46.1768 53.8134 45.0272 68.4996 56.5393 49.2065 46.4365
threshold=1.2241054177284243 -0.00042249893886037165 0.93407893180847179 0.25775530934333807 0.043483210727572448 0.61666667461395275 0.31578619778156286 0.053564652800560004 0.77049180865287792 0.96533700823783886 0.52500000596046459 0.014018505811691286 0.31818187236785894 0.80502268671989452 0.64218494296073925 0.058631887659430511 1.0268293023109438 0.33557032048702246 0.95504802465438854 1.0406779646873476 0.19166667014360431 0.021416815929114822 0.96183207631111156 0.98555809259414684 0.90478125214576732 -0.076609600335359559 0.42105148732662206 0.022546427324414257 0.089409470558166518 0.1558455973863602
decision_type=10 8 8 8 10 2 10 10 10 10 2 10 10 10 10 10 8 8 10 8 2 10 10 10 10 10 10 10 10 10
left_child=1 2 21 23 16 7 9 8 -6 -7 -8 25 -13 -2 15 -15 18 19 20 -18 -5 -1 -23 24 -3 26 29 -27 -29 -4
right_child=13 3 11 4 5 6 10 -9 -10 -11 -12 12 -14 14 -16 -17 17 -19 -20 -21 -22 22 -24 -25 -26 27 -28 28 -30 -31
leaf_value=-0.002920821697480393 0.0022588004992505112 -0.010042404864674287 0 -0.00083835197068989054 0.0024030718806423656 0.027279111170043242 0.011519931912286363 -0.0044578697524120916 0.011901588355750892 0 -0.013639402497222924 0.023311203216832107 -0.0022043036506511271 -0.006846914019138603 0.012894180655678119 0.017386495108338128 -0.00049806352744686437 0.00061149837560805955 0.0023659857376733557 -0.0040611596491322722 0.0011781200599689117 0.00010794539693309816 -0.017091036422294561 -0.00096143509908373033 0.0055774234925707183 -0.00026056941121619948 -0.0038143127997605597 -0.0021209229318625055 0.0019080020337061843 0.005137753793065857
leaf_weight=2510 1942 1022 2810 16661 7744 399 124 1173 870 118 168 159 112 380 1297 182 8389 30174 18330 6824 30759 195 500 10434 205 74168 1635 30213 2905 3753
leaf_count=2510 1942 1022 2810 16661 7744 399 124 1173 870 118 168 159 112 380 1297 182 8389 30174 18330 6824 30759 195 500 10434 205 74168 1635 30213 2905 3753
internal_value=4.92913e-05 -3.78784e-05 -0.000650112 0.000505875 0.000714979 0.00328537 0.0128418 0.00244026 0.0034225 0.0215105 -0.00194018 -0.000525126 0.0123084 0.00588503 0.00944914 0.000813241 0.000466668 -0.000297734 0.000998824 -0.00211927 0.000463255 -0.00503994 -0.0119778 -0.00164884 -0.00714456 -0.000559965 0.00156898 -0.000725701 -0.00175753 0.00296317
internal_weight=256155 252354 118960 133394 121733 10596 809 9787 8614 517 292 115755 271 3801 1859 562 111137 45387 65750 15213 47420 3205 695 11661 1227 115484 8198 107286 33118 6563
internal_count=256155 252354 118960 133394 121733 10596 809 9787 8614 517 292 115755 271 3801 1859 562 111137 45387 65750 15213 47420 3205 695 11661 1227 115484 8198 107286 33118 6563
is_linear=0
shrinkage=0.03


Tree=5
num_leaves=31
num_cat=0
split_feature=31 30 55 36 62 50 85 29 41 34 120 14 33 23 57 29 7 34 116 30 12 125 29 98 96 125 76 40 62 122
split_gain=90.0813 87.7488 86.9158 82.7084 69.0812 63.1687 52.1128 49.8624 66.9867 52.9238 49.828 97.6636 83.8943 69.8807 56.151 54.8116 51.7451 47.2562 46.6324 64.918 43.3441 38.8691 37.2777 37.1442 37.1423 36.9425 36.7037 38.8276 36.537 35.9414
threshold=-0.0080658528022468073 -0.00056013630819506932 0.93584609031677257 0.79527312517166149 1.0488347411155703 0.83084839582443248 0.87500000000000011 -0.016061522997915741 0.032686848193407066 0.28946775197982794 0.25775530934333807 0.89173579216003429 0.77761691808700573 0.034776113927364356 0.92702656984329235 0.0058700263034552344 0.023694979026913646 0.69861429929733287 0.56576389074325573 -0.0016125451074913142 0.98555809259414684 0.053435135632753379 0.0089401304721832293 1.0000000180025095e-35 -0.18316286057233808 -0.46099245548248285 0.48333333432674414 -0.016720421612262722 0.88628664612770092 0.38916540145874029
decision_type=8 8 8 10 10 10 2 10 8 10 8 8 10 10 8 10 10 10 8 10 10 10 10 2 10 10 2 10 10 8
left_child=4 5 3 6 -1 22 17 23 24 -10 20 12 13 -12 -13 -16 -14 -3 25 21 28 29 -2 -6 -9 -7 27 -27 -4 -20
right_child=1 2 10 -5 7 18 -8 8 9 -11 11 14 16 -15 15 -17 -18 -19 19 -21 -22 -23 -24 -25 -26 26 -28 -29 -30 -31
leaf_value=0.00010601928713455671 -0.0017086003233119844 0.003328418890803033 -0.013331661300268742 0.0026120341648526511 0 0.0010261436388661613 -0.020889195924129324 0.0077583255022123038 0.018899301031233426 0 0.013751581425150936 0.0052610145750240098 -0.0071433206735641557 -0.0061440531630069014 0.00074406632980323793 -0.0011234833226543852 0.0099865424482087628 -0.010077576039544879 0.0014821176305987629 -0.00047956647458690434 -0.00089000081942458868 0.00037263457584342334 0.016486611089928715 0.016125679850800687 -0.0033203078584048353 -0.0028326339556250979 0.00039045871857289888 -0.00081510755468398497 0 -0.010443534012637021
leaf_weight=2386 105 287 466 657 144 11075 308 374 371 226 1236 2258 457 148 104351 16230 212 759 207 3076 9693 422 285 704 861 10031 18656 67565 247 1720
leaf_count=2386 105 287 466 657 144 11075 308 374 371 226 1236 2258 457 148 104351 16230 212 759 207 3076 9693 422 285 704 861 10031 18656 67565 247 1720
internal_value=1.21219e-06 -7.78744e-05 0.000430483 -0.00571734 0.00395498 -0.000697434 -0.00995652 0.00724443 0.00413979 0.0122128 0.00052491 0.000692778 0.00716319 0.0113531 0.000581048 0.000490065 -0.00114729 -0.0061244 -0.000742542 -0.00346287 -0.00145852 -0.00720583 0.0110118 0.0133561 0 -0.000601624 -0.00079221 -0.00108045 -0.00854289 -0.00900632
internal_weight=255517 250451 137309 2011 5066 113142 1354 2680 1832 597 135298 124892 2053 1384 122839 120581 669 1046 112752 5425 10406 2349 390 848 1235 107327 96252 77596 713 1927
internal_count=255517 250451 137309 2011 5066 113142 1354 2680 1832 597 135298 124892 2053 1384 122839 120581 669 1046 112752 5425 10406 2349 390 848 1235 107327 96252 77596 713 1927
is_linear=0
shrinkage=0.03


Tree=6
num_leaves=31
num_cat=0
split_feature=16 25 40 36 29 41 16 36 26 36 140 137 158 37 13 18 10 23 109 38 71 13 26 60 120 16 6 35 17 7
split_gain=136.857 83.171 64.6019 90.0971 76.1407 84.1489 70.1459 74.0609 50.784 46.5667 59.1456 45.7185 43.4226 41.1355 40.5777 41.3361 39.5161 39.2789 34.8897 41.4316 32.6522 39.3959 30.7245 29.964 29.5964 26.2797 25.1503 24.3511 23.7265 23.4456
threshold=1.2241054177284243 0.01246010744944215 -0.030734675005078312 0.82072821259498607 -0.00043414959509391332 -0.03969855606555938 1.10654753446579 0.34798510372638708 0.021455070935189727 0.80819529294967662 0.7297937572002412 0.54377290606498729 -0.0040181069634854785 0.65667176246643078 1.0712751746177676 1.0247294902801516 1.0243625640869143 0.017142243683338169 0.18333333730697635 -0.020566289313137528 0.55769273638725292 1.0219284892082217 0.054874494671821601 0.83868175745010387 0.60704609751701366 0.96718147397041332 0.068967685103416457 0.62181979417800914 1.0722672343254092 0.0077159919310361156
decision_type=10 10 8 10 8 8 10 10 10 10 10 10 10 10 8 10 10 10 2 10 8 10 10 10 10 8 10 10 10 10
left_child=1 13 3 12 11 22 8 -8 -7 26 -11 14 20 28 15 -4 25 -12 19 -5 21 -3 -6 -14 -16 -13 -2 -21 -1 -15
right_child=9 2 4 18 5 6 7 -9 -10 10 17 16 23 29 24 -17 -18 -19 -20 27 -22 -23 -24 -25 -26 -27 -28 -29 -30 -31
leaf_value=0.00096099508528013232 0.0073021685114395595 -0.01603043866437846 -0.0014849978209146135 0.027419456883903535 -0.0017519374531975473 0.0011326753148520586 -0.0082572592091561675 0.0045657711703431768 -0.00040051277896918392 -0.0032010688068048391 0 -0.0018978771663216698 -0.011938732254227072 0.0040695402762275642 -0.0073015456976225739 -0.0051789866977303162 -0.0048708309522373979 0.013257052194658904 0.001836167599699907 0 0.0031618786538968853 -0.0021266618842092399 -0.017035314944533832 0.0016873332453070122 0.0051943523249100296 0.00055874536818954117 0 0.01004501195437635 -0.0031025148446181729 4.2025633857394298e-05
leaf_weight=22515 591 183 56253 114 261 26009 408 4942 76789 253 220 4664 122 6364 162 2931 1469 1347 811 216 934 3936 327 13587 1218 23452 1381 938 1323 1825
leaf_count=22515 591 183 56253 114 261 26009 408 4942 76789 253 220 4664 122 6364 162 2931 1469 1347 811 216 934 3936 327 13587 1218 23452 1381 938 1323 1825
internal_value=2.62179e-05 -5.80246e-05 -0.000267381 0.00131735 -0.000435067 9.68877e-05 0.000162161 0.00350489 -9.53705e-06 0.00566878 0.00916233 -0.00107991 0.000639624 0.0013682 -0.00155234 -0.00167469 -0.000102262 0.0113627 0.00722621 0.0103587 -0.00170527 -0.00289134 -0.0110256 0.001527 0.0034298 0.000139509 0.0022343 0.00797934 0.000720486 0.0032108
internal_weight=255545 251753 219726 20841 198885 108736 108148 5350 102798 3792 1820 90149 18762 32027 60564 59184 29585 1567 2079 1268 5053 4119 588 13709 1380 28116 1972 1154 23838 8189
internal_count=255545 251753 219726 20841 198885 108736 108148 5350 102798 3792 1820 90149 18762 32027 60564 59184 29585 1567 2079 1268 5053 4119 588 13709 1380 28116 1972 1154 23838 8189
is_linear=0
shrinkage=0.03


Tree=7
num_leaves=31
num_cat=0
split_feature=16 26 40 71 84 33 27 55 29 33 18 123 58 17 81 35 34 42 24 81 113 1 126 66 24 53 137 140 1 35
split_gain=119.372 75.6096 79.5188 83.0934 49.6502 49.605 63.0841 55.7823 87.7725 60.0818 49.8744 49.5967 47.2468 46.8401 46.3433 51.6984 44.0079 43.5103 40.7747 68.9763 52.6534 35.8238 53.1453 49.0167 45.8788 39.4717 46.1662 35.2472 34.8879 48.0543
threshold=1.2241054177284243 0.021455070935189727 -0.030734675005078312 0.58064553141593944 0.65000000596046459 0.25209435820579534 0.093774378299713149 0.93584609031677257 0.013010889291763307 0.6805541217327119 1.023079574108124 0.31951625645160681 0.9996226727962495 0.74524354934692394 0.61666667461395275 0.81644362211227428 0.87832194566726696 -0.003400894813239574 0.040882667526602752 0.083333335816860213 0.91211137175560009 0.054196750745177276 -0.31308852136135096 0.13245614618062976 0.044624375179409988 1.0056973099708559 1.0544817447662356 0.76397109031677257 0.05242817476391793 0.76541343331336986
decision_type=10 10 10 10 2 8 10 10 10 10 10 10 10 8 2 10 10 10 10 2 10 10 10 10 10 10 10 10 10 10
left_child=1 17 3 4 28 6 10 18 11 -10 13 -9 -5 -4 -8 -16 21 -1 19 -7 -20 23 24 27 -23 -25 -27 -2 -3 -30
right_child=16 2 5 12 -6 7 14 8 9 -11 -12 -13 -14 -15 15 -17 -18 -19 20 -21 -22 22 -24 25 -26 26 -28 -29 29 -31
leaf_value=-0.00012981422839654128 -0.013547945453960826 -0.00034698525695744519 0.0090030275190937786 0.00035946794702925084 -0.0171908445623172 0.015594510932904492 0 0.00014903525728304497 0.011549458900409296 0.0010661125536886051 -0.012098350152234918 -0.0011838964266174445 0.0061925067225767419 -0.001784079010421141 0.011608509677557954 -0.0039631384474188578 0.013492775589902006 0.0012930449300289591 -0.016399903719644743 -0.0048834579772894402 -0.0031487231840533797 0 0 0.00014262901160948198 0.01853426762389055 0.021256603746547954 0.00013890076644851692 0 0.0022966370721071872 0.019530364000888239
leaf_weight=34503 187 11581 337 1996 129 178 1652 63509 907 1211 409 41198 3936 42869 777 208 510 42994 473 564 789 177 447 490 458 244 190 1113 1553 152
leaf_count=34503 187 11581 337 1996 129 178 1652 63509 907 1211 409 41198 3936 42869 777 208 510 42994 473 564 789 177 447 490 458 244 190 1113 1553 152
internal_value=-4.10498e-05 -0.00012218 -0.000469596 0.0013377 6.32832e-06 -0.000697141 -0.00152186 -0.000343666 -0.00024719 0.0057618 -0.00179887 -0.000372681 0.00428801 -0.00168887 0.00292583 0.00800834 0.0052095 0.000655823 -0.00528493 0 -0.00852767 0.00376803 0.00825415 0.00139767 0.0136986 0.00668819 0.0130857 -0.00217975 0.000221438 0.00421556
internal_weight=255741 251925 174428 19347 13415 155081 46252 108829 106825 2118 43615 104707 5932 43206 2637 985 3816 77497 2004 742 1262 3306 1082 2224 635 924 434 1300 13286 1705
internal_count=255741 251925 174428 19347 13415 155081 46252 108829 106825 2118 43615 104707 5932 43206 2637 985 3816 77497 2004 742 1262 3306 1082 2224 635 924 434 1300 13286 1705
is_linear=0
shrinkage=0.03


Tree=8
num_leaves=31
num_cat=0
split_feature=16 30 16 53 55 36 85 29 29 40 4 4 28 86 44 15 34 115 26 125 34 1 30 140 111 32 67 100 49 92
split_gain=124.49 82.667 70.7069 65.8059 62.0036 79.3587 89.0941 54.9182 51.6439 51.4095 47.4079 44.0186 42.9746 60.7145 51.5146 61.1067 42.9759 40.9614 40.3932 50.6553 40.0934 39.7585 38.7975 52.3107 39.7124 37.7244 34.9976 33.4437 32.0884 32.0127
threshold=1.2241054177284243 -0.00042249893886037165 0.93407893180847179 0.98698130249977123 0.93584609031677257 0.80819529294967662 0.87500000000000011 0.001842778758145869 0.014018505811691286 0.055910304188728339 0.31818187236785894 0.19999932497739795 -0.0094395335763692838 0.84999999403953563 1.0303030610084536 0.94892218708992015 0.76290211081504833 0.53639331459999096 0.021585190668702129 -0.4097223281860351 0.69861429929733287 0.054196750745177276 -0.0068273739889264098 0.81279495358467113 -0.16954023391008374 -0.0048883806448429814 0.62605932354927074 0.34166666865348821 0.9154929816722871 0.71374112367630016
decision_type=10 8 8 10 8 10 2 10 10 10 10 10 8 2 8 10 10 10 10 10 10 10 10 10 2 10 10 2 10 10
left_child=1 2 3 7 5 6 20 -1 18 12 -10 -11 13 17 15 -14 -16 -6 -4 21 -3 -20 23 27 28 -21 -5 -2 -25 -7
right_child=22 4 8 26 9 29 -8 -9 10 11 -12 -13 14 -15 16 -17 -18 -19 19 25 -22 -23 -24 24 -26 -27 -28 -29 -30 -31
leaf_value=-0.023090529665316446 -0.0075667772269489226 0.0047807180364283601 0.00032418429316125356 -0.0099803444451187634 5.8740396555199095e-05 0.0077883526481975782 -0.022082333724022511 0 0.021961231173375961 0.0187758324979279 -0.00057916278442875907 -5.7915674254335351e-05 -0.00018696685255749872 0.012137040131601417 -0.00099206600878861198 0.0014400399560009266 0.0020706856202635719 0.0042092829365036879 0.00026201543220883387 0.0017342296009160117 -0.0075027308343969829 0.0080294558956896227 0.00044351496857235231 0.022276873360108584 0.0027694852847194619 -0.0014526446036860104 -0.0013399050893434883 0.006077588270624391 0.009437820716791669 -0.0082806613783423712
leaf_weight=284 287 288 32591 543 5407 477 327 126 156 237 112 143 36097 536 32522 47993 4652 3694 15452 3429 816 603 1145 280 657 63098 2217 319 1135 110
leaf_count=284 287 288 32591 543 5407 477 327 126 156 237 112 143 36097 536 32522 47993 4652 3694 15452 3429 816 603 1145 280 657 63098 2217 319 1135 110
internal_value=3.80484e-06 -7.67657e-05 -0.000653844 -0.00507097 0.000434496 -0.0047439 -0.00858883 -0.0161863 -0.000529094 0.000517091 0.0121136 0.0112899 0.000481807 0.00241278 0.000325504 0.000738176 -0.000599816 0.00178183 -0.000563215 -0.000917053 -0.0040034 0.000582038 0.0053637 0.00733728 0.00958828 -0.0012834 -0.0032073 0 0.0124625 0.00410927
internal_weight=255733 251910 118611 3170 133299 2018 1431 410 115441 131281 268 380 130901 9637 121264 84090 37174 9101 115173 82582 1104 16055 3823 2678 2072 66527 2760 606 1415 587
internal_count=255733 251910 118611 3170 133299 2018 1431 410 115441 131281 268 380 130901 9637 121264 84090 37174 9101 115173 82582 1104 16055 3823 2678 2072 66527 2760 606 1415 587
is_linear=0
shrinkage=0.03


Tree=9
num_leaves=31
num_cat=0
split_feature=16 26 86 55 49 33 26 1 14 28 23 51 24 117 67 85 36 33 24 33 8 60 113 84 138 15 24 91 59 53
split_gain=120.357 65.1532 66.83 75.9347 81.6695 63.2285 53.9418 53.0034 52.815 54.0538 45.0857 100.84 83.7494 47.0848 54.4122 43.2767 41.898 42.9068 47.658 63.5564 43.1774 41.9922 41.2052 41.0566 38.6963 35.9241 35.4109 33.4233 32.1983 31.0124
threshold=1.2241054177284243 0.021585190668702129 0.81666666269302379 0.93584609031677257 0.83075928688049328 0.93000724911689769 0.10753576457500459 0.036247322335839278 0.88468468189239513 -0.0040095762815326444 0.017545491456985477 0.75304752588272106 0.051859490573406226 0.47136564552783972 0.96702897548675548 0.77500000596046459 0.68556997179985057 0.96605226397514354 0.038112746551632888 0.55613431334495556 -0.65079480409622181 1.0102107524871828 0.72222188115119945 -1.0000000180025095e-35 0.7040235996246339 0.94573059678077709 0.018654128536581997 0.59919488430023204 0.93417447805404674 0.99182477593421947
decision_type=10 10 2 10 10 10 10 10 8 8 10 10 10 10 10 2 10 10 10 10 10 10 10 2 10 10 10 10 10 10
left_child=1 7 3 29 5 6 -5 23 24 -10 11 26 13 -12 -15 28 -2 18 19 21 -21 -18 -17 -1 -6 -9 -4 -14 -13 -3
right_child=16 2 10 4 8 -7 -8 25 9 -11 12 15 27 14 -16 22 17 -19 -20 20 -22 -23 -24 -25 -26 -27 -28 -29 -30 -31
leaf_value=5.3838518617814758e-05 0.00031621481974751763 -0.01254737476929403 -0.02715445136794677 0.014084316553941999 -0.0035540952982311765 -0.007609735847635064 -0.0045913193790291093 0.0012610488483742893 0.00010164583293875897 -0.0010712293646321191 -0.0059024725794953464 0.012597630851791572 0.00025876242237595409 0.00841368338766906 0.002417005560805768 0.0012393061424632416 0.0027697602479020132 -0.0066130632177151425 0.011609781037730199 0.01807937326349875 0 -0.014817605240478818 -0.0044996745312717154 0.0014516805188075237 0.0083053209111354949 -0.0068877842639717681 -0.0061921280371810732 -0.012122970212868756 0.0020423398011625211 0
leaf_weight=37847 1182 653 123 760 276 167 132 656 54128 99629 338 275 292 2492 3457 2376 204 147 1560 248 250 208 2021 38727 980 1367 299 384 4331 240
leaf_count=37847 1182 653 123 760 276 167 132 656 54128 99629 338 275 292 2492 3457 2376 204 147 1560 248 250 208 2021 38727 980 1367 299 384 4331 240
internal_value=0 -8.03318e-05 -0.000406218 -0.00059793 -0.00054535 0.00765975 0.0109516 0.000634546 -0.000604321 -0.000656425 0.00141021 2.43185e-05 0.00323773 0.0043485 0.00499901 0.000741224 0.00528563 0.00739695 0.00839764 0.00243728 0.00970012 -0.00568979 -0.00133902 0.000764903 0.0054493 -0.00411204 -0.013933 -0.00648987 0.00278913 -0.00924556
internal_weight=255749 251950 173353 156965 156072 1059 892 78597 155013 153757 16388 9425 6963 6287 5949 9003 3799 2617 2470 910 498 412 4397 76574 1256 2023 422 676 4606 893
internal_count=255749 251950 173353 156965 156072 1059 892 78597 155013 153757 16388 9425 6963 6287 5949 9003 3799 2617 2470 910 498 412 4397 76574 1256 2023 422 676 4606 893
is_linear=0
shrinkage=0.03


Tree=10
num_leaves=31
num_cat=0
split_feature=16 26 27 33 40 102 29 121 54 79 34 0 33 36 120 1 38 153 42 44 1 93 42 46 112 141 30 84 40 38
split_gain=97.2457 74.5788 54.6901 60.5617 60.234 55.9744 46.5167 56.1775 45.2681 45.1937 44.7988 44.4979 50.4333 43.1049 54.1631 69.0082 53.7167 42.6884 42.3644 39.9611 41.2687 39.5442 39.2865 42.0817 37.4318 36.8272 36.7303 34.7483 32.709 32.6903
threshold=1.2241054177284243 0.019946628250181678 0.074148178100585951 0.31925892829895025 0.025811721570789817 0.53529900312423717 -0.0035468272399157281 0.64426544308662426 1.0083933472633364 0.84999999403953563 0.87832194566726696 0.021142981015145782 0.76411095261573803 0.80819529294967662 0.70212742686271679 0.065656580030918135 -0.0016666601877659557 0.0025166765553876762 -0.003400894813239574 1.0410753488540652 0.011904729995876552 -0.40472300350666041 0.12159738317131998 1.0047988295555117 0.18257576227188113 0.84564810991287243 -0.0061254054307937613 -0.55000001192092884 0.015336237382143738 -0.0025348505005240436
decision_type=10 10 10 8 10 2 10 10 10 2 10 10 10 10 10 10 10 10 8 10 10 10 10 10 2 10 10 2 10 10
left_child=1 18 3 19 5 26 8 9 -4 21 13 12 -10 -2 16 25 -15 -13 -1 29 -21 -8 23 -6 -11 -16 -5 -9 -22 -3
right_child=10 2 6 4 22 -7 7 27 11 24 -12 17 -14 14 15 -17 -18 -19 -20 20 28 -23 -24 -25 -26 -27 -28 -29 -30 -31
leaf_value=-0.00010857757804898403 0 0.00041958242945552073 -0.010160185218097702 0.0023328522160162924 0.0025063488501238843 0.0018896082111908089 -0.0023878932329631473 -0.0033422028601965089 -0.0032111060840524092 0.0091999424569667951 0.01322195382770267 -0.0018152180395170964 0.0021183646559819569 0.022094169933660795 -0.011976854980322877 0.017368714648216741 0.0032703342754289559 0.0085892593831820539 0.0014248679600954424 0.0020443846061858327 -0.0035571762270738007 0.0013157675269991605 -0.010360209956355122 -0.0021955389148310407 -0.00089949210099622137 0.001892092161439359 -0.00039816364220654217 0.0086728339487789213 0.00026394171976444104 -0.0015457028798201685
leaf_weight=27922 1744 11569 445 4682 1879 13141 3103 205 4852 1032 491 526 2293 319 222 184 315 839 37546 1481 14618 14393 473 13929 402 505 72024 1407 2168 21154
leaf_count=27922 1744 11569 445 4682 1879 13141 3103 205 4852 1032 491 526 2293 319 222 184 315 839 37546 1481 14618 14393 473 13929 402 505 72024 1407 2168 21154
internal_value=-3.00533e-05 -0.000103015 -0.000409694 -0.000633269 -0.000221584 7.95943e-05 0.000770658 0.00156257 -0.00101194 0.00108209 0.00473166 -0.000475694 -0.00145774 0.00330127 0.00691607 0.00175958 0.0135864 0.00439499 0.000766441 -0.00148383 -0.00261518 0.000639802 -0.0019001 -0.00161524 0.00618896 -0.00214866 -0.000226993 0.00693881 -0.00304608 -0.000841895
internal_weight=255863 252083 186615 157118 106128 89847 29497 20542 8955 18930 3780 8510 7145 3289 1545 911 634 1365 65468 50990 18267 17496 16281 15808 1434 727 76706 1612 16786 32723
internal_count=255863 252083 186615 157118 106128 89847 29497 20542 8955 18930 3780 8510 7145 3289 1545 911 634 1365 65468 50990 18267 17496 16281 15808 1434 727 76706 1612 16786 32723
is_linear=0
shrinkage=0.03


Tree=11
num_leaves=31
num_cat=0
split_feature=16 30 16 125 162 38 12 82 113 60 33 44 34 34 50 42 5 102 82 60 80 33 30 137 42 125 61 13 24 13
split_gain=113.462 63.4028 69.898 50.9151 69.438 104.639 51.3391 47.7228 47.1253 56.3877 46.5778 53.8531 50.2855 47.3598 109.488 44.9128 57.8039 43.9978 49.5921 43.0871 48.8846 43.0497 45.2621 38.3629 46.6414 37.3237 43.7928 37.0188 35.5726 34.6768
threshold=1.2241054177284243 -0.00052474101539701213 0.93407893180847179 0.48051953315734869 0.40513548254966741 -0.023208932019770142 0.98555809259414684 0.22500000149011615 0.86792388558387767 0.91326940059661876 0.33557032048702246 1.0381410717964175 0.633709877729416 0.43557120859622961 0.86562618613243114 -0.093370448797941194 0.0064795201178640136 0.56306818127632152 0.99166667461395275 0.90218123793602001 0.27500000596046453 0.97828525304794323 -0.005568938795477151 0.52518901228904735 -0.0051392810419201842 0.0694442354142666 0.96817705035209667 0.98358029127120983 0.053826175630092628 0.98163330554962169
decision_type=10 8 8 10 8 8 10 2 8 10 8 8 10 8 8 10 10 2 2 10 2 10 10 10 10 10 10 8 10 8
left_child=1 2 7 4 10 -6 19 -1 9 -7 11 -3 -13 14 -12 16 -4 18 -18 20 -5 22 -2 24 27 26 -9 -17 -26 -15
right_child=21 3 15 6 5 8 -8 25 -10 -11 13 12 -14 29 -16 23 17 -19 -20 -21 -22 -23 -24 -25 28 -27 -28 -29 -30 -31
leaf_value=-0.001030844067233725 0.00756881497975771 2.6661252198147573e-05 -0.00061570231630792493 -0.013100518086252984 -0.020164258924489087 0.0070623620574334503 -0.00080417521242584229 -0.018485005282544018 0.0001692545047229772 0.0022904918776701817 0.007917785512580558 -0.0038094667555502635 0.0011187803567142233 -0.0015988237983098866 0.00097348641868067679 -0.0042077983120998733 0.011820652097378941 -0.0016517479202494683 0 0.0031472054456092476 0.0024616523953154682 -0.011480409282791827 0 0.00017432364589113023 -2.1177654728548064e-05 -0.00079236583541857943 -0.0050789057820863287 -0.0012629825223826503 0.010578768780366468 0.00059832904177324294
leaf_weight=1464 2825 28837 2261 829 165 2947 10715 502 6347 10753 2164 7221 2385 10602 36639 4316 1135 421 398 237 185 106 850 37008 22578 444 555 44721 268 16289
leaf_count=1464 2825 28837 2261 829 165 2947 10715 502 6347 10753 2164 7221 2385 10602 36639 4316 1135 421 398 237 185 106 850 37008 22578 444 555 44721 268 16289
internal_value=-1.12857e-05 -8.99261e-05 -0.000606107 0.000347421 0.00052913 0.00213902 -0.00151357 -0.00514806 0.00235746 0.00334763 0.000213434 -0.000611609 -0.00255492 0.000700839 0.00137237 -0.000483501 0.00253425 0.00630039 0.00867057 -0.00724537 -0.00997843 0.00513197 0.00575187 -0.000603512 -0.00100808 -0.0089002 -0.0119494 -0.0015299 9.91915e-05 -0.000257313
internal_weight=256167 252386 116071 136315 124349 20212 11966 2965 20047 13700 104137 38443 9606 65694 38803 113106 4215 1954 1533 1251 1014 3781 3675 108891 71883 1501 1057 49037 22846 26891
internal_count=256167 252386 116071 136315 124349 20212 11966 2965 20047 13700 104137 38443 9606 65694 38803 113106 4215 1954 1533 1251 1014 3781 3675 108891 71883 1501 1057 49037 22846 26891
is_linear=0
shrinkage=0.03


Tree=12
num_leaves=31
num_cat=0
split_feature=31 30 24 1 55 36 40 35 28 84 25 71 29 121 98 80 84 124 0 80 53 1 117 52 38 14 29 158 138 39
split_gain=67.6874 67.2166 64.6224 51.5291 46.8033 87.4593 56.0673 44.4325 43.8689 46.3433 52.7082 44.8663 43.4523 42.986 50.1729 41.2314 40.1045 38.5147 45.6889 37.7285 36.8842 36.6351 35.2818 47.4138 34.2892 33.8388 33.0553 33.8966 31.1982 30.8373
threshold=-0.0080658528022468073 -0.00052474101539701213 0.053826175630092628 0.025974092073738578 0.93584609031677257 0.80502268671989452 0.055910304188728339 0.0082798264920711535 -0.0094395335763692838 0.84999999403953563 0.021328399889171127 0.58064553141593944 0.014018505811691286 0.63616314530372631 1.0000000180025095e-35 0.17500000447034839 0.65000000596046459 -0.63779562711715687 -0.0061069307848811141 0.37500000000000006 1.0393083691596987 0.021768765524029735 0.33212122321128851 0.95652177929878246 0.00031696209043730056 0.98734179139137279 -0.0069293342530727378 3.8702612073393545e-05 0.72741466760635387 0.0087452102452516573
decision_type=8 8 10 10 10 10 10 10 8 2 10 10 10 10 2 2 2 8 10 2 10 8 8 10 10 10 10 8 8 8
left_child=2 12 3 25 5 15 8 -8 11 10 -10 16 17 -4 -15 24 -6 18 -2 -11 -13 26 -23 -24 -3 -1 -19 -28 -5 -17
right_child=1 4 13 28 6 -7 7 -9 9 19 -12 20 -14 14 -16 29 -18 21 -20 -21 -22 22 23 -25 -26 -27 27 -29 -30 -31
leaf_value=0 0.002682278460775271 -0.0037250486562142287 0.0011988293932675307 -0.0064767108432203045 0.001378264991689487 0.0049486026558149317 0 0.019957011889494142 0.0006822151491242505 0.00075385850047127796 -0.00062035183506659725 0.0018900550018790712 0.012751276875346629 -0.00056848691933249174 0.015741602398500209 -0.014622534032116836 -0.014534548941634959 -0.002754759526360475 -0.00098834322518552955 0.0044258092502254568 0.0091111856730274922 0.0034305408907759718 -0.00082557615111616891 -0.0030783388641951416 -0.021462370869093968 0.0094426320688073811 0.00012786604944390375 -0.0017671021807000341 0.00082464472532679789 -0.00089851435400441757
leaf_weight=490 6501 225 535 752 7030 646 162 218 60720 7322 51686 1434 197 170 773 177 123 4891 5570 4047 1373 1169 21270 14483 297 834 50352 10154 1480 841
leaf_count=490 6501 225 535 752 7030 646 162 218 60720 7322 51686 1434 197 170 773 177 123 4891 5570 4047 1373 1169 21270 14483 297 834 50352 10154 1480 841
internal_value=7.11127e-06 -6.09532e-05 0.00344553 0.00113906 0.000387923 -0.00393232 0.000461153 0.0117049 0.000425216 0.000268156 8.06027e-05 0.00234252 -0.000597483 0.00870523 0.012539 -0.00786568 0.00102305 -0.000625319 0.000964875 0.00209277 0.00556775 -0.000816004 -0.00157389 -0.00174773 -0.0147901 0.0058306 -0.000383176 -0.000185666 -0.00153777 -0.0038095
internal_weight=255922 250888 5034 3556 136301 2186 134115 380 133735 123775 112406 9960 114587 1478 943 1540 7153 114390 12071 11369 2807 102319 36922 35753 522 1324 65397 60506 2232 1018
internal_count=255922 250888 5034 3556 136301 2186 134115 380 133735 123775 112406 9960 114587 1478 943 1540 7153 114390 12071 11369 2807 102319 36922 35753 522 1324 65397 60506 2232 1018
is_linear=0
shrinkage=0.03


Tree=13
num_leaves=31
num_cat=0
split_feature=16 30 120 25 45 1 16 116 35 12 60 27 76 115 46 36 140 23 38 43 73 77 15 87 27 80 162 29 39 74
split_gain=85.3 55.006 64.5983 74.6428 76.9281 71.6858 60.0339 53.537 51.433 47.6845 46.0424 43.3542 52.3192 45.3741 45.6902 42.0997 74.95 49.6258 41.6522 58.9769 57.0813 46.2771 44.0331 40.3788 40.3737 38.7048 38.246 33.8956 33.9263 33.6365
threshold=1.2241054177284243 -0.00042249893886037165 0.25775530934333807 0.043483210727572448 1.109251141548157 0.029605302959680561 0.93407893180847179 0.52768889069557201 0.2033253759145737 0.98555809259414684 0.90218123793602001 0.090783946216106429 0.050000002607703216 0.2631575614213944 1.0223798155784609 0.80502268671989452 0.76397109031677257 0.017142243683338169 -0.0084622311405837519 1.0353873968124392 0.30000000447034841 0.091666668653488173 0.8774162530899049 0.37500000000000006 0.11031240597367288 0.27500000596046453 0.37487779557704931 0.001842778758145869 0.02322437055408955 0.35000000894069677
decision_type=10 8 8 10 10 10 8 10 10 10 10 10 2 8 10 10 10 10 8 10 10 2 8 2 10 2 10 10 10 2
left_child=1 6 9 18 5 24 8 -7 -1 10 25 13 -13 29 -15 -2 -17 -18 19 -4 -21 22 -20 -16 -5 -3 -23 28 -10 -8
right_child=15 2 3 4 -6 7 11 -9 27 -11 -12 12 -14 14 23 16 17 -19 21 20 -22 26 -24 -25 -26 -27 -28 -29 -30 -31
leaf_value=-0.00099671254799704951 0.0012187074726629919 -0.012883230188520984 0.00062252706904295408 0.0017967572203736388 -0.0036737110961295887 0.012652279465647736 0.00063376367445964869 0.0046707629993169653 -0.0074276327274119345 -0.0010154722032336833 0.0036245393373565637 0.0069814363284145548 0.00025532148106668213 0.0032242121365022658 -0.0011147957919620112 -0.0040313493248827961 -0.00137401412753788 0.012944856096907494 0.010614224490167084 0.0025873986544084839 -0.0050792009678709464 0.0006101550546624661 -0.00073683471497246243 0.00034895827423722615 -0.0093520507905990452 0.00092640165095217517 0.0023340247287832695 0.0011388887538024309 -0.021183063543699695 0.0054862121338763266
leaf_weight=1803 1930 819 6401 3739 1295 1003 8404 4305 928 10477 231 1509 3584 2572 76463 345 213 1283 289 1018 4429 61373 23081 21419 292 180 14556 200 245 1550
leaf_count=1803 1930 819 6401 3739 1295 1003 8404 4305 928 10477 231 1509 3584 2572 76463 345 213 1283 289 1018 4429 61373 23081 21419 292 180 14556 200 245 1550
internal_value=5.76394e-05 -8.32285e-06 0.000408215 0.000614719 0.00301761 0.00398339 -0.000479362 0.00627709 -0.0045436 -0.00171173 -0.00729119 -0.000364241 0.00232638 -0.000491472 -0.000684998 0.00452441 0.00777838 0.010717 0.000381622 -0.00129039 -0.00358728 0.000584361 -0.000574682 -0.00079142 0.000872913 -0.0101313 0.000945108 -0.00890478 -0.0108591 0.00142893
internal_weight=255936 252165 133488 121781 10634 9339 118677 5308 3176 11707 1230 115501 5093 110408 100454 3771 1841 1496 111147 11848 5447 99299 23370 97882 4031 999 75929 1373 1173 9954
internal_count=255936 252165 133488 121781 10634 9339 118677 5308 3176 11707 1230 115501 5093 110408 100454 3771 1841 1496 111147 11848 5447 99299 23370 97882 4031 999 75929 1373 1173 9954
is_linear=0
shrinkage=0.03


Tree=14
num_leaves=31
num_cat=0
split_feature=15 1 111 117 70 46 86 53 41 10 33 114 120 57 38 29 12 33 33 62 86 138 115 68 20 22 60 138 39 12
split_gain=63.3294 86.1571 83.1539 79.8678 77.5686 68.0288 61.6041 60.1835 58.9753 106.16 66.6542 91.0978 57.5378 60.1857 55.1128 54.5306 51.575 50.5847 54.4419 50.4364 49.4917 49.4338 45.9772 75.7587 41.4629 41.2167 40.2942 39.2017 38.8098 39.1261
threshold=1.1499549746513369 0.054196750745177276 -0.18019481003284452 0.39635264873504644 0.24827608466148379 1.0589855909347536 -0.61666667461395253 0.99365082383155834 0.042037006467580802 1.0191977620124819 0.49857653677463537 0.5546691119670869 0.25775530934333807 0.92110148072242748 -0.017634122632443901 -0.0034230374731123443 0.98555809259414684 0.96605226397514354 0.37453159689903265 0.97998902201652538 -0.88333332538604725 0.58965885639190685 0.53639331459999096 0.36111131310462957 0.89386713504791271 1.1799493432044985 0.89943584799766552 0.78772202134132396 -0.010892762802541254 0.99916943907737743
decision_type=10 10 2 10 10 8 2 8 10 10 8 10 8 10 10 8 10 10 10 10 2 10 10 8 10 10 10 10 10 10
left_child=5 3 -3 4 17 12 28 20 10 19 11 15 16 14 -14 -9 26 18 -2 -10 -7 -16 25 -24 -23 -12 -1 -11 -5 -30
right_child=1 2 -4 6 -6 7 -8 8 9 27 22 -13 13 -15 21 -17 -18 -19 -20 -21 -22 24 23 -25 -26 -27 -28 -29 29 -31
leaf_value=-0.010136546569892707 -0.011628808075876278 0.014733767976711325 0.0012646723424079101 0.014771031763594988 0.009555723888624924 0.0052270219864806637 -0.00050145655350562486 -0.002033837991790534 -0.0033180938125021132 0.0011666782274238332 -0.00026514555754170258 -0.0047232901147075323 -0.012239074651218897 0.00048481670640385783 -0.002971028696745634 0.00017215788761179926 -0.00089315796116244987 -0.016813356711978797 -0.00018520596228177176 0.0033616691073842554 -0.0037908117690528802 -0.0011259675524394276 0.0045707364922184307 -0.0035126298685290418 0.010725355178347811 0.0083361275690137446 0.0021649424682223381 0.01614430180844794 0.010501000223943884 0
leaf_weight=992 486 909 845 523 364 547 1350 19105 1664 273 50297 6490 119 118233 340 20850 10239 270 1659 2496 7449 264 4398 1308 1492 485 257 619 544 766
leaf_count=992 486 909 845 523 364 547 1350 19105 1664 273 50297 6490 119 118233 340 20850 10239 270 1659 2496 7449 264 4398 1308 1492 485 257 619 544 766
internal_value=2.20012e-06 0.0026763 0.00850147 0.000889713 -0.00275156 -8.0026e-05 0.00415981 -0.000611005 -0.00042153 0.00272641 -0.000579446 -0.00142156 0.00038449 0.000579882 0.00547032 -0.000875653 -0.00163551 -0.00479302 -0.00300006 0.000614902 -0.00312498 0.00672372 0.000107899 0.00265958 0.00878207 -0.000173843 -0.0073747 0.0120154 0.00772308 0.00450391
internal_weight=255633 7716 1754 5962 2779 247917 3183 115981 107985 5052 102933 46445 131936 120448 2215 39955 11488 2415 2145 4160 7996 2096 56488 5706 1756 50782 1249 892 1833 1310
internal_count=255633 7716 1754 5962 2779 247917 3183 115981 107985 5052 102933 46445 131936 120448 2215 39955 11488 2415 2145 4160 7996 2096 56488 5706 1756 50782 1249 892 1833 1310
is_linear=0
shrinkage=0.03


Tree=15
num_leaves=31
num_cat=0
split_feature=16 26 86 55 14 3 0 117 15 158 78 50 33 30 24 82 47 23 85 110 1 138 146 48 38 27 140 36 23 33
split_gain=89.1936 60.3468 55.4497 63.6459 76.3624 61.2403 69.9166 54.8215 44.692 44.0411 64.9747 56.5772 38.4403 43.6311 37.2157 49.0855 40.4725 36.6007 36.3716 52.4158 36.1487 42.2612 36.1188 34.7256 32.6929 30.6724 30.0707 39.9601 35.9563 28.8649
threshold=1.2241054177284243 0.021455070935189727 0.81666666269302379 0.93584609031677257 0.87522506713867199 0.017476509325206283 0.025475972332060341 0.42245991528034216 0.82436946034431469 1.0000000180025095e-35 0.5000000149011613 0.84440407156944286 0.97388815879821788 -0.0070404950529336921 0.051859490573406226 0.52500000596046459 1.0746976137161257 0.021280063316226009 0.47499999403953558 0.29705883562564855 0.035042800009250648 0.86527323722839367 0.56200462579727184 0.95422077178955089 -0.0071703025605529538 0.044389192014932639 0.76397109031677257 0.79527312517166149 0.017023563385009769 0.9556822180747987
decision_type=10 10 2 10 8 10 10 10 10 10 10 10 10 10 10 2 10 10 2 2 10 8 10 8 10 10 10 10 10 10
left_child=1 20 3 24 7 14 18 -5 -9 11 -11 -6 13 26 15 17 -17 -4 -7 -20 23 -22 -16 -1 -3 -23 -2 -28 -29 -26
right_child=12 2 5 4 9 6 -8 8 -10 10 -12 -13 -14 -15 22 16 -18 -19 19 -21 21 25 -24 -25 29 -27 27 28 -30 -31
leaf_value=0.0034939786842825013 -6.0700429776161502e-05 0.0012835921406916056 0.00073960142547837811 -0.0076404760671954465 0.0027437191323475404 -0.0025327954512949172 -0.012546489700101889 -0.0006133876364983452 0.013020333730689653 -0.0034171812337246859 -0.00038733143093658452 -0.00047806238670970242 -0.010770384656180711 7.11029887175824e-05 -0.00057856504780550799 -0.00052713875101347842 -0.010199389442594372 0.0044510566238004845 0.017966904978972249 0.0030092124798985812 -0.0087250836781830148 0.0019416967092889656 -0.016641150596328792 0.00057087664313935004 -0.013774762836444297 -0.0085335636310128089 0.0030891811175702919 0 0.013878088784956647 0.00065025523169897498
leaf_weight=3893 344 188 9114 161 5065 136 110 237 792 11331 15118 124552 112 1165 430 1659 523 3370 571 428 764 1237 189 71415 617 294 868 159 1143 105
leaf_count=3893 344 188 9114 161 5065 136 110 237 792 11331 15118 124552 112 1165 430 1659 523 3370 571 428 764 1237 189 71415 617 294 868 159 1143 105
internal_value=-1.42542e-05 -8.42227e-05 -0.000394493 -0.000568619 -0.00052024 0.00125216 0.00762088 0.00696855 0.00964239 -0.00058015 -0.00169828 -0.000349448 0.00453958 0.00514248 0.000704535 0.00102964 -0.00305329 0.001771 0.0100186 0.0120378 0.000610299 -0.00305801 -0.0063198 0.000726855 -0.00841533 0 0.00735509 0.00865748 0.0120399 -0.0113116
internal_weight=256090 252299 174696 158166 157256 16530 1245 1190 1029 156066 26449 129617 3791 3679 15285 14666 2182 12484 1135 999 77603 2295 619 75308 910 1531 2514 2170 1302 722
internal_count=256090 252299 174696 158166 157256 16530 1245 1190 1029 156066 26449 129617 3791 3679 15285 14666 2182 12484 1135 999 77603 2295 619 75308 910 1531 2514 2170 1302 722
is_linear=0
shrinkage=0.03


Tree=16
num_leaves=31
num_cat=0
split_feature=27 86 37 46 42 6 1 52 34 40 25 52 118 138 84 23 24 117 77 120 59 158 52 123 36 102 153 6 24 51
split_gain=74.6187 97.8496 66.4357 62.7928 66.4878 58.8834 56.8431 57.7544 50.1695 47.6624 50.186 46.582 63.8847 46.2147 46.1736 45.3829 44.1102 41.7286 39.5958 49.946 42.1081 38.611 37.5916 37.139 74.4247 43.4053 38.8635 40.9162 35.7205 35.5451
threshold=0.092212572693824782 -0.58333334326744068 0.10018164664506914 1.0733752846717837 -0.072000797837972627 0.1428572088479996 0.018726559355854992 0.95928028225898754 0.11328606680035593 -0.030112487263977524 0.01246010744944215 0.96701291203498851 0.31250007450580602 0.5093483328819276 0.75000000000000011 0.029450981877744201 0.025954256765544418 0.33212122321128851 0.091666668653488173 0.21073962748050692 0.94197526574134838 0.0090826111845672148 0.92522376775741588 0.18095242232084277 0.88695022463798534 0.61602565646171581 0.043661456555128104 0.10526319965720178 0.036915197968482978 0.84341496229171764
decision_type=10 2 10 8 8 10 10 10 10 8 10 10 10 10 2 10 10 10 2 10 10 10 10 10 10 2 10 10 10 10
left_child=3 13 -3 9 5 -5 7 -6 11 -1 -11 12 -8 -2 18 22 -15 -10 20 -20 -12 -18 -16 24 -4 -26 27 -25 -17 -19
right_child=1 2 23 4 6 -7 8 -9 17 10 14 -13 -14 16 15 28 21 29 19 -21 -22 -23 -24 26 25 -27 -28 -29 -30 -31
leaf_value=0.0028126121529707853 -0.0022954455009353359 0.016163058328850732 0.00037382504195493567 -0.00113971623335451 -0.0015484506225503071 0.0034959280411091475 -0.0034417197678640503 0.00085608183066356979 0.0022296874860040813 0.0012310773344201326 -0.0061779197696504471 -0.0033634779816267267 0.0034452971426581296 0 0.0019987906919460311 0.0018487747544459381 0.0087406278909709072 0.0026935340187710047 -0.0050225366230861948 1.7242657904021282e-05 -0.001166713569699768 -0.0022868440107764042 -0.0016057527353558606 0.0020508669616503034 0.01944646901776562 0 0.00079776909161424021 -0.0074156373286156946 -0.0072350174278143862 -0.0027320864239585613
leaf_weight=6130 548 212 5557 4159 15913 5760 1589 20508 1649 28918 1652 2289 4588 784 17398 552 3394 1054 1793 70007 20845 258 2953 478 289 148 1731 1625 989 31996
leaf_count=6130 548 212 5557 4159 15913 5760 1589 20508 1649 28918 1652 2289 4588 784 17398 552 3394 1054 1793 70007 20845 258 2953 478 289 148 1731 1625 989 31996
internal_value=-1.81636e-05 0.00203025 0.000289908 -0.000147403 -0.000777867 0.00152365 -0.00106879 -0.000186543 -0.00180582 0.000223788 0.000111984 0.000232375 0.00161985 0.00546095 -0.000164126 0.0010724 0.00649246 -0.0023116 -0.000454545 -0.000105798 -0.00155318 0.00787167 0.00145997 -5.4159e-05 0.00138795 0.0130466 -0.00238207 -0.00512359 -0.00380694 -0.00254846
internal_weight=255766 15024 10040 240742 89505 9919 79586 36421 43165 151237 145107 8466 6177 4984 116189 21892 4436 34699 94297 71800 22497 3652 20351 9828 5994 437 3834 2103 1541 33050
internal_count=255766 15024 10040 240742 89505 9919 79586 36421 43165 151237 145107 8466 6177 4984 116189 21892 4436 34699 94297 71800 22497 3652 20351 9828 5994 437 3834 2103 1541 33050
is_linear=0
shrinkage=0.03


end of trees

feature_importances:
RSQR5=24
KLEN=20
ROC30=18
BETA20=14
STD30=13
BETA10=13
RESI5=13
RSQR10=12
RSQR30=12
RESI20=12
STD10=10
ROC20=9
IMXD30=9
VWAP0=8
STD20=8
STD60=8
RSQR20=8
RESI60=8
MAX10=8
QTLD20=8
IMXD10=8
WVMA5=8
STD5=7
SUMN20=7
WVMA20=7
KUP2=6
HIGH0=6
ROC10=6
ROC60=6
QTLU5=6
QTLU20=6
IMIN20=6
IMXD20=6
SUMD20=6
ORC_GAP_CONFIRMATION_20=6
ROC5=5
RESI10=5
RESI30=5
MAX30=5
MIN10=5
MIN20=5
RSV30=5
SUMP60=5
KLOW2=4
BETA5=4
BETA60=4
MIN60=4
CNTP60=4
SUMP20=4
VSTD60=4
KMID=3
MA5=3
RSQR60=3
MAX20=3
MIN30=3
QTLD10=3
QTLD60=3
IMAX60=3
IMIN30=3
IMIN60=3
CNTD30=3
SUMP5=3
SUMP10=3
KMID2=2
KUP=2
KSFT=2
BETA30=2
MAX5=2
MAX60=2
QTLU60=2
QTLD5=2
RANK60=2
IMAX30=2
IMIN5=2
CNTP5=2
CNTP20=2
SUMP30=2
SUMN30=2
SUMD5=2
SUMD60=2
WVMA30=2
VSUMD5=2
ORC_INTRADAY_RANGE_RETURN_10=2
KLOW=1
KSFT2=1
LOW0=1
MA20=1
MA30=1
MA60=1
MIN5=1
QTLU10=1
QTLU30=1
QTLD30=1
RANK30=1
RSV5=1
RSV20=1
IMAX5=1
IMAX10=1
IMIN10=1
IMXD60=1
CORR30=1
CORR60=1
CORD5=1
CORD30=1
CNTD10=1
CNTD20=1
CNTD60=1
SUMN5=1
SUMN60=1
SUMD10=1
SUMD30=1
VSTD30=1
VSUMP30=1
VSUMN30=1

parameters:
[boosting: gbdt]
[objective: regression]
[metric: l2]
[tree_learner: serial]
[device_type: cpu]
[data_sample_strategy: bagging]
[data: ]
[valid: ]
[num_iterations: 500]
[learning_rate: 0.03]
[num_leaves: 31]
[num_threads: 12]
[seed: 20260814]
[deterministic: 1]
[force_col_wise: 1]
[force_row_wise: 0]
[histogram_pool_size: -1]
[max_depth: 7]
[min_data_in_leaf: 100]
[min_sum_hessian_in_leaf: 0.001]
[bagging_fraction: 0.8]
[pos_bagging_fraction: 1]
[neg_bagging_fraction: 1]
[bagging_freq: 1]
[bagging_seed: 20260814]
[bagging_by_query: 0]
[feature_fraction: 0.8]
[feature_fraction_bynode: 1]
[feature_fraction_seed: 20260814]
[extra_trees: 0]
[extra_seed: 17475]
[early_stopping_round: 0]
[early_stopping_min_delta: 0]
[first_metric_only: 0]
[max_delta_step: 0]
[lambda_l1: 10]
[lambda_l2: 20]
[linear_lambda: 0]
[min_gain_to_split: 0]
[drop_rate: 0.1]
[max_drop: 50]
[skip_drop: 0.5]
[xgboost_dart_mode: 0]
[uniform_drop: 0]
[drop_seed: 29730]
[top_rate: 0.2]
[other_rate: 0.1]
[min_data_per_group: 100]
[max_cat_threshold: 32]
[cat_l2: 10]
[cat_smooth: 10]
[max_cat_to_onehot: 4]
[top_k: 20]
[monotone_constraints: ]
[monotone_constraints_method: basic]
[monotone_penalty: 0]
[feature_contri: ]
[forcedsplits_filename: ]
[refit_decay_rate: 0.9]
[cegb_tradeoff: 1]
[cegb_penalty_split: 0]
[cegb_penalty_feature_lazy: ]
[cegb_penalty_feature_coupled: ]
[path_smooth: 0]
[interaction_constraints: ]
[verbosity: 1]
[saved_feature_importance_type: 0]
[use_quantized_grad: 0]
[num_grad_quant_bins: 4]
[quant_train_renew_leaf: 0]
[stochastic_rounding: 1]
[linear_tree: 0]
[max_bin: 255]
[max_bin_by_feature: ]
[min_data_in_bin: 3]
[bin_construct_sample_cnt: 200000]
[data_random_seed: 20260812]
[is_enable_sparse: 1]
[enable_bundle: 1]
[use_missing: 1]
[zero_as_missing: 0]
[feature_pre_filter: 1]
[pre_partition: 0]
[two_round: 0]
[header: 0]
[label_column: ]
[weight_column: ]
[group_column: ]
[ignore_column: ]
[categorical_feature: ]
[forcedbins_filename: ]
[precise_float_parser: 0]
[parser_config_file: ]
[objective_seed: 27057]
[num_class: 1]
[is_unbalance: 0]
[scale_pos_weight: 1]
[sigmoid: 1]
[boost_from_average: 1]
[reg_sqrt: 0]
[alpha: 0.9]
[fair_c: 1]
[poisson_max_delta_step: 0.7]
[tweedie_variance_power: 1.5]
[lambdarank_truncation_level: 30]
[lambdarank_norm: 1]
[label_gain: ]
[lambdarank_position_bias_regularization: 0]
[eval_at: ]
[multi_error_top_k: 1]
[auc_mu_weights: ]
[num_machines: 1]
[local_listen_port: 12400]
[time_out: 120]
[machine_list_filename: ]
[machines: ]
[gpu_platform_id: -1]
[gpu_device_id: -1]
[gpu_device_id_list: ]
[gpu_use_dp: 0]
[num_gpu: 1]

end of parameters

pandas_categorical:null
