tree
version=v4
num_class=1
num_tree_per_iteration=1
label_index=0
max_feature_idx=359
objective=regression
feature_names=CLOSE59 CLOSE58 CLOSE57 CLOSE56 CLOSE55 CLOSE54 CLOSE53 CLOSE52 CLOSE51 CLOSE50 CLOSE49 CLOSE48 CLOSE47 CLOSE46 CLOSE45 CLOSE44 CLOSE43 CLOSE42 CLOSE41 CLOSE40 CLOSE39 CLOSE38 CLOSE37 CLOSE36 CLOSE35 CLOSE34 CLOSE33 CLOSE32 CLOSE31 CLOSE30 CLOSE29 CLOSE28 CLOSE27 CLOSE26 CLOSE25 CLOSE24 CLOSE23 CLOSE22 CLOSE21 CLOSE20 CLOSE19 CLOSE18 CLOSE17 CLOSE16 CLOSE15 CLOSE14 CLOSE13 CLOSE12 CLOSE11 CLOSE10 CLOSE9 CLOSE8 CLOSE7 CLOSE6 CLOSE5 CLOSE4 CLOSE3 CLOSE2 CLOSE1 CLOSE0 OPEN59 OPEN58 OPEN57 OPEN56 OPEN55 OPEN54 OPEN53 OPEN52 OPEN51 OPEN50 OPEN49 OPEN48 OPEN47 OPEN46 OPEN45 OPEN44 OPEN43 OPEN42 OPEN41 OPEN40 OPEN39 OPEN38 OPEN37 OPEN36 OPEN35 OPEN34 OPEN33 OPEN32 OPEN31 OPEN30 OPEN29 OPEN28 OPEN27 OPEN26 OPEN25 OPEN24 OPEN23 OPEN22 OPEN21 OPEN20 OPEN19 OPEN18 OPEN17 OPEN16 OPEN15 OPEN14 OPEN13 OPEN12 OPEN11 OPEN10 OPEN9 OPEN8 OPEN7 OPEN6 OPEN5 OPEN4 OPEN3 OPEN2 OPEN1 OPEN0 HIGH59 HIGH58 HIGH57 HIGH56 HIGH55 HIGH54 HIGH53 HIGH52 HIGH51 HIGH50 HIGH49 HIGH48 HIGH47 HIGH46 HIGH45 HIGH44 HIGH43 HIGH42 HIGH41 HIGH40 HIGH39 HIGH38 HIGH37 HIGH36 HIGH35 HIGH34 HIGH33 HIGH32 HIGH31 HIGH30 HIGH29 HIGH28 HIGH27 HIGH26 HIGH25 HIGH24 HIGH23 HIGH22 HIGH21 HIGH20 HIGH19 HIGH18 HIGH17 HIGH16 HIGH15 HIGH14 HIGH13 HIGH12 HIGH11 HIGH10 HIGH9 HIGH8 HIGH7 HIGH6 HIGH5 HIGH4 HIGH3 HIGH2 HIGH1 HIGH0 LOW59 LOW58 LOW57 LOW56 LOW55 LOW54 LOW53 LOW52 LOW51 LOW50 LOW49 LOW48 LOW47 LOW46 LOW45 LOW44 LOW43 LOW42 LOW41 LOW40 LOW39 LOW38 LOW37 LOW36 LOW35 LOW34 LOW33 LOW32 LOW31 LOW30 LOW29 LOW28 LOW27 LOW26 LOW25 LOW24 LOW23 LOW22 LOW21 LOW20 LOW19 LOW18 LOW17 LOW16 LOW15 LOW14 LOW13 LOW12 LOW11 LOW10 LOW9 LOW8 LOW7 LOW6 LOW5 LOW4 LOW3 LOW2 LOW1 LOW0 VWAP59 VWAP58 VWAP57 VWAP56 VWAP55 VWAP54 VWAP53 VWAP52 VWAP51 VWAP50 VWAP49 VWAP48 VWAP47 VWAP46 VWAP45 VWAP44 VWAP43 VWAP42 VWAP41 VWAP40 VWAP39 VWAP38 VWAP37 VWAP36 VWAP35 VWAP34 VWAP33 VWAP32 VWAP31 VWAP30 VWAP29 VWAP28 VWAP27 VWAP26 VWAP25 VWAP24 VWAP23 VWAP22 VWAP21 VWAP20 VWAP19 VWAP18 VWAP17 VWAP16 VWAP15 VWAP14 VWAP13 VWAP12 VWAP11 VWAP10 VWAP9 VWAP8 VWAP7 VWAP6 VWAP5 VWAP4 VWAP3 VWAP2 VWAP1 VWAP0 VOLUME59 VOLUME58 VOLUME57 VOLUME56 VOLUME55 VOLUME54 VOLUME53 VOLUME52 VOLUME51 VOLUME50 VOLUME49 VOLUME48 VOLUME47 VOLUME46 VOLUME45 VOLUME44 VOLUME43 VOLUME42 VOLUME41 VOLUME40 VOLUME39 VOLUME38 VOLUME37 VOLUME36 VOLUME35 VOLUME34 VOLUME33 VOLUME32 VOLUME31 VOLUME30 VOLUME29 VOLUME28 VOLUME27 VOLUME26 VOLUME25 VOLUME24 VOLUME23 VOLUME22 VOLUME21 VOLUME20 VOLUME19 VOLUME18 VOLUME17 VOLUME16 VOLUME15 VOLUME14 VOLUME13 VOLUME12 VOLUME11 VOLUME10 VOLUME9 VOLUME8 VOLUME7 VOLUME6 VOLUME5 VOLUME4 VOLUME3 VOLUME2 VOLUME1 VOLUME0
feature_infos=[-5.4038181304931641:12.207799911499023] [-5.4630842208862305:12.317498207092285] [-5.552156925201416:12.828096389770508] [-5.543860912322998:11.230463981628418] [-5.5617179870605469:11.448848724365234] [-5.6241564750671387:11.414474487304688] [-5.6825575828552246:9.6098718643188477] [-5.657966136932373:9.3752841949462891] [-5.5993099212646484:11.028009414672852] [-5.6313424110412598:11.904008865356445] [-5.6268739700317383:14.104987144470215] [-5.6736459732055664:14.119842529296875] [-5.6078968048095703:13.772034645080566] [-5.3474845886230469:16.204652786254883] [-5.0301141738891602:14.807033538818359] [-5.0154285430908203:14.420330047607422] [-5.4409685134887695:12.201403617858887] [-5.6576046943664551:11.266861915588379] [-5.748682975769043:10.175777435302734] [-5.7619786262512207:9.7804374694824219] [-5.837033748626709:10.43333911895752] [-5.7729997634887695:12.606629371643066] [-5.8598322868347168:10.490278244018555] [-5.8949131965637207:12.366391181945801] [-6.0229306221008301:12.926149368286133] [-6.1776113510131836:15.240093231201172] [-6.156036376953125:12.846419334411621] [-6.1175355911254883:13.303590774536133] [-6.2611255645751953:15.902070999145508] [-6.491330623626709:18.839191436767578] [-6.5942034721374512:22.150033950805664] [-6.6824989318847656:25.889287948608398] [-6.9009256362915039:22.514554977416992] [-6.7733120918273926:19.431056976318359] [-6.7470202445983887:18.610666275024414] [-6.8720340728759766:19.165328979492188] [-6.9760775566101074:17.714389801025391] [-7.0796875953674316:15.677718162536621] [-7.4749898910522461:14.608213424682617] [-7.5138611793518066:16.016225814819336] [-7.5265936851501465:16.216730117797852] [-7.7491507530212402:15.659536361694336] [-8.1944398880004883:16.027450561523438] [-8.3186569213867188:14.761478424072266] [-8.5568714141845703:13.908934593200684] [-8.3141460418701172:16.388105392456055] [-7.9301848411560059:15.731110572814941] [-7.5947170257568359:14.221858024597168] [-8.3242588043212891:15.788053512573242] [-9.2431402206420898:16.472049713134766] [-9.4991426467895508:15.732405662536621] [-9.9160194396972656:13.491730690002441] [-10.473063468933105:13.854236602783203] [-10.574273109436035:16.66523551940918] [-10.056805610656738:18.256818771362305] [-9.4071807861328125:15.396571159362793] [-8.5168867111206055:12.600017547607422] [-7.2752594947814941:9.7437820434570312] [-5.7883028984069824:11.24958610534668] [0:1] [-5.3939027786254883:10.705911636352539] [-5.3801994323730469:10.959723472595215] [-5.4286031723022461:11.38120174407959] [-5.5680313110351562:10.736789703369141] [-5.5342550277709961:10.087675094604492] [-5.558952808380127:10.053220748901367] [-5.594970703125:9.4435482025146484] [-5.6583342552185059:9.4323110580444336] [-5.6505732536315918:9.6716413497924805] [-5.5674500465393066:9.3488006591796875] [-5.6290454864501953:12.511114120483398] [-5.6344051361083984:12.523300170898438] [-5.6714987754821777:12.193946838378906] [-5.5976228713989258:14.438279151916504] [-5.3190979957580566:13.691545486450195] [-5.0197815895080566:12.763317108154297] [-5.0082345008850098:12.066287040710449] [-5.4853944778442383:10.058550834655762] [-5.6640167236328125:9.9871940612792969] [-5.7586402893066406:8.8968601226806641] [-5.7868266105651855:8.7311592102050781] [-5.8147773742675781:11.030464172363281] [-5.7806525230407715:10.364409446716309] [-5.8425917625427246:10.789878845214844] [-5.8936858177185059:11.296235084533691] [-6.0248398780822754:13.41217041015625] [-6.1962108612060547:12.685262680053711] [-6.1465163230895996:11.593866348266602] [-6.1146559715270996:13.187936782836914] [-6.2870941162109375:16.678976058959961] [-6.497774600982666:19.713329315185547] [-6.5631170272827148:23.145591735839844] [-6.6829066276550293:22.194005966186523] [-6.9077982902526855:19.136722564697266] [-6.6785674095153809:16.363210678100586] [-6.7857351303100586:15.58949089050293] [-6.9262762069702148:17.248769760131836] [-6.9641542434692383:15.060530662536621] [-7.1025972366333008:15.738567352294922] [-7.4681973457336426:13.973452568054199] [-7.478858470916748:15.671545028686523] [-7.5521197319030762:15.950857162475586] [-7.7583436965942383:15.710830688476562] [-8.1823797225952148:16.01679801940918] [-8.4201278686523438:14.733643531799316] [-8.4783000946044922:13.729578971862793] [-8.1252670288085938:16.373483657836914] [-7.763270378112793:15.379834175109863] [-7.5328803062438965:14.280837059020996] [-8.3767480850219727:15.992692947387695] [-9.5014057159423828:16.661792755126953] [-9.5703029632568359:14.481954574584961] [-9.9364843368530273:13.725786209106445] [-10.522650718688965:10.901738166809082] [-10.593387603759766:13.379806518554688] [-9.7370462417602539:13.903392791748047] [-11.401833534240723:11.473542213439941] [-11.157689094543457:14.136837959289551] [-10.897046089172363:13.387150764465332] [-11.330784797668457:11.485442161560059] [-5.3820013999938965:12.364547729492188] [-5.4294228553771973:12.475584030151367] [-5.4694676399230957:12.552258491516113] [-5.5374393463134766:11.467157363891602] [-5.5535435676574707:11.189560890197754] [-5.5764822959899902:11.157842636108398] [-5.6358404159545898:9.7485008239746094] [-5.6567521095275879:9.3603830337524414] [-5.5977020263671875:10.770561218261719] [-5.5960569381713867:11.628432273864746] [-5.6298618316650391:13.794612884521484] [-5.6596841812133789:13.809728622436523] [-5.5593347549438477:13.465097427368164] [-5.357581615447998:15.858750343322754] [-5.0450444221496582:14.478733062744141] [-5.0299372673034668:14.091922760009766] [-5.0308094024658203:11.90185546875] [-5.5345115661621094:11.404111862182617] [-5.6715240478515625:10.971304893493652] [-5.6430082321166992:10.426162719726562] [-5.8330845832824707:10.159341812133789] [-5.7179265022277832:12.296684265136719] [-5.8336644172668457:10.210969924926758] [-5.8502101898193359:12.057721138000488] [-5.9448437690734863:12.601513862609863] [-6.107874870300293:14.864160537719727] [-6.0690827369689941:12.517831802368164] [-6.1017847061157227:12.972479820251465] [-6.1716437339782715:15.531359672546387] [-6.3130483627319336:18.409242630004883] [-6.5198044776916504:21.656618118286133] [-6.6459999084472656:25.317371368408203] [-6.7865829467773438:22.012430191040039] [-6.7773442268371582:18.976459503173828] [-6.7013201713562012:18.154861450195312] [-6.8188552856445312:19.343141555786133] [-6.9306292533874512:18.877908706665039] [-6.9270119667053223:18.2635498046875] [-7.1876015663146973:15.764147758483887] [-7.4516735076904297:15.993157386779785] [-7.4186992645263672:16.368352890014648] [-7.6636042594909668:16.003454208374023] [-7.9494142532348633:15.889026641845703] [-8.0757808685302734:15.958135604858398] [-8.4526987075805664:14.689020156860352] [-8.303074836730957:15.909083366394043] [-7.8713383674621582:16.440237045288086] [-7.4928336143493652:15.491005897521973] [-7.8494901657104492:15.217290878295898] [-8.7483577728271484:16.283535003662109] [-9.3180007934570312:17.49163818359375] [-9.6569833755493164:14.919129371643066] [-10.237624168395996:14.029580116271973] [-10.158770561218262:15.869563102722168] [-9.9206790924072266:17.252283096313477] [-9.229191780090332:14.353494644165039] [-8.3126459121704102:12.82408332824707] [-7.0230255126953125:17.571023941040039] [-5.0675835609436035:16.732889175415039] [-0.9664994478225708:19.204320907592773] [-5.3964767456054688:10.970551490783691] [-5.4396467208862305:10.572331428527832] [-5.5276446342468262:11.663507461547852] [-5.5864782333374023:11.011089324951172] [-5.5761957168579102:10.352532386779785] [-5.5853433609008789:10.316717147827148] [-5.6677336692810059:9.7006664276123047] [-5.6882305145263672:9.3147363662719727] [-5.6582484245300293:9.9389581680297852] [-5.6039600372314453:9.6126041412353516] [-5.6928701400756836:12.835577011108398] [-5.6788039207458496:12.846935272216797] [-5.6773409843444824:12.513778686523438] [-5.6048955917358398:14.802810668945312] [-5.320920467376709:14.052196502685547] [-5.0179457664489746:13.111536979675293] [-5.3839902877807617:12.409426689147949] [-5.8174047470092773:10.36540412902832] [-5.784174919128418:9.5021562576293945] [-5.832496166229248:8.678898811340332] [-5.8793540000915527:8.1940927505493164] [-5.8299708366394043:11.360886573791504] [-5.8449859619140625:10.684518814086914] [-5.86358642578125:11.115287780761719] [-6.1381864547729492:11.634455680847168] [-6.2772350311279297:13.802389144897461] [-6.2678170204162598:13.060978889465332] [-6.1760926246643066:11.949478149414062] [-6.2078957557678223:13.344522476196289] [-6.4379968643188477:17.147287368774414] [-6.6149802207946777:20.259696960449219] [-6.6496763229370117:23.773187637329102] [-6.8508658409118652:22.798303604125977] [-6.9366893768310547:19.675657272338867] [-6.7643942832946777:16.856267929077148] [-6.8079290390014648:16.073888778686523] [-7.0642623901367188:16.587459564208984] [-6.9945707321166992:15.523313522338867] [-7.3730998039245605:13.628948211669922] [-7.5600848197937012:14.123520851135254] [-7.5175132751464844:15.707470893859863] [-7.7112398147583008:15.520206451416016] [-8.0361595153808594:15.831537246704102] [-8.2219562530517578:14.843610763549805] [-8.5500802993774414:13.949758529663086] [-8.6501235961914062:13.985755920410156] [-8.3596582412719727:15.620052337646484] [-7.8853812217712402:13.975187301635742] [-8.4686384201049805:13.39249324798584] [-8.9124746322631836:15.623690605163574] [-9.8203353881835938:15.20835018157959] [-9.9615106582641602:13.049732208251953] [-10.32017707824707:10.72990894317627] [-10.724518775939941:10.996842384338379] [-10.861797332763672:13.600567817687988] [-10.031360626220703:15.071050643920898] [-11.908105850219727:12.20367431640625] [-11.882100105285645:9.2834072113037109] [-12.17307186126709:9.2433996200561523] [-16.49937629699707:0.97749477624893188] [-5.4039878845214844:11.250247001647949] [-5.4382061958312988:11.140832901000977] [-5.5047149658203125:12.130561828613281] [-5.5697188377380371:10.811211585998535] [-5.5674295425415039:10.79209041595459] [-5.5975079536437988:10.758352279663086] [-5.6568036079406738:9.5577478408813477] [-5.6772289276123047:9.3146648406982422] [-5.6385312080383301:10.375532150268555] [-5.6120061874389648:10.64986515045166] [-5.6572656631469727:13.342713356018066] [-5.6746344566345215:13.356831550598145] [-5.6420350074768066:13.01786994934082] [-5.4896707534790039:15.364109039306641] [-5.191077709197998:14.011350631713867] [-5.0303573608398438:13.63185977935791] [-5.2277398109436035:12.174280166625977] [-5.6374177932739258:10.149846076965332] [-5.7320928573608398:10.191084861755371] [-5.7643313407897949:9.0887775421142578] [-5.8503236770629883:9.207432746887207] [-5.8003559112548828:11.858438491821289] [-5.8468437194824219:10.466709136962891] [-5.8804669380187988:11.617894172668457] [-6.0177435874938965:12.15272331237793] [-6.1657099723815918:14.375732421875] [-6.191983699798584:12.817586898803711] [-6.1559233665466309:12.484643936157227] [-6.2097978591918945:14.530891418457031] [-6.4042263031005859:17.823141098022461] [-6.5801353454589844:21.013839721679688] [-6.6600465774536133:24.623151779174805] [-6.8311100006103516:22.463642120361328] [-6.8759355545043945:19.379465103149414] [-6.7502989768981934:17.56739616394043] [-6.8503098487854004:16.717073440551758] [-7.0050268173217773:17.691045761108398] [-7.0236339569091797:16.211967468261719] [-7.318967342376709:15.018354415893555] [-7.5370831489562988:15.103734970092773] [-7.5262660980224609:16.079132080078125] [-7.7127366065979004:15.877166748046875] [-8.0319108963012695:15.961054801940918] [-8.2521495819091797:15.501462936401367] [-8.5525264739990234:14.423134803771973] [-8.4979753494262695:15.106385231018066] [-8.1349296569824219:16.172042846679688] [-7.7380094528198242:14.902035713195801] [-8.1132259368896484:14.802522659301758] [-8.9047470092773438:16.255861282348633] [-9.6422586441040039:16.468313217163086] [-9.8980913162231445:14.0672607421875] [-10.386066436767578:12.226994514465332] [-10.668394088745117:12.778707504272461] [-10.563884735107422:13.92197322845459] [-9.8267021179199219:15.008130073547363] [-10.384056091308594:12.156516075134277] [-9.8234548568725586:12.385733604431152] [-9.2500982284545898:11.325177192687988] [-11.108595848083496:11.27674388885498] [-0.023151803761720657:320.79556274414062] [-0.023552967235445976:342.58062744140625] [-0.024514675140380859:319.25338745117188] [-0.025893872603774071:317.08056640625] [-0.025641471147537231:420.46987915039062] [-0.036820705980062485:162.91561889648438] [-0.01970398984849453:399.36898803710938] [-0.027579342946410179:149.06684875488281] [-0.032341785728931427:158.35102844238281] [-0.029248002916574478:155.65849304199219] [-0.026169661432504654:319.512939453125] [-0.024268938228487968:351.22409057617188] [-0.02471037395298481:370.87823486328125] [-0.022950060665607452:385.64321899414062] [-0.022395225241780281:386.80337524414062] [-0.023825481534004211:379.16131591796875] [-0.015462658368051052:198.29983520507812] [-0.023323949426412582:336.31124877929688] [-0.015774592757225037:234.04183959960938] [-0.018414083868265152:277.28448486328125] [-0.025623979046940804:413.89871215820312] [-0.026942715048789978:458.59365844726562] [-0.022823723033070564:376.15072631835938] [-0.03072655200958252:352.529052734375] [-0.026520777493715286:444.79776000976562] [-0.020596971735358238:385.6285400390625] [-0.026999516412615776:455.86917114257812] [-0.022171834483742714:371.3687744140625] [-0.016349649056792259:462.75802612304688] [-0.024673076346516609:413.50241088867188] [-0.018979929387569427:379.58163452148438] [-0.014445589855313301:267.478759765625] [-0.035802826285362244:390.68917846679688] [-0.019427074119448662:289.63323974609375] [-0.022303992882370949:333.93392944335938] [-0.0237291119992733:377.6591796875] [-0.0097173256799578667:539.491455078125] [-0.022759400308132172:340.16921997070312] [-0.010578911751508713:525.3720703125] [-0.020813301205635071:412.00271606445312] [-0.013653680682182312:173.86936950683594] [-0.011283853091299534:463.11029052734375] [-0.01480985339730978:319.55813598632812] [-0.017652995884418488:297.6595458984375] [-0.0095784598961472511:300.578857421875] [-0.011939272284507751:485.23876953125] [-0.017059490084648132:362.34173583984375] [-0.016829557716846466:191.77696228027344] [-0.012630914337933064:359.11703491210938] [-0.013145782984793186:433.60562133789062] [-0.018381858244538307:396.68478393554688] [-0.0091012157499790192:494.3228759765625] [-0.019375069066882133:449.85595703125] [-0.033517889678478241:157.14990234375] [-0.011998369358479977:467.15005493164062] [-0.010289213620126247:490.4542236328125] [-0.019199203699827194:267.81991577148438] [-0.018684670329093933:212.38313293457031] [-0.047170400619506836:526.06732177734375] [0:1]
tree_sizes=3082 3045 3115 3066 3062 3052 3062 3035

Tree=0
num_leaves=31
num_cat=0
split_feature=17 102 284 228 217 238 43 194 35 114 232 235 232 118 233 23 108 112 228 50 178 56 177 178 169 236 107 53 217 84
split_gain=160.356 143.491 94.6272 148.49 140.054 84.8636 80.033 69.9491 59.7829 55.785 55.5446 96.2904 55.1379 52.7525 131.735 62.0939 57.5504 63.9872 57.3351 49.1672 57.7059 53.4501 46.1691 61.5702 44.0236 40.9327 35.1016 36.8999 36.3908 33.7005
threshold=2.100445151329041 0.032264130190014846 -2.359754085540771 -3.0606709718704219 -2.9348679780960079 -0.78831726312637318 2.1749565601348881 1.389876186847687 0.74864813685417186 -1.335806608200073 2.024578452110291 0.038149803876876838 -2.4967575073242183 1.5172312855720522 0.75377199053764354 1.8948864340782168 1.3040656447410586 0.56768101453781139 0.69805195927619945 2.0760593414306645 0.83997628092765819 1.7880460023880007 -1.076905310153961 -1.974193215370178 1.5057069063186648 0.66398724913597118 -0.056244451552629464 -0.027320163324475285 0.70194050669670116 2.8081696033477788
decision_type=2 2 2 2 2 2 2 2 2 2 2 2 2 2 2 2 2 2 2 2 2 2 2 2 2 2 2 2 2 2
left_child=1 2 12 -4 -5 22 13 9 -9 -6 11 26 -1 16 15 -15 17 -7 -16 21 -21 -13 23 -3 -18 -24 -2 28 -28 -23
right_child=10 5 3 4 7 6 -8 8 -10 -11 -12 19 -14 14 18 -17 24 -19 -20 20 -22 29 25 -25 -26 -27 27 -29 -30 -31
leaf_value=-0.0094075548762676958 1.586447495265204e-09 -0.0081956091834616204 0.019648888178272827 0.018781173164675761 -0.001336187377701986 -0.00019994489470836924 0.0047435540247207034 0.010542079695628356 -0.0027685855530423294 0.00066587558034444851 0.0093753199002293182 -0.0016095612864694582 -0.0012241446627052276 -0.011650186790015912 0.005365254511205543 0.0091378574958657244 0.0035668831390963007 -0.0018563571107589206 -0.0023293555967436761 0.0044651154815472036 -0.017122787135520415 0.014850984677814337 -0.0051269294621439443 0.00044221542453648738 -0.00033059228956906908 0.00095871157253043897 1.586447495265204e-09 0.0028058737395984701 0.015863960249126639 1.586447495265204e-09
leaf_weight=1256 384 848 350 361 13741 66256 2475 1099 363 131303 1741 1592 2030 1697 1060 109 5183 31049 4300 132 298 325 7736 4823 4969 1042 137 535 832 171
leaf_count=1256 384 848 350 361 13741 66256 2475 1099 363 131303 1741 1592 2030 1697 1060 109 5183 31049 4300 132 298 325 7736 4823 4969 1042 137 535 832 171
internal_value=1.58645e-09 -0.000103832 0.000527533 0.000641954 0.000591947 -0.000828428 -0.000557346 0.000542523 0.00704198 0.00047398 0.00478633 0.00287107 -0.0044808 -0.000675231 -0.00317185 -0.0101449 -0.000505388 -0.000731844 -0.00073761 -0.000867507 -0.00992522 0.000931981 -0.00300079 -0.00082097 0.00163283 -0.00436989 0.00797123 0.010014 0.0135531 0.00941711
internal_weight=288197 282050 150503 147217 146867 131547 117098 146506 1462 145044 6147 4406 3286 114623 7166 1806 107457 97305 5360 2518 430 2088 14449 5671 10152 8778 1888 1504 969 496
internal_count=288197 282050 150503 147217 146867 131547 117098 146506 1462 145044 6147 4406 3286 114623 7166 1806 107457 97305 5360 2518 430 2088 14449 5671 10152 8778 1888 1504 969 496
is_linear=0
shrinkage=1


Tree=1
num_leaves=31
num_cat=0
split_feature=209 171 17 298 103 217 167 230 228 197 8 3 108 87 208 230 102 238 107 161 203 173 41 238 93 104 82 8 119 119
split_gain=161.31 159.356 129.638 99.3814 81.7298 123.664 75.4145 75.3235 82.7276 70.4502 65.0635 68.0728 59.5184 76.0921 62.9376 56.7091 53.0156 52.0577 50.1334 48.4607 57.9688 57.1291 47.0388 45.207 40.3207 40.0536 39.6543 39.5873 38.572 36.9295
threshold=2.4746123552322392 0.23642660677433017 1.6782963871955874 -0.7034853696823119 -2.9434986114501949 -2.4210842847824092 -1.3869992494583128 -0.3379960805177688 -3.0606709718704219 2.1864589452743535 -1.5427621006965635 -2.5665227174758907 1.3040656447410586 2.5119148492813115 -0.57663047313690174 0.2251689359545708 0.048818351700901992 -1.0240602493286131 -0.72263285517692555 0.113740012049675 -1.1440300345420835 0.71945142745971691 1.2506315708160403 -3.9465407133102413 1.1021455526351931 -0.60406678915023793 2.1809009313583378 -2.5978142023086543 -1.0138211846351621 -1.6757996678352354
decision_type=2 2 2 2 2 2 2 2 2 2 2 2 2 2 2 2 2 2 2 2 2 2 2 2 2 2 2 2 2 2
left_child=1 2 4 9 23 6 29 8 -7 15 11 -5 19 14 -14 -3 -9 24 -8 21 -21 -12 -2 -1 -4 -19 -15 -13 -29 -6
right_child=22 3 17 10 5 7 18 16 -10 -11 12 27 13 26 -16 -17 -18 25 -20 20 -22 -23 -24 -25 -26 -27 -28 28 -30 -31
leaf_value=-0.024712267423437222 -0.00077301745342801473 -0.0092562766690496151 0.0076596200409833155 -0.0093494313573497887 -0.0038838814301499799 0.012020283478379403 0.018410207314223506 0.0015534243135241403 -0.00038961300240460887 0.0062751141243126878 -0.0010944442057622271 0.022533089745375844 -0.0079745970687888426 0.00074051607756855638 0.0015403636027220282 -0.0032276767173175978 8.4447239380426478e-05 -0.0020357452762310951 0 -0.011772315968034 -0.0015995944963920227 0.0020917942012260442 0.0083675984846728162 -0.0050183932020832324 -0.0069657876322893903 0.011115769170374728 -0.017220444783398955 -0.0098435573787897437 0.0059494428770509684 0.0061685722184023914
leaf_weight=119 550 1777 295 261 426 465 639 51918 84521 559 15356 115 624 121 15484 8543 39292 188 148 500 49730 7527 2634 875 347 1710 295 119 1866 1024
leaf_count=119 550 1777 295 261 426 465 639 51918 84521 559 15356 115 624 121 15484 8543 39292 188 148 500 49730 7527 2634 875 347 1710 295 119 1866 1024
internal_value=5.24041e-06 -6.90066e-05 0.00046339 -0.00101352 0.000365945 0.000415763 0.00739967 0.000324563 -0.000315371 -0.00372868 -0.000688447 0.00418613 -0.000821093 0.000793407 0.00114373 -0.00431065 0.000924055 0.00717312 0.0148615 -0.0011902 -0.00171147 -3.23714e-05 0.00670006 -0.00811289 0 0.00964903 -0.0115138 0.00608225 0.00476429 0.00299849
internal_weight=288028 284844 181967 102877 179427 178433 2237 176196 84986 10879 91998 2361 89637 16524 16108 10320 91210 2540 787 73113 50230 22883 3184 994 642 1898 416 2100 1985 1450
internal_count=288028 284844 181967 102877 179427 178433 2237 176196 84986 10879 91998 2361 89637 16524 16108 10320 91210 2540 787 73113 50230 22883 3184 994 642 1898 416 2100 1985 1450
is_linear=0
shrinkage=0.03


Tree=2
num_leaves=31
num_cat=0
split_feature=29 171 17 238 114 102 230 163 109 180 69 48 90 111 296 42 37 211 93 235 119 58 224 96 204 57 210 107 238 157
split_gain=161.135 148.448 131.139 92.4276 81.8388 85.6396 87.6068 71.4916 157.772 103.848 70.0656 68.0589 62.6186 59.0365 56.2042 55.8155 55.0292 80.8007 70.6247 54.8519 54.7413 52.3285 49.2745 82.9985 50.6606 49.1798 48.9094 47.7181 45.6945 45.6363
threshold=2.3314224481582646 0.23642660677433017 1.6782963871955874 -0.82567191123962391 -1.3694866895675657 0.032264130190014846 -0.56975799798965443 -1.9333390593528745 -1.6122703552246092 -1.1183019280433653 -1.3680376410484312 -2.9083870649337764 1.1747781038284304 0.47692143917083746 -0.4902153462171554 0.92096948623657238 -1.9374337792396543 -1.1172958016395567 -0.99847880005836476 0.64266896247863781 -1.6757996678352354 0.97345063090324413 1.01104211807251 1.338259279727936 2.7555478811264043 0.062112618237733848 -0.81058105826377858 -0.37566532194614405 -1.7276312112808225 2.0092267990112309
decision_type=2 2 2 2 2 2 2 2 2 2 2 2 2 2 2 2 2 2 2 2 2 2 2 2 2 2 2 2 2 2
left_child=1 2 4 13 7 16 14 9 11 20 15 -9 -8 -3 -7 -5 17 -6 -18 21 -1 26 23 -21 -24 -10 -12 -4 -15 -2
right_child=29 3 27 10 5 6 12 8 25 -11 19 -13 -14 28 -16 -17 18 -19 -20 22 -22 -23 24 -25 -26 -27 -28 -29 -30 -31
leaf_value=-0.0080335973958784637 0.00041655866939098647 -0.0074473717136446429 0 0.0049909976566136155 0.0028661832409237432 -0.000485471253817436 -0.00027034500156991793 0.021177521048396795 -0.0016239880478378388 -0.012222912687792031 -0.0057410916772178411 0.0037093167177685315 0.00473840370716847 0.0012445367593531954 -0.0063118463532204861 -0.0091183220423617442 -0.00082446857103139119 0.016948598534238964 0.001229820509031991 -0.00045903071940988542 0.0012795009438789455 -0.0044801360609014766 0.0014720304000971881 -0.0077402782074651949 -0.013530515125058798 -0.0080158168311444573 -0.00096290479315135936 0.0096864693470412842 -0.0038201086769695533 0.0077991168537793016
leaf_weight=797 1125 2827 579 2828 3036 2798 42696 207 9021 1270 2052 3189 2351 2220 3498 245 17915 418 89431 28105 1734 5127 15130 1474 182 1261 36736 1837 5060 2998
leaf_count=797 1125 2827 579 2828 3036 2798 42696 207 9021 1270 2052 3189 2351 2220 3498 245 17915 418 89431 28105 1734 5127 15130 1474 182 1261 36736 1837 5060 2998
internal_value=-3.77272e-06 -9.04855e-05 0.000421704 -0.00100755 0.000326154 0.000537841 -0.000470892 -0.00161878 -0.000579664 -0.00525694 -0.000703549 0.00497965 -2.95158e-07 -0.00373468 -0.00377979 0.00371743 0.00100798 0.00474454 0.000884096 -0.00086071 -0.00157554 -0.00161482 -0.000115921 -0.000836995 0.00125672 -0.00245105 -0.00122624 0.00734142 -0.0022354 0.00586886
internal_weight=288147 284024 182038 101986 179622 162143 51343 17479 13678 3801 91879 3396 45047 10107 6296 3073 110800 3454 107346 88806 2531 43915 44891 29579 15312 10282 38788 2416 7280 4123
internal_count=288147 284024 182038 101986 179622 162143 51343 17479 13678 3801 91879 3396 45047 10107 6296 3073 110800 3454 107346 88806 2531 43915 44891 29579 15312 10282 38788 2416 7280 4123
is_linear=0
shrinkage=0.03


Tree=3
num_leaves=31
num_cat=0
split_feature=93 102 53 48 223 98 157 178 12 3 231 152 179 252 58 113 230 115 290 136 192 241 43 161 162 118 296 56 198 58
split_gain=164.889 126.848 77.8201 88.6617 101.047 86.9804 80.7161 71.1675 66.3346 61.9647 64.1638 65.295 61.4405 60.7293 59.8914 57.7446 62.089 53.3923 53.2055 52.2165 48.5088 44.6622 44.3366 47.1044 40.776 40.5566 38.8195 38.3527 37.6073 36.9407
threshold=2.32965099811554 0.032264130190014846 -1.6653182506561277 -2.3553438186645503 -2.2392404079437251 -2.233982920646667 -0.83268535137176503 -0.9401288330554961 1.1030815243721011 0.1813992038369179 -2.4679037332534786 -0.91352972388267506 0.74997353553771984 0.2732927948236466 0.53535833954811107 -1.3636361956596372 -0.73550051450729359 -0.79082503914833058 -1.943938612937927 1.3608540892601015 0.13051987439394 0.41179172694683081 2.3211979866027836 2.1134899854660039 -1.2081806063652036 -0.12714970856904981 -0.46963189542293543 -1.3433970212936399 -0.19702797383069989 -0.1773077994585037
decision_type=2 2 2 2 2 2 2 2 2 2 2 2 2 2 2 2 2 2 2 2 2 2 2 2 2 2 2 2 2 2
left_child=1 2 8 4 -4 13 14 28 9 10 -1 -12 25 27 -7 20 19 -14 24 26 -9 -8 23 -18 -11 -6 -17 -5 -3 -21
right_child=-2 7 3 5 12 6 21 15 -10 18 11 -13 17 -15 -16 16 22 -19 -20 29 -22 -23 -24 -25 -26 -27 -28 -29 -30 -31
leaf_value=-0.0064263505241799511 0.005835642312131897 -0.007027703241163516 -0.0025566502799671659 -0.002392838387157556 0.013437816929049225 -0.0013947179345060567 0.0011952378235975773 -0.0027855935730361214 0.0083193878940143341 -0.0083728963026899594 0.0023789987205717791 -0.0044329781897656361 0.043600505930114913 0.019967726423252653 0.0017319062938465858 -0.0017212872416105644 -0.00054101616290559587 0.0075310592553578318 -0.011819633587843173 -0.005527916014447209 0.0087350632407317413 -0.00042765390648368684 0.0039311950208017511 -0.0054594777609636444 0.008935918350133203 -0.0050132835702970616 -0.0088843104884922634 0.0069664060842981514 -0.0022603686816371495 0.010207500181263587
leaf_weight=1823 4228 1929 371 481 361 27541 85748 415 482 221 3655 1912 107 261 6801 1292 113848 100 1083 179 1048 18249 1923 1776 228 109 1812 1369 8380 320
leaf_count=1823 4228 1929 371 481 361 27541 85748 415 482 221 3655 1912 107 261 6801 1292 113848 100 1083 179 1048 18249 1923 1776 228 109 1812 1369 8380 320
internal_value=-2.97265e-05 -0.000118562 0.000475403 0.000652756 0.00928318 0.00058491 0.000489841 -0.000795099 -0.00215704 -0.00277391 -0.00157429 0 0.0160891 0.0066112 -0.000766151 -0.000590526 -0.000664647 0.029696 -0.00827243 -0.00454427 0.00527128 0.000907547 -0.000542425 -0.00062009 0 0.00851652 -0.00602893 0.00437301 -0.00319335 0.00398939
internal_weight=288052 283824 150902 141498 1048 140450 138339 132922 9404 8922 7390 5567 677 2111 34342 122613 121150 207 1532 3603 1463 103997 117547 115624 449 470 3104 1850 10309 499
internal_count=288052 283824 150902 141498 1048 140450 138339 132922 9404 8922 7390 5567 677 2111 34342 122613 121150 207 1532 3603 1463 103997 117547 115624 449 470 3104 1850 10309 499
is_linear=0
shrinkage=0.03


Tree=4
num_leaves=31
num_cat=0
split_feature=29 162 163 156 168 114 180 227 113 218 232 175 117 299 227 112 48 197 112 294 194 269 78 147 35 89 217 216 114 64
split_gain=151.795 110.059 76.4517 162.234 126.481 84.002 95.8788 63.564 84.1788 49.1324 49.5619 54.9897 48.5251 62.6683 47.2095 72.3895 63.548 61.1533 55.2277 48.7245 45.9367 61.674 40.3475 40.201 40.1496 38.4574 39.1672 33.5304 32.907 32.9015
threshold=2.3314224481582646 0.073397587984800353 -1.9333390593528745 -2.4966647624969478 -2.0958561897277828 -1.4042804241180418 -1.1441653966903684 -0.15989489108324048 -1.3636361956596372 1.6493639349937441 1.919757127761841 0.41137836873531347 0.038073811680078513 0.14420761913061145 1.2876915335655215 0.60049253702163707 1.7412343025207522 1.5309554338455202 2.0811437368392949 0.25503228604793554 1.389876186847687 1.0673781633377077 -1.5911517143249509 1.002349376678467 0.76165631413459789 -2.8871185779571529 -2.2767372131347652 1.3604921102523806 2.3761883974075322 1.1914842128753664
decision_type=2 2 2 2 2 2 2 2 2 2 2 2 2 2 2 2 2 2 2 2 2 2 2 2 2 2 2 2 2 2
left_child=1 2 5 -4 12 6 25 23 -9 -2 11 -11 13 -5 15 17 19 -10 -18 -16 21 -6 -17 29 -22 -1 -27 -25 -12 -3
right_child=9 7 3 4 20 -7 -8 8 14 10 28 -13 -14 -15 16 22 18 -19 -20 -21 24 -23 -24 27 -26 26 -28 -29 -30 -31
leaf_value=-0.0096153054961063255 0 -0.0030047192140898672 0.017227151422974252 0.0067502054550225704 0.00041570500468555977 0.0010555124746883474 -0.012332042446833766 0.0087280117427850305 -0.000460540933920821 0.010582690709512154 0.018725931162799251 -0.0003738229578128084 -0.0048833856220193376 0.022659598346550149 -0.0019549257430625366 0.0084266350266227717 -0.0034239168269000354 0.0042256587015642322 0.001738071211477488 0.0032335198758016437 0.0079010861273353852 -0.0056311716554028517 -0.0020940392195656658 0.0029004255924170515 -0.0017769647970348975 0.0043168628544879495 -0.0040906089497713691 -0.0053534485197662147 0.007790869709165333 -0.0088212356073673025
leaf_weight=462 1116 8797 505 1075 147329 2835 1282 851 56984 616 459 1030 162 316 1910 301 4521 2594 3065 8751 1310 1508 33939 1686 470 918 1042 567 1010 1042
leaf_count=462 1116 8797 505 1075 147329 2835 1282 851 56984 616 459 1030 162 316 1910 301 4521 2594 3065 8751 1310 1508 33939 1686 470 918 1042 567 1010 1042
internal_value=-1.29248e-05 -9.81172e-05 0.000423749 0.000561561 0.000502026 -0.00274012 -0.00571587 -0.000765142 -0.000540209 0.00561293 0.00753824 0.0036243 0.00897414 0.010847 -0.000614812 -0.000887842 0.000772001 -0.000250123 -0.00129977 0.00227396 0.000411499 0.000351675 -0.00198793 -0.00283645 0.00518763 -0.00201867 0 0.000662407 0.0116147 -0.00366779
internal_weight=288453 284222 159214 152675 152170 6539 3704 125008 112916 4231 3115 1646 1553 1391 112065 93818 18247 59578 7586 10661 150617 148837 34240 12092 1780 2422 1960 2253 1469 9839
internal_count=288453 284222 159214 152675 152170 6539 3704 125008 112916 4231 3115 1646 1553 1391 112065 93818 18247 59578 7586 10661 150617 148837 34240 12092 1780 2422 1960 2253 1469 9839
is_linear=0
shrinkage=0.03


Tree=5
num_leaves=31
num_cat=0
split_feature=29 102 224 228 217 13 114 58 23 267 81 232 218 114 48 286 176 4 172 197 94 224 237 55 335 116 275 58 262 296
split_gain=152.975 97.6678 82.4156 123.856 126.31 67.4127 63.734 55.6036 81.0658 52.9796 47.7915 47.2164 61.9727 60.749 45.2652 44.2917 45.4412 43.257 64.2412 76.8204 58.9105 48.8366 47.6606 42.9879 40.8869 40.7856 36.8804 36.2043 35.6515 34.8878
threshold=2.3314224481582646 0.032264130190014846 -2.4248447418212886 -3.0606709718704219 -2.9348679780960079 1.4235116839408877 -1.3019718527793882 -0.95642116665840138 1.3530631065368655 -2.9030790328979488 -2.2731142044067378 1.919757127761841 1.7085723280906679 0.14175876975059512 1.6234705448150637 0.13770589232444766 -0.42914876341819758 0.043522603809833534 0.0080218431539833563 1.7280904054641726 0.99692383408546459 0.8631461262702943 0.78228008747100841 -0.37070263922214503 -0.01424862304702401 1.6439535617828371 -0.9748244285583495 0.13594146817922595 -2.4182273149490352 0.69447386264801036
decision_type=2 2 2 2 2 2 2 2 2 2 2 2 2 2 2 2 2 2 2 2 2 2 2 2 2 2 2 2 2 2
left_child=1 2 9 -4 -5 6 -6 8 29 -1 28 13 -13 -2 25 16 27 20 19 -19 26 -20 -22 -12 -16 -15 -17 -9 -11 -3
right_child=11 7 3 4 5 -7 -8 15 -10 10 23 12 -14 14 24 17 -18 18 21 -21 22 -23 -24 -25 -26 -27 -28 -29 -30 -31
leaf_value=-0.012072260361475547 0.0089792474040176519 -0.0042934799326638552 0.018272085988033815 0.01733496918504825 -0.0015062147848402118 0.0063524619090672141 0.00057265476607808532 -0.00084459388251297148 0.0024982543591650567 0 -0.0067196425677460998 -0.0034776253590825942 0.0119495922932922 0 0.00036126530870648045 0.010751658050363844 -0.002339198186439591 0.00065920075072924643 -0.0020820822501913736 0.010547023579469763 0.0012570334120884021 -0.00016946173060296662 0.0081670987941671151 0.0047457699515262106 -0.012723572098025228 0.014163936867733441 8.7923553128338886e-05 0.0037764545196244232 0.015146460755903104 0.0020543368977660337
leaf_weight=630 916 9302 334 380 14693 1697 130566 5662 2197 497 1620 236 1443 665 377 276 19427 10684 24578 747 2365 24219 1577 312 375 232 28561 2047 177 772
leaf_count=630 916 9302 334 380 14693 1697 130566 5662 2197 497 1620 236 1443 665 377 276 19427 10684 24578 747 2365 24219 1577 312 375 232 28561 2047 177 772
internal_value=-1.54762e-05 -0.000101392 0.000419105 0.000524946 0.000480204 0.000432227 0.000360133 -0.000696817 -0.00262453 -0.0042922 -0.00221952 0.0056233 0.00958916 0.00285716 -0.00043069 -0.000497026 -0.00156442 -0.000182105 -0.000661881 0.00134885 0.000690153 -0.00113941 0.0041244 -0.00468474 -0.00593574 0.00388612 0.000207764 0.000350233 0.00434607 -0.0037742
internal_weight=287564 283320 150906 147670 147336 146956 145259 132414 12271 3236 2606 4244 1679 2565 1649 120143 27136 93007 60228 11431 32779 48797 3942 1932 752 897 28837 7709 674 10074
internal_count=287564 283320 150906 147670 147336 146956 145259 132414 12271 3236 2606 4244 1679 2565 1649 120143 27136 93007 60228 11431 32779 48797 3942 1932 752 897 28837 7709 674 10074
is_linear=0
shrinkage=0.03


Tree=6
num_leaves=31
num_cat=0
split_feature=16 102 224 217 228 351 206 57 42 58 224 60 18 115 52 109 118 86 209 35 149 14 309 226 39 176 78 20 259 296
split_gain=119.383 101.095 74.1141 125.949 96.1303 57.9377 57.3576 55.4557 61.2516 46.7261 46.2347 49.442 45.7141 45.1438 49.1767 71.0895 49.6055 44.7974 41.1236 40.948 39.7613 39.5125 42.6199 39.2965 37.4215 36.4537 35.304 34.3947 33.7505 31.398
threshold=2.0005218982696538 0.064972944557666792 -2.4248447418212886 -2.9348679780960079 -3.0606709718704219 -0.0065373999532312146 -1.1010545492172239 -0.17052225768566129 -1.6899995803833006 -0.95642116665840138 1.5039629340171816 1.0793331265449526 -0.0080870841629803163 -2.3918865919113155 2.0983796119689946 1.9563804864883425 0.94691815972328197 0.13801503181457522 2.4746123552322392 0.38249313831329351 1.7362750768661501 -0.78513413667678822 -0.003861302742734551 0.45885585248470312 1.8805443048477175 1.3029941916465761 -1.5911517143249509 1.8327647447586062 -1.5882077813148496 1.8752110600471499
decision_type=2 2 2 2 2 2 2 2 2 2 2 2 2 2 2 2 2 2 2 2 2 2 2 2 2 2 2 2 2 2
left_child=1 2 5 -4 -5 -1 23 17 -9 12 21 24 19 -2 15 27 -17 -6 -13 -8 -16 28 -23 25 -12 -3 -25 -15 -11 -29
right_child=13 6 3 4 7 -7 9 8 -10 10 11 18 -14 14 20 16 -18 -19 -20 -21 -22 22 -24 26 -26 -27 -28 29 -30 -31
leaf_value=-0.007024659779173238 0.016996576350058541 -0.0047401758782096206 0.018128682336872058 0.016465654391464749 0.00016788672225852023 0.0012178344960835457 -0.0026902554878454922 0.0056043134080518654 0.00082092285749308595 -0.010475562844592869 0.0015253051123509159 -0.0024024711290248249 -0.0014389375803988225 0.0082594977849698836 -0.0048133522809737104 0.002027394579480524 -0.01218560601818126 -0.001792215544660187 0.0084845192066515026 -0.01100460167447531 0.0086589821755117761 -0.0010957674732485485 0.00046151823841851877 0 0.0067751729496633101 0.0082850255983367826 -0.01462195111429411 0.00039090417953968392 0.0025898705162466945 0.0095638439537971409
leaf_weight=2092 218 932 345 318 60145 1110 1489 2497 75436 158 4449 3194 8752 957 178 325 492 12652 318 966 1831 79060 19456 183 1805 212 586 2822 4455 376
leaf_count=2092 218 932 345 318 60145 1110 1489 2497 75436 158 4449 3194 8752 957 178 325 492 12652 318 966 1831 79060 19456 183 1805 212 586 2822 4455 376
internal_value=-5.93766e-06 -0.000104968 0.000407865 0.000505385 0.000460752 -0.0040844 -0.000736455 0.000422816 0.000979431 -0.00065375 -0.000466831 0.00149474 -0.00250579 0.0038022 0.00329994 0.00160821 -0.00625995 -0.000169055 -0.00128929 -0.00614551 0.00728178 -0.000655748 -0.000785142 -0.00588432 0.00310508 -0.0019678 -0.0111329 0.00324976 0.00203432 0.00161536
internal_weight=287809 280610 154595 151393 151048 3202 126015 150730 77933 124102 112895 9766 11207 7199 6981 4972 817 72797 3512 2455 2009 103129 98516 1913 6254 1144 769 4155 4613 3198
internal_count=287809 280610 154595 151393 151048 3202 126015 150730 77933 124102 112895 9766 11207 7199 6981 4972 817 72797 3512 2455 2009 103129 98516 1913 6254 1144 769 4155 4613 3198
is_linear=0
shrinkage=0.03


Tree=7
num_leaves=31
num_cat=0
split_feature=256 171 298 197 53 189 102 110 113 40 106 30 288 97 222 230 3 305 163 173 239 53 220 228 232 169 118 174 195 230
split_gain=127.849 128.712 113.68 76.7685 72.31 72.2631 67.1322 86.4665 65.3903 67.8895 63.5423 58.7021 56.8123 81.5479 55.2505 52.9927 52.4664 57.0594 46.1117 44.135 42.6938 67.9519 54.7793 53.0686 51.2096 50.7578 56.0064 51.1244 42.5253 40.7797
threshold=2.0934333801269536 0.23642660677433017 -0.68890714645385731 1.6695520281791689 -1.6653182506561277 -1.558979272842407 0.032264130190014846 -0.46404309570789332 0.77268677949905407 -0.70882782340049733 -0.35510689020156855 1.5246786475181582 -1.7218624949455259 -2.3785381317138667 1.3322451710700991 0.19433961808681491 -2.5665227174758907 -0.030032038688659664 -2.1413948535919185 -1.2274082303047178 -1.1300412416458128 -0.091832749545574174 0.97132316231727611 0.42847397923469549 2.024578452110291 1.9316106438636782 0.8616703748703004 1.4179733991622927 -1.1570979356765745 -0.064745172858238206
decision_type=2 2 2 2 2 2 2 2 2 2 2 2 2 2 2 2 2 2 2 2 2 2 2 2 2 2 2 2 2 2
left_child=1 3 15 4 -1 16 12 19 28 10 -10 -9 18 -14 -11 -3 -4 -18 -6 -8 23 22 -22 -2 25 27 -27 -23 -7 -19
right_child=20 2 5 -5 6 8 7 11 9 14 -12 -13 13 -15 -16 -17 17 29 -20 -21 21 24 -24 -25 -26 26 -28 -29 -30 -31
leaf_value=-0.0020984550308748278 -0.0004618779752597707 -0.0088802982860585172 -0.0072526695866613304 0.0070434330940090861 -0.0010802996470818309 -0.0067221302923242783 0.0032643492935285731 -3.3240241988247027e-05 0 -0.00065343035119251754 0.015339998002360388 0.0071369307807171061 0.010392150412147205 0.00068278649405955293 0.0020002050144217152 -0.0028970478916283742 -0.0013234698829642424 0 0.0055260490269246699 -0.00394713878554018 0 -0.0030750852635293203 0.014797594617667472 0.011271742598327946 0.0054435348630263126 0.0033928019976170913 -0.015050237775481125 0.0078738373240533586 -0.0013131561144222438 0.011511229361642573
leaf_weight=10176 402 1646 262 1541 1146 1360 790 43257 449 30100 487 1031 769 111100 9200 8952 588 290 3985 7431 320 1069 619 1313 1262 176 433 565 46054 1254
leaf_count=10176 402 1646 262 1541 1146 1360 790 43257 449 30100 487 1031 769 111100 9200 8952 588 290 3985 7431 320 1069 619 1313 1262 176 433 565 46054 1254
internal_value=2.4994e-05 -6.75318e-05 -0.000928598 0.000409047 0.000349703 -0.000578341 0.000498671 -0.000388426 -0.000722165 0.000160638 0.00806076 0.000130053 0.000899358 0.000754057 -2.3892e-05 -0.00386955 0.00452551 0.00616628 0.00399383 -0.0032115 0.00429452 0.0026222 0.0097208 0.00837482 0.000590999 -0.00203064 -0.00930488 0.000578855 -0.0014774 0.00919086
internal_weight=288027 281868 100642 181226 179685 90044 169509 52509 87650 40236 936 44288 117000 111869 39300 10598 2394 2132 5131 8221 6159 4444 939 1715 3505 2243 609 1634 47414 1544
internal_count=288027 281868 100642 181226 179685 90044 169509 52509 87650 40236 936 44288 117000 111869 39300 10598 2394 2132 5131 8221 6159 4444 939 1715 3505 2243 609 1634 47414 1544
is_linear=0
shrinkage=0.03


end of trees

feature_importances:
OPEN17=7
CLOSE1=6
OPEN5=6
LOW22=6
LOW11=6
LOW9=6
LOW15=5
LOW7=5
LOW1=5
CLOSE11=4
CLOSE6=4
OPEN1=4
LOW42=4
VWAP3=4
CLOSE56=3
CLOSE42=3
CLOSE30=3
CLOSE24=3
OPEN26=3
OPEN12=3
OPEN7=3
OPEN6=3
OPEN0=3
HIGH16=3
HIGH8=3
HIGH1=3
CLOSE51=2
CLOSE36=2
CLOSE17=2
CLOSE16=2
CLOSE3=2
CLOSE2=2
OPEN41=2
OPEN11=2
OPEN10=2
OPEN4=2
HIGH22=2
HIGH18=2
HIGH17=2
HIGH10=2
HIGH6=2
HIGH3=2
LOW59=2
LOW45=2
LOW30=2
LOW21=2
LOW12=2
LOW4=2
VWAP1=2
CLOSE55=1
CLOSE47=1
CLOSE46=1
CLOSE45=1
CLOSE43=1
CLOSE41=1
CLOSE39=1
CLOSE29=1
CLOSE22=1
CLOSE20=1
CLOSE19=1
CLOSE18=1
CLOSE9=1
CLOSE7=1
CLOSE4=1
OPEN59=1
OPEN55=1
OPEN50=1
OPEN38=1
OPEN37=1
OPEN35=1
OPEN33=1
OPEN32=1
OPEN30=1
OPEN29=1
OPEN25=1
OPEN23=1
OPEN22=1
OPEN21=1
OPEN16=1
OPEN15=1
OPEN13=1
OPEN9=1
OPEN8=1
OPEN3=1
OPEN2=1
HIGH43=1
HIGH32=1
HIGH30=1
HIGH27=1
HIGH23=1
HIGH12=1
HIGH11=1
HIGH7=1
HIGH5=1
HIGH4=1
HIGH2=1
HIGH0=1
LOW50=1
LOW47=1
LOW44=1
LOW41=1
LOW36=1
LOW35=1
LOW33=1
LOW31=1
LOW29=1
LOW28=1
LOW23=1
LOW19=1
LOW17=1
LOW16=1
LOW13=1
LOW8=1
LOW6=1
LOW3=1
LOW2=1
LOW0=1
VWAP58=1
VWAP47=1
VWAP43=1
VWAP40=1
VWAP37=1
VWAP32=1
VWAP30=1
VWAP24=1
VWAP15=1
VWAP13=1
VWAP11=1
VWAP9=1
VWAP5=1
VWAP0=1
VOLUME54=1
VOLUME50=1
VOLUME24=1
VOLUME8=1

parameters:
[boosting: gbdt]
[objective: regression]
[metric: l2]
[tree_learner: serial]
[device_type: cpu]
[data_sample_strategy: bagging]
[data: ]
[valid: ]
[num_iterations: 500]
[learning_rate: 0.03]
[num_leaves: 31]
[num_threads: 12]
[seed: 20260814]
[deterministic: 1]
[force_col_wise: 1]
[force_row_wise: 0]
[histogram_pool_size: -1]
[max_depth: 7]
[min_data_in_leaf: 100]
[min_sum_hessian_in_leaf: 0.001]
[bagging_fraction: 0.8]
[pos_bagging_fraction: 1]
[neg_bagging_fraction: 1]
[bagging_freq: 1]
[bagging_seed: 20260814]
[bagging_by_query: 0]
[feature_fraction: 0.8]
[feature_fraction_bynode: 1]
[feature_fraction_seed: 20260814]
[extra_trees: 0]
[extra_seed: 17475]
[early_stopping_round: 0]
[early_stopping_min_delta: 0]
[first_metric_only: 0]
[max_delta_step: 0]
[lambda_l1: 10]
[lambda_l2: 20]
[linear_lambda: 0]
[min_gain_to_split: 0]
[drop_rate: 0.1]
[max_drop: 50]
[skip_drop: 0.5]
[xgboost_dart_mode: 0]
[uniform_drop: 0]
[drop_seed: 29730]
[top_rate: 0.2]
[other_rate: 0.1]
[min_data_per_group: 100]
[max_cat_threshold: 32]
[cat_l2: 10]
[cat_smooth: 10]
[max_cat_to_onehot: 4]
[top_k: 20]
[monotone_constraints: ]
[monotone_constraints_method: basic]
[monotone_penalty: 0]
[feature_contri: ]
[forcedsplits_filename: ]
[refit_decay_rate: 0.9]
[cegb_tradeoff: 1]
[cegb_penalty_split: 0]
[cegb_penalty_feature_lazy: ]
[cegb_penalty_feature_coupled: ]
[path_smooth: 0]
[interaction_constraints: ]
[verbosity: 1]
[saved_feature_importance_type: 0]
[use_quantized_grad: 0]
[num_grad_quant_bins: 4]
[quant_train_renew_leaf: 0]
[stochastic_rounding: 1]
[linear_tree: 0]
[max_bin: 255]
[max_bin_by_feature: ]
[min_data_in_bin: 3]
[bin_construct_sample_cnt: 200000]
[data_random_seed: 20260812]
[is_enable_sparse: 1]
[enable_bundle: 1]
[use_missing: 1]
[zero_as_missing: 0]
[feature_pre_filter: 1]
[pre_partition: 0]
[two_round: 0]
[header: 0]
[label_column: ]
[weight_column: ]
[group_column: ]
[ignore_column: ]
[categorical_feature: ]
[forcedbins_filename: ]
[precise_float_parser: 0]
[parser_config_file: ]
[objective_seed: 27057]
[num_class: 1]
[is_unbalance: 0]
[scale_pos_weight: 1]
[sigmoid: 1]
[boost_from_average: 1]
[reg_sqrt: 0]
[alpha: 0.9]
[fair_c: 1]
[poisson_max_delta_step: 0.7]
[tweedie_variance_power: 1.5]
[lambdarank_truncation_level: 30]
[lambdarank_norm: 1]
[label_gain: ]
[lambdarank_position_bias_regularization: 0]
[eval_at: ]
[multi_error_top_k: 1]
[auc_mu_weights: ]
[num_machines: 1]
[local_listen_port: 12400]
[time_out: 120]
[machine_list_filename: ]
[machines: ]
[gpu_platform_id: -1]
[gpu_device_id: -1]
[gpu_use_dp: 0]
[num_gpu: 1]

end of parameters

pandas_categorical:null
