tree
version=v4
num_class=1
num_tree_per_iteration=1
label_index=0
max_feature_idx=157
objective=regression
feature_names=KMID KLEN KMID2 KUP KUP2 KLOW KLOW2 KSFT KSFT2 OPEN0 HIGH0 LOW0 VWAP0 ROC5 ROC10 ROC20 ROC30 ROC60 MA5 MA10 MA20 MA30 MA60 STD5 STD10 STD20 STD30 STD60 BETA5 BETA10 BETA20 BETA30 BETA60 RSQR5 RSQR10 RSQR20 RSQR30 RSQR60 RESI5 RESI10 RESI20 RESI30 RESI60 MAX5 MAX10 MAX20 MAX30 MAX60 MIN5 MIN10 MIN20 MIN30 MIN60 QTLU5 QTLU10 QTLU20 QTLU30 QTLU60 QTLD5 QTLD10 QTLD20 QTLD30 QTLD60 RANK5 RANK10 RANK20 RANK30 RANK60 RSV5 RSV10 RSV20 RSV30 RSV60 IMAX5 IMAX10 IMAX20 IMAX30 IMAX60 IMIN5 IMIN10 IMIN20 IMIN30 IMIN60 IMXD5 IMXD10 IMXD20 IMXD30 IMXD60 CORR5 CORR10 CORR20 CORR30 CORR60 CORD5 CORD10 CORD20 CORD30 CORD60 CNTP5 CNTP10 CNTP20 CNTP30 CNTP60 CNTN5 CNTN10 CNTN20 CNTN30 CNTN60 CNTD5 CNTD10 CNTD20 CNTD30 CNTD60 SUMP5 SUMP10 SUMP20 SUMP30 SUMP60 SUMN5 SUMN10 SUMN20 SUMN30 SUMN60 SUMD5 SUMD10 SUMD20 SUMD30 SUMD60 VMA5 VMA10 VMA20 VMA30 VMA60 VSTD5 VSTD10 VSTD20 VSTD30 VSTD60 WVMA5 WVMA10 WVMA20 WVMA30 WVMA60 VSUMP5 VSUMP10 VSUMP20 VSUMP30 VSUMP60 VSUMN5 VSUMN10 VSUMN20 VSUMN30 VSUMN60 VSUMD5 VSUMD10 VSUMD20 VSUMD30 VSUMD60
feature_infos=[-0.15450645983219147:0.33106967806816101] [0:0.33106967806816101] [-1:1] [0:0.27153289318084717] [0:1] [0:0.19577737152576447] [0:1] [-0.31147539615631104:0.33106967806816101] [-1:1] [0.75127547979354858:1.1827411651611328] [1:1.365384578704834] [0.75127547979354858:1] [0.90894031524658203:1.0877940654754639] [0.62103557586669922:1.6790908575057983] [0.51279789209365845:1.8924485445022583] [0.43777582049369812:2.2146341800689697] [0.40953221917152405:2.740487813949585] [0.32686084508895874:2.649662971496582] [0.8043818473815918:1.3455072641372681] [0.69517505168914795:1.4951817989349365] [0.58934980630874634:1.7117466926574707] [0.53464740514755249:1.9959673881530762] [0.46012550592422485:1.8649090528488159] [0:0.26957115530967712] [0:0.32280367612838745] [0:0.36472421884536743] [0:0.57258552312850952] [0:0.50059491395950317] [-0.16409091651439667:0.17131471633911133] [-0.11732283234596252:0.17131471633911133] [-0.11732283234596252:0.17131471633911133] [-0.11732283234596252:0.17131471633911133] [-0.11732283234596252:0.17131471633911133] [0:1] [0:1] [0:1] [0:1] [0:1] [-0.11478264629840851:0.13264167308807373] [-0.24554997682571411:0.20802642405033112] [-0.40848860144615173:0.27287426590919495] [-0.44566619396209717:0.27581575512886047] [-0.96870207786560059:0.36147966980934143] [1:1.6472727060317993] [1:1.9298244714736938] [1:2.2439024448394775] [1:3.3160974979400635] [1:3.3160974979400635] [0.58144122362136841:1] [0.49132096767425537:1] [0.42983227968215942:1] [0.39746984839439392:1] [0.31774049997329712:1] [0.86334514617919922:1.4843636751174927] [0.78309857845306396:1.7869091033935547] [0.69679319858551025:2.054157018661499] [0.57799351215362549:2.423609733581543] [0.52150630950927734:2.3250908851623535] [0.70860719680786133:1.2689855098724365] [0.53621649742126465:1.4057971239089966] [0.45107382535934448:1.5574545860290527] [0.43389230966567993:1.5740000009536743] [0.37328624725341797:1.5950908660888672] [0.20000000298023224:1] [0.10000000149011612:1] [0.05000000074505806:1] [0.033333335071802139:1] [0.01666666753590107:1] [0:1] [0:1] [0:1] [0:1] [0:1] [0.20000000298023224:1] [0.10000000149011612:1] [0.05000000074505806:1] [0.033333335071802139:1] [0.01666666753590107:1] [0.20000000298023224:1] [0.10000000149011612:1] [0.05000000074505806:1] [0.033333335071802139:1] [0.01666666753590107:1] [-0.80000001192092896:0.80000001192092896] [-0.89999997615814209:0.89999997615814209] [-0.94999998807907104:0.94999998807907104] [-0.96666663885116577:0.96666663885116577] [-0.98333334922790527:0.98333334922790527] [-1:1] [-1:1] [-1:1] [-1:1] [-1:1] [-1:1] [-1:1] [-1:1] [-1:1] [-1:1] [0:1] [0:1] [0:0.94999998807907104] [0:0.90909093618392944] [0:0.90909093618392944] [0:1] [0:1] [0:0.89999997615814209] [0:0.8571428656578064] [0:0.8571428656578064] [-1:1] [-1:1] [-0.83333331346511841:0.90909093618392944] [-0.83333331346511841:0.90909093618392944] [-0.83333331346511841:0.90909093618392944] [0:1] [0:1] [0:1] [0:1] [0:1] [0:1] [0:1] [0:1] [0:1] [0:1] [-1:1] [-1:1] [-1:1] [-1:1] [-1:1] [0.20013266801834106:26452.083984375] [0.10012400150299072:23627.859375] [0.050104878842830658:26698.134765625] [0.033777147531509399:28136.5] [0.017187755554914474:26107.111328125] [0.00080492562847211957:59102.5] [0.0021778203081339598:49210.34375] [0.0021778203081339598:56418.4921875] [0.0021778203081339598:57003.12109375] [0.0021778203081339598:42065.70703125] [0:2.2360680103302002] [0:3.1615598201751709] [0:4.4708261489868164] [0:5.465825080871582] [0:7.5986995697021484] [0:1] [0:1] [0:1] [0:1] [0:1] [0:1] [0:1] [0:1] [0:1] [0:1] [-1:1] [-1:1] [-1:1] [-1:1] [-1:1]
tree_sizes=3104 3084 3047 3062 3081 3043 3066 3080 3044 3013 3066 3011 3105 3074 3099 3051 3059 3020 2988 3055 3131 3067 3048 3052 3098

Tree=0
num_leaves=31
num_cat=0
split_feature=16 26 27 33 40 36 102 1 11 115 120 0 141 25 23 48 113 1 21 40 45 85 68 53 2 139 47 37 15 68
split_gain=177.185 106.54 75.2054 86.6045 79.378 71.1239 70.3098 62.4833 59.1795 99.064 68.9598 57.8514 57.5733 57.526 56.8236 51.7739 52.3785 46.0581 42.9009 50.5507 42.627 42.0354 36.2184 35.3746 42.4147 41.101 35.1068 34.9928 50.1452 34.163
threshold=1.2241054177284243 0.021585190668702129 0.07648158818483354 0.26314339041709905 0.025811721570789817 0.80502268671989452 0.53529900312423717 0.036247322335839278 0.9717526137828828 0.75229349732398998 0.33000005781650549 0.024096401408314708 0.84564810991287243 0.041385870426893241 0.017277830280363563 0.88710486888885509 0.9807686209678651 0.058631887659430511 0.95287659764289867 -0.057538347318768494 1.030380427837372 0.77500000596046459 0.96428605914115917 1.0354533791542055 -0.058824324980378144 1.0426120758056643 1.0348046422004702 0.7026537060737611 0.87315455079078685 0.63889014720916759
decision_type=10 10 10 8 10 10 2 8 10 10 10 10 10 10 10 10 10 10 10 10 10 2 10 10 10 10 10 10 8 10
left_child=1 7 3 23 6 -2 13 20 9 15 -10 -11 17 -5 -14 16 -4 -7 21 -20 -1 -12 -17 24 -3 -25 -9 28 -6 -26
right_child=5 2 8 4 27 12 -8 26 10 11 18 -13 14 -15 -16 22 -18 -19 19 -21 -22 -23 -24 25 29 -27 -28 -29 -30 -31
leaf_value=0.0016580382552235594 0.00223889437122549 -0.00070995633018337942 -0.0063597120635547309 -0.00060695914719022367 -0.0093423874542751684 -0.0050142948844738265 0.0020739519792993353 0.00066397024299534309 0.00486864061121162 0.004598756709954497 -0.0058287900043073474 -0.016431174784500641 2.4078637920326876e-11 0.0019213273356120217 0.016317850051505829 0.004805673960515418 0.014279831882814368 0.014324291720887266 0.0065638479123456871 -0.00023315827197625106 0.00022806429194430425 0.0024236618132699702 0.012571304889766183 -0.012804509931196575 -0.0039195617311465871 0.00041093170207774128 -0.0069542390536419208 6.8346631431139823e-05 -0.0023879404745236182 -0.0015038643518783088
leaf_weight=40126 1980 18883 578 66166 1047 316 13235 769 2522 143 2176 309 219 9173 1162 3667 111 142 1033 14541 36265 672 717 542 10607 270 1400 4254 11180 11671
leaf_count=40126 1980 18883 578 66166 1047 316 13235 769 2522 143 2176 309 219 9173 1162 3667 111 142 1033 14541 36265 672 717 542 10607 270 1400 4254 11180 11671
internal_value=1.84084e-05 -7.7833e-05 -0.000493944 -0.000760109 -0.000296363 0.00641587 5.62205e-05 0.000837208 0.000972661 0.00373217 0.000227531 -0.00922936 0.0106793 -0.000294715 0.0137166 0.00497764 -0.00230247 0.000702369 -0.000396168 0.000206279 0.000983352 -0.00377366 0.00619518 -0.00191299 -0.00177886 -0.00814539 -0.00413483 -0.00220721 -0.00302223 -0.00266996
internal_weight=255876 252057 173497 147028 105055 3819 88574 78560 26469 5525 20944 452 1839 75339 1381 5073 689 458 18422 15574 76391 2848 4384 41973 41161 812 2169 16481 12227 22278
internal_count=255876 252057 173497 147028 105055 3819 88574 78560 26469 5525 20944 452 1839 75339 1381 5073 689 458 18422 15574 76391 2848 4384 41973 41161 812 2169 16481 12227 22278
is_linear=0
shrinkage=1


Tree=1
num_leaves=31
num_cat=0
split_feature=16 26 33 25 56 10 29 17 40 27 33 35 140 45 86 35 17 44 34 33 69 32 10 35 7 3 117 33 113 18
split_gain=169.834 97.0912 84.8676 76.4118 98.7841 80.3095 92.2661 72.0414 64.3405 61.565 57.7253 60.0369 57.0105 54.3086 51.5837 62.1979 51.1426 54.9577 47.9472 43.9054 42.2312 41.9059 41.6737 40.498 39.4922 38.9933 34.9894 33.501 39.4897 31.748
threshold=1.2241054177284243 0.021839609369635585 0.26314339041709905 0.041385870426893241 0.90102112293243419 1.0183066725730898 0.00043757124512922024 1.0505280494689944 0.02533263806253672 0.093774378299713149 0.97828525304794323 0.66391038894653331 0.76397109031677257 1.0307692885398867 -0.58333334326744068 0.81644362211227428 0.74524354934692394 1.043000400066376 0.22112450003623965 0.65305796265602123 0.96095708012580883 -0.0037429956719279285 1.0191977620124819 0.80394437909126293 -0.031042098999023434 0.016509409062564376 0.42245991528034216 0.92698377370834362 0.91211137175560009 1.042972266674042
decision_type=10 10 8 10 10 10 10 10 10 10 10 10 10 8 2 10 8 10 10 10 10 10 10 10 8 10 10 10 10 10
left_child=1 13 9 7 27 20 -7 8 29 16 11 -2 -13 -1 15 -11 -3 21 26 -14 -6 -18 -19 -20 -15 -10 -9 28 -5 -4
right_child=10 2 3 4 5 6 -8 18 25 14 -12 12 19 24 -16 -17 17 22 23 -21 -22 -23 -24 -25 -26 -27 -28 -29 -30 -31
leaf_value=0.0015312703399282808 0.0018048769081305321 0.0080553500155594263 0.00052294933149491722 -0.019254802929707982 5.4325208008258397e-05 0.0014492222989605169 0.0081787222831883211 0.0019258917524722938 -0.0025794410517691962 0.014473566265708931 -0.012884976457717129 -0.00058750323817448715 0.0063423193529935466 -0.007984820409290258 0.00023109501856337234 -0.00417873356193441 0.0039665117182992836 -0.0023374276747206674 -0.002685098653568968 0.016297144047331746 0.0051358036050422875 -0.001374051805373681 -0.0058180006919160074 0.00048987584373609734 8.8847646728715786e-05 0.0052895668811624875 -0.0014975591817624331 0 -0.0025763651794326868 0.0065677543015821953
leaf_weight=42219 1400 437 50531 317 14655 4506 3251 5347 8867 543 108 335 910 533 2476 184 1344 11992 21979 1054 1633 27554 4487 4136 37930 564 5319 286 294 785
leaf_count=42219 1400 437 50531 317 14655 4506 3251 5347 8867 543 108 335 910 533 2476 184 1344 11992 21979 1054 1633 27554 4487 4136 37930 564 5319 286 294 785
internal_value=2.58365e-05 -6.81732e-05 -0.00047303 -4.82129e-05 0.00143013 0.00180754 0.00432195 -0.000429578 0.000200574 -0.00152788 0.00629908 0.00700614 0.0100013 0.000788524 0.00244275 0.00936567 -0.00181296 -0.00191812 -0.00147802 0.0119463 0.000587853 -0.00111273 -0.00330923 -0.00217079 -1.9329e-05 -0.00206691 0.000190978 -0.00817839 -0.012041 0.000623786
internal_weight=255976 252169 171487 122470 24942 24045 7757 97528 60747 49017 3807 3699 2299 80682 3203 727 45814 45377 36781 1964 16288 28898 16479 26115 38463 9431 10666 897 611 51316
internal_count=255976 252169 171487 122470 24942 24045 7757 97528 60747 49017 3807 3699 2299 80682 3203 727 45814 45377 36781 1964 16288 28898 16479 26115 38463 9431 10666 897 611 51316
is_linear=0
shrinkage=0.03


Tree=2
num_leaves=31
num_cat=0
split_feature=16 26 40 71 58 18 33 39 119 27 33 30 55 25 6 45 22 140 1 36 38 33 16 84 44 16 72 27 37 34
split_gain=175.088 90.8361 84.9424 99.65 71.6842 69.3446 70.0706 100.396 99.5016 70.5573 61.5413 65.6446 57.2294 56.6225 46.9568 44.7199 44.3049 53.7611 44.0685 42.0674 45.4754 38.4791 51.6011 36.1056 35.2079 35.0134 54.9917 35.2848 33.9958 31.6024
threshold=1.2241054177284243 0.021585190668702129 -0.030734675005078312 0.58064553141593944 0.99967268109321605 1.0247294902801516 0.25209435820579534 -0.015913747251033779 0.27178603410720831 0.093774378299713149 0.97828525304794323 -0.005568938795477151 0.93584609031677257 0.033948997035622604 0.30478760600090032 1.030380427837372 1.1317713856697085 0.82035279273986828 0.036672007292509086 0.78529399633407604 -0.0025348505005240436 0.68835970759391796 1.0789536237716677 0.65000000596046459 1.0406779646873476 1.1670506596565249 0.032258350402116782 0.085840988904237761 0.65275800228118908 0.46424159407615667
decision_type=10 10 10 10 10 10 8 10 10 10 10 10 10 10 10 8 10 10 10 10 10 10 10 2 10 8 10 10 8 10
left_child=1 15 3 23 -5 6 9 8 -8 24 11 16 -9 -7 -11 -1 -2 -18 28 -19 -21 -15 -23 25 -4 26 -3 -27 -17 -6
right_child=10 2 5 4 29 13 7 12 -10 14 -12 -13 -14 21 -16 18 17 19 -20 20 -22 22 -24 -25 -26 27 -28 -29 -30 -31
leaf_value=0.0014303155238075652 -0.0063746628651509341 -0.0057943446203964988 -0.0011862481282493538 0 0.0083450411318042508 -0.0069104458117225367 0.010054956282268353 -0.0054081053177966586 0.0013681843859665011 0.0059504916074013389 -0.013486442192515824 0 -0.00030661366372950946 -0.0060311134175810742 -0.002587474314721241 -0.00029734709115803842 0.0016247077289138784 0.0061791762601900134 -0.0059931579642524026 0.022343362537770414 0.0094548806727381904 0.0090104232279237546 -0.0015570257301558998 -0.013674177524614865 -0.0029966446243337459 0.0013446604229689265 0.00031140263008905896 0.011445474461573856 0.0019144278475030588 0.001278115360282222
leaf_weight=41097 119 1504 27059 2071 3117 2897 1509 2012 5889 1771 108 876 93605 858 786 28674 609 810 1053 602 695 565 1327 153 15910 1371 9828 425 7942 834
leaf_count=41097 119 1504 27059 2071 3117 2897 1509 2012 5889 1771 108 876 93605 858 786 28674 609 810 1053 602 695 565 1327 153 15910 1371 9828 425 7942 834
internal_value=0 -9.70754e-05 -0.000481699 0.00138817 0.00458284 -0.000717886 -0.000591168 -0.000154679 0.00320283 -0.00157175 0.00635827 0.00708541 -0.000418206 -0.00398435 0.00320987 0.000746201 0.0092898 0.0101274 0 0.0124055 0.0159133 -0.000765897 0.00150303 -4.25428e-05 -0.00186464 0.000114068 -0.000481315 0.00399981 0.000174981 0.00694281
internal_weight=256076 252257 173491 19303 6022 154188 148541 103015 7398 45526 3819 3711 95617 5647 2557 78766 2835 2716 37669 2107 1297 2750 1892 13281 42969 13128 11332 1796 36616 3951
internal_count=256076 252257 173491 19303 6022 154188 148541 103015 7398 45526 3819 3711 95617 5647 2557 78766 2835 2716 37669 2107 1297 2750 1892 13281 42969 13128 11332 1796 36616 3951
is_linear=0
shrinkage=0.03


Tree=3
num_leaves=31
num_cat=0
split_feature=16 30 16 27 120 57 12 84 39 25 60 1 60 2 52 33 28 97 138 33 30 113 33 31 17 140 16 37 47 15
split_gain=158.658 98.9369 76.4835 74.0779 59.6301 71.1748 56.6756 52.5794 51.6842 51.1921 47.5465 45.0165 53.6586 52.3166 45.4376 44.6277 43.9827 42.2283 50.6527 40.266 48.0257 40.1179 41.7888 36.481 36.2062 38.5723 35.0764 33.4121 53.5397 37.9318
threshold=1.2241054177284243 -0.00038569678144995118 0.93407893180847179 0.090783946216106429 0.25775530934333807 0.92702656984329235 0.98555809259414684 0.84999999403953563 0.021416815929114822 0.013226669281721117 0.90218123793602001 0.022801307030022148 1.043458938598633 -0.90909087657928456 0.95652177929878246 0.33557032048702246 0.0025293598882853989 0.14208064228296283 0.53946739435195934 0.97388815879821788 -0.005568938795477151 0.7500000298023225 0.90928420424461376 0.0067070443183183679 1.1828373074531557 0.7297937572002412 1.0603912472724917 0.50906667113304149 1.2806748151779177 0.9803481698036195
decision_type=10 8 8 10 8 8 10 2 10 10 10 10 10 10 10 10 10 10 10 10 10 10 10 10 10 10 10 10 10 8
left_child=1 2 8 11 6 17 10 9 -1 -7 -3 27 14 -14 -13 -11 -10 -6 -19 20 24 -5 26 -8 -2 -26 -23 29 -29 -4
right_child=19 4 3 21 5 7 23 -9 16 15 -12 12 13 -15 -16 -17 -18 18 -20 -21 -22 22 -24 -25 25 -27 -28 28 -30 -31
leaf_value=-0.0029835167930078958 0.0018317189167576368 -0.010351478756335344 0.0056204056065287276 0.0015891838694452325 0 0.0017293449079149867 -0.0016614995906564225 0.0029188776179333163 0.0027517201651632785 -0.00077868354324799071 0.0037794208140341473 -0.00096885768066436108 -0.0064231011626842433 0.00256405456957725 -0.003362253443837887 0.00063817088857846187 -0.015676151319306594 -0.0040689915803528119 0.0088910765469162358 -0.0091800843446296371 0.00011740390519442936 -0.0016310521459413899 -0.0028989878822224991 0.0026422626792437314 0 0.011872722113348978 0.013865244195475404 0.00075414811988738361 -0.0062848223795954911 -0.00088244508870884185
leaf_weight=2535 664 1010 791 4134 1030 22577 8181 8466 105 31323 224 16618 642 4269 13199 55025 588 266 2077 116 850 115 189 2204 239 1952 705 29542 979 45257
leaf_count=2535 664 1010 791 4134 1030 22577 8181 8466 105 31323 224 16618 642 4269 13199 55025 588 266 2077 116 850 115 189 2204 239 1952 705 29542 979 45257
internal_value=9.24893e-05 0 -0.00062482 -0.000495221 0.000565339 0.000764521 -0.00147688 0.00063767 -0.0051755 0.00045711 -0.00752779 -0.000660286 -0.00155751 0.00130706 -0.00203993 0.000120668 -0.0124644 0.00506116 0.00727078 0.00614375 0.00675077 0.00300749 0.00838311 -0.00071596 0.00860678 0.0104892 0.0113478 -0.000249131 0.000514573 -0.000761837
internal_weight=255872 252051 119668 116440 132383 120764 11619 117391 3228 108925 1234 111297 34728 4911 29817 86348 693 3373 2343 3821 3705 5143 1009 10385 2855 2191 820 76569 30521 46048
internal_count=255872 252051 119668 116440 132383 120764 11619 117391 3228 108925 1234 111297 34728 4911 29817 86348 693 3373 2343 3821 3705 5143 1009 10385 2855 2191 820 76569 30521 46048
is_linear=0
shrinkage=0.03


Tree=4
num_leaves=31
num_cat=0
split_feature=16 30 16 120 25 81 4 41 114 59 80 35 29 4 25 14 46 36 140 33 45 77 34 84 16 114 33 1 0 52
split_gain=138.558 90.2018 67.0849 61.7472 85.3757 90.2012 125.038 74.2667 76.7794 70.2076 58.896 58.6478 54.7063 59.7726 47.794 46.27 47.3524 45.5416 63.0197 44.0461 76.3299 51.7403 41.6216 40.3767 74.7264 43.394 39.9487 39.8301 39.5895 36.8224
threshold=1.2241054177284243 -0.00042249893886037165 0.93407893180847179 0.25775530934333807 0.043483210727572448 0.61666667461395275 0.31578619778156286 0.053564652800560004 0.77049180865287792 0.96533700823783886 0.52500000596046459 0.2033253759145737 0.014018505811691286 0.31818187236785894 0.013341628946363928 0.98209422826766979 1.0194183588027956 0.80502268671989452 0.76397109031677257 0.33557032048702246 1.0433201789855959 0.12500000372529033 0.69861429929733287 -1.0000000180025095e-35 1.114968538284302 0.17948711663484576 0.91226533055305492 0.054196750745177276 0.0301642119884491 0.96480536460876476
decision_type=10 8 8 8 10 2 10 10 10 10 2 10 10 10 10 8 8 10 10 10 10 2 10 2 10 10 10 10 8 10
left_child=1 2 11 28 14 7 9 8 -6 -7 -8 27 15 -14 -5 16 -4 -2 29 20 -16 -21 -9 25 -25 -17 -18 -1 -3 -19
right_child=17 3 12 4 5 6 10 22 -10 -11 -12 -13 13 -15 19 23 26 18 -20 21 -22 -23 -24 24 -26 -27 -28 -29 -30 -31
leaf_value=-0.0024940158565667186 0.0022608681080456315 -0.00094478838856502077 0.0045281832158427324 0.0016122232208418709 0.0023972539193429948 0.027283718238944779 0.01158785329340996 0.0044597332376522568 0.011851264188107983 0 -0.013601487644531942 -0.0095756110714259116 0.02342289554361025 -0.0020813241668722845 1.0531119728184935e-05 0.0010543893203005901 -0.0035134994403829291 0.010350314115386698 0.011820944965956492 -0.00088366694450340059 -0.0035613197794748639 0.0011602704633047552 -0.0078396367025454911 0.00022735580318522687 0.0063553534102748768 -0.00089958021974409074 0.0027970778570145542 0.014733814133521844 -0.0067291956611412818 -0.0084942904091440136
leaf_weight=1720 1942 10459 780 24810 7744 399 124 293 870 118 168 1378 159 112 22891 11726 9596 118 1497 15068 6955 41413 880 16721 2004 73729 928 107 1202 244
leaf_count=1720 1942 10459 780 24810 7744 399 124 293 870 118 168 1378 159 112 22891 11726 9596 118 1497 15068 6955 41413 880 16721 2004 73729 928 107 1202 244
internal_value=4.89304e-05 -3.57379e-05 -0.000637398 0.000498586 0.000700121 0.00327511 0.012869 0.00242685 0.00341208 0.0215212 -0.00188599 -0.00491631 -0.000515505 0.0124329 0.000451373 -0.000550635 -0.00237651 0.00571946 0.00911028 0.00011398 -0.000813598 0.000609559 -0.00449269 -0.000349222 0.000905276 -0.000627766 -0.00292433 -0.00117401 -0.00157722 -0.00134594
internal_weight=256155 252354 118960 133394 121733 10596 809 9787 8614 517 292 3205 115755 271 111137 115484 11304 3801 1859 86327 29846 56481 1173 104180 18725 85455 10524 1827 11661 362
internal_count=256155 252354 118960 133394 121733 10596 809 9787 8614 517 292 3205 115755 271 111137 115484 11304 3801 1859 86327 29846 56481 1173 104180 18725 85455 10524 1827 11661 362
is_linear=0
shrinkage=0.03


Tree=5
num_leaves=31
num_cat=0
split_feature=16 26 40 71 30 140 18 73 25 33 19 49 33 33 58 37 142 42 41 35 23 36 36 84 33 52 16 35 44 78
split_gain=121.575 89.6221 57.7148 103.389 50.0052 46.9607 45.0433 75.5603 62.328 48.5624 46.5861 106.807 48.1924 44.8782 44.5454 43.9896 51.2491 43.8683 41.2698 40.902 40.4305 39.7193 36.4306 35.9765 35.0122 33.7073 46.2322 45.1859 32.6217 46.8088
threshold=1.2241054177284243 0.019946628250181678 -0.030112487263977524 0.58064553141593944 -0.0068273739889264098 0.82035279273986828 1.0241466760635378 0.5000000149011613 0.03985352814197541 0.93000724911689769 0.91597163677215587 0.83075928688049328 0.886456459760666 0.26314339041709905 0.99975594878196727 0.78577449917793285 1.293856739997864 -0.003400894813239574 0.0024095455883070831 0.11956077441573144 0.025812382809817794 0.79206228256225597 0.79206228256225597 0.65000000596046459 0.57051238417625438 0.98243907094001781 1.1536252498626711 0.7068229913711549 1.0706521868705752 0.90000000596046459
decision_type=10 10 10 10 10 10 10 10 10 10 10 10 10 8 10 10 10 8 10 10 10 10 10 2 10 10 8 10 10 10
left_child=1 17 3 23 5 -2 10 8 18 -10 19 12 -12 -13 28 24 -17 -1 -8 -4 -19 -21 -7 25 -16 27 -27 -3 -5 -30
right_child=4 2 6 14 -6 22 7 -9 9 -11 11 13 -14 -15 15 16 -18 20 -20 21 -22 -23 -24 -25 -26 26 -28 -29 29 -31
leaf_value=-1.4471191408414686e-05 0 0.00027688002659985211 0.0080370253373292233 0.0034725497512303632 0 0.0042153072756769194 -0.0046725431424975089 -0.0099027481982370651 0.0063260099718999941 -0.0053285895714922467 0.012272716565873837 -0.0012694366502894062 -0.0015864931096011253 -0.00017786933999749743 0.00067903442412748543 0.018725868371423895 0.0028963899481278975 0.0014586321981320291 0.0086540417378256317 -0.013052551182342101 0.014298351155379542 0.00065027042267549974 0.013222397195646685 -0.014204232076250286 0.0072864065332357876 -0.004921047567826577 0.001725486977890454 0.0095196750196683486 -0.0088797538257679495 0.0064259243878053082
leaf_weight=27916 641 9871 106 1461 1093 824 3167 1187 1227 390 834 50094 252 107359 1453 486 383 37309 191 643 208 208 1198 146 1679 2540 1393 486 548 224
leaf_count=27916 641 9871 106 1461 1093 824 3167 1187 1227 390 834 50094 252 107359 1453 486 383 37309 191 643 208 208 1198 146 1679 2540 1393 486 548 224
internal_value=9.4771e-07 -7.80096e-05 -0.000414528 0.0010743 0.00534521 0.00754882 -0.000602215 -0.00312426 -0.00141373 0.00330105 -0.000502517 -0.000460186 0.00881499 -0.000527176 0.00429956 0.00619805 0.0123088 0.000875514 -0.00377898 -0.00705518 0.00154539 -0.00942087 0.009776 -0.00030175 0.00434005 -0.000119091 -0.00249425 0.000757018 0.000739934 -0.00400982
internal_weight=255517 251761 186328 20670 3756 2663 165658 6162 4975 1617 159496 158539 1086 157453 6234 4001 869 65433 3358 957 37517 851 2022 14436 3132 14290 3933 10357 2233 772
internal_count=255517 251761 186328 20670 3756 2663 165658 6162 4975 1617 159496 158539 1086 157453 6234 4001 869 65433 3358 957 37517 851 2022 14436 3132 14290 3933 10357 2233 772
is_linear=0
shrinkage=0.03


Tree=6
num_leaves=31
num_cat=0
split_feature=16 30 120 25 45 1 0 56 16 35 25 29 42 17 3 129 4 33 30 26 32 26 33 37 37 80 59 86 0 41
split_gain=126.451 81.1344 65.6639 64.9843 75.3441 66.2877 60.5264 58.484 57.4558 65.159 55.2469 45.6237 45.0072 46.9348 42.3249 42.1338 41.503 41.353 48.2473 40.9103 41.8367 40.2367 37.6877 36.4501 36.3548 35.575 36.3631 36.885 33.2575 32.3809
threshold=1.2241054177284243 -0.00042249893886037165 0.25179861485958105 0.043483210727572448 1.1122077703475954 0.028676256537437442 0.0301642119884491 0.91882526874542247 0.93546006083488475 0.2033253759145737 0.01246010744944215 0.014018505811691286 -0.093370448797941194 1.1474024057388308 0.01333335926756263 1.0216743350028994 0.23943659663200381 0.97388815879821788 -0.0070404950529336921 0.021716838702559475 -0.0048883806448429814 0.075452633202075972 0.25209435820579534 0.65275800228118908 0.68760761618614208 0.27500000596046453 0.93031737208366405 0.78333333134651195 -0.0073684302624315015 -0.037257444113492959
decision_type=10 8 8 10 10 10 8 10 8 10 8 10 10 10 10 10 10 10 10 10 10 10 8 10 10 2 10 2 10 10
left_child=1 8 6 10 5 28 -3 -7 9 -1 23 12 13 16 -13 -11 -10 18 -2 24 -21 22 -12 -4 -14 26 27 -8 -5 -23
right_child=17 2 3 4 -6 7 25 -9 11 15 21 14 19 -15 -16 -17 -18 -19 -20 20 -22 29 -24 -25 -26 -27 -28 -29 -30 -31
leaf_value=-0.00064160585804137033 0.0084611385072724775 -0.0009678602766630066 0.0011129038426307492 0.0058055977464102366 -0.0040224607403542166 -0.0044330913087792896 -0.023867336614337518 0.0067344022826268156 0.0063535434689592305 -0.015519157800804203 -0.00080101415424632986 0.019546187410501726 -0.00026501781136699571 -0.0055641809844682406 -0.0017296010783146142 -0.0041974923993526947 0 -0.010393265572863377 0.00083436168144850737 0.0016628124289246983 -0.0012181052282199934 -0.01845223888104397 0.00054560597454552122 0.0041645419732532695 0.0022436609271447995 0.0023236471470034518 -0.00022769062514653649 -0.0074305548327461826 -0.00073332203781089787 0
leaf_weight=1823 2477 9579 15074 873 1205 412 246 5260 2177 600 26061 176 26543 524 101 797 1522 112 1203 4734 73176 169 65461 4794 6412 184 275 436 3020 119
leaf_count=1823 2477 9579 15074 873 1205 412 246 5260 2177 600 26061 176 26543 524 101 797 1522 112 1203 4734 73176 169 65461 4794 6412 184 275 436 3020 119
internal_value=2.63285e-05 -5.46021e-05 0.00045228 0.000651263 0.00287953 0.00378692 -0.00178964 0.00585779 -0.000626327 -0.00457831 0.000433211 -0.000512648 -0.000545345 0.00247236 0.0111844 -0.00942218 0.00371529 0.00545015 0.006067 -0.000663425 -0.00103882 0.00011916 0.000158786 0.00186777 0.000215059 -0.00829474 -0.0106491 -0.0142978 0.000678533 -0.0106918
internal_weight=255545 251753 133168 122448 10770 9565 10720 5672 118585 3220 111678 115365 115088 4223 277 1397 3699 3792 3680 110865 77910 91810 91522 19868 32955 1141 957 682 3893 288
internal_count=255545 251753 133168 122448 10770 9565 10720 5672 118585 3220 111678 115365 115088 4223 277 1397 3699 3792 3680 110865 77910 91810 91522 19868 32955 1141 957 682 3893 288
is_linear=0
shrinkage=0.03


Tree=7
num_leaves=31
num_cat=0
split_feature=16 26 40 36 14 80 54 33 60 1 33 7 44 7 32 1 117 138 151 42 155 72 16 74 127 39 96 39 56 49
split_gain=109.838 75.6698 76.5982 72.5036 45.2744 114.973 103.138 87.8617 82.807 71.387 56.4616 50.2468 47.7553 62.8447 51.304 45.1794 86.917 44.3098 45.0242 42.5204 40.4997 39.8977 47.8483 43.4114 41.6716 44.0167 37.3834 37.0922 51.1879 46.8749
threshold=1.2241054177284243 0.021455070935189727 -0.030734675005078312 0.82376214861869823 0.91246113181114208 0.37500000000000006 0.9965479075908662 0.70705923438072216 0.91864174604415905 0.021420500241220001 0.54681339859962474 0.035066124051809318 1.0475970506668093 -0.015686300583183762 -0.0035028298152610655 0.054196750745177276 0.36453545093536383 0.64218494296073925 0.49366572499275213 -0.003400894813239574 0.16467806696891787 0.086096078157424941 1.1536252498626711 0.15000000223517421 0.10214082896709444 -0.053430551663041108 -0.04657295532524585 0.022611263208091262 1.1546490192413332 0.83075928688049328
decision_type=10 10 10 10 8 2 10 10 10 10 8 10 10 10 10 10 10 10 10 10 10 10 8 2 10 10 10 10 10 10
left_child=1 19 3 21 5 6 20 8 -7 -8 12 -9 14 -14 -6 17 -17 18 -2 -1 -4 22 26 -24 25 -23 -3 29 -29 -12
right_child=15 2 4 -5 10 7 9 11 -10 -11 27 -13 13 -15 -16 16 -18 -19 -20 -21 -22 24 23 -25 -26 -27 -28 28 -30 -31
leaf_value=-0.00011726445420145338 -0.0127800814545442 6.857846263183408e-05 -0.0019304339834907058 0.0066940152487905864 0.0022989062935992077 0.014369312727179584 -0.0072776436068931333 -0.0010207231094757237 0.00016974001817071614 0.008918568727087739 0.015678705811049777 0.013373849939142077 -0.0055465870531165411 -0.0016869194800694712 -0.0011415112466873327 0.019952229683866844 0.0028729010975239457 0.0047042973190089491 0.0031045094893964024 0.0012891158064305013 -0.0089967264446796733 -0.0093246020445565004 -0.0038587546130145066 0.0071343665363891636 -0.0010449705022121934 0.0028554986376543305 -0.0075719320551216997 -0.0029966928823585816 0.0098918023777313218 0
leaf_weight=34503 282 813 3344 2006 4159 1251 273 1661 583 1154 152 228 4903 18875 50192 459 744 2048 283 42994 993 245 511 736 4184 9377 1475 5991 262 61060
leaf_count=34503 282 813 3344 2006 4159 1251 273 1661 583 1154 152 228 4903 18875 50192 459 744 2048 283 42994 993 245 511 736 4184 9377 1475 5991 262 61060
internal_value=-4.12214e-05 -0.000119091 -0.00046665 0.00130701 -0.000689995 0.00130399 -0.00130872 0.00541454 0.0100678 0.00555498 -0.000822146 0.000681445 -0.00137162 -0.00249938 -0.00087198 0.0049952 0.00985447 0.00258624 -0.00447678 0.000659232 -0.00365106 0.000659565 -0.00214299 0.00240299 0.00140091 0.00249555 -0.00474996 -0.000181156 -0.00237903 3.91678e-05
internal_weight=255741 251925 174428 19347 155081 9487 5764 3723 1834 1427 145594 1889 78129 23778 54351 3816 1203 2613 565 77497 4337 17341 3535 1247 13806 9622 2288 67465 6253 61212
internal_count=255741 251925 174428 19347 155081 9487 5764 3723 1834 1427 145594 1889 78129 23778 54351 3816 1203 2613 565 77497 4337 17341 3535 1247 13806 9622 2288 67465 6253 61212
is_linear=0
shrinkage=0.03


Tree=8
num_leaves=31
num_cat=0
split_feature=16 30 16 39 55 36 85 29 40 22 4 4 33 44 14 39 71 120 74 46 39 31 27 15 34 37 38 29 8 33
split_gain=114.605 77.1848 66.3277 65.951 58.976 84.2936 90.4824 51.1909 49.9353 48.2478 46.3527 43.813 43.6179 62.483 47.7221 42.3112 72.6329 42.1987 43.6739 69.7124 46.406 43.0603 50.6064 42.0555 40.9999 40.5625 40.4076 40.7603 40.2005 37.3747
threshold=1.2241054177284243 -0.00042249893886037165 0.93407893180847179 0.021416815929114822 0.93584609031677257 0.80819529294967662 0.87500000000000011 0.014018505811691286 0.055910304188728339 0.91041216254234325 0.31818187236785894 0.19999932497739795 0.26314339041709905 1.0370786786079409 1.0287355780601504 -0.021310533396899697 0.54867228865623485 0.70520225167274486 0.25000000745058065 1.2067979574203493 -0.017676297575235363 -0.0021160290343686934 0.090783946216106429 0.95097270607948314 0.69861429929733287 0.84930959343910228 -0.0023240277078002687 -0.016061522997915741 0.13333204388618472 0.56084024906158458
decision_type=10 8 8 10 8 10 2 10 10 10 10 10 8 8 10 8 10 10 2 10 10 10 10 10 10 10 10 10 10 10
left_child=1 2 3 -1 5 6 24 17 12 -5 -9 -10 13 23 -15 16 -14 21 20 -20 -19 22 -4 -6 -3 -23 29 28 -28 -2
right_child=26 4 7 9 8 -7 -8 10 11 -11 -12 -13 15 14 -16 -17 -18 18 19 -21 -22 25 -24 -25 -26 -27 27 -29 -30 -31
leaf_value=-0.0024662625389414378 0.0025070286591487717 0.0049126099307519747 -0.0018060591089463082 0 -0.0011263009822909612 0.0045085775599982957 -0.022189091725170244 0.021807619959475812 0.018595344771410009 -0.018296814710053552 -0.00045287762345238165 -0.0001957256948015441 0 -0.0036907845420270308 0.0014405760178002197 0.00061779254688345371 0.0056315873249313435 -0.0059737159374753934 0.0015192229677560289 0.011251348889727343 0.0003845377907584881 -0.00036125563805199399 0.002166850705153774 0.0011881407260750149 -0.0075193371227719593 0.0051170799903714308 0 -0.00097308711264859854 0.01504634778816686 0.011694152873842571
leaf_weight=2497 769 288 39369 202 11407 587 327 156 237 471 112 143 3912 7166 2002 83945 4196 1107 4425 788 12075 53159 3030 18273 816 1220 270 1306 324 1154
leaf_count=2497 769 288 39369 202 11407 587 327 156 237 471 112 143 3912 7166 2002 83945 4196 1107 4425 788 12075 53159 3030 18273 816 1220 270 1306 324 1154
internal_value=3.38779e-06 -7.38704e-05 -0.00063152 -0.00490998 0.000420103 -0.00463002 -0.00859593 -0.000510605 0.00050071 -0.0132111 0.0120776 0.0111178 0.000465904 -0.000371635 -0.00253691 0.000822622 0.00289965 -0.000544594 0.000763652 0.00308504 -0.000134934 -0.000796463 -0.00151418 0.000288364 -0.00397961 -0.000230998 0.00514614 0.00180709 0.00824094 0.00823828
internal_weight=255733 251910 118611 3170 133299 2018 1431 115441 131281 673 268 380 130901 38848 9168 92053 8108 115173 18395 5213 13182 96778 42399 29680 1104 54379 3823 1900 594 1923
internal_count=255733 251910 118611 3170 133299 2018 1431 115441 131281 673 268 380 130901 38848 9168 92053 8108 115173 18395 5213 13182 96778 42399 29680 1104 54379 3823 1900 594 1923
is_linear=0
shrinkage=0.03


Tree=9
num_leaves=31
num_cat=0
split_feature=32 26 86 3 42 0 86 55 33 1 4 29 49 40 123 33 137 73 49 39 105 27 119 64 23 85 110 13 38 85
split_gain=79.7919 69.793 72.9097 94.1217 75.4299 67.2934 65.8379 65.2695 63.0266 57.7809 55.7035 50.5633 77.7449 57.0303 42.0461 46.7231 41.1994 43.121 85.1014 53.489 39.2884 37.0495 36.7331 35.932 34.3189 32.9714 42.0694 32.5413 32.2779 31.6571
threshold=-0.0048883806448429814 0.021585190668702129 0.81666666269302379 0.017476509325206283 -0.074287988245487199 0.023447188548743728 -0.58333334326744068 0.93584609031677257 0.93000724911689769 0.036247322335839278 0.41666708886623388 -0.0034230374731123443 0.98133334517478954 -0.028290951624512669 0.22772241383790973 0.9455358386039735 1.0083316564559939 0.90000000596046459 0.93598538637161266 -0.00070750870509073127 0.55277779698371898 0.049809472635388381 0.2926823496818543 0.4083333313465119 0.021280063316226009 0.47499999403953558 0.29705883562564855 0.96343469619750988 -0.0046017481945455066 -0.37499999999999994
decision_type=8 10 2 10 10 10 2 10 10 10 10 10 10 10 10 10 10 10 10 10 2 10 10 8 10 2 2 10 10 2
left_child=6 9 4 14 10 25 8 28 16 23 20 12 -9 -13 22 -16 17 18 -1 -20 -3 -22 -4 -2 -24 -5 -27 -11 -6 -29
right_child=1 2 3 5 7 -7 -8 11 -10 27 -12 13 -14 -15 15 -17 -18 -19 19 -21 21 -23 24 -25 -26 26 -28 29 -30 -31
leaf_value=0.017125020008713989 0 0.0005798701655846968 0.0087235889886344582 -0.00047272671479731799 0 -0.010346133528073551 0.00026969054470813022 -0.0031615653826403529 -0.0045228809949336181 0.00098262031044973777 -0.0024630716967264203 0.0021532800591678651 -0.00051876525959143561 -0.00062032380138815158 -0.00093227633783527029 0.0068042510242750202 -0.00060069593513939468 0.0019153017901367684 0.010273925451995108 -0.00069733979886914049 0 0.0062033883654772845 0.00013413981809245901 0.0013258867486979908 0.0064773808434672115 0.019272575130130296 0.0051172457017919755 0 -0.012240393564612272 -0.0099537911237226172
leaf_weight=948 31686 4273 846 124 210 108 4847 17927 462 598 2232 7138 23446 91715 9290 736 522 918 811 675 1265 3521 3248 44195 1030 553 415 414 652 944
leaf_count=948 31686 4273 846 124 210 108 4847 17927 462 598 2232 7138 23446 91715 9290 736 522 918 811 675 1265 3521 3248 44195 1030 553 415 414 652 944
internal_value=0 -0.000103184 -0.000447033 0.00144994 -0.000652707 0.00948919 0.00274188 -0.000843006 0.00542262 0.000638255 0.00169595 -0.000789371 -0.00167212 -0.000416618 0.000781725 -0.000322066 0.00670287 0.00792602 0.0100367 0.00514806 0.00275689 0.00462763 0.00299266 0.000773316 0.00175422 0.0118715 0.013734 -0.00440425 -0.00901207 -0.00697392
internal_weight=255749 246566 168729 16350 152379 1200 9183 141088 4336 77837 11291 140226 41373 98853 15150 10026 3874 3352 2434 1486 9059 4786 5124 75881 4278 1092 968 1956 862 1358
internal_count=255749 246566 168729 16350 152379 1200 9183 141088 4336 77837 11291 140226 41373 98853 15150 10026 3874 3352 2434 1486 9059 4786 5124 75881 4278 1092 968 1956 862 1358
is_linear=0
shrinkage=0.03


Tree=10
num_leaves=31
num_cat=0
split_feature=32 26 86 86 33 42 4 3 9 55 14 53 88 29 82 24 49 18 39 47 42 23 136 9 54 23 127 46 1 58
split_gain=80.1591 77.8196 67.6379 63.6201 76.7477 62.5289 65.2048 60.5838 77.4488 57.381 73.7865 52.2435 51.5973 50.2022 48.521 49.8898 45.5832 48.9934 42.3041 40.7282 40.5531 38.5703 38.37 37.5102 37.3996 35.7403 57.3585 35.4455 32.4021 30.3333
threshold=-0.0048883806448429814 0.019946628250181678 0.81666666269302379 -0.58333334326744068 0.93287774920463573 -0.076609600335359559 0.42553055286407476 0.017476509325206283 0.98082375526428234 0.93584609031677257 0.89173579216003429 0.97937640547752391 0.11580154299736024 -0.0036131704691797491 0.52500000596046459 0.050025841221213348 0.93598538637161266 1.0379521846771242 -0.024386718869209286 1.0739130377769472 -0.003400894813239574 0.01513141253963113 0.9223122000694276 0.98082375526428234 0.99488553404808056 0.01565725822001696 0.37499545514583593 1.100739657878876 0.05242817476391793 0.98865619301795971
decision_type=10 10 2 2 10 10 10 10 10 10 8 10 10 10 2 10 10 10 10 10 10 10 10 8 8 10 10 10 10 10
left_child=3 20 5 4 11 6 18 14 -9 -7 12 -1 -11 -12 15 -4 22 -18 28 21 -2 -16 27 -5 -25 -10 -27 -13 -3 -20
right_child=1 2 7 23 -6 9 -8 8 25 10 13 16 -14 -15 19 -17 17 -19 29 -21 -22 -23 -24 24 -26 26 -28 -29 -30 -31
leaf_value=-0.0046343735238374437 -9.2331973139485424e-05 -0.0044241351820976651 0.0019464427652821977 0.0062572169954321858 -0.0057477571507886568 -0.0082958506715009196 -0.0031622250597852933 -0.011319543659897907 0.00053915315650415068 -0.0007672956543288721 -0.001699474533327332 0 0.008882414288765789 -0.00047970600473958523 -0.0041478581382958096 -0.0062029374955629712 0.0013053299035250753 0.012964533062200289 -0.00056427462418928221 -0.010003052884864746 0.0014207797740673042 0.004933420641828311 -0.00045250309187741506 -0.0090476919122752381 0.00021097649032688606 0.017447083531458355 -0.0014409949434092395 0.014362146440140427 0.003269878266493853 0.0048206216970528354
leaf_weight=289 27813 1110 12881 830 457 901 2018 139 302 754 42768 132 1187 108768 1112 679 1451 431 1014 570 36243 637 169 407 4301 661 144 1390 821 5484
leaf_count=289 27813 1110 12881 830 457 901 2018 139 302 754 42768 132 1187 108768 1112 679 1451 431 1014 570 36243 637 169 407 4301 661 144 1390 821 5484
internal_value=-3.05384e-05 -0.00013808 -0.000455697 0.0026179 0.00534457 -0.0006434 0.00159122 0.00133206 0.00767689 -0.00079675 -0.000749697 0.00675729 0.00501131 -0.00082612 0.000806295 0.00150775 0.00778286 0.0042414 0.00276955 -0.0031449 0.000759284 -0.000652413 0.0114533 0.000425855 -0.000560858 0.0104869 0.0137517 0.0129586 -0.000999131 0.00393514
internal_weight=255863 246006 181950 9857 4319 164825 10447 17125 1246 154378 153477 3862 1941 151536 15879 13560 3573 1882 8429 2319 64056 1749 1691 5538 4708 1107 805 1522 1931 6498
internal_count=255863 246006 181950 9857 4319 164825 10447 17125 1246 154378 153477 3862 1941 151536 15879 13560 3573 1882 8429 2319 64056 1749 1691 5538 4708 1107 805 1522 1931 6498
is_linear=0
shrinkage=0.03


Tree=11
num_leaves=31
num_cat=0
split_feature=16 25 33 14 23 10 42 26 114 146 122 86 56 48 30 85 122 53 113 1 39 38 1 126 138 110 36 120 23 125
split_gain=109.085 60.095 47.012 86.7133 84.6445 73.2239 66.8853 72.3192 81.2916 74.5665 63.6442 54.2083 58.5087 53.0471 51.7195 51.4533 46.7766 48.6287 43.2142 41.9991 42.2468 64.8966 40.4485 69.0812 46.0872 60.4545 46.7672 61.2822 40.8239 39.2737
threshold=1.2241054177284243 0.012333759106695654 0.5885257124900819 0.92502990365028392 0.03004070091992617 1.0151644945144656 0.10538326948881151 0.062127444893121726 0.92307695746421825 0.54906272888183605 0.35086779296398168 0.68333333730697643 0.96649894118309032 0.95078939199447643 0.0044581519905477771 0.62500000000000011 0.55555555224418651 1.0401597023010256 0.89655235409736644 0.014155029784888031 0.036885138601064689 0.031084746122360233 0.065656580030918135 -0.31308852136135096 0.62219616770744335 -0.35147058963775629 0.80502268671989452 0.69620221853256237 0.018237763084471229 0.48051953315734869
decision_type=10 10 8 8 10 10 10 10 10 10 10 2 10 10 8 2 10 10 10 10 10 10 10 10 10 2 10 10 10 10
left_child=1 -1 3 4 5 29 11 8 -8 -9 -6 12 18 -7 -14 -10 17 -13 -4 -5 -21 -22 24 -24 25 -2 -26 28 -28 -3
right_child=22 2 6 19 10 13 7 9 15 -11 -12 16 14 -15 -16 -17 -18 -19 -20 20 21 -23 23 -25 26 -27 27 -29 -30 -31
leaf_value=0.0011426656849652867 -0.016017581452910282 0.003498974819438509 0 9.0869757225262e-05 -0.018823868215214534 0.017011043644157946 -0.010998075286328551 0.0077351035131036344 0.02024146519041151 -0.010717884112043295 0 0.0016981086716461253 6.6508232884905664e-06 0.0049976594468908626 0.0035526795997376484 -0.0038989764097745396 -0.0054839466346832096 0.0077287439148568202 -0.0067247319733937166 -0.0013156197691462062 0.0062643143285706126 -0.0091537560330450744 0.018272085131682658 9.6415914595127105e-06 0.00084205487565115202 0.0028568332831121306 0 0.0035625166565664492 0.024199302825496864 -0.0036727410802138497
leaf_weight=31146 217 2622 1635 29824 237 559 1445 644 113 253 378 14730 77074 1095 3878 148 701 1337 1946 80111 1367 267 472 354 1257 365 103 715 298 876
leaf_count=31146 217 2622 1635 29824 237 559 1445 644 113 253 378 14730 77074 1095 3878 148 701 1337 1946 80111 1367 267 472 354 1257 365 103 715 298 876
internal_value=-1.1756e-05 -8.88871e-05 -0.000263708 -0.000675765 0.0028933 0.00419089 0.000198771 -0.00452343 -0.00815475 0.00208302 -0.00729417 0.000323941 1.11288e-05 0.00939175 0.000181064 0.0061818 0.00188117 0.00222758 -0.00372677 -0.000863423 -0.0012152 0.00348336 0.00503128 0.0109852 0.0032035 -0.00398054 0.00510936 0.00955228 0.0188431 0.00160703
internal_weight=256167 252386 221240 117336 5767 5152 103904 2603 1706 897 615 101301 84533 1654 80952 261 16768 16067 3581 111569 81745 1634 3781 826 2955 582 2373 1116 401 3498
internal_count=256167 252386 221240 117336 5767 5152 103904 2603 1706 897 615 101301 84533 1654 80952 261 16768 16067 3581 111569 81745 1634 3781 826 2955 582 2373 1116 401 3498
is_linear=0
shrinkage=0.03


Tree=12
num_leaves=31
num_cat=0
split_feature=31 24 30 1 28 44 15 68 10 41 121 77 29 121 98 61 42 64 74 121 35 1 40 72 41 123 23 121 3 120
split_gain=69.3192 68.0383 65.5021 53.3758 46.3809 64.5175 65.8149 47.054 61.1798 44.3188 43.928 43.9115 43.9111 43.5761 51.2351 41.9853 41.1678 40.714 40.6844 38.3206 53.5849 40.7145 37.0043 63.4165 49.8924 44.6221 40.7799 37.114 36.1088 35.0533
threshold=-0.0080658528022468073 0.053826175630092628 -0.00052474101539701213 0.025974092073738578 -0.0094395335763692838 1.0318906903266909 0.95097270607948314 0.94285628199577343 1.0174950361251833 0.0081609678454697149 0.37837846577167517 0.091666668653488173 0.014018505811691286 0.63616314530372631 1.0000000180025095e-35 0.91764709353446972 0.081225369125604643 0.59166666865348827 0.75000000000000011 0.43438915908336645 0.2033253759145737 0.047048021107912071 -0.027710898779332634 0.72631570696830761 -0.050345681607723229 -0.081081494688987718 0.042014449834823615 0.38250218331813818 0.013553535565733911 0.46385540068149572
decision_type=8 10 8 10 8 8 10 10 10 10 10 2 10 10 2 10 10 10 2 10 10 10 8 10 8 10 10 10 10 10
left_child=1 3 12 -1 9 6 7 8 -6 10 17 16 19 -3 -15 -13 -8 -4 29 20 28 -22 23 27 -24 -25 -26 -7 -2 -12
right_child=2 13 4 -5 5 22 11 -9 -10 -11 18 15 -14 14 -16 -17 -18 -19 -20 -21 21 -23 24 25 26 -27 -28 -29 -30 -31
leaf_value=0.005898652232639765 -0.0009484251877439684 0.0013176505375115477 0.0079304825108144055 -0.0016031992258963594 -0.0012596298567543606 -0.0063305915409744883 0.00014614726714682689 0.001778955607763022 0.0027107248531967098 0.013968341878640491 0.0046444298296325409 0.0089907231869406079 0.012828847755842161 -0.00051727290980909996 0.01597915026479052 0.0017238796051536553 -0.0089060497177300118 -0.0086393231135281842 -0.0072670702486850166 -0.00048987183555267459 -0.0048525625820121238 -0.023555726344304636 -0.018755900366170121 0.0021433881250239937 -0.0011558556913808401 0.011449374235568723 -0.012254916564092741 0.0001577738428618713 0.011598992307973094 0.00016637395128375336
leaf_weight=1324 2456 535 1497 2232 28314 895 11564 8150 3927 276 2316 733 197 170 773 37423 449 113 470 108674 2954 101 131 1775 26609 678 288 5404 205 5289
leaf_count=1324 2456 535 1497 2232 28314 895 11564 8150 3927 276 2316 733 197 170 773 37423 449 113 470 108674 2954 101 131 1775 26609 678 288 5404 205 5289
internal_value=7.11039e-06 0.00348672 -6.17837e-05 0.00112343 0.00038131 0.000223113 0.000651095 -0.00024392 -0.000765355 0.00235327 0.00196325 0.00137746 -0.000591435 0.0088815 0.0127447 0.00187598 -0.000181498 0.00649173 0.00100949 -0.000619408 -0.00301958 -0.00571765 -0.000851498 0.000821058 -0.00140439 0.00490863 -0.00129486 -0.000733775 0 0.00157805
internal_weight=255922 5034 250888 3556 136301 126340 90560 40391 32241 9961 9685 50169 114587 1478 943 38156 12013 1610 8075 114390 5716 3055 35780 8752 27028 2453 26897 6299 2661 7605
internal_count=255922 5034 250888 3556 136301 126340 90560 40391 32241 9961 9685 50169 114587 1478 943 38156 12013 1610 8075 114390 5716 3055 35780 8752 27028 2453 26897 6299 2661 7605
is_linear=0
shrinkage=0.03


Tree=13
num_leaves=31
num_cat=0
split_feature=31 62 74 57 120 50 0 43 26 35 12 60 26 37 42 80 117 74 29 41 38 98 115 38 6 41 42 115 5 60
split_gain=61.4621 59.3306 54.3664 75.9954 53.7568 88.6196 67.1589 62.0744 59.4316 49.5583 45.4833 51.4558 41.3144 54.0414 42.1153 40.6071 40.5756 38.1896 37.1981 58.0211 41.5812 40.796 39.9798 36.566 34.6583 33.9037 46.4309 50.935 32.823 32.668
threshold=-0.0080658528022468073 1.0488347411155703 0.25000000745058065 1.1682889461517336 0.25775530934333807 0.87046703696250927 -0.0073684302624315015 1.0041672587394717 0.019691536203026775 0.54255336523056041 0.98555809259414684 0.90218123793602001 0.030106802470982078 0.67994040250778209 -0.093370448797941194 0.27500000596046453 0.41923074424266821 0.35000000894069677 -0.016061522997915741 0.033441795036196716 0.020581153221428398 1.0000000180025095e-35 0.21602486819028857 0.0018541299505159261 0.20000176876783374 0.063969686627388014 0.067416746169328703 0.62962952256202709 0.0051546364556998023 0.92180100083351146
decision_type=8 10 2 10 10 8 10 10 8 10 10 10 10 8 10 2 10 2 10 10 10 2 10 10 10 10 10 10 10 8
left_child=1 23 12 4 10 6 16 -8 28 -10 11 15 13 -2 24 -4 -6 -5 21 -20 -21 -3 -23 -1 -14 26 29 -28 -7 -16
right_child=2 18 3 17 5 8 7 -9 9 -11 -12 -13 14 -15 25 -17 -18 -19 19 20 -22 22 -24 -25 -26 -27 27 -29 -30 -31
leaf_value=0.0032141405405118804 -0.00058585764989350041 -0.00067955512329038374 -0.013045695815725766 -0.00053498697579888992 -0.0057649011558470161 0.0015170181933828724 0.0060153611957065572 0.00021259364753209759 -0.00084842049906009307 0.0005691450902938675 -0.001117017117897713 0.0050223248840136608 -0.00087339694739211866 0.0018688821008968077 -0.0091281195072087738 0.0011405270639341324 0.0077111271589367751 0.0047995818979561806 0 0.0149572133514591 -0.003529307587072253 0.030568539663836675 0.0099121207221294135 -0.004146720223684299 0.0051976404491310508 -0.014187282493337987 -0.0015602157455764959 0.019730327396027859 -0.00040124708806999257 -0.0015762697931846908
leaf_weight=1328 35167 146 818 1469 177 31836 2129 7822 59144 35263 10023 206 1747 10451 523 180 2713 4880 1262 489 100 123 553 1084 1501 180 159 172 10422 33869
leaf_count=1328 35167 146 818 1469 177 31836 2129 7822 59144 35263 10023 206 1747 10451 523 180 2713 4880 1262 489 100 123 553 1084 1501 180 159 172 10422 33869
internal_value=5.7559e-05 0.00331646 -7.56551e-06 0.000303937 0.000174598 0.000326729 0.00270842 0.00149375 0.000100388 -0.000315744 -0.00182158 -0.00732773 -0.00063238 -1.63353e-05 -0.00136074 -0.0102202 0.00674874 0.00352039 0.00637797 0.00370803 0.0113131 0.011803 0.014872 0 0.00185505 -0.00166948 -0.00158783 0.00914229 0.00103686 -0.00170507
internal_weight=255936 5085 250851 167082 160733 149506 12841 9951 136665 94407 11227 1204 83769 45618 38151 998 2890 6349 2673 1851 589 822 676 2412 3248 34903 34723 331 42258 34392
internal_count=255936 5085 250851 167082 160733 149506 12841 9951 136665 94407 11227 1204 83769 45618 38151 998 2890 6349 2673 1851 589 822 676 2412 3248 34903 34723 331 42258 34392
is_linear=0
shrinkage=0.03


Tree=14
num_leaves=31
num_cat=0
split_feature=16 30 115 84 12 27 16 35 33 21 60 6 115 29 71 30 29 32 7 12 119 29 16 18 17 117 55 81 37 7
split_gain=82.8302 64.7656 59.3683 60.5873 58.9658 45.9797 44.749 53.1305 42.5384 40.3507 84.5081 53.4357 46.2602 42.9339 49.7457 39.2843 36.9477 36.4421 63.7965 48.2646 36.0486 35.9228 86.3072 64.8945 60.7355 77.6234 41.3552 38.1673 33.3025 32.1063
threshold=1.2241054177284243 -0.00042249893886037165 0.74603191018104564 0.84999999403953563 0.98555809259414684 0.077257860451936736 0.9327770769596101 0.18933849781751635 0.97388815879821788 0.91568791866302501 0.85157677531242382 0.5714273750782014 0.69092687964439403 0.0037131713470444088 0.48984776437282568 -0.0070404950529336921 4.7274088501580998e-05 -0.00097368506249040354 -0.031042098999023434 1.020682752132416 0.85000130534172069 -0.0034230374731123443 1.114968538284302 1.0241466760635378 1.1154095530509951 0.33212122321128851 1.0917091965675356 0.983333319425583 0.73092833161354076 0.024254177697002891
decision_type=10 8 10 2 10 8 8 10 10 8 10 10 10 10 10 10 10 10 10 10 8 10 10 10 10 10 10 2 10 10
left_child=1 6 3 9 5 -4 7 -1 15 10 12 -12 -3 -11 -15 -2 28 19 -19 29 21 24 23 -23 27 -26 -24 -8 -9 -5
right_child=8 2 4 17 -6 -7 20 16 -10 13 11 -13 -14 14 -16 -17 -18 18 -20 -21 -22 22 26 -25 25 -27 -28 -29 -30 -31
leaf_value=-0.00040185665655047146 0.0071354482072367295 -0.012057582051751928 -0.0042156699007596509 -0.0024090654545969288 -0.00089964238194779086 -0.018860048953901896 -0.0011272388206186163 -0.014718411582388586 -0.011539109977448414 0.00062053031592922039 0.0066839331965730855 -0.0049172998869749856 0.0013875471154460683 -0.0055711156490840562 -0.00039607824791378088 0.00020184488705715515 0 -0.012329003512436015 0.0046342999598622198 0.017719522160987253 0.0014673189634978961 -0.00034858528333389589 0.0043309836184718111 -0.005933586427323204 0.0046370418259302033 -0.003549625605491406 -0.0017138543127630304 0.001419521136698969 -0.00048032841564894747 0.0062934444799015478
leaf_weight=1655 2514 412 939 2238 9847 266 20967 736 116 80866 3072 359 412 1786 25977 1166 353 178 6462 112 7879 57171 5116 1927 1084 13189 1179 6985 241 429
leaf_count=1655 2514 412 939 2238 9847 266 20967 736 116 80866 3072 359 412 1786 25977 1166 353 178 6462 112 7879 57171 5116 1927 1084 13189 1179 6985 241 429
internal_value=1.84145e-06 -6.34508e-05 0.000388659 0.000580847 -0.00170823 -0.00794841 -0.000574825 -0.00420212 0.00438975 0.000384641 0.00324997 0.00536165 -0.00510599 0.000269068 -0.000743558 0.0050326 -0.00863278 0.00289474 0.00409886 0 -0.00047777 -0.000623209 -0.000177329 -0.000537715 -0.00130622 -0.00290126 0.00314949 -0.000479537 -0.0115872 -0.000861151
internal_weight=255633 251837 133355 122303 11052 1205 118482 2985 3796 112884 4255 3431 824 108629 27763 3680 1330 9419 6640 2779 115497 107618 65393 59098 42225 14273 6295 27952 977 2667
internal_count=255633 251837 133355 122303 11052 1205 118482 2985 3796 112884 4255 3431 824 108629 27763 3680 1330 9419 6640 2779 115497 107618 65393 59098 42225 14273 6295 27952 977 2667
is_linear=0
shrinkage=0.03


Tree=15
num_leaves=31
num_cat=0
split_feature=16 26 38 48 3 36 85 83 120 20 33 26 15 25 11 42 1 58 36 140 27 85 32 15 48 24 56 34 1 120
split_gain=85.9113 60.9035 52.3865 69.6888 66.0165 95.3196 44.558 63.4758 61.9801 52.3544 45.21 38.7158 48.6084 48.2779 41.0061 40.5666 38.136 38.0425 36.7788 59.7573 36.1559 35.4807 34.9597 34.8878 34.7887 31.3702 30.8015 28.7122 27.5969 43.3129
threshold=1.2241054177284243 0.021455070935189727 -0.00089384932653047134 0.85378730297088634 0.02490353956818581 0.52192661166191112 0.37500000000000006 0.5000000149011613 0.25179861485958105 0.9673108458518983 0.89256131649017345 0.069634858518838896 0.78516155481338512 0.03633441403508187 0.97116646170616161 0.084290143102407469 0.035042800009250648 0.99367681145668041 0.80502268671989452 0.76397109031677257 0.057469328865408904 0.62500000000000011 -0.0048883806448429814 0.95191192626953136 0.95422077178955089 0.042479265481233604 1.1172513365745547 0.4157340824604035 0.054196750745177276 0.70212742686271679
decision_type=10 10 10 10 10 10 2 10 10 10 10 10 10 10 10 10 10 10 10 10 10 2 10 10 8 10 10 10 10 10
left_child=1 16 4 26 11 17 7 22 21 -10 -9 14 25 -14 20 -16 24 -6 -2 -20 -3 -8 -5 -18 -1 -13 -4 -25 29 -21
right_child=18 2 3 6 5 -7 8 10 9 -11 -12 12 13 -15 15 -17 23 -19 19 28 -22 -23 -24 27 -26 -27 -28 -29 -30 -31
leaf_value=0.0035032921077854527 0.001367633796589825 -0.00020017747092456817 -0.017683428147691301 0.0025182368437955717 0.0067974116243102256 0.015419059548827743 0.0055028760800679326 -0.0045159745051112964 0.0020501146346741214 -0.00057550018977973712 0.00074782939241013595 0.0038461998755663215 -0.0069380771276036941 0.0047980011500894336 -4.9627448636458452e-05 -0.0037629095616586558 0.0016915484825087907 -0.0090204953849873076 -0.0031955862146721549 0.013897114628955515 0.010262073548576051 -0.0038430558838644358 -0.0010545982443752283 -0.0087319415342387036 0.00057737781437529258 -0.012282308610187326 0 0 0.017168981421457299 0.00129361434818198
leaf_weight=3893 1950 452 300 2531 213 592 356 7842 12696 14504 1684 122 307 3749 71889 2738 778 287 332 452 621 4407 49025 1003 71415 279 102 514 410 647
leaf_count=3893 1950 452 300 2531 213 592 356 7842 12696 14504 1684 122 307 3749 71889 2738 778 287 332 452 621 4407 49025 1003 71415 279 102 514 410 647
internal_value=-1.51793e-05 -8.38697e-05 -0.000395564 -0.000880394 0.000158441 0.00741994 -0.000821603 -0.00129667 7.71212e-05 0.000639629 -0.0035544 5.39482e-05 0.00276718 0.00380641 -0.000102526 -0.000190855 0.000613858 -0.00170288 0.00445404 0.00751214 0.00565737 -0.0030617 -0.000872475 -0.00315502 0.000733504 -0.00671318 -0.0130932 -0.00582545 0.0100752 0.00690105
internal_weight=256090 252299 174696 93447 81249 1092 93045 61082 31963 27200 9526 80157 4457 4056 75700 74627 77603 500 3791 1841 1073 4763 51556 2295 75308 401 402 1517 1509 1099
internal_count=256090 252299 174696 93447 81249 1092 93045 61082 31963 27200 9526 80157 4457 4056 75700 74627 77603 500 3791 1841 1073 4763 51556 2295 75308 401 402 1517 1509 1099
is_linear=0
shrinkage=0.03


Tree=16
num_leaves=31
num_cat=0
split_feature=16 26 39 81 42 1 58 51 8 49 139 1 84 28 114 29 0 38 37 40 35 36 34 38 51 140 36 114 19 48
split_gain=80.6861 50.8883 48.6103 55.9322 50.9923 43.5119 40.0539 62.5672 52.5085 49.7447 41.5657 39.9532 38.7882 37.6555 60.3237 53.7076 66.8547 64.5062 36.2261 49.5705 35.3901 34.1557 30.0956 34.2466 43.9721 35.1003 33.7478 58.5706 42.0403 31.1661
threshold=1.2241054177284243 0.021585190668702129 0.0020535106305032973 0.050000002607703216 0.03804032318294049 0.056305507197976119 0.90760317444801342 0.7846202850341798 0.74999290704727184 0.83075928688049328 0.79588678479194652 0.036247322335839278 -1.0000000180025095e-35 0.021143027581274513 0.8163268268108369 0.013010889291763307 0.031366335228085525 0.0036529864883050327 0.84930959343910228 -0.057538347318768494 0.72687390446662914 0.53053730726242077 0.92722076177597057 -0.0016666601877659557 0.97758403420448314 0.76397109031677257 0.81126564741134655 0.31683140993118292 1.0494944453239443 0.92436978220939647
decision_type=10 10 10 2 10 10 10 10 10 10 10 10 2 10 10 10 10 10 10 10 10 10 10 10 10 10 10 10 10 10
left_child=1 11 13 4 -4 21 10 8 -8 -9 -5 12 -1 15 -15 18 17 -17 20 -20 -3 -6 23 25 -25 -2 29 28 -28 -27
right_child=22 2 3 6 5 -7 7 9 -10 -11 -12 -13 -14 14 -16 16 -18 -19 19 -21 -22 -23 -24 24 -26 26 27 -29 -30 -31
leaf_value=-1.7148120189528532e-05 -0.0032961490929673621 -0.00058388535086298442 -0.0046118110826167836 -0.020401238395024644 0.012491717655772044 -0.01171567360213782 0 0.01283405741832558 0.0085994488606986746 -0.0008100519259173119 -0.0029330780921219537 -0.00357353016564893 0.0013272701166883757 -0.024584324466607844 0.0021144963412062963 0.0036757909547200335 -0.013552665419029919 0.01904306776727941 0.011340963211585914 0.0012343612675618084 0.00076491322145786581 0.00054765033680803557 0.017414619909641757 0.0034368610098805806 -0.007116804894341593 -0.0078257326305410865 -0.0086865117223798999 0.0238784084492123 0.010719629357169781 0.0062003160568315898
leaf_weight=37615 238 62148 6246 161 248 192 1284 219 1179 64076 599 2020 38757 124 117 2029 145 282 453 8424 24222 1455 145 1268 466 137 110 271 316 820
leaf_count=37615 238 62148 6246 161 248 192 1284 219 1179 64076 599 2020 38757 124 117 2029 145 282 453 8424 24222 1455 145 1268 466 137 110 271 316 820
internal_value=-1.87522e-05 -8.52658e-05 -0.000372764 -0.00094409 -0.00329932 0.000873024 -0.000654772 -0.000570754 0.00408375 -0.000754937 -0.00744641 0.000547521 0.000661354 6.5609e-05 -0.0113044 9.90327e-05 0.00446143 0.00582699 -1.12183e-05 0.00180816 -0.00020206 0.00258593 0.00432385 0.00362542 0.000380792 0.00640711 0.00800525 0.0131397 0.00487119 0.00376625
internal_weight=255766 251995 173603 75659 8141 1895 67518 66758 2463 64295 760 78392 76372 97944 241 97703 2456 2311 95247 8877 86370 1703 3771 3626 1734 1892 1654 697 426 957
internal_count=255766 251995 173603 75659 8141 1895 67518 66758 2463 64295 760 78392 76372 97944 241 97703 2456 2311 95247 8877 86370 1703 3771 3626 1734 1892 1654 697 426 957
is_linear=0
shrinkage=0.03


Tree=17
num_leaves=31
num_cat=0
split_feature=37 1 116 45 29 38 50 41 101 33 56 46 64 13 33 30 131 24 48 117 116 130 100 41 80 41 21 3 28 35
split_gain=57.415 57.3118 112.252 64.9096 59.7933 56.3389 71.9241 64.0732 50.9116 49.7582 44.8394 63.27 56.7061 48.719 47.6002 45.5339 44.621 42.2034 97.8797 73.0961 45.1944 42.0636 40.697 40.631 71.6345 42.6909 77.0703 65.5224 63.4808 42.5383
threshold=0.65275800228118908 0.054196750745177276 0.3319502472877503 1.109251141548157 -0.00023968318419065324 -1.0000000180025095e-35 0.84440407156944286 -0.052012387663125985 0.38013136386871343 0.44130322337150579 1.1601381897926333 1.0578616261482241 0.90833333134651195 1.1167117953300478 0.52326437830924999 0.0027880120323970918 0.62214851379394542 0.040106849744915969 0.9204043745994569 0.58537963032722484 0.45979639887809759 0.73808959126472484 0.36038962006568914 0.053564652800560004 0.17500000447034839 0.008960574399679901 0.91242483258247387 0.010738260112702848 0.0040816620457917461 0.77190151810646068
decision_type=8 8 10 10 10 10 8 10 2 8 10 8 8 10 8 8 10 10 10 10 10 10 2 10 2 10 10 8 10 10
left_child=10 3 -3 -2 9 6 16 -8 -6 -5 11 23 13 14 -13 -16 -4 18 20 -19 -7 -21 -12 25 -25 26 28 -28 -1 -26
right_child=1 2 5 4 8 17 7 -9 -10 -11 22 12 -14 -15 15 -17 -18 19 -20 21 -22 -23 -24 24 29 -27 27 -29 -30 -31
leaf_value=-0.00072654780276603054 0.00085525196862480321 0.012736617516028214 0 -0.0054519526302101657 0.010318566343655258 -0.0017510730245715526 0.0087970979951199693 -0.0066633119752096273 -0.00039216260519712862 -0.00087898187488364863 0.0057322436576639369 -0.0015438919266420271 -0.0043792278764340576 -0.011377024209011004 -0.00027680281513265174 0.0040058597497579663 0.023518291672792534 0 -0.0053057799777248872 -0.0017132910654995646 0.018476779276798305 -0.02865546378493309 0 -0.012433423328142812 0.00084035961458381683 0.0010581941661495647 -0.0001366796437858832 -0.0043909296869188074 0.014334016279170679 -0.011731417838484049
leaf_weight=375 64895 1011 128 3350 619 102 467 448 929 6467 2067 34753 4250 374 35965 2362 252 431 680 113 304 160 2222 601 1841 36588 49877 3482 567 255
leaf_count=375 64895 1011 128 3350 619 102 467 448 929 6467 2067 34753 4250 374 35965 2362 252 431 680 113 304 160 2222 601 1841 36588 49877 3482 567 255
internal_value=1.13906e-05 0.000676615 0.00413473 0.000485908 -0.00159452 0.00115527 0.00593738 0.000925943 0.0037764 -0.00247789 -0.000291392 -0.000368929 -0.00100209 -0.000801468 -0.000740144 -3.0978e-06 0.0166047 -0.00216605 0.00131899 -0.0078444 0.0128471 -0.0194056 0.00272294 0.000153677 -0.00345358 0.000264754 -0.000264536 -0.000421457 0.00813626 -0.000643776
internal_weight=255935 80356 4096 76260 11365 3085 1295 915 1548 9817 175579 171290 77704 73454 73080 38327 380 1790 1086 704 406 273 4289 93586 2697 90889 54301 53359 942 2096
internal_count=255935 80356 4096 76260 11365 3085 1295 915 1548 9817 175579 171290 77704 73454 73080 38327 380 1790 1086 704 406 273 4289 93586 2697 90889 54301 53359 942 2096
is_linear=0
shrinkage=0.03


Tree=18
num_leaves=31
num_cat=0
split_feature=16 25 86 39 49 3 10 62 52 15 42 27 40 82 52 36 140 40 18 46 82 31 24 24 51 23 79 37 10 41
split_gain=72.8465 54.7186 44.926 45.5688 94.4885 93.7645 107.387 63.8782 62.7791 63.1813 46.2149 44.8146 44.3891 43.5398 43.0242 40.698 45.6063 39.3747 76.3654 60.0722 38.708 36.7387 36.2278 39.5204 106.949 35.1412 34.0149 32.786 24.7465 27.4977
threshold=1.2241054177284243 0.012333759106695654 0.88333332538604747 0.023903429508209232 0.83075928688049328 0.0096617885865271109 1.0199121832847597 0.80527043342590343 0.85216954350471508 0.9803481698036195 0.1126861982047558 0.023373730480670932 -0.040941298007965081 0.42499999701976782 0.72787463665008556 0.80819529294967662 0.76397109031677257 -0.028290951624512669 1.0247294902801516 1.1086018681526186 0.92500001192092907 -0.0073238778859376899 0.066503837704658522 0.018543766811490062 0.77130362391471874 0.017142243683338169 0.25000000745058065 0.65275800228118908 1.018746614456177 -0.012574253603816031
decision_type=10 10 2 10 10 10 10 10 10 8 8 10 10 2 10 10 10 10 10 10 2 10 10 10 10 10 2 10 8 10
left_child=1 27 3 4 5 7 -7 -3 9 10 -5 13 14 -10 -4 -2 -17 19 -19 -6 -13 -11 23 24 -14 -18 -25 28 -1 -30
right_child=15 2 12 8 17 6 -8 -9 11 21 -12 20 22 -15 -16 16 25 18 -20 -21 -22 -23 -24 26 -26 -27 -28 -29 29 -31
leaf_value=0.00073430200896669928 0.00089183733993721654 0 0.022802677855280964 -0.00026003944514096537 0.0020733583982934282 -0.015728231959724798 0.012249512098901067 0.021076092796814321 0 0 -0.010866868122891799 -0.0031528225168484724 -0.028050301496386529 0.018763676411767558 0 -0.0017649567603694469 -0.00023971570660594944 -0.00032676621003228267 -0.0039544559026552187 -0.00096436621653322118 0.00088694782037087368 -0.013112239122084177 -0.013430867362767458 0.0013260829297718876 8.1483714713538263e-05 0.011502820796066736 0.0061910440994677176 0.0027529249710276111 0 -0.0094012000706086458
leaf_weight=21922 1950 174 154 2062 14504 230 219 477 191 247 449 4275 105 185 113 342 218 167784 5392 9650 4064 1051 124 3946 3818 1269 2093 8025 639 444
leaf_count=21922 1950 174 154 2062 14504 230 219 477 191 247 449 4275 105 185 113 342 218 167784 5392 9650 4064 1051 124 3946 3818 1269 2093 8025 639 444
internal_value=-1.85738e-05 -8.18108e-05 -0.000248364 -0.000344293 -0.000231713 0.00844879 -0.00150197 0.0155992 -0.00210088 -0.00531438 -0.00234609 -0.000653082 0.00167427 0.00912728 0.0134283 0.00410321 0.0073181 -0.000282474 -0.000441894 0.000847524 -0.00115075 -0.0107062 0.00130747 0.00154752 -0.000733846 0.00960191 0.00307657 0.00109579 0.000502797 -0.00383967
internal_weight=256116 252337 221307 210954 198430 1100 449 651 12524 3809 2511 8715 10353 376 267 3779 1829 197330 173176 24154 8339 1298 10086 9962 3923 1487 6039 31030 23005 1083
internal_count=256116 252337 221307 210954 198430 1100 449 651 12524 3809 2511 8715 10353 376 267 3779 1829 197330 173176 24154 8339 1298 10086 9962 3923 1487 6039 31030 23005 1083
is_linear=0
shrinkage=0.03


Tree=19
num_leaves=31
num_cat=0
split_feature=16 25 33 42 41 14 81 140 60 3 118 86 56 25 53 87 45 80 26 14 70 1 11 71 132 36 140 26 43 28
split_gain=65.654 48.9538 39.8607 71.4519 79.0397 55.7718 61.5011 67.8119 92.3335 57.037 54.0379 54.023 49.6789 49.1866 40.5919 49.2462 42.4727 38.7114 37.2665 55.8118 67.948 46.9536 42.0479 38.3353 36.8807 35.6642 54.361 34.9288 33.6717 28.6207
threshold=1.2241054177284243 0.012333759106695654 0.5885257124900819 0.10538326948881151 0.030660033226013187 0.92502990365028392 0.61666667461395275 1.2450921535491946 0.91691353917121898 0.01526037370786071 0.083333741873502745 0.68333333730697643 0.95617395639419567 0.037189815193414695 1.0393083691596987 0.94166666269302379 1.1152663826942446 0.32500000298023229 0.026710108853876594 0.97416970133781444 0.53947392106056224 0.037109371274709708 0.97058817744255077 0.82744440436363231 1.2853787541389468 0.80502268671989452 0.74105113744735729 0.055459205061197288 1.0545693635940554 0.010878890287131073
decision_type=10 10 8 10 10 8 2 10 10 10 10 2 10 10 10 2 10 2 10 10 10 10 10 10 10 10 10 8 10 10
left_child=1 -1 5 11 27 6 9 8 -8 28 17 12 -4 -14 15 -13 -16 -6 21 20 -20 -7 -21 -23 -12 -2 -27 -5 -3 -29
right_child=25 2 3 4 10 18 7 -9 -10 -11 24 14 13 -15 16 -17 -18 -19 19 22 -22 23 -24 -25 -26 26 -28 29 -30 -31
leaf_value=0.0010938952388135777 0.00094319915397584719 7.0542478090705225e-05 -0.004634573713104966 -0.0051532327247788062 -0.0066939776616902749 0.00013720669678020324 0.023230170464840501 -0.0023824746999156284 0.0036280107176928735 0.0091141360807278655 -0.015024897615224658 0.00079251565190085441 -0.00015696633981246975 0.0017329967405924889 0.0089083562350484279 0.0062394750086614938 -0.0027931272029419803 0.0049359513836239243 -0.0080316960239868035 0.0019952398567866579 -0.0019482715691500787 -0.006855684377286151 -0.00094063115339013603 0.0038574834631174889 0 -0.0043256214073052052 0.009175201507330713 0 -0.0094098408111657848 0.015086499616922976
leaf_weight=31298 1976 3461 1948 186 680 44784 386 361 579 586 826 13468 67387 15118 1294 1698 299 363 1899 4809 14822 1489 43491 323 143 278 1562 171 347 261
leaf_count=31298 1976 3461 1948 186 680 44784 386 361 579 586 826 13468 67387 15118 1294 1698 299 363 1899 4809 14822 1489 43491 323 143 278 1562 171 347 261
internal_value=4.30927e-05 -1.49053e-05 -0.000173247 0.000252857 -0.00460147 -0.00055288 0.0023192 0.00794718 0.0120859 0.000524539 -0.00752336 0.000382844 7.02311e-05 0.000186046 0.00193834 0.00142953 0.00651864 -0.00234743 -0.000703141 -0.00116729 -0.00266585 -4.87966e-05 -0.000641407 -0.00476098 -0.0126311 0.00393868 0.00694953 0.00437867 -0.000759627 0.00919283
internal_weight=256293 252477 221179 103842 2630 117337 5720 1326 965 4394 2012 101212 84453 82505 16759 15166 1593 1043 111617 65021 16721 46596 48300 1812 969 3816 1840 618 3808 432
internal_count=256293 252477 221179 103842 2630 117337 5720 1326 965 4394 2012 101212 84453 82505 16759 15166 1593 1043 111617 65021 16721 46596 48300 1812 969 3816 1840 618 3808 432
is_linear=0
shrinkage=0.03


Tree=20
num_leaves=31
num_cat=0
split_feature=16 26 33 27 30 53 123 13 14 49 44 10 42 15 81 30 48 1 1 41 43 34 41 15 84 141 82 49 38 33
split_gain=66.263 52.2446 54.4505 49.8423 46.0296 61.2694 61.1981 61.4144 53.0463 46.7802 44.9883 55.8236 49.7007 44.9249 42.3655 47.5397 39.9966 46.2411 39.0216 38.4756 36.9071 36.8781 36.4005 36.2625 35.088 33.4634 33.3832 31.1114 43.366 57.4098
threshold=1.2241054177284243 0.021585190668702129 0.26314339041709905 0.093774378299713149 -0.00042249893886037165 0.99215781688690197 0.66666588187217724 0.90890604257583629 0.92277643084526073 0.83075928688049328 1.0385021567344668 1.0191977620124819 -0.023207068443298336 1.1338622570037844 0.38333334028720861 0.0054483066778630027 0.98906156420707714 0.029366318136453632 0.036672007292509086 -0.008586639538407324 1.0131063461303713 0.88182419538497936 -0.019952580332756039 0.94573059678077709 -0.15000000223517415 1.8734753131866457 0.075000002980232253 0.96770977973937999 -0.00010637249215506016 0.62300246953964245
decision_type=10 10 8 10 10 10 8 8 8 10 10 10 10 8 2 10 10 10 10 10 10 10 10 10 2 10 2 10 10 10
left_child=1 18 3 10 5 13 7 -6 -9 -7 16 12 -12 22 19 -16 17 -3 24 -8 -5 27 -4 -20 -1 -13 -11 -2 29 -29
right_child=21 2 4 20 6 9 14 8 -10 26 11 25 -14 -15 15 -17 -18 -19 23 -21 -22 -23 -24 -25 -26 -27 -28 28 -30 -31
leaf_value=-2.3816449790529102e-05 0.0054057262879340781 -0.0018752628481164952 -0.020522844426509899 0.0095405808859988922 -0.016123450617862703 0.012682704060088167 -0.007900404851623348 0.0043440147461508627 0.00081112258038940977 0.0016489065749675095 0.0002886147577596503 -0.0057911637353263981 -0.0031989721632153249 0.0067425201713648807 -0.0017632228199765839 -0.0090080768718928273 0.0019244428592495627 0.0014844536891634606 0.0018822429327378307 0.00049550674759994207 0.00077056598821005878 0.011660405775012091 -0.0036294606711219598 -0.0065232055872043769 0.001251879807644331 0.0054865553765853893 -0.00064680546363070303 -0.0060905803458061163 -0.0073020584154669397 0.0079984602201715899
leaf_weight=36344 1705 18068 107 521 164 227 497 4258 41919 6386 6605 4993 7878 331 4562 1031 4363 4515 628 9654 2692 481 5955 1298 40529 206 48473 361 526 723
leaf_count=36344 1705 18068 107 521 164 227 497 4258 41919 6386 6605 4993 7878 331 4562 1031 4363 4515 628 9654 2692 481 5955 1298 40529 206 48473 361 526 723
internal_value=-4.26696e-05 -0.000103188 -0.000395243 -0.00123235 -5.5013e-05 -0.000638967 0.00051843 0.00107061 0.00114513 -0.000309767 -0.00148554 -0.00258068 -0.00158956 -0.00341896 -0.00108713 -0.00317951 -0.000673178 -0.00118957 0.000535639 4.02146e-05 0.00233567 0.00387897 -0.00404348 -0.00363715 0.000645006 -0.00526751 -0.000373597 0.00259679 -0.000223668 0.00300937
internal_weight=256000 252204 173405 49841 123564 61479 62085 46341 46177 55086 46628 19682 14483 6393 15744 5593 26946 22583 78799 10151 3213 3796 6062 1926 76873 5199 54859 3315 1610 1084
internal_count=256000 252204 173405 49841 123564 61479 62085 46341 46177 55086 46628 19682 14483 6393 15744 5593 26946 22583 78799 10151 3213 3796 6062 1926 76873 5199 54859 3315 1610 1084
is_linear=0
shrinkage=0.03


Tree=21
num_leaves=31
num_cat=0
split_feature=32 8 138 86 47 42 13 6 5 78 34 120 57 138 53 43 129 12 60 23 70 5 75 25 74 38 74 48 38 113
split_gain=62.0894 52.797 54.5135 57.0842 47.6197 58.0337 53.7526 50.814 47.4531 43.6168 43.1642 37.3731 59.8571 56.6247 43.2907 74.2506 41.0953 40.2656 45.4106 38.566 43.1023 38.1748 37.8237 37.1176 37.0839 35.5668 62.1911 41.2693 40.1598 33.6784
threshold=-0.0047129248268902293 0.85365960001945507 0.81042277812957775 -0.58333334326744068 1.0942491888999941 -0.074287988245487199 1.1167117953300478 0.1428572088479996 0.028140609152615074 0.30000000447034841 0.87832194566726696 0.25775530934333807 0.92702656984329235 0.58965885639190685 0.99643388390541088 1.0102508664131167 1.4036295413970949 0.98555809259414684 0.89943584799766552 0.019968523643910888 0.94736853241920482 0.0076465976890176543 0.77500000596046459 0.021665811538696293 0.15000000223517421 -0.011840352322906254 0.94999998807907116 0.88710486888885509 0.017990693449974064 0.91211137175560009
decision_type=8 10 8 2 8 8 10 10 10 10 10 8 8 10 10 10 10 10 10 10 10 10 2 10 2 8 2 8 10 10
left_child=1 2 8 9 11 7 25 -6 -1 -4 24 17 13 19 15 -15 -16 18 29 -13 -21 22 23 -14 -11 26 -7 -27 -29 -2
right_child=4 -3 3 -5 5 6 -8 -9 -10 10 -12 12 21 14 16 -17 -18 -19 -20 20 -22 -23 -24 -25 -26 27 -28 28 -30 -31
leaf_value=-0.002351631809286308 -0.014847884497194638 0.0078074772669654031 0.012637158268387974 0.00039884387773490089 -0.0008930543541173651 -0.0039563409450624216 -0.016688797624038229 0.003187747077635038 0.010537952574702691 -0.0045757336779717215 0.017076925410430741 0.0051110105008219959 0.00054351887561465933 0.0066712717016415438 0.012418674598869656 -0.0095412272034544436 0 -0.0007354579262503335 0.0038142745988443494 -0.017798193095127222 0.0025002042977497556 -0.00083282589701664232 0.001322907616795325 -0.0010627664607231317 0.0053206659969028142 -0.0085784614302923008 0.0089351376192644237 -0.00069539249867241063 0.0034922684745418314 -0.002709474000776692
leaf_weight=3463 509 1341 791 2861 4621 5300 174 6413 252 510 171 201 47432 835 1134 334 294 10103 252 219 110 22251 35606 17740 868 573 328 88851 2069 472
leaf_count=3463 509 1341 791 2861 4621 5300 174 6413 252 510 171 201 47432 835 1134 334 294 10103 252 219 110 22251 35606 17740 868 573 328 88851 2069 472
internal_value=-2.93894e-05 0.00225364 0.00136915 0.00336317 -0.000126046 -0.000597197 -0.000833046 0.00145306 -0.00134522 0.00682629 0.00354449 0.000243022 0.00039321 0.00448531 0.00634867 0.00170424 0.0098675 -0.00139971 -0.00650448 -0.00399856 -0.0103975 0.000286052 0.000536184 0.00010149 0.00143034 -0.00079812 -0.00312293 -0.000651185 -0.000596051 -0.00947811
internal_weight=256078 10257 8916 5201 245821 108329 97295 11034 3715 2340 1549 137492 126156 3127 2597 1169 1428 11336 1233 530 329 123029 100778 65172 1378 97121 5628 91493 90920 981
internal_count=256078 10257 8916 5201 245821 108329 97295 11034 3715 2340 1549 137492 126156 3127 2597 1169 1428 11336 1233 530 329 123029 100778 65172 1378 97121 5628 91493 90920 981
is_linear=0
shrinkage=0.03


Tree=22
num_leaves=31
num_cat=0
split_feature=32 26 39 25 125 38 79 17 99 25 28 140 81 73 70 53 34 81 48 6 122 35 35 86 43 18 46 110 13 51
split_gain=66.3273 50.895 47.922 49.3267 50.7534 51.4476 61.7347 48.1728 45.5265 40.8837 43.2772 40.4147 47.4348 40.2794 41.5432 65.1546 44.7132 39.8518 46.3722 38.3816 38.0126 37.5742 33.0072 40.8693 32.8081 31.2533 30.4193 58.8096 46.1658 62.1075
threshold=-0.0048883806448429814 0.021455070935189727 0.016193234361708168 0.042165674269199378 -0.60678949952125538 -0.023208932019770142 0.15000000223517421 0.95330163836479198 0.58571431040763866 0.021213211119174961 -0.008278868626803158 0.78155651688575756 0.61666667461395275 0.90000000596046459 0.28658550977706915 1.0496872067451479 0.87832194566726696 0.050000002607703216 0.90927946567535411 0.15384650975465777 0.43464696407318121 0.45299281179904943 0.47194719314575201 -0.81666666269302357 1.0020954608917239 1.0247294902801516 1.0715184211730959 -0.051315790042281144 0.94077667593956005 0.77130362391471874
decision_type=8 10 10 10 10 10 2 10 2 10 10 8 2 10 10 10 10 2 10 10 10 10 10 2 10 10 10 2 8 10
left_child=11 -2 3 7 -5 8 -7 9 -6 20 -11 -1 -13 14 15 -14 -17 18 21 -16 -3 -4 23 -9 -15 -24 28 -28 -19 -30
right_child=1 2 17 4 5 6 -8 22 -10 10 -12 12 13 24 19 16 -18 26 -20 -21 -22 -23 25 -25 -26 -27 27 -29 29 -31
leaf_value=-0.002008063186195003 0.00055880377838083729 0.0035376539751282728 0.013135173857650336 0.0089983891535320784 0 0.0034113551269850028 9.429376044357878e-06 -0.0045520459582976906 -0.012399334972040378 0.0024841073233165794 -0.00063137947664936381 0.00050523608404259878 -0.0004153284252918772 0.011769096389547994 0.017991840722877531 0.0064765532588706865 0.02683140557008775 -0.002754601046239361 -0.006958477552982156 0.0064857866683107031 0 -0.0031626436751449128 0 -0.0011413397871555383 -0.0016925230965611885 -0.0031352738686012179 -0.00072283475441808735 -0.0053835665257532857 0.016841893471753761 0.00099850338201364314
leaf_weight=1409 76791 6185 184 695 620 7252 14655 3538 460 4721 25740 3256 1162 173 505 721 118 3243 2194 860 4710 276 38207 36272 979 3070 8134 3587 216 5814
leaf_count=1409 76791 6185 184 695 620 7252 14655 3538 460 4721 25740 3256 1162 173 505 721 118 3243 2194 860 4710 276 38207 36272 979 3070 8134 3587 216 5814
internal_value=1.17258e-05 -8.04241e-05 -0.000371356 -0.000166206 0.00108307 0.000823096 0.00115135 -0.000410417 -0.00546252 0.000417846 -0.00013737 0.00251335 0.00337438 0.00536464 0.00701836 0.00396385 0.0102466 -0.00162513 -0.00510944 0.0111576 0.00199505 0.00300715 -0.000836546 -0.00145412 0.000239424 -0.000233239 -0.00116593 -0.00218146 8.73445e-05 0.00166941
internal_weight=255747 246564 169773 146125 23682 22987 21907 122443 1080 41356 30461 9183 7774 4518 3366 2001 839 23648 2654 1365 10895 460 81087 39810 1152 41277 20994 11721 9273 6030
internal_count=255747 246564 169773 146125 23682 22987 21907 122443 1080 41356 30461 9183 7774 4518 3366 2001 839 23648 2654 1365 10895 460 81087 39810 1152 41277 20994 11721 9273 6030
is_linear=0
shrinkage=0.03


Tree=23
num_leaves=31
num_cat=0
split_feature=16 25 86 55 49 33 42 5 34 33 53 33 39 36 33 49 54 10 102 24 1 5 80 114 59 81 121 7 52 37
split_gain=66.4895 47.732 46.1258 56.2412 59.8069 52.0513 40.5918 71.2773 42.4944 37.0006 35.8854 44.5075 35.2446 29.3342 40.9879 66.5448 43.6852 28.7636 27.9281 27.8389 32.9716 64.372 32.7697 38.924 30.9476 30.8161 27.5207 26.4057 24.4626 24.4281
threshold=1.2241054177284243 0.012333759106695654 0.81666666269302379 0.93584609031677257 0.83075928688049328 0.93000724911689769 -0.076609600335359559 0.0031120133353397255 0.093478672206401839 0.97828525304794323 0.99739933013916027 0.95209285616874706 0.032438790425658233 0.68935194611549389 0.64410218596458446 0.96386396884918224 1.0929987430572512 1.0191977620124819 0.40450862050056463 0.060206362977623946 0.035042800009250648 0.0074999828357249507 0.12500000372529033 0.58730128407478344 0.99682220816612255 0.050000002607703216 0.3098957240581513 0.041211575269699104 0.90362593531608593 0.65667176246643078
decision_type=10 8 2 8 8 10 8 10 10 10 10 10 10 10 10 10 10 10 2 10 10 10 2 10 10 2 10 10 10 10
left_child=1 17 3 10 5 12 7 -6 -8 13 11 -3 -5 -2 15 18 -17 29 -15 20 22 26 24 -24 -4 -21 -22 -23 -19 -1
right_child=9 2 19 4 6 -7 8 -9 -10 -11 -12 -13 -14 14 -16 16 -18 28 -20 25 21 27 23 -25 -26 -27 -28 -29 -30 -31
leaf_value=0.00071331154874506707 0.00033752843483886449 -0.013918037827090302 -0.0017323917643030371 0.012183782937099888 -0.0020854588117577718 -0.0070335225007008935 0.00047776208328859847 0.0034289776691243568 -0.00065638176120108702 -0.011878343323711306 0.0032175869679832384 0.0034689029334878472 -0.0023815911303639152 0.014351101052375081 0.0098899493157843365 -0.011172065030891951 0.0079184989418302262 0.0072010198508963936 0.00095915604917935912 -0.014175974239270745 -0.0032975570547099115 0.0093233865955332264 -0.0025705741264016057 0.0028486505889860929 0.0045891644902455904 0.001507702272917543 0.0033447734224630052 0 -0.0055719220746322344 0.0027224599223399067
leaf_weight=21656 1184 620 5548 769 3087 169 36471 6271 154811 100 169 126 137 318 1360 379 113 121 335 201 1008 1589 1363 7013 759 162 1201 253 926 7601
leaf_count=21656 1184 620 5548 769 3087 169 36471 6271 154811 100 169 126 137 318 1360 379 113 121 335 201 1008 1589 1363 7013 759 162 1201 253 926 7601
internal_value=7.15831e-06 -5.11183e-05 -0.000204911 -0.000338935 -0.00030333 0.00667558 -0.000342879 0.00157733 -0.000438543 0.00394219 -0.00769301 -0.0105758 0.00965345 0.00451367 0.00635042 0.00179114 -0.00606346 0.00106364 0.00815925 0.00120034 0.001376 0.00378211 0.00068751 0.00192704 -0.000912122 -0.00668013 0.000176797 0.00789628 -0.00370731 0.00124704
internal_weight=255820 252031 221727 202630 201715 1075 200640 9358 191282 3789 915 746 906 3689 2505 1145 492 30304 653 19097 18734 4051 14683 8376 6307 363 2209 1842 1047 29257
internal_count=255820 252031 221727 202630 201715 1075 200640 9358 191282 3789 915 746 906 3689 2505 1145 492 30304 653 19097 18734 4051 14683 8376 6307 363 2209 1842 1047 29257
is_linear=0
shrinkage=0.03


Tree=24
num_leaves=31
num_cat=0
split_feature=16 46 120 25 34 119 26 12 25 77 51 68 71 86 38 79 68 35 86 82 107 106 32 4 54 49 45 52 4 61
split_gain=58.5404 46.8517 39.3133 81.5241 67.7143 58.1248 81.2592 45.2219 48.3184 41.6534 43.4575 38.4673 90.5131 82.4853 53.2025 54.5809 43.8876 40.4167 47.6138 39.1724 43.6152 41.4175 37.9467 49.1983 62.3962 37.216 36.2164 40.4263 35.6476 34.6908
threshold=1.2241054177284243 1.0630272030830386 0.25775530934333807 0.043913342058658607 0.30460597574710851 0.32026118040084844 0.073785979300737395 0.98555809259414684 0.053325301036238677 0.091666668653488173 0.94855156540870678 0.32608763873577123 0.58064553141593944 -0.11666667088866232 -0.010928943287581204 0.15000000223517421 0.11999981477856637 0.79430988430976879 -0.81666666269302357 0.22500000149011615 0.51639783382415783 0.4629120826721192 -0.0048883806448429814 0.36363737285137182 0.98443832993507396 0.98579952120780956 1.0255634188652041 0.8309859335422517 0.22221968322992328 0.86289671063423168
decision_type=10 10 8 10 10 10 10 10 8 2 8 10 10 2 8 2 10 8 2 2 2 2 10 10 10 10 10 8 10 10
left_child=1 2 7 9 -5 6 -6 8 -1 10 -4 12 14 22 15 25 29 18 -16 21 -21 -15 23 -13 -25 -3 27 -11 -19 -14
right_child=-2 11 3 4 5 -7 -8 -9 -10 26 -12 13 16 19 17 -17 -18 28 -20 20 -22 -23 -24 24 -26 -27 -28 -29 -30 -31
leaf_value=-0.0021752434678319974 0.0036773556951431282 -0.015761314351454794 -0.001691664817096426 0.0086773801656371691 0.0023012498592656768 -0.003704741101317278 0.01982324537060505 -0.00068480149875362235 -0.015402699906813335 -0.00064464611758472149 0.00059073911588542773 0.0044895104710717662 -0.0022440526271396773 -0.0040985209179516023 -0.0022791720859007712 -0.0019053571137389023 0.0016082457557455212 0.0039736870629307666 0.00020613751623611026 -0.007596468847805295 -0.002165529084985528 0.0018721694076016793 -0.00080810772609077298 -0.019170807400970373 0 0.00052168930020054865 -8.1627854837950732e-07 0.0016148632728086045 2.1080945670378964e-05 0.01110512246062483
leaf_weight=832 3795 438 16970 1813 3050 1227 248 10234 389 8568 13186 2722 157 2153 8785 5536 1646 4059 32008 3142 2669 1922 41100 158 930 125 44908 37604 4448 1142
leaf_count=832 3795 438 16970 1813 3050 1227 248 10234 389 8568 13186 2722 157 2153 8785 5536 1646 4059 32008 3142 2669 1922 41100 158 930 125 44908 37604 4448 1142
internal_value=-9.68815e-06 -6.66529e-05 0.000300851 0.000453845 0.003769 0.00170685 0.00382082 -0.00137472 -0.00681145 0.000277468 -0.00068399 -0.000520874 1.01777e-05 -0.00109158 -0.000257895 -0.0028974 0.00512185 6.36034e-05 -0.000322592 -0.00357495 -0.00516946 -0.00121376 -0.000536893 0.00229942 -0.00289122 -0.0117376 0.000599174 0.00118898 0.00194709 0.0092547
internal_weight=255964 252169 139029 127574 6338 4525 3298 11455 1221 121236 30156 113140 58344 54796 55399 6099 2945 49300 40793 9886 5811 4075 44910 3810 1088 563 91080 46172 8507 1299
internal_count=255964 252169 139029 127574 6338 4525 3298 11455 1221 121236 30156 113140 58344 54796 55399 6099 2945 49300 40793 9886 5811 4075 44910 3810 1088 563 91080 46172 8507 1299
is_linear=0
shrinkage=0.03


end of trees

feature_importances:
RSQR5=38
ROC30=30
KLEN=23
STD20=20
STD30=20
RESI60=17
BETA20=15
RSQR20=15
RSQR30=15
RESI5=15
BETA10=14
RESI10=14
RESI30=14
IMXD30=14
RSQR60=13
RESI20=12
MIN10=12
SUMN20=12
STD60=11
RSQR10=11
WVMA20=11
STD5=10
BETA60=10
KUP=9
KUP2=9
ROC20=9
MIN5=9
HIGH0=8
ROC10=8
MAX20=8
QTLU5=8
QTLD20=8
IMIN30=8
KMID=7
MA5=7
STD10=7
MAX10=7
MAX30=7
MIN60=7
QTLU30=7
IMAX10=7
IMIN20=7
IMXD10=7
IMXD20=7
KSFT=6
VWAP0=6
ROC60=6
BETA5=6
QTLU20=6
RSV30=6
SUMP10=6
KLOW=5
KLOW2=5
ROC5=5
BETA30=5
MAX5=5
MIN30=5
QTLD5=5
RSV5=5
IMIN60=5
SUMP5=5
SUMP20=5
SUMP60=5
SUMN30=5
WVMA5=5
MAX60=4
QTLU10=4
SUMN10=4
KSFT2=3
LOW0=3
MA30=3
QTLU60=3
QTLD10=3
RANK10=3
RSV20=3
RSV60=3
IMAX5=3
IMAX60=3
IMIN10=3
CNTD20=3
SUMN60=3
SUMD5=3
KMID2=2
OPEN0=2
MA10=2
MA60=2
MIN20=2
QTLD30=2
QTLD60=2
IMIN5=2
CNTP5=2
CNTP60=2
SUMP30=2
SUMD20=2
SUMD60=2
VMA10=2
WVMA10=2
WVMA30=2
MA20=1
RSV10=1
IMAX20=1
IMXD5=1
IMXD60=1
CORR5=1
CORD30=1
CORD60=1
CNTP10=1
CNTP20=1
CNTP30=1
CNTN20=1
CNTN30=1
CNTN60=1
SUMN5=1
SUMD30=1
VMA20=1
VMA30=1
VMA60=1
VSTD30=1
VSTD60=1
WVMA60=1
VSUMP30=1
VSUMN30=1
VSUMD20=1

parameters:
[boosting: gbdt]
[objective: regression]
[metric: l2]
[tree_learner: serial]
[device_type: cpu]
[data_sample_strategy: bagging]
[data: ]
[valid: ]
[num_iterations: 500]
[learning_rate: 0.03]
[num_leaves: 31]
[num_threads: 12]
[seed: 20260814]
[deterministic: 1]
[force_col_wise: 1]
[force_row_wise: 0]
[histogram_pool_size: -1]
[max_depth: 7]
[min_data_in_leaf: 100]
[min_sum_hessian_in_leaf: 0.001]
[bagging_fraction: 0.8]
[pos_bagging_fraction: 1]
[neg_bagging_fraction: 1]
[bagging_freq: 1]
[bagging_seed: 20260814]
[bagging_by_query: 0]
[feature_fraction: 0.8]
[feature_fraction_bynode: 1]
[feature_fraction_seed: 20260814]
[extra_trees: 0]
[extra_seed: 17475]
[early_stopping_round: 0]
[early_stopping_min_delta: 0]
[first_metric_only: 0]
[max_delta_step: 0]
[lambda_l1: 10]
[lambda_l2: 20]
[linear_lambda: 0]
[min_gain_to_split: 0]
[drop_rate: 0.1]
[max_drop: 50]
[skip_drop: 0.5]
[xgboost_dart_mode: 0]
[uniform_drop: 0]
[drop_seed: 29730]
[top_rate: 0.2]
[other_rate: 0.1]
[min_data_per_group: 100]
[max_cat_threshold: 32]
[cat_l2: 10]
[cat_smooth: 10]
[max_cat_to_onehot: 4]
[top_k: 20]
[monotone_constraints: ]
[monotone_constraints_method: basic]
[monotone_penalty: 0]
[feature_contri: ]
[forcedsplits_filename: ]
[refit_decay_rate: 0.9]
[cegb_tradeoff: 1]
[cegb_penalty_split: 0]
[cegb_penalty_feature_lazy: ]
[cegb_penalty_feature_coupled: ]
[path_smooth: 0]
[interaction_constraints: ]
[verbosity: 1]
[saved_feature_importance_type: 0]
[use_quantized_grad: 0]
[num_grad_quant_bins: 4]
[quant_train_renew_leaf: 0]
[stochastic_rounding: 1]
[linear_tree: 0]
[max_bin: 255]
[max_bin_by_feature: ]
[min_data_in_bin: 3]
[bin_construct_sample_cnt: 200000]
[data_random_seed: 20260812]
[is_enable_sparse: 1]
[enable_bundle: 1]
[use_missing: 1]
[zero_as_missing: 0]
[feature_pre_filter: 1]
[pre_partition: 0]
[two_round: 0]
[header: 0]
[label_column: ]
[weight_column: ]
[group_column: ]
[ignore_column: ]
[categorical_feature: ]
[forcedbins_filename: ]
[precise_float_parser: 0]
[parser_config_file: ]
[objective_seed: 27057]
[num_class: 1]
[is_unbalance: 0]
[scale_pos_weight: 1]
[sigmoid: 1]
[boost_from_average: 1]
[reg_sqrt: 0]
[alpha: 0.9]
[fair_c: 1]
[poisson_max_delta_step: 0.7]
[tweedie_variance_power: 1.5]
[lambdarank_truncation_level: 30]
[lambdarank_norm: 1]
[label_gain: ]
[lambdarank_position_bias_regularization: 0]
[eval_at: ]
[multi_error_top_k: 1]
[auc_mu_weights: ]
[num_machines: 1]
[local_listen_port: 12400]
[time_out: 120]
[machine_list_filename: ]
[machines: ]
[gpu_platform_id: -1]
[gpu_device_id: -1]
[gpu_device_id_list: ]
[gpu_use_dp: 0]
[num_gpu: 1]

end of parameters

pandas_categorical:null
