tree
version=v4
num_class=1
num_tree_per_iteration=1
label_index=0
max_feature_idx=157
objective=regression
feature_names=KMID KLEN KMID2 KUP KUP2 KLOW KLOW2 KSFT KSFT2 OPEN0 HIGH0 LOW0 VWAP0 ROC5 ROC10 ROC20 ROC30 ROC60 MA5 MA10 MA20 MA30 MA60 STD5 STD10 STD20 STD30 STD60 BETA5 BETA10 BETA20 BETA30 BETA60 RSQR5 RSQR10 RSQR20 RSQR30 RSQR60 RESI5 RESI10 RESI20 RESI30 RESI60 MAX5 MAX10 MAX20 MAX30 MAX60 MIN5 MIN10 MIN20 MIN30 MIN60 QTLU5 QTLU10 QTLU20 QTLU30 QTLU60 QTLD5 QTLD10 QTLD20 QTLD30 QTLD60 RANK5 RANK10 RANK20 RANK30 RANK60 RSV5 RSV10 RSV20 RSV30 RSV60 IMAX5 IMAX10 IMAX20 IMAX30 IMAX60 IMIN5 IMIN10 IMIN20 IMIN30 IMIN60 IMXD5 IMXD10 IMXD20 IMXD30 IMXD60 CORR5 CORR10 CORR20 CORR30 CORR60 CORD5 CORD10 CORD20 CORD30 CORD60 CNTP5 CNTP10 CNTP20 CNTP30 CNTP60 CNTN5 CNTN10 CNTN20 CNTN30 CNTN60 CNTD5 CNTD10 CNTD20 CNTD30 CNTD60 SUMP5 SUMP10 SUMP20 SUMP30 SUMP60 SUMN5 SUMN10 SUMN20 SUMN30 SUMN60 SUMD5 SUMD10 SUMD20 SUMD30 SUMD60 VMA5 VMA10 VMA20 VMA30 VMA60 VSTD5 VSTD10 VSTD20 VSTD30 VSTD60 WVMA5 WVMA10 WVMA20 WVMA30 WVMA60 VSUMP5 VSUMP10 VSUMP20 VSUMP30 VSUMP60 VSUMN5 VSUMN10 VSUMN20 VSUMN30 VSUMN60 VSUMD5 VSUMD10 VSUMD20 VSUMD30 VSUMD60
feature_infos=[-0.15450645983219147:0.33106967806816101] [0:0.33106967806816101] [-1:1] [0:0.27153289318084717] [0:1] [0:0.19577737152576447] [0:1] [-0.31147539615631104:0.33106967806816101] [-1:1] [0.75127547979354858:1.1827411651611328] [1:1.365384578704834] [0.75127547979354858:1] [0.90894031524658203:1.0877940654754639] [0.62103557586669922:1.6790908575057983] [0.51279789209365845:1.8924485445022583] [0.43777582049369812:2.2146341800689697] [0.40953221917152405:2.740487813949585] [0.32686084508895874:2.649662971496582] [0.8043818473815918:1.3455072641372681] [0.69517505168914795:1.4951817989349365] [0.58934980630874634:1.7117466926574707] [0.53464740514755249:1.9959673881530762] [0.46012550592422485:1.8649090528488159] [0:0.26957115530967712] [0:0.32280367612838745] [0:0.36472421884536743] [0:0.57258552312850952] [0:0.50059491395950317] [-0.16409091651439667:0.17131471633911133] [-0.11732283234596252:0.17131471633911133] [-0.11732283234596252:0.17131471633911133] [-0.11732283234596252:0.17131471633911133] [-0.11732283234596252:0.17131471633911133] [0:1] [0:1] [0:1] [0:1] [0:1] [-0.11478264629840851:0.13264167308807373] [-0.24554997682571411:0.20802642405033112] [-0.40848860144615173:0.27287426590919495] [-0.44566619396209717:0.27581575512886047] [-0.96870207786560059:0.36147966980934143] [1:1.6472727060317993] [1:1.9298244714736938] [1:2.2439024448394775] [1:3.3160974979400635] [1:3.3160974979400635] [0.58144122362136841:1] [0.49132096767425537:1] [0.42983227968215942:1] [0.39746984839439392:1] [0.31774049997329712:1] [0.86334514617919922:1.4843636751174927] [0.78309857845306396:1.7869091033935547] [0.69679319858551025:2.054157018661499] [0.57799351215362549:2.423609733581543] [0.52150630950927734:2.3250908851623535] [0.70860719680786133:1.2689855098724365] [0.53621649742126465:1.4057971239089966] [0.45107382535934448:1.5574545860290527] [0.43389230966567993:1.5740000009536743] [0.37328624725341797:1.5950908660888672] [0.20000000298023224:1] [0.10000000149011612:1] [0.05000000074505806:1] [0.033333335071802139:1] [0.01666666753590107:1] [0:1] [0:1] [0:1] [0:1] [0:1] [0.20000000298023224:1] [0.10000000149011612:1] [0.05000000074505806:1] [0.033333335071802139:1] [0.01666666753590107:1] [0.20000000298023224:1] [0.10000000149011612:1] [0.05000000074505806:1] [0.033333335071802139:1] [0.01666666753590107:1] [-0.80000001192092896:0.80000001192092896] [-0.89999997615814209:0.89999997615814209] [-0.94999998807907104:0.94999998807907104] [-0.96666663885116577:0.96666663885116577] [-0.98333334922790527:0.98333334922790527] [-1:1] [-1:1] [-1:1] [-1:1] [-1:1] [-1:1] [-1:1] [-1:1] [-1:1] [-1:1] [0:1] [0:1] [0:0.94999998807907104] [0:0.90909093618392944] [0:0.90909093618392944] [0:1] [0:1] [0:0.89999997615814209] [0:0.8571428656578064] [0:0.8571428656578064] [-1:1] [-1:1] [-0.83333331346511841:0.90909093618392944] [-0.83333331346511841:0.90909093618392944] [-0.83333331346511841:0.90909093618392944] [0:1] [0:1] [0:1] [0:1] [0:1] [0:1] [0:1] [0:1] [0:1] [0:1] [-1:1] [-1:1] [-1:1] [-1:1] [-1:1] [0.20013266801834106:26452.083984375] [0.10012400150299072:23627.859375] [0.050104878842830658:26698.134765625] [0.033777147531509399:28136.5] [0.017187755554914474:26107.111328125] [0.00080492562847211957:59102.5] [0.0021778203081339598:49210.34375] [0.0021778203081339598:56418.4921875] [0.0021778203081339598:57003.12109375] [0.0021778203081339598:42065.70703125] [0:2.2360680103302002] [0:3.1615598201751709] [0:4.4708261489868164] [0:5.465825080871582] [0:7.5986995697021484] [0:1] [0:1] [0:1] [0:1] [0:1] [0:1] [0:1] [0:1] [0:1] [0:1] [-1:1] [-1:1] [-1:1] [-1:1] [-1:1]
tree_sizes=3092 3074 3048 3014 3092 3088 3064 3093 3041 3088 3062 3046 3107

Tree=0
num_leaves=31
num_cat=0
split_feature=16 26 40 71 1 63 30 140 14 55 10 14 41 84 36 35 138 92 86 40 42 23 29 22 48 6 15 23 51 124
split_gain=179.764 106.024 74.5144 93.714 64.9441 57.8398 56.6924 74.45 55.099 106.441 86.281 68.8509 64.6469 54.3953 50.578 42.5951 41.7439 41.1982 39.9928 42.6954 39.3612 71.527 46.5489 79.9757 50.8119 42.0485 38.4048 36.1218 34.9362 36.5882
threshold=1.2241054177284243 0.021585190668702129 -0.030112487263977524 0.58064553141593944 0.036247322335839278 0.38750000298023229 -0.0068273739889264098 0.76397109031677257 0.92502990365028392 0.93584609031677257 1.0189633965492251 0.84237992763519298 0.060648048296570785 -1.0000000180025095e-35 0.80502268671989452 0.88447773456573497 1.0677575469017031 0.70047160983085643 0.71666666865348827 -0.0362821128219366 -0.076609600335359559 0.0083329798653721827 -0.0036131704691797491 1.0956898927688601 0.98114407062530529 0.086956296116113677 0.94784930348396312 0.016788416542112831 0.86922532320022594 0.17880775034427646
decision_type=10 10 10 10 10 10 10 10 8 10 10 10 10 2 10 10 10 10 2 10 10 8 10 10 10 10 10 10 10 10
left_child=1 4 3 -3 13 28 7 -2 9 12 11 -11 17 -1 -9 -12 -14 -4 19 -7 21 -10 24 -24 -22 -23 -6 -16 29 -5
right_child=6 2 8 5 26 18 -8 14 20 10 15 -13 16 -15 27 -17 -18 -19 -20 -21 22 25 23 -25 -26 -27 -28 -29 -30 -31
leaf_value=0.00015079599623478887 -0.00232847124490732 -0.00015826029096954251 0.0047410369056883469 0.011639294014944332 0.001045229261574924 -0.0063791717672534885 0.00051528971627572162 0.0050787705117878489 0.016985528358967581 0.014412999571588623 0.0094998574228218023 0.00041736935137398016 -0.014001130524006117 0.0017580187763031841 2.4078637920326876e-11 -0.0012455912112236791 -0.0013797215727698394 -0.012503833669114497 0.0063737618642958627 0.0030663373003474133 -0.0031822190082030325 -0.0039089005874477388 -0.00088424286697971104 0.0029409086994983021 -0.00083435804757328559 0.002263469691137172 -0.0073394527953158182 0.016826938336744944 0.0029060538546482649 0.0026703396131779454
leaf_weight=37936 401 13748 621 1528 670 923 1114 945 239 310 1767 9701 751 38766 163 344 428 131 702 729 16448 1273 94453 5139 17653 4059 1352 1140 1707 708
leaf_count=37936 401 13748 621 1528 670 923 1114 945 239 310 1767 9701 751 38766 163 344 428 131 702 729 16448 1273 94453 5139 17653 4059 1352 1140 1707 708
internal_value=8.50016e-06 -8.77298e-05 -0.00050339 0.00121029 0.000823702 0.00423672 0.0065007 0.00888265 -0.000729526 0.00104983 0.00211138 0.000908537 -0.00541367 0.00096726 0.0110177 0.00761279 -0.00976896 0.00110224 0.000371939 -0.00204478 -0.000911358 0.0015342 -0.00101572 -0.0006833 -0.0019768 0.000724679 -0.00443121 0.0149562 0.0064548 0.00898122
internal_weight=255849 252086 173362 20045 78724 6297 3763 2649 153317 14053 12122 10011 1931 76702 2248 2111 1179 752 2354 1652 139264 5571 133693 99592 34101 5332 2022 1303 3943 2236
internal_count=255849 252086 173362 20045 78724 6297 3763 2649 153317 14053 12122 10011 1931 76702 2248 2111 1179 752 2354 1652 139264 5571 133693 99592 34101 5332 2022 1303 3943 2236
is_linear=0
shrinkage=1


Tree=1
num_leaves=31
num_cat=0
split_feature=16 26 33 13 50 14 36 9 10 46 56 29 27 86 30 45 6 36 140 57 44 12 10 34 17 115 13 59 88 25
split_gain=185.689 107.568 73.675 73.0458 111.673 68.8321 70.5684 66.9509 65.7467 75.4505 69.7321 69.983 64.5238 62.1272 57.6727 55.2381 54.0201 53.1794 75.6868 49.9826 47.9061 53.122 47.5349 46.1444 40.7165 50.2357 35.5838 35.2416 34.5313 33.8002
threshold=1.2241054177284243 0.021455070935189727 0.31925892829895025 0.98283842206001293 0.89757266640663158 0.89173579216003429 0.56448331475257885 0.982466220855713 1.017699182033539 1.0043612718582156 0.90102112293243419 -0.0007697656110394745 0.093774378299713149 -0.81666666269302357 -0.0062813381664454928 1.0307692885398867 0.30478760600090032 0.80502268671989452 0.76397109031677257 1.1805399060249331 1.0385021567344668 1.0030604004859927 1.0162429213523867 0.53325554728508007 0.70159921050071727 0.74033161997795116 1.1167117953300478 0.93031737208366405 0.13048079609870913 0.058373376727104194
decision_type=10 10 8 8 10 8 8 10 8 10 10 10 10 2 10 8 10 10 10 10 10 10 10 10 8 10 10 10 10 10
left_child=1 15 5 8 24 6 28 -8 9 29 -10 -12 20 14 -6 -1 23 -2 -19 -11 21 -7 -22 -14 -5 -26 -15 -9 -3 -4
right_child=17 2 3 4 13 12 7 27 10 19 11 -13 16 26 -16 -17 -18 18 -20 -21 22 -23 -24 -25 25 -27 -28 -29 -30 -31
leaf_value=0.0015525722302025496 0.0028464806091743691 0.0028039233192583982 0.0020992384924849133 -0.0052153686077873549 0.0030065023490101995 -0.0018047965881747665 -0.015013559724622708 0.015117777629477334 -0.013285309654623269 -0.0024196675241421051 -0.0081350815578838543 0.0039498509800815224 0.0012634493523801787 0.00063240989976258953 -0.0026496133501092037 -4.2587196544257924e-05 -0.0032115129599502188 -0.0017288176974373695 0.013143311976239943 0.003544384907836842 -0.0018814859661524235 0.0010008767711577522 -0.0048945267042171019 0.0099711684039405449 0.0060622654777669595 -0.002675525203347206 -0.0051788457304456255 -0.0023586688547515156 0.024841352873609973 -0.0074751733246324744
leaf_weight=41198 1964 147 5594 327 1846 22133 165 196 230 29653 443 4592 1498 56111 10760 36465 1026 338 1497 1264 14863 8203 7333 948 4949 610 935 143 198 322
leaf_count=41198 1964 147 5594 327 1846 22133 165 196 230 29653 443 4592 1498 56111 10760 36465 1026 338 1497 1264 14863 8203 7333 948 4949 610 935 143 198 322
internal_value=-2.65697e-05 -0.000127167 -0.000541566 -0.000110177 0.000445054 -0.00142854 0.00688969 0 -0.00111331 -0.0015662 0.00199221 0.00279924 -0.00156241 0.000104767 -0.00179413 0.000799919 0.00235131 0.00653755 0.0102531 -0.002164 -0.00182758 -0.00103609 -0.00289393 0.00481347 0.00440706 0.00504352 0.000530123 0.00718935 0.0169416 0.00150415
internal_weight=255951 252152 174489 117636 75538 56853 849 504 42098 36833 5265 5035 56004 69652 12606 77663 3472 3799 1835 30917 52532 30336 22196 2446 5886 5559 57046 339 345 5916
internal_count=255951 252152 174489 117636 75538 56853 849 504 42098 36833 5265 5035 56004 69652 12606 77663 3472 3799 1835 30917 52532 30336 22196 2446 5886 5559 57046 339 345 5916
is_linear=0
shrinkage=0.03


Tree=2
num_leaves=31
num_cat=0
split_feature=16 26 27 33 42 86 13 14 25 42 18 49 3 84 1 35 82 44 38 36 140 23 1 111 23 54 80 48 23 10
split_gain=156.038 105.482 78.7194 86.903 69.5618 75.6353 67.0331 63.3792 55.8819 54.9838 51.8275 88.6803 104.932 60.2835 54.6266 57.9418 52.6853 50.5574 62.0279 49.6833 80.613 49.6258 44.9716 44.5319 41.9232 41.639 37.7766 29.9263 26.232 26.7203
threshold=1.2241054177284243 0.019946628250181678 0.07648158818483354 0.37453159689903265 0.1126861982047558 0.75000000000000011 0.98283842206001293 0.88468468189239513 0.035503849387168891 -0.003400894813239574 0.94165822863578807 0.83075928688049328 0.0086805764585733431 0.75000000000000011 0.034638535231351859 0.85941463708877575 0.17500000447034839 1.0406779646873476 -0.0026025996776297684 0.80819529294967662 0.76397109031677257 0.010700463782995941 0.012078101746737959 1.0000000180025095e-35 0.017023563385009769 0.97339993715286266 0.17500000447034839 0.96688908338546764 0.025812382809817794 1.0201613306999209
decision_type=10 10 10 8 10 2 8 8 10 8 10 10 10 2 10 10 2 10 10 10 10 10 10 2 10 10 2 10 10 10
left_child=1 9 3 7 5 6 -5 -3 -7 -1 23 12 16 -14 21 -16 -12 18 -9 -2 27 -13 -19 -4 -22 26 -6 -21 29 -11
right_child=19 2 10 4 25 8 -8 17 -10 28 11 14 13 -15 15 -17 -18 22 -20 20 24 -23 -24 -25 -26 -27 -28 -29 -30 -31
leaf_value=-2.5731430554144974e-05 0.0024990361167094117 0.010439766660610984 -3.0710720433133474e-05 -0.0016509195340610827 -0.017730283177753582 0.00091976483777916353 0.00015501982669850214 0.00067889957957428197 0.0055697457720151602 0.0017874844393830852 0 0.0030104526832187258 0.0078778239611080134 -0.013888700413592359 0.0036624241936559889 -0.003634513149658767 0.024151036839634446 0.0015529629683483849 -0.0019015015805331614 0.007407315481784655 0 -0.0010118270147131321 -0.0032877305713437522 -0.020378567378406917 0.014700366102485238 0.00033907618461537876 -0.0025763534892432609 -0.0093441807966190959 0.012272011759309944 -0.0029364677244702558
leaf_weight=28101 1997 364 271 26347 405 9948 61180 12660 3118 36441 115 3498 273 167 7992 1059 396 1796 23979 123 213 12699 19422 163 1274 323 320 226 200 1046
leaf_count=28101 1997 364 271 26347 405 9948 61180 12660 3118 36441 115 3498 273 167 7992 1059 396 1796 23979 123 213 12699 19422 163 1274 323 320 226 200 1046
internal_value=2.73406e-05 -6.29853e-05 -0.000428442 -0.000681179 -0.00014845 -6.45692e-05 -0.000385422 -0.00160568 0.00205915 0.000968263 0.0010767 0.00125999 0.010188 0 0.000904031 0.00276945 0.0191743 -0.00169023 -0.00100182 0.0060198 0.00961947 -0.000122011 -0.00286279 -0.00889475 0.0126696 -0.00776688 -0.0116931 -0.00254586 0.001717 0.00164618
internal_weight=256116 252283 186495 159862 101641 100593 87527 58221 13066 65788 26633 26199 951 440 25248 9051 511 57857 36639 3833 1836 16197 21218 434 1487 1048 725 349 37687 37487
internal_count=256116 252283 186495 159862 101641 100593 87527 58221 13066 65788 26633 26199 951 440 25248 9051 511 57857 36639 3833 1836 16197 21218 434 1487 1048 725 349 37687 37487
is_linear=0
shrinkage=0.03


Tree=3
num_leaves=31
num_cat=0
split_feature=16 26 27 42 47 125 9 51 45 1 93 30 140 18 51 58 11 17 39 2 3 13 36 38 36 37 15 85 85 114
split_gain=163.168 82.8155 72.048 57.3733 55.5954 71.7433 69.2004 55.0949 53.7863 49.907 49.367 42.3023 55.4545 39.4223 38.7853 38.6391 50.8126 49.738 49.0435 46.457 35.6624 34.9975 34.9354 39.2596 34.6276 32.9741 34.2001 30.9582 30.2338 30.1064
threshold=1.2241054177284243 0.021585190668702129 0.074942935258150115 0.12159738317131998 1.0540279150009157 -0.47893744707107538 1.0080007910728457 0.76289436221122753 1.0296478867530825 0.035433042794466026 0.80181956291198742 -0.0068273739889264098 0.82267063856124889 0.99848991632461559 0.87723788619041454 0.90760317444801342 0.9747738540172578 0.82840237021446239 0.019420007243752483 0.30769516527652746 0.017476509325206283 1.0684797167778017 0.80502268671989452 -0.0023240277078002687 0.43285301327705389 0.65667176246643078 1.0209806561470034 0.77500000596046459 -0.32500000298023218 0.36486478149890905
decision_type=10 10 10 10 10 10 10 10 8 10 10 10 10 10 10 10 10 10 10 10 10 8 10 10 10 8 10 2 2 10
left_child=1 8 3 4 6 21 20 -5 -1 25 15 12 -2 -7 -8 19 17 -17 -18 -4 -3 -6 -14 -24 -12 -10 -27 -9 -11 -13
right_child=11 2 10 7 5 13 14 27 9 28 24 29 22 -15 -16 16 18 -19 -20 -21 -22 -23 23 -25 -26 26 -28 -29 -30 -31
leaf_value=0.0014853213290231791 3.1889490524907015e-05 -0.00055992838109663874 0.0060674814096093174 -0.00027126635826613392 0.00070471224523236493 -0.002051864461299444 0.0055168312843363633 -0.0046507594127407565 -0.0003460186598264035 0 0 -0.0036527770841689581 0.0054491888766840949 -0.00078811249914482464 0.0010933445950860464 0 0.00040407831387242354 0.005504405652835968 -0.0046665726185569252 -0.014538364045987589 0.0046036415381339076 0.0060259711718663699 0.020900555109172794 0.0080676518069145477 0.0070114228564039762 0 0.003971962496357174 -0.027121846403880805 -0.0094568532281346721 0.0058494063021426092
leaf_weight=40123 638 32072 105 352 6030 36965 2905 148 29159 447 953 552 890 58860 5198 2587 17300 3315 1883 299 1222 1402 505 627 1884 4296 3620 163 784 581
leaf_count=40123 638 32072 105 352 6030 36965 2905 148 29159 447 953 552 890 58860 5198 2587 17300 3315 1883 299 1222 1402 505 627 1884 4296 3620 163 784 581
internal_value=2.06254e-06 -8.993e-05 -0.000456424 -0.000727379 -0.000684086 -0.00105696 0.000238798 -0.0094371 0.000717578 -7.91103e-05 0.000922569 0.00616271 0.00823594 -0.00127907 0.00272582 0.000489838 0.000652244 0.00308282 -8.23752e-05 -0.00844175 -0.000358753 0.00176227 0.010652 0.0143165 0.00467479 0.00011175 0.00183239 -0.0182617 -0.0059771 0.000976674
internal_weight=255865 252072 173643 145317 144654 103257 41397 663 78429 38306 28326 3793 2660 95825 8103 25489 25085 5902 19183 404 33294 7432 2022 1132 2837 37075 7916 311 1231 1133
internal_count=255865 252072 173643 145317 144654 103257 41397 663 78429 38306 28326 3793 2660 95825 8103 25489 25085 5902 19183 404 33294 7432 2022 1132 2837 37075 7916 311 1231 1133
is_linear=0
shrinkage=0.03


Tree=4
num_leaves=31
num_cat=0
split_feature=16 26 40 71 58 113 18 73 27 16 11 36 138 1 52 1 34 102 48 84 1 35 23 84 13 67 83 41 117 13
split_gain=124.37 89.8516 77.1324 115.448 56.8247 53.3613 49.713 95.4275 48.7598 50.4617 68.6898 48.0642 50.9351 83.284 46.8199 46.0014 43.6412 43.1856 44.6354 42.8727 49.5128 44.3012 42.5612 39.9654 39.6204 38.1374 37.8404 37.4159 35.241 34.6099
threshold=1.2241054177284243 0.021585190668702129 -0.029501157812774178 0.58064553141593944 0.99975594878196727 0.46285705268383032 1.0247294902801516 0.5000000149011613 0.07648158818483354 0.73792055249214183 0.97058817744255077 0.80502268671989452 0.64218494296073925 0.058631887659430511 0.84896609187126171 0.036247322335839278 0.46424159407615667 0.54316771030426036 0.98013687133789074 0.65000000596046459 0.054196750745177276 0.76541343331336986 0.017142243683338169 -1.0000000180025095e-35 1.0684797167778017 0.033615820109844215 -0.50000001490116108 -0.0024577444419264789 0.57850265502929699 0.96343469619750988
decision_type=10 10 10 10 10 10 10 10 10 10 10 10 10 10 10 10 10 2 10 2 10 10 10 2 8 10 10 10 10 10
left_child=1 15 3 19 5 26 8 24 17 -10 -11 -2 13 -13 16 23 -6 18 -4 20 25 -22 -14 -1 27 -3 -5 -8 -19 -17
right_child=11 2 6 4 14 -7 7 -9 9 10 -12 12 22 -15 -16 29 -18 28 -20 -21 21 -23 -24 -25 -26 -27 -28 -29 -30 -31
leaf_value=0.00014071548261885688 0.001810556564839906 -0.0031552635886381258 -0.0016370331000161401 0.0024737976358342297 0.011285941108715943 0.0087484264048436726 -0.004365653231440462 -0.011865379568735752 -0.0063088323515047597 0.0045246352869331759 0.00011626843041190152 -0.00609024440181397 0 0.018102368319211578 0.0024699074448543703 0.0015684045669409176 0.001002691298705438 -0.00090328578074952675 -0.00039522983490301671 -0.015318500401435653 0.0028436824887522853 0.01961112330608113 0.014207754811414675 0.0015208048334357366 0.0035300444595107697 0.00035461682439635075 -0.006003786279765359 0.0055598798756781101 0.0015982062754238021 -0.0064514414806974519
leaf_weight=37838 1991 3999 59617 866 1970 543 2888 1007 844 4059 15157 408 199 161 1724 656 543 9422 47636 149 1415 152 1116 38762 990 8699 934 345 10739 1359
leaf_count=37838 1991 3999 59617 866 1970 543 2888 1007 844 4059 15157 408 199 161 1724 656 543 9422 47636 149 1415 152 1116 38762 990 8699 934 345 10739 1359
internal_value=-3.46062e-05 -0.000117884 -0.000499756 0.00119903 0.00448797 0.000588039 -0.000735399 -0.00361645 -0.000630716 0.000735546 0.00106678 0.00528358 0.00873871 0.00062802 0.00656121 0.000721953 0.00920787 -0.000848255 -0.00108846 -0.000285723 -8.64755e-05 0.00488582 0.0119615 0.000843214 -0.00153208 -0.00073039 -0.00177793 -0.00318659 0.000414562 -0.00370334
internal_weight=256188 252313 173698 20994 6580 2343 152704 5230 147474 20060 19216 3875 1884 569 4237 78615 2513 127414 107253 14414 14265 1567 1315 76600 4223 12698 1800 3233 20161 2015
internal_count=256188 252313 173698 20994 6580 2343 152704 5230 147474 20060 19216 3875 1884 569 4237 78615 2513 127414 107253 14414 14265 1567 1315 76600 4223 12698 1800 3233 20161 2015
is_linear=0
shrinkage=0.03


Tree=5
num_leaves=31
num_cat=0
split_feature=16 30 120 16 27 12 60 57 138 33 97 115 26 42 80 42 30 80 13 40 86 44 12 39 15 10 17 23 36 48
split_gain=130.997 79.6685 70.6486 64.8992 65.3532 60.4102 61.8187 56.1132 48.9414 47.9459 46.7451 44.5951 49.4526 45.826 43.8314 43.6322 43.1223 39.4335 39.43 57.4679 58.4422 47.7115 38.4856 37.9852 66.3722 36.3556 42.5761 35.1605 34.443 33.1094
threshold=1.2241054177284243 -0.0004898679326288401 0.25775530934333807 0.9327770769596101 0.090783946216106429 0.98555809259414684 0.90218123793602001 0.92702656984329235 0.58965885639190685 0.96605226397514354 0.14208064228296283 0.26753807067871099 0.024736619554460052 -0.0058547372464090577 0.27500000596046453 -0.072000797837972627 -0.0056914482265710822 0.42499999701976782 1.1045160889625552 -0.042520815506577485 0.84999999403953563 1.0370786786079409 0.97878319025039684 0.022611263208091262 0.96816477179527294 1.0085634589195254 0.70159921050071727 0.016666632145643238 0.80502268671989452 0.97688439488410961
decision_type=10 8 8 8 10 10 10 8 10 10 10 8 10 10 2 10 10 2 10 8 2 8 10 10 10 10 10 10 10 10
left_child=1 3 5 23 11 6 14 8 -4 16 -10 -5 13 -13 -3 -14 27 -6 19 20 -9 -21 -12 29 -25 -19 -27 -2 -29 -1
right_child=9 2 7 4 17 -7 -8 18 10 -11 22 12 15 -15 -16 -17 -18 25 -20 21 -22 -23 -24 24 -26 26 -28 28 -30 -31
leaf_value=-7.2803422942221567e-07 -0.00013095115753427401 -0.014130109743001263 -0.0033701781135065303 0.0010795204281728475 -0.0054781886520259802 -0.0010468197141837484 0.0048039389007624635 0.0026806704261566989 0 -0.0087325069460735469 -0.003049540284894479 -0.00092632124279103264 0.00091338108638588076 0.001136035384927862 0.00037226045681214038 -0.0017871618468142596 6.1251449172518082e-05 0.0072440223142357174 -0.0086054933400833439 0.00074132115651425194 0.015731746660353013 -0.00065423587005172519 0.0098847836292557528 0.00040567725005339044 -0.019093159173562257 0.011859737933373252 0.00015337050880580178 0.0044378936912944696 0.012492923970727978 -0.0075243119821169976
leaf_weight=1397 334 840 547 10911 432 10400 231 4826 842 168 186 25156 5854 15703 188 50937 855 1623 404 85149 326 29519 1807 208 384 300 2693 978 1426 912
leaf_count=1397 334 840 547 10911 432 10400 231 4826 842 168 186 25156 5854 15703 188 50937 855 1623 404 85149 326 29519 1807 208 384 300 2693 978 1426 912
internal_value=-2.4193e-05 -0.000108588 0.000385246 -0.000684459 -0.000567858 -0.0018389 -0.00802868 0.000597727 0.00440842 0.00551688 0.00602744 -0.000725377 -0.0009303 -0.000126206 -0.0112352 -0.00150329 0.00631083 0.00275 0.000487318 0.000521911 0.00362214 0.000379395 0.00851033 -0.00511292 -0.0119627 0.00360508 0.00149725 0.00813902 0.00940338 -0.00314027
internal_weight=255536 251775 135265 116510 113609 11659 1259 123606 3382 3761 2835 108561 97650 40859 1028 56791 3593 5048 120224 119820 5152 114668 1993 2901 592 4616 2993 2738 2404 2309
internal_count=255536 251775 135265 116510 113609 11659 1259 123606 3382 3761 2835 108561 97650 40859 1028 56791 3593 5048 120224 119820 5152 114668 1993 2901 592 4616 2993 2738 2404 2309
is_linear=0
shrinkage=0.03


Tree=6
num_leaves=31
num_cat=0
split_feature=16 25 29 22 42 41 10 55 36 25 10 39 86 120 137 2 33 5 33 35 85 10 1 17 122 24 71 120 71 116
split_gain=144.639 77.7741 60.9993 81.1277 76.4535 72.9802 68.3385 65.1995 83.7735 73.1509 97.9931 69.2607 62.4919 61.1897 58.1768 52.8403 51.6511 48.8498 48.6187 55.5472 45.9409 40.3854 37.3467 44.3113 36.5587 33.1951 30.76 29.3864 28.7407 28.7168
threshold=1.2241054177284243 0.01246010744944215 -0.00052866488113068033 1.0935951471328738 0.067416746169328703 -0.032418996095657342 1.0228407979011538 0.93584609031677257 0.80819529294967662 0.042165674269199378 1.0160858035087588 -0.027978840284049507 -0.55000001192092884 0.37051071226596838 0.54377290606498729 -0.19999743998050687 0.5885257124900819 0.0014902928378432991 0.97828525304794323 0.65989357233047496 0.87500000000000011 1.0191977620124819 0.054196750745177276 1.2648954987525942 0.48805029690265661 0.047094061970710761 0.97714257240295421 0.7185485064983369 0.14925383776426318 0.32634375989437109
decision_type=10 8 8 10 10 10 10 8 10 10 10 8 2 10 10 10 10 10 10 10 2 10 10 8 10 10 10 10 10 10
left_child=1 21 4 7 5 15 14 8 20 11 -11 -9 17 -6 -7 16 -3 -5 19 28 -4 -1 27 -24 -8 -25 -10 -21 -2 -30
right_child=18 2 3 12 13 6 24 9 26 10 -12 -13 -14 -15 -16 -17 -18 -19 -20 22 -22 -23 23 25 -26 -27 -28 -29 29 -31
leaf_value=0.0015586583774817653 -0.0034058752123942754 -0.0011951754706123294 -0.0055523766997449672 -0.0012993458962736238 0.018835826769871142 -0.0016456074217455425 -0.0098257065056869073 -0.0051374947360720725 -0.0013419612424331716 0.00026758808711019972 0.0055074857449207929 1.2846110344826252e-05 -0.0002526357782044215 0 0.00013653840907616187 -0.0013084392799709063 0.0025209224260474435 0.0098965710273198702 -0.011965643290370222 0.011033797648334263 -0.018820156949253319 -0.0041610119212124657 0.0016841534543984933 0.0017456538600593128 -0.0032492758929228735 0.023686244029294826 0.011511556223884006 0.0021057075700175445 0.016421570780892472 0.0018020624465868275
leaf_weight=30197 557 4468 1091 373 299 48720 995 2388 340 8937 5114 93170 1300 316 24458 8995 12491 1792 104 665 345 1108 210 112 4595 415 252 871 150 682
leaf_count=30197 557 4468 1091 373 299 48720 995 2388 340 8937 5114 93170 1300 316 24458 8995 12491 1792 104 665 345 1108 210 112 4595 415 252 871 150 682
internal_value=3.32069e-05 -5.31373e-05 -0.000253029 0.000222344 -0.000775261 -0.00084067 -0.0012963 7.88867e-05 -0.00521973 0.000180593 0.00220114 -0.000113771 0.00473127 0.00956591 -0.00104599 0.00053052 0.00152396 0.00783613 0.00585405 0.00650385 -0.00916075 0.00134411 0.00940063 0.0152197 -0.00450419 0.0198061 0.00383666 0.006256 0.0014844 0.00511352
internal_weight=255510 251744 220439 115102 105337 104722 78768 111637 2028 109609 14051 95558 3465 615 73178 25954 16959 2165 3766 3662 1436 31305 2273 737 5590 527 592 1536 1389 832
internal_count=255510 251744 220439 115102 105337 104722 78768 111637 2028 109609 14051 95558 3465 615 73178 25954 16959 2165 3766 3662 1436 31305 2273 737 5590 527 592 1536 1389 832
is_linear=0
shrinkage=0.03


Tree=7
num_leaves=31
num_cat=0
split_feature=16 30 125 84 0 16 53 80 27 41 81 33 44 27 30 140 81 42 26 6 115 86 35 53 11 137 37 88 77 3
split_gain=120.033 82.7255 64.3352 62.5483 61.1897 59.2915 59.035 56.3936 55.8342 52.3003 71.2939 56.6696 83.9342 74.521 44.491 43.5919 42.8705 40.5036 53.0741 49.8755 39.1946 38.7783 56.7189 54.798 37.4074 36.8132 35.2973 33.4724 33.177 32.5601
threshold=1.2241054177284243 -0.00042249893886037165 0.48051953315734869 0.84999999403953563 0.031366335228085525 0.9327770769596101 0.98698130249977123 0.77500000596046459 0.090783946216106429 0.025733890943229202 0.28333334624767309 0.26314339041709905 1.0374479889869692 0.053962413221597678 -0.0070404950529336921 0.81279495358467113 0.55000001192092907 -0.079052612185478197 0.022349215112626556 0.1600005701184273 0.44897951185703283 -0.58333334326744068 0.80394437909126293 0.98177126049995433 0.99601873755455028 0.96765664219856273 0.67994040250778209 0.89086931943893444 0.041666667908430106 0.020456842146813873
decision_type=10 8 10 2 8 8 10 2 10 10 2 8 8 10 10 10 2 10 10 10 10 2 10 10 10 10 10 10 2 10
left_child=1 5 3 9 29 6 7 -1 17 11 28 12 -3 -13 15 -2 -12 19 26 -7 -8 22 23 -10 -20 -17 -19 -6 -11 -4
right_child=14 2 4 -5 27 8 20 -9 21 10 16 13 -14 -15 -16 25 -18 18 24 -21 -22 -23 -24 -25 -26 -27 -28 -29 -30 -31
leaf_value=-0.0034864841608214189 0 0.00060287668737117562 -0.0012631883445876093 0.0030417965001282412 -0.010680446343721036 -0.0011997143115188146 -0.009967208317495712 -0.027652246353115133 -0.0044050099719548591 -0.0050934122720643227 -0.0038711538196966847 0.00064457303599290382 -0.0029074847983476849 0.0030134703384036509 0.00021368247182662452 0.011445461692697117 -0.00041859990831910225 -0.00033583389974050379 -0.0017187730434499681 0.004112725122115096 -0.00086459271337230477 -0.00034455636161483555 -0.002626391258181357 0.0088865450214678215 -0.00012971440450293469 0 0.0020278800876539996 0.0011707585764914688 0.0049553204395634065 0.0067841131679496946
leaf_weight=232 589 23646 10467 9228 927 2827 549 173 280 298 6018 48038 8227 16134 1182 1657 7468 28231 50298 3415 2096 2209 648 1972 18716 352 7076 216 2119 444
leaf_count=232 589 23646 10467 9228 927 2827 549 173 280 298 6018 48038 8227 16134 1182 1657 7468 28231 50298 3415 2096 2209 648 1972 18716 352 7076 216 2119 444
internal_value=2.16862e-05 -5.69484e-05 0.000454864 0.000664609 -0.00162641 -0.000633811 -0.00476101 -0.0153305 -0.000521589 0.000465467 -0.00111969 0.000731236 -0.00029506 0.00124558 0.00531465 0.00750147 -0.00198493 -0.000665579 -0.000808056 0.00166267 -0.00292714 0.00252643 0.00480345 0.00707768 -0.00129234 0.0095887 0.000130274 -0.00820128 0.00356164 -0.000896462
internal_weight=255732 251952 133230 121176 12054 118722 3050 405 115672 111948 15903 96045 31873 64172 3780 2598 13486 110563 104321 6242 2645 5109 2900 2252 69014 2009 35307 1143 2417 10911
internal_count=255732 251952 133230 121176 12054 118722 3050 405 115672 111948 15903 96045 31873 64172 3780 2598 13486 110563 104321 6242 2645 5109 2900 2252 69014 2009 35307 1143 2417 10911
is_linear=0
shrinkage=0.03


Tree=8
num_leaves=31
num_cat=0
split_feature=16 25 85 120 1 71 129 33 30 53 49 42 52 6 33 41 14 84 0 141 140 137 38 89 59 85 84 37 137 37
split_gain=107.428 80.6865 58.4598 60.389 90.6727 100.215 61.6489 51.9964 53.9904 48.4786 70.1797 44.1574 55.3441 49.0676 43.5255 54.759 41.0865 40.3242 39.4948 37.9559 34.6738 44.8591 34.344 33.2893 31.6422 30.6874 30.1461 29.3169 28.0484 27.0834
threshold=1.2241054177284243 0.012333759106695654 0.37500000000000006 0.25179861485958105 0.034257708117365844 0.56716448068618786 0.61065495014190685 0.97828525304794323 -0.0070404950529336921 0.97589907050132763 0.83075928688049328 -0.076609600335359559 0.78891342878341686 0.16666502505540851 0.35223658382892614 0.049952233210206039 0.88468468189239513 0.75000000000000011 0.028089877218008045 0.80456960201263439 0.77867770195007335 0.96765664219856273 -0.0026717543369159098 0.25479933619499212 1.0194423794746401 0.77500000596046459 0.75000000000000011 0.65667176246643078 0.58505037426948558 0.085683636367321028
decision_type=10 10 2 10 10 10 10 10 10 10 10 10 10 10 10 10 8 2 10 10 10 10 10 10 10 2 2 10 10 10
left_child=1 27 9 18 14 24 -7 8 20 19 17 13 -13 -12 16 -16 -5 23 26 -3 -2 22 -22 -11 -6 -20 29 -1 -27 -4
right_child=7 2 3 4 5 6 -8 -9 -10 10 11 12 -14 -15 15 -17 -18 -19 25 -21 21 -23 -24 -25 -26 28 -28 -29 -30 -31
leaf_value=0.00077876529058230773 0 -0.021803683007919145 0.0016258126370387171 0.015489960951523647 -0.006642370470439145 -0.0017149947912143615 0.0055409137487348794 -0.013638646182626848 0.00011027135245822981 0.016008313787121354 -0.00096090147931621184 -0.0038913521646706892 -0.00065798854477148289 0.0034248967358295797 0.0010992412418626034 -0.0039883143255878368 -0.0009973074083973305 -0.0058075793805601435 8.4486558304532709e-05 -0.0041141126346005618 0.016649892083163923 0 0.0069566673250176713 0 0.0013101538868942769 -0.011886040841162904 0.00065005493959303365 0.0029238597367520791 0.0016511733054786041 -0.004252562719659409
leaf_weight=23106 432 112 812 115 1017 1144 7599 103 1187 437 4164 4981 126221 4869 35542 1971 20959 101 325 1570 791 378 905 129 692 773 4113 7929 116 3139
leaf_count=23106 432 112 812 115 1017 1144 7599 103 1187 437 4164 4981 126221 4869 35542 1971 20959 101 325 1570 791 378 905 129 692 773 4113 7929 116 3139
internal_value=-1.52815e-05 -9.21146e-05 -0.000294496 0.000361481 0.000670206 0.00324338 0.00455551 0.00497918 0.00564991 -0.000656908 -0.000593649 -0.000642415 -0.000783602 0.00137235 0.00020508 0.000821956 -0.000878514 0.00894285 -0.00190002 -0.00571065 0.00813341 0.00973153 0.0117937 0.0121953 -0.00327086 -0.00694645 -0.00108789 0.001338 -0.00979216 -0.0029668
internal_weight=255732 251936 220901 78317 69039 10452 8743 3796 3693 142584 140902 140235 131202 9033 58587 37513 21074 667 9278 1682 2506 2074 1696 566 1709 1214 8064 31035 889 3951
internal_count=255732 251936 220901 78317 69039 10452 8743 3796 3693 142584 140902 140235 131202 9033 58587 37513 21074 667 9278 1682 2506 2074 1696 566 1709 1214 8064 31035 889 3951
is_linear=0
shrinkage=0.03


Tree=9
num_leaves=31
num_cat=0
split_feature=32 30 120 57 86 33 53 42 1 4 51 1 138 116 0 140 147 23 39 1 14 60 33 4 33 17 118 79 44 13
split_gain=80.0324 84.3716 75.8983 67.9986 62.7017 74.4014 74.0637 54.949 65.2198 60.753 50.1319 50.8501 47.2364 45.4046 44.1658 42.8503 42.4304 43.1804 40.4698 53.3717 40.2505 72.4818 68.0567 49.2045 42.4081 38.8996 37.5701 38.2654 33.6796 45.0192
threshold=-0.0048883806448429814 -0.00042249893886037165 0.25775530934333807 0.92702656984329235 -0.58333334326744068 0.92698377370834362 0.97937640547752391 -0.074287988245487199 0.022801307030022148 0.42553055286407476 0.82798156142234813 0.071050275117158904 0.68291547894477855 0.49487303197383886 0.0301642119884491 0.93540719151496898 0.5002405345439912 0.027892997488379482 -0.022399972192943093 0.056305507197976119 0.88468468189239513 0.83868175745010387 0.64831686019897472 0.083334125578403487 0.26314339041709905 0.9440000355243684 0.077777054160833373 0.75000000000000011 1.0406779646873476 1.0537497997283938
decision_type=8 8 8 8 2 10 10 10 10 10 10 10 10 10 8 10 10 8 10 10 8 8 10 10 8 8 10 2 10 8
left_child=4 7 14 15 5 6 -1 9 -9 18 -8 12 -12 -11 -3 16 -4 -18 19 -2 22 -22 -5 -24 -23 -20 -17 -28 -10 -30
right_child=1 2 3 20 -6 -7 10 8 28 13 11 -13 -14 -15 -16 26 17 -19 25 -21 21 24 23 -25 -26 -27 27 -29 29 -31
leaf_value=-0.0066284435311251355 -0.0047744253985208158 -0.0012046239089713799 0.010429552183882333 0.015047526889955443 0.00033173244619091961 -0.0050793582631139533 0.019694168874132133 -0.00042334931693836211 -0.00082536075295742918 -0.00094817804892461733 -0.0009125852286260024 0.017921371453831721 0.007455776163074474 -0.012957531734800947 -0.0072215504537417137 -0.0003982980429261391 0.0017348336568916334 -0.011247400927712783 1.7087388629906662e-05 0.0060971537842212809 -0.017724770459783625 -0.00036430536638568719 0.011910642973398642 -0.0066693129927232744 0.00087860981044315435 0.0051223488844477499 0.010240064827080239 -0.0052406912821385526 -0.0037058887565671475 -1.2251330327072533e-06
leaf_weight=302 1291 10436 255 439 4885 498 314 74231 12113 1662 750 331 2174 342 1248 400 552 339 2064 555 176 35304 169 373 80111 4587 1720 118 14087 3939
leaf_count=302 1291 10436 255 439 4885 498 314 74231 12113 1662 750 331 2174 342 1248 400 552 339 2064 555 176 35304 169 373 80111 4587 1720 118 14087 3939
internal_value=1.71817e-07 -0.000101575 0.000415429 0.000642194 0.00273725 0.00534474 0.00678211 -0.000696631 -0.000906524 0.00135875 0.00803108 0.00670097 0.00521579 -0.00325369 -0.00188418 0.0048325 0 -0.00301371 0.00248689 -0.0013148 0.000517171 0.000462422 0.00653036 -0.000124428 0.000495822 0.00358781 0.00723083 0.00903902 -0.00208554 -0.00291388
internal_weight=255765 246511 131640 119956 9254 4369 3871 114871 104370 10501 3569 3255 2924 2004 11684 3384 1146 891 8497 1846 116572 115591 981 542 115415 6651 2238 1838 30139 18026
internal_count=255765 246511 131640 119956 9254 4369 3871 114871 104370 10501 3569 3255 2924 2004 11684 3384 1146 891 8497 1846 116572 115591 981 542 115415 6651 2238 1838 30139 18026
is_linear=0
shrinkage=0.03


Tree=10
num_leaves=31
num_cat=0
split_feature=16 30 16 53 29 120 57 12 4 138 34 38 52 33 44 29 30 12 13 23 21 144 97 20 77 117 124 24 80 114
split_gain=91.1436 73.8353 72.3381 72.8092 65.1554 63.5943 62.0484 61.3028 54.5365 48.6208 42.7186 43.1136 56.1662 41.6376 85.8288 54.4108 62.5751 49.2776 46.5233 40.6701 40.5343 40.5309 39.5929 39.4 39.1741 37.1773 35.2191 34.7918 33.9792 32.6769
threshold=1.2241054177284243 -0.00038569678144995118 0.93407893180847179 0.98636406660079967 0.014018505811691286 0.25775530934333807 0.92110148072242748 0.98555809259414684 0.36363528668880468 0.58965885639190685 0.87832194566726696 -0.001092887425329536 0.97850695252418529 0.26314339041709905 1.0374479889869692 0.0059875291772186765 0.0062259440310299405 1.001082241535187 0.95380818843841564 0.038373647257685668 1.0230500698089602 0.50991591811180126 0.28194399178028112 0.9330413043498994 0.75833332538604747 0.33212122321128851 -0.69811373949050892 0.048526121303439147 0.27500000596046453 0.40298514068126684
decision_type=10 8 8 10 10 8 8 10 10 10 10 10 10 8 8 10 10 10 8 10 10 10 10 10 2 8 8 10 2 10
left_child=1 2 3 21 24 7 9 23 -6 -7 11 -2 27 14 18 16 -15 -17 -8 22 -5 -1 -11 28 25 -4 -27 -13 -3 -16
right_child=10 5 4 20 8 6 13 -9 -10 19 -12 12 -14 15 29 17 -18 -19 -20 -21 -22 -23 -24 -25 -26 26 -28 -29 -30 -31
leaf_value=-0.0015936239162382818 0.0063321508339914288 -0.01299876537920432 0.0018426992254565392 -0.0015530387132546097 0.022257457496733336 -0.0036135921238318962 0.0094500722246226698 -0.00092912224357821706 -0.0019210371547494054 0.004100220155299426 0.012854270717981462 -0.002115678042209245 -0.011177594620426423 0.0010104606370259319 0 -0.0023838661083697369 0.0056590318702021605 0.0013958485651448737 0.00026569595008501748 -0.0017244396943476845 -0.012132310719019733 -0.023646468285080376 0.013518692338305001 0.0024011811273608433 0.0012891809938282396 0.0014033675547388436 -0.00097828946795449115 0.0077543165282391397 0 -0.004147169484433378
leaf_weight=149 1778 840 4789 2449 187 422 489 10417 101 1009 493 609 326 66459 2273 7956 2730 4963 26934 346 380 260 867 215 9435 5815 96274 579 180 6127
leaf_count=149 1778 840 4789 2449 187 422 489 10417 101 1009 493 609 326 66459 2273 7956 2730 4963 26934 346 380 260 867 215 9435 5815 96274 579 180 6127
internal_value=-2.70206e-05 -9.77439e-05 -0.000637974 -0.00505762 -0.000511822 0.000389627 0.000596073 -0.00171833 0.01323 0.00513583 0.00457978 0.0031799 -0.000360739 0.000490895 -0.000356472 0.000864243 0.0011998 -0.000908741 0.000447169 0.00694873 -0.00315457 -0.0167607 0.00870791 -0.00801523 -0.000550695 -0.000716133 -0.000839444 0.00249509 -0.0105033 -0.00301053
internal_weight=255851 252066 119839 3238 116601 132227 120575 11652 288 2644 3785 3292 1514 117931 35823 82108 69189 12919 27423 2222 2829 409 1876 1235 116313 106878 102089 1188 1020 8400
internal_count=255851 252066 119839 3238 116601 132227 120575 11652 288 2644 3785 3292 1514 117931 35823 82108 69189 12919 27423 2222 2829 409 1876 1235 116313 106878 102089 1188 1020 8400
is_linear=0
shrinkage=0.03


Tree=11
num_leaves=31
num_cat=0
split_feature=16 25 86 3 9 24 37 38 16 58 51 85 18 24 76 38 45 126 50 82 0 36 52 33 59 69 52 61 42 111
split_gain=98.5189 65.4813 55.9371 101.641 73.8218 52.0771 51.1375 50.9134 45.214 65.9634 61.1537 67.9292 69.5429 57.5743 47.8822 46.9585 46.3229 55.4881 45.6878 44.892 44.8483 42.8082 60.2602 71.7456 58.9103 41.8375 40.348 36.8137 36.045 35.0077
threshold=1.2241054177284243 0.012333759106695654 0.81666666269302379 0.017476509325206283 0.97530862689018261 0.051859490573406226 0.63751688599586498 -0.0097464742138981802 0.92454558610916149 1.0042704939842226 0.83773916959762584 0.67499998211860668 0.95019820332527172 0.025954256765544418 0.48333333432674414 -0.012184374965727328 1.0761831402778628 0.12195140495896341 0.89489340782165538 0.52500000596046459 -0.016478149220347401 0.80502268671989452 0.90901285409927379 0.64410218596458446 0.99897959828376781 0.74528348445892345 0.6637997329235078 1.054412364959717 -0.072000797837972627 0.23205128312110904
decision_type=10 10 2 10 10 10 10 10 8 10 10 2 10 10 2 10 10 10 10 2 10 10 10 10 10 10 10 10 10 2
left_child=1 6 8 5 -5 19 -1 -7 9 16 11 12 -10 -13 15 -12 17 -3 20 -4 -11 -2 -23 24 -24 -21 -18 -26 -16 -6
right_child=21 2 3 4 29 7 -8 -9 10 18 14 13 -14 -15 28 -17 26 -19 -20 25 -22 22 23 -25 27 -27 -28 -29 -30 -31
leaf_value=0.00042111520796502591 0.0014401457387337023 0.017118438362854746 0.0016365939892610548 -0.011587162177393756 0.017201150176068609 -0.017657372020998603 0.0031682311670005142 0 -0.0065666188375121635 0.0021747265725917671 -0.0034159159653788791 0.0029716519644700937 0.0074623731091867278 -0.0074676338252886382 0.0034502153605930038 -0.00058646680901969608 -0.018200602607318647 -0.0018611302600965406 3.1950197703371134e-05 -0.0090896231457854772 0.017808716258924745 0.019922921275470538 0.0065619634227524265 0.010165780125830573 -0.020849241452689359 -0.00018738888830639391 -0.0046373052161458967 0 0.0001340517244284117 0.0055110994037548613
leaf_weight=22522 1965 117 14556 107 578 249 8525 348 322 484 5595 1084 2687 793 3105 106958 223 17730 1998 651 289 316 269 963 160 1886 2385 147 58559 585
leaf_count=22522 1965 117 14556 107 578 249 8525 348 322 484 5595 1084 2687 793 3105 106958 223 17730 1998 651 289 316 269 963 160 1886 2385 147 58559 585
internal_value=-2.75326e-05 -0.000101264 -0.000283404 0.00126989 0.00941778 0.000658021 0.00118664 -0.00785273 -0.000430555 -0.00167779 -0.00026697 0.00302984 0.00582861 -0.00131285 -0.00036149 -0.000730365 -0.00227425 -0.00170089 0.00260245 0.000981633 0.00869982 0.00473994 0.00802277 0.00516266 -0.00275902 -0.00264228 -0.00604089 -0.0117455 0.00030696 0.0117671
internal_weight=256156 252336 221289 18960 1270 17690 31047 597 202329 23226 179103 4886 3009 1877 174217 112553 20455 17847 2771 17093 773 3820 1855 1539 576 2537 2608 307 61664 1163
internal_count=256156 252336 221289 18960 1270 17690 31047 597 202329 23226 179103 4886 3009 1877 174217 112553 20455 17847 2771 17093 773 3820 1855 1539 576 2537 2608 307 61664 1163
is_linear=0
shrinkage=0.03


Tree=12
num_leaves=31
num_cat=0
split_feature=29 31 26 27 67 106 28 84 34 33 79 70 28 13 78 20 1 39 115 93 42 44 26 85 15 135 1 1 116 43
split_gain=67.2139 81.4269 58.1201 70.5457 56.8313 72.5064 70.4479 55.6094 57.8821 54.3091 52.4417 69.0919 45.5019 56.2278 43.711 119.623 67.9674 60.2977 45.6578 42.1437 41.4102 38.4161 43.9817 39.6808 36.8334 36.2323 35.8954 35.2947 34.546 32.9867
threshold=-0.016061522997915741 -0.0012006055912934242 0.019946628250181678 0.074148178100585951 0.053812742233276374 0.6348484754562379 -0.010635904502123593 -0.84999999403953541 0.59726399183273327 0.25775006413459783 0.94999998807907116 0.078431483358144774 0.0014091953635215761 0.93668043613433849 0.30000000447034841 0.96923461556434642 0.071050275117158904 -0.014655398670583962 0.73500782251358043 0.80181956291198742 -0.003400894813239574 1.0406779646873476 0.026856455951929096 -0.37499999999999994 1.1499549746513369 0.22874376177787784 0.024827568791806701 0.037109371274709708 0.36322881281375891 1.0691104531288149
decision_type=8 10 10 10 10 2 10 2 10 8 2 10 10 10 10 10 10 10 10 10 10 10 10 2 8 10 10 10 10 10
left_child=1 -1 20 9 6 10 7 8 -5 21 19 -12 -7 -14 16 18 17 -11 -16 -6 -2 22 -4 25 -17 -23 -8 -24 -9 -28
right_child=2 -3 3 4 5 12 26 28 -10 14 11 -13 13 -15 15 24 -18 -19 -20 -21 -22 23 27 -25 -26 -27 29 -29 -30 -31
leaf_value=0.0069613199974692102 -8.979958811924906e-05 -0.0050431872942112085 0.00071024999812916909 -0.017586348583423162 0.00027577237311975539 0.017768409039979199 -0.0013262533681996061 0.0074843325959334734 0 0.004275168502292241 -0.0038549247384822411 0.0081691652255356517 0.016392275692171582 -0.00083134384061530318 0.0046151239747630329 -0.00039530210048535424 -0.016225911614488556 -0.001289771372421147 -0.00015618610537506701 0.0043193142898249309 0.00142228030850555 -0.0039610875047510234 -0.0021131792175616321 -0.0043076655867179299 0.0027042360490012896 9.7885033268842747e-05 -0.012213224590959105 0.0027475815843408052 -0.0030700195913717959 0.00091459423698232332
leaf_weight=2423 28687 597 10934 206 20737 361 850 1120 674 1816 507 1857 213 526 6920 66272 248 31209 2276 2627 36677 2878 15994 7104 3604 5814 920 1399 311 157
leaf_count=2423 28687 597 10934 206 20737 361 850 1120 674 1816 507 1857 213 526 6920 66272 248 31209 2276 2627 36677 2878 15994 7104 3604 5814 920 1399 311 157
internal_value=3.74144e-05 0.00447199 -1.47047e-05 -0.00028437 0.00101767 0.00153437 -0.00217457 0.00124972 -0.00444764 -0.000544898 0.00119463 0.00545385 0.00904933 0.00403885 -0.000191452 0.000189212 -0.00110466 -0.000972282 0.0034039 0.000746555 0.000754245 -0.00143754 -0.000760629 -0.00262999 -0.000230417 -0.00121765 -0.00640595 -0.00170227 0.0049731 -0.0100443
internal_weight=255918 3020 252898 187534 31066 26828 4238 2311 880 156468 25728 2364 1100 739 112345 79072 33273 33025 9196 23364 65364 44123 28327 15796 69876 8692 1927 17393 1431 1077
internal_count=255918 3020 252898 187534 31066 26828 4238 2311 880 156468 25728 2364 1100 739 112345 79072 33273 33025 9196 23364 65364 44123 28327 15796 69876 8692 1927 17393 1431 1077
is_linear=0
shrinkage=0.03


end of trees

feature_importances:
ROC30=16
KLEN=15
RSQR5=14
RESI60=12
BETA20=11
ROC5=10
RSQR30=10
STD5=9
STD30=9
HIGH0=8
STD60=8
IMXD10=8
IMXD30=8
MAX10=7
IMXD20=7
WVMA20=7
ROC10=6
STD20=6
BETA10=6
RESI5=6
SUMN20=6
VWAP0=5
ROC60=5
RSQR20=5
RSQR60=5
RESI10=5
RESI30=5
MIN30=5
MIN60=5
QTLU5=5
RSV30=5
IMIN20=5
WVMA5=5
KMID=4
KUP=4
KLOW2=4
ROC20=4
MA5=4
STD10=4
RSQR10=4
RESI20=4
MIN5=4
QTLU60=4
SUMP20=4
VSTD60=4
KUP2=3
OPEN0=3
LOW0=3
MAX20=3
QTLD5=3
QTLD10=3
SUMP30=3
KMID2=2
MA20=2
MA60=2
BETA5=2
MIN10=2
MIN20=2
QTLU20=2
QTLD20=2
RANK60=2
IMAX60=2
IMIN10=2
IMIN30=2
IMIN60=2
CORR5=2
CORD5=2
CORD60=2
CNTD30=2
SUMP10=2
SUMP60=2
SUMD10=2
SUMD20=2
KLOW=1
MA30=1
BETA30=1
BETA60=1
MAX5=1
MAX30=1
MAX60=1
QTLU10=1
QTLU30=1
QTLD30=1
RANK5=1
RSV10=1
RSV20=1
IMAX5=1
IMAX30=1
IMIN5=1
IMXD5=1
CORR10=1
CORR60=1
CNTP60=1
CNTN30=1
SUMP5=1
SUMN5=1
SUMN60=1
SUMD30=1
VMA10=1
VSTD20=1
WVMA30=1
VSUMP10=1
VSUMP60=1

parameters:
[boosting: gbdt]
[objective: regression]
[metric: l2]
[tree_learner: serial]
[device_type: cpu]
[data_sample_strategy: bagging]
[data: ]
[valid: ]
[num_iterations: 500]
[learning_rate: 0.03]
[num_leaves: 31]
[num_threads: 12]
[seed: 20260812]
[deterministic: 1]
[force_col_wise: 1]
[force_row_wise: 0]
[histogram_pool_size: -1]
[max_depth: 7]
[min_data_in_leaf: 100]
[min_sum_hessian_in_leaf: 0.001]
[bagging_fraction: 0.8]
[pos_bagging_fraction: 1]
[neg_bagging_fraction: 1]
[bagging_freq: 1]
[bagging_seed: 20260812]
[bagging_by_query: 0]
[feature_fraction: 0.8]
[feature_fraction_bynode: 1]
[feature_fraction_seed: 20260812]
[extra_trees: 0]
[extra_seed: 9622]
[early_stopping_round: 0]
[early_stopping_min_delta: 0]
[first_metric_only: 0]
[max_delta_step: 0]
[lambda_l1: 10]
[lambda_l2: 20]
[linear_lambda: 0]
[min_gain_to_split: 0]
[drop_rate: 0.1]
[max_drop: 50]
[skip_drop: 0.5]
[xgboost_dart_mode: 0]
[uniform_drop: 0]
[drop_seed: 26770]
[top_rate: 0.2]
[other_rate: 0.1]
[min_data_per_group: 100]
[max_cat_threshold: 32]
[cat_l2: 10]
[cat_smooth: 10]
[max_cat_to_onehot: 4]
[top_k: 20]
[monotone_constraints: ]
[monotone_constraints_method: basic]
[monotone_penalty: 0]
[feature_contri: ]
[forcedsplits_filename: ]
[refit_decay_rate: 0.9]
[cegb_tradeoff: 1]
[cegb_penalty_split: 0]
[cegb_penalty_feature_lazy: ]
[cegb_penalty_feature_coupled: ]
[path_smooth: 0]
[interaction_constraints: ]
[verbosity: 1]
[saved_feature_importance_type: 0]
[use_quantized_grad: 0]
[num_grad_quant_bins: 4]
[quant_train_renew_leaf: 0]
[stochastic_rounding: 1]
[linear_tree: 0]
[max_bin: 255]
[max_bin_by_feature: ]
[min_data_in_bin: 3]
[bin_construct_sample_cnt: 200000]
[data_random_seed: 20260812]
[is_enable_sparse: 1]
[enable_bundle: 1]
[use_missing: 1]
[zero_as_missing: 0]
[feature_pre_filter: 1]
[pre_partition: 0]
[two_round: 0]
[header: 0]
[label_column: ]
[weight_column: ]
[group_column: ]
[ignore_column: ]
[categorical_feature: ]
[forcedbins_filename: ]
[precise_float_parser: 0]
[parser_config_file: ]
[objective_seed: 6428]
[num_class: 1]
[is_unbalance: 0]
[scale_pos_weight: 1]
[sigmoid: 1]
[boost_from_average: 1]
[reg_sqrt: 0]
[alpha: 0.9]
[fair_c: 1]
[poisson_max_delta_step: 0.7]
[tweedie_variance_power: 1.5]
[lambdarank_truncation_level: 30]
[lambdarank_norm: 1]
[label_gain: ]
[lambdarank_position_bias_regularization: 0]
[eval_at: ]
[multi_error_top_k: 1]
[auc_mu_weights: ]
[num_machines: 1]
[local_listen_port: 12400]
[time_out: 120]
[machine_list_filename: ]
[machines: ]
[gpu_platform_id: -1]
[gpu_device_id: -1]
[gpu_device_id_list: ]
[gpu_use_dp: 0]
[num_gpu: 1]

end of parameters

pandas_categorical:null
