tree
version=v4
num_class=1
num_tree_per_iteration=1
label_index=0
max_feature_idx=157
objective=regression
feature_names=KMID KLEN KMID2 KUP KUP2 KLOW KLOW2 KSFT KSFT2 OPEN0 HIGH0 LOW0 VWAP0 ROC5 ROC10 ROC20 ROC30 ROC60 MA5 MA10 MA20 MA30 MA60 STD5 STD10 STD20 STD30 STD60 BETA5 BETA10 BETA20 BETA30 BETA60 RSQR5 RSQR10 RSQR20 RSQR30 RSQR60 RESI5 RESI10 RESI20 RESI30 RESI60 MAX5 MAX10 MAX20 MAX30 MAX60 MIN5 MIN10 MIN20 MIN30 MIN60 QTLU5 QTLU10 QTLU20 QTLU30 QTLU60 QTLD5 QTLD10 QTLD20 QTLD30 QTLD60 RANK5 RANK10 RANK20 RANK30 RANK60 RSV5 RSV10 RSV20 RSV30 RSV60 IMAX5 IMAX10 IMAX20 IMAX30 IMAX60 IMIN5 IMIN10 IMIN20 IMIN30 IMIN60 IMXD5 IMXD10 IMXD20 IMXD30 IMXD60 CORR5 CORR10 CORR20 CORR30 CORR60 CORD5 CORD10 CORD20 CORD30 CORD60 CNTP5 CNTP10 CNTP20 CNTP30 CNTP60 CNTN5 CNTN10 CNTN20 CNTN30 CNTN60 CNTD5 CNTD10 CNTD20 CNTD30 CNTD60 SUMP5 SUMP10 SUMP20 SUMP30 SUMP60 SUMN5 SUMN10 SUMN20 SUMN30 SUMN60 SUMD5 SUMD10 SUMD20 SUMD30 SUMD60 VMA5 VMA10 VMA20 VMA30 VMA60 VSTD5 VSTD10 VSTD20 VSTD30 VSTD60 WVMA5 WVMA10 WVMA20 WVMA30 WVMA60 VSUMP5 VSUMP10 VSUMP20 VSUMP30 VSUMP60 VSUMN5 VSUMN10 VSUMN20 VSUMN30 VSUMN60 VSUMD5 VSUMD10 VSUMD20 VSUMD30 VSUMD60
feature_infos=[-0.15450645983219147:0.33106967806816101] [0:0.33106967806816101] [-1:1] [0:0.27153289318084717] [0:1] [0:0.19577737152576447] [0:1] [-0.31147539615631104:0.33106967806816101] [-1:1] [0.75127547979354858:1.1827411651611328] [1:1.365384578704834] [0.75127547979354858:1] [0.90894031524658203:1.0877940654754639] [0.62103557586669922:1.6790908575057983] [0.51279789209365845:1.8924485445022583] [0.43777582049369812:2.2146341800689697] [0.40953221917152405:2.740487813949585] [0.32686084508895874:2.649662971496582] [0.8043818473815918:1.3455072641372681] [0.69517505168914795:1.4951817989349365] [0.58934980630874634:1.7117466926574707] [0.53464740514755249:1.9959673881530762] [0.46012550592422485:1.8649090528488159] [0:0.26957115530967712] [0:0.32280367612838745] [0:0.36472421884536743] [0:0.57258552312850952] [0:0.50059491395950317] [-0.16409091651439667:0.17131471633911133] [-0.11732283234596252:0.17131471633911133] [-0.11732283234596252:0.17131471633911133] [-0.11732283234596252:0.17131471633911133] [-0.11732283234596252:0.17131471633911133] [0:1] [0:1] [0:1] [0:1] [0:1] [-0.11478264629840851:0.13264167308807373] [-0.24554997682571411:0.20802642405033112] [-0.40848860144615173:0.27287426590919495] [-0.44566619396209717:0.27581575512886047] [-0.96870207786560059:0.36147966980934143] [1:1.6472727060317993] [1:1.9298244714736938] [1:2.2439024448394775] [1:3.3160974979400635] [1:3.3160974979400635] [0.58144122362136841:1] [0.49132096767425537:1] [0.42983227968215942:1] [0.39746984839439392:1] [0.31774049997329712:1] [0.86334514617919922:1.4843636751174927] [0.78309857845306396:1.7869091033935547] [0.69679319858551025:2.054157018661499] [0.57799351215362549:2.423609733581543] [0.52150630950927734:2.3250908851623535] [0.70860719680786133:1.2689855098724365] [0.53621649742126465:1.4057971239089966] [0.45107382535934448:1.5574545860290527] [0.43389230966567993:1.5740000009536743] [0.37328624725341797:1.5950908660888672] [0.20000000298023224:1] [0.10000000149011612:1] [0.05000000074505806:1] [0.033333335071802139:1] [0.01666666753590107:1] [0:1] [0:1] [0:1] [0:1] [0:1] [0.20000000298023224:1] [0.10000000149011612:1] [0.05000000074505806:1] [0.033333335071802139:1] [0.01666666753590107:1] [0.20000000298023224:1] [0.10000000149011612:1] [0.05000000074505806:1] [0.033333335071802139:1] [0.01666666753590107:1] [-0.80000001192092896:0.80000001192092896] [-0.89999997615814209:0.89999997615814209] [-0.94999998807907104:0.94999998807907104] [-0.96666663885116577:0.96666663885116577] [-0.98333334922790527:0.98333334922790527] [-1:1] [-1:1] [-1:1] [-1:1] [-1:1] [-1:1] [-1:1] [-1:1] [-1:1] [-1:1] [0:1] [0:1] [0:0.94999998807907104] [0:0.90909093618392944] [0:0.90909093618392944] [0:1] [0:1] [0:0.89999997615814209] [0:0.8571428656578064] [0:0.8571428656578064] [-1:1] [-1:1] [-0.83333331346511841:0.90909093618392944] [-0.83333331346511841:0.90909093618392944] [-0.83333331346511841:0.90909093618392944] [0:1] [0:1] [0:1] [0:1] [0:1] [0:1] [0:1] [0:1] [0:1] [0:1] [-1:1] [-1:1] [-1:1] [-1:1] [-1:1] [0.20013266801834106:26452.083984375] [0.10012400150299072:23627.859375] [0.050104878842830658:26698.134765625] [0.033777147531509399:28136.5] [0.017187755554914474:26107.111328125] [0.00080492562847211957:59102.5] [0.0021778203081339598:49210.34375] [0.0021778203081339598:56418.4921875] [0.0021778203081339598:57003.12109375] [0.0021778203081339598:42065.70703125] [0:2.2360680103302002] [0:3.1615598201751709] [0:4.4708261489868164] [0:5.465825080871582] [0:7.5986995697021484] [0:1] [0:1] [0:1] [0:1] [0:1] [0:1] [0:1] [0:1] [0:1] [0:1] [-1:1] [-1:1] [-1:1] [-1:1] [-1:1]
tree_sizes=3084 3082 3032 3057 3111 3108 3105 3090 3089 3056 3023 3037 3122 3061 3085 3036 3050 3039 3037 3068

Tree=0
num_leaves=31
num_cat=0
split_feature=16 26 33 14 41 56 86 3 56 42 80 44 24 35 140 53 138 32 14 24 48 82 2 5 14 81 52 10 31 19
split_gain=169.221 107.289 86.3753 89.3791 119.868 71.0203 80.3379 91.7852 77.265 63.8599 56.0489 53.8928 52.6659 52.6344 58.57 51.4138 50.5977 50.4947 50.0686 49.9445 49.5613 44.3162 43.1642 42.1129 39.682 35.9631 31.6204 31.2161 30.9303 35.7918
threshold=1.2241054177284243 0.019946628250181678 0.37453159689903265 0.91246113181114208 0.01525937393307686 0.90102112293243419 0.68333333730697643 0.017476509325206283 0.95617395639419567 -0.003400894813239574 0.42499999701976782 1.0385021567344668 0.051859490573406226 0.56439426541328441 0.79245173931121837 1.0376691818237307 0.7040235996246339 -0.0035028298152610655 0.84237992763519298 0.056700749322772033 0.98791542649269115 0.24166666716337207 0.36364409327507025 0.010218043811619284 0.98209422826766979 0.61666667461395275 0.89128482341766369 1.0201613306999209 -0.0086281914263963682 1.0464132428169253
decision_type=10 10 8 8 10 10 2 10 10 8 2 10 10 10 10 10 10 10 8 10 10 2 10 10 10 2 10 10 10 10
left_child=1 9 3 4 12 -4 8 15 25 -1 23 17 -3 -2 -15 -8 -12 24 -10 21 -19 -13 -9 -6 -5 -7 -21 -11 -16 -30
right_child=13 2 5 11 10 6 7 22 18 27 16 19 -14 14 28 -17 -18 20 -20 26 -22 -23 -24 -25 -26 -27 -28 -29 29 -31
leaf_value=-0.00018118463050201169 0.00046223768763460713 -0.00088854855133942373 -0.0081276901490150728 -0.00059705214628421775 2.4078637920326876e-11 -0.006709744956539975 0.00067967154733439912 0.011224239203515672 0.01607111935117677 0.0018563758021038742 2.4078637920326876e-11 -0.00097105557945744673 -0.022140637483666941 2.4078637920326876e-11 0.014275241253624851 0.0061062374909507111 0.021305648148547962 -0.001709732016758461 -0.00020572621196295599 -0.0015774415868342159 0.0010551811864849831 -0.0035899666047107493 -0.0040513254400850575 0.013341540024740603 0.0065086969587426031 0.0021504842943492544 0.012121234884965191 -0.0032685470908852565 -0.0012336405934405712 0.010054795621292889
leaf_weight=27969 1113 663 946 1240 654 2359 17824 1200 150 36424 127 8976 114 515 1148 1733 448 27752 93717 207 7230 18713 151 290 1428 431 316 1043 327 660
leaf_count=27969 1113 663 946 1240 654 2359 17824 1200 150 36424 127 8976 114 515 1148 1733 448 27752 93717 207 7230 18713 151 290 1428 431 316 1043 327 660
internal_value=-5.39311e-05 -0.000149586 -0.000517023 -0.00136788 0.00439233 -2.49972e-05 3.9022e-05 0.00172654 -0.000323186 0.000893854 0.00932187 -0.00157451 -0.00486038 0.00624213 0.00853568 0.00118161 0.0167483 -0.000819228 -0.000173102 -0.00257055 -0.00112944 -0.00275313 0.00926389 0.0042335 0.0031147 -0.00522869 0.0062885 0.00170404 0.0107112 0.00606672
internal_weight=255868 252105 186669 68158 2296 118511 117565 20908 96657 65436 1519 65862 777 3763 2650 19557 575 37650 93867 28212 34982 27689 1351 944 2668 2790 523 37467 2135 987
internal_count=255868 252105 186669 68158 2296 118511 117565 20908 96657 65436 1519 65862 777 3763 2650 19557 575 37650 93867 28212 34982 27689 1351 944 2668 2790 523 37467 2135 987
is_linear=0
shrinkage=1


Tree=1
num_leaves=31
num_cat=0
split_feature=16 30 16 120 0 27 50 0 2 0 33 30 48 140 17 10 17 102 39 30 34 33 44 14 50 82 29 69 42 6
split_gain=167.912 91.6112 75.9868 74.3988 72.3615 71.0196 61.2193 82.7768 80.6472 81.1428 55.013 54.4346 51.201 48.198 51.3281 45.6311 51.7056 45.9884 44.9893 86.2996 51.166 44.978 106.897 49.2339 45.6859 44.8534 42.1828 45.7935 41.575 64.49
threshold=1.2241054177284243 -0.00042249893886037165 0.93407893180847179 0.25775530934333807 0.0301642119884491 0.090783946216106429 0.86813184618949901 -0.0082872528582811338 0.71428343653678905 0.032821618020534522 0.97828525304794323 -0.0054516200907528392 0.88710486888885509 0.74105113744735729 1.1793262362480166 1.0099502205848696 0.70159921050071727 0.5825757384300233 -0.013329115230590103 0.0076080965809524068 0.30970291793346411 0.35794864594936376 1.0381410717964175 1.0276743173599245 0.95144763588905346 0.22500000149011615 0.0058700263034552344 0.87173697352409374 -0.076609600335359559 0.16666502505540851
decision_type=10 8 8 8 8 10 8 10 10 10 10 10 10 10 10 10 10 2 10 10 10 8 8 10 10 2 10 10 10 10
left_child=1 2 25 4 -3 28 7 18 9 -9 11 13 -10 -2 -15 17 -17 -7 19 -5 -20 22 24 -24 -8 -1 -23 -28 29 -4
right_child=10 3 5 6 -6 15 21 8 12 -11 -12 -13 -14 14 -16 16 -18 -19 20 -21 -22 26 23 -25 -26 -27 27 -29 -30 -31
leaf_value=-0.0014084087586939513 -0.001250207593807571 -0.0010081432274883465 -0.0015942080450407129 0.018618035926885004 -0.0087453395303399694 0.0076153011886575944 -0.0004630823020262338 0.00026986833458344584 -0.0077280222719621856 -0.01621184135476748 -0.012740173347294331 0 0.0070738903305012524 0.0017395885650294436 0.01255449179785691 0.011682157893474637 -0.00085593247867242288 -0.0088403574742522903 0.012878497155654608 0.0041244318775504997 -0.0012757325265915294 0.0011778967217147844 -0.0047005739571049704 0.00010563517072965019 0.0018410463861215267 -0.008827480279657433 0.001014088551068993 -0.0032785235635442809 -0.00090705328722125644 0.0041194118820145897
leaf_weight=1555 321 10481 3215 676 1218 1906 19597 6816 195 259 105 850 2400 586 1968 310 2702 133 282 972 840 59399 6312 2578 12645 1608 4533 4251 103477 3802
leaf_count=1555 321 10481 3215 676 1218 1906 19597 6816 195 259 105 850 2400 586 1968 310 2702 133 282 972 840 59399 6312 2578 12645 1608 4533 4251 103477 3802
internal_value=-1.80513e-05 -0.000114145 -0.000721311 0.000423712 -0.00185282 -0.000592311 0.000645188 0.00264212 0.00128782 -0.000335206 0.00619842 0.00687756 0.00579629 0.00883807 0.0102224 0.00286724 0.000404111 0.00632078 0.00721927 0.0104014 0.00218229 0.000414753 -0.000363458 -0.00327605 0.000431857 -0.00530612 0.000888583 -0.00103197 -0.000753662 0.00146186
internal_weight=255992 252162 118708 133454 11699 115545 121755 12440 9670 7075 3830 3725 2595 2875 2554 5051 3012 2039 2770 1648 1122 109315 41132 8890 32242 3163 68183 8784 110494 7017
internal_count=255992 252162 118708 133454 11699 115545 121755 12440 9670 7075 3830 3725 2595 2875 2554 5051 3012 2039 2770 1648 1122 109315 41132 8890 32242 3163 68183 8784 110494 7017
is_linear=0
shrinkage=0.03


Tree=2
num_leaves=31
num_cat=0
split_feature=16 26 27 33 18 49 3 36 140 11 69 42 102 13 23 45 1 14 60 36 1 84 40 44 26 80 48 14 58 23
split_gain=158.28 96.704 80.1576 82.4711 75.8151 85.0199 102.528 73.3026 76.3141 69.668 68.3005 61.0551 63.7537 58.182 57.4304 56.1747 56.2902 55.9023 55.4615 43.6558 40.2955 39.4234 39.2144 36.4225 36.3906 45.4217 35.3191 33.8067 33.42 31.7587
threshold=1.2241054177284243 0.021455070935189727 0.075719226151704802 0.31925892829895025 0.94165822863578807 0.83075928688049328 0.0086805764585733431 0.80502268671989452 0.76397109031677257 0.97432765364646923 0.89247313141822826 0.1126861982047558 0.53529900312423717 0.98283842206001293 0.017023563385009769 1.0206446051597597 0.035433042794466026 0.88468468189239513 0.85157677531242382 0.64473474025726329 0.012403096538037063 0.15000000223517421 -0.046059641987085335 1.0385021567344668 0.062127444893121726 0.17500000447034839 0.96688908338546764 1.0160810947418215 0.99711552262306224 0.028384196572005752
decision_type=10 10 10 8 10 10 10 10 10 10 10 10 2 8 10 8 10 8 10 10 10 2 10 10 10 2 10 8 10 10
left_child=1 15 3 17 -4 6 19 -2 26 18 -8 12 13 -5 -10 29 21 -3 -7 -6 28 -17 -11 -22 25 -13 -9 -18 -19 -1
right_child=7 2 4 11 5 9 10 8 14 22 -12 24 -14 -15 -16 16 27 20 -20 -21 23 -23 -24 -25 -26 -27 -28 -29 -30 -31
leaf_value=0.0017901915096933173 0.0018054826780761733 0.010767384425136976 -0.010997180253901865 -0.0017006503698540928 0.025068485379380345 -0.00617715164369796 0.0097790221847980363 0.0093529762289308697 0 0.0037086787618631316 -0.012506051773217494 -0.019609212862962688 0.0016098459948699555 2.6462899739788853e-05 0.015612656832591269 -0.00015963228288706064 -0.011218631382554205 -0.0017513412367765201 0.0046533061755782978 0.0042895268408608611 -0.0013975222503794071 0.0017419137380639993 -0.00041329210123658292 -0.0032564127581936868 0 -0.0033611245103497612 -0.0088336435483848535 -0.0012636179702963091 0.0022696204877172229 0.015104078953564248
leaf_weight=28182 1973 292 439 24931 338 422 245 129 214 2328 211 310 15402 58108 1296 34179 575 3815 5372 187 22560 13619 17837 17609 349 416 229 812 3569 149
leaf_count=28182 1973 292 439 24931 338 422 245 129 214 2328 211 310 15402 58108 1296 34179 575 3815 5372 187 22560 13619 17837 17609 349 416 229 812 3569 149
internal_value=2.72374e-05 -6.38473e-05 -0.000456163 -0.000734317 0.00102943 0.00124455 0.00985514 0.00605623 0.0103203 0.000900271 0 -0.000238605 -0.000157094 -0.000488745 0.0132619 0.000816548 0.000196571 -0.00175858 0.00379435 0.0186467 -0.0018463 0.0003764 5.092e-05 -0.00222109 -0.00728961 -0.0110409 -0.00133858 -0.00570463 0.000152522 0.0018814
internal_weight=256097 252256 174740 147361 27379 26940 981 3841 1868 25959 456 99516 98441 83039 1510 77516 49185 47845 5794 525 47553 47798 20165 40169 1075 726 358 1387 7384 28331
internal_count=256097 252256 174740 147361 27379 26940 981 3841 1868 25959 456 99516 98441 83039 1510 77516 49185 47845 5794 525 47553 47798 20165 40169 1075 726 358 1387 7384 28331
is_linear=0
shrinkage=0.03


Tree=3
num_leaves=31
num_cat=0
split_feature=16 26 25 58 70 115 81 74 45 86 33 102 1 1 39 36 1 140 23 23 3 100 16 1 33 34 31 26 33 39
split_gain=143.047 97.4222 83.2148 92.2613 74.1165 79.9235 66.08 65.9399 54.8429 52.1212 51.8884 51.4846 51.1086 50.7957 48.5558 47.5563 46.6232 44.481 44.3715 43.3595 40.8094 40.4709 40.1207 48.833 44.6987 37.027 90.1263 41.9604 35.4593 37.2921
threshold=1.2241054177284243 0.021585190668702129 0.041385870426893241 0.90760317444801342 0.55769243836402904 0.75229349732398998 0.88333332538604747 0.35000000894069677 1.030380427837372 -0.71666666865348805 0.97828525304794323 0.54316771030426036 0.021303277462720874 0.06177517585456372 0.014074453618377449 0.80502268671989452 0.036672007292509086 0.72603276371955883 0.017023563385009769 0.053262908011674888 0.020456842146813873 0.48684211075305944 0.9327770769596101 0.065656580030918135 0.88939818739891063 0.27437604963779455 -0.0051475702784955493 0.029603273607790474 0.31925892829895025 -0.015913747251033779
decision_type=10 10 10 10 10 10 2 2 10 2 10 2 10 10 10 10 10 10 10 10 10 2 8 10 10 10 10 10 10 10
left_child=1 8 11 13 6 12 9 -8 -1 -5 15 14 -6 19 25 -2 -10 -17 -19 -4 -7 -15 23 -16 -24 26 -3 -27 -13 -30
right_child=10 2 3 4 5 20 7 -9 16 -11 -12 28 -14 21 22 17 -18 18 -20 -21 -22 -23 24 -25 -26 27 -28 -29 29 -31
leaf_value=0.0015499722170397125 0.0028839326127127274 0.0079196704863427544 -0.010805764112662038 0.0039591684912513884 0 -0.0024898542253974161 0.00053732330482655726 0.0083514177969594601 0.000145039535924556 -0.0029936381746706532 -0.012335852962714852 -0.0012217074112763169 0.0046517558368664022 0 -0.0047723830872667388 -0.0012492701701077929 -0.0062215876923086989 0 0.013970350892363417 0.0088401919711031934 0.008620526776081534 -0.023352402551403351 -0.0025338073586722012 -0.022958394957270908 0.002614907075811941 -0.00037049107066915746 -0.0002885118092038795 -0.0018852974566346047 0.0050531012225620555 0.00070380216226277083
leaf_weight=41265 1867 1233 187 1057 2547 3176 8624 1094 36388 7743 108 7138 9922 102 2634 221 1045 229 1318 172 300 256 11928 134 1666 30562 30547 37186 2089 13146
leaf_count=41265 1867 1233 187 1057 2547 3176 8624 1094 36388 7743 108 7138 9922 102 2634 221 1045 229 1318 172 300 256 11928 134 1666 30562 30547 37186 2089 13146
internal_value=7.39909e-06 -7.80707e-05 -0.000476364 0.000821795 0.00105367 0.00255316 -0.00022265 0.00146314 0.000795818 -0.00211741 0.00581447 -0.000808912 0.00368005 -0.00964243 -0.00106408 0.00650036 -2.79121e-05 0.0100765 0.0118812 -0.000631864 -0.00140132 -0.017373 -0.00258617 -0.00591876 -0.00187786 -0.000810366 2.52958e-05 -0.00120669 0.000499186 0.00132568
internal_weight=255884 252141 173443 35180 34463 15945 18518 9718 78698 8800 3743 138263 12469 717 115890 3635 37433 1768 1547 359 3476 358 16362 2768 13594 99528 31780 67748 22373 15235
internal_count=255884 252141 173443 35180 34463 15945 18518 9718 78698 8800 3743 138263 12469 717 115890 3635 37433 1768 1547 359 3476 358 16362 2768 13594 99528 31780 67748 22373 15235
is_linear=0
shrinkage=0.03


Tree=4
num_leaves=31
num_cat=0
split_feature=16 30 16 53 120 25 81 4 46 34 80 34 12 27 27 33 43 42 6 1 26 36 49 33 78 42 99 37 32 80
split_gain=119.131 98.1923 77.6799 67.8202 62.5027 65.873 58.1688 103.959 70.3159 79.7371 69.0143 61.2041 56.9288 61.1989 50.0526 44.8624 89.9782 44.0481 74.6698 68.7918 47.0089 42.4889 62.6234 94.4004 42.4113 63.1615 50.4703 38.8279 38.5135 38.5112
threshold=1.2241054177284243 -0.00042249893886037165 0.9327770769596101 0.98698130249977123 0.25179861485958105 0.043483210727572448 0.61666667461395275 0.30000208318233496 1.1131267547607424 0.64983937144279491 0.52500000596046459 0.70937633514404308 0.98555809259414684 0.077257860451936736 0.092212572693824782 0.33557032048702246 1.034729599952698 -0.076609600335359559 0.1600005701184273 0.022546427324414257 0.024869986809790138 0.80502268671989452 0.9299084246158601 0.64410218596458446 0.30000000447034841 0.061179421842098243 0.58571431040763866 0.50906667113304149 0.00043288718734402215 0.42499999701976782
decision_type=10 8 8 10 8 10 2 10 10 10 2 10 10 8 10 8 8 10 10 10 10 10 10 10 10 10 2 10 10 2
left_child=1 2 3 -1 12 15 8 11 9 -7 -9 -8 13 28 17 16 -6 18 -4 27 -21 -2 -23 -24 25 -17 -26 -19 -3 -16
right_child=21 4 14 -5 5 6 7 10 -10 -11 -12 -13 -14 -15 29 24 -18 19 -20 20 -22 22 23 -25 26 -27 -28 -29 -30 -31
leaf_value=-0.016741337087266495 0.001872413678866781 -0.0127072792697647 -0.0017633985891774904 -0.003473696960637197 0.00017115872207415717 0.0053676960667649667 0.0015649219975984168 0.011305392239289946 -0.0041898922170623132 -0.00048743189637104811 -0.015298159093386554 0.025694057507553023 -0.00091669914006462427 -0.020632098128313056 -0.0057263956405429837 0.00056337992738423139 -0.004109816403027434 -0.00094734130991229828 0.0043547390608027576 -1.865400767344149e-05 -0.0027583502214948634 0.018967741985286682 -0.0043749142019486424 0.010907953094043268 0.00076935265696266933 -0.0034428490941831157 0.0029471766447328189 0.00045405379840899674 3.861771600800881e-06 0.0033257903908678792
leaf_weight=408 1927 273 3220 2626 34430 5561 169 138 1286 3203 167 344 9529 256 429 21440 5033 43652 3889 7768 22909 404 536 944 32956 4217 13853 29685 632 4280
leaf_count=408 1927 273 3220 2626 34430 5561 169 138 1286 3203 167 344 9529 256 429 21440 5033 43652 3889 7768 22909 404 536 944 32956 4217 13853 29685 632 4280
internal_value=-1.0208e-05 -9.10789e-05 -0.000719124 -0.00545406 0.000465953 0.000659328 0.00289199 0.0105894 0.0022159 0.00319742 -0.00238309 0.0186649 -0.00172444 -0.0079722 -0.000591592 0.000439384 -0.000369032 -0.000722194 0.00154429 -0.000880252 -0.00207484 0.00523903 0.00846908 0.00518854 0.000883745 -8.55715e-05 0.00142126 -0.000376033 -0.00369807 0.00241695
internal_weight=256164 252353 118866 3034 133487 122797 10868 818 10050 8764 305 513 10690 1161 115832 111929 39463 111123 7109 104014 30677 3811 1884 1480 72466 25657 46809 73337 905 4709
internal_count=256164 252353 118866 3034 133487 122797 10868 818 10050 8764 305 513 10690 1161 115832 111929 39463 111123 7109 104014 30677 3811 1884 1480 72466 25657 46809 73337 905 4709
is_linear=0
shrinkage=0.03


Tree=5
num_leaves=31
num_cat=0
split_feature=16 30 16 120 25 45 1 12 44 73 53 27 51 67 77 55 80 30 140 27 2 76 26 125 125 36 35 80 16 86
split_gain=129.399 87.629 82.3856 62.4957 79.1964 74.732 74.7574 67.1266 61.976 61.5203 58.7816 56.672 52.4051 50.607 49.8789 48.5283 47.1814 44.3631 48.8064 43.0632 42.6793 41.4967 47.1139 62.7504 41.3242 39.527 37.5782 36.097 38.4718 34.1551
threshold=1.2241054177284243 -0.0004898679326288401 0.93407893180847179 0.25775530934333807 0.043483210727572448 1.116867244243622 0.029605302959680561 0.98555809259414684 1.0265465974807741 0.5000000149011613 0.98698130249977123 0.090783946216106429 0.95506462454795849 0.59175169467926036 0.091666668653488173 0.93584609031677257 0.42499999701976782 -0.0070404950529336921 0.81279495358467113 0.056227706372737891 -0.15789148956537244 0.48333333432674414 0.021716838702559475 -0.4097223281860351 -0.10175788030028342 0.79527312517166149 0.79430988430976879 0.27500000596046453 0.90764138102531444 -0.58333334326744068
decision_type=10 8 8 8 10 10 10 10 8 8 10 10 10 8 2 10 2 10 10 10 10 2 10 10 10 10 10 2 10 2
left_child=1 2 10 7 8 6 20 27 12 19 -1 21 14 -11 -5 -8 -13 18 -2 -10 -6 22 -4 -24 -12 -20 29 28 -3 -18
right_child=17 3 11 4 5 -7 15 -9 9 13 24 16 -14 -15 -16 -17 26 -19 25 -21 -22 -23 23 -25 -26 -27 -28 -29 -30 -31
leaf_value=-0.016542263720130266 0 -0.012652303049824416 0.00012963038094806592 -0.0010826959496505011 0.0050004539674801222 -0.0041164104234657547 -0.003244662331052871 -0.00084062739083921086 -0.00029011280845073239 -0.0040244595519034823 -0.010888313541408158 -0.0066294705251029509 0.0026644999072619724 -0.00052015152116109209 0.0010716819616175682 0.0071266921939781586 0.0071548231224505673 0.00036829649457495195 0.0041085161171624052 0.002315754937920517 -0.0013217543121167631 0.00050142507192384275 0.00031112404014103619 -0.0019218652888742429 -0.0015585411381868655 0.013470008209072596 -0.0018813642716174002 0.0026767684071881685 0.0027153417187975723 0.0010580478619336864
leaf_weight=382 576 916 24138 12580 1447 1096 389 10382 23392 6396 566 422 13424 9364 40325 4999 2230 1166 816 7476 2661 20499 14388 49560 2034 1191 871 179 130 1523
leaf_count=382 576 916 24138 12580 1447 1096 389 10382 23392 6396 566 422 13424 9364 40325 4999 2230 1166 816 7476 2661 20499 14388 49560 2034 1191 871 179 130 1523
internal_value=-2.87923e-06 -8.66439e-05 -0.000690117 0.00043184 0.000631398 0.00311345 0.00398632 -0.00166395 0.00039549 -0.000438074 -0.00560686 -0.000557484 0.000985947 -0.00196464 0.00055352 0.0063132 0.00253146 0.00551346 0.00770012 0.000332387 0.000845941 -0.000704231 -0.000988262 -0.00141482 -0.00377168 0.00988994 0.00345707 -0.00827516 -0.0104458 0.00477893
internal_weight=255518 251769 116613 135156 123549 10592 9496 11607 112957 46628 2982 113631 66329 15760 52905 5388 5046 3749 2583 30868 4108 108585 88086 63948 2600 2007 4624 1225 1046 3753
internal_count=255518 251769 116613 135156 123549 10592 9496 11607 112957 46628 2982 113631 66329 15760 52905 5388 5046 3749 2583 30868 4108 108585 88086 63948 2600 2007 4624 1225 1046 3753
is_linear=0
shrinkage=0.03


Tree=6
num_leaves=31
num_cat=0
split_feature=26 26 33 76 39 25 17 10 70 120 32 9 1 110 62 45 36 138 9 115 126 24 31 1 94 30 79 52 80 14
split_gain=96.182 84.1182 79.0213 64.7445 62.849 60.7969 85.2235 83.5154 77.7022 55.1956 53.7022 63.2926 53.4451 66.1871 49.9382 48.8208 47.2116 46.2573 44.0798 68.8526 52.9202 48.0937 55.0693 47.4625 44.076 38.9465 142.259 48.3377 47.3297 43.6815
threshold=0.069634858518838896 0.021585190668702129 0.26314339041709905 0.25000000745058065 0.019420007243752483 0.033714421093463905 1.0505280494689944 1.0159251689910891 0.44444502890110021 0.25775530934333807 -0.0037429956719279285 0.98124304413795482 0.065656580030918135 -0.21240601688623426 1.0440213680267336 1.0296478867530825 0.16945534944534305 0.79039931297302257 0.97943317890167247 0.68762034177780162 0.51912555098533641 0.039376586675643928 0.0070085451006889352 0.039787808433175094 0.41912789642810827 6.9100988184800385e-05 0.55000001192092907 0.85945090651512157 0.17500000447034839 0.94244602322578441
decision_type=8 10 10 2 10 10 10 10 10 10 10 10 8 2 10 10 10 10 10 10 10 10 10 10 10 10 2 10 2 10
left_child=1 15 10 12 5 6 -4 9 -9 -7 11 -3 17 -14 -13 -1 -5 -2 21 23 24 -18 -23 -20 -21 27 28 29 -27 -6
right_child=3 2 4 16 25 7 -8 8 -10 -11 -12 14 13 -15 -16 -17 18 -19 19 20 -22 22 -24 -25 -26 26 -28 -29 -30 -31
leaf_value=0.0014324118594741205 0.00035046209984192206 0.0087700546339324059 0.00044962721294336251 -0.010064432072478716 0.0042044034157510081 -0.0041570670604817945 -0.0016503660596048932 0.0012645914535610787 0.0062878120056731922 0.00064019918875418496 -0.001851377086688349 0.0019152376537098111 0.01864920105959416 0.001955730090328948 -0.0073453333536334566 -6.3571714439416459e-05 0.00095995097797821284 0.0058100148982020939 -0.0030380443219219424 0.0059937953469606986 -0.00012389626767052788 0.00026820263895990977 -0.016608994745349263 0.0042192012836850907 0.019291739307702161 -0.0096877443313721587 0.0058139055869692452 -0.0022281990168742526 -0.00079053796026742668 -0.010512933076877159
leaf_weight=39567 2696 889 46975 345 169 2456 27482 7485 4589 16789 42874 2104 496 450 672 38221 815 3191 2065 868 560 247 380 1302 370 1048 2039 5873 1257 1252
leaf_count=39567 2696 889 46975 345 169 2456 27482 7485 4589 16789 42874 2104 496 450 672 38221 815 3191 2065 868 560 247 380 1302 370 1048 2039 5873 1257 1252
internal_value=2.08547e-05 -0.000117035 -0.000503549 0.00245736 -8.61116e-05 0.000141606 -0.000321685 0.0012521 0.00320583 8.73138e-06 -0.00154978 0.00188792 0.00453086 0.0112238 -0.000255725 0.00069368 0.00036918 0.00337021 0.000987995 0.00231781 0.00702663 -0.00353654 -0.00969395 -0.000134791 0.0104501 -0.00217823 3.39223e-06 -0.00351498 -0.00501335 -0.00852035
internal_weight=255526 241741 163953 13785 117414 105776 74457 31319 12074 19245 46539 3665 6833 946 2776 77788 6952 5887 6607 5165 1798 1442 627 3367 1238 11638 4344 7294 2305 1421
internal_count=255526 241741 163953 13785 117414 105776 74457 31319 12074 19245 46539 3665 6833 946 2776 77788 6952 5887 6607 5165 1798 1442 627 3367 1238 11638 4344 7294 2305 1421
is_linear=0
shrinkage=0.03


Tree=7
num_leaves=31
num_cat=0
split_feature=16 26 40 36 1 14 13 10 40 5 33 44 38 52 13 30 96 83 40 23 118 30 84 13 24 15 126 37 38 142
split_gain=116.151 79.7621 62.7619 96.7741 52.7486 51.1713 101.527 92.6307 82.9673 61.5991 56.0734 51.2215 58.2082 47.8215 65.1722 60.0423 49.8256 48.9126 46.2621 43.9853 58.601 42.4917 41.3778 36.0607 36.7442 34.3124 32.6987 30.6762 33.1763 29.4427
threshold=1.2241054177284243 0.021585190668702129 -0.030734675005078312 0.82707694172859203 0.036247322335839278 0.92502990365028392 0.90890604257583629 1.0174950361251833 0.055910304188728339 0.008428013417869808 0.33557032048702246 1.0406779646873476 -0.0016666601877659557 0.98243907094001781 1.1167117953300478 -0.0050332583487033835 0.14496751129627231 -0.50000001490116108 0.015055023599416019 0.029450981877744201 0.083333741873502745 -0.012589866761118172 -1.0000000180025095e-35 1.0712751746177676 0.01621547527611256 0.94573059678077709 -0.28765262663364405 0.65667176246643078 0.014282888267189266 1.6018208265304568
decision_type=10 10 10 10 10 8 8 10 10 10 8 10 10 10 8 10 10 10 10 10 10 10 2 8 10 10 10 10 10 10
left_child=1 4 3 13 22 6 19 8 -8 -9 11 12 -7 14 17 -16 -15 -3 -13 -4 -21 26 27 24 -12 -6 -2 28 -1 -5
right_child=21 2 5 29 25 10 7 9 -10 -11 23 18 -14 16 15 -17 -18 -19 -20 20 -22 -23 -24 -25 -26 -27 -28 -29 -30 -31
leaf_value=-0.00043962531270534786 0.014971687125887114 0.003026691955831121 0.0041306419899963115 0.0093484584314820277 0.001240168220679836 0.00073892024245742556 0 0.0037483089383213678 0.011487847539074796 0.014404142277864393 0.00031368121665689653 -0.0034606996059567004 -0.0018723210243221414 -0.000183082843980384 0.0018596991238386677 -0.014039025979500132 -0.00818940112041407 -0.00081265226708877078 0.00015409489384167493 -0.0030568389970934847 -0.01610338903367995 0.003209196940039316 0.0015238239704342951 0.0036685702446666011 -0.00095192255052136332 -0.0066922582628833483 0.0017079560551511016 0.0016718566552308596 0.011458315790092388 0
leaf_weight=28795 606 8863 304 1540 658 12513 9254 1682 585 761 33730 16657 19360 2367 332 448 1025 4328 3743 1029 489 2803 38809 1923 52061 1385 311 8832 191 370
leaf_count=28795 606 8863 304 1540 658 12513 9254 1682 585 761 33730 16657 19360 2367 332 448 1025 4328 3743 1029 489 2803 38809 1923 52061 1385 311 8832 191 370
internal_value=-6.88686e-06 -8.59286e-05 -0.000446492 0.00116113 0.000704739 -0.000649638 0.00106237 0.00206225 0.000724268 0.00727944 -0.000824396 -0.00160364 -0.000837949 0.000433878 0.00122486 -0.00701956 -0.00272419 0.00174496 -0.00278326 -0.00546413 -0.00760939 0.00523989 0.000835228 -0.000356331 -0.000450879 -0.00400474 0.0109259 0.000120228 -0.000343036 0.00754385
internal_weight=255754 252034 173364 19273 78670 154091 14104 12282 9839 2443 139987 52273 31873 17363 13971 780 3392 13191 20400 1822 1518 3720 76627 87714 85791 2043 917 37818 28986 1910
internal_count=255754 252034 173364 19273 78670 154091 14104 12282 9839 2443 139987 52273 31873 17363 13971 780 3392 13191 20400 1822 1518 3720 76627 87714 85791 2043 917 37818 28986 1910
is_linear=0
shrinkage=0.03


Tree=8
num_leaves=31
num_cat=0
split_feature=16 46 27 86 35 33 124 10 53 53 14 115 25 34 121 60 38 42 36 140 0 38 115 18 40 46 11 48 49 46
split_gain=118.838 77.1153 59.6122 66.3917 63.6934 61.364 83.1571 68.9711 66.6916 59.8318 54.8827 49.5505 64.7729 60.2666 53.4094 54.8895 47.893 45.5523 43.7983 65.8914 42.7845 41.2382 41.0761 45.6929 42.5993 39.7188 40.4076 38.6543 37.0734 68.9305
threshold=1.2241054177284243 1.0578616261482241 0.090783946216106429 -0.58333334326744068 0.80394437909126293 0.52326437830924999 0.10891062021255495 1.0194280147552492 0.99365082383155834 0.98177126049995433 0.89173579216003429 0.74603191018104564 0.043913342058658607 0.30460597574710851 0.2786350697278977 0.86153843998909008 -0.00089384932653047134 0.0402912124991417 0.80502268671989452 0.76397109031677257 0.0301642119884491 -0.0023240277078002687 0.55121213197708141 1.008972227573395 -0.015811516903340813 1.0105946660041811 0.96270072460174572 0.98289519548416149 0.96740931272506725 1.1155248880386355
decision_type=10 8 10 2 10 8 10 10 10 10 8 10 10 10 10 10 10 10 10 10 10 10 8 10 10 10 10 10 10 10
left_child=1 11 5 4 9 6 7 16 -7 -4 -8 12 25 17 -15 -16 -3 -14 -2 -20 -13 -21 24 -24 -10 -1 -27 -19 -5 -30
right_child=18 2 3 28 -6 8 10 -9 22 -11 -12 20 13 14 15 -17 -18 27 19 21 -22 -23 23 -25 -26 26 -28 -29 29 -31
leaf_value=0.0016772147615317136 0.0019112795946370949 0.00083910832255227762 -0.0043750865616893854 -0.0018038302118652911 -0.0029763268408241009 -0.0038359469655477232 0.01101280503003643 -0.0036649249550969785 -0.0010520066062733242 0.0090464925914343752 -0.0047270968346196825 -0.00079855382991051273 0.0027487922840655154 0.01072512149837249 -0.0049651443746438814 0.0027662411388912362 -0.0013654379764303885 0.016005986483823287 -0.0024969331465254071 0.016757367116920829 -0.0069892871360783216 0.0057973495577397739 -0.001452993136742974 0.0052921600115040778 0.00067148283009636951 -0.005083227857337988 0.00027521754605666274 0 0.0093972312894209722 -0.0011056853796761821
leaf_weight=19995 1953 14649 300 4094 625 4070 175 7397 23181 2248 8022 9613 783 508 1136 2820 22041 728 340 711 1132 795 1255 2691 28977 1260 91869 125 890 1355
leaf_count=19995 1953 14649 300 4094 625 4070 175 7397 23181 2248 8022 9613 783 508 1136 2820 22041 728 340 711 1132 795 1255 2691 28977 1260 91869 125 890 1355
internal_value=2.21104e-05 -5.63252e-05 -0.00059913 0.00166889 0.00519815 -0.000793895 -0.00154605 -0.00102017 -0.000135083 0.00732765 -0.00432856 0.000450779 0.000628462 0.00364183 0.0017349 0.000456846 -0.000477092 0.00858014 0.00527534 0.00861499 -0.0014904 0.0113201 0.000129318 0.00307476 -8.88615e-05 0.000462706 0.000198423 0.0134037 -6.12981e-05 0.00297182
internal_weight=255738 251939 121970 9512 3173 112458 52284 44087 60174 2548 8197 129969 119224 6100 4464 3956 36690 1636 3799 1846 10745 1506 56104 3946 52158 113124 93129 853 6339 2245
internal_count=255738 251939 121970 9512 3173 112458 52284 44087 60174 2548 8197 129969 119224 6100 4464 3956 36690 1636 3799 1846 10745 1506 56104 3946 52158 113124 93129 853 6339 2245
is_linear=0
shrinkage=0.03


Tree=9
num_leaves=31
num_cat=0
split_feature=27 86 26 33 40 25 17 86 86 1 10 122 69 86 38 76 23 74 78 24 86 10 8 147 1 134 83 61 49 52
split_gain=75.066 104.48 80.0845 72.6585 71.8555 67.8374 71.27 56.9833 66.2163 53.6044 48.7861 52.1185 55.2027 49.6799 47.3961 46.4025 46.9494 45.9237 62.2336 60.7283 53.5343 46.7506 56.0585 44.6823 44.4229 53.0366 43.7132 41.6212 41.1555 48.0803
threshold=0.087007671594619765 -0.58333334326744068 0.021970623172819618 0.25209435820579534 0.025811721570789817 0.03661074489355088 1.0505280494689944 0.78333333134651195 0.55000001192092907 0.036247322335839278 1.0189633965492251 0.35849054157733923 0.69444271922111522 0.91666665673255932 -0.020566289313137528 0.48333333432674414 0.042014449834823615 0.25000000745058065 0.30000000447034841 0.053826175630092628 -0.78333333134651173 1.0266911983489992 0.46665710210800176 0.48918381333351141 0.056305507197976119 0.23422770947217944 0.70000001788139354 0.77890631556510936 0.97309190034866344 0.75542226433753978
decision_type=8 2 10 8 10 10 10 2 2 10 10 10 10 2 10 2 10 2 10 10 2 10 10 10 10 10 10 10 10 10
left_child=2 17 9 -4 5 6 -5 8 -7 -1 13 -12 -13 26 -9 23 24 18 20 -20 -2 22 -19 -3 28 -26 -6 -18 -17 -30
right_child=1 15 3 4 10 7 -8 14 -10 -11 11 12 -14 -15 -16 16 27 21 19 -21 -22 -23 -24 -25 25 -27 -28 -29 29 -31
leaf_value=0.00074835263535866594 0.016633064567854461 0.0019516089616254276 -0.0015904073328260469 0.00048116902890275968 -0.0014434345331507776 0.001919388870429269 -0.0014583930270331454 -0.010980928613409999 -0.0026569591808980894 -0.004108858263114243 -0.0099942389947924905 -0.0034670532621523475 0.0096077249704506276 0.0040302174039724423 0.0065012048157554667 0.00036895666284935205 -0.017768259381295226 0.00075208376542916001 -0.0023921436125667055 0.0076046224955264204 0 0.014360052317089641 0.010655521609228289 -0.003695950154703683 0.016361717722773263 0.00073257666697960021 -0.0047647077041208614 -0.00069584408089515108 0.011559658345356062 -0.00027650532818294157
leaf_weight=78856 427 1801 43115 45440 9465 14990 27166 117 3447 2063 196 369 912 978 2762 5132 163 1253 1969 731 240 751 952 3755 419 433 6129 582 695 458
leaf_count=78856 427 1801 43115 45440 9465 14990 27166 117 3447 2063 196 369 912 978 2762 5132 163 1253 1969 731 240 751 952 3755 419 433 6129 582 695 458
internal_value=4.19362e-06 0.00178051 -0.000143407 -0.000543602 -0.000137633 0.00019274 -0.000240602 0.00168168 0.00104558 0.000619829 -0.00187172 0.00323778 0.00561546 -0.00234854 0.00561641 0.000258559 0.00175627 0.00495673 0.00240756 0.00024011 0.0104822 0.00772385 0.00522003 -0.00181104 0.00253577 0.00896176 -0.00277246 -0.00519018 0.00159141 0.00667774
internal_weight=255766 19761 236005 155086 111971 93922 72606 21316 18437 80919 18049 1477 1281 16572 2879 13438 7882 6323 3367 2700 667 2956 2205 5556 7137 852 15594 745 6285 1153
internal_count=255766 19761 236005 155086 111971 93922 72606 21316 18437 80919 18049 1477 1281 16572 2879 13438 7882 6323 3367 2700 667 2956 2205 5556 7137 852 15594 745 6285 1153
is_linear=0
shrinkage=0.03


Tree=10
num_leaves=31
num_cat=0
split_feature=16 25 86 55 14 49 53 53 53 33 80 19 7 45 3 0 36 1 115 24 37 1 38 126 139 5 138 138 6 138
split_gain=97.2625 78.2177 64.3337 64.024 92.5903 73.9315 83.4423 61.0238 62.5542 59.2512 76.412 58.0103 53.9736 47.1189 47.7059 66.6938 44.5895 52.768 75.6683 60.7521 43.4008 42.3131 41.5316 40.0085 39.046 35.3806 34.7186 31.3295 29.6001 28.472
threshold=1.2241054177284243 0.012333759106695654 0.68333333730697643 0.93584609031677257 0.89173579216003429 0.83075928688049328 0.98272484540939342 1.0393083691596987 1.0901523828506472 0.83951035141944896 0.27500000596046453 0.95532673597335827 0.024254177697002891 1.074836850166321 0.017476509325206283 0.024759299121797088 0.80819529294967662 0.054196750745177276 0.3000000268220902 0.043524280190467841 0.65667176246643078 0.03865334019064904 -0.0079900282435119135 0.2500001341104508 1.2011904716491701 0.0045454527717083701 0.91140505671501171 0.63215503096580516 0.068967685103416457 0.96482238173484813
decision_type=10 8 2 8 8 8 10 10 10 10 2 8 10 10 10 10 10 10 10 10 10 10 10 10 10 10 8 10 10 10
left_child=1 20 3 22 9 6 -6 13 23 10 -5 -7 -11 14 24 -16 28 18 21 -19 -1 -18 -3 26 -4 -25 -9 -20 -2 -15
right_child=16 2 7 4 5 11 -8 8 -10 12 -12 -13 -14 29 15 -17 17 19 27 -21 -22 -23 -24 25 -26 -27 -28 -29 -30 -31
leaf_value=0.00064681547055206565 0.0069085807213785065 0.0034334899493151431 0.0010281960241928158 -0.00045970583481003379 -0.0065439389930185624 -0.0041974519953559743 0.017319254090378707 -0.00058639613446464991 -0.0116725809475915 -0.0085841099616905305 0.013724567299323098 -0.0005032551141490757 0.011138709132000804 -0.0086021147387341495 0.0080844419899338636 -0.010974011079534508 0.0035914088527860166 -6.7180281357585102e-05 0 0.021926832585785788 0.0032545280991401688 -0.010401295336171776 -0.014055329487110385 0.0038590405550212622 -0.0015803102206883208 0.018087734507172978 0.0087081728675511786 0.017722817135223275 -0.00084743014117920432 0.00056856941814588098
leaf_weight=22420 600 119 25170 455 157 3917 403 735 145 378 988 178071 155 776 1402 157 564 119 105 390 7924 266 485 354 6409 446 599 371 1371 396
leaf_count=22420 600 119 25170 455 157 3917 403 735 145 378 988 178071 155 776 1402 157 564 119 105 390 7924 266 485 354 6409 446 599 371 1371 396
internal_value=-1.3877e-05 -8.69125e-05 -0.000283568 -0.000511778 -0.000477577 -0.00054929 0.0101168 0.000862552 0.00560845 0.00593627 0.00910185 -0.000584868 -0.00211067 0.00053549 0.000753789 0.00586047 0.0047447 0.0081492 0.00450462 0.0164096 0.00133937 -0.00067928 -0.0101293 0.0070194 0.000488637 0.0124051 0.00343252 0.0138115 0.00140861 -0.00529426
internal_weight=255847 252061 221717 185128 184524 182548 560 36589 2279 1976 1443 181988 533 34310 33138 1559 3786 1815 1306 509 30344 830 604 2134 31579 800 1334 476 1971 1172
internal_count=255847 252061 221717 185128 184524 182548 560 36589 2279 1976 1443 181988 533 34310 33138 1559 3786 1815 1306 509 30344 830 604 2134 31579 800 1334 476 1971 1172
is_linear=0
shrinkage=0.03


Tree=11
num_leaves=31
num_cat=0
split_feature=22 25 1 121 138 40 71 18 73 25 58 55 36 29 85 138 105 41 75 123 13 118 0 83 36 69 19 37 142 157
split_gain=95.3933 78.0745 58.7631 90.2049 62.2521 58.0077 75.8579 64.758 70.4411 63.8997 58.1798 51.5128 95.0688 80.4591 53.6819 50.0036 49.9879 46.5021 44.7162 44.5699 43.8857 45.5014 42.4065 42.0625 40.4363 41.6552 38.4561 34.6445 38.6122 32.6062
threshold=1.168898940086365 0.01246010744944215 0.065656580030918135 0.65476182103157055 0.74201041460037243 -0.030112487263977524 0.58064553141593944 1.0247294902801516 0.5000000149011613 0.04021751135587693 0.99975594878196727 0.93584609031677257 0.79527312517166149 0.013010889291763307 0.87500000000000011 0.60459268093109142 0.69615384936332714 0.00337600673083216 0.97499999403953563 -0.063830200582742677 1.1167117953300478 0.56046172976493847 -0.012195107527077196 -0.3000000044703483 0.65620315074920665 0.57216596603393566 1.0412516593933108 0.78577449917793285 1.2894784808158877 0.029094234108924869
decision_type=10 10 10 10 10 10 10 10 10 10 10 10 10 10 2 8 2 10 2 10 8 10 10 10 10 10 10 10 10 10
left_child=1 -1 4 -4 16 6 20 11 9 17 19 12 14 18 -7 -15 -2 -9 -13 23 21 -3 -11 -8 -6 26 -26 -12 -29 -14
right_child=2 5 3 -5 24 7 10 8 -10 22 27 13 29 15 -16 -17 -18 -19 -20 -21 -22 -23 -24 -25 25 -27 -28 28 -30 -31
leaf_value=0.0012592993702839372 0.0018260108139190637 -0.012215909124612808 0 0.017964021906192448 -0.000117384265631605 -0.0057551663633579582 0.00028329856618432303 -0.0048139348089254116 -0.010389064044462496 0.0080838557362375215 0.0043698165668040086 -0.00058273134493988001 0.011735354267906298 -0.0045501022003489339 -0.020424439655671988 0.0064707156667431704 -0.0087437810390023508 0.011176382429095019 0.00084130466308895047 0.0078597076144479496 -0.0063671248470460757 0.00065846514067799487 -0.0029367500712065013 -0.010086836893802282 -0.00051025661345986673 0.023483744270454805 0.009155058259128256 0.017131581756436979 0.0033746220419039082 -0.00094525018869843515
leaf_weight=32138 963 230 483 589 752 1084 1331 3346 1111 779 3160 164654 265 392 318 2334 630 143 22390 491 896 13833 454 435 475 136 1060 490 406 398
leaf_count=32138 963 230 483 589 752 1084 1331 3346 1111 779 3160 164654 265 392 318 2334 630 143 22390 491 896 13833 454 435 475 136 1060 490 406 398
internal_value=-3.53957e-05 -0.000119117 0.00402158 0.0102775 0.0022347 -0.00032292 0.0011608 -0.000484209 -0.00359901 -0.00190109 0.00391288 -0.000387571 -0.00508763 -0.000334315 -0.00953387 0.00475507 -0.00222473 -0.0040131 -0.000410592 0 0 0.000409553 0.00380445 -0.00218744 0.00528356 0.00786419 0.00600314 0.00605268 0.0114353 0.00387915
internal_weight=256166 251078 5088 1072 4016 218940 21272 197668 5833 4722 6313 191835 2065 189770 1402 2726 1593 3489 187044 2257 14959 14063 1233 1766 2423 1671 1535 4056 896 663
internal_count=256166 251078 5088 1072 4016 218940 21272 197668 5833 4722 6313 191835 2065 189770 1402 2726 1593 3489 187044 2257 14959 14063 1233 1766 2423 1671 1535 4056 896 663
is_linear=0
shrinkage=0.03


Tree=12
num_leaves=31
num_cat=0
split_feature=27 46 81 13 14 42 5 38 29 28 138 11 106 38 83 106 120 25 23 14 34 45 141 120 45 50 81 39 78 59
split_gain=73.6482 79.2242 62.0297 59.9084 57.303 48.0797 63.2446 53.3671 59.8828 57.532 45.3617 44.1845 42.7435 42.2989 41.7466 39.2693 38.1305 68.874 55.8063 77.4783 48.4273 43.3355 37.8428 34.4543 40.0858 34.4534 34.4065 33.9667 33.8401 61.9021
threshold=0.092212572693824782 1.0567441582679751 0.61666667461395275 0.98948475718498241 1.054436266422272 -0.079052612185478197 0.0086956629529595392 -0.01151582784950733 -0.00043414959509391332 -0.0090909185819327814 0.49812923371791845 0.98187866806983959 0.5313725769519807 -0.00057272432604804624 -0.50000001490116108 0.57793521881103527 0.25775530934333807 0.043913342058658607 0.03004070091992617 0.87522506713867199 0.12181489914655687 1.0206446051597597 1.7349518537521365 0.80379262566566478 1.1221204996109011 0.94366583228111278 0.41666667163372045 -0.022399972192943093 0.30000000447034841 0.94321686029434215
decision_type=10 10 2 8 8 10 10 8 10 10 10 10 2 10 10 2 8 10 10 8 10 8 10 8 10 8 2 10 10 10
left_child=1 16 26 4 13 6 23 14 11 -10 -4 -9 -12 -3 -7 -15 -1 21 19 -19 -21 28 -16 24 -5 -23 -2 -8 29 -18
right_child=2 3 10 5 -6 7 27 8 9 -11 12 -13 -14 15 22 -17 17 18 -20 20 -22 25 -24 -25 -26 -27 -28 -29 -30 -31
leaf_value=-0.0012858344850273438 0.0013009877656508391 -0.00032722471017822193 -0.0029781683991333906 0.0053699365397057294 -0.0075336560028370228 0.00027984060499736086 -0.00057315861022327723 -0.0026106345841874616 0.0057365936549107332 0.00052073788584505937 0 -0.00043405558478787695 0.0063680062254626675 -0.0041521345884012375 -0.0060730557076674524 0.00038328130035545537 -0.0029293597648175664 0.0191746137500476 -0.0041033239427771149 0.011600217816398407 0.0023036837902464034 -0.0011114372572702783 0.0068840593057966819 0.008186100046226016 -0.0020336382831802652 0.00038965213604936669 -0.0034361364964761968 0.0080393279230821131 0.0018885042553654502 0.00098398366018682092
leaf_weight=10958 6906 10685 635 767 1636 1652 450 9991 2227 13775 1098 56009 4682 7342 3406 2084 4371 332 584 630 3026 21024 178 411 3731 39459 1689 1771 23603 20806
leaf_count=10958 6906 10685 635 767 1636 1652 450 9991 2227 13775 1098 56009 4682 7342 3406 2084 4371 332 584 630 3026 21024 178 411 3731 39459 1689 1771 23603 20806
internal_value=-3.67736e-07 -0.000128642 0.00203588 -0.000693516 -0.00211514 -0.000362347 0.00199374 -0.000558761 -0.000366744 0.00127161 0.00426744 -0.000768779 0.0051227 -0.0016524 -0.00349607 -0.00311895 0.000394575 0.000559167 0.00416555 0.00546573 0.00404167 0.000404782 -0.00531167 2.55979e-05 -0.000686595 -0.000127366 0.000329458 0.00617093 0.00107053 0.000290893
internal_weight=255918 240908 15010 116115 21747 94368 7130 87238 82002 16002 6415 66000 5780 20111 5236 9426 124793 113835 4572 3988 3656 109263 3584 4909 4498 60483 8595 2221 48780 25177
internal_count=255918 240908 15010 116115 21747 94368 7130 87238 82002 16002 6415 66000 5780 20111 5236 9426 124793 113835 4572 3988 3656 109263 3584 4909 4498 60483 8595 2221 48780 25177
is_linear=0
shrinkage=0.03


Tree=13
num_leaves=31
num_cat=0
split_feature=16 26 40 71 18 73 58 25 33 39 114 13 36 140 23 39 1 84 36 32 138 140 52 109 44 29 1 76 37 2
split_gain=95.119 64.9698 61.0412 99.9587 63.7784 63.7534 57.3324 51.9784 45.632 80.6603 68.2677 47.3749 39.5706 54.6908 42.8917 38.4846 37.9417 38.6174 36.1215 35.15 33.4158 32.2268 31.4973 59.5442 31.2051 31.0139 33.6313 52.3267 30.419 29.7342
threshold=1.2241054177284243 0.021585190668702129 -0.030734675005078312 0.58064553141593944 1.0247294902801516 0.5000000149011613 0.99950662255287182 0.033948997035622604 0.25775006413459783 -0.015913747251033779 0.73188430070877086 0.9839400351047517 0.80502268671989452 0.76397109031677257 0.017277830280363563 -0.039341956377029412 0.036247322335839278 -1.0000000180025095e-35 0.88282263278961193 -0.0047129248268902293 0.88330587744712841 1.1651045083999636 0.84731605648994457 0.18333333730697635 1.0406779646873476 0.0017916329670697453 0.054196750745177276 0.68333333730697643 0.67595657706260692 0.62500011920928966
decision_type=10 10 10 10 10 10 10 10 8 10 10 8 10 10 10 10 10 2 10 8 8 10 10 2 10 10 10 2 10 10
left_child=1 16 3 25 8 7 18 -6 19 10 -10 -11 -2 -14 -15 -9 17 28 -5 29 -18 -16 23 -8 -21 26 -3 -28 -1 -4
right_child=12 2 4 6 5 -7 22 15 9 11 -12 -13 13 14 21 -17 20 -19 -20 24 -22 -23 -24 -25 -26 -27 27 -29 -30 -31
leaf_value=-0.00040252630626102284 0.0014475334285824137 -0.00054211908819929691 0 -0.0013291176250325159 -0.0052072326071519737 -0.010275648746574268 0.011840188878560058 0.01576734297722578 0.0013382577790207861 -0.0011202225290652857 0.0085958693299392069 0.00022121590590349933 -0.002201490449821718 -0.00050776293748285527 0.0094771297922542283 0 -0.0086584950621928555 0.0013861658192831018 0.011306064680117465 -0.00084365755367072552 -0.00031574685943651793 0.023786200950573728 0.002809533458882641 0.0013298896793564228 -0.0025197632610011312 -0.0076728860134080571 0.0080746047804418925 -0.0037422134913204343 0.0016815005920603442 0.0078642337414239517
leaf_weight=29780 1922 11396 1392 1740 2349 1092 1649 130 5885 43301 1489 51661 342 226 1070 2084 695 38783 210 27974 1302 213 1616 788 16339 471 1015 446 7967 621
leaf_count=29780 1922 11396 1392 1740 2349 1092 1649 130 5885 43301 1489 51661 342 226 1070 2084 695 38783 210 27974 1302 213 1616 788 16339 471 1015 446 7967 621
internal_value=-3.10364e-05 -0.000103118 -0.000427942 0.001155 -0.000628303 -0.00375805 0.00436549 -0.00209479 -0.000506742 -0.000149702 0.00286362 -0.000387405 0.00468271 0.00783025 0.0102991 0.00109021 0.000611277 0.000721388 0 -0.00128858 -0.00342501 0.0124116 0.00639141 0.00860229 -0.00146929 -0.000272915 0 0.00426289 3.0049e-05 0.00251729
internal_weight=255948 252175 173648 19331 154317 5655 6003 4563 148662 102336 7374 94962 3773 1851 1509 2214 78527 76530 1950 46326 1997 1283 4053 2437 44313 13328 12857 1461 37747 2013
internal_count=255948 252175 173648 19331 154317 5655 6003 4563 148662 102336 7374 94962 3773 1851 1509 2214 78527 76530 1950 46326 1997 1283 4053 2437 44313 13328 12857 1461 37747 2013
is_linear=0
shrinkage=0.03


Tree=14
num_leaves=31
num_cat=0
split_feature=16 30 120 84 16 35 9 27 115 22 74 76 57 48 38 2 38 34 51 24 101 46 138 84 33 65 24 137 74 56
split_gain=95.8846 60.6883 53.602 64.9347 49.426 46.9316 40.7541 40.7082 46.3683 46.652 44.1722 43.843 39.5718 43.6901 52.5718 39.0197 37.9322 40.7512 60.9601 36.5794 50.8433 36.4554 34.1626 28.7634 28.3276 59.167 43.3468 30.0234 27.139 65.9063
threshold=1.2241054177284243 -0.00042249893886037165 0.25775530934333807 0.84999999403953563 0.93407893180847179 0.18933849781751635 0.97085517644882213 0.090783946216106429 0.2631575614213944 1.113360643386841 0.55000001192092907 0.050000002607703216 0.92110148072242748 0.98133751749992382 -0.0084622311405837519 0.44444401562213903 -0.0016666601877659557 0.87460365891456615 0.97758403420448314 0.050025841221213348 0.56594201922416698 1.0223798155784609 0.58965885639190685 0.75000000000000011 0.56084024906158458 0.15707236528396609 0.041630795225501067 1.0083316564559939 0.35000000894069677 1.173233211040497
decision_type=10 8 8 2 8 10 10 10 8 10 2 2 8 10 8 10 10 10 10 10 2 10 10 2 10 10 10 10 2 10
left_child=1 4 6 12 5 -1 -3 8 28 21 -11 -9 19 15 -15 -14 24 18 -18 22 -21 -10 -4 -8 25 26 -2 -27 -6 -30
right_child=16 2 3 -5 7 -7 23 11 9 10 -12 -13 13 14 -16 -17 17 -19 -20 20 -22 -23 -24 -25 -26 27 -28 -29 29 -31
leaf_value=-0.00068652861108514022 -0.014024992717092441 -0.0067054393576763925 -0.0027918716722892391 0.0030121584406624345 0.00065541464182910559 -0.0082259735419243189 -0.0022923378509704857 0.0063707136730867817 0.0028815749167806341 -0.0040083015272294568 0.0056627200666129864 0.00024508117447963204 -0.00092863877666563325 -0.001520132898290527 0.0012708758979518961 0.00068317194025097278 0.0029373161934605368 0.010977262944829449 -0.010346168300090688 0.011516672398684022 -0.011506379326299087 -0.00068461666706391754 0.0082401346789591455 0.00083048093693355296 0.010641336123446298 0.018535380662583253 0.0041195750207055444 0 0.0025227280094599538 0.022124943935575531
leaf_weight=1723 209 1224 250 9182 8368 1436 5881 1541 2606 5739 417 3572 33679 6858 47334 22372 1128 313 403 100 243 91622 1431 4630 1186 201 195 173 1423 164
leaf_count=1723 209 1224 250 9182 8368 1436 5881 1541 2606 5739 417 3572 33679 6858 47334 22372 1128 313 403 100 243 91622 1431 4630 1186 201 195 173 1423 164
internal_value=2.78729e-05 -4.25834e-05 0.000395622 0.000584555 -0.000537141 -0.00423833 -0.00153185 -0.000432554 -0.000556121 -0.000751781 -0.00328841 0.00216735 0.000382835 0.000303175 0.000911709 -0.000279942 0.00474089 0.00142223 -0.000454152 0.00452958 -0.00370297 -0.000582215 0.00640954 -0.000889312 0.00765981 0.00258599 -0.00477834 0.0111412 0.00138435 0.00498524
internal_weight=255603 251795 133184 121449 118611 3159 11735 115452 110339 100384 6156 5113 112267 110243 54192 56051 3808 1844 1531 2024 343 94228 1681 10511 1964 778 404 374 9955 1587
internal_count=255603 251795 133184 121449 118611 3159 11735 115452 110339 100384 6156 5113 112267 110243 54192 56051 3808 1844 1531 2024 343 94228 1681 10511 1964 778 404 374 9955 1587
is_linear=0
shrinkage=0.03


Tree=15
num_leaves=31
num_cat=0
split_feature=16 26 86 26 38 69 4 13 30 36 103 10 69 151 24 51 14 3 1 7 30 99 6 84 117 121 11 118 1 37
split_gain=72.0518 57.7991 48.1099 45.2091 59.6212 49.6633 48.5161 44.6539 48.8474 69.9867 54.2595 46.829 82.6781 43.1661 42.2506 107.818 55.7052 68.0691 45.4042 42.0792 39.588 37.0563 36.901 36.5383 36.4451 35.4889 33.2642 31.0202 30.7248 29.3953
threshold=1.2241054177284243 0.021839609369635585 0.88333332538604747 0.067140191793441786 -0.0025348505005240436 0.64583364129066478 0.64285901188850414 0.96551731228828441 0.0032538753002882008 0.50448116660118114 0.29166667163372045 1.0189633965492251 0.5583331584930421 0.48025570809841162 0.019910611212253574 0.79676243662834179 0.89173579216003429 0.012320281472057106 0.06177517585456372 -0.031042098999023434 -0.012589866761118172 0.58571431040763866 0.59999784827232372 -0.15000000223517415 0.66666671633720409 0.66192114353179943 0.99504950642585765 0.99913978576660167 0.0449438113719225 0.67196151614189159
decision_type=10 10 2 10 10 10 10 8 10 10 2 10 10 10 10 10 10 10 10 8 10 2 10 2 10 10 10 10 10 10
left_child=1 19 3 7 5 -5 13 11 10 -10 -9 21 -13 -6 15 -4 18 22 -16 -1 25 -3 -18 29 -7 -2 -8 -27 -19 -21
right_child=20 2 14 4 6 24 26 8 9 -11 -12 12 -14 -15 16 -17 17 28 -20 23 -22 -23 -24 -25 -26 27 -28 -29 -30 -31
leaf_value=-0.0077224172051545935 0.0017663356324247837 -0.0040489328031404238 -0.019906445344170222 0.0014709669009463154 -0.0031610927319376389 0.01041100626029277 -0.01930216586286786 -0.0029148672279226398 0.0028976367079054798 -0.00045767034595625559 -0.00047219644197054239 -0.015998550557974472 0.0036963754694244065 0.0021315966421663673 0.00049697469012871997 0.00057868804935699023 0.0040333677566608689 0.0080823239795078539 -0.013557913285518558 -0.00044663876530986254 0.0021933900183529398 -0.0013041451668848645 -0.005991279094626328 0.0012701520902209038 0 0.018392681036697684 0 0 0.022664537039352579 0.0015949560588280239
leaf_weight=517 398 7478 228 2818 2180 1311 181 8997 9034 14332 97578 186 2260 3710 1113 3156 3076 671 225 29847 2844 12083 330 42255 325 407 140 115 220 8038
leaf_count=517 398 7478 228 2818 2180 1311 181 8997 9034 14332 97578 186 2260 3710 1113 3156 3076 671 225 29847 2844 12083 330 42255 325 407 140 115 220 8038
internal_value=3.96434e-06 -5.64878e-05 -0.000368848 -0.000488651 0.00138907 0.00403685 -0.000468403 -0.000622585 -0.000407831 0.000828133 -0.000681728 -0.00187547 0.00195946 0.000117843 0.00175431 -0.000822234 0.0033521 0.00503005 -0.00181047 0.000604399 0.00411404 -0.00237184 0.00294523 0.000663773 0.00820426 0.00955923 -0.0114811 0.014663 0.0124307 -4.94932e-06
internal_weight=256053 252289 171632 162613 10665 4454 6211 151948 129941 23366 106575 22007 2446 5890 9019 3384 5635 4297 1338 80657 3764 19561 3406 80140 1636 920 321 522 891 37885
internal_count=256053 252289 171632 162613 10665 4454 6211 151948 129941 23366 106575 22007 2446 5890 9019 3384 5635 4297 1338 80657 3764 19561 3406 80140 1636 920 321 522 891 37885
is_linear=0
shrinkage=0.03


Tree=16
num_leaves=31
num_cat=0
split_feature=21 1 55 29 105 33 111 26 40 86 14 1 15 80 13 138 112 0 23 11 84 49 31 85 118 107 87 78 13 41
split_gain=74.0149 52.8074 50.2448 65.2061 70.072 65.8041 48.518 44.7036 52.3054 68.0562 58.0614 46.0087 42.9209 42.6655 41.5097 41.3803 42.5075 40.8684 37.9998 37.148 36.7372 35.6169 60.2255 61.3503 50.4126 61.7397 35.2873 34.27 32.2148 39.121
threshold=1.1875514388084414 0.048148183152079589 0.93584609031677257 0.013010889291763307 0.44722221791744238 0.89541542530059826 -0.18898809701204297 0.021839609369635585 -0.030734675005078312 0.68333333730697643 0.88468468189239513 0.036247322335839278 1.1499549746513369 0.32500000298023229 1.0951148867607119 0.63875904679298412 -0.19821428507566449 0.032821618020534522 0.029450981877744201 0.98393580317497265 -0.15000000223517415 0.85237580537796032 0.0061822934076190003 0.87500000000000011 0.083333741873502745 0.39559109508991247 -0.97499999403953541 0.30000000447034841 0.96343469619750988 -0.037257444113492959
decision_type=10 10 8 10 2 10 2 10 10 2 8 10 10 2 10 10 2 10 10 10 2 10 10 2 10 2 2 10 10 10
left_child=2 -2 21 7 17 15 -3 11 9 26 13 20 -12 -10 -11 -6 -17 18 -5 -20 -4 24 23 27 -1 -26 -9 -23 -13 -30
right_child=1 6 3 4 5 -7 -8 8 10 14 12 28 -14 -15 -16 16 -18 -19 19 -21 -22 22 -24 -25 25 -27 -28 -29 29 -31
leaf_value=-0.002086901516573229 -0.0031171854267357112 0.019340256321495213 -3.0495010662693627e-05 0.0047411607061814244 -0.0015815381248909476 -0.0085905283108562019 0.0030466784243261846 -0.0070723784607319533 -0.00065203524573167223 0.0054930849545678237 -0.00068821396343273563 0.0014110361247347265 0.0020539578316848971 0.0096551619843713524 -0.0079619994851322286 0.00022349984713299716 0.017490987084556524 -0.011944285580986895 0.0044362514224750068 -0.013674040400327589 0.0012629282871738159 -0.0031469397829890161 0.012052531108382112 -0.017203549309369733 0 -0.023664322281426863 0.00051842673729532646 0.013454151216998592 0.0048017612219026142 -0.0082894106528378728
leaf_weight=571 239 384 37276 1234 128 123 379 549 527 3598 142954 640 5259 849 184 196 779 188 134 214 41011 481 232 227 137 294 15365 123 200 1271
leaf_count=571 239 384 37276 1234 128 123 379 549 527 3598 142954 640 5259 849 184 196 779 188 134 214 41011 481 232 227 137 294 15365 123 200 1271
internal_value=-1.0895e-05 0.00804475 -4.43874e-05 -4.92763e-06 0.00437849 0.00984034 0.0119145 -5.90731e-05 -0.000336781 0.00111085 -0.000529515 0.000521872 -0.000588626 0.00553988 0.00472113 0.0122792 0.0143956 0.000360034 0.00214037 -0.00602321 0.000643389 -0.00468254 -0.000521433 -0.00458514 -0.00870684 -0.0163305 0.000229184 7.58442e-05 -0.00380758 -0.00626777
internal_weight=255746 1002 254744 252679 2996 1226 763 249683 169285 19696 149589 80398 148213 1376 3782 1103 975 1770 1582 348 78287 2065 1063 831 1002 431 15914 604 2111 1471
internal_count=255746 1002 254744 252679 2996 1226 763 249683 169285 19696 149589 80398 148213 1376 3782 1103 975 1770 1582 348 78287 2065 1063 831 1002 431 15914 604 2111 1471
is_linear=0
shrinkage=0.03


Tree=17
num_leaves=31
num_cat=0
split_feature=16 26 33 86 56 53 38 3 50 58 54 27 53 139 17 81 15 34 38 52 24 74 12 22 113 81 44 51 42 23
split_gain=82.3234 50.3678 57.6624 45.0252 67.4692 49.5249 54.1187 48.8637 45.5667 57.9531 46.4651 40.9025 56.6152 55.6218 53.8414 42.8315 76.4339 40.2643 47.487 45.3718 39.9046 39.8514 36.1313 36.0888 35.5138 35.4212 34.9841 34.9128 33.3522 33.3132
threshold=1.2241054177284243 0.019946628250181678 0.33557032048702246 0.68333333730697643 0.9511779546737672 1.0393083691596987 -0.018891852349042889 0.017476509325206283 0.87046703696250927 1.0027337074279787 0.99299791455268871 0.093774378299713149 1.0393083691596987 1.0426120758056643 0.74524354934692394 0.61666667461395275 1.0795254707336428 0.87460365891456615 -0.0024647867539897557 0.97850695252418529 0.050025841221213348 0.65000000596046459 1.0084052085876467 0.88662621378898632 0.59615424275398265 0.11666667088866235 1.0406779646873476 0.80270791053771984 -0.003400894813239574 0.026176295243203643
decision_type=10 10 8 2 10 10 10 10 10 10 10 10 10 10 8 2 10 10 10 10 10 2 10 10 10 2 10 10 8 10
left_child=1 28 11 4 22 6 -5 -8 9 -6 -10 12 14 -14 -3 20 -17 18 -2 -20 24 23 -4 -7 -13 -22 -16 -23 -1 -30
right_child=17 2 3 5 8 21 7 -9 10 -11 -12 15 13 -15 26 16 -18 -19 19 -21 25 27 -24 -25 -26 -27 -28 -29 29 -31
leaf_value=-0.0001044744874337053 0.0065660789492280273 0.0086840549795612638 -0.0060235521071331337 -0.011781373729299039 0.0014210126716500662 -0.010292063745924018 0.00065746433334715681 0.0067908854538017045 -0.0019837057078765795 0.011836664451599537 1.1794272096409061e-05 0.0033948179096781649 -0.0135871864474545 0.00050875201207037043 -0.00061730351169378298 0.015230086982456386 0 0.012141205398195905 0.0021831582241425558 -0.0092852410794164383 0 0.025134274633933924 0.010113497960712174 0.0045165865109588607 -0.0043198266055425212 -0.02252262166658273 -0.0021669219365520339 0.0069839354300011806 0.0011759072242247164 0.0130895174296419
leaf_weight=28000 1638 474 2298 277 6444 145 19260 1244 12025 515 79744 1678 629 345 36246 504 726 528 1205 391 105 141 101 1007 746 110 21288 526 37429 198
leaf_count=28000 1638 474 2298 277 6444 145 19260 1244 12025 515 79744 1678 629 345 36246 504 726 528 1205 391 105 141 101 1007 746 110 21288 526 37429 198
internal_value=2.1063e-05 -4.36365e-05 -0.000296192 7.74719e-05 -0.000190552 0.00128916 0.00085383 0.00105046 -6.61779e-05 0.00226652 -0.000246794 -0.00103634 -0.00123559 -0.00838269 -0.00110757 0.00191477 0.00649641 0.00441514 0.00299468 -0.000520956 -0.000140647 0.00603599 -0.00514215 0.00225285 0.00088192 -0.01204 -0.00119644 0.0118775 0.000669683 0.00125349
internal_weight=255967 252205 186578 123727 101127 22600 20781 20504 98728 6959 91769 62851 58982 974 58008 3869 1230 3762 3234 1596 2639 1819 2399 1152 2424 215 57534 667 65627 37627
internal_count=255967 252205 186578 123727 101127 22600 20781 20504 98728 6959 91769 62851 58982 974 58008 3869 1230 3762 3234 1596 2639 1819 2399 1152 2424 215 57534 667 65627 37627
is_linear=0
shrinkage=0.03


Tree=18
num_leaves=31
num_cat=0
split_feature=16 30 55 29 3 48 124 68 38 52 29 16 82 52 61 62 138 33 41 114 79 142 68 67 26 33 30 60 78 140
split_gain=65.1062 52.1383 51.1947 45.7097 53.0004 45.3072 45.3023 42.4902 49.6072 48.0482 42.2914 99.9463 47.1388 73.4931 58.0641 46.0108 42.191 54.8276 54.2288 42.9745 42.1494 40.0223 37.6413 35.9822 34.1943 32.973 39.7772 32.5897 58.1884 37.4229
threshold=1.2241054177284243 -0.00042249893886037165 0.93584609031677257 0.014018505811691286 0.0073692032601684341 0.90522998571395885 0.10891062021255495 0.65217500925064098 -0.0006987329979892819 0.81125733256340038 -4.7324330807896324e-05 1.117236912250519 0.22500000149011615 0.84896609187126171 1.0575872063636782 0.92794194817543041 1.0677575469017031 0.92410355806350719 0.063969686627388014 0.78412309288978588 0.75000000000000011 1.8656284809112551 0.93333366513252269 0.92340287566185009 0.023097965866327289 0.97388815879821788 -0.0068273739889264098 1.0343453884124758 0.30000000447034841 0.82035279273986828
decision_type=10 8 8 10 10 8 10 10 10 10 10 10 2 10 10 10 10 10 10 10 2 8 10 10 10 10 10 10 10 10
left_child=1 3 16 6 -5 20 10 9 -9 -8 12 15 14 -14 -1 -12 17 18 19 -3 21 23 -13 -4 -10 26 27 28 -2 -29
right_child=25 2 5 4 -6 -7 7 8 24 -11 11 22 13 -15 -16 -17 -18 -19 -20 -21 -22 -23 -24 -25 -26 -27 -28 29 -30 -31
leaf_value=0.0003099957302221394 0.013092611238153758 -0.014929742204829448 0.0016806819999792596 0.023162899007845038 -0.00068278581911355855 0.00041214330071228506 -0.017793478484585647 0.0016929958256136825 0.00021017078028007515 -0.0035605733123771667 0.0056594367168070628 0.0083580778638727357 -0.0063927515521678725 -0.00076390396737780126 0.0086055850227129103 -0.00026121811215225479 0.0011781502586340736 0 -0.019471791510154931 0.0046964408680796616 -0.0078639429263276609 -0.0040437955194321494 -0.0063609159353042117 0.012539833849793012 -0.0039096226370317674 -0.010049221018225781 0 0 -0.0016066051362871815 0.012255324348922814
leaf_weight=22930 309 141 510 139 127 129616 220 4041 2687 4565 1267 1951 2164 59344 771 13798 721 520 429 220 161 212 132 863 4810 115 1130 335 817 1099
leaf_count=22930 309 141 510 139 127 129616 220 4041 2687 4565 1267 1951 2164 59344 771 13798 721 520 429 220 161 212 132 863 4810 115 1130 335 817 1099
internal_value=5.60442e-05 -1.65146e-06 0.000404333 -0.00045946 0.0114774 0.00047975 -0.000490671 -0.00196016 -0.000937817 -0.00434873 -0.000253061 0.00109978 -0.000529031 -0.00096883 0.000599529 0.000223678 -0.00428435 -0.00748888 -0.0123696 -0.0025631 0.00526721 0.00686933 0.00723106 0.00880361 -0.00239651 0.00394072 0.00450941 0.00656634 0.00232351 0.00961377
internal_weight=256144 252339 133393 118946 266 131362 118680 16323 11538 4785 102357 17148 85209 61508 23701 15065 2031 1310 790 361 1746 1585 2083 1373 7497 3805 3690 2560 1126 1434
internal_count=256144 252339 133393 118946 266 131362 118680 16323 11538 4785 102357 17148 85209 61508 23701 15065 2031 1310 790 361 1746 1585 2083 1373 7497 3805 3690 2560 1126 1434
is_linear=0
shrinkage=0.03


Tree=19
num_leaves=31
num_cat=0
split_feature=16 26 27 11 125 125 11 28 48 21 14 124 29 137 69 37 40 11 33 42 36 58 33 36 140 117 39 127 33 71
split_gain=60.2233 54.9245 39.1326 40.6344 92.1308 57.5359 60.971 49.1755 45.8078 42.6816 42.6983 40.0265 52.3284 47.9292 43.282 42.3973 57.9415 38.1972 37.8128 36.0482 35.1106 34.4651 32.684 34.6671 44.2026 28.3394 27.9137 38.2964 27.669 52.4894
threshold=1.2241054177284243 0.019818709231913093 0.07648158818483354 0.9717526137828828 0.50436052680015575 0.37500028312206274 0.9872221350669862 0.014610698912292721 0.88710486888885509 0.95382636785507213 1.07012414932251 -0.69811373949050892 -0.0036131704691797491 0.53896498680114757 0.24390214681625369 0.68760761618614208 0.025811721570789817 0.96131581068038952 0.88048130273818981 -0.003400894813239574 0.86057546734809887 1.003871023654938 0.97828525304794323 0.80819529294967662 0.73733803629875194 0.61010286211967479 0.01692894566804171 -0.041522480547428124 0.65727531909942638 0.071428496390581145
decision_type=10 10 10 10 10 10 10 10 10 10 8 10 10 10 10 10 10 10 10 10 10 10 10 10 10 10 10 10 10 10
left_child=1 19 11 4 8 9 25 -8 18 20 -11 -3 13 14 -13 16 -14 -6 -4 -1 -5 -10 23 -2 -25 -7 -21 -28 29 -26
right_child=22 2 3 5 17 6 7 -9 21 10 -12 12 15 -15 -16 -17 -18 -19 -20 26 -22 -23 -24 24 28 -27 27 -29 -30 -31
leaf_value=-0.00011037090469990595 0.0013117025256432328 0.0017980653518531536 -0.006653021589104839 -0.0047502205324376871 -0.017627818685235275 0.015633109540315254 0.0019456441504434644 -0.017682847412387754 0.0045706280191384792 0.0010916708584651836 -0.0027033880731786634 -0.0013306073452502491 -0.00026852811055041781 0 -0.0038754628938708993 0.00075635628807475624 -0.0024039011295161647 0 0.0083716218384491635 0.0010927938902448606 0.0034244702048307572 0.016225379679568244 -0.01101584886654842 -0.0035335236200204402 -0.0078512467833524446 0.0046554017958354114 -9.4887102660964786e-05 0.0079427863283774991 0.013255104323096817 0.0094466774688729219
leaf_weight=28237 1934 6424 544 2885 228 452 815 112 4124 12389 3361 17427 75182 12048 9691 26938 13579 222 174 34252 506 253 101 237 193 632 789 1263 807 494
leaf_count=28237 1934 6424 544 2885 228 452 815 112 4124 12389 3361 17427 75182 12048 9691 26938 13579 222 174 34252 506 253 101 237 193 632 789 1263 807 494
internal_value=-1.21697e-05 -6.96367e-05 -0.000329957 0.000728966 0.0030122 0.000113966 0.00492596 -0.000432442 0.00421154 -0.000380551 0.000260392 -0.000507161 -0.000604942 -0.00155417 -0.00225329 -0.000280807 -0.000599053 -0.00953002 -0.00247725 0.000683808 -0.00342953 0.00538326 0.00374202 0.00428771 0.00738843 0.00970485 0.00130949 0.00473641 0.00934296 0.00407818
internal_weight=256293 252527 187986 26697 5545 21152 2011 927 5095 19141 15750 161289 154865 39166 27118 115699 88761 450 718 64541 3391 4377 3766 3665 1731 1084 36304 2052 1494 687
internal_count=256293 252527 187986 26697 5545 21152 2011 927 5095 19141 15750 161289 154865 39166 27118 115699 88761 450 718 64541 3391 4377 3766 3665 1731 1084 36304 2052 1494 687
is_linear=0
shrinkage=0.03


end of trees

feature_importances:
RSQR5=23
KLEN=22
ROC30=22
STD30=18
RSQR30=16
ROC10=15
BETA20=14
RESI5=14
IMXD30=13
STD60=12
WVMA5=12
STD20=11
ROC5=10
STD5=10
STD10=10
RESI20=10
QTLU5=10
WVMA20=10
RESI60=9
IMIN20=9
HIGH0=8
LOW0=8
BETA10=8
RSQR10=8
RESI10=8
MIN60=8
KMID=7
KUP=7
RSQR60=7
MAX10=7
MAX20=7
MIN5=7
RSV10=7
IMIN30=7
IMXD10=7
SUMN20=7
MAX30=6
MIN10=6
QTLD5=6
SUMP20=6
KMID2=5
ROC60=5
QTLU20=5
IMAX10=5
IMAX30=5
IMIN5=5
KLOW=4
KLOW2=4
MA5=4
BETA30=4
BETA60=4
RSQR20=4
RESI30=4
MIN20=4
MIN30=4
QTLU30=4
IMXD5=4
SUMN5=4
SUMD20=4
OPEN0=3
VWAP0=3
ROC20=3
MA10=3
MA60=3
QTLD20=3
RSV30=3
IMAX5=3
IMIN60=3
CNTP60=3
SUMN30=3
SUMD10=3
SUMD30=3
WVMA60=3
KUP2=2
KSFT=2
MA30=2
BETA5=2
QTLD30=2
QTLD60=2
RANK60=2
RSV5=2
RSV20=2
IMIN10=2
IMXD20=2
CNTP10=2
CNTN20=2
CNTN30=2
SUMP10=2
SUMP60=2
VSTD60=2
WVMA10=2
KSFT2=1
MAX5=1
QTLU10=1
QTLU60=1
QTLD10=1
RANK20=1
IMAX20=1
IMAX60=1
IMXD60=1
CORD10=1
CORD30=1
CNTP20=1
CNTP30=1
CNTN5=1
CNTN60=1
CNTD10=1
CNTD20=1
CNTD30=1
CNTD60=1
SUMP5=1
SUMN60=1
SUMD5=1
SUMD60=1
VSTD10=1
WVMA30=1
VSUMP60=1
VSUMN30=1
VSUMD60=1

parameters:
[boosting: gbdt]
[objective: regression]
[metric: l2]
[tree_learner: serial]
[device_type: cpu]
[data_sample_strategy: bagging]
[data: ]
[valid: ]
[num_iterations: 500]
[learning_rate: 0.03]
[num_leaves: 31]
[num_threads: 12]
[seed: 20260813]
[deterministic: 1]
[force_col_wise: 1]
[force_row_wise: 0]
[histogram_pool_size: -1]
[max_depth: 7]
[min_data_in_leaf: 100]
[min_sum_hessian_in_leaf: 0.001]
[bagging_fraction: 0.8]
[pos_bagging_fraction: 1]
[neg_bagging_fraction: 1]
[bagging_freq: 1]
[bagging_seed: 20260813]
[bagging_by_query: 0]
[feature_fraction: 0.8]
[feature_fraction_bynode: 1]
[feature_fraction_seed: 20260813]
[extra_trees: 0]
[extra_seed: 13549]
[early_stopping_round: 0]
[early_stopping_min_delta: 0]
[first_metric_only: 0]
[max_delta_step: 0]
[lambda_l1: 10]
[lambda_l2: 20]
[linear_lambda: 0]
[min_gain_to_split: 0]
[drop_rate: 0.1]
[max_drop: 50]
[skip_drop: 0.5]
[xgboost_dart_mode: 0]
[uniform_drop: 0]
[drop_seed: 11866]
[top_rate: 0.2]
[other_rate: 0.1]
[min_data_per_group: 100]
[max_cat_threshold: 32]
[cat_l2: 10]
[cat_smooth: 10]
[max_cat_to_onehot: 4]
[top_k: 20]
[monotone_constraints: ]
[monotone_constraints_method: basic]
[monotone_penalty: 0]
[feature_contri: ]
[forcedsplits_filename: ]
[refit_decay_rate: 0.9]
[cegb_tradeoff: 1]
[cegb_penalty_split: 0]
[cegb_penalty_feature_lazy: ]
[cegb_penalty_feature_coupled: ]
[path_smooth: 0]
[interaction_constraints: ]
[verbosity: 1]
[saved_feature_importance_type: 0]
[use_quantized_grad: 0]
[num_grad_quant_bins: 4]
[quant_train_renew_leaf: 0]
[stochastic_rounding: 1]
[linear_tree: 0]
[max_bin: 255]
[max_bin_by_feature: ]
[min_data_in_bin: 3]
[bin_construct_sample_cnt: 200000]
[data_random_seed: 20260812]
[is_enable_sparse: 1]
[enable_bundle: 1]
[use_missing: 1]
[zero_as_missing: 0]
[feature_pre_filter: 1]
[pre_partition: 0]
[two_round: 0]
[header: 0]
[label_column: ]
[weight_column: ]
[group_column: ]
[ignore_column: ]
[categorical_feature: ]
[forcedbins_filename: ]
[precise_float_parser: 0]
[parser_config_file: ]
[objective_seed: 16743]
[num_class: 1]
[is_unbalance: 0]
[scale_pos_weight: 1]
[sigmoid: 1]
[boost_from_average: 1]
[reg_sqrt: 0]
[alpha: 0.9]
[fair_c: 1]
[poisson_max_delta_step: 0.7]
[tweedie_variance_power: 1.5]
[lambdarank_truncation_level: 30]
[lambdarank_norm: 1]
[label_gain: ]
[lambdarank_position_bias_regularization: 0]
[eval_at: ]
[multi_error_top_k: 1]
[auc_mu_weights: ]
[num_machines: 1]
[local_listen_port: 12400]
[time_out: 120]
[machine_list_filename: ]
[machines: ]
[gpu_platform_id: -1]
[gpu_device_id: -1]
[gpu_device_id_list: ]
[gpu_use_dp: 0]
[num_gpu: 1]

end of parameters

pandas_categorical:null
