tree
version=v4
num_class=1
num_tree_per_iteration=1
label_index=0
max_feature_idx=157
objective=regression
feature_names=KMID KLEN KMID2 KUP KUP2 KLOW KLOW2 KSFT KSFT2 OPEN0 HIGH0 LOW0 VWAP0 ROC5 ROC10 ROC20 ROC30 ROC60 MA5 MA10 MA20 MA30 MA60 STD5 STD10 STD20 STD30 STD60 BETA5 BETA10 BETA20 BETA30 BETA60 RSQR5 RSQR10 RSQR20 RSQR30 RSQR60 RESI5 RESI10 RESI20 RESI30 RESI60 MAX5 MAX10 MAX20 MAX30 MAX60 MIN5 MIN10 MIN20 MIN30 MIN60 QTLU5 QTLU10 QTLU20 QTLU30 QTLU60 QTLD5 QTLD10 QTLD20 QTLD30 QTLD60 RANK5 RANK10 RANK20 RANK30 RANK60 RSV5 RSV10 RSV20 RSV30 RSV60 IMAX5 IMAX10 IMAX20 IMAX30 IMAX60 IMIN5 IMIN10 IMIN20 IMIN30 IMIN60 IMXD5 IMXD10 IMXD20 IMXD30 IMXD60 CORR5 CORR10 CORR20 CORR30 CORR60 CORD5 CORD10 CORD20 CORD30 CORD60 CNTP5 CNTP10 CNTP20 CNTP30 CNTP60 CNTN5 CNTN10 CNTN20 CNTN30 CNTN60 CNTD5 CNTD10 CNTD20 CNTD30 CNTD60 SUMP5 SUMP10 SUMP20 SUMP30 SUMP60 SUMN5 SUMN10 SUMN20 SUMN30 SUMN60 SUMD5 SUMD10 SUMD20 SUMD30 SUMD60 VMA5 VMA10 VMA20 VMA30 VMA60 VSTD5 VSTD10 VSTD20 VSTD30 VSTD60 WVMA5 WVMA10 WVMA20 WVMA30 WVMA60 VSUMP5 VSUMP10 VSUMP20 VSUMP30 VSUMP60 VSUMN5 VSUMN10 VSUMN20 VSUMN30 VSUMN60 VSUMD5 VSUMD10 VSUMD20 VSUMD30 VSUMD60
feature_infos=[-0.14947372674942017:0.222027987241745] [0:0.22217290103435516] [-1:1] [0:0.21226702630519867] [0:1] [0:0.19577737152576447] [0:1] [-0.21737830340862274:0.22217290103435516] [-1:1] [0.81831187009811401:1.1757426261901855] [1:1.2203390598297119] [0.80375176668167114:1] [0.89535439014434814:1.0984309911727905] [0.62103557586669922:1.5347062349319458] [0.58417785167694092:1.8924485445022583] [0.46860837936401367:2.2146341800689697] [0.45439684391021729:2.740487813949585] [0.36440131068229675:2.6513261795043945] [0.83368843793869019:1.2064073085784912] [0.71110033988952637:1.4220441579818726] [0.61736243963241577:1.7117466926574707] [0.56646168231964111:1.9959673881530762] [0.4937971830368042:1.8249267339706421] [0:0.15229916572570801] [0:0.2603875994682312] [0:0.36472421884536743] [0:0.57258552312850952] [0:0.50059491395950317] [-0.11732283234596252:0.079978801310062408] [-0.11732283234596252:0.079978801310062408] [-0.11732283234596252:0.079978801310062408] [-0.11732283234596252:0.079978801310062408] [-0.11732283234596252:0.079978801310062408] [0:1] [0:1] [0:1] [0:1] [0:1] [-0.087322920560836792:0.075261890888214111] [-0.18959152698516846:0.18788224458694458] [-0.29853948950767517:0.27287426590919495] [-0.40098747611045837:0.27581575512886047] [-0.96870207786560059:0.33257237076759338] [1:1.5713194608688354] [1:1.9298244714736938] [1:2.2439024448394775] [1:3.3160974979400635] [1:3.3160974979400635] [0.61784285306930542:1] [0.54045307636260986:1] [0.4660193920135498:1] [0.43721681833267212:1] [0.34951454401016235:1] [0.92685049772262573:1.3299539089202881] [0.84263509511947632:1.6361554861068726] [0.69682848453521729:2.054157018661499] [0.62161809206008911:2.423609733581543] [0.56576049327850342:2.2013657093048096] [0.73728358745574951:1.1517097949981689] [0.58504855632781982:1.2103414535522461] [0.49352750182151794:1.3664377927780151] [0.47533980011940002:1.5493515729904175] [0.39857602119445801:1.5099923610687256] [0.20000000298023224:1] [0.10000000149011612:1] [0.05000000074505806:1] [0.033333335071802139:1] [0.01666666753590107:1] [0:1] [0:1] [0:1] [0:1] [0:1] [0.20000000298023224:1] [0.10000000149011612:1] [0.05000000074505806:1] [0.033333335071802139:1] [0.01666666753590107:1] [0.20000000298023224:1] [0.10000000149011612:1] [0.05000000074505806:1] [0.033333335071802139:1] [0.01666666753590107:1] [-0.80000001192092896:0.80000001192092896] [-0.89999997615814209:0.89999997615814209] [-0.94999998807907104:0.94999998807907104] [-0.96666663885116577:0.96666663885116577] [-0.98333334922790527:0.98333334922790527] [-1:1] [-1:1] [-1:1] [-1:1] [-1:1] [-1:1] [-1:1] [-1:1] [-1:1] [-1:1] [0:1] [0:1] [0:0.94999998807907104] [0:0.91666668653488159] [0:0.91666668653488159] [0:1] [0:1] [0:0.89999997615814209] [0:0.8571428656578064] [0:0.8571428656578064] [-1:1] [-1:1] [-0.83333331346511841:0.91666668653488159] [-0.83333331346511841:0.91666668653488159] [-0.83333331346511841:0.91666668653488159] [0:1] [0:1] [0:1] [0:1] [0:1] [0:1] [0:1] [0:1] [0:1] [0:1] [-1:1] [-1:1] [-1:1] [-1:1] [-1:1] [0.20004743337631226:15222.455078125] [0.10012400150299072:19018.634765625] [0.050104878842830658:17437.12890625] [0.033520448952913284:22716.572265625] [0.017187755554914474:26107.111328125] [0.00080492562847211957:21624.73828125] [0.0021778203081339598:58684.484375] [0.0021778203081339598:44502.63671875] [0.0021778203081339598:36894.8125] [0.0021778203081339598:26550.70703125] [0:2.2360680103302002] [0:3.1615598201751709] [0:4.4708261489868164] [0:5.4658303260803223] [0:7.5986995697021484] [0:1] [0:1] [0:1] [0:1] [0:1] [0:1] [0:1] [0:1] [0:1] [0:1] [-1:1] [-1:1] [-1:1] [-1:1] [-1:1]
tree_sizes=3124 3037 3080 3007 3036 3043 3038 3081 3059 3079 3071 3082 3098 3065 3060 3041 3067 3085 3114 3091 3053 3055 3109 3080 3062 3081 3106 3103 3083

Tree=0
num_leaves=31
num_cat=0
split_feature=16 26 29 41 1 22 20 50 10 55 44 33 6 127 41 86 35 125 82 53 43 71 1 42 83 138 121 48 10 53
split_gain=168.823 119.787 90.6059 85.2239 83.7609 76.8991 69.2851 83.1713 103.958 63.002 56.5312 52.4883 51.9815 49.4072 46.819 40.7172 40.6843 39.3635 43.6769 37.4883 35.8985 59.3653 48.7304 35.3703 34.3386 29.4415 27.976 47.4744 26.8255 26.5221
threshold=1.2324137687683108 0.01629456598311663 -0.00046248409489635373 -0.027584096416831013 0.022222212515771392 1.0981040596961977 0.89811113476753246 0.87003377079963695 1.0178381204605105 0.96842348575592052 1.0250696539878847 0.9096888303756715 0.064517095685005202 -0.33772498369216913 0.063561715185642256 -0.55000001192092884 0.53755694627761852 -0.43859724700450892 0.10833333432674409 1.0046924352645876 1.1288374066352846 0.18918903917074206 0.050475385040044791 -0.0022334883688017722 -1.0000000180025095e-35 0.61923772096633922 0.64144739508628856 0.91959083080291759 1.0202021002769472 1.0062867999076845
decision_type=10 10 10 10 10 10 10 10 10 10 10 10 10 10 10 2 10 8 2 10 10 10 10 8 10 10 10 10 10 10
left_child=1 23 3 19 17 6 9 8 -8 11 -6 -4 -7 -12 -9 25 -2 24 -19 -3 22 -22 -21 -1 -5 -14 -18 -28 -25 -29
right_child=16 2 5 4 10 12 7 14 -10 -11 13 -13 15 -15 -16 -17 26 18 -20 20 21 -23 -24 28 -26 -27 27 29 -30 -31
leaf_value=0.00037956558741537822 0.0011242976321947579 -0.0038120906966650852 -0.010461486826372516 0.00024815810956135294 0.00060822688690085648 -0.0025081486754135766 0.00091379645334804338 -2.4806609723081417e-05 0.0071482444095016624 0.0094043820093429216 0.0025717112855273942 0.0003026600450151676 -1.1020315907529805e-09 -0.003985917560356462 -0.0059421435075521396 0.0011845976625321898 -1.1020315907529805e-09 0.00094727256884343262 -0.0016407120071555382 0.00048104048820578782 -1.1020315907529805e-09 -0.014767143230508234 0.0058367806447291691 0.0022910656265465383 0.0061100470269767155 0.011948616196726481 0.02382375910923553 -0.0027679991186261893 -0.0045019885616545382 0.0096628605270299324
leaf_weight=18811 805 1819 1287 5137 3136 555 10290 83426 3189 198 1023 514 172 19227 1203 750 243 6946 33471 25538 709 336 1626 23630 1105 1239 233 124 488 1412
leaf_count=18811 805 1819 1287 5137 3136 555 10290 83426 3189 198 1023 514 172 19227 1203 750 243 6946 33471 25538 709 336 1626 23630 1105 1239 233 124 488 1412
internal_value=1.96577e-05 -6.31021e-05 -0.000368909 -0.00101204 -0.00158584 0.000254174 0.000115467 0.000231562 0.00241944 -0.00537959 -0.00305542 -0.0072551 0.00521883 -0.00363763 -0.00011385 0.00734568 0.00729696 -0.000841852 -0.00118828 0.000316635 0.000596007 -0.00476722 0.000816722 0.00137475 0.00134998 0.0103486 0.00958362 0.010881 0.00213757 0.00844385
internal_weight=248642 245825 202896 100073 70045 102823 100107 98108 13479 1999 23386 1801 2716 20250 84629 2161 2817 46659 40417 30028 28209 1045 27164 42929 6242 1411 2012 1769 24118 1536
internal_count=248642 245825 202896 100073 70045 102823 100107 98108 13479 1999 23386 1801 2716 20250 84629 2161 2817 46659 40417 30028 28209 1045 27164 42929 6242 1411 2012 1769 24118 1536
is_linear=0
shrinkage=1


Tree=1
num_leaves=31
num_cat=0
split_feature=16 29 20 50 10 33 3 40 49 61 10 108 42 87 30 16 87 45 14 46 29 30 16 38 38 61 110 20 126 50
split_gain=159.284 95.5181 75.3915 78.0544 66.7301 59.6762 58.1595 93.5531 57.9315 61.2721 72.9612 59.2191 56.9349 56.009 51.6012 50.0836 49.4618 47.5129 46.5278 66.4705 66.4625 54.3276 50.1264 49.2259 49.0207 43.2488 40.6616 40.2335 40.0882 64.4886
threshold=1.2143567204475405 -0.0013836969155818222 0.89811113476753246 0.84402000904083263 1.0182662010192873 0.20274519920349124 0.01050415961071849 0.038908392190933234 0.98129960894584667 1.0627041459083559 1.0151647925376894 -0.22500000149011609 0.10747681930661203 0.94166666269302379 -0.0067907986231148234 0.81284147500991832 0.37500000000000006 1.0621141791343691 0.9778030812740327 1.0084368586540224 0.0065293333027511844 0.0067702699452638635 1.1144909858703616 -0.022392359562218186 -0.0091217178851366026 1.0551267266273501 -0.16228070110082624 0.99587607383728038 -0.2822581678628921 0.92235806584358226
decision_type=10 8 8 8 10 10 10 10 10 10 10 2 10 2 10 8 2 10 10 10 10 10 10 8 10 10 2 10 10 10
left_child=1 8 12 4 6 -6 7 -4 9 10 17 -12 -3 -7 28 -8 27 -1 19 20 -5 22 -20 -21 -23 -18 -11 -10 29 -2
right_child=14 2 3 18 5 13 15 -9 16 26 11 -13 -14 -15 -16 -17 25 -19 21 23 -22 24 -24 -25 -26 -27 -28 -29 -30 -31
leaf_value=-3.7161681379859269e-06 0.021622623778662947 -4.7030832690525705e-05 0.0011151589766584362 0.0025446637972463696 0 0.01392604906509206 0.006559158397989498 0.012712181045601685 -0.0081969006836672114 0.009629157561532568 0 -0.0072981853682371964 -0.010382817328005403 -0.0060378913018939778 0.00094081780219040399 -0.0094026502994150381 0.00088237426088313758 -0.0023965722940318475 0.00057932681363103019 -0.012017854121279533 -0.0020359570484003221 0.023429896579444651 0.0042906198592744266 -0.00078152355160040685 9.8898641691134068e-05 0.010070448384826139 -0.0014684330253947248 -0.0006359336723841607 0 0.0073714810484978022
leaf_weight=13073 384 1027 3707 11513 497 1178 202 755 631 677 1311 3663 990 108 1281 648 15840 18221 73373 338 3699 163 3445 45001 194 464 438 43784 420 1677
leaf_count=13073 384 1027 3707 11513 497 1178 202 755 631 677 1311 3663 990 108 1281 648 15840 18221 73373 338 3699 163 3445 45001 194 464 438 43784 420 1677
internal_value=1.00382e-05 -8.30836e-05 0.000399767 0.000482217 0.00355052 0.00858495 0.00177856 0.00319236 -0.0008088 -0.00173882 -0.00195866 -0.00534872 -0.00531953 0.011953 0.0061208 -0.00520096 -0.000230891 -0.00140718 0.000321482 -0.000297361 0.00140992 0.00081086 0.000750742 -0.000877166 0.012225 0.00117426 0.00505637 -0.000753744 0.00864649 0.0103532
internal_weight=248702 244940 146838 144821 7095 1783 5312 4462 98102 37383 36268 4974 2017 1286 3762 850 60719 31294 137726 60551 15212 77175 76818 45339 357 16304 1115 44415 2481 2061
internal_count=248702 244940 146838 144821 7095 1783 5312 4462 98102 37383 36268 4974 2017 1286 3762 850 60719 31294 137726 60551 15212 77175 76818 45339 357 16304 1115 44415 2481 2061
is_linear=0
shrinkage=0.03


Tree=2
num_leaves=31
num_cat=0
split_feature=16 26 36 27 86 35 33 44 86 35 78 20 44 80 121 46 2 23 41 69 21 35 41 70 76 72 3 82 1 14
split_gain=174.22 112.032 70.9822 60.9638 90.1398 104.531 78.5972 71.863 63.6845 70.6725 67.9065 58.5777 58.0394 55.7064 69.2324 64.3271 51.5355 51.0895 49.5814 46.9267 54.0626 45.0951 43.1193 40.9808 37.0011 37.7641 36.6172 35.1805 34.6291 33.9875
threshold=1.2324137687683108 0.019953023642301563 0.80522325634956371 0.082648254930973067 -0.58333334326744068 0.12573185563087466 0.37435014545917517 1.0433746576309206 -0.81666666269302357 0.72783526778221141 0.30000000447034841 0.97069495916366588 1.0105422139167788 0.12500000372529033 0.24938259273767474 1.1091165542602541 -0.41666902601718897 0.025921931490302089 0.048791646957397468 0.30666728317737585 1.0489901900291445 0.63359773159027111 0.022632149048149589 0.15053769201040271 0.050000002607703216 0.07894687727093698 0.0057591516524553308 0.041666667908430106 0.031372500583529479 0.91026917099952709
decision_type=10 10 10 10 2 10 8 10 2 10 10 10 8 2 10 10 10 10 10 10 10 10 10 10 2 10 10 2 10 8
left_child=1 12 -2 6 5 26 7 16 9 27 18 -12 17 14 -6 -16 -3 -1 -10 20 -15 22 -9 -23 -7 -26 -5 -8 -28 -18
right_child=2 3 -4 4 13 24 8 21 10 -11 11 -13 -14 19 15 -17 29 -19 -20 -21 -22 23 -24 -25 25 -27 28 -29 -30 -31
leaf_value=0.0021382533786869218 0.0027643032829221779 0.00099024543698694105 0.012655539245036531 0.020719876066781582 -0.0079397361764329787 0.0059591078890725438 0.0043483702343162459 -0.0048497976322367719 -0.00055692035117626583 0.00056608985986337189 0.00303186623477486 0.00030604386498341447 0.00036495937521808885 0.0069548642794814005 0.0058145448116815688 -0.0037899779599976421 0.0043647387066609103 0.020111693677718978 -0.0041467121254960297 -0.0029423244615615555 -0.0024443505937561494 0.0010563853763601923 0.0042945017322747105 -0.003066984889205589 -0.0069689791419233179 0.002135901892899506 0 -0.0043464437157627375 0.015700958199315489 -0.0016654433521672925
leaf_weight=19643 1555 10254 1268 420 464 1567 393 9947 24426 5178 8321 50203 50841 1062 3186 726 823 128 4085 6111 1045 3424 437 5495 519 1692 255 7670 188 27522
leaf_count=19643 1555 10254 1268 420 464 1567 393 9947 24426 5178 8321 50203 50841 1062 3186 726 823 128 4085 6111 1045 3424 437 5495 519 1692 255 7670 188 27522
internal_value=-1.21126e-05 -9.86346e-05 0.00737042 -0.000505901 0.00118107 0.00474697 -0.000691736 -0.00157225 -0.000180099 -0.00211792 0.000111682 0.000699632 0.000908699 -0.000114649 0.00258673 0.0039456 -0.000813496 0.00228998 -0.00108432 -0.00159231 0.00217298 -0.00307155 -0.00442862 -0.00145164 0.00246379 0 0.0141202 -0.00387582 0.00659046 -0.00147683
internal_weight=248848 246025 2823 175413 17235 4641 158178 57902 100276 13241 87035 58524 70612 12594 4376 3912 38599 19771 28511 8218 2107 19303 10384 8919 3778 2211 863 8063 443 28345
internal_count=248848 246025 2823 175413 17235 4641 158178 57902 100276 13241 87035 58524 70612 12594 4376 3912 38599 19771 28511 8218 2107 19303 10384 8919 3778 2211 863 8063 443 28345
is_linear=0
shrinkage=0.03


Tree=3
num_leaves=31
num_cat=0
split_feature=16 25 29 42 22 20 25 1 36 56 27 76 42 58 13 7 33 23 15 58 11 46 31 86 140 1 28 23 100 13
split_gain=133.877 99.7888 61.9305 71.7956 71.4067 62.8822 84.7826 113.605 54.2516 55.049 53.0921 51.8521 51.4431 50.9714 50.36 64.8641 47.3711 44.9958 41.5523 37.6857 50.6809 35.9647 35.4624 39.4216 34.2043 30.1254 51.0436 23.5455 19.1098 18.4397
threshold=1.2143567204475405 0.012404591776430609 -0.00023262187460204584 -0.076892897486686693 1.092262387275696 0.89811113476753246 0.042718179523944862 0.021326982416212562 0.80522325634956371 1.175767779350281 0.049224788323044784 0.21666666865348819 0.067289590835571303 0.97697970271110546 0.98603835701942455 -0.013104840181767939 0.95544949173927318 0.0079221711494028586 0.9097348451614381 0.98889806866645824 0.99184527993202221 1.1091165542602541 -0.0073385438881814471 -0.516666680574417 0.78484579920768749 0.016908189281821254 0.00088265413069166254 0.017259761691093448 0.39444445073604589 0.98994478583335888
decision_type=10 10 10 10 10 10 10 10 10 10 10 2 10 10 8 10 10 10 8 10 10 10 10 2 10 8 8 10 2 8
left_child=1 25 3 17 5 13 10 -8 -2 -10 -7 22 14 16 15 -5 -4 -3 -14 28 -21 -16 -6 -24 -11 -1 -27 -26 -19 -13
right_child=8 2 4 12 11 6 7 -9 9 24 -12 29 18 -15 21 -17 -18 19 -20 20 -22 -23 23 -25 27 26 -28 -29 -30 -31
leaf_value=0.0018026858776766903 0.0020385225854095638 0.01707324137283223 -0.0086738048429083354 -0.013199749067566336 -0.00044901115871367174 0.0002864381411010593 -0.0028964678632593444 0.0044108301374050545 0 0.0010817259587147224 -0.0013600305806916154 -0.0076324338064522957 0.017659489427225526 0.0089043561157125684 -0.00049196552407314818 -0.0025351802986098913 0.0045304261483057277 0.0020512977241122833 0 0.0051084751549882413 0 -0.0018133286650703706 0.010720926504111336 0 0.0016040484132347527 -0.0025547822788935105 0.0023921312214918995 0.016514123657417633 -0.0071816529474343126 0.0013810346593618125
leaf_weight=28311 2025 155 1609 543 400 62920 2443 8054 371 259 24390 288 213 175 60227 9522 243 222 302 3052 3921 27434 1534 343 162 4154 3366 929 610 485
leaf_count=28311 2025 155 1609 543 400 62920 2443 8054 371 259 24390 288 213 175 60227 9522 243 222 302 3052 3921 27434 1534 343 162 4154 3366 929 610 485
internal_value=-2.00505e-05 -0.000107558 -0.000359402 -0.000867967 0.000162709 2.11042e-05 0.000132981 0.00267938 0.00559178 0.00952893 -0.000170273 0.00466974 -0.001092 -0.00517918 -0.00114526 -0.00316531 -0.00675114 0.00185524 0.00811894 0.00147182 0.00222294 -0.000909234 0.00696102 0.00868638 0.0123107 0.00135304 -0.000300253 0.0146389 -0.00437562 -0.00170664
internal_weight=248662 244916 209085 106201 102884 99834 97807 10497 3746 1721 87310 3050 98241 2027 97726 10065 1852 7960 515 7805 6973 87661 2277 1877 1350 35831 7520 1091 832 773
internal_count=248662 244916 209085 106201 102884 99834 97807 10497 3746 1721 87310 3050 98241 2027 97726 10065 1852 7960 515 7805 6973 87661 2277 1877 1350 35831 7520 1091 832 773
is_linear=0
shrinkage=0.03


Tree=4
num_leaves=31
num_cat=0
split_feature=16 26 36 37 33 14 20 53 16 83 1 12 39 21 122 11 16 86 79 25 41 101 36 123 2 42 115 7 79 14
split_gain=122.59 106.088 88.3853 62.5585 54.2419 82.0571 74.7466 65.294 64.2366 57.7878 52.3332 47.0882 45.6491 49.6264 53.6965 51.3962 47.8231 44.5323 39.5635 38.9236 36.7177 33.3955 32.9641 37.6756 32.475 31.8737 29.7376 32.0411 25.0377 28.8456
threshold=1.2324137687683108 0.016427481546998027 0.80522325634956371 0.73870381712913524 0.50810596346855175 0.89036855101585399 0.89811113476753246 1.0429111719131472 0.78894689679145824 -0.50000001490116108 0.014266725163906814 0.99223652482032787 -0.035090520977973931 1.0506392717361452 0.6589764952659608 0.97673729062080394 1.1270435452461245 0.91666665673255932 0.45000000298023229 0.068982627242803587 0.093330655246973052 0.56594201922416698 0.76954454183578502 0.830509513616562 -0.76923123002052296 -0.001926239696331322 0.30701775848865515 -0.00099566159769892671 0.35000000894069677 1.0901089310646059
decision_type=10 10 10 10 8 8 10 10 8 10 10 10 10 10 10 10 10 2 2 10 10 2 10 10 10 8 10 10 2 8
left_child=1 25 -2 4 5 11 22 10 -8 -9 -7 21 24 16 18 -16 20 -10 -15 26 -14 -3 23 -6 28 -1 -4 -28 -5 -30
right_child=2 3 19 12 6 7 8 9 17 -11 -12 -13 13 14 15 -17 -18 -19 -20 -21 -22 -23 -24 -25 -26 -27 27 -29 29 -31
leaf_value=0.00033971734923312171 0.0010636955303427163 0.0074155290723295813 0.0012390920044741166 -0.0084594803648069487 -0.018440530488252775 1.0511202112497353e-05 0.011198873723869358 0.00070375932985916731 -0.00021169105981450327 -0.013587964270809957 -0.0017858634301736148 0.013948959283055933 0.0005889290063736415 0.0030132072284010064 0.011969667045667653 7.6462989293351734e-05 0.0063636055703835698 0.0041899149346136602 -0.003943683266167489 0.018569273618161814 0.012712782688081004 -0.012261460918534015 0 -0.0031920576920030546 0.010359862903248966 0.0019875870600298872 0.022616639192644717 0.00031403810624033211 0.014109359221218759 -0.0038335955431241363
leaf_weight=19588 1518 146 474 170 358 20214 436 330 77992 707 49573 478 37316 780 376 2190 1375 2102 5681 521 209 120 385 346 703 24287 156 130 146 106
leaf_count=19588 1518 146 474 170 358 20214 436 330 77992 707 49573 478 37316 780 376 2190 1375 2102 5681 521 209 120 385 346 703 24287 156 130 146 106
internal_value=-3.69301e-06 -7.61414e-05 0.00621557 -0.000367422 -0.000666874 -0.00127011 -0.000134065 -0.00137889 -2.37959e-05 -0.00882889 -0.00126139 0.00845675 0.000561528 0.000413234 -0.00157659 0.0020143 0.000883266 -9.14128e-05 -0.00305082 0.0119798 0.000671181 -0.000649044 -0.00787032 -0.0116558 0.00649956 0.00125922 0.00671762 0.0141426 0 0.00573206
internal_weight=248913 246114 2799 202239 153187 71568 81619 70824 80530 1037 69787 744 49052 47927 9027 2566 38900 80094 6461 1281 37525 266 1089 704 1125 43875 760 286 422 252
internal_count=248913 246114 2799 202239 153187 71568 81619 70824 80530 1037 69787 744 49052 47927 9027 2566 38900 80094 6461 1281 37525 266 1089 704 1125 43875 760 286 422 252
is_linear=0
shrinkage=0.03


Tree=5
num_leaves=31
num_cat=0
split_feature=16 26 27 47 114 115 50 136 86 8 24 16 1 4 81 58 36 86 2 125 25 84 1 56 123 1 112 37 40 23
split_gain=148.702 97.6056 53.2426 73.006 74.6498 57.8961 52.0481 49.9472 45.3692 52.6622 44.857 42.363 40.1405 39.5016 49.2456 45.8808 36.5698 35.2825 33.6182 35.9923 29.6302 34.2513 29.1729 28.0781 28.0491 26.0582 25.5508 31.5502 23.2467 21.5324
threshold=1.2324137687683108 0.01629456598311663 0.075391694903373732 1.0948445796966555 0.1538447514176369 0.79545435309410106 0.86751648783683788 0.30127787590026861 -0.61666667461395253 0.88889455795288097 0.026085009798407558 1.008056163787842 0.063063103705644621 0.49999888241291052 0.61666667461395275 0.9817391335964204 0.80522325634956371 -0.91666665673255909 -0.49999974668025965 -0.22070834040641782 0.012515284586697819 0.84999999403953563 0.018595055676996711 1.175767779350281 0.2352935001254082 0.046599481254816062 0.17445652186870578 0.23675578832626346 0.011936547700315716 0.017665062099695209
decision_type=10 10 10 10 10 10 10 10 2 10 10 10 10 10 2 10 10 2 10 10 8 2 10 10 8 10 2 10 10 10
left_child=1 24 3 12 18 6 13 22 9 -8 -10 -9 20 14 -4 -15 -2 -18 19 -5 -3 -22 -6 -19 -1 28 27 -14 -7 -25
right_child=16 2 5 4 7 25 8 11 10 -11 -12 -13 26 15 -16 -17 17 23 -20 -21 21 -23 -24 29 -26 -27 -28 -29 -30 -31
leaf_value=0.00063005651814622714 0.0033426132535246617 0.0019979070050642912 0.0028592688043094791 0.0057454164347422714 -0.0011772667977316411 -0.0087243630398771612 0.0014421985649374564 -0.0024857558739662419 0.00075430903218523331 0.010501568548312848 -0.002863813893025864 -0.00021791820823769426 0 -0.0089805815222605712 0.010074375040437398 0.0048949083218191702 0.0023924807237280118 0 -3.5097185262520683e-05 -0.0030453489907387621 -0.00025231010008939863 0.001804770827239881 -0.0029960322560906986 0.00010340307663637594 0.0022579962090800267 -0.019855829580472065 0.0010978325215642744 -0.015914695868304352 0.0065431697380321082 0.018224517272438151
leaf_weight=27458 1513 6768 4094 2470 13874 233 4930 9686 7858 660 4971 33003 211 436 1150 360 412 112 3289 443 78542 7999 21109 102 15241 136 192 322 101 648
leaf_count=27458 1513 6768 4094 2470 13874 233 4930 9686 7858 660 4971 33003 211 436 1150 360 412 112 3289 443 78542 7999 21109 102 15241 136 192 322 101 648
internal_value=-3.09907e-06 -8.27901e-05 -0.000358388 -0.000541413 -0.00118487 0.000935149 0.00114972 -0.00144009 0.000337822 0.00259892 -0.000626574 -0.000740431 2.94576e-05 0.00356683 0.00453078 -0.00237142 0.00686141 0.0106922 0.00195756 0.00429461 8.79926e-05 -5.83349e-05 -0.00228438 0.0141748 0.00121894 -0.00921031 -0.00690156 -0.0102611 -0.00315124 0.0162164
internal_weight=248323 245536 202837 177908 83874 24929 24459 77672 18419 5590 12829 42689 94034 6040 5244 796 2787 1274 6202 2913 93309 86541 34983 862 42699 470 725 533 334 750
internal_count=248323 245536 202837 177908 83874 24929 24459 77672 18419 5590 12829 42689 94034 6040 5244 796 2787 1274 6202 2913 93309 86541 34983 862 42699 470 725 533 334 750
is_linear=0
shrinkage=0.03


Tree=6
num_leaves=31
num_cat=0
split_feature=32 26 86 50 73 33 44 56 36 132 43 73 86 39 39 14 124 30 33 33 52 58 61 33 62 87 27 10 84 102
split_gain=94.279 82.9863 80.6177 62.7212 75.0804 61.3394 67.6495 64.667 53.4395 53.4385 51.1446 56.651 53.2581 65.5686 49.3637 62.0458 57.667 56.9983 49.2128 48.2617 44.292 44.2134 43.8712 43.4615 41.6902 35.339 29.0608 26.9697 34.2478 26.2921
threshold=-0.0050067340489476911 0.016427481546998027 -0.58333334326744068 0.82833558320999157 0.90000000596046459 0.61364874243736278 1.0370402336120608 1.1489965319633486 0.80222210288047802 1.28223192691803 1.1288374066352846 0.30000000447034841 -0.65000000596046437 0.020086828619241718 -0.01404173858463764 0.9778030812740327 0.47107392549514776 -0.00029377965256571764 0.92737150192260753 0.14613319933414462 0.80357745289802562 0.97581216692924511 1.081365764141083 0.95202201604843151 0.8257422447204591 -0.7083333134651183 0.063561927527189269 1.0092688202857973 -0.65000000596046437 0.55051019787788402
decision_type=10 10 2 10 10 8 10 10 10 10 10 10 2 10 10 10 10 10 10 10 10 10 10 10 10 2 10 10 2 2
left_child=2 21 3 -1 23 6 14 10 18 22 12 29 20 -14 16 17 -3 -16 -9 -18 -7 -2 24 -5 -8 -17 -11 -10 -29 -12
right_child=1 5 -4 4 -6 7 9 8 27 26 11 -13 13 -15 15 25 19 -19 -20 -21 -22 -23 -24 -25 -26 -27 -28 28 -30 -31
leaf_value=0.020318166582787511 0.0049849987143398061 0.00044267357811837021 0.00065424250102703375 0.0092510281267859183 -0.0033506007166063281 -0.011498127841115337 0.0013213690053022922 0.0034952568964232524 0 -0.001016169918936974 -0.020269212754127304 0.005673113866749316 0.00084690927060880237 -0.0025201725914380368 -0.0051360204289030318 0.0023751227669831553 0 -0.0010038118806232636 -0.0071878244029254697 0.01112942444811897 -0.0010270420146662131 0.00085526257179138277 0.0082758532687508997 -0.0057975791121168772 -0.0029025326248485707 -0.00010281454171343555 0.0019865158323635048 0.0061391209382453552 0.017815752866077932 0
leaf_weight=287 2502 3777 4525 2048 625 358 2165 1560 287 11788 260 125 58612 5658 3637 6170 551 18973 487 1026 18991 40263 307 150 27369 30629 3794 909 389 100
leaf_count=287 2502 3777 4525 2048 625 358 2165 1560 287 11788 260 125 58612 5658 3637 6170 551 18973 487 1026 18991 40263 307 150 27369 30629 3794 909 389 100
internal_value=1.27253e-05 -9.02981e-05 0.00329139 0.00700386 0.00541133 -0.000350406 -0.00082223 0.000238782 0.00414825 -0.00171042 6.5441e-05 -0.00944535 0.000126437 0.000545131 -0.000194314 -0.000447542 0.00255094 -0.00168572 0.00076356 0.00734371 -0.00124794 0.00110611 -0.00245484 0.00804578 -0.00258206 0.000305572 -0.00026422 0.00826863 0.0100834 -0.0155066
internal_weight=248322 240687 7635 3110 2823 197922 110186 87736 3632 45423 84104 485 83619 64270 64763 59409 5354 22610 2047 1577 19349 42765 29841 2198 29534 36799 15582 1585 1298 360
internal_count=248322 240687 7635 3110 2823 197922 110186 87736 3632 45423 84104 485 83619 64270 64763 59409 5354 22610 2047 1577 19349 42765 29841 2198 29534 36799 15582 1585 1298 360
is_linear=0
shrinkage=0.03


Tree=7
num_leaves=31
num_cat=0
split_feature=16 26 36 29 40 41 15 10 38 56 22 3 137 6 35 81 82 78 42 118 34 24 1 16 35 125 45 52 33 42
split_gain=122.518 82.5953 61.1328 52.5422 83.1633 69.6818 69.1941 68.5416 67.7406 74.4207 56.8578 64.8291 52.3403 48.4415 44.9895 42.1444 54.8035 45.5092 41.4329 35.9325 35.2037 44.8583 53.2152 37.3246 37.2204 45.9187 34.475 32.5729 43.6332 26.1828
threshold=1.2324137687683108 0.019312952645123008 0.80522325634956371 -0.0015262171509675679 -0.028262267820537087 -0.027584096416831013 0.9499436914920808 1.018942713737488 -0.022392359562218186 0.96054965257644664 1.094093978404999 0.016789064742624763 0.53991904854774486 0.064517095685005202 0.85070630908012401 0.35000000894069677 0.64166665077209484 0.5000000149011613 0.063557017594575896 0.44444258511066442 0.7021583914756776 0.026986873708665374 0.059238541871309287 1.0869790315628054 0.81445530056953441 -0.11656436696648596 1.1695866584777834 0.91459074616432201 0.59252220392227184 0.013036748394370081
decision_type=10 10 10 10 10 10 8 10 10 10 10 10 10 10 10 2 2 10 10 10 10 10 10 10 10 10 10 10 10 10
left_child=1 19 -2 5 6 20 15 12 9 -6 11 -10 18 -12 29 16 -5 -17 -7 -1 21 23 -23 -3 25 -22 -16 -4 -29 -9
right_child=2 3 27 4 8 7 -8 14 10 -11 13 -13 -14 -15 26 17 -18 -19 -20 -21 24 22 -24 -25 -26 -27 -28 28 -30 -31
leaf_value=0.0017062912593867878 0.0019869562140380696 0.00098708783044157075 0.02116447447140285 0.0049742873836043497 -0.024334410242606987 -0.0020377053890745134 -0.00057811566293113298 -0.0066539317535446131 -0.00037592282104905871 -0.0017425567240149347 -0.0031352194442460122 0.0036448684070464221 0.00027010237383344481 0.0052762893010189077 0.0042321687636775566 0 -0.012827962912829978 0.014451843534327106 0.011233106582304057 0.00026868454332155766 -0.0007068480994093842 -0.0045998748321931654 0.0053575696583891405 -0.0062965972488984671 0.0050209498816045067 0.0032181117961857125 -0.0084693203499075029 -0.00046461654147556556 0.012223132040882443 0.00039392096810689329
leaf_weight=27476 1514 7906 262 2424 196 29363 2137 4319 90680 429 713 3730 14051 2987 751 219 139 826 187 37736 7639 3820 509 663 2080 4051 230 310 659 441
leaf_count=27476 1514 7906 262 2424 196 29363 2137 4319 90680 429 713 3730 14051 2987 751 219 139 826 187 37736 7639 3820 509 663 2080 4051 230 310 659 441
internal_value=3.52187e-05 -3.42332e-05 0.00631557 -0.000366032 6.78926e-05 -0.000966293 0.00357219 -0.0016347 -0.000133653 -0.00982735 -6.68527e-05 -0.000213152 -0.0012184 0.00356658 -0.00472906 0.00610272 0.00380082 0.0112894 -0.00193604 0.000879333 0.000259476 -0.000852011 -0.00334085 0.000375257 0.00132206 0.000630844 0.000844827 0.0112826 0.00793345 -0.00593929
internal_weight=248447 245702 2745 180490 104480 76010 5745 49342 98735 625 98110 94410 43601 3700 5741 3608 2563 1045 29550 65212 26668 12898 4329 8569 13770 11690 981 1231 969 4760
internal_count=248447 245702 2745 180490 104480 76010 5745 49342 98735 625 98110 94410 43601 3700 5741 3608 2563 1045 29550 65212 26668 12898 4329 8569 13770 11690 981 1231 969 4760
is_linear=0
shrinkage=0.03


Tree=8
num_leaves=31
num_cat=0
split_feature=16 25 37 20 70 33 62 87 78 17 2 24 40 36 16 136 124 36 23 140 138 27 38 35 8 57 33 87 11 10
split_gain=93.9055 81.453 51.845 61.738 72.7967 60.6725 68.3295 57.2596 55.2042 50.5584 66.7247 51.2592 54.9535 49.2341 49.0151 44.8322 54.437 41.0343 61.2896 42.3505 40.596 40.5219 40.4649 36.8283 32.5697 31.3316 29.8636 26.3447 26.0672 25.4154
threshold=1.2143567204475405 0.012515284586697819 0.73870381712913524 0.89811113476753246 0.80000093579292308 0.51813748478889476 0.92406287789344799 -0.72499999403953541 0.30000000447034841 1.0848046541213991 0.88235411047935497 0.049962287768721587 -0.029515109956264492 0.76631668210029613 1.0270892977714541 0.44467717409133917 0.61643823981285106 0.80522325634956371 0.017259761691093448 0.73669767379760753 0.7947848141193391 0.062153259292244918 -0.018358826637268063 0.78226622939109813 -0.7727186083793639 1.1069864034652712 0.9096888303756715 -0.77500000596046437 0.97413799166679393 1.0174244642257693
decision_type=10 10 8 10 10 8 10 2 10 10 10 10 10 10 10 10 10 10 10 10 10 10 8 10 10 10 10 2 10 8
left_child=1 29 3 20 5 6 -5 -6 -9 11 14 12 13 -4 25 16 -13 -2 -19 -20 26 -12 -14 -7 -16 -11 28 -23 -3 -1
right_child=17 2 9 4 7 23 -8 8 -10 10 21 15 22 -15 24 -17 -18 18 19 -21 -22 27 -24 -25 -26 -27 -28 -29 -30 -31
leaf_value=0.0013845052634750311 0.0015591219963825647 -0.025996567596397971 0.0021910081297539042 -0.004298700726031196 -0.0046176186638337505 -0.00052282060773076655 -0.0011823467625134041 -0.00012052093203301016 0.0023077274175922992 -0.0011982053008777051 -0.00067285669795595681 -0.019214485592614378 -0.010109577249038776 0.010155878953980731 0.0021711288109047175 0.0041175967609576349 0 -0.0030456263493151819 -0.0011705361177861266 0.012810213416666124 -0.0025464242963270018 0.016392276162371912 0.0013082713009460727 0.0015720058030881663 -0.00092675879685182689 -0.0091367001585542784 0 0.0034581466484087287 -0.0061841097137734745 -0.0020522318958476073
leaf_weight=34921 2015 187 1920 7292 1729 52886 53534 19127 14738 1007 370 290 258 1225 3660 204 195 312 182 1223 876 372 20418 8750 17177 976 118 356 177 1965
leaf_count=34921 2015 187 1920 7292 1729 52886 53534 19127 14738 1007 370 290 258 1225 3660 204 195 312 182 1223 876 372 20418 8750 17177 976 118 356 177 1965
internal_value=-3.1324e-05 -0.000104727 -0.000336444 -0.000598459 -0.000541206 -0.000889317 -0.00156217 0.00064788 0.000928134 0.000519747 -0.000451784 0.00147964 0.00172487 0.00543274 -0.000813416 -0.00638519 -0.011385 0.00467706 0.00810334 0.0107976 -0.00693976 0.00667587 0.00114167 -0.000220155 -0.000366674 -0.00530739 -0.0139072 0.01073 -0.0179676 0.00119228
internal_weight=248460 244728 207842 159414 158056 122462 60826 35594 33865 48428 23918 24510 23821 3145 22820 689 485 3732 1717 1405 1358 1098 20676 61636 20837 1983 482 728 364 36886
internal_count=248460 244728 207842 159414 158056 122462 60826 35594 33865 48428 23918 24510 23821 3145 22820 689 485 3732 1717 1405 1358 1098 20676 61636 20837 1983 482 728 364 36886
is_linear=0
shrinkage=0.03


Tree=9
num_leaves=31
num_cat=0
split_feature=22 86 26 39 27 33 8 102 58 77 45 1 38 48 87 53 86 20 19 4 26 15 12 85 39 96 82 1 101 33
split_gain=98.903 97.0829 91.5426 63.6556 60.4574 66.1091 53.6482 52.8869 50.8235 51.4773 49.4905 46.8289 43.803 57.1935 43.5263 40.9019 40.3807 39.6379 49.0478 53.104 35.4924 35.4328 34.746 39.3846 32.491 32.3822 31.6438 30.6979 30.3377 28.7649
threshold=1.1606848239898684 -0.74999999999999989 0.019953023642301563 0.019613597542047504 0.075391694903373732 0.34704779088497167 -0.40000350773334498 0.53529900312423717 0.97845578193664562 0.041666667908430106 1.0632064938545229 0.059238541871309287 -0.006695481250062584 0.86001560091972362 -0.80833333730697621 1.0497651100158694 -0.81666666269302357 0.89811113476753246 0.93768393993377697 0.37500371038913732 0.028529905714094642 0.89367684721946727 0.99401500821113598 -0.87499999999999989 0.0076275058090686807 0.068989858031272902 0.17500000447034839 0.025008840486407283 0.67261904478073131 0.94255873560905468
decision_type=10 2 10 10 10 8 10 2 8 2 10 10 10 10 2 10 2 10 10 10 10 8 10 2 10 10 2 10 2 10
left_child=2 11 8 4 5 15 10 16 9 -1 -5 14 -8 -14 25 21 -7 -6 19 -19 -20 -4 -16 -24 -9 -2 -11 -10 -15 -3
right_child=1 29 3 6 17 7 12 24 27 26 -12 -13 13 28 22 -17 -18 18 20 -21 -22 -23 23 -25 -26 -27 -28 -29 -30 -31
leaf_value=-0.0033498119715891779 0.0039869388601982249 0 -0.0050165425803774307 0.00042425357234275325 -0.0059851065172297126 -0.0019722348863267214 0.0053737447730273441 0.0007955758473523057 0.00072174361810087642 0.0014050295596134763 -0.014507717863398719 0.014740518046210386 -0.013106305333305875 -0.0020679367048743289 -0.00069015534201753324 -0.012923982112093809 -3.2643273048141923e-05 0.019296360727166756 0.0062072999724374547 -0.0033114873090917319 0.00093295605244825839 -0.0011343460307572059 0.0022328322148203604 0.015968947133483801 0.0042030316599472898 -0.0066670359346128914 0.0060325736015147714 -0.0018983570091034136 0.0058628185937603453 -0.011774189953754942
leaf_weight=863 983 1576 2261 244 614 11403 688 10010 59079 2414 566 645 407 14577 200 262 64856 260 1246 102 16874 44986 348 651 3510 314 3659 4245 410 188
leaf_count=863 983 1576 2261 244 614 11403 688 10010 59079 2414 566 645 407 14577 200 262 64856 260 1246 102 16874 44986 348 651 3510 314 3659 4245 410 188
internal_value=-1.13152e-05 0.00419628 -9.76287e-05 -0.000469092 -0.000277779 -0.000499388 -0.00222008 -1.70411e-05 0.000814081 0.00325701 -0.00974641 0.00735829 -0.00181073 -0.00215785 0.00522938 -0.00140419 -0.000327044 0.00129861 0.00156301 0.012301 0.00131862 -0.00132852 0.00933963 0.0116161 0.00170726 0.00111777 0.00425302 0.000540822 -0.00182346 -0.00128526
internal_weight=248441 4905 243536 173276 156384 137288 16892 89779 70260 6936 810 3141 16082 15394 2496 47509 76259 19096 18482 362 18120 47247 1199 999 13520 1297 6073 63324 14987 1764
internal_count=248441 4905 243536 173276 156384 137288 16892 89779 70260 6936 810 3141 16082 15394 2496 47509 76259 19096 18482 362 18120 47247 1199 999 13520 1297 6073 63324 14987 1764
is_linear=0
shrinkage=0.03


Tree=10
num_leaves=31
num_cat=0
split_feature=16 26 36 37 38 86 35 13 41 33 54 24 33 39 2 32 29 6 42 126 59 102 84 113 87 5 86 42 79 113
split_gain=94.077 76.2979 60.7233 56.2044 51.8546 51.2372 61.9022 54.5817 52.1539 48.868 39.0646 36.5918 43.0576 36.1923 38.1898 59.686 39.5639 38.5774 34.2281 32.3021 53.9369 41.0868 31.0628 30.2381 28.5183 24.2586 23.836 22.5589 20.5451 29.0233
threshold=1.2324137687683108 0.01629456598311663 0.80522325634956371 0.73870381712913524 -0.027027046307921406 -0.81666666269302357 0.60931459069252025 0.91273748874664318 0.03032955247908831 0.49301022291183477 1.0061791539192202 0.037798952311277396 0.57893601059913646 -0.035090520977973931 0.88889041543006908 -0.0034982494544237848 -0.0039712106809020034 0.28571169078350073 0.095257647335529341 0.26315802335739141 1.0056431889533999 0.61602565646171581 -0.55000001192092884 0.28675124049186712 -0.77500000596046437 0.0054053976200521001 -0.84999999403953541 -0.091114301234483705 0.35000000894069677 0.62650594115257274
decision_type=10 10 10 10 8 2 10 8 10 10 10 10 10 10 10 10 10 10 10 10 10 2 2 10 2 8 2 10 2 10
left_child=1 25 -2 4 23 6 10 8 -7 -9 -6 12 -4 19 16 24 17 -15 -18 20 -5 -21 -8 -3 -16 28 -13 -22 -1 -30
right_child=2 3 11 13 5 7 22 9 -10 -11 -12 26 -14 14 15 -17 18 -19 -20 21 27 -23 -24 -25 -26 -27 -28 -29 29 -31
leaf_value=0.0023534016186787187 0.0011739959745554606 -1.9067237514938258e-05 -0.0057818241961745823 -0.0086337119890571683 0.001341268426190306 0.0085558987142528384 -0.001540005479364621 -0.00091999260934856977 -0.007980504687461162 0.00021097243819118939 -0.0055731738597784202 0.0066497065914422268 0.011095631747615544 8.5678387101313232e-05 0.018588417477987496 0.0009828305071185729 0.00087801647703416186 -0.0034600426740075841 -0.0062530731659468358 0.022343289495991736 -0.0013705209442866218 0 0.0028798715785559145 -0.016366151313400239 0.0045920385633345081 -0.00030465703462544363 0.019531088308399815 0.010811549061147991 4.8499685751567358e-05 0.0025215208971859394
leaf_weight=13652 1534 212 222 243 771 162 6746 64422 1382 73026 5157 355 262 6751 299 1825 33549 4475 588 183 132 117 1766 279 382 8728 425 433 14285 6236
leaf_count=13652 1534 212 222 243 771 162 6746 64422 1382 73026 5157 355 262 6751 299 1825 33549 4475 588 183 132 117 1766 279 382 8728 425 433 14285 6236
internal_value=-5.66666e-06 -6.93512e-05 0.00544327 -0.000313557 -0.000596146 -0.000562225 -0.00226609 -0.000382751 -0.00596643 -0.000316986 -0.00462195 0.0102919 0.00283684 0.000568311 0.000436186 0.00403366 0.00022915 -0.00130471 0.000742813 0.00590158 0.00219643 0.0141823 -0.000583243 -0.010172 0.0115203 0.00107824 0.0143562 0.0075031 0.00144018 0.000816339
internal_weight=248599 245801 2798 202900 153923 153432 14440 138992 1544 137448 5928 1264 484 48977 47869 2506 45363 11226 34137 1108 808 300 8512 491 681 42901 780 565 34173 20521
internal_count=248599 245801 2798 202900 153923 153432 14440 138992 1544 137448 5928 1264 484 48977 47869 2506 45363 11226 34137 1108 808 300 8512 491 681 42901 780 565 34173 20521
is_linear=0
shrinkage=0.03


Tree=11
num_leaves=31
num_cat=0
split_feature=22 25 86 29 57 3 115 35 11 41 10 23 24 46 42 86 82 24 73 30 127 9 72 54 43 51 75 117 54 15
split_gain=91.2546 79.0808 76.7198 67.7352 77.5934 63.2384 60.6485 55.2298 76.7038 53.4524 60.5396 52.2593 65.9785 51.9207 47.3278 45.1198 44.8901 41.3397 53.6081 41.1117 40.7819 39.4916 38.7629 53.1321 41.9942 35.9879 32.8969 36.0196 32.2722 33.221
threshold=1.1704044342041018 0.012404591776430609 -0.74999999999999989 -0.00046248409489635373 1.1708310246467593 0.016260136850178245 0.75210446119308483 0.827701896429062 0.98191753029823314 -0.028081166557967659 1.0214080214500429 0.015700416639447216 0.049962287768721587 1.010325074195862 -0.0022334883688017722 -0.55000001192092884 0.19166667014360431 0.030025747604668144 0.30000000447034841 -0.0072496393695473662 0.22420419752597812 0.97046056389808666 0.16000013798475268 1.0860624313354494 1.026442348957062 0.96300575137138378 0.075000001117587103 0.36483514308929449 0.99289944767951976 1.1176868081092837
decision_type=10 10 2 10 10 10 10 10 10 10 10 10 10 10 10 2 2 10 10 10 10 10 10 10 10 10 2 10 10 10
left_child=1 -1 22 7 5 6 13 9 -9 17 16 20 -13 -5 -12 28 -11 19 -19 -3 -7 -8 23 -2 -24 -10 27 -4 -6 -30
right_child=2 3 26 4 15 11 21 8 25 10 14 12 -14 -15 -16 -17 -18 18 -20 -21 -22 -23 24 -25 -26 -27 -28 -29 29 -31
leaf_value=0.0012133934819051762 -0.00050311840322156171 0.017014434841793387 -0.015336627760771661 0.0016943696463026824 0.00021968025935015508 -0.0023166858861340713 -0.0084892315156161868 -0.0039836058095278886 -0.0043017483422874868 7.4181543929852033e-05 -0.0065612381671258232 0.0082114855512025603 -0.0055821026149110269 -0.00019609304125721351 0.00059426789756094668 0.00034460267663410753 -0.001831535357462738 -0.0031280192283120699 0.0023864971260565892 0.00064703421562601921 0.0086050393892448448 -0.0017563487411944604 0.0021658962516223003 0.009022129925274798 0.025189387670191996 0.0024117399315574748 0.0023344093899086461 0 0.012089969579317929 0.00088642087182668155
leaf_weight=35923 725 121 230 15808 505 1563 902 2332 723 14590 3580 2239 321 74425 981 1469 43089 6350 2035 18143 361 7410 154 1465 211 10559 845 284 1167 377
leaf_count=35923 725 121 230 15808 505 1563 902 2332 723 14590 3580 2239 321 74425 981 1469 43089 6350 2035 18143 361 7410 154 1465 211 10559 845 284 1167 377
internal_value=-1.0807e-05 -8.47951e-05 0.00452066 -0.000309405 0.000218006 6.50278e-05 -9.0868e-05 -0.000860484 0.000905688 -0.0011345 -0.00161576 0.00354295 0.00633576 0.000132077 -0.00496084 0.00458766 -0.00134442 0 -0.00175148 0.00079037 -4.56758e-05 -0.00254162 0.00758006 0.00575703 0.0168717 0.00194812 -0.00104016 -0.00702929 0.00745193 0.00959252
internal_weight=248887 244973 3914 209050 106547 103029 98545 102503 13614 88889 62240 4484 2560 90233 4561 3518 57679 26649 8385 18264 1924 8312 2555 2190 365 11282 1359 514 2049 1544
internal_count=248887 244973 3914 209050 106547 103029 98545 102503 13614 88889 62240 4484 2560 90233 4561 3518 57679 26649 8385 18264 1924 8312 2555 2190 365 11282 1359 514 2049 1544
is_linear=0
shrinkage=0.03


Tree=12
num_leaves=31
num_cat=0
split_feature=22 29 18 87 57 40 51 18 100 1 26 10 82 38 38 1 121 146 138 75 126 114 15 35 25 83 109 3 44 35
split_gain=93.3639 81.7376 63.5461 64.8411 62.1916 60.508 101.445 88.0111 62.824 61.9168 61.4467 59.054 52.677 52.2252 47.8349 47.0354 57.9408 46.0865 42.5353 47.0908 43.3309 41.283 40.6709 73.4482 38.8918 36.3183 35.6247 35.4266 31.1931 31.1269
threshold=1.1606848239898684 -0.0034455335699021812 0.9977039396762849 0.39166666567325598 1.1671152710914614 -0.029515109956264492 0.89865520596504223 1.0250986814498904 0.64852941036224376 0.038137570023536689 0.021654001437127594 1.0202021002769472 0.92500001192092907 -0.0074742119759321204 -0.027027046307921406 0.059238541871309287 0.6531951129436494 0.49278651177883154 0.62282332777977001 0.12500000372529033 -0.35446426272392267 0.1538447514176369 1.030818045139313 0.56386625766754161 0.033200450241565711 -0.50000001490116108 -0.10555555671453475 0.0036737375194206838 1.0808436274528506 0.85409522056579601
decision_type=10 8 10 2 10 10 8 10 2 10 10 10 2 8 8 10 10 10 10 2 10 8 10 10 10 10 2 10 10 10
left_child=1 2 12 21 5 6 8 10 9 -3 11 -7 -1 24 -12 18 -17 -6 19 -2 -20 -4 -23 -24 -8 26 -14 -27 -15 -22
right_child=15 4 3 -5 17 7 13 -9 -10 -11 14 -13 25 28 -16 16 -18 -19 20 -21 29 22 23 -25 -26 27 -28 -29 -30 -31
leaf_value=-0.0044982349998192372 -0.0095194180054219823 0.0053537181995508866 0.00090909682840236198 0.00141969908298883 0.0066726206848539632 0.00090836330334086179 -0.0023877677950280597 -0.0062071320395899847 0.00042711253061100923 0.015708897591399301 -0.015498086542209707 -0.0037731047575854442 -0.0079923388663259744 0.0031640087768839524 -0.00038640788098158723 0.001021867454288004 0.015470906270803216 0.00093005319152740734 0.0071144822187776255 0.0054446079725142009 0.0019840165201927564 2.5975711647740473e-05 -0.0047618872938408555 -0.00093929067399942166 -0.014873961504648028 0.0033782256608919006 0.0034134330904591038 -0.0020723652984188379 -0.0063303455950280783 -0.0099415163276818288
leaf_weight=7769 478 2024 6607 11320 2238 68345 1265 2018 1392 789 170 2473 936 2304 98207 489 627 3188 1698 262 1096 8255 7587 11826 285 2182 277 2020 324 219
leaf_count=7769 478 2024 6607 11320 2238 68345 1265 2018 1392 789 170 2473 936 2304 98207 489 627 3188 1698 262 1096 8255 7587 11826 285 2182 277 2020 324 219
internal_value=-1.55196e-05 -9.90272e-05 -0.00107424 -0.000535166 0.000209245 0.000111731 0.00259732 -8.50625e-06 0.00588274 0.00845446 6.43772e-05 0.00073963 -0.00291218 -0.000650148 -0.000418715 0.00408782 0.00953328 0.00336952 0.00234708 -0.00382275 0.00397653 -0.00119 -0.00170238 -0.00245204 -0.00503493 -0.000573258 -0.00513129 0.000689538 0.00184121 0
internal_weight=248670 243801 58779 45595 185022 179596 8383 171213 4205 2813 169195 70818 13184 4178 98377 4869 1116 5426 3753 740 3013 34275 27668 19413 1550 5415 1213 4202 2628 1315
internal_count=248670 243801 58779 45595 185022 179596 8383 171213 4205 2813 169195 70818 13184 4178 98377 4869 1116 5426 3753 740 3013 34275 27668 19413 1550 5415 1213 4202 2628 1315
is_linear=0
shrinkage=0.03


Tree=13
num_leaves=31
num_cat=0
split_feature=56 26 13 29 115 50 41 1 4 22 0 26 124 34 61 27 80 74 53 42 97 76 134 3 5 121 47 24 43 13
split_gain=79.6377 77.5006 72.7973 57.1196 78.8967 74.1554 72.8468 76.5838 70.6777 69.901 56.8997 51.343 47.1504 75.0025 52.9277 52.0361 47.1155 46.0739 44.5097 43.9059 41.9414 40.7205 40.5416 37.6326 33.1486 29.2611 28.224 27.7663 27.5111 34.7424
threshold=1.1607391834259035 0.016427481546998027 1.1131682991981509 -0.00032306698267348105 0.74566438794136058 0.87003377079963695 -0.029170078225433823 0.022222212515771392 0.052631413564085967 1.1001278758049013 0.028153716586530212 0.047250198200345046 -0.39758977293968195 0.5872744917869569 1.0627041459083559 0.062593050301074996 0.27500000596046453 0.25000000745058065 1.0008702874183657 0.067289590835571303 0.18424877524375918 0.083333335816860213 0.33800479769706732 0.020727521739900116 0.0091863996349275129 0.62561580538749706 1.2663095593452456 0.029104296118021015 1.0668973922729494 0.93508917093276989
decision_type=10 10 10 10 10 10 10 10 10 10 10 10 10 10 10 10 2 2 10 10 10 2 10 10 10 10 10 10 10 10
left_child=1 -1 3 6 5 8 18 21 -5 -7 23 -4 13 17 27 -16 -12 22 20 -9 -3 -8 -2 -6 -20 26 -14 -15 29 -27
right_child=12 2 11 4 10 9 7 19 -10 -11 16 -13 25 14 15 -17 -18 -19 24 -21 -22 -23 -24 -25 -26 28 -28 -29 -30 -31
leaf_value=0.0010484572896744795 -0.018955212669547358 0.00055108572375676935 -0.00055917611519285177 0.0073043945364129875 -0.0019007406973982641 3.0707173828629921e-06 0.00074785770054137425 -0.002902367771486219 0.0014397801727275693 0.0057167493641445792 -0.011028830106812262 -0.017900548610020398 0.011126014927799239 0.0045210345415112796 -0.0022340303691203546 0.007780696374533826 0.0037960858211220014 0.0040930454349440946 0.0001651432872995312 0.0075847395073869216 -0.013832857615773809 -0.0011742652793442013 0 0.0077608725714774134 0.0028463897073045118 0.019673500876286186 -0.0013185563646551889 -0.0056124042323432285 0.014724209251600054 0.0033117608573156559
leaf_weight=43818 305 282 334 2438 8104 77558 13615 22953 8398 1959 1028 343 188 306 551 1903 192 169 19466 331 351 35063 191 350 5357 129 647 760 523 1077
leaf_count=43818 305 282 334 2438 8104 77558 13615 22953 8398 1959 1028 343 188 306 551 1903 192 169 19466 331 351 35063 191 350 5357 129 647 760 523 1077
internal_value=-2.93203e-07 -9.12848e-05 -0.000344952 -0.000309187 0.000191934 0.00047056 -0.000826742 -0.0013158 0.00279792 0.000149008 -0.00237503 -0.0100371 0.00320791 0.00114626 0.00296125 0.00541093 -0.0084302 -0.00782891 0.000543942 -0.00273403 -0.00714481 -0.00063041 -0.0124736 -0.00144797 0.000757679 0.00642196 0.00132717 -0.00239762 0.00866758 0.00559898
internal_weight=248689 241940 198122 197445 100027 90353 97418 71962 10836 79517 9674 677 6749 4185 3520 2454 1220 665 25456 23284 633 48678 496 8454 24823 2564 835 1066 1729 1206
internal_count=248689 241940 198122 197445 100027 90353 97418 71962 10836 79517 9674 677 6749 4185 3520 2454 1220 665 25456 23284 633 48678 496 8454 24823 2564 835 1066 1729 1206
is_linear=0
shrinkage=0.03


Tree=14
num_leaves=31
num_cat=0
split_feature=16 29 115 9 60 34 82 139 82 13 10 27 60 17 35 31 60 22 46 50 42 16 13 58 3 43 57 61 13 36
split_gain=81.5635 70.3624 61.1044 61.3162 57.798 65.23 67.9777 87.1487 78.0694 55.7289 61.8874 49.9332 48.1535 49.6454 61.4652 70.9909 43.3493 41.7509 43.9659 42.3466 40.2533 39.9123 56.533 53.2909 39.3473 38.0291 37.713 36.5195 67.4182 33.1081
threshold=1.2143567204475405 -0.0014780178316868839 0.74566438794136058 0.9727265238761903 0.91570308804512035 0.4506779164075852 0.80833333730697643 1.391719698905945 0.67500001192092907 0.98531934618949901 1.0159595608711245 0.077030278742313399 0.92890283465385448 1.055758059024811 0.46385920047760015 -0.0026982841081917282 1.0191218852996828 1.1001278758049013 1.0084368586540224 0.95238092541694652 0.02561315800994635 0.92536377906799328 0.91974771022796642 1.0060404539108279 0.014665481168776752 1.0083333849906924 1.2175723910331728 1.0551267266273501 1.1131682991981509 0.59657007455825817
decision_type=10 8 10 10 8 10 2 10 2 8 10 8 10 10 10 10 10 10 8 10 10 8 8 10 10 10 10 10 10 10
left_child=1 9 4 11 5 21 8 -8 -7 10 -1 -4 -11 27 15 -15 17 18 -6 -19 -12 23 -23 -3 25 -5 -2 28 -14 -28
right_child=26 2 3 24 16 6 7 -9 -10 12 20 -13 13 14 -16 -17 -18 19 -20 -21 -22 22 -24 -25 -26 -27 29 -29 -30 -31
leaf_value=-0.0022823055694236455 -0.0021269606653845289 0.0023807962125569509 -0.0043475052866779589 0.00035369554900511969 0.0019175498717540563 0.0019542567441383921 0.01770693291323076 -0.0058658277096285943 -0.0057596945389854397 -0.0083982668559233978 -0.015122108021275881 -0.01958324264928183 0.00014970798114793358 -0.007091502935633251 -0.0002486689258987875 -0.0017091788424760679 -0.0067220256907877503 0.00060649435880983954 0.00011065820221012886 0.0082530576959836816 0.0024141567422165757 -0.0035782256962986086 0.016679034545817015 0.018161406473311791 0.0051765331722404759 -0.0035671543949790611 0 0.0047330103184113487 -0.013640664603700427 0.0073616426265211013
leaf_weight=5860 596 1912 969 4311 13675 5624 437 169 1468 670 568 262 48291 2746 23696 12524 750 1611 109896 1199 106 119 591 208 818 4319 728 1534 301 2451
leaf_count=5860 596 1912 969 4311 13675 5624 437 169 1468 670 568 262 48291 2746 23696 12524 750 1611 109896 1199 106 119 591 208 818 4319 728 1534 301 2451
internal_value=1.94755e-05 -4.70117e-05 0.000361587 -0.00181608 0.000532939 0.0026713 0.00118461 0.0106764 0.000303628 -0.000679491 -0.00335788 -0.00809125 -0.000480478 -0.000415696 -0.00121973 -0.00270471 0.000353105 0.000398522 0.000313323 0.00401048 -0.0119418 0.00657334 0.0128678 0.00422453 -0.000951425 -0.00157758 0.00438468 0.000203585 5.25362e-05 0.00570494
internal_weight=248409 244634 148338 10679 137659 10528 7698 606 7092 96296 6534 1231 89762 89092 38966 15270 127131 126381 123571 2810 674 2830 710 2120 9448 8630 3775 50126 48592 3179
internal_count=248409 244634 148338 10679 137659 10528 7698 606 7092 96296 6534 1231 89762 89092 38966 15270 127131 126381 123571 2810 674 2830 710 2120 9448 8630 3775 50126 48592 3179
is_linear=0
shrinkage=0.03


Tree=15
num_leaves=31
num_cat=0
split_feature=16 26 39 37 35 86 14 40 50 43 1 0 38 59 51 118 34 43 45 38 53 36 24 112 140 30 40 53 11 138
split_gain=84.251 72.9756 57.8181 53.059 52.8743 74.5366 57.6578 54.7755 60.2603 44.8615 42.4125 39.3832 37.5685 42.2792 42.9183 41.9538 37.4255 35.4678 50.2633 35.9784 33.9493 33.5329 48.7014 33.0946 32.0878 33.3367 31.7516 31.6855 30.9885 29.8792
threshold=1.2143567204475405 0.020205240696668628 0.015845593996346 0.84761008620262157 0.46385920047760015 -0.81666666269302357 0.91377764940261852 -0.030176152475178238 0.77562633156776439 1.0102148056030276 0.016301792114973072 -0.0054123017471283666 0.00073171179974451672 0.891848385334015 0.78611847758293163 0.019769327715039257 0.09251053631305696 1.0872324705123904 1.1517949104309084 0.00097561947768554102 1.0429111719131472 0.80522325634956371 0.05465053208172322 0.2323504984378815 0.76731082797050487 -0.0055244772229343644 0.04771095514297486 1.0138182044029238 0.99004265666008007 0.85561335086822521
decision_type=10 10 10 10 10 2 8 10 10 8 10 10 10 10 10 10 10 10 10 10 10 10 10 2 10 10 10 10 8 10
left_child=1 9 3 4 5 10 -7 16 -9 -1 -3 26 -13 15 -15 -14 -6 18 29 23 -20 -2 24 -19 -23 27 -4 -26 -11 -5
right_child=21 2 11 17 7 6 -8 8 -10 28 -12 12 13 14 -16 -17 -18 19 20 -21 -22 22 -24 -25 25 -27 -28 -29 -30 -31
leaf_value=0.0016433555905352986 0.0015802668191389386 0 -0.00810362417639841 1.6892263317000728e-05 0.0066556231382219212 0.0043710639540812035 -0.00096937584260747942 -0.008587771512740601 -9.3806999609438917e-06 -0.001582766872373185 -0.0073967683736571258 0.0010638689410976657 0 0.0047986776037394806 -0.0021004956787948072 -0.017459879429727983 0.001330489164442624 0.015377784443167147 -0.015080142347389794 -0.00030323664572477191 0.00011351905325709869 -0.0047874384647167397 0.017207759363931673 -0.00013458006940510151 0 -0.0068145931967220075 0.0031654581240839023 0.011545282946107367 0.00048252618367612774 0.0029087402629910477
leaf_weight=28272 1984 1020 1377 6710 1677 1846 53686 726 67534 7922 2492 4201 216 809 16993 296 4747 447 262 283 178 227 371 117 260 109 215 753 36491 6553
leaf_count=28272 1984 1020 1377 6710 1677 1846 53686 726 67534 7922 2492 4201 216 809 16993 296 4747 447 262 283 178 227 371 117 260 109 215 753 36491 6553
internal_value=-1.74306e-05 -8.66778e-05 -0.000423914 -0.000199994 -0.000389034 -0.00106036 -0.000784938 0.000137835 -0.000107501 0.000708906 -0.00530139 -0.00178746 -0.00144439 -0.00203664 -0.0017651 -0.0104929 0.00278352 0.00151502 0.00111511 0.00746379 -0.00854375 0.00445951 0.00755194 0.0117517 0.00446467 0.00665029 -0.00637524 0.00849343 0.000106839 0.00147051
internal_weight=248774 245070 172385 148278 133728 59044 55532 74684 68260 72685 3512 24107 22515 18314 17802 512 6424 14550 13703 847 440 3704 1720 564 1349 1122 1592 1013 44413 13263
internal_count=248774 245070 172385 148278 133728 59044 55532 74684 68260 72685 3512 24107 22515 18314 17802 512 6424 14550 13703 847 440 3704 1720 564 1349 1122 1592 1013 44413 13263
is_linear=0
shrinkage=0.03


Tree=16
num_leaves=31
num_cat=0
split_feature=56 26 37 13 26 33 14 53 41 85 86 52 40 113 2 29 37 1 33 34 32 87 26 38 64 30 86 17 44 14
split_gain=78.8056 71.4373 59.9894 51.3022 56.9868 52.186 69.8536 66.0168 65.7975 81.0742 46.9665 49.4726 46.5572 67.8321 42.6408 45.9637 45.5089 42.234 41.5396 48.3686 41.1081 41.9477 40.5695 40.0866 39.4414 47.2021 37.8006 34.9499 30.4105 29.783
threshold=1.1547704935073855 0.019953023642301563 0.73551964759826671 1.1131682991981509 0.047682801261544235 0.48790273070335394 0.89036855101585399 1.0497651100158694 0.056839598342776305 0.82500001788139354 -0.74999999999999989 0.94284710288047802 -0.046584611758589738 0.40000040829181677 0.88889041543006908 -0.0039712106809020034 0.92185732722282421 0.0326305739581585 0.54225957393646251 0.44595624506473547 -0.0034982494544237848 -0.77500000596046437 0.063885252922773375 -0.018358826637268063 0.19375000149011615 -3.2374799047829577e-05 0.84999999403953563 1.1353055834770205 1.0055388212203982 1.0759554505348208
decision_type=10 10 10 10 10 8 8 10 10 2 2 10 10 10 10 10 10 10 10 10 10 2 10 8 10 10 2 10 8 10
left_child=1 27 3 5 -5 6 26 -8 22 -10 11 -2 13 24 15 16 -14 -12 19 -13 21 -16 -7 -17 25 -4 -3 28 -1 -20
right_child=10 2 12 4 -6 8 7 -9 9 -11 17 18 14 -15 20 23 -18 -19 29 -21 -22 -23 -24 -25 -26 -27 -28 -29 -30 -31
leaf_value=0.0022898493939319813 0.011782720624722296 0.012040923648332324 -0.0010718248124134949 0 -0.021998842710174174 -0.00010034441336464374 -0.0014153635115636623 -0.013336379044637831 -0.0023232736081857577 -0.016611129513003944 0.0039232973311423358 -0.017096463315866211 -0.0023607551574009026 0.020109880592236631 0.019836668203518325 -0.0064114683902174912 0.0065172320216827619 -0.0022274906887068181 0.012664067247882485 0.00098127326654904538 0.0015727383266826683 0.0027725258592699504 0.0040393808889445729 0.00081820244883242682 -0.0044868650763376129 0.010985981129656319 -0.0027473912670439669 -0.0035384917030482012 0.00053367654076827713 0.0033889066271023571
leaf_weight=10676 854 511 446 239 197 63656 56405 408 2600 414 1858 145 8429 227 260 679 519 2096 420 560 1621 348 2183 29767 431 637 169 1661 58193 1813
leaf_count=10676 854 511 446 239 197 63656 56405 408 2600 414 1858 145 8429 227 260 679 519 2096 420 560 1621 348 2183 29767 431 637 169 1661 58193 1813
internal_value=-6.52066e-07 -9.78286e-05 -0.000431684 -0.000762071 -0.0108548 -0.000723156 -0.00139091 -0.00151092 -0.000160977 -0.00448128 0.00297257 0.00535949 0.000527251 0.00531623 0.000317277 8.00971e-05 -0.00179898 0.000592497 0.00332396 -0.00269211 0.00433767 0.0109467 3.35448e-05 0.000643018 0.00266932 0.00581897 0.00796353 0.000703203 0.000810857 0.00536354
internal_weight=248422 240676 170146 126782 436 126346 57493 56813 68853 3014 7746 3792 43364 1741 41623 39394 8948 3954 2938 705 2229 608 65839 30446 1514 1083 680 70530 68869 2233
internal_count=248422 240676 170146 126782 436 126346 57493 56813 68853 3014 7746 3792 43364 1741 41623 39394 8948 3954 2938 705 2229 608 65839 30446 1514 1083 680 70530 68869 2233
is_linear=0
shrinkage=0.03


Tree=17
num_leaves=31
num_cat=0
split_feature=16 26 40 71 44 31 107 60 38 42 119 15 10 71 29 73 78 113 74 115 144 145 16 86 22 26 72 38 38 56
split_gain=73.0534 57.3502 50.7102 102.054 57.9928 66.0606 72.6885 61.2532 54.9507 51.7175 51.1622 49.4231 69.4466 44.3512 65.2876 47.132 42.7233 56.4345 42.0234 41.2775 37.0364 39.9892 36.4659 42.0099 38.8158 34.9422 34.416 34.2412 32.8482 29.2851
threshold=1.2324137687683108 0.01629456598311663 -0.029515109956264492 0.58064493536949169 1.04106080532074 0.003454564139246941 0.44337606430053716 0.91935172677040111 -0.0026007820852100845 -0.074369274079799638 0.58490535616874706 0.94193413853645336 1.0174244642257693 0.89393961429595958 0.0073712046723812827 0.30000000447034841 0.90000000596046459 0.45976983010768896 0.35000000894069677 0.60872206091880809 0.40785768628120428 0.57396194338798534 1.1606603264808657 -0.81666666269302357 1.1406297683715823 0.069855619221925749 0.65079429745674144 -0.0087373955175280554 0.00091325998073443781 1.175767779350281
decision_type=10 10 10 10 10 10 2 10 8 10 10 10 10 10 10 10 10 10 2 10 10 10 8 2 10 10 10 10 10 10
left_child=1 -1 3 22 8 7 10 19 11 -9 -7 12 -4 15 -15 -10 17 -5 -8 -6 -18 -22 23 -3 -24 -13 -19 -25 -26 -2
right_child=29 2 4 16 5 6 18 9 13 -11 -12 25 -14 14 -16 -17 20 26 -20 -21 21 -23 24 27 28 -27 -28 -29 -30 -31
leaf_value=0.00096544483559306987 0 -0.0052155886196475999 -0.0022667987371732807 -0.0015373314771708307 0.018966282473381432 0.0011466275897860237 -0.0019344506767305513 0.0018047936335082713 0.00038771934332622153 -0.0012537215937219353 -0.012968114870757956 0.0013693129555794833 0.0031800786221631416 0.0018668102418505762 -0.0021104774129721013 -0.0014186302879476717 0 -0.0027192533970945053 -0.012381801195181934 -9.9233436977138383e-05 0.009567075061465917 -0.00157816083389749 -0.00067151035421158666 -0.0028919184285573847 0.01049100968837886 0.0089188605289793853 0.011529311952874698 0.00092049110505690486 -0.00032983499368979265 0.006638453708457938
leaf_weight=42953 756 1629 8024 1665 213 1623 590 5394 18413 53373 246 28935 2804 13828 5001 42354 565 153 1248 128 2407 272 917 2847 798 560 591 8083 288 2069
leaf_count=42953 756 1629 8024 1665 213 1623 590 5394 18413 53373 246 28935 2804 13828 5001 42354 565 153 1248 128 2407 272 917 2847 798 560 591 8083 288 2069
internal_value=2.53066e-05 -2.87782e-05 -0.000240752 0.00118055 -0.000399737 -0.00113806 -0.00502972 -0.000887301 -1.03679e-05 -0.00096737 -0.000669989 0.000889071 -0.000825368 -0.000469897 0.000793404 -0.000866406 0.00459553 0.00139299 -0.00924658 0.0113697 0.00685871 0.00832103 -0.000129066 -0.000749892 0.00358421 0.00152876 0.00821201 -4.86202e-05 0.00739607 0.00480567
internal_weight=248727 245902 202949 20215 182734 62815 3707 59108 119919 58767 1869 40323 10828 79596 18829 60767 5653 2409 1838 341 3244 2679 14562 12559 2003 29495 744 10930 1086 2825
internal_count=248727 245902 202949 20215 182734 62815 3707 59108 119919 58767 1869 40323 10828 79596 18829 60767 5653 2409 1838 341 3244 2679 14562 12559 2003 29495 744 10930 1086 2825
is_linear=0
shrinkage=0.03


Tree=18
num_leaves=31
num_cat=0
split_feature=16 29 115 82 57 57 40 45 38 18 51 69 24 41 15 81 84 57 5 86 131 42 33 55 17 1 30 51 121 30
split_gain=75.868 63.8653 53.866 56.2804 52.9466 47.6633 51.1075 74.642 72.4335 56.0381 48.6991 67.1907 43.5973 51.5377 42.4913 65.6228 54.667 42.226 41.4122 37.9679 49.7608 37.6399 34.7513 34.1747 54.3146 39.9776 34.2208 37.3321 30.1938 26.4592
threshold=1.2324137687683108 -0.0033184874337166543 0.30149991810321813 0.20833333581686023 0.99487176537513744 1.1671152710914614 -0.032368231564760201 1.1128508448600771 -0.022392359562218186 1.024462938308716 0.89865520596504223 0.20481981337070468 0.05465053208172322 -0.0066432154271751634 1.027422368526459 0.15000000596046451 -0.45000000298023218 0.9458967149257661 0.004854294005781413 -0.516666680574417 1.2149685025215151 -0.072012089192867265 0.40257744491100317 1.092785716056824 1.1602599024772646 0.056572221219539649 -0.0055244772229343644 0.96946191787719738 0.72220790386199962 0.0036169785307720308
decision_type=10 8 8 2 10 10 8 10 8 10 10 10 10 10 10 2 2 10 10 2 10 10 10 10 8 10 10 10 10 10
left_child=1 2 23 12 -5 6 7 10 17 18 11 -3 13 21 16 -16 -6 -8 -10 20 -7 -4 -12 -1 26 28 27 -25 -26 -11
right_child=-2 5 3 4 14 19 8 -9 9 29 22 -13 -14 -15 15 -17 -18 -19 -20 -21 -22 -23 -24 24 25 -27 -28 -29 -30 -31
leaf_value=-0.00052367245982972062 0.0049139158855713546 0.014230395604549088 0.0044693783755064944 -0.011514474949298957 0.000483364477181283 0.0021201019691880385 -0.021645478442850828 -0.0083521911258177036 0.00050247023665524193 -0.0051243397842143188 -0.0080894556811408093 0.0036588073218085022 -0.0088811909207763776 -0.0034116780096905804 -0.0077064583409568819 -0.0020777352253545673 -0.0049435275658505076 -0.0034478819435641455 -0.00047377334347822403 -0.00014742396182157336 0.0099614461717244304 0.00038595325859354233 0.0021244271504039475 -0.0014610361898919259 -0.0035538574102655191 0.010292778268356102 -0.0015727972610427947 0.0082354793014080569 0.0027512168151035961 0.0074324103146149161
leaf_weight=8303 2773 746 2815 512 10085 2303 188 450 107968 2403 337 2399 430 2308 2100 20123 1970 396 61061 2028 1161 7896 1774 361 1963 270 469 2144 977 125
leaf_count=8303 2773 746 2815 512 10085 2303 188 450 107968 2403 337 2399 430 2308 2100 20123 1970 396 61061 2028 1161 7896 1774 361 1963 270 469 2144 977 125
internal_value=-1.42869e-06 -5.84355e-05 -0.000885532 -0.00136931 -0.00200714 0.00022297 0.000136034 0.00292506 4.15138e-05 7.97521e-05 0.00397544 0.00633527 0.000258889 0.000596941 -0.00184975 -0.00262957 -0.00038536 -0.0103255 0.000148017 0.00297307 0.00487643 0.00149342 0.000292486 0.000704341 0.00239787 -0.000222734 0.00530923 0.00671878 -0.00135282 -0.00433225
internal_weight=248838 246065 62726 48239 34790 183339 177847 5706 172141 171557 5256 3145 13449 13019 34278 22223 12055 584 169029 5492 3464 10711 2111 14487 6184 3210 2974 2505 2940 2528
internal_count=248838 246065 62726 48239 34790 183339 177847 5706 172141 171557 5256 3145 13449 13019 34278 22223 12055 584 169029 5492 3464 10711 2111 14487 6184 3210 2974 2505 2940 2528
is_linear=0
shrinkage=0.03


Tree=19
num_leaves=31
num_cat=0
split_feature=32 26 137 42 29 6 125 25 71 9 13 42 101 0 73 49 35 46 0 49 76 52 7 33 27 113 11 110 117 105
split_gain=77.2256 58.1524 47.6702 44.8468 65.8594 57.863 57.3641 67.9347 74.0509 57.0569 51.759 58.8348 46.0846 45.5671 43.4961 42.7912 41.9401 58.814 41.9054 41.8916 41.4906 40.7981 40.6986 40.5032 37.1771 36.6931 35.924 50.2746 37.9489 33.5134
threshold=-0.0050067340489476911 0.018438683822751049 1.3712165355682375 -0.076892897486686693 -0.00032306698267348105 0.15384706854820254 0.49132412672042852 0.042718179523944862 0.52439016103744518 1.0310895442962649 0.98603835701942455 0.069249123334884657 0.49137930572032934 -0.013087541330605744 0.90000000596046459 0.9626302719116212 0.76288050413131725 1.1160557270050051 0.028153716586530212 0.96502837538719188 0.25000000745058065 0.82670444250106823 0.013592286035418512 0.84570831060409557 0.075391694903373732 0.54285725951194774 0.98075076937675487 -0.10263158008456229 0.40209154784679418 0.63961037993431102
decision_type=8 10 10 10 10 10 8 10 10 10 10 10 2 10 10 10 10 10 10 10 2 10 10 10 10 8 10 2 10 2
left_child=2 25 14 5 10 -3 7 9 -9 -6 11 13 26 -5 15 20 17 -12 -8 -14 -1 23 -18 -16 -20 -2 27 -7 -28 -17
right_child=1 3 -4 4 6 12 18 8 -10 -11 16 -13 19 -15 21 29 22 -19 24 -21 -22 -23 -24 -25 -26 -27 28 -29 -30 -31
leaf_value=0.011366327116094525 5.7064715729496674e-05 -0.00089881196625397008 -0.00049501492077474356 -0.01259200930503381 0.00014703163330649294 0.014617542614260919 -0.0012968506997862079 -0.001865229796587174 0.0042615323813082646 -0.0070427893967480544 -0.00062776875109331104 0.013131715334313149 -0.0068570776418403322 -0.0030093401276666291 0.01681317056291565 0.0064669233178388727 0.0011931190093804982 -0.0028593806327398487 -0.0039291104837493578 0.0030073088688862101 -0.0015559039650926071 -0.0034006367735694059 -0.0027193575682359708 -0.0029974816102120612 -0.017229725669066494 0.0015836433895372274 -0.0052738047811900519 -0.0011354021664499959 0.0050829537482312758 -0.0015162173551795783
leaf_weight=1607 32250 4248 2119 481 70722 710 8122 2269 7154 987 43920 167 566 8353 197 1003 13935 14258 923 1109 208 898 2839 115 266 25872 323 194 2378 779
leaf_count=1607 32250 4248 2119 481 70722 710 8122 2269 7154 987 43920 167 566 8353 197 1003 13935 14258 923 1109 208 898 2839 115 266 25872 323 194 2378 779
internal_value=4.95773e-06 -8.33294e-05 0.00312491 -0.000345846 -0.000456753 0.00164943 0.000101922 0.000361198 0.00275365 4.19527e-05 -0.00106207 -0.00322028 0.00375186 -0.00359225 0.00477822 0.0064259 -0.000798099 -0.00118063 -0.00212108 -0.000190558 0.00972113 0 0.000510619 0.00886686 -0.00738863 0.000742066 0.00565733 0.0109609 0.00370452 0.00283252
internal_weight=248972 242046 6926 183924 174396 9528 90443 81132 9423 71709 83953 9001 5280 8834 4807 3597 74952 58178 9311 1675 1815 1210 16774 312 1189 58122 3605 904 2701 1782
internal_count=248972 242046 6926 183924 174396 9528 90443 81132 9423 71709 83953 9001 5280 8834 4807 3597 74952 58178 9311 1675 1815 1210 16774 312 1189 58122 3605 904 2701 1782
is_linear=0
shrinkage=0.03


Tree=20
num_leaves=31
num_cat=0
split_feature=61 29 52 36 37 56 31 57 17 34 119 19 87 28 11 28 29 142 33 25 67 59 54 30 138 30 44 29 31 23
split_gain=73.8566 61.7166 57.1572 71.1555 51.2546 47.101 42.3677 44.5498 48.5913 41.8346 39.1386 38.2829 51.2398 44.3099 42.59 44.7112 41.34 36.7719 35.4067 35.0434 46.619 34.1964 41.1261 32.5973 42.7347 32.1981 32.0877 46.4346 31.9843 49.4892
threshold=1.0627041459083559 -0.0034455335699021812 0.9789799451828004 0.77592006325721752 0.69021427631378185 0.90351125597953807 -0.0021596831502392884 1.1639336943626406 1.0934844613075259 0.86604297161102306 0.4321162104606629 1.0143619179725649 0.37500000000000006 0.0063218427821993836 0.98342546820640575 -0.0030229139374569054 -0.004974561044946312 0.9184936285018922 0.92158943414688121 0.024318645708262924 0.45049019157886511 1.0062015652656557 1.0824831128120425 -0.0024409856414422389 0.82934311032295238 -0.0052878481801599255 1.0084103941917422 0.0065293333027511844 -0.010041657369583843 0.04635994695127011
decision_type=10 8 10 10 8 8 10 10 10 10 10 10 2 10 8 10 10 10 10 10 10 10 10 10 8 10 10 10 8 10
left_child=1 11 3 25 5 -3 7 10 -9 18 -7 19 13 -13 15 16 -14 -5 -4 -1 -21 -16 -23 24 -20 -2 27 -8 -6 -30
right_child=2 4 9 17 28 6 26 8 -10 -11 -12 12 14 -15 21 -17 -18 -19 23 20 -22 22 -24 -25 -26 -27 -28 -29 29 -31
leaf_value=-0.00055497730730749619 0.0061758789642334761 -0.0085854699102593419 0.0013029059450487294 0 0.015558717628212079 -0.0039402772957712121 0.0016254066790880827 0.011441364439966368 -8.794993771655231e-05 0.0052427037396096197 -0.00086260231111113703 -0.0012035603859833085 0.00039952147375408778 0.010690216172686113 -0.0020233840962898993 0.015371708926668044 0.013070840610178724 0.019806468010252754 -0.014101226904895157 -0.0021435439908915345 -0.0073292763078503676 0.0029210854932935669 -0.0040745229310330264 0.0073675729655660683 0 -0.0029531886992070905 -0.0001252610931226617 -0.0019336108562440228 0.0010345026824237756 -0.0090992211028222102
leaf_weight=6926 1181 570 1422 120 118 5166 21713 471 846 1283 14640 30423 1306 260 3225 326 278 464 460 6642 2166 4845 846 100 300 425 87025 3801 50951 412
leaf_count=6926 1181 570 1422 120 118 5166 21713 471 846 1283 14640 30423 1306 260 3225 326 278 464 460 6642 2166 4845 846 100 300 425 87025 3801 50951 412
internal_value=0 -8.01243e-05 0.00335261 0.00716475 0.000184002 -0.000122684 -8.30718e-05 -0.00131668 0.00392038 0.000900205 -0.00168365 -0.000942031 -0.00045478 -0.00108611 0.00130556 0.00535932 0.00294568 0.016111 -0.00143528 -0.00220623 -0.00346648 0.000393539 0.00181799 -0.00623045 -0.00854732 0.00356892 0.000145997 0.00108235 0.000989221 0.000943868
internal_weight=248711 242956 5755 2190 185713 134232 133662 21123 1317 3565 19806 57243 41509 30683 10826 1910 1584 584 2282 15734 8808 8916 5691 860 760 1606 112539 25514 51481 51363
internal_count=248711 242956 5755 2190 185713 134232 133662 21123 1317 3565 19806 57243 41509 30683 10826 1910 1584 584 2282 15734 8808 8916 5691 860 760 1606 112539 25514 51481 51363
is_linear=0
shrinkage=0.03


Tree=21
num_leaves=31
num_cat=0
split_feature=16 25 23 40 71 18 18 73 20 39 114 49 36 16 22 31 78 36 22 52 126 141 100 52 38 34 113 122 140 53
split_gain=75.8071 51.2491 42.6052 50.7047 94.3451 58.678 47.485 77.2207 58.8332 42.8162 76.2271 55.9254 41.4381 39.2001 46.1855 34.925 32.272 29.2346 35.3582 26.7252 29.3431 25.2694 24.8837 45.6739 31.8947 28.4388 23.2571 23.5743 22.6386 20.926
threshold=1.2324137687683108 0.012515284586697819 0.04635994695127011 -0.029515109956264492 0.58064493536949169 1.0388998389244082 1.024462938308716 0.5000000149011613 1.070905923843384 -0.013230501674115656 0.73239418864250194 0.81776785850524913 0.055814605206251151 1.1606603264808657 1.1406297683715823 0.010199176613241436 0.5000000149011613 0.68936297297477733 1.1306333541870119 0.92220741510391246 -0.2822581678628921 1.1140737533569338 0.56696429848670971 0.79443761706352245 0.0030722067458555107 0.60389631986618053 0.50877130031585704 0.60230088233947765 0.72886213660240184 1.0076209306716921
decision_type=10 10 10 8 10 10 10 10 10 10 10 8 10 8 10 10 10 10 10 10 10 10 2 10 10 10 8 10 10 10
left_child=1 26 3 4 13 12 9 8 -8 10 -5 -11 -6 16 -15 22 -3 -2 -19 20 -20 -7 23 -4 -25 -24 -1 -28 -21 -30
right_child=17 2 15 6 5 21 7 -9 -10 11 -12 -13 -14 14 -16 -17 -18 18 19 28 -22 -23 25 24 -26 -27 27 -29 29 -31
leaf_value=0.00024805228169093774 0.00032726924114900467 -0.0093607518656671496 -0.018577780415966676 0.00020849179321809404 0.017153065503925837 0.023240053160745348 -0.0035366818458221856 -0.010067482660009987 0.0037985487672441108 0.01070654641412614 0.0053130530180223474 -0.00042897347253232542 0.0030179362295479194 -0.0005745173240125146 0.0088618216148432447 -0.020411613618135451 -0.00034077658139741067 -0.0061109018176904173 0.020768714594142351 -0.0036179613198940438 0 0.0039848756690265084 0.009521980674476762 0.00071264073926711015 -0.0083911264553551586 -0.0044119662391021849 0.0015385691269871465 0.0074597221148069142 -0.0033530362775782124 0.0086121938845684313
leaf_weight=19129 961 353 188 15000 187 202 3108 1118 1388 385 3212 163320 5006 840 891 105 11928 128 269 147 102 159 239 782 533 220 17010 642 100 1084
leaf_count=19129 961 353 188 15000 187 202 3108 1118 1388 385 3212 163320 5006 840 891 105 11928 128 269 147 102 159 239 782 533 220 17010 642 100 1084
internal_value=1.5421e-05 -3.93547e-05 -0.000222149 -0.000177643 0.00127169 0.00457327 -0.000330578 -0.00304778 -0.00119893 -0.00024475 0.00113006 -0.000399648 0.00364835 -2.02483e-05 0.00415707 -0.00449308 -0.000639229 0.00491495 0.00713237 0.00836196 0.0158516 0.016201 -0.00329244 -0.00520875 -0.00282304 0.00231174 0.000991552 0.0017791 0.00584848 0.00731354
internal_weight=248736 245945 209164 207097 19566 5554 187531 5614 4496 181917 18212 163705 5193 14012 1731 2067 12281 2791 1830 1702 371 361 1962 1503 1315 459 36781 17652 1331 1184
internal_count=248736 245945 209164 207097 19566 5554 187531 5614 4496 181917 18212 163705 5193 14012 1731 2067 12281 2791 1830 1702 371 361 1962 1503 1315 459 36781 17652 1331 1184
is_linear=0
shrinkage=0.03


Tree=22
num_leaves=31
num_cat=0
split_feature=32 11 17 35 31 29 9 120 45 13 45 26 33 20 119 121 137 53 10 41 60 61 68 57 38 25 2 13 82 30
split_gain=57.2555 65.7315 51.9307 62.1561 46.0107 70.9174 46.1311 41.2305 55.6803 40.4154 53.4813 47.8743 46.8951 67.7157 53.6782 44.6312 39.5516 37.6789 41.2486 40.9043 37.3697 60.5407 55.3869 44.9442 37.9184 34.7483 43.4583 34.6625 37.6726 34.5919
threshold=-0.0050067340489476911 0.9794239103794099 1.073097884654999 0.64103376865386974 0.0026415628381073479 0.0014552916982211175 0.99518325924873363 0.25827811658382421 1.0268343687057497 0.98603835701942455 1.0666739344596865 0.067287020385265364 0.37435014545917517 0.97069495916366588 0.52688160538673412 0.59259268641471874 1.5303373336791994 0.99971303343772899 1.0092688202857973 0.039808694273233421 1.0083630681037905 0.98115941882133495 0.15529111772775653 1.1708310246467593 -0.011086724698543547 0.035922195762395866 -0.62962955236434925 1.0755162835121157 0.57499998807907116 -0.0051726622041314832
decision_type=10 8 10 10 10 10 10 10 10 10 10 10 10 8 10 10 10 8 10 10 10 10 10 10 10 10 10 8 2 10
left_child=1 16 7 20 6 -6 27 -2 -9 10 11 -10 14 -14 -11 -12 -1 18 -3 -19 21 25 24 -23 -22 -4 -27 28 -5 -24
right_child=2 17 3 4 5 -7 -8 8 9 12 15 -13 13 -15 -16 -17 -18 19 -20 -21 22 23 29 -25 -26 26 -28 -29 -30 -31
leaf_value=0.0088506825084204641 -0.0015293868050766013 0 -0.0032726512897293769 -0.0083875008142299274 0.019585068738809459 0.0009433909942487518 0.0010848717518561108 0.0010684338249860783 -0.00074307192433581914 -0.002234397886612205 -0.005992467504353274 0.0085916439307940733 0.0080199383072748313 0.00060367002176749129 0.00021770372500240948 0.00020139986151331289 -0.00018003713560687409 0.00036996853595855784 -0.015831655492828348 0.0080876085074228447 -0.0070986539831169653 -0.00019847929983058717 0.0032571849744230997 0.0052809862228317727 -0.00041259696327485397 0.013518288298445038 -0.00050220062699639985 0.0086648228460466121 -0.0013893068606131824 -0.0065700826985604123
leaf_weight=1821 11044 399 10023 805 264 635 15769 62135 12050 12388 3329 493 1122 50350 22268 1388 487 3941 221 737 873 15617 298 1448 6220 195 2356 240 5791 3765
leaf_count=1821 11044 399 10023 805 264 635 15769 62135 12050 12388 3329 493 1122 50350 22268 1388 487 3941 221 737 873 15617 298 1448 6220 195 2356 240 5791 3765
internal_value=5.38567e-05 0.0026135 -2.5936e-05 -0.000756881 0.00046204 0.00705123 0.000180727 0.000238603 0.000358549 -6.5306e-05 -0.00139158 -0.0003392 0.000197258 0.00077421 -0.000650947 -0.00411341 0.00683111 0.000700968 -0.00603127 0.00167896 -0.00146639 -0.000893664 -0.00295684 0.000254543 -0.00129533 -0.00247372 0.000549671 -0.00185824 -0.00231151 -0.0057634
internal_weight=248472 7606 240866 64299 23504 899 22605 176567 165523 103388 17260 12543 86128 51472 34656 4717 2308 5298 620 4678 40795 29639 11156 17065 7093 12574 2551 6836 6596 4063
internal_count=248472 7606 240866 64299 23504 899 22605 176567 165523 103388 17260 12543 86128 51472 34656 4717 2308 5298 620 4678 40795 29639 11156 17065 7093 12574 2551 6836 6596 4063
is_linear=0
shrinkage=0.03


Tree=23
num_leaves=31
num_cat=0
split_feature=61 47 11 52 120 33 29 50 119 84 39 34 41 84 29 23 132 49 3 72 122 35 55 120 11 1 15 7 120 124
split_gain=58.9392 57.8692 65.0225 49.4544 69.3876 47.5132 44.697 55.2982 54.5736 41.5178 42.1183 39.1664 38.6406 43.9527 43.2685 80.7537 36.678 45.488 67.2641 47.0914 35.7114 46.1534 35.0048 40.7079 60.1974 37.8321 34.6884 33.5379 33.7446 32.126
threshold=1.0586050748825075 1.0940036177635195 0.96230062842369091 0.9795128107070924 0.70754703879356395 0.92158943414688121 0.011058792006224396 0.89799901843070995 0.20747088640928271 0.84999999403953563 0.010475099552422764 0.87331399321556102 0.048791646957397468 0.45000000298023229 0.01242561871185899 0.030032859183847908 1.3810418844223025 0.81776785850524913 0.0067934305407106885 0.45599995553493505 0.33721183240413671 0.6448906958103181 0.96988067030906688 0.35456040501594549 0.98588320612907421 0.038137570023536689 0.94556608796119701 -0.031563868746161454 0.21111119538545611 -0.41463385522365565
decision_type=10 8 10 10 10 10 10 10 10 2 10 10 10 2 10 10 10 8 10 10 10 10 8 8 8 10 8 10 10 10
left_child=1 2 6 4 -2 29 7 20 -8 12 27 -7 14 -14 26 -16 17 18 -3 -20 -1 -22 25 24 -24 -19 -4 -11 -29 -5
right_child=3 16 9 5 -6 11 8 -9 -10 10 -12 -13 13 -15 15 -17 -18 22 19 -21 21 -23 23 -25 -26 -27 -28 28 -30 -31
leaf_value=0.0088645853616357417 0.001498679132817235 0.019227988391592187 -0.00072189018848978529 0.0017157482267731185 0.01185700283095578 -0.0069034786867926438 -0.0042612790687502743 -0.0069069326095828306 -0.023381771436252162 -0.010147006336204094 0.0062026652835498871 0.0037029720719157526 0.005914354056062607 -0.0058032460296063328 0.0098380895875255 -0.0073023399137394519 0.00025105080615127643 -0.010007425809970539 0.0089958015011745631 -0.016908014822634869 0.0046124824036829458 -0.0064805542366606567 0.0092335155516078231 -0.0010735472176983056 -0.0011886937680730058 0.00066188297636227405 0.00053739196549607666 -0.0032389744153557744 0.0024161302556715749 0.012333732000172914
leaf_weight=425 1436 226 24607 2495 1067 1009 541 1138 196 199 1994 395 305 1699 1012 289 30169 774 102 100 633 660 845 71120 1070 396 95587 1046 6738 287
leaf_count=425 1436 226 24607 2495 1067 1009 541 1138 196 199 1994 395 305 1699 1012 289 30169 774 102 100 633 660 845 71120 1070 396 95587 1046 6738 287
internal_value=-1.39559e-05 -9.20845e-05 0.000312202 0.00275827 0.00609221 0.000673946 -0.00365053 -0.0017901 -0.0102259 0.000421651 0.00228523 -0.0036987 0.000268326 -0.00383084 0.000339028 0.00575056 -0.000623665 -0.000981244 0.00847904 -0.00284448 0.00146715 -0.000833835 -0.00104212 -0.000953813 0.00330301 -0.00619374 0.00027701 0.00125619 0.00161141 0.00299842
internal_weight=248560 241871 137069 6689 2503 4186 3593 2856 737 133476 9977 1404 123499 2004 121495 1301 104802 74633 428 202 1718 1293 74205 73035 1915 1170 120194 7983 7784 2782
internal_count=248560 241871 137069 6689 2503 4186 3593 2856 737 133476 9977 1404 123499 2004 121495 1301 104802 74633 428 202 1718 1293 74205 73035 1915 1170 120194 7983 7784 2782
is_linear=0
shrinkage=0.03


Tree=24
num_leaves=31
num_cat=0
split_feature=16 3 49 77 40 46 59 41 13 122 20 21 59 113 26 114 37 2 39 10 17 35 133 119 70 21 97 119 136 43
split_gain=60.9583 55.4882 54.7426 92.0801 42.2169 43.3899 37.5524 37.0405 54.4291 59.0927 54.3362 82.2905 39.0956 38.0089 36.9665 44.7245 40.6025 52.3792 48.9105 37.3318 34.2118 35.3673 31.3459 31.0161 30.4491 30.315 30.1612 27.3244 44.5128 27.1965
threshold=1.2324137687683108 0.0076755671761929998 0.81776785850524913 0.27500000596046453 -0.027646611444652077 1.1124467253685 1.0369363427162173 -0.0076653468422591678 0.98837211728096019 0.36818189918994909 0.9574609398841859 0.96988171339035045 0.87545928359031688 0.88235285878181469 0.022004541009664539 0.1538447514176369 0.73870381712913524 0.8666682541370393 0.020086828619241718 1.0363496541976931 0.98852214217185985 0.62958052754402172 0.17407584935426715 0.72727277874946605 0.87360060214996349 1.0162901282310488 0.26065742969512945 0.73033735156059276 0.5909228026866914 1.0136001706123354
decision_type=10 8 10 2 8 10 10 8 8 10 10 10 8 10 10 10 10 10 10 10 10 8 10 10 10 10 10 10 10 10
left_child=1 2 3 -1 5 22 27 8 9 -6 -10 -12 13 -9 19 -16 18 -18 -17 29 21 -14 25 26 -22 -3 -8 28 -7 -4
right_child=-2 4 14 -5 7 6 23 12 10 -11 11 -13 20 -15 15 16 17 -19 -20 -21 24 -23 -24 -25 -26 -27 -28 -29 -30 -31
leaf_value=0.021681962067021044 0.0043605363706107061 0.0093225011022499207 0.0012648936485305153 -0.0034106170448437662 0.0018096780789776793 -0.011419456437287128 0.015351119335177108 0 0.012906942326906727 -0.011707956200408426 -0.01033951843748044 -0.0013897989300888901 0.0018891227136981835 -0.019149521972956548 0.0025731515398580889 -0.00040919656022339227 0.00024792360739705192 0.0047992664117325317 -0.0029020288515248477 -0.01007730157100774 -0.001036387242031834 -0.0011368077850393401 0.0011432251417555126 -0.00046628347726210793 -0.0052998191922582639 0 -0.0012393665411395997 -0.00016683457252519569 0.0026712412119519373 0.00012582110301017897
leaf_weight=259 2822 1056 38423 207 342 715 246 143 193 1064 1014 10607 7616 183 5007 76184 25521 2502 7867 267 14922 6251 2822 741 1721 376 103 929 226 38318
leaf_count=259 2822 1056 38423 207 342 715 246 143 193 1064 1014 10607 7616 183 5007 76184 25521 2502 7867 267 14922 6251 2822 741 1721 376 103 929 226 38318
internal_value=-6.5619e-06 -5.82659e-05 0.000171828 0.0102367 -0.000936981 0.00116632 -0.00154979 -0.00128857 -0.00262444 -0.00823024 -0.00191915 -0.00221291 -0.0007048 -0.0107833 0.000145065 -0.000188722 -0.000315224 0.000668116 -0.000646724 0.000656357 -0.00058029 0.000503811 0.00312483 0.00268118 -0.00150109 0.00675377 0.00983999 -0.00417698 -0.00773796 0.000700226
internal_weight=248647 245825 194555 466 51270 7214 2960 44056 13220 1406 11814 11621 30836 326 194089 117081 112074 28023 84051 77008 30510 13867 4254 1090 16643 1432 349 1870 941 76741
internal_count=248647 245825 194555 466 51270 7214 2960 44056 13220 1406 11814 11621 30836 326 194089 117081 112074 28023 84051 77008 30510 13867 4254 1090 16643 1432 349 1870 941 76741
is_linear=0
shrinkage=0.03


Tree=25
num_leaves=31
num_cat=0
split_feature=16 37 45 59 30 118 27 81 35 9 38 86 75 81 45 52 38 27 45 1 12 39 60 34 86 83 10 91 55 1
split_gain=55.2048 37.8293 54.3702 57.0084 53.9542 74.7426 64.5263 48.8368 47.7512 54.1784 52.7968 39.8748 50.9505 44.9943 63.8479 49.2754 45.7327 44.1169 43.7266 51.7822 43.0747 54.8432 47.6398 40.5802 39.813 42.8274 39.6029 38.9924 38.3132 38.2722
threshold=1.2143567204475405 0.65303525328636181 1.0268343687057497 0.92726746201515209 0.0070071686059236535 0.16326536983251574 0.042343966662883765 0.15000000596046451 0.80806401371955883 0.99888893961906444 -0.022392359562218186 0.81666666269302379 0.82500001788139354 0.050000002607703216 1.0632064938545229 0.62429830431938182 -0.012938723899424074 0.064085002988576903 1.1177077889442446 0.050475385040044791 1.0029327273368838 0.017809960991144184 1.01069712638855 0.68733999133110057 -0.88333332538604725 -0.3000000044703483 1.0032056570053103 0.54635614156723034 1.0886569619178774 0.02250002603977919
decision_type=10 8 8 10 10 10 10 2 10 10 8 2 2 2 10 10 10 10 10 10 8 10 10 10 2 10 10 10 10 10
left_child=1 2 3 4 5 7 -7 -1 10 -10 -4 12 18 14 15 -13 -15 -18 20 23 22 -22 -3 -20 29 -26 -14 -19 -21 -12
right_child=-2 11 8 -5 -6 6 -8 -9 9 -11 24 13 26 16 -16 -17 17 27 19 28 21 -23 -24 -25 25 -27 -28 -29 -30 -31
leaf_value=0.003728158152795208 0.0036079850939326951 0.00078022600440436855 -0.0091629013590723736 0.00068235831923594648 -0.0088433469692622748 0.018762935130576881 0 -0.0065641222788219919 -0.0013531392066632659 0.0024763679161285174 -0.0014099393642507494 -0.013847383241366239 0.0014142550978831715 -0.0051621249186085353 0.0098782209378870597 7.0589453809446047e-05 0.0032594430132920891 0.0063831704185056551 -0.0044955536719210112 -0.0050773933703353097 0.0027306019998725815 -0.0071304716632908417 -0.0025137924717432351 0.00020460205061921795 -0.00011478171210825782 -0.0014450871057467927 -0.0027100401610089015 0.019611190037027774 0.0076585613852311685 -0.0066801512697232
leaf_weight=527 3745 33785 686 53990 1059 266 325 1423 5420 8287 3780 221 2718 290 566 3822 1705 718 3861 239 13450 493 4427 2673 48955 40016 7990 365 825 1999
leaf_count=527 3745 33785 686 53990 1059 266 325 1423 5420 8287 3780 221 2718 290 566 3822 1705 718 3861 239 13450 493 4427 2673 48955 40016 7990 365 825 1999
internal_value=1.75436e-06 -5.24614e-05 -0.000308833 0.00043364 -0.00319673 -0.000675591 0.00835113 -0.00362067 -0.00070336 0.00094049 -0.000942748 0.000490622 0.000261701 0.00254392 0.000588167 -0.000680781 0.00535293 0.00658249 0.000606966 -0.00150168 0.000920364 0.00235073 0.00038964 -0.00253223 -0.000878146 -0.000716667 -0.00163453 0.0113881 0.00448011 -0.00330143
internal_weight=248626 244881 166733 57590 3600 2541 591 1950 109143 13707 95436 78148 70461 7687 4609 4043 3078 2788 59753 7598 52155 13943 38212 6534 94750 88971 10708 1083 1064 5779
internal_count=248626 244881 166733 57590 3600 2541 591 1950 109143 13707 95436 78148 70461 7687 4609 4043 3078 2788 59753 7598 52155 13943 38212 6534 94750 88971 10708 1083 1064 5779
is_linear=0
shrinkage=0.03


Tree=26
num_leaves=31
num_cat=0
split_feature=61 13 29 40 51 18 57 46 54 26 69 24 36 35 16 118 69 34 73 41 51 87 5 62 12 38 13 50 113 39
split_gain=54.2187 86.6381 61.1674 49.8166 61.3898 58.8537 55.1526 48.462 45.0184 44.1183 43.2539 43.3284 40.4464 40.1846 51.0841 43.761 39.7365 36.2549 35.9273 53.758 35.7476 32.8771 35.2619 34.6797 30.0523 29.5595 34.9524 30.1208 28.1991 27.9331
threshold=1.0586050748825075 1.1131682991981509 -0.0034455335699021812 -0.028262267820537087 0.9030837118625642 1.024462938308716 1.1639336943626406 1.0084368586540224 0.99254241585731517 0.045945642516016967 0.22368368506431582 0.04275054298341275 0.80522325634956371 0.76288050413131725 1.0942029356956484 0.7500000298023225 0.19354839622974399 0.92341884970664989 0.5000000149011613 -0.0044582083355635396 0.97360625863075267 0.67500001192092907 0.012987031601369383 0.92406287789344799 0.99549442529678356 -0.0068144416436552993 1.0303030610084536 0.93047124147415172 0.12643671035766604 -0.035090520977973931
decision_type=10 10 8 8 10 10 10 8 10 10 10 10 10 10 10 8 10 10 10 10 10 2 10 10 10 10 8 10 10 10
left_child=1 2 10 4 16 6 7 -5 -8 -3 13 21 17 14 24 -16 -4 28 19 -7 -14 23 -23 -12 -1 27 -27 -6 29 -2
right_child=12 9 3 5 25 18 8 -9 -10 -11 11 -13 20 -15 15 -17 -18 -19 -20 -21 -22 22 -24 -25 -26 26 -28 -29 -30 -31
leaf_value=0.0032917511770618178 0.0032924298489334309 0.00091359151022819178 0.0098946860870755011 0.0013903105668685092 -0.011825266869457457 -0.0047032076499342124 -0.0025876104895905332 -0.00013504934270504895 0.0042849651990170233 -0.0174108962407288 -0.0073648731965648105 0.0024498035269607597 0.014533832638608536 0.0015644597771121125 -0.0075563869753721745 -0.001516076301027906 0.0030822772376352262 0.0075293634259377138 -0.0099912592732378982 0.0076818639759906821 0.0038147367691774908 -0.00042216323022940008 0.009993253983396188 -0.0023339577178330029 -0.00053333504537037761 0.008131098780908029 -0.00021453203686649442 -0.0011858638419883607 0.0029716685210574739 -0.0038220840293004348
leaf_weight=2037 615 124 1057 21445 283 1398 975 147013 4733 371 1389 1773 401 8268 1631 3684 3789 678 743 374 1334 1587 327 17389 17726 596 1451 1648 1811 1862
leaf_count=2037 615 124 1057 21445 283 1398 975 147013 4733 371 1389 1773 401 8268 1631 3684 3789 678 743 374 1334 1587 327 17389 17726 596 1451 1648 1811 1862
internal_value=-1.12754e-05 -8.63427e-05 -5.88567e-05 0.000201813 0.00240039 9.00518e-05 0.000157751 5.7493e-05 0.00305373 -0.0123808 -0.000930407 -0.00194918 0.00264515 -0.00023432 -0.00084009 -0.00344726 0.0046644 0.00118214 -0.00444411 -0.00186523 0.00660051 -0.00234259 0.0012871 -0.00272949 -0.000120984 -0.00029212 0.00212539 -0.00300414 7.86109e-05 -0.0019233
internal_weight=248512 241811 241316 185505 8824 176681 174166 168458 5708 495 55811 22465 6701 33346 25078 5315 4846 4966 2515 1772 1735 20692 1914 18778 19763 3978 2047 1931 4288 2477
internal_count=248512 241811 241316 185505 8824 176681 174166 168458 5708 495 55811 22465 6701 33346 25078 5315 4846 4966 2515 1772 1735 20692 1914 18778 19763 3978 2047 1931 4288 2477
is_linear=0
shrinkage=0.03


Tree=27
num_leaves=31
num_cat=0
split_feature=32 86 26 38 26 25 56 122 35 23 78 71 115 86 3 49 81 23 16 3 116 24 5 111 18 16 76 73 56 140
split_gain=67.6075 65.4654 51.4955 43.5261 45.938 50.8951 55.9962 51.8926 63.6242 40.4217 38.3851 51.7598 76.7578 49.2638 51.8774 66.3332 47.4684 45.2723 38.1313 37.8142 56.3073 48.3912 82.994 47.3086 37.6978 39.7733 37.7565 37.3622 47.8972 39.0314
threshold=-0.0050067340489476911 -0.58333334326744068 0.020668532699346546 -0.0015170679544098673 0.069855619221925749 0.038587287068367011 1.035476863384247 0.33721183240413671 0.31635421514511114 0.031537493690848357 0.30000000447034841 0.87399932742118847 0.73441851139068615 0.91666665673255932 0.007042262703180314 0.81776785850524913 0.050000002607703216 0.016155962832272056 0.74566674232482921 0.01807906944304705 0.53809520602226268 0.027724603191018108 0.0070422615390270957 0.097619049251079573 1.0075970292091372 0.94528955221176159 0.35000000894069677 0.90000000596046459 1.0908178091049197 0.78484579920768749
decision_type=8 2 10 10 10 10 10 10 10 10 10 10 10 2 10 10 2 10 8 10 10 10 10 2 10 8 2 10 10 10
left_child=1 27 -2 4 19 6 -6 9 -9 -7 13 24 16 14 15 -5 -13 -15 -14 21 -21 -4 -23 -22 25 -12 -26 28 -1 -30
right_child=2 -3 3 10 5 7 -8 8 -10 -11 11 12 18 17 -16 -17 -18 -19 -20 20 23 22 -24 -25 26 -27 -28 -29 29 -31
leaf_value=0.017833732211400513 0.0006010377015298943 0.00026872295490693851 0.00030536735317238865 0.016825645786834525 -0.019103125790668439 0.0019704051834417177 0.0028960260163652355 -0.0045551714261689467 0.0079061858746201554 -0.012738439309712284 -0.0033093201768459829 -0.0013488312122569312 -0.018329720646952805 -0.0021353977240661476 -0.0051493426654411461 -0.0016819548609126168 0.0052247759345095566 0.0073621539431771941 -0.0016177195442123005 -0.00083977485191188885 0.017664396387672216 -0.0036889225205370456 0.0011357595813955769 0.0035914496419317868 -0.00094846000697998455 -0.00082557764950296354 0.0014544922507932722 0.00015482356019471007 -0.0034698689476252323 0.0076864383255301309
leaf_weight=394 75721 3864 52131 154 163 453 188 384 2584 224 7079 1182 118 783 4618 14075 4350 925 2037 1010 353 7858 5275 721 11666 35920 11731 784 289 1601
leaf_count=394 75721 3864 52131 154 163 453 188 384 2584 224 7079 1182 118 783 4618 14075 4350 925 2037 1010 353 7858 5275 721 11666 35920 11731 784 289 1601
internal_value=3.69217e-05 0.00295439 -4.5747e-05 -0.000342654 0.000213561 0.00333111 -0.00699056 0.00443963 0.00617383 -0.00269179 -0.00076509 -0.000441308 0.00187542 -0.0019159 -0.00236721 -0.00143726 0.00376639 0.00286025 -0.00283087 2.31986e-05 0.00398532 -9.99061e-05 -0.00172945 0.00872951 -0.000714528 -0.0012428 0.000243756 0.00621605 0.008147 0.00580499
internal_weight=248635 6932 241703 165982 71344 3996 351 3645 2968 677 94638 74083 7687 20555 18847 14229 5532 1708 2155 67348 2084 65264 13133 1074 66396 42999 23397 3068 2284 1890
internal_count=248635 6932 241703 165982 71344 3996 351 3645 2968 677 94638 74083 7687 20555 18847 14229 5532 1708 2155 67348 2084 65264 13133 1074 66396 42999 23397 3068 2284 1890
is_linear=0
shrinkage=0.03


Tree=28
num_leaves=31
num_cat=0
split_feature=32 86 17 33 51 19 15 8 29 29 37 45 22 53 78 13 38 38 24 48 86 24 41 51 15 32 29 79 37 5
split_gain=43.5264 50.8653 46.0729 42.2223 41.7903 76.7726 40.4445 67.9016 47.6368 39.5864 39.0233 50.5777 43.6329 45.9661 44.5983 41.75 108.889 42.9683 54.9708 45.9922 40.3877 48.953 39.7044 38.3612 73.8186 43.883 59.2231 38.8908 36.1283 46.3739
threshold=-0.0050067340489476911 -0.58333334326744068 1.073097884654999 0.96599134802818309 0.83333334326744091 0.96928197145462047 0.87399625778198253 -0.20000449568033216 0.0014058519154787066 -0.015580554492771624 0.71133205294609081 1.0268343687057497 0.92705059051513683 0.99158942699432384 0.30000000447034841 0.96665760874748241 -0.018358826637268063 0.0014814803726039829 0.038487497717142112 0.91692271828651439 0.84999999403953563 0.017817637883126739 0.031682735309004791 0.96211543679237377 1.1501371264457705 0.0014878898509778085 -0.0016736685647629199 0.75000000000000011 0.45077377557754522 0.0013850667164660992
decision_type=8 2 10 10 10 10 8 10 10 10 10 8 10 10 10 8 10 10 10 10 2 10 10 10 10 8 8 2 10 10
left_child=1 3 10 4 -1 -6 7 -4 -9 -8 11 12 14 -14 22 16 -12 19 -19 -18 -17 -22 -2 25 -25 27 -27 -13 -11 -30
right_child=2 -3 6 -5 5 -7 9 8 -10 28 15 23 13 -15 -16 20 17 18 -20 -21 21 -23 -24 24 -26 26 -28 -29 29 -31
leaf_value=0.016703165407670428 -0.00090820214539062715 0 -0.0093202111460026597 -0.010961623885597174 -0.0091680150192540374 0.0063569287839696318 0.0046470910638526158 0.027173872364347786 0.0042766227517399549 -0.0022363001635519052 -0.021426554355103374 -0.0013020659312427425 0.0031399286241109393 0.00054709281433452527 0.0014598429210459455 0.0011805336617021123 0.0082593840466760951 -0.001193224218206237 -0.013706843919305921 0 0.0012908616180952639 0.0093239791651713172 -0.0068812141495350121 -0.00012808943196341481 0.0078717042000261625 -0.0052705214221456442 -0.0008321840582112876 0.0010671345794135922 0.0012139135979569956 -0.0010588511738621165
leaf_weight=293 2559 3813 134 110 293 2395 1107 134 284 15710 209 20392 7270 43238 2553 21944 764 2081 371 2554 1650 1295 1796 47259 1041 4930 6417 8833 10209 37024
leaf_count=293 2559 3813 134 110 293 2395 1107 134 284 15710 209 20392 7270 43238 2553 21944 764 2081 371 2554 1650 1295 1796 47259 1041 4930 6417 8833 10209 37024
internal_value=-5.15161e-05 0.00229159 -0.000119854 0.00513837 0.00590153 0.00449867 -0.000806183 0.00707965 0.0132075 -0.000881016 0.000128793 -7.38612e-05 0.000617624 0.000927332 -0.00159965 0.00109834 -0.00112027 -0.000261451 -0.00330354 0.0019031 0.00164382 0.0049635 -0.00346024 -0.00052401 4.13067e-05 -0.00120409 -0.00279281 -0.000575498 -0.000984451 -0.000560958
internal_weight=248662 6904 241758 3091 2981 2688 64602 552 418 64050 177156 146288 57416 50508 6908 30868 5979 5770 2452 3318 24889 2945 4355 88872 48300 40572 11347 29225 62943 47233
internal_count=248662 6904 241758 3091 2981 2688 64602 552 418 64050 177156 146288 57416 50508 6908 30868 5979 5770 2452 3318 24889 2945 4355 88872 48300 40572 11347 29225 62943 47233
is_linear=0
shrinkage=0.03


end of trees

feature_importances:
ROC30=29
IMXD30=26
STD30=24
BETA10=24
RSQR5=24
RESI5=23
KLEN=21
RSQR20=20
ROC5=16
RSQR30=16
RESI30=16
RESI60=16
HIGH0=14
STD10=13
RESI20=13
MA60=12
STD20=12
BETA20=12
RSQR60=12
RESI10=12
KUP=11
MA20=11
STD5=11
STD60=11
MAX20=11
QTLU5=11
IMXD60=11
LOW0=10
ROC20=10
RSQR10=10
MIN20=10
QTLU30=10
QTLU60=10
IMIN60=10
MIN30=9
MIN60=9
QTLD30=9
KMID2=8
ROC10=8
ROC60=8
BETA60=8
MAX5=8
MAX10=8
MAX30=8
IMAX5=8
SUMP5=8
SUMP20=8
MA5=7
BETA30=7
MIN10=7
IMIN5=7
KLOW=6
QTLD5=6
QTLD10=6
QTLD20=6
RSV30=6
IMIN30=6
IMXD10=6
SUMN10=6
SUMN30=6
OPEN0=5
QTLU10=5
IMAX30=5
SUMN60=5
WVMA5=5
WVMA20=5
KMID=4
KLOW2=4
KSFT=4
KSFT2=4
VWAP0=4
MA30=4
QTLU20=4
RSV10=4
RSV60=4
IMIN10=4
IMXD5=4
SUMP10=4
SUMN5=4
SUMN20=4
SUMD10=4
SUMD20=4
SUMD30=4
KUP2=3
MA10=3
BETA5=3
MAX60=3
MIN5=3
QTLD60=3
RSV20=3
IMAX20=3
CNTP20=3
CNTP30=3
CNTP60=3
VSTD30=3
VSTD60=3
IMAX10=2
IMAX60=2
IMIN20=2
IMXD20=2
CORD60=2
CNTD20=2
CNTD60=2
SUMP60=2
SUMD5=2
SUMD60=2
VMA60=2
RANK10=1
RANK60=1
RSV5=1
CORR30=1
CORD30=1
CNTN20=1
CNTN60=1
CNTD5=1
CNTD10=1
CNTD30=1
SUMP30=1
VMA30=1
VSTD5=1
VSTD10=1
WVMA10=1
WVMA30=1
WVMA60=1
VSUMP10=1
VSUMP20=1
VSUMP30=1

parameters:
[boosting: gbdt]
[objective: regression]
[metric: l2]
[tree_learner: serial]
[device_type: cpu]
[data_sample_strategy: bagging]
[data: ]
[valid: ]
[num_iterations: 500]
[learning_rate: 0.03]
[num_leaves: 31]
[num_threads: 12]
[seed: 20260813]
[deterministic: 1]
[force_col_wise: 1]
[force_row_wise: 0]
[histogram_pool_size: -1]
[max_depth: 7]
[min_data_in_leaf: 100]
[min_sum_hessian_in_leaf: 0.001]
[bagging_fraction: 0.8]
[pos_bagging_fraction: 1]
[neg_bagging_fraction: 1]
[bagging_freq: 1]
[bagging_seed: 20260813]
[bagging_by_query: 0]
[feature_fraction: 0.8]
[feature_fraction_bynode: 1]
[feature_fraction_seed: 20260813]
[extra_trees: 0]
[extra_seed: 13549]
[early_stopping_round: 0]
[early_stopping_min_delta: 0]
[first_metric_only: 0]
[max_delta_step: 0]
[lambda_l1: 10]
[lambda_l2: 20]
[linear_lambda: 0]
[min_gain_to_split: 0]
[drop_rate: 0.1]
[max_drop: 50]
[skip_drop: 0.5]
[xgboost_dart_mode: 0]
[uniform_drop: 0]
[drop_seed: 11866]
[top_rate: 0.2]
[other_rate: 0.1]
[min_data_per_group: 100]
[max_cat_threshold: 32]
[cat_l2: 10]
[cat_smooth: 10]
[max_cat_to_onehot: 4]
[top_k: 20]
[monotone_constraints: ]
[monotone_constraints_method: basic]
[monotone_penalty: 0]
[feature_contri: ]
[forcedsplits_filename: ]
[refit_decay_rate: 0.9]
[cegb_tradeoff: 1]
[cegb_penalty_split: 0]
[cegb_penalty_feature_lazy: ]
[cegb_penalty_feature_coupled: ]
[path_smooth: 0]
[interaction_constraints: ]
[verbosity: -1]
[saved_feature_importance_type: 0]
[use_quantized_grad: 0]
[num_grad_quant_bins: 4]
[quant_train_renew_leaf: 0]
[stochastic_rounding: 1]
[linear_tree: 0]
[max_bin: 255]
[max_bin_by_feature: ]
[min_data_in_bin: 3]
[bin_construct_sample_cnt: 200000]
[data_random_seed: 20260812]
[is_enable_sparse: 1]
[enable_bundle: 1]
[use_missing: 1]
[zero_as_missing: 0]
[feature_pre_filter: 1]
[pre_partition: 0]
[two_round: 0]
[header: 0]
[label_column: ]
[weight_column: ]
[group_column: ]
[ignore_column: ]
[categorical_feature: ]
[forcedbins_filename: ]
[precise_float_parser: 0]
[parser_config_file: ]
[objective_seed: 16743]
[num_class: 1]
[is_unbalance: 0]
[scale_pos_weight: 1]
[sigmoid: 1]
[boost_from_average: 1]
[reg_sqrt: 0]
[alpha: 0.9]
[fair_c: 1]
[poisson_max_delta_step: 0.7]
[tweedie_variance_power: 1.5]
[lambdarank_truncation_level: 30]
[lambdarank_norm: 1]
[label_gain: ]
[lambdarank_position_bias_regularization: 0]
[eval_at: ]
[multi_error_top_k: 1]
[auc_mu_weights: ]
[num_machines: 1]
[local_listen_port: 12400]
[time_out: 120]
[machine_list_filename: ]
[machines: ]
[gpu_platform_id: -1]
[gpu_device_id: -1]
[gpu_device_id_list: ]
[gpu_use_dp: 0]
[num_gpu: 1]

end of parameters

pandas_categorical:null
