tree
version=v4
num_class=1
num_tree_per_iteration=1
label_index=0
max_feature_idx=359
objective=regression
feature_names=CLOSE59 CLOSE58 CLOSE57 CLOSE56 CLOSE55 CLOSE54 CLOSE53 CLOSE52 CLOSE51 CLOSE50 CLOSE49 CLOSE48 CLOSE47 CLOSE46 CLOSE45 CLOSE44 CLOSE43 CLOSE42 CLOSE41 CLOSE40 CLOSE39 CLOSE38 CLOSE37 CLOSE36 CLOSE35 CLOSE34 CLOSE33 CLOSE32 CLOSE31 CLOSE30 CLOSE29 CLOSE28 CLOSE27 CLOSE26 CLOSE25 CLOSE24 CLOSE23 CLOSE22 CLOSE21 CLOSE20 CLOSE19 CLOSE18 CLOSE17 CLOSE16 CLOSE15 CLOSE14 CLOSE13 CLOSE12 CLOSE11 CLOSE10 CLOSE9 CLOSE8 CLOSE7 CLOSE6 CLOSE5 CLOSE4 CLOSE3 CLOSE2 CLOSE1 CLOSE0 OPEN59 OPEN58 OPEN57 OPEN56 OPEN55 OPEN54 OPEN53 OPEN52 OPEN51 OPEN50 OPEN49 OPEN48 OPEN47 OPEN46 OPEN45 OPEN44 OPEN43 OPEN42 OPEN41 OPEN40 OPEN39 OPEN38 OPEN37 OPEN36 OPEN35 OPEN34 OPEN33 OPEN32 OPEN31 OPEN30 OPEN29 OPEN28 OPEN27 OPEN26 OPEN25 OPEN24 OPEN23 OPEN22 OPEN21 OPEN20 OPEN19 OPEN18 OPEN17 OPEN16 OPEN15 OPEN14 OPEN13 OPEN12 OPEN11 OPEN10 OPEN9 OPEN8 OPEN7 OPEN6 OPEN5 OPEN4 OPEN3 OPEN2 OPEN1 OPEN0 HIGH59 HIGH58 HIGH57 HIGH56 HIGH55 HIGH54 HIGH53 HIGH52 HIGH51 HIGH50 HIGH49 HIGH48 HIGH47 HIGH46 HIGH45 HIGH44 HIGH43 HIGH42 HIGH41 HIGH40 HIGH39 HIGH38 HIGH37 HIGH36 HIGH35 HIGH34 HIGH33 HIGH32 HIGH31 HIGH30 HIGH29 HIGH28 HIGH27 HIGH26 HIGH25 HIGH24 HIGH23 HIGH22 HIGH21 HIGH20 HIGH19 HIGH18 HIGH17 HIGH16 HIGH15 HIGH14 HIGH13 HIGH12 HIGH11 HIGH10 HIGH9 HIGH8 HIGH7 HIGH6 HIGH5 HIGH4 HIGH3 HIGH2 HIGH1 HIGH0 LOW59 LOW58 LOW57 LOW56 LOW55 LOW54 LOW53 LOW52 LOW51 LOW50 LOW49 LOW48 LOW47 LOW46 LOW45 LOW44 LOW43 LOW42 LOW41 LOW40 LOW39 LOW38 LOW37 LOW36 LOW35 LOW34 LOW33 LOW32 LOW31 LOW30 LOW29 LOW28 LOW27 LOW26 LOW25 LOW24 LOW23 LOW22 LOW21 LOW20 LOW19 LOW18 LOW17 LOW16 LOW15 LOW14 LOW13 LOW12 LOW11 LOW10 LOW9 LOW8 LOW7 LOW6 LOW5 LOW4 LOW3 LOW2 LOW1 LOW0 VWAP59 VWAP58 VWAP57 VWAP56 VWAP55 VWAP54 VWAP53 VWAP52 VWAP51 VWAP50 VWAP49 VWAP48 VWAP47 VWAP46 VWAP45 VWAP44 VWAP43 VWAP42 VWAP41 VWAP40 VWAP39 VWAP38 VWAP37 VWAP36 VWAP35 VWAP34 VWAP33 VWAP32 VWAP31 VWAP30 VWAP29 VWAP28 VWAP27 VWAP26 VWAP25 VWAP24 VWAP23 VWAP22 VWAP21 VWAP20 VWAP19 VWAP18 VWAP17 VWAP16 VWAP15 VWAP14 VWAP13 VWAP12 VWAP11 VWAP10 VWAP9 VWAP8 VWAP7 VWAP6 VWAP5 VWAP4 VWAP3 VWAP2 VWAP1 VWAP0 VOLUME59 VOLUME58 VOLUME57 VOLUME56 VOLUME55 VOLUME54 VOLUME53 VOLUME52 VOLUME51 VOLUME50 VOLUME49 VOLUME48 VOLUME47 VOLUME46 VOLUME45 VOLUME44 VOLUME43 VOLUME42 VOLUME41 VOLUME40 VOLUME39 VOLUME38 VOLUME37 VOLUME36 VOLUME35 VOLUME34 VOLUME33 VOLUME32 VOLUME31 VOLUME30 VOLUME29 VOLUME28 VOLUME27 VOLUME26 VOLUME25 VOLUME24 VOLUME23 VOLUME22 VOLUME21 VOLUME20 VOLUME19 VOLUME18 VOLUME17 VOLUME16 VOLUME15 VOLUME14 VOLUME13 VOLUME12 VOLUME11 VOLUME10 VOLUME9 VOLUME8 VOLUME7 VOLUME6 VOLUME5 VOLUME4 VOLUME3 VOLUME2 VOLUME1 VOLUME0
feature_infos=[-4.4904155731201172:12.207799911499023] [-4.5232486724853516:12.317498207092285] [-4.5596213340759277:12.828096389770508] [-4.6336784362792969:11.230463981628418] [-4.6511387825012207:9.5628328323364258] [-4.7200074195861816:11.414474487304688] [-4.6992378234863281:9.6098718643188477] [-4.8582911491394043:9.3752841949462891] [-4.9000072479248047:11.028009414672852] [-4.896306037902832:11.904008865356445] [-4.9988784790039062:14.104987144470215] [-5.0850915908813477:14.119842529296875] [-5.0747823715209961:13.772034645080566] [-5.1256499290466309:16.204652786254883] [-5.2347016334533691:13.829370498657227] [-5.2960891723632812:14.420330047607422] [-5.2903070449829102:12.201403617858887] [-5.2237458229064941:11.266861915588379] [-5.377655029296875:10.175777435302734] [-5.3856625556945801:9.7804374694824219] [-5.4613652229309082:8.7506103515625] [-5.4363861083984375:8.6125421524047852] [-5.5281996726989746:10.193233489990234] [-5.6301445960998535:12.366391181945801] [-5.6593670845031738:12.926149368286133] [-5.7637081146240234:15.240093231201172] [-5.8010082244873047:12.846419334411621] [-5.9480853080749512:13.291098594665527] [-6.008112907409668:15.886442184448242] [-5.9089851379394531:18.826955795288086] [-5.9339718818664551:22.135293960571289] [-6.0201334953308105:19.116195678710938] [-5.7380666732788086:16.326665878295898] [-5.8209037780761719:19.41926383972168] [-5.7307333946228027:16.624153137207031] [-5.9011273384094238:17.179410934448242] [-6.0772461891174316:14.563096046447754] [-6.1608285903930664:13.83275032043457] [-6.3581118583679199:12.99347972869873] [-6.4696846008300781:13.138708114624023] [-6.7489876747131348:12.596780776977539] [-6.9109148979187012:12.885946273803711] [-6.8769254684448242:13.091307640075684] [-6.9186525344848633:13.254171371459961] [-7.1225705146789551:13.551502227783203] [-7.2040390968322754:13.064685821533203] [-7.4665942192077637:13.749843597412109] [-7.6629085540771484:13.28919792175293] [-8.0684852600097656:12.57823371887207] [-8.5505504608154297:12.936747550964355] [-9.04193115234375:13.933615684509277] [-9.5043439865112305:13.491730690002441] [-10.170346260070801:13.854236602783203] [-10.937721252441406:12.984281539916992] [-11.082827568054199:18.256818771362305] [-12.073580741882324:15.396571159362793] [-13.290007591247559:13.083724975585938] [-12.767669677734375:11.748091697692871] [-9.9642553329467773:14.820465087890625] [0:1] [-4.5060877799987793:10.705911636352539] [-4.4776420593261719:10.959723472595215] [-4.515477180480957:11.38120174407959] [-4.5564994812011719:10.736789703369141] [-4.625274658203125:9.7896089553833008] [-4.6482138633728027:10.053220748901367] [-4.7114391326904297:9.4435482025146484] [-4.7027239799499512:9.4323110580444336] [-4.8496193885803223:9.6716413497924805] [-4.9042034149169922:9.3488006591796875] [-4.9245200157165527:12.511114120483398] [-4.9960603713989258:12.523300170898438] [-5.0765318870544434:12.193946838378906] [-5.0853605270385742:14.438279151916504] [-5.155064582824707:13.691545486450195] [-5.2324051856994629:12.763317108154297] [-5.3199162483215332:12.066287040710449] [-5.2885246276855469:10.058550834655762] [-5.2236328125:9.9871940612792969] [-5.3762741088867188:8.426274299621582] [-5.425600528717041:8.7311592102050781] [-5.4177160263061523:7.4519734382629395] [-5.3963432312011719:8.3741331100463867] [-5.5605716705322266:10.789878845214844] [-5.6501178741455078:11.296235084533691] [-5.6563630104064941:13.41217041015625] [-5.7210769653320312:12.685262680053711] [-5.7975735664367676:11.593866348266602] [-5.9451594352722168:13.167995452880859] [-5.9782185554504395:16.678976058959961] [-5.9085993766784668:19.713329315185547] [-5.9347414970397949:18.833087921142578] [-5.9563493728637695:16.093364715576172] [-5.7373237609863281:17.154552459716797] [-5.7753462791442871:16.340280532836914] [-5.7046017646789551:15.01935863494873] [-5.9531879425048828:14.277485847473145] [-6.1118583679199219:12.828607559204102] [-6.1671147346496582:12.212607383728027] [-6.3014988899230957:12.68026065826416] [-6.4790725708007812:12.905065536499023] [-6.7568697929382324:12.641118049621582] [-6.8751320838928223:12.868398666381836] [-6.8767905235290527:13.12968635559082] [-6.9294295310974121:13.376042366027832] [-7.0387058258056641:13.59478759765625] [-7.2207942008972168:13.078981399536133] [-7.5001106262207031:13.548933029174805] [-7.6675534248352051:13.344855308532715] [-8.1018466949462891:12.726864814758301] [-8.5933170318603516:13.178141593933105] [-8.9368419647216797:14.152790069580078] [-9.4647960662841797:12.235870361328125] [-10.281223297119141:10.901738166809082] [-10.901007652282715:11.066193580627441] [-11.103601455688477:13.903392791748047] [-12.210824012756348:11.473542213439941] [-13.163003921508789:12.69507884979248] [-12.045253753662109:13.387150764465332] [-11.330784797668457:13.05804443359375] [-4.4694552421569824:12.364547729492188] [-4.5065441131591797:12.475584030151367] [-4.5342764854431152:12.552258491516113] [-4.614220142364502:11.467157363891602] [-4.6605353355407715:9.7191200256347656] [-4.7014274597167969:11.157842636108398] [-4.6744346618652344:9.7485008239746094] [-4.7516059875488281:9.3603830337524414] [-4.8161330223083496:10.770561218261719] [-4.879483699798584:11.628432273864746] [-4.950554370880127:13.794612884521484] [-5.0396823883056641:13.809728622436523] [-5.0407071113586426:13.465097427368164] [-5.1080689430236816:15.858750343322754] [-5.1834869384765625:13.516513824462891] [-5.2806301116943359:14.091922760009766] [-5.2730488777160645:11.90185546875] [-5.1841301918029785:11.404111862182617] [-5.260861873626709:10.971304893493652] [-5.3813142776489258:10.426162719726562] [-5.4248251914978027:9.5054302215576172] [-5.4215583801269531:8.9862470626831055] [-5.4711065292358398:9.9189023971557617] [-5.5930747985839844:12.057721138000488] [-5.6625690460205078:12.601513862609863] [-5.7410435676574707:14.864160537719727] [-5.7670345306396484:12.517831802368164] [-5.8784995079040527:12.960195541381836] [-6.0144743919372559:15.515985488891602] [-5.9076542854309082:18.397211074829102] [-5.9397273063659668:21.642131805419922] [-5.9762492179870605:18.663383483886719] [-5.7502484321594238:15.929986953735352] [-5.8212075233459473:18.964868545532227] [-5.6945705413818359:16.203899383544922] [-5.7385001182556152:16.747577667236328] [-6.0227470397949219:15.105884552001953] [-6.1280398368835449:13.969944953918457] [-6.3203849792480469:13.583281517028809] [-6.4115762710571289:13.272178649902344] [-6.6393833160400391:12.917142868041992] [-6.9075002670288086:12.775017738342285] [-6.8597655296325684:12.863348960876465] [-6.9257116317749023:13.397958755493164] [-7.0508217811584473:13.689351081848145] [-7.1778035163879395:13.560194969177246] [-7.4344058036804199:13.299524307250977] [-7.6260838508605957:13.969143867492676] [-7.8991255760192871:13.379057884216309] [-8.4126701354980469:13.358641624450684] [-8.9342136383056641:13.383628845214844] [-9.3077974319458008:14.836186408996582] [-9.9708642959594727:13.20805549621582] [-10.729340553283691:12.717198371887207] [-10.871740341186523:17.252283096313477] [-11.412809371948242:14.353494644165039] [-12.802080154418945:12.82408332824707] [-12.016819953918457:17.571023941040039] [-8.8328723907470703:16.732889175415039] [-0.9664994478225708:20.277704238891602] [-4.509951114654541:10.970551490783691] [-4.4893026351928711:10.572331428527832] [-4.5212345123291016:11.663507461547852] [-4.6033682823181152:11.011089324951172] [-4.6560182571411133:9.5434284210205078] [-4.6723294258117676:10.316717147827148] [-4.7199673652648926:9.7006664276123047] [-4.8146672248840332:9.3147363662719727] [-4.8514189720153809:9.9389581680297852] [-4.8982100486755371:9.6126041412353516] [-4.9627609252929688:12.835577011108398] [-5.0531826019287109:12.846935272216797] [-5.0791473388671875:12.513778686523438] [-5.0944623947143555:14.802810668945312] [-5.1988992691040039:14.052196502685547] [-5.2982311248779297:13.111536979675293] [-5.3243680000305176:12.409426689147949] [-5.2925944328308105:10.36540412902832] [-5.3336315155029297:9.5021562576293945] [-5.3936553001403809:8.678898811340332] [-5.4276752471923828:8.1166858673095703] [-5.4547786712646484:7.4885468482971191] [-5.4678592681884766:8.3379850387573242] [-5.6112656593322754:11.115287780761719] [-5.7098345756530762:11.634455680847168] [-5.7502040863037109:13.802389144897461] [-5.7573409080505371:13.060978889465332] [-5.8767204284667969:11.949478149414062] [-6.0333976745605469:13.344522476196289] [-6.0230088233947754:17.147287368774414] [-5.9386749267578125:20.259696960449219] [-5.9732193946838379:19.366657257080078] [-6.0415310859680176:16.565855026245117] [-5.8352794647216797:17.650793075561523] [-5.842282772064209:16.832828521728516] [-5.8002214431762695:15.490848541259766] [-6.0294156074523926:14.7484130859375] [-6.2035160064697266:12.3193359375] [-6.2449593544006348:11.640876770019531] [-6.3707242012023926:12.700116157531738] [-6.6030707359313965:12.507758140563965] [-6.8974943161010742:12.737316131591797] [-6.9426660537719727:12.919164657592773] [-6.8843932151794434:13.194018363952637] [-6.9864888191223145:13.271907806396484] [-7.1765751838684082:12.282461166381836] [-7.3374285697937012:12.516636848449707] [-7.5778088569641113:13.330254554748535] [-7.8059706687927246:11.930482864379883] [-8.3610620498657227:11.968048095703125] [-8.7595834732055664:12.861322402954102] [-9.2837324142456055:13.049732208251953] [-9.9335489273071289:10.72990894317627] [-10.472552299499512:10.996842384338379] [-11.284056663513184:10.400058746337891] [-11.82917594909668:15.071050643920898] [-13.020894050598145:12.20367431640625] [-14.091683387756348:9.2834072113037109] [-17.09532356262207:9.6776962280273438] [-18.621809005737305:0.97749477624893188] [-4.4851565361022949:11.250247001647949] [-4.4998044967651367:11.140832901000977] [-4.5257129669189453:12.130561828613281] [-4.6108927726745605:10.811211585998535] [-4.6575088500976562:9.3570899963378906] [-4.695035457611084:10.758352279663086] [-4.7102055549621582:9.5577478408813477] [-4.7844686508178711:9.3146648406982422] [-4.8468632698059082:10.375532150268555] [-4.8921751976013184:10.64986515045166] [-4.9702982902526855:13.342713356018066] [-5.0465164184570312:13.356831550598145] [-5.0750961303710938:13.01786994934082] [-5.108086109161377:15.364109039306641] [-5.2056975364685059:13.80452823638916] [-5.2899789810180664:13.63185977935791] [-5.3154764175415039:12.174280166625977] [-5.2443265914916992:10.149846076965332] [-5.3128485679626465:10.191084861755371] [-5.3990697860717773:9.0887775421142578] [-5.4501681327819824:8.7674388885498047] [-5.4283246994018555:8.075596809387207] [-5.4640283584594727:8.9648656845092773] [-5.6155581474304199:11.617894172668457] [-5.6817092895507812:12.15272331237793] [-5.7364325523376465:14.375732421875] [-5.7794094085693359:12.817586898803711] [-5.8947405815124512:12.484643936157227] [-6.0207681655883789:14.530891418457031] [-5.9752917289733887:17.823141098022461] [-5.9518251419067383:21.013839721679688] [-5.9984264373779297:19.063619613647461] [-5.8605942726135254:16.288663864135742] [-5.8234906196594238:18.369888305664062] [-5.769096851348877:16.566127777099609] [-5.8080649375915527:16.17707633972168] [-6.0472779273986816:14.500238418579102] [-6.1795253753662109:12.158082008361816] [-6.3032870292663574:12.574977874755859] [-6.4212551116943359:13.015398979187012] [-6.6533603668212891:12.803818702697754] [-6.9075193405151367:12.833154678344727] [-6.9041876792907715:12.909438133239746] [-6.9317159652709961:13.225727081298828] [-7.0699520111083984:13.564881324768066] [-7.1657681465148926:13.076746940612793] [-7.4217629432678223:12.957056045532227] [-7.6558694839477539:13.652429580688477] [-7.9180240631103516:12.703413963317871] [-8.4232568740844727:12.459072113037109] [-8.9301271438598633:13.267132759094238] [-9.3723907470703125:14.0672607421875] [-10.001141548156738:11.75190258026123] [-10.776379585266113:10.828951835632324] [-11.225838661193848:13.92197322845459] [-11.705896377563477:15.008130073547363] [-13.201790809631348:12.156516075134277] [-13.247754096984863:12.385733604431152] [-12.01241397857666:11.325177192687988] [-11.108595848083496:12.819646835327148] [-0.023151803761720657:320.79556274414062] [-0.023552883416414261:342.58062744140625] [-0.024514675140380859:319.25338745117188] [-0.025893921032547951:317.08056640625] [-0.025641471147537231:420.46987915039062] [-0.036820705980062485:140.58912658691406] [-0.019704068079590797:399.36898803710938] [-0.027579342946410179:149.06684875488281] [-0.032341785728931427:134.7333984375] [-0.029248002916574478:155.65849304199219] [-0.026169661432504654:319.512939453125] [-0.024268930777907372:351.22409057617188] [-0.02471037395298481:370.87823486328125] [-0.022950077429413795:385.64321899414062] [-0.022395225241780281:386.80337524414062] [-0.023825481534004211:379.16131591796875] [-0.015462658368051052:198.29983520507812] [-0.023323949426412582:336.31124877929688] [-0.015774592757225037:234.04183959960938] [-0.018414083868265152:277.28448486328125] [-0.025623979046940804:413.89871215820312] [-0.026942715048789978:458.59365844726562] [-0.022823723033070564:376.15072631835938] [-0.03072655200958252:352.529052734375] [-0.026520777493715286:444.79776000976562] [-0.02059701643884182:385.6285400390625] [-0.026999535039067268:455.86917114257812] [-0.022171834483742714:371.3687744140625] [-0.016349649056792259:462.75802612304688] [-0.024673076346516609:413.50241088867188] [-0.018979929387569427:379.58163452148438] [-0.014445589855313301:267.478759765625] [-0.035802990198135376:390.68917846679688] [-0.019427074119448662:289.63323974609375] [-0.022304005920886993:333.93392944335938] [-0.02372928149998188:377.6591796875] [-0.0097173424437642097:128.033935546875] [-0.022759448736906052:340.16921997070312] [-0.010578911751508713:124.95587921142578] [-0.020813301205635071:412.00271606445312] [-0.013653680682182312:173.86936950683594] [-0.011283853091299534:157.67851257324219] [-0.01480985339730978:225.16484069824219] [-0.017652995884418488:297.6595458984375] [-0.0095784598961472511:167.72279357910156] [-0.011939272284507751:135.77664184570312] [-0.017059490084648132:362.34173583984375] [-0.016829557716846466:191.77696228027344] [-0.012630914337933064:248.39170837402344] [-0.013145782984793186:433.60562133789062] [-0.018381858244538307:197.36744689941406] [-0.0091012157499790192:187.41542053222656] [-0.019375069066882133:449.85595703125] [-0.033517889678478241:157.14990234375] [-0.011998369358479977:467.15005493164062] [-0.010289213620126247:490.4542236328125] [-0.019199203699827194:267.81991577148438] [-0.018684670329093933:212.38313293457031] [-0.047170400619506836:526.06732177734375] [0:1]
tree_sizes=3061 3034 3053 3033 3071 3050 3012 3061

Tree=0
num_leaves=31
num_cat=0
split_feature=270 102 41 58 116 158 237 56 139 133 346 44 225 238 56 295 166 167 159 37 286 131 173 177 37 58 171 232 173 48
split_gain=247.433 186.1 154.412 174.033 118.911 114.098 95.0558 86.6481 192.603 150.702 108.338 77.4884 77.6862 73.7212 72.6938 72.3195 70.4402 69.5221 69.2806 68.7099 66.8518 65.9121 59.8527 59.2658 56.6916 53.3132 45.1365 44.3721 50.9805 52.2298
threshold=2.3714890480041508 0.033845134079456336 -3.8156547546386714 -1.1834709048271177 1.518034875392914 -2.3657592535018916 0.049999970942735679 -2.3092813491821285 -3.3601617813110347 -2.5728785991668697 -0.016710119321942326 2.4764759540557866 -1.2221622467041013 -1.0907899737358091 -1.6898097991943357 -0.046518443152308457 -0.60603350400924672 -1.6286240816116331 0.23801411688327792 -2.2316278219223018 0.049562690779566772 0.8169686794281007 -1.0007053613662718 0.63941603899002086 -1.7353326082229612 -0.22810383141040799 1.0870123505592348 2.107866764068604 -0.093286354094743715 0.97954165935516369
decision_type=2 2 2 2 2 2 2 2 2 2 2 2 2 2 2 2 2 2 2 2 2 2 2 2 2 2 2 2 2 2
left_child=1 2 3 -1 7 -3 22 9 16 17 -11 12 18 -8 25 23 -9 -4 -7 -10 -16 -13 -6 -5 -24 -14 -15 28 29 -2
right_child=27 5 4 15 6 11 13 8 19 10 -12 21 14 26 20 -17 -18 -19 -20 -21 -22 -23 24 -25 -26 -27 -28 -29 -30 -31
leaf_value=-0.021827398772011043 0.003056019851549067 0.016569686216022166 0.0078049183048448977 -0.013263234346603221 -0.0031941821913683659 -0.004127105149428786 -0.0096327077362998188 -0.017363105462895684 0.0031179883585844871 -0.022298336980320233 0.0025556108095462194 0.0096210076188451808 -0.0078439151219438993 0.0062006344847689715 -0.0021680489194088608 0.013472386495098647 0.0045500239215169151 0.025007501243768548 0.014980216019827165 0.00031281126460155033 -0.00058959895357066263 -0.00026308167000772446 0.028020498584437149 0.0029954284685394816 0.0079379224995229161 0.0018374637483754826 -0.00030071616404881693 0.011149334752742867 0.0021875568819529037 0.022892923039137897
leaf_weight=567 315 317 738 394 107 214 338 723 8180 142 4443 1141 2265 3214 30296 216 127 358 491 209344 124283 1152 298 336 340 591 1243 1648 2123 237
leaf_count=567 315 317 738 394 107 214 338 723 8180 142 4443 1141 2265 3214 30296 216 127 358 491 209344 124283 1152 298 336 340 591 1243 1648 2123 237
internal_value=3.74292e-05 -4.07341e-05 0.000503697 -0.00897443 0.00056824 -0.000825287 0.00490774 0.000459174 0.000362313 0.00411548 0.00162722 -0.000863588 -0.000944784 0.00324497 -0.000991497 -0.00066783 -0.0137149 0.0140403 0.00881262 0.000419956 -0.000901141 0.00456622 0.014853 -0.00549948 0.0183407 -0.00573736 0.00432724 0.00715917 0.00452511 0.0126001
internal_weight=396181 391858 231108 1513 229595 160750 5540 224055 218374 5681 4585 160433 158140 4795 157435 946 850 1096 705 217524 154579 2293 745 730 638 2856 4457 4323 2675 552
internal_count=396181 391858 231108 1513 229595 160750 5540 224055 218374 5681 4585 160433 158140 4795 157435 946 850 1096 705 217524 154579 2293 745 730 638 2856 4457 4323 2675 552
is_linear=0
shrinkage=1


Tree=1
num_leaves=31
num_cat=0
split_feature=137 41 41 234 55 238 28 296 44 78 239 156 131 228 164 295 39 239 158 201 55 282 183 58 58 163 295 357 179 232
split_gain=231.362 153.596 143.039 152.364 117.712 105.892 93.0148 129.525 92.9788 88.7882 169.15 137.391 87.8089 86.6791 83.6183 76.7488 76.2754 63.8678 63.0258 73.0445 113.605 94.1397 91.3967 62.9219 57.3428 53.566 50.4374 49.5263 49.1364 47.7668
threshold=2.0709141492843632 0.043906584382057197 -3.8156547546386714 -1.3887574076652525 1.7169019579887392 -0.96375241875648487 -2.0469086170196529 2.7673065662384038 2.4764759540557866 -3.0881271362304683 -2.1546001434326167 -2.49428379535675 0.8169686794281007 -1.6789129376411436 -1.9827467799186704 -0.81167387962341297 -1.756512403488159 0.51923969388008129 -2.3657592535018916 -0.67214265465736378 1.3836138248443606 0.55239164829254161 -2.688569068908691 2.2336753606796269 -0.91889014840126026 1.1947650313377383 -3.8133579492568965 -0.01396030420437455 1.9563151597976687 1.9942247867584231
decision_type=2 2 2 2 2 2 2 2 2 2 2 2 2 2 2 2 2 2 2 2 2 2 2 2 2 2 2 2 2 2
left_child=1 2 3 5 9 26 7 24 18 10 16 -12 -10 14 -11 -15 -4 -9 -3 20 21 -20 -21 -24 -6 -22 27 -1 -8 -2
right_child=29 8 4 -5 6 -7 28 17 12 13 11 -13 -14 15 -16 -17 -18 -19 19 22 25 -23 23 -25 -26 -27 -28 -29 -30 -31
leaf_value=-0.02107519666276772 0.0037731328198841742 0.017830768676823937 -0.00066352165928132553 0.0087833160686165701 0 -0.0023191325643905965 0 -0.013774556119868666 0.0096155474627578133 0.0003856433280318169 0.0015426897878843275 -0.016364754400547681 -0.0012521415301065039 -0.00085792465785576252 0.0044469983541682101 0.00056587288805479987 0.019005336134379949 0.013687868785578757 -0.0021301674386496167 0.022163551423627022 0.0080667795918078107 -0.0081287741843233553 -0.00067025214675882946 -0.0058115505466328713 0.024800907623709033 -0.005822827109495307 -0.027788078924955648 0.0015751314630503195 0.0082813787420059053 0.0095448138173255606
leaf_weight=129 4997 140 402 321 118 510 1962 174 1464 9407 530 1137 1132 42862 9183 163999 262 100 7183 136 1068 3656 138838 2174 550 283 424 151 974 1933
leaf_count=129 4997 140 402 321 118 510 1962 174 1464 9407 530 1137 1132 42862 9183 163999 262 100 7183 136 1068 3656 138838 2174 550 283 424 151 974 1933
internal_value=2.30635e-05 -7.30374e-05 0.000413622 -0.00864488 0.000475681 -0.0135639 0.00565065 0.0138386 -0.000802053 0.000385772 -0.00540453 -0.0105427 0.00478861 0.000447444 0.0024106 0.000269355 0.00698757 -0.00248204 -0.000899182 -0.000920562 -0.00315419 -0.00419237 -0.000725114 -0.000752456 0.0208465 0.00489594 -0.0210066 -0.00856952 0.00284625 0.00544904
internal_weight=396199 389269 233195 1535 231660 1214 3878 942 156074 227782 2331 1667 2596 225451 18590 206861 664 274 153478 153338 12190 10839 141148 141012 668 1351 704 280 2936 6930
internal_count=396199 389269 233195 1535 231660 1214 3878 942 156074 227782 2331 1667 2596 225451 18590 206861 664 274 153478 153338 12190 10839 141148 141012 668 1351 704 280 2936 6930
is_linear=0
shrinkage=0.03


Tree=2
num_leaves=31
num_cat=0
split_feature=93 102 55 41 237 289 87 105 238 155 66 133 217 116 112 298 124 166 287 178 46 116 50 238 57 233 111 137 157 129
split_gain=197.06 136.929 137.209 156.535 137.057 120.824 113.549 109.825 99.4992 93.9336 201.717 135.801 92.1308 70.7628 70.5279 73.6846 74.2642 68.5188 66.8348 70.9656 64.8399 64.5375 64.3509 74.2053 62.4894 61.6022 59.991 52.6296 51.8251 48.5143
threshold=2.3739892244338994 0.033845134079456336 1.579036593437195 -3.3271303176879878 0.064214374870061888 -1.6506319046020506 -1.9381647109985349 -0.90100422501564015 -0.89771294593811024 -2.6564807891845699 -2.9592348337173457 -2.7578988075256343 -2.8242856264114375 0.16931018978357318 2.0742373466491704 -0.56226754188537587 -0.6179845631122588 0.03375635854899884 1.0868334174156191 -0.014854491688311098 -1.6064487695693968 -0.85754385590553273 0.85844343900680553 3.1713933944702153 0.81255131959915172 -1.6854723095893858 -0.80543166399002064 -3.0762332677841182 -0.87173026800155629 0.28949029743671423
decision_type=2 2 2 2 2 2 2 2 2 2 2 2 2 2 2 2 2 2 2 2 2 2 2 2 2 2 2 2 2 2
left_child=1 2 3 5 6 24 -4 13 28 11 17 27 -12 29 15 16 26 -11 19 -7 -13 -17 23 -10 -1 -23 -9 -5 -6 -3
right_child=-2 7 4 9 8 18 -8 14 22 10 12 20 -14 -15 -16 21 -18 -19 -20 -21 -22 25 -24 -25 -26 -27 -28 -29 -30 -31
leaf_value=-0.013333802443151575 0.0063291930531140959 -0.0041196848503825319 0.030164216432072545 0.0057652648618087242 -0.017708121463752436 0.019207353711195557 0.0052312434986327505 0.0027837571384332922 0.0084647377243814697 -0.013830679622818408 0.013429605840078853 -0.0030185110858090827 0.00032281642020371657 0.017878685108801341 0.0024620177296787293 0.0025861840245392882 -0.0017579068643530549 0.0029145083120488652 -0.016904267641500784 0 0.006459974004329269 0.0091926396486900035 -0.0011563510160900836 -0.014106189919322843 0.00022743384360265169 -0.00084539159058129385 -0.0080679343187193258 0.018645749648409836 0.0019684395662082706 0.011449757075581624
leaf_weight=1602 4339 408 325 680 271 229 402 483 2518 1187 465 1540 217519 429 5598 5227 20718 227 110 494 1077 528 1078 111 323 124011 3065 675 157 277
leaf_count=1602 4339 408 325 680 271 229 402 483 2518 1187 465 1540 217519 429 5598 5227 20718 227 110 494 1077 528 1078 111 323 124011 3065 675 157 277
internal_value=-1.33323e-05 -8.46699e-05 0.000382347 0.000273496 0.00536164 -0.00679857 0.0172881 -0.000757606 0.00311944 0.00036276 0.000278303 0.0049279 0.000353381 0.00852282 -0.00082531 -0.000947033 -0.00246829 -0.0109301 0.00241851 0.00613801 0.000787908 -0.000659913 0.00476682 0.0072992 -0.0109252 -0.000798956 -0.00649926 0.0125778 -0.010055 0.00189695
internal_weight=396073 391734 230990 226128 4862 2758 727 160744 4135 223370 219398 3972 217984 1114 159630 154032 24266 1414 833 723 2617 129766 3707 2629 1925 124539 3548 1355 428 685
internal_count=396073 391734 230990 226128 4862 2758 727 160744 4135 223370 219398 3972 217984 1114 159630 154032 24266 1414 833 723 2617 129766 3707 2629 1925 124539 3548 1355 428 685
is_linear=0
shrinkage=0.03


Tree=3
num_leaves=31
num_cat=0
split_feature=93 102 239 55 237 87 225 328 139 239 278 275 107 29 51 278 286 232 228 164 110 239 172 23 112 27 285 102 120 162
split_gain=192.607 162.321 123.913 117.568 161.391 116.638 110.824 87.9469 80.1172 140.138 117.603 117.507 78.074 103.957 76.9176 76.5199 81.0384 70.7296 67.8373 88.2281 66.0431 64.7403 59.1618 133.082 75.2812 46.3067 63.9015 45.103 44.9094 38.8861
threshold=2.3739892244338994 0.033845134079456336 -5.4515323638916007 1.579036593437195 0.099040120840072646 -1.9381647109985349 -1.2753463387489317 -0.014718513470143078 -3.3601617813110347 -2.3908445835113521 -2.1513755321502681 -3.5947214365005489 -1.288067042827606 -1.4873193502426145 -1.0307765007019041 -2.5039572715759273 1.0000000180025095e-35 2.4435424804687504 -1.6280409693717954 -1.9827467799186704 -2.4618777036666866 -0.34414981305599207 0.27526436746120458 1.4737193584442141 2.0742373466491704 0.84238710999488842 0.10158469900488855 2.4605561494827275 0.47397099435329443 0.10460900887846948
decision_type=2 2 2 2 2 2 2 2 2 2 2 2 2 2 2 2 2 2 2 2 2 2 2 2 2 2 2 2 2 2
left_child=1 2 7 8 5 -5 14 -1 9 10 -4 -11 21 -14 -3 -8 25 -2 19 -10 -20 -6 23 -18 -24 29 -27 -19 -16 -17
right_child=17 6 3 4 12 -7 15 -9 18 11 -12 -13 13 -15 28 16 22 27 20 -21 -22 -23 24 -25 -26 26 -28 -29 -30 -31
leaf_value=-0.019127290403826696 0.0035246521451820848 -0.00469172644403551 -0.0035033488619956189 0.029554261398658931 -0.013801594090365708 0.005484039853516311 0.015816163753520469 -0.00052721539182130071 2.4273928341289722e-05 0.0083568001730212321 0.033611636902205644 -0.017962867989706855 0.015309234556874076 0.0018446657010680744 0.020706137442281718 -0.0012915755854615801 -0.00017715387128458001 0 0.018956099767895303 0.0039813952877682827 0.00022650734134349734 0.0015763138075910357 -0.0013704242692561619 0.0064627452602948028 0.0022017500940820405 0.0027980169772385413 -0.0062318293669010724 0.014405540514803831 0 -0.0038944056558567436
leaf_weight=475 3027 182 172 365 399 435 225 492 10113 160 100 761 657 2514 424 8795 50626 209 150 10472 203185 519 73900 2848 5642 2933 899 1122 128 14246
leaf_count=475 3027 182 172 365 399 435 225 492 10113 160 100 761 657 2514 424 8795 50626 209 150 10472 203185 519 73900 2848 5642 2933 899 1122 128 14246
internal_value=-1.44298e-05 -8.51006e-05 0.000423595 0.00047032 0.00506806 0.0172849 -0.000817387 -0.0101702 0.000368692 -0.00730752 0.010482 -0.0129913 0.00253237 0.00480687 0.0106278 -0.000873049 -0.000900386 0.00624224 0.000411578 0.00205381 0.000243662 -0.00493948 -0.000593617 0.00017316 -0.00111279 -0.0024061 0.000580346 0.0120569 0.0161907 -0.00291587
internal_weight=396175 391817 230969 230002 4889 800 160848 967 225113 1193 272 921 4089 3171 734 160114 159889 4358 223920 20585 203335 918 133016 53474 79542 26873 3832 1331 552 23041
internal_count=396175 391817 230969 230002 4889 800 160848 967 225113 1193 272 921 4089 3171 734 160114 159889 4358 223920 20585 203335 918 133016 53474 79542 26873 3832 1331 552 23041
is_linear=0
shrinkage=0.03


Tree=4
num_leaves=31
num_cat=0
split_feature=32 102 41 57 55 278 237 232 110 53 298 297 87 56 139 133 106 346 347 56 58 178 44 227 87 50 41 120 171 58
split_gain=181.119 150.685 127.423 149.606 120.478 105.881 95.8196 89.5328 83.3674 81.4179 71.2941 71.4057 67.1314 66.522 147.019 104.582 79.3727 76.3134 68.1005 62.0328 60.3171 62.4885 57.018 56.0265 110.664 78.724 63.7877 61.2567 60.193 53.8675
threshold=2.0570672750473027 0.033845134079456336 -3.8156547546386714 -1.9057629108428953 1.7169019579887392 -2.5039572715759273 -0.038330789655446999 1.8848285079002383 1.3026923537254336 -0.59846097230911244 1.40670782327652 3.9844977855682377 -1.9381647109985349 -2.3092813491821285 -3.3601617813110347 -2.5728785991668697 -0.58386641740798939 -0.016710119321942326 -0.012064511422067879 -1.6898097991943357 -1.1068251729011533 0.031780809164047248 0.1660735830664635 0.152403399348259 1.403429448604584 -0.057739479467272752 1.7224158644676211 -2.6490519046783443 0.31706595420837408 -0.24291358143091199
decision_type=2 2 2 2 2 2 2 2 2 2 2 2 2 2 2 2 2 2 2 2 2 2 2 2 2 2 2 2 2 2
left_child=1 2 3 -1 13 -3 12 8 -2 -10 -8 -12 -6 15 16 18 -15 -17 -4 29 -5 -22 -16 24 26 -26 -21 -25 -29 -7
right_child=7 5 4 20 6 19 10 -9 9 -11 11 -13 -14 14 22 17 -18 -19 -20 23 21 -23 -24 27 25 -27 -28 28 -30 -31
leaf_value=-0.019746502539959594 0.0056284023578112409 0.01587013850971794 0.0056675886975305094 -0.01533958102773988 0.030074582479769463 -0.0074504805934759921 -0.0010287949384376032 0.0090309266904622602 0.012620709571030574 -0.0047629306543741593 0.0094706829245940934 -0.0078651810038565216 0.0052494884346908129 -0.015412492641147383 0.00047791796106532033 -0.018859846386643255 0.0097244564062211568 0.0022890511986205114 0.022373967463872456 -0.0019210512230640043 0.020701193668998325 -0.00050351978745311499 -0.0014673053306598041 0.01624163386510738 0.010573662118111553 -0.0015330334718003798 -0.017232391280676461 0.00051903018982521238 -0.00093052497563806313 0.0023236703638102839
leaf_weight=589 2605 321 716 178 219 2194 1478 2702 254 1795 1799 208 244 759 204738 137 103 4392 369 39527 129 628 14441 178 1084 784 232 39314 73812 593
leaf_count=589 2605 321 716 178 219 2194 1478 2702 254 1795 1799 208 244 759 204738 137 103 4392 369 39527 129 628 14441 178 1084 784 232 39314 73812 593
internal_value=1.55586e-05 -7.19462e-05 0.000415335 -0.00816364 0.000474291 -0.00078644 0.00566191 0.00467328 0.00205133 -0.00236184 0.00379252 0.00746616 0.018372 0.000381707 0.000297775 0.00360545 -0.0119164 0.00150325 0.0119229 -0.000824251 -0.000292188 0.0031637 0.000348263 -0.000741814 -0.00168496 0.00537117 -0.00202656 -0.000392425 -0.000424116 -0.00526219
internal_weight=396522 389166 231127 1524 229603 158039 3948 7356 4654 2049 3485 2007 463 225655 220041 5614 862 4529 1085 157718 935 757 219179 154931 41627 1868 39759 113304 113126 2787
internal_count=396522 389166 231127 1524 229603 158039 3948 7356 4654 2049 3485 2007 463 225655 220041 5614 862 4529 1085 157718 935 757 219179 154931 41627 1868 39759 113304 113126 2787
is_linear=0
shrinkage=0.03


Tree=5
num_leaves=31
num_cat=0
split_feature=93 102 41 58 55 28 296 278 113 56 139 155 58 217 5 40 234 75 285 159 286 113 235 177 161 222 173 52 48 58
split_gain=195.936 131.944 124.312 148.574 106.593 123.962 103.894 99.6668 86.3357 83.0723 80.4648 156.342 99.5889 87.8028 140.572 128.966 81.4771 74.521 68.1771 96.4915 72.0688 61.9516 58.2791 53.5752 51.7692 49.688 60.9936 53.7584 53.4403 48.1983
threshold=2.1893637180328374 0.033845134079456336 -3.8156547546386714 -1.0615704059600828 1.2365273237228396 -2.0469086170196529 3.1766898632049565 -2.5039572715759273 -0.32378615438938135 -1.5907993316650388 -3.3601617813110347 -3.2188104391098018 -1.480022072792053 -2.1931477785110469 -2.8309129476547237 -2.3823503255844112 -2.4857518672943111 -3.0599646568298335 -0.98671218752861012 0.22919806838035586 1.0000000180025095e-35 -1.2438060045242307 -0.25691241025924677 0.59491068124771129 0.23225633054971698 2.6622493267059331 0.14296029508113864 2.3769502639770512 0.93804153800010692 -0.64001154899597157
decision_type=2 2 2 2 2 2 2 2 2 2 2 2 2 2 2 2 2 2 2 2 2 2 2 2 2 2 2 2 2 2
left_child=1 2 3 -1 10 6 8 -3 -6 29 11 16 -13 15 -15 -12 -4 -7 19 -11 -20 -22 23 -5 -19 26 28 -27 -2 -9
right_child=25 7 4 22 5 17 -8 9 -10 18 13 12 -14 14 -16 -17 -18 24 20 -21 21 -23 -24 -25 -26 27 -28 -29 -30 -31
leaf_value=-0.019373306584518402 0.0030760818536275589 0.015480388752226017 -0.0062235256112065191 -0.012333781134454517 0.001292509904469956 0.025392613412151415 -0.0066477269021113618 -0.0081645910955729008 0.021107392906657935 -0.0069350446472514647 0.0001094530784977802 0.0050291744088958746 -0.019311783724562652 -0.010002525565616722 0.00028530133596760108 0.0066135311425401617 0.025102359127569279 0.0022943357603287151 -0.0021585831991192787 0.01525099006522406 0.0056144902987303805 -0.00048848119656071424 0.01335563249911906 0.0034034959350679058 -0.0097483928527898646 0.0021946806005629089 0.0011990806215880893 0.013217202585297924 0.019094813545632847 -0.00044130677468648611
leaf_weight=605 502 319 101 361 310 104 188 2122 787 225 6469 162 663 1181 207221 4872 148 6714 25747 526 1488 127378 196 341 310 700 2998 1244 357 1234
leaf_count=605 502 319 101 361 310 104 188 2122 787 225 6469 162 663 1181 207221 4872 148 6714 25747 526 1488 127378 196 341 310 700 2998 1244 357 1234
internal_value=1.79231e-05 -6.29047e-05 0.000394497 -0.00813789 0.000452456 0.00376607 0.0123199 -0.000728354 0.0158999 -0.000764767 0.000324521 -0.00777924 -0.0141712 0.000366198 0.000224607 0.00293668 0.0117626 0.0021519 -0.000661311 0.00820746 -0.000707385 -0.000414823 0 -0.00439129 0.00169408 0.00548188 0.00335911 0.0094637 0.0103577 -0.00543304
internal_weight=395573 389772 230733 1503 229230 8413 1285 159039 1097 158720 220817 1074 825 219743 208402 11341 249 7128 155364 751 154613 128866 898 702 7024 5801 3857 1944 859 3356
internal_count=395573 389772 230733 1503 229230 8413 1285 159039 1097 158720 220817 1074 825 219743 208402 11341 249 7128 155364 751 154613 128866 898 702 7024 5801 3857 1944 859 3356
is_linear=0
shrinkage=0.03


Tree=6
num_leaves=31
num_cat=0
split_feature=93 102 239 295 87 296 58 56 349 224 186 34 280 277 178 113 232 229 80 227 161 58 120 177 358 21 179 112 114 239
split_gain=178.348 137.887 107.45 72.261 103.794 130.354 82.8443 71.6715 69.2563 67.9634 67.8044 127.275 69.2993 171.167 71.159 67.1249 62.9611 74.6653 56.8724 52.846 70.7209 51.5516 50.8522 47.0652 44.5285 42.8902 42.0614 38.844 36.6871 33.4106
threshold=2.0542752742767338 0.033845134079456336 -5.4515323638916007 1.4686916470527651 -1.7377879023551939 3.1766898632049565 -0.88425377011299122 -1.6898097991943357 -0.011169671081006525 -1.0969701409339903 -3.1720650196075435 -2.5762102603912349 -3.0156551599502559 -2.5139642953872676 0.32170347869396215 -1.5412961840629575 2.2505749464035039 1.6248908638954165 1.1780475974082949 0.152403399348259 1.3640176653862002 -0.22810383141040799 -2.6490519046783443 -0.9895799160003661 -0.0144868534989655 0.40551850199699407 2.4353255033493046 -1.0678724050521848 -1.3866227865219114 0.099269181489944472
decision_type=2 2 2 2 2 2 2 2 2 2 2 2 2 2 2 2 2 2 2 2 2 2 2 2 2 2 2 2 2 2
left_child=1 2 8 10 5 6 -5 21 -1 27 11 -4 14 -14 -12 18 17 -2 28 20 -17 23 -21 25 -18 -3 -6 -9 -11 -7
right_child=16 7 3 4 26 29 -8 9 -10 15 12 -13 13 -15 -16 19 24 -19 -20 22 -22 -23 -24 -25 -26 -27 -28 -29 -30 -31
leaf_value=-0.016041401942259576 0.0054077228419055568 -0.011234724559742676 0.0027376489892925078 0 -0.00076653879169223606 -0.015515655983662309 0.017290133512177681 -0.0048551296604052181 0 -0.0029169159042532755 0 -0.016641130787024529 0.00678785502403017 0.00030171159177018117 -0.0087247512785543508 -0.0015123065761432032 0.014258711616591598 -0.0019379514795014182 0.015731014139478885 0.014327816165767719 -0.008729063885772782 0.0019933874545301645 -0.00050900810303207715 -0.019285541225049718 0.0046068256346668618 -0.0017328783615450742 0.0073415913178030857 0.012723171914647726 0.0086810010305281935 0.0032205727771378871
leaf_weight=570 3455 754 568 324 2800 176 1129 105 383 561 1950 578 3711 216212 1498 39272 898 1853 366 187 1264 573 112292 278 1108 1185 692 499 384 103
leaf_count=570 3455 754 568 324 2800 176 1129 105 383 561 1950 578 3711 216212 1498 39272 898 1853 366 187 1264 573 112292 278 1108 1185 692 499 384 103
internal_value=-3.2093e-05 -0.000120352 0.000346102 0.000389457 0.00387563 0.0098506 0.013512 -0.000804484 -0.00959038 -0.000716041 0.000306667 -0.00689679 0.000345582 0.000413131 -0.00385391 -0.000757693 0.00460159 0.00278942 0.00592379 -0.000817666 -0.00174893 -0.00556897 -0.000479132 -0.00765797 0.00917374 -0.00565788 0.000787464 0.0091289 0.00156725 -0.0078426
internal_weight=395728 388414 230694 229741 5224 1732 1453 157720 953 154930 224517 1146 223371 219923 3448 154326 7314 5308 1311 153015 40536 2790 112479 2217 2006 1939 3492 604 945 279
internal_count=395728 388414 230694 229741 5224 1732 1453 157720 953 154930 224517 1146 223371 219923 3448 154326 7314 5308 1311 153015 40536 2790 112479 2217 2006 1939 3492 604 945 279
is_linear=0
shrinkage=0.03


Tree=7
num_leaves=31
num_cat=0
split_feature=93 102 41 58 55 28 166 237 58 120 290 105 51 116 113 118 233 58 74 233 96 60 55 178 177 208 129 179 181 23
split_gain=144.069 137.375 96.5375 138.13 84.3273 97.573 102.475 110.412 84.3649 238.904 84.3198 81.2662 81.1047 76.7595 60.1252 77.326 81.221 75.3422 109.324 69.0509 67.0325 64.5154 77.4301 56.2238 58.6111 51.2498 50.6651 49.9704 49.8354 48.8677
threshold=2.3739892244338994 0.033845134079456336 -3.8156547546386714 -1.1068251729011533 1.2042445540428164 -1.4950656890869138 -0.90984165668487538 -0.18496681004762647 1.8532454967498782 -2.1035721302032466 1.3007177114486697 -0.88636830449104298 0.22081882506608966 0.16931018978357318 1.7260040640830996 1.5111417770385744 0.7525223195552827 -0.95753014087676991 -0.034666115418076508 -2.5080566406249996 1.5744068622589114 0.035088106989860542 2.7209268808364873 0.024060965515673164 0.75091686844825756 -0.93674737215042103 0.28949029743671423 3.3230007886886601 -2.4237688779830928 1.8383731842041018
decision_type=2 2 2 2 2 2 2 2 2 2 2 2 2 2 2 2 2 2 2 2 2 2 2 2 2 2 2 2 2 2
left_child=1 2 3 28 8 6 7 -6 10 -10 12 13 -4 26 15 17 29 18 -13 -19 21 22 -16 -5 -25 -12 -3 -11 -1 -17
right_child=-2 11 4 23 5 -7 -8 -9 9 27 25 14 -14 -15 20 16 -18 19 -20 -21 -22 -23 -24 24 -26 -27 -28 -29 -30 -31
leaf_value=-0.0058915291421170182 0.0054730478000870521 -0.005532779264295201 0.00062427427869715516 0.015890861278807622 0.018769866153827079 0.0012092746336258458 0.015405898779674887 -0.00057009187408220484 -0.018881895196893598 -0.0028848466663636946 0.013958284691394811 -0.0073011320201336249 -0.0010292818394338837 0.016816366808343447 0.0002612050686376563 -0.010211905900455674 -0.0016515762710673837 0.011509091266829698 -0.0011789615884533798 -0.00059945005538104693 0.0049098497396604535 -0.002915992072565991 0.011819358704453279 -0.011156498574572106 0.0045989901326116047 0.0021173075299216475 0.0100833477443657 0.0058043017940107109 -0.025981234832280979 0.0046179792001398642
leaf_weight=252 4289 425 184640 149 305 6155 1054 1309 761 1773 634 3725 31074 434 2402 2018 4375 403 9364 129339 3349 3723 668 399 383 825 297 872 330 181
leaf_count=252 4289 425 184640 149 305 6155 1054 1309 761 1773 634 3725 31074 434 2402 2018 4375 403 9364 129339 3349 3723 668 399 383 825 297 872 330 181
internal_value=1.69053e-05 -4.23608e-05 0.000425549 -0.00706559 0.000476876 0.00335359 0.00814304 0.00308602 0.000360156 -0.00430293 0.000435059 -0.000716539 0.000384613 0.00711647 -0.000776058 -0.000929057 -0.00411622 -0.000779708 -0.00295264 -0.000557759 0.00144569 -0.000227536 0.00293345 0 -0.00314362 0.00758475 0.000585356 0 -0.0182657 -0.00882544
internal_weight=395907 391618 230915 1513 229402 8823 2668 1614 220579 3406 217173 160703 215714 1156 159547 149405 6574 142831 13089 129742 10142 6793 3070 931 782 1459 722 2645 582 2199
internal_count=395907 391618 230915 1513 229402 8823 2668 1614 220579 3406 217173 160703 215714 1156 159547 149405 6574 142831 13089 129742 10142 6793 3070 931 782 1459 722 2645 582 2199
is_linear=0
shrinkage=0.03


end of trees

feature_importances:
CLOSE1=14
CLOSE18=8
CLOSE4=8
OPEN17=8
LOW0=7
CLOSE3=6
OPEN32=5
OPEN26=5
LOW7=5
LOW2=5
OPEN6=4
OPEN3=4
HIGH59=4
HIGH40=4
HIGH2=4
HIGH1=4
LOW1=4
VWAP21=4
VWAP4=4
CLOSE31=3
CLOSE15=3
OPEN7=3
HIGH46=3
HIGH13=3
HIGH6=3
HIGH0=3
LOW6=3
VWAP13=3
VWAP3=3
CLOSE36=2
CLOSE22=2
CLOSE11=2
CLOSE9=2
CLOSE8=2
CLOSE2=2
OPEN14=2
OPEN9=2
HIGH50=2
HIGH48=2
HIGH42=2
HIGH24=2
HIGH21=2
HIGH20=2
HIGH18=2
HIGH15=2
HIGH8=2
LOW22=2
LOW14=2
LOW12=2
LOW11=2
LOW5=2
VWAP14=2
VWAP1=2
VOLUME13=2
CLOSE54=1
CLOSE38=1
CLOSE32=1
CLOSE30=1
CLOSE27=1
CLOSE25=1
CLOSE20=1
CLOSE19=1
CLOSE13=1
CLOSE7=1
CLOSE6=1
OPEN59=1
OPEN53=1
OPEN45=1
OPEN44=1
OPEN41=1
OPEN39=1
OPEN23=1
OPEN13=1
OPEN12=1
OPEN8=1
OPEN5=1
OPEN1=1
HIGH55=1
HIGH23=1
HIGH22=1
HIGH17=1
HIGH16=1
HIGH12=1
HIGH7=1
LOW58=1
LOW56=1
LOW53=1
LOW38=1
LOW31=1
LOW17=1
LOW15=1
LOW10=1
LOW4=1
VWAP29=1
VWAP24=1
VWAP22=1
VWAP19=1
VWAP17=1
VWAP12=1
VWAP10=1
VWAP9=1
VWAP2=1
VOLUME31=1
VOLUME12=1
VOLUME10=1
VOLUME2=1
VOLUME1=1

parameters:
[boosting: gbdt]
[objective: regression]
[metric: l2]
[tree_learner: serial]
[device_type: cpu]
[data_sample_strategy: bagging]
[data: ]
[valid: ]
[num_iterations: 500]
[learning_rate: 0.03]
[num_leaves: 31]
[num_threads: 12]
[seed: 20260812]
[deterministic: 1]
[force_col_wise: 1]
[force_row_wise: 0]
[histogram_pool_size: -1]
[max_depth: 7]
[min_data_in_leaf: 100]
[min_sum_hessian_in_leaf: 0.001]
[bagging_fraction: 0.8]
[pos_bagging_fraction: 1]
[neg_bagging_fraction: 1]
[bagging_freq: 1]
[bagging_seed: 20260812]
[bagging_by_query: 0]
[feature_fraction: 0.8]
[feature_fraction_bynode: 1]
[feature_fraction_seed: 20260812]
[extra_trees: 0]
[extra_seed: 9622]
[early_stopping_round: 0]
[early_stopping_min_delta: 0]
[first_metric_only: 0]
[max_delta_step: 0]
[lambda_l1: 10]
[lambda_l2: 20]
[linear_lambda: 0]
[min_gain_to_split: 0]
[drop_rate: 0.1]
[max_drop: 50]
[skip_drop: 0.5]
[xgboost_dart_mode: 0]
[uniform_drop: 0]
[drop_seed: 26770]
[top_rate: 0.2]
[other_rate: 0.1]
[min_data_per_group: 100]
[max_cat_threshold: 32]
[cat_l2: 10]
[cat_smooth: 10]
[max_cat_to_onehot: 4]
[top_k: 20]
[monotone_constraints: ]
[monotone_constraints_method: basic]
[monotone_penalty: 0]
[feature_contri: ]
[forcedsplits_filename: ]
[refit_decay_rate: 0.9]
[cegb_tradeoff: 1]
[cegb_penalty_split: 0]
[cegb_penalty_feature_lazy: ]
[cegb_penalty_feature_coupled: ]
[path_smooth: 0]
[interaction_constraints: ]
[verbosity: 1]
[saved_feature_importance_type: 0]
[use_quantized_grad: 0]
[num_grad_quant_bins: 4]
[quant_train_renew_leaf: 0]
[stochastic_rounding: 1]
[linear_tree: 0]
[max_bin: 255]
[max_bin_by_feature: ]
[min_data_in_bin: 3]
[bin_construct_sample_cnt: 200000]
[data_random_seed: 20260812]
[is_enable_sparse: 1]
[enable_bundle: 1]
[use_missing: 1]
[zero_as_missing: 0]
[feature_pre_filter: 1]
[pre_partition: 0]
[two_round: 0]
[header: 0]
[label_column: ]
[weight_column: ]
[group_column: ]
[ignore_column: ]
[categorical_feature: ]
[forcedbins_filename: ]
[precise_float_parser: 0]
[parser_config_file: ]
[objective_seed: 6428]
[num_class: 1]
[is_unbalance: 0]
[scale_pos_weight: 1]
[sigmoid: 1]
[boost_from_average: 1]
[reg_sqrt: 0]
[alpha: 0.9]
[fair_c: 1]
[poisson_max_delta_step: 0.7]
[tweedie_variance_power: 1.5]
[lambdarank_truncation_level: 30]
[lambdarank_norm: 1]
[label_gain: ]
[lambdarank_position_bias_regularization: 0]
[eval_at: ]
[multi_error_top_k: 1]
[auc_mu_weights: ]
[num_machines: 1]
[local_listen_port: 12400]
[time_out: 120]
[machine_list_filename: ]
[machines: ]
[gpu_platform_id: -1]
[gpu_device_id: -1]
[gpu_use_dp: 0]
[num_gpu: 1]

end of parameters

pandas_categorical:null
