tree
version=v4
num_class=1
num_tree_per_iteration=1
label_index=0
max_feature_idx=162
objective=regression
feature_names=KMID KLEN KMID2 KUP KUP2 KLOW KLOW2 KSFT KSFT2 OPEN0 HIGH0 LOW0 VWAP0 ROC5 ROC10 ROC20 ROC30 ROC60 MA5 MA10 MA20 MA30 MA60 STD5 STD10 STD20 STD30 STD60 BETA5 BETA10 BETA20 BETA30 BETA60 RSQR5 RSQR10 RSQR20 RSQR30 RSQR60 RESI5 RESI10 RESI20 RESI30 RESI60 MAX5 MAX10 MAX20 MAX30 MAX60 MIN5 MIN10 MIN20 MIN30 MIN60 QTLU5 QTLU10 QTLU20 QTLU30 QTLU60 QTLD5 QTLD10 QTLD20 QTLD30 QTLD60 RANK5 RANK10 RANK20 RANK30 RANK60 RSV5 RSV10 RSV20 RSV30 RSV60 IMAX5 IMAX10 IMAX20 IMAX30 IMAX60 IMIN5 IMIN10 IMIN20 IMIN30 IMIN60 IMXD5 IMXD10 IMXD20 IMXD30 IMXD60 CORR5 CORR10 CORR20 CORR30 CORR60 CORD5 CORD10 CORD20 CORD30 CORD60 CNTP5 CNTP10 CNTP20 CNTP30 CNTP60 CNTN5 CNTN10 CNTN20 CNTN30 CNTN60 CNTD5 CNTD10 CNTD20 CNTD30 CNTD60 SUMP5 SUMP10 SUMP20 SUMP30 SUMP60 SUMN5 SUMN10 SUMN20 SUMN30 SUMN60 SUMD5 SUMD10 SUMD20 SUMD30 SUMD60 VMA5 VMA10 VMA20 VMA30 VMA60 VSTD5 VSTD10 VSTD20 VSTD30 VSTD60 WVMA5 WVMA10 WVMA20 WVMA30 WVMA60 VSUMP5 VSUMP10 VSUMP20 VSUMP30 VSUMP60 VSUMN5 VSUMN10 VSUMN20 VSUMN30 VSUMN60 VSUMD5 VSUMD10 VSUMD20 VSUMD30 VSUMD60 ORC_GAP_CONFIRMATION_20 ORC_GAP_ABSORPTION_20 ORC_OVERNIGHT_DOMINANCE_20 ORC_CLOSE_PRESSURE_VOLUME_20 ORC_INTRADAY_RANGE_RETURN_10
feature_infos=[-0.16749253869056702:0.24100260436534882] [0:0.49935737252235413] [-1:1] [0:0.27153289318084717] [0:1] [0:0.2003205418586731] [0:1] [-0.31147539615631104:0.23587034642696381] [-1:1] [0.80580008029937744:1.2011904716491699] [1:1.365384578704834] [0.79261672496795654:1] [0.90894031524658203:1.0927579402923584] [0.57777780294418335:1.6790908575057983] [0.54954206943511963:1.8924485445022583] [0.46860837936401367:2.2146341800689697] [0.46312057971954346:2.740487813949585] [0.36440131068229675:2.649662971496582] [0.74611109495162964:1.3455072641372681] [0.65066665410995483:1.4951817989349365] [0.60133224725723267:1.7117466926574707] [0.56646168231964111:1.9959673881530762] [0.4937971830368042:1.8649090528488159] [0:0.26957115530967712] [0:0.32280367612838745] [0:0.36472421884536743] [0:0.57258552312850952] [0:0.50059491395950317] [-0.16409091651439667:0.12254486232995987] [-0.11048160493373871:0.12254486232995987] [-0.11048160493373871:0.12254486232995987] [-0.11048160493373871:0.12254486232995987] [-0.11048160493373871:0.12254486232995987] [0:1] [0:1] [0:1] [0:1] [0:1] [-0.15193372964859009:0.13264167308807373] [-0.24554997682571411:0.20802642405033112] [-0.40848860144615173:0.27864286303520203] [-0.44566619396209717:0.33016127347946167] [-0.96870207786560059:0.3971981406211853] [1:1.6472727060317993] [1:1.9298244714736938] [1:2.2439024448394775] [1:3.3160974979400635] [1:3.3160974979400635] [0.5718809962272644:1] [0.54045307636260986:1] [0.4660193920135498:1] [0.43721681833267212:1] [0.34664765000343323:1] [0.86488890647888184:1.4843636751174927] [0.72140765190124512:1.7869091033935547] [0.59200000762939453:2.054157018661499] [0.56569522619247437:2.423609733581543] [0.56576049327850342:2.3250908851623535] [0.60694897174835205:1.2689855098724365] [0.54922223091125488:1.4057971239089966] [0.49352750182151794:1.5574545860290527] [0.47533980011940002:1.5740000009536743] [0.39857602119445801:1.5950908660888672] [0.20000000298023224:1] [0.10000000149011612:1] [0.05000000074505806:1] [0.033333335071802139:1] [0.01666666753590107:1] [0:1] [0:1] [0:1] [0:1] [0:1] [0.20000000298023224:1] [0.10000000149011612:1] [0.05000000074505806:1] [0.033333335071802139:1] [0.01666666753590107:1] [0.20000000298023224:1] [0.10000000149011612:1] [0.05000000074505806:1] [0.033333335071802139:1] [0.01666666753590107:1] [-0.80000001192092896:0.80000001192092896] [-0.89999997615814209:0.89999997615814209] [-0.94999998807907104:0.94999998807907104] [-0.96666663885116577:0.96666663885116577] [-0.98333334922790527:0.98333334922790527] [-1:1] [-1:1] [-1:1] [-1:1] [-1:1] [-1:1] [-1:1] [-1:1] [-1:1] [-1:1] [0:1] [0:1] [0:0.89999997615814209] [0:0.89999997615814209] [0:0.89999997615814209] [0:1] [0:1] [0:0.89999997615814209] [0:0.8571428656578064] [0:0.8571428656578064] [-1:1] [-1:1] [-0.8571428656578064:0.89999997615814209] [-0.8571428656578064:0.89999997615814209] [-0.8571428656578064:0.89999997615814209] [0:1] [0:1] [0:1] [0:1] [0:1] [0:1] [0:1] [0:1] [0:1] [0:1] [-1:1] [-1:1] [-1:1] [-1:1] [-1:1] [0.20013266801834106:26452.083984375] [0.10012400150299072:23627.859375] [0.050104878842830658:12145.7685546875] [0.034610312432050705:10268.4287109375] [0.017187755554914474:8419.4609375] [0.00080492562847211957:59102.5] [0.0021778203081339598:49210.34375] [0.0021778203081339598:42161.07421875] [0.0021778203081339598:37016.7265625] [0.0021778203081339598:26455.013671875] [0:2.2360680103302002] [0:3.1615598201751709] [0:4.4708261489868164] [0:5.4611344337463379] [0:7.5986995697021484] [0:1] [0:1] [0:1] [0:1] [0:1] [0:1] [0:1] [0:1] [0:1] [0:1] [-1:1] [-1:1] [-1:1] [-1:1] [-1:1] [-0.67106980085372925:0.70026850700378418] [-151.62043762207031:28.931533813476562] [-1925766528:713.27764892578125] [-222.41180419921875:4676.52978515625] [-754.3636474609375:1427.6710205078125]
tree_sizes=3101 3079 3113 3085 2965 3051 3033 2976 3043 3091 3026 3075

Tree=0
num_leaves=31
num_cat=0
split_feature=16 40 25 27 38 48 34 39 62 29 57 38 30 38 35 30 1 81 11 86 60 138 116 82 38 117 121 119 76 128
split_gain=190.239 130.16 128.043 120.884 151.534 120.008 106.762 106.624 124.975 91.0648 137.965 89.5647 79.9167 75.6056 76.5768 60.0289 68.9917 59.2318 90.2366 82.54 57.3801 55.9775 54.1227 52.0907 50.9176 43.3602 42.1628 64.6935 40.7589 38.5667
threshold=1.2240124940872195 -0.048549711704254143 0.01273239078000188 0.072482060641050353 -0.016385068185627457 0.94386580586433422 0.20541002601385119 0.06152723357081414 0.68379566073417675 -0.00058581697521731247 1.179338335990906 -0.015565030742436646 -0.0054647093638777724 0.020238649100065235 0.82400292158126842 -0.0071770725771784774 0.054401578381657607 0.15000000596046451 0.99713197350502025 0.48333333432674414 0.99200001358985912 0.93116387724876415 0.35726498067379003 0.14166667312383655 0.032790759578347213 0.61352169513702404 0.36599712073802954 0.45384621620178228 0.18333333730697635 0.87852004170417797
decision_type=10 8 10 10 10 10 10 10 10 10 10 8 10 10 10 10 10 2 10 2 8 10 10 2 10 10 10 10 2 10
left_child=1 3 20 26 6 -6 23 9 -9 13 11 -11 -8 14 -4 16 21 18 -7 -19 25 -2 -18 -5 -10 -3 -1 -28 -12 -15
right_child=15 2 7 4 5 17 12 8 24 10 28 -13 -14 29 -16 -17 22 19 -20 -21 -22 -23 -24 -25 -26 -27 27 -29 -30 -31
leaf_value=0.009375246376494107 0.00041499869151065969 0.00266058523173813 -0.0013644090393884233 3.2049715509296416e-10 -0.00430680265210327 0.017335784676842401 0.010119044916951057 -0.031284630604254487 -0.0012654862326226561 -0.0034772572051296508 0.0080271496951526949 9.4788376678444852e-05 -0.012704720710870317 0.0070003072421754948 0.00079295611727532632 0.00076848483494960755 0.019297300445676093 0.010132667180143591 0.00048900059826480853 -0.0023386799420386595 0.00019673310327077706 0.011367686605764574 0.0021719893928952468 0.018078140878885526 -0.018057415939508079 -0.00063406229258948857 -0.010641796219400671 0.00013864643783223347 0.00012496477646906798 0.00051028879655304219
leaf_weight=354 1108 22910 112846 282 538 1582 137 177 935 6545 2488 166243 767 1482 16846 1308 748 1595 395 619 27853 724 272 227 192 4089 541 4229 870 2080
leaf_count=354 1108 22910 112846 282 538 1582 137 177 935 6545 2488 166243 767 1482 16846 1308 748 1595 395 619 27853 724 272 227 192 4089 541 4229 870 2080
internal_value=-2.25372e-07 -7.16126e-05 -0.000170347 0.00310014 0.00593358 0.00851579 -0.00249739 -0.000406986 -0.00891222 -0.000369596 7.64899e-05 -3.91671e-05 -0.00877698 -0.000961443 -0.00108179 0.00636382 0.00880231 0.0102457 0.0141587 0.00652186 0.00116426 0.00498147 0.0151486 0.00799843 -0.00465276 0.00215041 -0.000247783 -0.00106074 0.0060815 0.00331828
internal_weight=380982 376822 365556 11266 6142 4729 1413 310704 1304 309400 176146 172788 904 133254 129692 4160 2852 4191 1977 2214 54852 1832 1020 509 1127 26999 5124 4770 3358 3562
internal_count=380982 376822 365556 11266 6142 4729 1413 310704 1304 309400 176146 172788 904 133254 129692 4160 2852 4191 1977 2214 54852 1832 1020 509 1127 26999 5124 4770 3358 3562
is_linear=0
shrinkage=1


Tree=1
num_leaves=31
num_cat=0
split_feature=56 30 41 36 53 1 16 21 116 34 33 36 33 28 44 32 10 32 1 10 26 15 37 1 6 16 49 37 30 153
split_gain=189.006 156.643 177.95 133.329 114.279 107.193 107.03 101.086 95.6198 89.5739 85.8786 77.3704 77.2611 76.7177 91.6316 136.078 71.5779 69.6494 72.2305 63.5484 66.9215 59.4003 67.4777 49.4977 48.08 48.0559 46.9879 46.2243 49.8987 46.0375
threshold=1.1617433428764345 -0.00032910650770645583 -0.062654282897710786 0.65141305327415477 1.0947656035423281 0.054401578381657607 0.93389651179313671 0.80221697688102733 0.35502959787845617 0.8553220033645631 0.92574757337570202 0.79130718111991893 0.69054347276687633 -0.015333874151110647 1.0355614423751833 0.0064178896136581906 1.0238640904426577 -0.0050270666833966962 0.022604981437325481 1.0188921093940737 0.031087645329535011 0.95494559407234203 0.78138533234596264 0.10041717067360879 0.28571669757366186 0.89030659198760997 0.93813326954841625 0.83165457844734203 -0.0071770725771784774 -0.24446706473827359
decision_type=10 8 8 10 10 10 8 8 10 10 10 10 10 8 8 10 10 10 10 10 10 8 10 10 10 10 10 10 10 8
left_child=1 6 3 -3 11 10 21 9 -7 23 12 24 29 19 16 -16 -15 27 -19 -9 -21 -1 25 -4 -5 -23 -24 -8 -29 -2
right_child=5 2 7 4 -6 8 17 13 -10 -11 -12 -13 -14 14 15 -17 -18 18 -20 20 -22 22 26 -25 -26 -27 -28 28 -30 -31
leaf_value=0.0019591964228606535 0.0059533665063268206 0.00088692547134893059 -0.007259161140328668 0.012630806666811706 -0.0082931790751659424 0.015207804460915375 -2.651508563868464e-05 0.00042815769776072564 0.0023990213062473386 0.0046246582800848791 -0.0058505432374079333 0.022214800127179975 0.0080268581867486283 0.00057510316015091628 -0.00043578525387794146 -0.008327323934315331 0.0043348677798503189 -0.00032708011383665022 -0.0017924341782444354 -0.0030943008985653982 0.012380069380618357 -0.013277101651506704 -0.0082319408308779984 -0.023217214692447145 0 -0.0054822218125893819 0.0053597091714057375 0.0002281609454761076 0.0089433805725512624 -0.0013714412950081895
leaf_weight=887 1089 2153 760 961 207 1314 2492 1445 982 351 944 677 2280 146148 52436 2031 4716 104128 43094 269 1246 1168 322 275 420 2546 654 1063 1559 2423
leaf_count=887 1089 2153 760 961 207 1314 2492 1445 982 351 944 677 2280 146148 52436 2031 4716 104128 43094 269 1246 1168 322 275 420 2546 654 1063 1559 2423
internal_value=3.18683e-05 -7.15564e-05 0.000456237 0.00640463 0.0114645 0.00431559 -0.000788994 0.000328872 0.00992704 -0.00767815 0.00233477 0.0136569 0.003736 0.000384324 0.000313379 -0.000738504 0.00069518 -0.00063694 -0.000758233 0.00516985 0.00943252 -0.00487162 -0.00623003 -0.0121433 0.0089902 -0.00807193 0.000499117 0.00278576 0.00555212 0.000835745
internal_weight=381040 372008 214095 4418 2265 9032 157913 209677 2296 1386 6736 2058 5792 208291 205331 54467 150864 152336 147222 2960 1515 5577 4690 1035 1381 3714 976 5114 2622 3512
internal_count=381040 372008 214095 4418 2265 9032 157913 209677 2296 1386 6736 2058 5792 208291 205331 54467 150864 152336 147222 2960 1515 5577 4690 1035 1381 3714 976 5114 2622 3512
is_linear=0
shrinkage=0.03


Tree=2
num_leaves=31
num_cat=0
split_feature=56 39 30 28 38 17 49 62 71 33 69 151 62 10 25 116 1 35 52 28 38 1 37 22 53 37 29 30 85 26
split_gain=171.711 126.106 113.682 129.984 116.331 252.588 114.621 105.328 101.424 100.476 98.8358 97.7361 85.1712 101.32 90.9803 73.7979 88.2533 66.9631 60.6723 74.4145 60.1318 58.8227 57.779 56.2475 81.2169 66.189 54.8099 54.5437 49.2902 49.2207
threshold=1.1804987788200381 0.06152723357081414 -0.00032910650770645583 -0.0093749975785613043 -0.015565030742436646 0.74951386451721203 0.82381132245063793 0.68379566073417675 0.57780587673187267 0.97743725776672374 0.32876682281494146 0.49146120250225073 0.81897664070129406 1.0238640904426577 0.011856716126203539 0.38532115519046789 0.061432123184204109 0.89757767319679271 0.70250633358955394 -0.020468544214963909 -0.00029686579364351923 0.065133091062307372 0.8793131709098817 0.95120167732238781 0.99119314551353466 0.72632572054862987 0.0021346495486795907 0.0025643863482400779 -0.62499999999999989 0.051901854574680335
decision_type=10 10 8 8 8 8 10 10 10 10 10 10 8 10 10 10 10 10 10 10 10 10 10 10 10 10 10 10 2 10
left_child=1 2 6 8 5 17 -1 -3 18 15 11 -10 13 -6 -14 16 20 -5 19 -4 22 -12 -2 24 26 -26 -8 -7 -18 -25
right_child=9 7 3 4 12 27 23 -9 10 -11 21 -13 14 -15 -16 -17 28 -19 -20 -21 -22 -23 -24 29 25 -27 -28 -29 -30 -31
leaf_value=0.015349472103116567 0.010685820218002812 -0.029383847234173539 -0.0020853427377459342 -0.01048644977897507 0.001226190478365381 -0.0056479384166403706 -0.014905921034052645 -0.0052323715713185571 0.018167983257589622 -0.014140267297139634 0.0040256961868104972 0.0051935681881487865 0.0016067311998668626 0.0070580972484017394 -0.00021034122113994469 -0.00064312892262276494 0.018062342252551898 -0.028245785015333983 0.00072106195374168952 0.016827584409873902 0.00043167865279644256 -0.010648502891058393 -0.0029421599302138501 -0.000761318439437739 -0.0047383333144386374 0.0016471176271064753 -0.001145938142806699 0.0014854097899179327 0.0006943855913553031 0.0009935404346619913
leaf_weight=380 1659 189 259 1469 17560 1259 801 1060 1021 210 2185 1273 30069 3200 140416 1188 891 249 9745 458 1581 249 288 137040 3087 2652 460 3857 221 15914
leaf_count=380 1659 189 259 1469 17560 1259 801 1060 1021 210 2185 1273 30069 3200 140416 1188 891 249 9745 458 1581 249 288 137040 3087 2652 460 3857 221 15914
internal_value=-4.73049e-06 -8.64863e-05 -5.36078e-05 0.000399247 0.000192387 -0.00364418 -0.000657821 -0.00952891 0.0030732 0.00500485 0.00672712 0.0112049 0.00033142 0.0021455 0.000108533 0.00579201 0.00749969 -0.0135284 0.0013836 0.00971747 0.00499617 0.00232772 0.00850804 -0.000699638 -0.00333457 -0.00174004 -0.0102169 -0.000226787 0.0149489 -0.000576668
internal_weight=380890 374852 373603 213269 198079 6834 160334 1249 15190 6038 4728 2294 191245 20760 170485 5828 4640 1718 10462 717 3528 2434 1947 159954 7000 5739 1261 5116 1112 152954
internal_count=380890 374852 373603 213269 198079 6834 160334 1249 15190 6038 4728 2294 191245 20760 170485 5828 4640 1718 10462 717 3528 2434 1947 159954 7000 5739 1261 5116 1112 152954
is_linear=0
shrinkage=0.03


Tree=3
num_leaves=31
num_cat=0
split_feature=46 30 41 38 17 50 39 1 25 26 57 53 49 158 85 77 53 27 27 60 87 86 86 52 9 18 44 138 33 14
split_gain=154.251 144.257 154.046 144.503 205.729 142.526 124.146 97.7122 99.0399 95.4547 91.081 110.162 95.1869 79.9979 70.0131 69.5861 96.7133 84.5372 75.7247 58.5332 55.9522 55.4547 75.9147 69.0313 54.2262 79.4646 52.6157 51.0436 50.6181 51.2458
threshold=1.2150713205337527 -0.00032910650770645583 -0.062654282897710786 -0.016385068185627457 0.74246636033058178 0.700454741716385 0.036110768094658859 0.029530177824199203 0.013552388641983272 0.040962092578411109 0.99584764242172252 1.0947656035423281 0.95471328496932995 -0.045094579458236687 -0.82500001788139332 0.32500000298023229 0.99119314551353466 0.045475816354155547 0.089357569813728346 0.95199653506279003 0.5416666865348817 -0.78333333134651173 -0.84999999403953541 0.97360989451408397 1.0198270678520205 1.0354668498039248 1.1307602524757387 0.88656166195869457 0.54516717791557323 1.0625418424606325
decision_type=10 8 8 8 8 8 10 8 10 10 10 10 10 8 2 2 10 10 10 10 2 2 2 10 10 10 10 10 10 10
left_child=1 15 10 4 24 6 -5 8 -7 -9 11 12 -3 14 -2 18 17 -17 -1 -19 -18 22 28 -24 -4 -26 27 -6 -15 -30
right_child=13 2 3 5 26 7 -8 9 -10 -11 -12 -13 -14 21 -16 16 20 19 -20 -21 -22 -23 23 -25 25 -27 -28 -29 29 -31
leaf_value=-0.00029679624991197799 0.02731319338830673 0.0069714080130589716 -0.004117855561782075 -0.0001986574682223934 -0.0057473311215410754 0.0014913373864608519 -0.023606450618091752 0.00030949998167739424 -0.00019973125553754938 0.0033654173876172685 0.0031900549045189978 -0.0094139208835195328 0.02620914164471885 -0.0030653199760615531 0.0024285568462880437 -0.001440800524024751 -0.0015190209049062108 -0.00040027224285543885 0.0043745342078832621 -0.011652189045814196 0.00049997890010342809 0.001164662149512733 0.01495466720920789 0.00048782425737046699 -0.021656780077824345 0.0019189150027058858 0.0086318479766388147 0.00081485193648699647 0.016455427695997057 0.0028972020542447248
leaf_weight=75442 218 559 417 458 1930 41635 391 17700 123063 19689 3009 141 494 927 237 2708 56324 598 3235 1982 15552 7111 1090 467 832 121 421 2200 300 1723
leaf_count=75442 218 559 417 458 1930 41635 391 17700 123063 19689 3009 141 494 927 237 2708 56324 598 3235 1982 15552 7111 1090 467 832 121 421 2200 300 1723
internal_value=7.10026e-05 -3.7483e-05 0.000469012 0.000352753 -0.00425386 0.000489043 -0.0116193 0.000542542 0.000226072 0.0019277 0.0061461 0.0131732 0.0165964 0.00340526 0.0156309 -0.00073184 -0.00137214 -0.00529494 -9.98479e-05 -0.00918271 -0.00107797 0.00287465 0.00548928 0.010867 -0.0143745 -0.0183772 -0.00109203 -0.00219237 0.00249586 0.00519606
internal_weight=380974 368901 213060 208857 5921 202936 849 202087 164698 37389 4203 1194 1053 12073 455 155841 77164 5288 78677 2580 71876 11618 4507 1557 1370 953 4551 4130 2950 2023
internal_count=380974 368901 213060 208857 5921 202936 849 202087 164698 37389 4203 1194 1053 12073 455 155841 77164 5288 78677 2580 71876 11618 4507 1557 1370 953 4551 4130 2950 2023
is_linear=0
shrinkage=0.03


Tree=4
num_leaves=31
num_cat=0
split_feature=56 30 11 41 16 1 41 116 71 14 28 44 11 15 125 33 77 72 37 32 1 90 3 14 30 42 158 1 34 30
split_gain=179.669 125.398 151.585 147.619 93.5565 89.8525 84.9295 84.4374 77.358 124.144 74.9562 122.668 74.431 79.9106 64.2256 63.5936 67.529 62.3068 60.9878 59.7505 69.4508 57.7982 56.7637 46.7917 46.2933 43.7786 59.182 42.5664 42.316 40.2081
threshold=1.1804987788200381 -0.00032910650770645583 0.9256669580936433 -0.075394101440906511 0.93389651179313671 0.054401578381657607 0.091741211712360396 0.35502959787845617 0.57392868399620067 0.94922077655792247 -0.0093749975785613043 1.038013815879822 0.98301765322685253 0.75612297654151928 0.062500007450580611 0.97743725776672374 0.075000002980232253 0.61710873246192943 0.79403474926948558 -0.0050270666833966962 0.022471913136541847 0.48827464878559118 0.0096712093800306338 1.0670436620712282 -0.0012631859281100331 -0.092983506619930253 -0.011016933247447012 0.039999930188059814 0.81011152267456066 -0.0066772846039384595
decision_type=10 8 8 8 8 10 10 10 10 10 8 10 10 8 10 10 2 10 10 8 10 10 10 10 10 10 10 10 10 10
left_child=1 4 21 8 14 15 10 29 -4 -10 17 -12 13 -8 18 16 -2 -5 22 -6 -21 -3 24 -11 -1 26 -22 -18 -23 -7
right_child=5 2 3 6 19 7 12 -9 9 23 11 -13 -14 -15 -16 -17 27 -19 -20 20 25 28 -24 -25 -26 -27 -28 -29 -30 -31
leaf_value=-0.013222537505945891 -0.0038328398183472704 0 0.0032900470055041002 0.00076871061575886244 0.002490834929241811 0.017723793667745884 -0.0025827197486905486 0.0026318858833959285 -0.0090775569477209838 0.02365597587849088 0.00054957535729288219 -0.0013016965738334935 -0.0055537600027978674 0.01300451113436933 0 -0.015019568280670149 0.0076465974313559698 0.004981912988839746 0.0014951833883567161 -0.00024644607128594724 -0.007175471841477819 -0.020288197073026912 0 0.0019225014592097564 -0.003578548089338488 -0.0019516877150580153 0.0028042467005014201 0 0 0
leaf_weight=1746 868 259 1384 8117 5502 1006 341 844 133 593 155337 40574 326 1228 1961 154 2182 5389 598 104189 600 507 592 145 754 41399 3512 877 109 141
leaf_count=1746 868 259 1384 8117 5502 1006 341 844 133 593 155337 40574 326 1228 1961 154 2182 5389 598 104189 600 507 592 145 754 41399 3512 877 109 141
internal_value=1.29176e-05 -6.92501e-05 0.00040479 0.000457733 -0.000703056 0.0051243 0.000374374 0.0103663 0.00806536 0.0150723 0.000315329 0.000164544 0.00667137 0.00943818 -0.00449552 0.00245562 0.00328956 0.00247687 -0.00681707 -0.000562476 -0.000677017 -0.0119035 -0.00852035 0.019945 -0.0104844 -0.0016556 0.00124778 0.00541977 -0.0167686 0.0156579
internal_weight=381367 375295 214442 213567 160853 6072 211312 1991 2255 871 209417 195911 1895 1569 5651 4081 3927 13506 3690 155202 149700 875 3092 738 2500 45511 4112 3059 616 1147
internal_count=381367 375295 214442 213567 160853 6072 211312 1991 2255 871 209417 195911 1895 1569 5651 4081 3927 13506 3690 155202 149700 875 3092 738 2500 45511 4112 3059 616 1147
is_linear=0
shrinkage=0.03


Tree=5
num_leaves=31
num_cat=0
split_feature=40 27 29 57 53 11 22 27 40 3 79 5 109 14 36 14 79 4 41 82 82 62 78 11 162 87 126 12 51 134
split_gain=134.62 123.929 105.183 134.794 108.722 95.1525 92.645 78.1745 67.2748 64.8712 114.604 74.3887 64.4868 66.6728 79.739 101.358 86.8106 66.5905 61.8429 58.2741 54.3632 92.1212 69.7485 51.8907 51.1456 50.7867 47.8627 71.002 46.9442 46.6327
threshold=-0.042775878682732575 0.067863494157791152 -0.0014479957171715794 1.1696498990058901 0.9694495201110841 0.9256669580936433 1.1624702215194704 0.14053736627101901 0.029878373257815841 0.022845599800348285 0.15000000223517421 0.0049803925212472686 0.38750000298023229 0.81933182477951061 0.82490471005439769 0.94514337182044994 0.45000000298023229 0.31999911367893225 -0.066257402300834642 0.50833332538604747 0.22500000149011615 0.88774332404136669 0.70000001788139354 0.99592259526252758 0.056598333641886718 0.85833334922790538 -0.24840757995843885 1.0037041306495669 0.82841303944587719 0.26471136510372167
decision_type=8 10 8 10 10 8 10 10 10 10 2 10 2 10 10 10 2 10 10 2 2 10 10 10 10 2 10 10 10 8
left_child=1 19 4 5 24 29 20 9 -9 11 -11 -7 13 -3 16 17 25 -16 -17 -1 -6 22 -22 -18 -2 -15 27 -5 -23 -4
right_child=2 12 3 26 6 7 -8 8 -10 10 -12 -13 -14 14 15 18 23 -19 -20 -21 21 28 -24 -25 -26 -27 -28 -29 -30 -31
leaf_value=0.0023136096474382752 -0.0030804153379602175 0.019256205440925381 -0.00027102939223200983 0.011310497941586223 0 0.00054513882774968143 0.0038856233208040968 -0.011468627924014898 0.0044994845433865447 0.010384488212846559 -0.00043556929729137936 -0.000590969248468375 -0.0055825127047972357 0 -0.014197123070944817 0.024932304198784384 0.0075384288003666235 0.012070126473197135 0.0086384308593256166 -0.0030659084949310219 -0.0096110116647756608 0.0091984273873742094 -0.0015879240208287052 0.00089986218198614563 -0.022371395803827718 -0.015718303027198368 0.0018747326363880922 0.00076170931568424216 -0.0011686366287177647 -0.016304147209820874
leaf_weight=3617 289 301 311 1761 39382 144580 3687 904 276 1521 1937 80708 461 1799 183 437 3723 125 606 3565 2073 369 2040 1638 288 187 2613 946 79565 451
leaf_count=3617 289 301 311 1761 39382 144580 3687 904 276 1521 1937 80708 461 1799 183 437 3723 125 606 3565 2073 369 2040 1638 288 187 2613 946 79565 451
internal_value=-1.94606e-05 0.00261648 -0.000141036 0.00023324 -0.000835069 0.000122819 -0.000772456 0.000159621 -0.00747097 0.000200945 0.00426972 0.000136787 0.00487052 0.00545046 0.00489521 0.0116483 0.00358444 -0.00253612 0.0160882 -0.000316118 -0.000914636 -0.00134553 -0.00573118 0.00557672 -0.0136386 -0.00164593 0.00494681 0.00776671 -0.00111474 -0.0103184
internal_weight=380343 16642 363701 236008 127693 230688 127116 229926 1180 228746 3458 225288 9460 8999 8698 1351 7347 308 1043 7182 123429 84047 4113 5361 577 1986 5320 2707 79934 762
internal_count=380343 16642 363701 236008 127693 230688 127116 229926 1180 228746 3458 225288 9460 8999 8698 1351 7347 308 1043 7182 123429 84047 4113 5361 577 1986 5320 2707 79934 762
is_linear=0
shrinkage=0.03


Tree=6
num_leaves=31
num_cat=0
split_feature=46 30 41 51 53 38 17 50 18 3 79 16 23 25 158 35 117 26 74 37 84 27 0 62 52 35 37 37 16 10
split_gain=147.956 118.684 148.447 104.051 102.212 94.4005 216.982 106.644 131.484 92.8565 109.796 90.3167 81.3095 77.9699 68.8896 59.4594 59.0622 58.4834 83.454 72.6967 70.147 61.5098 60.6788 66.2292 56.7167 64.7895 53.1579 52.8566 51.6547 49.9197
threshold=1.2150713205337527 -0.00032910650770645583 -0.062654282897710786 0.83142599463462841 1.0947656035423281 -0.018541744910180565 0.74246636033058178 0.700454741716385 0.95460566878318798 0.020594920031726364 0.15000000223517421 0.89236450195312511 0.032203979790210731 0.011985725257545711 -0.045094579458236687 0.58645746111869823 0.59772604703903209 0.053688371554017074 0.45000000298023229 0.84720799326896679 0.65000000596046459 0.090549178421497359 0.017326733097434047 0.89787432551383983 0.87443751096725475 0.84379816055297863 0.91761156916618358 0.529169261455536 1.1064238548278811 1.0080341100692751
decision_type=10 8 8 10 10 8 8 8 10 10 2 8 10 10 8 10 10 10 2 10 2 10 10 10 10 8 10 10 10 10
left_child=1 11 3 4 12 6 26 8 -7 13 -11 16 27 -9 15 -2 -1 19 -19 22 28 -21 -13 -24 25 -8 -4 -3 -20 -22
right_child=14 2 5 -5 -6 7 24 9 -10 10 -12 17 -14 -15 -16 -17 -18 18 20 21 29 -23 23 -25 -26 -27 -28 -29 -30 -31
leaf_value=-0.011256120447437058 0 0 -0.018331770149122802 0.0016952133657146741 -0.014606793920509517 -0.020749701432155113 0.0043459996845040755 0.0016820195841460552 0.0015784303338520905 0.010080581538752246 0.00043862885344870097 -0.00078695993018196276 0.024829716344637782 4.0842933535536146e-05 0.0027916026650681492 0.022497351583160144 -0.00027787456987642069 -0.00043149803360719471 0.0005509778200821192 0.00089580500764836648 0.0059366561578500345 0.0093979310445835105 -0.010467707730889463 -0.0023277836216494692 -0.0078666484366490767 -0.0079638682459893424 0 0.0132710946477019 0.010026306461586166 -0.0069720002432586622
leaf_weight=1188 166 430 923 2368 100 459 2020 30902 420 1909 2526 121472 429 168168 11564 287 787 7075 790 9223 433 832 1001 10442 650 443 163 809 2017 616
leaf_count=1188 166 430 923 2368 100 459 2020 30902 420 1909 2526 121472 429 168168 11564 287 787 7075 790 9223 433 832 1001 10442 650 443 163 809 2017 616
internal_value=1.44237e-05 -9.16655e-05 0.000368207 0.00598562 0.011481 0.000254818 -0.00418168 0.000347832 -0.0099495 0.000394757 0.00468287 -0.00072113 0.0133773 0.000297256 0.00328814 0.0146754 -0.00707852 -0.000636688 0.00146685 -0.000799798 0.00501161 0.00164635 -0.000987326 -0.00308303 -2.93923e-05 0.00196479 -0.0155971 0.00884219 0.00748846 -0.00135162
internal_weight=380612 368595 212719 4136 1768 208583 4199 204384 879 203505 4435 155876 1668 199070 12017 453 1975 153901 10931 142970 3856 10055 132915 11443 3113 2463 1086 1239 2807 1049
internal_count=380612 368595 212719 4136 1768 208583 4199 204384 879 203505 4435 155876 1668 199070 12017 453 1975 153901 10931 142970 3856 10055 132915 11443 3113 2463 1086 1239 2807 1049
is_linear=0
shrinkage=0.03


Tree=7
num_leaves=31
num_cat=0
split_feature=40 15 29 57 27 84 54 1 90 27 26 17 14 40 161 81 42 28 52 0 1 10 35 62 16 68 73 18 37 52
split_gain=159.793 121.849 101.04 113.568 100.757 151.195 91.8236 71.6343 67.5747 65.613 78.5371 97.8943 75.7356 64.4514 58.9507 68.6328 61.2825 55.2713 94.5587 53.1067 47.3442 47.2759 49.9567 45.8307 44.419 45.3886 53.9494 43.6974 43.5414 41.5593
threshold=-0.042775878682732575 0.75612297654151928 -0.0016573990578763185 1.1696498990058901 0.067863494157791152 0.65000000596046459 1.0899796485900881 0.018367341719567779 0.83039942383766185 0.14053736627101901 0.10312818735837938 0.80358910560607921 0.89225390553474437 0.032881923019886024 0.036296129226684577 0.15000000596046451 -0.13267236202955243 -0.007024794351309537 0.6653878688812257 -0.035162376239895814 0.054401578381657607 1.015609920024872 0.37699149549007421 0.9325009584426881 1.0980392098426821 0.057692272588610656 0.70000001788139354 1.0593767166137698 0.90201637148857128 0.88015794754028331
decision_type=8 8 8 10 10 2 10 10 10 10 10 8 8 10 10 2 10 10 10 10 10 10 10 10 8 10 10 10 10 10
left_child=4 8 6 9 -1 14 7 -3 -2 10 12 -12 -4 -11 15 27 -17 18 -9 -7 -8 -16 -23 -19 -5 -26 -27 28 -6 -22
right_child=1 2 3 24 5 19 20 17 -10 13 11 -13 -14 -15 21 16 -18 23 -20 -21 29 22 -24 -25 25 26 -28 -29 -30 -31
leaf_value=0.00014009833771412355 -0.0027143859152045798 -0.00023084904053941 0.0028874047453161479 0 0.015633000326218366 -0.019636177915509697 0.0018608327298666502 0.018827738214275937 -0.014434739061602489 -0.010300210903755762 0.016436051203960494 -0.0036676517471071119 4.2936420770460301e-05 0.0063401047209833529 -0.0035729098582098712 0.013811092142511892 0.0029405240765634929 -0.0044112830080083884 -0.0006581824984135499 0 -0.0026066987461957104 0 0.0075766389174888914 -0.0018288650439429554 -0.0066966434171825476 0.01008137266670372 0.0027292574288733345 0 0 0.013462030393137691
leaf_weight=7227 1216 59457 8746 1364 1532 261 3554 206 773 962 562 305 223837 228 759 590 2649 8143 19852 219 141 1235 1886 29977 200 2124 1819 193 147 634
leaf_count=7227 1216 59457 8746 1364 1532 261 3554 206 773 962 562 305 223837 228 759 590 2649 8143 19852 219 141 1235 1886 29977 200 2124 1819 193 147 634
internal_value=-1.46022e-05 -0.000147059 -0.000105336 0.000250841 0.0028524 0.0048858 -0.000809034 -0.000969141 -0.00751704 0.000149382 0.000186732 0.00910236 0.000151428 -0.00681195 0.00578998 0.00793769 0.00508531 -0.00171817 -0.000424561 -0.0110047 0.00345714 0.00285774 0.00452992 -0.0023904 0.00450331 0.00604379 0.00679626 0.0126085 0.0141485 0.0101692
internal_weight=380798 364100 362111 240147 16698 9471 121964 117635 1989 234640 233450 867 232583 1190 8991 5111 3239 58178 20058 480 4329 3880 3121 38120 5507 4143 3943 1872 1679 775
internal_count=380798 364100 362111 240147 16698 9471 121964 117635 1989 234640 233450 867 232583 1190 8991 5111 3239 58178 20058 480 4329 3880 3121 38120 5507 4143 3943 1872 1679 775
is_linear=0
shrinkage=0.03


Tree=8
num_leaves=31
num_cat=0
split_feature=16 40 44 62 50 28 109 36 14 14 109 26 18 16 4 25 12 37 63 52 42 86 30 140 9 31 43 11 7 54
split_gain=143.583 99.0033 147.321 97.7017 91.4602 85.3564 83.4914 110.623 93.2942 91.6329 77.8247 76.4317 76.3003 75.546 71.2487 71.177 64.8014 63.8014 57.8951 76.702 55.0943 53.8567 52.2767 56.2292 51.1402 49.7369 51.1478 49.515 49.2724 48.4619
threshold=1.2240124940872195 -0.042775878682732575 1.0406504273414614 0.68379566073417675 0.700454741716385 -0.0046583847142755977 0.31666667759418493 0.82174530625343334 0.94297632575035106 0.81933182477951061 0.58571431040763866 0.10948996618390085 0.95460566878318798 1.1351175308227541 0.31999911367893225 0.01333036692813039 0.99252355098724376 0.42057342827320104 0.55000001192092907 0.70883601903915416 -0.092983506619930253 0.78333333134651195 -0.0071770725771784774 0.79636693000793468 1.0365544557571413 0.013219036627560856 1.0829388499259951 0.98969075083732616 0.022296557202935222 0.98070693016052257
decision_type=10 8 10 8 8 10 2 10 10 10 2 10 8 10 10 10 10 10 10 10 8 2 10 10 10 10 10 10 10 10
left_child=1 6 4 5 21 16 7 9 14 -1 12 13 17 15 -9 -6 -4 -5 28 -20 -14 -3 23 -2 27 26 -7 -12 -11 -15
right_child=22 2 3 10 11 25 -8 8 -10 18 24 -13 20 29 -16 -17 -18 -19 19 -21 -22 -23 -24 -25 -26 -27 -28 -29 -30 -31
leaf_value=0.01754398194347 -0.00063706813782535472 -0.019489291855064608 0.018534085105699424 -0.021584045733791739 0.0010912089449756229 -0.019343352838236294 -0.0077215039254681971 -0.015436480761932353 0.014125268912133252 0.0011573894212810441 0.0065654309677845623 0.011062658928058472 0.0019475203913558537 -0.006221807538413832 0.0121934933781706 -0.00011567906404975914 -0.0091498440858381602 -0.0014773220447720497 -0.0023992355140902461 0.012112541149315294 -0.001138759395043779 0.0014727701109970783 0.00029921062469916669 0.0097420279556576731 0.014556486199757815 0.0024639317785738078 0 -0.0075295513934731757 -0.0080672228930891588 0.0057553881259456482
leaf_weight=310 517 315 134 281 57839 705 686 182 1215 11225 656 570 5382 296 116 182075 118 342 445 929 108274 123 1314 2345 424 111 113 304 521 3181
leaf_count=310 517 315 134 281 57839 705 686 182 1215 11225 656 570 5382 296 116 182075 118 342 445 929 108274 123 1314 2345 424 111 113 304 521 3181
internal_value=-1.34033e-05 -7.56305e-05 -0.000177591 -0.00105417 0.000240314 -0.00959553 0.0022591 0.00274704 0.0104272 0.00184529 -0.000962718 0.000266642 -0.00105103 0.000239219 -0.00364734 0.000174097 0.00474842 -0.0114022 0.00142539 0.00723039 -0.000989657 -0.0131404 0.00550451 0.00777161 0.00602688 -0.0138207 -0.0163945 0.00173332 0.000709712 0.00462022
internal_weight=381048 376872 361243 116844 244399 1181 15629 14943 1513 13430 115663 243961 114279 243391 298 239914 252 623 13120 1374 113656 438 4176 2862 1384 929 818 960 11746 3477
internal_count=381048 376872 361243 116844 244399 1181 15629 14943 1513 13430 115663 243961 114279 243391 298 239914 252 623 13120 1374 113656 438 4176 2862 1384 929 818 960 11746 3477
is_linear=0
shrinkage=0.03


Tree=9
num_leaves=31
num_cat=0
split_feature=16 40 44 50 22 27 84 36 41 99 21 78 28 41 26 71 119 113 33 110 0 14 82 79 84 133 23 18 138 30
split_gain=136.632 93.1434 130.092 104.936 97.9849 84.3884 103.018 78.9745 92.6844 78.1834 76.6441 93.8315 94.0322 83.017 78.379 76.8474 68.5621 71.6734 67.9804 63.1962 56.1077 55.3144 54.1542 52.6472 51.7495 51.0317 47.5085 42.3533 41.5839 46.4005
threshold=1.2240124940872195 -0.042775878682732575 1.0410742163658144 0.700454741716385 0.78557598590850841 0.067863494157791152 0.65000000596046459 0.82490471005439769 -0.054831415414810174 0.76388889551162731 0.91699492931365978 0.30000000447034841 0.020192146301269535 -0.03970662131905555 0.065931156277656569 0.91160231828689586 0.15128778666257861 0.5312500298023225 0.36354219913482672 0.38675214350223547 -0.035162376239895814 0.81933182477951061 0.50833332538604747 0.65000000596046459 -0.65000000596046437 0.3811029344797135 0.027794314548373226 1.0090070366859438 0.49815417826175695 -0.0069055294152349225
decision_type=10 8 10 8 10 10 2 10 10 2 10 8 10 8 10 8 10 10 10 2 10 10 2 2 2 10 10 10 10 10
left_child=1 5 3 -3 16 22 7 19 26 18 11 15 -13 27 -15 -5 -4 -18 24 21 -8 -7 -1 -20 -6 -19 -9 -12 -2 -30
right_child=28 2 4 10 9 6 20 8 -10 -11 13 12 -14 14 -16 -17 17 25 23 -21 -22 -23 -24 -25 -26 -27 -28 -29 29 -31
leaf_value=0.0023463069983660706 -0.003219271275369136 -0.014180004494619362 0.0053534984405684679 0.0042469619118557372 -0.00039629285612111955 0.016475410839775578 -0.017815740391977929 0.0089008780536950442 0.0018729169929258365 0.0064009117170836611 -0.010969829668779475 0.003496611545723637 0.014165864246007699 7.7305022694029753e-05 0.0042164026509082103 -0.0011251853931232032 0.0068126550120031154 -0.023695024812447004 0.000910986324682741 -0.0068820249970775798 0.0010197075411497829 0.0038780967217950406 -0.002902917466926926 -0.0009163773620434033 -0.0027729395243775855 -0.0060663400126234647 0.029774284634436255 0.00042279675913353757 0.0086045637068545879 0.00094856208464825121
leaf_weight=3570 395 433 176 3392 12532 332 260 256 440 1275 895 5704 875 221831 4181 7923 104 436 18850 424 229 6361 3449 55905 26051 327 289 358 2622 1110
leaf_count=3570 395 433 176 3392 12532 332 260 256 440 1275 895 5704 875 221831 4181 7923 104 436 18850 424 229 6361 3449 55905 26051 327 289 358 2622 1110
internal_value=1.71152e-06 -5.70928e-05 -0.000155961 0.000233737 -0.000985964 0.00220901 0.00420088 0.00503673 0.0130532 -0.000898838 0.000261572 0.00215174 0.0049997 0.000111251 0.000155568 0.000463457 -0.0100808 -0.0136022 -0.000984718 0.00385174 -0.00871218 0.00459489 -0.000191359 -0.000451462 -0.00200937 -0.0168709 0.0211626 -0.00752363 0.00541817 0.00642461
internal_weight=380985 376858 361248 245592 115656 15610 8591 8102 985 114613 245159 17894 6579 227265 226012 11315 1043 867 113338 7117 489 6693 7019 74755 38583 763 545 1253 4127 3732
internal_count=380985 376858 361248 245592 115656 15610 8591 8102 985 114613 245159 17894 6579 227265 226012 11315 1043 867 113338 7117 489 6693 7019 74755 38583 763 545 1253 4127 3732
is_linear=0
shrinkage=0.03


Tree=10
num_leaves=31
num_cat=0
split_feature=56 38 17 40 60 29 52 48 35 58 26 3 33 116 34 5 161 38 26 126 1 81 139 37 39 124 8 119 35 27
split_gain=117.585 104.431 142.851 129.305 131.213 131.001 125.211 176.577 118.004 104.359 98.8773 94.9689 81.5049 69.7664 74.899 68.4264 67.8125 66.137 65.1786 63.6729 86.8056 61.5354 58.566 58.1458 49.1598 47.772 46.9478 46.7853 46.355 45.9979
threshold=1.1804987788200381 -0.015565030742436646 0.74951386451721203 -0.046395618468523019 0.74232456088066112 -0.0015494996332563458 0.79742470383644115 0.94758445024490368 0.86033383011817943 0.92648246884346019 0.061918910592794425 0.024605113081634048 0.97743725776672374 0.76650527119636547 0.23446183651685717 0.0048602637834846982 0.096694767475128188 0.020238649100065235 0.037100108340382583 -0.26021519303321833 0.065133091062307372 0.21666666865348819 0.92140084505081188 0.42941340804100042 -0.045984949916601174 0.1460676193237305 -0.78947120904922474 0.69696959853172313 0.75559026002883922 0.049124747514724738
decision_type=10 8 8 8 8 8 10 10 10 8 10 10 10 10 10 10 10 10 10 10 10 2 10 10 10 10 10 10 10 10
left_child=1 2 8 6 21 9 7 -3 13 23 15 -12 19 14 26 -7 -9 -11 28 20 27 -5 -20 -6 -16 -8 -1 -2 -4 -23
right_child=12 3 18 4 5 10 25 16 -10 17 11 -13 -14 -15 24 -17 -18 -19 22 -21 -22 29 -24 -25 -26 -27 -28 -29 -30 -31
leaf_value=0.01837601485889578 0.0096720087715520212 -0.0066706321795404174 -0.0058342804769608257 0 -0.029537460548234334 0.0005695205322194635 0.0015183212211114518 0.01373167055427579 -0.024897226634650275 -0.00092124099973251198 0.0019898063145182697 0.012347535778625605 -0.013633643567716609 0.014081917085833 0 -0.00055136474450628728 0.004112608169780381 0.003429696422212187 -0.0033510276955883412 -9.3043753226417836e-06 0.015154869549006487 0 0.0027602716917240191 -0.0059259026731117905 -0.015817078403300884 -0.0075375494838468273 -0.0036016966103516678 0.0017689526526620026 0.0089204644868732426 -0.022009933440627266
leaf_weight=109 1030 614 2946 253 147 138059 5169 2080 396 118184 16806 833 197 112 267 75778 1147 3184 2221 1647 886 123 3740 354 783 558 215 2285 172 427
leaf_count=109 1030 614 2946 253 147 138059 5169 2080 396 118184 16806 833 197 112 267 75778 1147 3184 2221 1647 886 123 3740 354 783 558 215 2285 172 427
internal_value=-2.24538e-05 -9.03088e-05 -0.00297275 -2.45964e-06 -9.63477e-05 -6.7622e-05 0.00343436 0.00761635 -0.0104737 -0.000864349 0.000350587 0.00250937 0.00412025 -0.00615123 -0.00819409 0.000170892 0.0104515 -0.00080408 -0.00136529 0.00481388 0.00676696 -0.0120632 0.000429522 -0.0142976 -0.0120997 0.000560617 0.00355845 0.00435773 -0.00487309 -0.0175292
internal_weight=380722 374677 10961 363716 354148 353345 9568 3841 1882 121869 231476 17639 6045 1486 1374 213837 3227 121368 9079 5848 4201 803 5961 501 1050 5727 324 3315 3118 550
internal_count=380722 374677 10961 363716 354148 353345 9568 3841 1882 121869 231476 17639 6045 1486 1374 213837 3227 121368 9079 5848 4201 803 5961 501 1050 5727 324 3315 3118 550
is_linear=0
shrinkage=0.03


Tree=11
num_leaves=31
num_cat=0
split_feature=41 36 78 25 158 54 18 38 17 86 24 21 6 26 26 49 47 35 122 0 138 59 42 38 146 86 5 92 140 13
split_gain=130.159 139.535 95.4918 92.9055 89.9946 88.9386 78.5718 76.3029 195.541 98.0248 108.828 103.542 94.8786 94.1738 83.8979 70.2101 82.296 68.1598 57.6926 55.8983 55.6702 54.5648 50.1652 53.4519 49.3401 59.7454 47.0487 60.4202 45.3267 39.1959
threshold=-0.066257402300834642 0.68360811471939098 0.70000001788139354 0.012364850845187904 -0.017232061363756653 1.0899796485900881 1.0593767166137698 -0.015565030742436646 0.74246636033058178 0.84999999403953563 0.018866796977818016 0.80221697688102733 0.4833343923091889 0.057690478861331947 0.061014553532004363 0.88296934962272655 1.1177685856819155 0.88953819870948803 0.27320991456508642 -0.0087240883149206621 0.62872180342674266 0.99047622084617626 -0.11807193607091902 -0.0082331122830510122 0.5038592815399171 0.75000000000000011 0.014270740095525982 0.70581161975860607 0.76182371377944957 0.99635338783264171
decision_type=8 10 10 10 10 10 10 8 8 2 10 8 10 10 8 10 10 10 10 10 10 10 10 10 10 2 10 10 10 8
left_child=1 22 21 -2 -4 7 24 8 17 11 13 19 -12 -11 -13 16 -10 18 -5 -9 -17 -3 26 -24 -6 -26 -1 -28 -7 -30
right_child=3 2 4 5 6 28 -8 9 15 10 12 14 -14 -15 -16 20 -18 -19 -20 -21 -22 -23 23 -25 25 -27 27 -29 29 -31
leaf_value=0.0019282466840125872 0.0010824655350487806 0.0049385071288455618 0.020983173070049068 0.0088537092384120275 -0.0012879037765378598 -0.0038920313948364363 -0.0081355495357799332 0.0036968239582291481 -0.0026784753880754798 -0.00010074082601118485 0.0041863973268241542 -0.00057551772799940967 -0.0024591135613509607 -0.014018507255251464 0.0012879544674990636 -0.0092868454207517166 0.010135852724497104 -0.026565542031732416 -0.011264889255107357 -0.015528518128993227 -0.0012974092919413227 0.031373813357336772 -0.0049717433720517503 0.0018356661686513502 0.0040399071414392862 0.022954793348513518 0.0062408447938635814 0.02997474573909285 -0.011194409271923913 0.0051932652668628789
leaf_weight=1560 50552 145 312 112 332 578 367 136 781 11521 12591 255628 2210 437 23661 936 945 271 1170 598 5319 261 1513 3153 452 263 552 121 106 4365
leaf_count=1560 50552 145 312 112 332 578 367 136 781 11521 12591 255628 2210 437 23661 936 945 271 1170 598 5319 261 1513 3153 452 263 552 121 106 4365
internal_value=-2.42104e-05 0.00352936 0.0102224 -0.000111491 0.00673978 -0.000300294 0.00313894 -0.000364311 -0.0030078 -0.000280989 0.00145045 -0.000447609 0.00317191 -0.000656963 -0.000416492 -0.00105855 0.0042014 -0.0126936 -0.00916784 -0.0115649 -0.00256655 0.023312 0.00139409 -0.000319487 0.00745052 0.0118409 0.00507893 0.0116828 0.00363672 0.00468982
internal_weight=380948 9031 2132 371917 1726 321365 1414 316316 9534 306782 26759 280023 14801 11958 279289 7981 1726 1553 1282 734 6255 406 6899 4666 1047 715 2233 673 5049 4471
internal_count=380948 9031 2132 371917 1726 321365 1414 316316 9534 306782 26759 280023 14801 11958 279289 7981 1726 1553 1282 734 6255 406 6899 4666 1047 715 2233 673 5049 4471
is_linear=0
shrinkage=0.03


end of trees

feature_importances:
KLEN=13
BETA20=13
RESI5=12
STD30=11
RSQR60=11
ROC30=10
STD60=10
ROC10=9
RESI30=9
RSQR20=8
RESI20=8
BETA5=7
RSQR5=7
MIN60=7
QTLD60=7
LOW0=6
ROC60=6
MA5=6
STD20=6
RSQR30=6
QTLU5=6
IMXD30=6
HIGH0=5
BETA10=5
MAX10=5
SUMP30=5
KMID=4
KUP=4
RSQR10=4
RESI10=4
RESI60=4
MIN10=4
MIN20=4
QTLU30=4
QTLU60=4
IMIN10=4
IMIN60=4
IMXD10=4
WVMA5=4
ORC_GAP_CONFIRMATION_20=4
KLOW=3
ROC20=3
MA30=3
MA60=3
BETA60=3
QTLU10=3
QTLD20=3
RSV30=3
IMIN5=3
IMIN30=3
CNTD10=3
SUMN10=3
KUP2=2
KLOW2=2
OPEN0=2
VWAP0=2
STD5=2
MAX30=2
MIN5=2
MIN30=2
IMAX60=2
IMXD20=2
IMXD60=2
CORR20=2
SUMP60=2
SUMD30=2
WVMA20=2
ORC_CLOSE_PRESSURE_VOLUME_20=2
KSFT=1
KSFT2=1
ROC5=1
STD10=1
BETA30=1
MAX5=1
MAX60=1
QTLD5=1
QTLD10=1
RANK5=1
RSV5=1
RSV10=1
RSV60=1
IMAX5=1
IMAX10=1
IMAX30=1
CORR60=1
CNTP10=1
CNTD20=1
SUMP5=1
SUMN30=1
SUMN60=1
SUMD10=1
SUMD20=1
VMA5=1
VSTD5=1
VSTD10=1
WVMA10=1
VSUMP30=1
VSUMN30=1
VSUMD5=1
ORC_INTRADAY_RANGE_RETURN_10=1

parameters:
[boosting: gbdt]
[objective: regression]
[metric: l2]
[tree_learner: serial]
[device_type: cpu]
[data_sample_strategy: bagging]
[data: ]
[valid: ]
[num_iterations: 500]
[learning_rate: 0.03]
[num_leaves: 31]
[num_threads: 12]
[seed: 20260814]
[deterministic: 1]
[force_col_wise: 1]
[force_row_wise: 0]
[histogram_pool_size: -1]
[max_depth: 7]
[min_data_in_leaf: 100]
[min_sum_hessian_in_leaf: 0.001]
[bagging_fraction: 0.8]
[pos_bagging_fraction: 1]
[neg_bagging_fraction: 1]
[bagging_freq: 1]
[bagging_seed: 20260814]
[bagging_by_query: 0]
[feature_fraction: 0.8]
[feature_fraction_bynode: 1]
[feature_fraction_seed: 20260814]
[extra_trees: 0]
[extra_seed: 17475]
[early_stopping_round: 0]
[early_stopping_min_delta: 0]
[first_metric_only: 0]
[max_delta_step: 0]
[lambda_l1: 10]
[lambda_l2: 20]
[linear_lambda: 0]
[min_gain_to_split: 0]
[drop_rate: 0.1]
[max_drop: 50]
[skip_drop: 0.5]
[xgboost_dart_mode: 0]
[uniform_drop: 0]
[drop_seed: 29730]
[top_rate: 0.2]
[other_rate: 0.1]
[min_data_per_group: 100]
[max_cat_threshold: 32]
[cat_l2: 10]
[cat_smooth: 10]
[max_cat_to_onehot: 4]
[top_k: 20]
[monotone_constraints: ]
[monotone_constraints_method: basic]
[monotone_penalty: 0]
[feature_contri: ]
[forcedsplits_filename: ]
[refit_decay_rate: 0.9]
[cegb_tradeoff: 1]
[cegb_penalty_split: 0]
[cegb_penalty_feature_lazy: ]
[cegb_penalty_feature_coupled: ]
[path_smooth: 0]
[interaction_constraints: ]
[verbosity: 1]
[saved_feature_importance_type: 0]
[use_quantized_grad: 0]
[num_grad_quant_bins: 4]
[quant_train_renew_leaf: 0]
[stochastic_rounding: 1]
[linear_tree: 0]
[max_bin: 255]
[max_bin_by_feature: ]
[min_data_in_bin: 3]
[bin_construct_sample_cnt: 200000]
[data_random_seed: 20260812]
[is_enable_sparse: 1]
[enable_bundle: 1]
[use_missing: 1]
[zero_as_missing: 0]
[feature_pre_filter: 1]
[pre_partition: 0]
[two_round: 0]
[header: 0]
[label_column: ]
[weight_column: ]
[group_column: ]
[ignore_column: ]
[categorical_feature: ]
[forcedbins_filename: ]
[precise_float_parser: 0]
[parser_config_file: ]
[objective_seed: 27057]
[num_class: 1]
[is_unbalance: 0]
[scale_pos_weight: 1]
[sigmoid: 1]
[boost_from_average: 1]
[reg_sqrt: 0]
[alpha: 0.9]
[fair_c: 1]
[poisson_max_delta_step: 0.7]
[tweedie_variance_power: 1.5]
[lambdarank_truncation_level: 30]
[lambdarank_norm: 1]
[label_gain: ]
[lambdarank_position_bias_regularization: 0]
[eval_at: ]
[multi_error_top_k: 1]
[auc_mu_weights: ]
[num_machines: 1]
[local_listen_port: 12400]
[time_out: 120]
[machine_list_filename: ]
[machines: ]
[gpu_platform_id: -1]
[gpu_device_id: -1]
[gpu_device_id_list: ]
[gpu_use_dp: 0]
[num_gpu: 1]

end of parameters

pandas_categorical:null
