tree
version=v4
num_class=1
num_tree_per_iteration=1
label_index=0
max_feature_idx=162
objective=regression
feature_names=KMID KLEN KMID2 KUP KUP2 KLOW KLOW2 KSFT KSFT2 OPEN0 HIGH0 LOW0 VWAP0 ROC5 ROC10 ROC20 ROC30 ROC60 MA5 MA10 MA20 MA30 MA60 STD5 STD10 STD20 STD30 STD60 BETA5 BETA10 BETA20 BETA30 BETA60 RSQR5 RSQR10 RSQR20 RSQR30 RSQR60 RESI5 RESI10 RESI20 RESI30 RESI60 MAX5 MAX10 MAX20 MAX30 MAX60 MIN5 MIN10 MIN20 MIN30 MIN60 QTLU5 QTLU10 QTLU20 QTLU30 QTLU60 QTLD5 QTLD10 QTLD20 QTLD30 QTLD60 RANK5 RANK10 RANK20 RANK30 RANK60 RSV5 RSV10 RSV20 RSV30 RSV60 IMAX5 IMAX10 IMAX20 IMAX30 IMAX60 IMIN5 IMIN10 IMIN20 IMIN30 IMIN60 IMXD5 IMXD10 IMXD20 IMXD30 IMXD60 CORR5 CORR10 CORR20 CORR30 CORR60 CORD5 CORD10 CORD20 CORD30 CORD60 CNTP5 CNTP10 CNTP20 CNTP30 CNTP60 CNTN5 CNTN10 CNTN20 CNTN30 CNTN60 CNTD5 CNTD10 CNTD20 CNTD30 CNTD60 SUMP5 SUMP10 SUMP20 SUMP30 SUMP60 SUMN5 SUMN10 SUMN20 SUMN30 SUMN60 SUMD5 SUMD10 SUMD20 SUMD30 SUMD60 VMA5 VMA10 VMA20 VMA30 VMA60 VSTD5 VSTD10 VSTD20 VSTD30 VSTD60 WVMA5 WVMA10 WVMA20 WVMA30 WVMA60 VSUMP5 VSUMP10 VSUMP20 VSUMP30 VSUMP60 VSUMN5 VSUMN10 VSUMN20 VSUMN30 VSUMN60 VSUMD5 VSUMD10 VSUMD20 VSUMD30 VSUMD60 ORC_GAP_CONFIRMATION_20 ORC_GAP_ABSORPTION_20 ORC_OVERNIGHT_DOMINANCE_20 ORC_CLOSE_PRESSURE_VOLUME_20 ORC_INTRADAY_RANGE_RETURN_10
feature_infos=[-0.16749253869056702:0.24100260436534882] [0:0.49935737252235413] [-1:1] [0:0.27153289318084717] [0:1] [0:0.2003205418586731] [0:1] [-0.31147539615631104:0.23587034642696381] [-1:1] [0.80580008029937744:1.2011904716491699] [1:1.365384578704834] [0.79261672496795654:1] [0.90894031524658203:1.0927579402923584] [0.57777780294418335:1.6790908575057983] [0.54954206943511963:1.8924485445022583] [0.46860837936401367:2.2146341800689697] [0.46312057971954346:2.740487813949585] [0.36440131068229675:2.649662971496582] [0.74611109495162964:1.3455072641372681] [0.65066665410995483:1.4951817989349365] [0.60133224725723267:1.7117466926574707] [0.56646168231964111:1.9959673881530762] [0.4937971830368042:1.8649090528488159] [0:0.26957115530967712] [0:0.32280367612838745] [0:0.36472421884536743] [0:0.57258552312850952] [0:0.50059491395950317] [-0.16409091651439667:0.12254486232995987] [-0.11048160493373871:0.12254486232995987] [-0.11048160493373871:0.12254486232995987] [-0.11048160493373871:0.12254486232995987] [-0.11048160493373871:0.12254486232995987] [0:1] [0:1] [0:1] [0:1] [0:1] [-0.15193372964859009:0.13264167308807373] [-0.24554997682571411:0.20802642405033112] [-0.40848860144615173:0.27864286303520203] [-0.44566619396209717:0.33016127347946167] [-0.96870207786560059:0.3971981406211853] [1:1.6472727060317993] [1:1.9298244714736938] [1:2.2439024448394775] [1:3.3160974979400635] [1:3.3160974979400635] [0.5718809962272644:1] [0.54045307636260986:1] [0.4660193920135498:1] [0.43721681833267212:1] [0.34664765000343323:1] [0.86488890647888184:1.4843636751174927] [0.72140765190124512:1.7869091033935547] [0.59200000762939453:2.054157018661499] [0.56569522619247437:2.423609733581543] [0.56576049327850342:2.3250908851623535] [0.60694897174835205:1.2689855098724365] [0.54922223091125488:1.4057971239089966] [0.49352750182151794:1.5574545860290527] [0.47533980011940002:1.5740000009536743] [0.39857602119445801:1.5950908660888672] [0.20000000298023224:1] [0.10000000149011612:1] [0.05000000074505806:1] [0.033333335071802139:1] [0.01666666753590107:1] [0:1] [0:1] [0:1] [0:1] [0:1] [0.20000000298023224:1] [0.10000000149011612:1] [0.05000000074505806:1] [0.033333335071802139:1] [0.01666666753590107:1] [0.20000000298023224:1] [0.10000000149011612:1] [0.05000000074505806:1] [0.033333335071802139:1] [0.01666666753590107:1] [-0.80000001192092896:0.80000001192092896] [-0.89999997615814209:0.89999997615814209] [-0.94999998807907104:0.94999998807907104] [-0.96666663885116577:0.96666663885116577] [-0.98333334922790527:0.98333334922790527] [-1:1] [-1:1] [-1:1] [-1:1] [-1:1] [-1:1] [-1:1] [-1:1] [-1:1] [-1:1] [0:1] [0:1] [0:0.89999997615814209] [0:0.89999997615814209] [0:0.89999997615814209] [0:1] [0:1] [0:0.89999997615814209] [0:0.8571428656578064] [0:0.8571428656578064] [-1:1] [-1:1] [-0.8571428656578064:0.89999997615814209] [-0.8571428656578064:0.89999997615814209] [-0.8571428656578064:0.89999997615814209] [0:1] [0:1] [0:1] [0:1] [0:1] [0:1] [0:1] [0:1] [0:1] [0:1] [-1:1] [-1:1] [-1:1] [-1:1] [-1:1] [0.20013266801834106:26452.083984375] [0.10012400150299072:23627.859375] [0.050104878842830658:12145.7685546875] [0.034610312432050705:10268.4287109375] [0.017187755554914474:8419.4609375] [0.00080492562847211957:59102.5] [0.0021778203081339598:49210.34375] [0.0021778203081339598:42161.07421875] [0.0021778203081339598:37016.7265625] [0.0021778203081339598:26455.013671875] [0:2.2360680103302002] [0:3.1615598201751709] [0:4.4708261489868164] [0:5.4611344337463379] [0:7.5986995697021484] [0:1] [0:1] [0:1] [0:1] [0:1] [0:1] [0:1] [0:1] [0:1] [0:1] [-1:1] [-1:1] [-1:1] [-1:1] [-1:1] [-0.67106980085372925:0.70026850700378418] [-151.62043762207031:28.931533813476562] [-1925766528:713.27764892578125] [-222.41180419921875:4676.52978515625] [-754.3636474609375:1427.6710205078125]
tree_sizes=3109 3103 3031 3042 3118

Tree=0
num_leaves=31
num_cat=0
split_feature=56 30 11 41 38 17 36 3 79 28 35 1 121 41 90 32 52 77 30 14 6 22 81 11 137 37 38 38 36 38
split_gain=212.232 135.589 175.23 168.707 152.447 246.652 131.906 108.3 170.158 100.984 78.1111 72.5071 107.641 71.8793 69.305 67.818 69.4779 65.7231 61.3229 58.5505 53.4788 80.169 59.8027 57.7289 53.3947 52.4862 51.6596 50.2425 46.1109 45.9881
threshold=1.1804987788200381 -0.00032910650770645583 0.9256669580936433 -0.062654282897710786 -0.015565030742436646 0.74951386451721203 0.65141305327415477 0.020594920031726364 0.15000000223517421 -0.02423092350363731 0.88953819870948803 0.054401578381657607 0.62724739313125621 0.091741211712360396 0.48827464878559118 -0.0050270666833966962 0.81463208794593822 0.075000002980232253 0.0025192541070282464 0.94823202490806591 0.1666650399565697 0.97251054644584667 0.083333335816860213 0.9891696870326997 0.60163086652755748 0.68884089589118969 -0.0087611419148743135 -9.2288264568196596e-05 0.49963878095149999 -0.00029686579364351923
decision_type=10 8 8 8 8 8 10 10 2 10 10 10 10 10 10 10 10 2 10 8 10 10 2 10 10 10 10 10 10 10
left_child=1 15 14 6 5 10 26 13 -9 -8 -5 17 -13 -6 -3 -1 20 -2 -7 -11 21 23 25 -17 -18 -22 -4 -24 -28 -19
right_child=11 2 3 4 7 18 9 8 -10 19 -12 12 -14 -15 -16 16 24 29 -20 -21 22 -23 27 -25 -26 -27 28 -29 -30 -31
leaf_value=0.002441789234590438 -0.0037234341056744209 3.2049715509296416e-10 -0.0054164594738020967 -0.010444640060648644 0.00028304415833795395 -0.0066650195114494465 -0.0044969484556574577 0.011613692178296976 3.2049715509296416e-10 -0.00027981745396064292 -0.02839615002262294 0.00016999668458470024 0.015258763340180875 0.0070605195626544633 -0.018296880085475597 -0.0074895894364308321 -0.0011332234165354633 0.0087187894756738053 0.00087820998639219516 0.015372915290276946 -0.010687653044402255 -0.013099229991182159 0.0043096780922217926 0.00041939362382823777 9.9731033212099274e-05 -0.00059982382666651029 0.0099531255938306567 -0.002529726257217924 -0.00039320058740234797 0.0012087225533242867
leaf_weight=5557 920 247 742 1354 195966 1236 283 1967 2626 201 295 688 1303 1403 610 1543 99469 1614 4073 1782 939 1057 1862 1626 45701 1036 654 1926 787 1538
leaf_count=5557 920 247 742 1354 195966 1236 283 1967 2626 201 295 688 1303 1403 610 1543 99469 1614 4073 1782 939 1057 1862 1626 45701 1036 654 1926 787 1538
internal_value=-4.4231e-05 -0.000135188 0.000357971 0.0004143 0.000289393 -0.00406599 0.00618513 0.000441318 0.00498992 0.0112325 -0.0141376 0.00551329 0.0102475 0.000333452 -0.0130141 -0.000794373 -0.000912508 0.00308643 -0.000840073 0.0136496 -0.00333886 -0.00591705 -0.00138248 -0.00336027 -0.00074305 -0.00560545 0.000755221 0.000758395 0.00416913 0.0051796
internal_weight=381005 374942 214226 213369 208920 6958 4449 201962 4593 2266 1649 6063 1991 197369 857 160716 155159 4072 5309 1983 9989 4226 5763 3169 145170 1975 2183 3788 1441 3152
internal_count=381005 374942 214226 213369 208920 6958 4449 201962 4593 2266 1649 6063 1991 197369 857 160716 155159 4072 5309 1983 9989 4226 5763 3169 145170 1975 2183 3788 1441 3152
is_linear=0
shrinkage=1


Tree=1
num_leaves=31
num_cat=0
split_feature=56 30 41 11 38 17 1 86 71 14 35 50 1 116 32 1 103 139 49 38 34 37 86 0 23 121 46 34 30 30
split_gain=171.337 136.893 163.706 142.721 108.878 185.785 128.218 134.745 95.0823 113.543 90.5072 84.1397 80.933 96.5714 76.0633 79.8185 59.0596 73.1761 54.3594 52.6279 52.5026 49.2482 47.306 55.3957 52.045 45.043 72.7718 45.0341 70.0294 44.995
threshold=1.1804987788200381 -0.00032910650770645583 -0.075394101440906511 0.9256669580936433 -0.015565030742436646 0.74246636033058178 0.029530177824199203 0.78333333134651195 0.57392868399620067 0.94922077655792247 0.88953819870948803 0.95900380611419689 0.054401578381657607 0.35502959787845617 -0.0050270666833966962 0.022332529537379745 0.77500000596046459 0.82667464017868053 0.88619264960289013 0.0167822539806366 0.74274548888206493 0.82187694311141979 -0.81666666269302357 0.017326733097434047 0.012866367585957052 0.42755126953125006 1.0566577315330508 0.81965565681457531 0.0067619027104228744 -0.0071770725771784774
decision_type=10 8 8 8 8 8 10 2 10 8 10 10 10 10 10 10 2 10 10 8 10 10 2 10 10 10 10 10 10 10
left_child=1 14 8 18 5 10 11 -8 -3 -10 -5 -6 16 -14 21 25 -2 -18 27 22 -7 -1 24 -24 -17 26 -16 28 -4 -23
right_child=12 2 3 4 6 20 7 -9 9 -11 -12 -13 13 -15 15 19 17 -19 -20 -21 -22 29 23 -25 -26 -27 -28 -29 -30 -31
leaf_value=-0.00030066534905846923 0.0054364020810683889 0.0031903935218009312 -0.0047572153452575313 -0.0084533077309617514 -0.00027505710370936921 -0.0024905966028086323 0.00090624825030557934 0.0048314750445553429 -0.0074554668524541663 0.020597305223526947 -0.028258023238132046 0.0012038502007859083 0.015652617988771766 0.0018078552192755542 -0.0002664064851314088 -0.0074629044869545308 -0.0095192860405374728 0.0031229924041490018 0.0028134858559887032 0.0014768991828412056 0.0038259591467835357 0.00081216269285589371 -0.0009397798203294661 -0.0037362574802824898 -0.0025190404621613575 -0.00023674024060942424 -0.0072360386822719874 0 -0.027959846844590654 0.008438182552401103
leaf_weight=2516 2457 1405 248 1318 117106 4020 26371 11374 128 751 263 49044 1140 842 3679 2866 655 996 146 3804 1637 1323 26909 8559 6801 100305 2201 122 320 1726
leaf_count=2516 2457 1405 248 1318 117106 4020 26371 11374 128 751 263 49044 1140 842 3679 2866 655 996 146 3804 1637 1323 26909 8559 6801 100305 2201 122 320 1726
internal_value=1.25816e-05 -6.78324e-05 0.000427702 0.000339742 0.000390646 -0.00321438 0.000520393 0.00209894 0.0083869 0.0161036 -0.0122471 0.000159772 0.00499653 0.00999771 -0.000730386 -0.000855599 0.00247418 -0.00176694 -0.0118743 -0.00185938 -0.000602853 0.00269674 -0.00214774 -0.00162479 -0.00402811 -0.000389884 -0.00294181 -0.0153964 -0.0188457 0.00525376
internal_weight=381032 374942 214253 211969 211133 7238 203895 37745 2284 879 1581 166150 6090 1982 160689 155124 4108 1651 836 48939 5657 5565 45135 35468 9667 106185 5880 690 568 3049
internal_count=381032 374942 214253 211969 211133 7238 203895 37745 2284 879 1581 166150 6090 1982 160689 155124 4108 1651 836 48939 5657 5565 45135 35468 9667 106185 5880 690 568 3049
is_linear=0
shrinkage=0.03


Tree=2
num_leaves=31
num_cat=0
split_feature=46 29 58 11 31 20 38 117 61 3 58 50 32 1 121 51 57 25 59 33 113 38 73 34 35 15 15 11 35 79
split_gain=176.021 129.485 198.234 130.607 105.332 124.589 102.057 190.131 142.74 118.983 108.393 111.463 102.532 95.312 111.853 89.1701 85.9604 83.1155 75.2703 92.9072 70.3681 69.4354 83.5986 68.813 65.4229 67.7622 64.0261 61.329 59.7768 56.4082
threshold=1.2150713205337527 -0.0014479957171715794 0.92648246884346019 0.9256669580936433 0.0079750544391572493 0.96922236680984508 -0.015565030742436646 0.65087303519248974 0.82372957468032848 0.0092436862178146856 0.92648246884346019 0.81447139382362377 0.0047123893164098271 0.056460404768586166 0.64655169844627391 0.9207439422607423 1.1696498990058901 0.01273239078000188 0.9899912178516389 0.73093944787979137 0.75757536292076122 0.018867933191359047 0.30000000447034841 0.099021691828966155 0.8273083269596101 1.0271561145782473 0.75612297654151928 0.98191311955451976 0.65942353010177623 0.84999999403953563
decision_type=10 8 8 8 10 10 8 10 8 10 10 10 10 10 8 10 10 10 10 10 10 8 10 10 10 10 8 10 10 2
left_child=1 2 20 -3 21 -6 7 15 9 26 28 -12 -11 -2 -15 23 17 -10 -7 -20 -1 24 -23 -5 25 -4 -8 -26 -9 -24
right_child=13 3 4 6 5 18 8 10 16 12 11 -13 -14 14 -16 -17 -18 -19 19 -21 -22 22 29 -25 27 -27 -28 -29 -30 -31
leaf_value=-0.023349643953872404 0.0021561263473568997 -0.011678032386292255 -0.00053171049034651363 0.010160462351231067 -0.00098053825552330692 -0.0048362921685089957 -0.0059317678473236792 -0.006321951998779397 0.0014295326101705485 0.0038441760604926668 -0.024851851610568867 -0.0073745209117872922 0.014562491781108555 0.0024265159981032972 0.015392979702068118 -0.0065384070446953216 0.0047700865256734941 -5.0311485482579722e-05 0.025888051899191741 0.00085598569414013347 0.00020603934564648098 0 0 0 -0.0039098014987597445 -0.0020316596081103272 0.0027810289151282827 0.0016577460654408694 0.022533613958396016 0.014291491027774163
leaf_weight=456 9600 793 57218 701 871 116 864 102 42372 2016 587 929 1468 1323 1198 1594 3823 174133 478 219 117 2556 410 3775 2029 52743 4858 12674 100 776
leaf_count=456 9600 793 57218 701 871 116 864 102 42372 2016 587 929 1468 1323 1198 1594 3823 174133 478 219 117 2556 410 3775 2029 52743 4858 12674 100 776
internal_value=1.56134e-05 -0.000100602 -0.000860013 0.000314893 -0.000778594 0.00661117 0.000357212 -0.00301061 0.00047304 0.00413157 -0.0117668 -0.0145726 0.00850335 0.0035705 0.00877901 -0.000452564 0.000318452 0.000238027 0.0149329 0.0186846 -0.0181892 -0.000878858 0.00311802 0.00166745 -0.00100172 -0.00125413 0.0013971 0.000864786 0.00735475 0.00962881
internal_weight=380899 368778 130663 238115 130090 1684 237322 7788 229534 9206 1718 1516 3484 12121 2521 6070 220328 216505 813 697 573 128406 3742 4476 124664 109961 5722 14703 202 1186
internal_count=380899 368778 130663 238115 130090 1684 237322 7788 229534 9206 1718 1516 3484 12121 2521 6070 220328 216505 813 697 573 128406 3742 4476 124664 109961 5722 14703 202 1186
is_linear=0
shrinkage=0.03


Tree=3
num_leaves=31
num_cat=0
split_feature=16 41 36 29 38 57 38 127 3 16 23 158 78 59 1 41 38 53 33 30 1 10 81 82 126 126 121 125 43 127
split_gain=164.787 115.414 185.393 123.636 135.935 117.18 136.129 138.944 122.167 100.665 89.7288 59.1468 58.5615 76.8317 57.3711 84.7589 63.556 54.522 49.0644 49.5241 48.3874 45.7495 53.2502 62.935 44.2335 42.7513 42.1898 39.3633 38.4607 36.8523
threshold=1.2240124940872195 -0.066257402300834642 0.65880101919174205 -0.0015494996332563458 0.032790759578347213 1.179338335990906 -0.015565030742436646 0.30156457424163824 0.016169439069926742 0.75193247199058544 0.050183530896902091 -0.0058601719792932263 0.70000001788139354 0.99072846770286571 0.016935322433710102 -0.031978912651538842 0.0167822539806366 1.0022557377815249 0.97743725776672374 -0.005601584678515791 0.054401578381657607 1.0118871331214907 0.050000002607703216 0.37500000000000006 -0.2864320427179336 -0.2864320427179336 0.39087939262390142 -0.31360948085784907 1.077393710613251 0.17516410350799563
decision_type=10 8 10 8 10 10 8 10 10 8 10 10 10 10 10 10 8 10 10 10 10 10 2 2 10 10 10 10 10 10
left_child=1 2 11 9 5 6 7 -5 -8 -3 12 -1 13 -4 -11 17 -17 -16 19 20 -2 -13 -23 -24 -22 -7 -12 -27 -14 -6
right_child=18 3 10 4 29 25 8 -9 -10 14 26 21 28 -15 15 16 -18 -19 -20 -21 24 22 23 -25 -26 27 -28 -29 -30 -31
leaf_value=-0.0040450422783522887 0.00531636338527618 -0.016504611908994993 0.0046641701339934193 -0.0014905793800421686 0 0.0098790707941165661 0.00018949602828054752 -0.011320241538318303 0.0036786042377658069 -9.6321676412194554e-05 -0.018918129928410053 -0.0022398068251601438 0.0029869591203880281 0.032967285487668689 -0.0070499051786805699 -0.0023659157516937924 0.0013917258958927971 0.00053208955107870049 -0.011170712194508976 0 0.017332976119918232 -0.0022788449854451846 0.0108465538729847 0.0013455786829716387 0.0020678114006104325 -0.0051204198519352508 0.005205808026716113 0.0046319132709734187 0.014250131762228332 -0.021789238878327268
leaf_weight=1584 2050 353 171 5809 101 1323 220742 1687 9415 53450 100 1205 561 276 869 47594 4311 20145 115 851 787 762 1380 1296 284 403 100 2201 760 299
leaf_count=1584 2050 353 171 5809 101 1323 220742 1687 9415 53450 100 1205 561 276 869 47594 4311 20145 115 851 787 762 1380 1296 284 403 100 2201 760 299
internal_value=5.43356e-06 -5.89034e-05 0.00345662 -0.000138038 0.000258552 0.000289396 0.000202921 -0.00376693 0.000333835 -0.00089763 0.0114458 0.000855113 0.0136464 0.0234458 -0.000849055 -0.00139652 -0.00204763 0.000197881 0.00598293 0.0066082 0.00834804 0.00260136 0.00438806 0.00640058 0.0136722 0.00541909 -0.00611581 0.00298077 0.00980651 -0.0167819
internal_weight=380984 376897 8195 368702 241980 241580 237653 7496 230157 126722 1968 6227 1768 447 126369 72919 51905 21014 4087 3972 3121 4643 3438 2676 1071 3927 200 2604 1321 400
internal_count=380984 376897 8195 368702 241980 241580 237653 7496 230157 126722 1968 6227 1768 447 126369 72919 51905 21014 4087 3972 3121 4643 3438 2676 1071 3927 200 2604 1321 400
is_linear=0
shrinkage=0.03


Tree=4
num_leaves=31
num_cat=0
split_feature=56 39 30 28 72 44 62 82 16 99 35 33 9 26 74 40 10 52 27 35 116 1 23 37 7 35 14 46 35 5
split_gain=136.618 138.119 128.491 122.655 121.55 112.318 110.585 108.479 94.3155 93.2363 91.1975 81.1435 80.7844 80.4489 79.6394 77.3182 73.8813 65.8723 64.2959 63.4924 61.9952 61.3819 60.3607 58.9333 56.758 56.5015 60.7871 52.5399 50.2245 49.714
threshold=1.1804987788200381 0.06152723357081414 -0.00032910650770645583 -0.0093749975785613043 0.61710873246192943 1.038013815879822 0.68379566073417675 0.15833333879709247 0.93512234091758739 0.76388889551162731 0.87458047270774852 0.92857086658477794 0.98186922073364269 0.051901854574680335 0.45000000298023229 -0.044551774859428399 1.0238640904426577 0.97883838415145885 0.063383776694536223 0.80472061038017284 0.38532115519046789 0.065133091062307372 0.054520979523658759 0.812481850385666 0.02911515906453133 0.20532457530498507 1.0022844076156618 1.0222458243370058 0.80472061038017284 0.010648849885910751
decision_type=10 10 8 8 10 10 10 2 8 2 10 10 10 10 2 10 10 10 10 10 10 10 10 10 10 10 10 10 10 10
left_child=1 2 8 4 -4 16 -3 12 25 10 -7 20 -6 19 22 -9 24 -13 -16 27 21 28 -15 -18 -5 26 -1 -10 -2 -11
right_child=11 6 3 5 7 9 -8 15 13 29 -12 17 -14 14 18 -17 23 -19 -20 -21 -22 -23 -24 -25 -26 -27 -28 -29 -30 -31
leaf_value=-0.0058770798534498597 0.0092591280895182471 -0.031126382612347892 0.00076517735983349267 0.00029927045768061978 -0.0089401096071194085 -0.0011417524018748476 -0.0057214668598312996 0.015620510189296867 0.0021862910015703887 0.0016730677770603255 -0.0088273523319225763 0.0082873976368417236 0.0042506107757430255 -0.00027935323354602359 -0.00056227184284391774 0.0057005474045042507 0.0020954902846520829 -0.0093249697127575221 0.0067005027750650864 0.00090537533254832366 -0.00014703743598614064 0.014629373733305417 0.017332598140588806 0.0093254464790474834 0.0026414842660365751 -0.0084784779099681077 0.0017757824624498287 -0.0011620837500410887 0.0015112952318850257 0.014121813973084195
leaf_weight=1870 1565 177 9032 140953 473 39085 1051 1367 4297 850 1437 241 2464 10873 1466 1810 4319 608 3594 17041 1126 895 158 1392 10008 2072 1749 117271 1661 483
leaf_count=1870 1565 177 9032 140953 473 39085 1051 1367 4297 850 1437 241 2464 10873 1466 1810 4319 608 3594 17041 1126 895 158 1392 10008 2072 1749 117271 1661 483
internal_value=-2.53148e-05 -9.85734e-05 -6.45208e-05 0.000416307 0.00301827 0.000216004 -0.0100638 0.00628443 -0.000706923 -0.00116181 -0.00142592 0.00442127 0.00197871 -0.000564858 0.00143519 0.0101338 0.000586103 -0.00390457 0.00454332 -0.000799379 0.00583512 0.00753491 0 0.00393646 0.000456864 -0.00450066 -0.00210671 -0.00104092 0.00539624 0.00654755
internal_weight=381388 375292 374064 213673 15146 198527 1228 6114 160391 41855 40522 6096 2937 154700 16091 3177 156672 849 5060 138609 5247 4121 11031 5711 150961 5691 3619 121568 3226 1333
internal_count=381388 375292 374064 213673 15146 198527 1228 6114 160391 41855 40522 6096 2937 154700 16091 3177 156672 849 5060 138609 5247 4121 11031 5711 150961 5691 3619 121568 3226 1333
is_linear=0
shrinkage=0.03


end of trees

feature_importances:
RESI5=11
KLEN=8
RSQR20=8
BETA20=7
LOW0=5
RESI30=5
SUMN30=4
KUP=3
ROC10=3
ROC30=3
STD5=3
BETA60=3
RSQR5=3
RSQR10=3
RSQR30=3
RSQR60=3
MAX30=3
QTLU30=3
HIGH0=2
ROC20=2
ROC60=2
BETA5=2
BETA10=2
MIN20=2
MIN60=2
QTLU60=2
QTLD5=2
QTLD10=2
IMIN10=2
IMIN30=2
IMIN60=2
IMXD30=2
SUMP30=2
SUMD30=2
SUMD60=2
KMID=1
KLOW=1
KLOW2=1
KSFT=1
OPEN0=1
MA20=1
MA60=1
STD20=1
STD30=1
STD60=1
BETA30=1
RESI10=1
RESI20=1
MAX5=1
MAX10=1
MIN10=1
MIN30=1
QTLU5=1
QTLD30=1
QTLD60=1
RSV30=1
RSV60=1
IMAX5=1
IMAX10=1
IMAX60=1
IMIN5=1
CORR20=1
CNTP10=1
CNTN5=1
SUMP5=1
SUMP60=1
SUMD20=1
VSTD60=1
WVMA10=1
ORC_GAP_CONFIRMATION_20=1

parameters:
[boosting: gbdt]
[objective: regression]
[metric: l2]
[tree_learner: serial]
[device_type: cpu]
[data_sample_strategy: bagging]
[data: ]
[valid: ]
[num_iterations: 500]
[learning_rate: 0.03]
[num_leaves: 31]
[num_threads: 12]
[seed: 20260813]
[deterministic: 1]
[force_col_wise: 1]
[force_row_wise: 0]
[histogram_pool_size: -1]
[max_depth: 7]
[min_data_in_leaf: 100]
[min_sum_hessian_in_leaf: 0.001]
[bagging_fraction: 0.8]
[pos_bagging_fraction: 1]
[neg_bagging_fraction: 1]
[bagging_freq: 1]
[bagging_seed: 20260813]
[bagging_by_query: 0]
[feature_fraction: 0.8]
[feature_fraction_bynode: 1]
[feature_fraction_seed: 20260813]
[extra_trees: 0]
[extra_seed: 13549]
[early_stopping_round: 0]
[early_stopping_min_delta: 0]
[first_metric_only: 0]
[max_delta_step: 0]
[lambda_l1: 10]
[lambda_l2: 20]
[linear_lambda: 0]
[min_gain_to_split: 0]
[drop_rate: 0.1]
[max_drop: 50]
[skip_drop: 0.5]
[xgboost_dart_mode: 0]
[uniform_drop: 0]
[drop_seed: 11866]
[top_rate: 0.2]
[other_rate: 0.1]
[min_data_per_group: 100]
[max_cat_threshold: 32]
[cat_l2: 10]
[cat_smooth: 10]
[max_cat_to_onehot: 4]
[top_k: 20]
[monotone_constraints: ]
[monotone_constraints_method: basic]
[monotone_penalty: 0]
[feature_contri: ]
[forcedsplits_filename: ]
[refit_decay_rate: 0.9]
[cegb_tradeoff: 1]
[cegb_penalty_split: 0]
[cegb_penalty_feature_lazy: ]
[cegb_penalty_feature_coupled: ]
[path_smooth: 0]
[interaction_constraints: ]
[verbosity: 1]
[saved_feature_importance_type: 0]
[use_quantized_grad: 0]
[num_grad_quant_bins: 4]
[quant_train_renew_leaf: 0]
[stochastic_rounding: 1]
[linear_tree: 0]
[max_bin: 255]
[max_bin_by_feature: ]
[min_data_in_bin: 3]
[bin_construct_sample_cnt: 200000]
[data_random_seed: 20260812]
[is_enable_sparse: 1]
[enable_bundle: 1]
[use_missing: 1]
[zero_as_missing: 0]
[feature_pre_filter: 1]
[pre_partition: 0]
[two_round: 0]
[header: 0]
[label_column: ]
[weight_column: ]
[group_column: ]
[ignore_column: ]
[categorical_feature: ]
[forcedbins_filename: ]
[precise_float_parser: 0]
[parser_config_file: ]
[objective_seed: 16743]
[num_class: 1]
[is_unbalance: 0]
[scale_pos_weight: 1]
[sigmoid: 1]
[boost_from_average: 1]
[reg_sqrt: 0]
[alpha: 0.9]
[fair_c: 1]
[poisson_max_delta_step: 0.7]
[tweedie_variance_power: 1.5]
[lambdarank_truncation_level: 30]
[lambdarank_norm: 1]
[label_gain: ]
[lambdarank_position_bias_regularization: 0]
[eval_at: ]
[multi_error_top_k: 1]
[auc_mu_weights: ]
[num_machines: 1]
[local_listen_port: 12400]
[time_out: 120]
[machine_list_filename: ]
[machines: ]
[gpu_platform_id: -1]
[gpu_device_id: -1]
[gpu_device_id_list: ]
[gpu_use_dp: 0]
[num_gpu: 1]

end of parameters

pandas_categorical:null
