tree
version=v4
num_class=1
num_tree_per_iteration=1
label_index=0
max_feature_idx=157
objective=regression
feature_names=KMID KLEN KMID2 KUP KUP2 KLOW KLOW2 KSFT KSFT2 OPEN0 HIGH0 LOW0 VWAP0 ROC5 ROC10 ROC20 ROC30 ROC60 MA5 MA10 MA20 MA30 MA60 STD5 STD10 STD20 STD30 STD60 BETA5 BETA10 BETA20 BETA30 BETA60 RSQR5 RSQR10 RSQR20 RSQR30 RSQR60 RESI5 RESI10 RESI20 RESI30 RESI60 MAX5 MAX10 MAX20 MAX30 MAX60 MIN5 MIN10 MIN20 MIN30 MIN60 QTLU5 QTLU10 QTLU20 QTLU30 QTLU60 QTLD5 QTLD10 QTLD20 QTLD30 QTLD60 RANK5 RANK10 RANK20 RANK30 RANK60 RSV5 RSV10 RSV20 RSV30 RSV60 IMAX5 IMAX10 IMAX20 IMAX30 IMAX60 IMIN5 IMIN10 IMIN20 IMIN30 IMIN60 IMXD5 IMXD10 IMXD20 IMXD30 IMXD60 CORR5 CORR10 CORR20 CORR30 CORR60 CORD5 CORD10 CORD20 CORD30 CORD60 CNTP5 CNTP10 CNTP20 CNTP30 CNTP60 CNTN5 CNTN10 CNTN20 CNTN30 CNTN60 CNTD5 CNTD10 CNTD20 CNTD30 CNTD60 SUMP5 SUMP10 SUMP20 SUMP30 SUMP60 SUMN5 SUMN10 SUMN20 SUMN30 SUMN60 SUMD5 SUMD10 SUMD20 SUMD30 SUMD60 VMA5 VMA10 VMA20 VMA30 VMA60 VSTD5 VSTD10 VSTD20 VSTD30 VSTD60 WVMA5 WVMA10 WVMA20 WVMA30 WVMA60 VSUMP5 VSUMP10 VSUMP20 VSUMP30 VSUMP60 VSUMN5 VSUMN10 VSUMN20 VSUMN30 VSUMN60 VSUMD5 VSUMD10 VSUMD20 VSUMD30 VSUMD60
feature_infos=[-0.16749253869056702:0.24100260436534882] [0:0.49935737252235413] [-1:1] [0:0.2583547830581665] [0:1] [0:0.19577737152576447] [0:1] [-0.22120867669582367:0.220070481300354] [-1:1] [0.80580008029937744:1.2011904716491699] [1:1.2212086915969849] [0.80375176668167114:1] [0.86522871255874634:1.1014472246170044] [0.56168830394744873:1.5347062349319458] [0.53571426868438721:1.8924485445022583] [0.50147104263305664:2.2146341800689697] [0.45439684391021729:2.740487813949585] [0.3651520311832428:2.6507797241210938] [0.73896104097366333:1.2064073085784912] [0.6396104097366333:1.4220441579818726] [0.58701300621032715:1.7117466926574707] [0.56915587186813354:1.9959673881530762] [0.52184808254241943:1.8249267339706421] [0:0.19015249609947205] [0:0.2603875994682312] [0:0.36472421884536743] [0:0.57258552312850952] [0:0.50059491395950317] [-0.11732283234596252:0.10957792401313782] [-0.11732283234596252:0.086972601711750031] [-0.11732283234596252:0.086972601711750031] [-0.11732283234596252:0.086972601711750031] [-0.11732283234596252:0.086972601711750031] [0:1] [0:1] [0:1] [0:1] [0:1] [-0.15930634737014771:0.076547868549823761] [-0.24554997682571411:0.18788224458694458] [-0.26889833807945251:0.28541278839111328] [-0.40098747611045837:0.33911812305450439] [-0.96870207786560059:0.41112944483757019] [1:1.5713194608688354] [1:1.9298244714736938] [1:2.2439024448394775] [1:3.3160974979400635] [1:3.3160974979400635] [0.56493508815765381:1] [0.5292208194732666:1] [0.47760707139968872:1] [0.44164761900901794:1] [0.35305655002593994:1] [0.86623376607894897:1.3299539089202881] [0.72197312116622925:1.6361554861068726] [0.5753246545791626:2.054157018661499] [0.54870128631591797:2.423609733581543] [0.57532471418380737:2.2013657093048096] [0.59188312292098999:1.1686868667602539] [0.53538960218429565:1.227020263671875] [0.5237005352973938:1.3664377927780151] [0.48244524002075195:1.5493515729904175] [0.43624064326286316:1.5099923610687256] [0.20000000298023224:1] [0.10000000149011612:1] [0.05000000074505806:1] [0.033333335071802139:1] [0.01666666753590107:1] [0:1] [0:1] [0:1] [0:1] [0:1] [0.20000000298023224:1] [0.10000000149011612:1] [0.05000000074505806:1] [0.033333335071802139:1] [0.01666666753590107:1] [0.20000000298023224:1] [0.10000000149011612:1] [0.05000000074505806:1] [0.033333335071802139:1] [0.01666666753590107:1] [-0.80000001192092896:0.80000001192092896] [-0.89999997615814209:0.89999997615814209] [-0.94999998807907104:0.94999998807907104] [-0.96666663885116577:0.96666663885116577] [-0.98333334922790527:0.98333334922790527] [-1:1] [-1:1] [-1:1] [-1:1] [-1:1] [-1:1] [-1:1] [-1:1] [-1:1] [-1:1] [0:1] [0:1] [0:0.92307692766189575] [0:0.92307692766189575] [0:0.92307692766189575] [0:1] [0:1] [0:0.89999997615814209] [0:0.8461538553237915] [0:0.8461538553237915] [-1:1] [-1:1] [-0.83333331346511841:0.92307692766189575] [-0.83333331346511841:0.92307692766189575] [-0.83333331346511841:0.92307692766189575] [0:1] [0:1] [0:1] [0:1] [0:1] [0:1] [0:1] [0:1] [0:1] [0:1] [-1:1] [-1:1] [-1:1] [-1:1] [-1:1] [0.20044094324111938:26452.083984375] [0.10269047319889069:23627.859375] [0.051933832466602325:17437.12890625] [0.035388953983783722:22716.572265625] [0.019384508952498436:26107.111328125] [0.00080492562847211957:59102.5] [0.0021778203081339598:58684.484375] [0.0021778203081339598:44502.63671875] [0.0021778203081339598:36894.8125] [0.0021778203081339598:26550.70703125] [0:2.2360680103302002] [0:3.1571171283721924] [0:4.4644002914428711] [0:5.4658303260803223] [0:7.5907049179077148] [0:1] [0:1] [0:1] [0:1] [0:1] [0:1] [0:1] [0:1] [0:1] [0:1] [-1:1] [-1:1] [-1:1] [-1:1] [-1:1]
tree_sizes=3101 3026 3045 3088 3076 3077 3085 3040 3073 3075 3101 3089 3057 3084 3062 3105

Tree=0
num_leaves=31
num_cat=0
split_feature=16 46 40 36 35 48 110 27 24 48 44 99 28 3 16 32 20 51 56 68 50 28 27 86 48 58 7 86 40 16
split_gain=199.166 156.778 87.17 130.009 111.334 88.8842 86.973 100.528 76.5516 74.3892 71.4541 96.0088 114.126 85.9049 81.8098 78.8077 70.0814 69.6259 68.6914 66.9074 80.0558 72.7531 122.107 65.0849 61.7923 61.3773 56.6683 55.3431 53.6965 53.6296
threshold=1.2140709757804873 1.0265486836433413 -0.047641590237617486 0.7885212004184724 0.80537071824073803 0.94792515039443981 0.34166666865348821 0.085240118205547347 0.097635596990585341 0.95424321293830883 1.0412979722023012 0.78888890147209179 0.016160150989890102 0.025223338045179847 1.1080737113952639 -0.00012025260366499423 1.0872059464454653 0.8450361192226411 1.1643792986869814 0.9328601360321046 0.95293331146240245 0.022734321653842929 0.052148759365081794 -0.74999999999999989 0.98851552605628978 1.0233366489410403 -0.014568144455552099 0.84999999403953563 0.039177447557449348 0.83954921364784252
decision_type=10 10 8 10 10 10 2 10 10 10 10 2 10 10 10 10 10 10 10 8 10 10 10 2 10 10 10 2 8 8
left_child=1 8 3 6 5 -5 7 29 19 -9 13 12 16 14 24 -14 -12 -7 -2 20 26 -21 -23 -20 -4 -6 -1 -24 -28 -3
right_child=18 2 10 4 25 17 -8 9 -10 -11 11 -13 15 -15 -16 -17 -18 -19 23 21 -22 22 27 -25 -26 -27 28 -29 -30 -31
leaf_value=0.0042023819874461247 2.4959405752899898e-10 0.01101080857881275 -0.00081926246993622152 -0.0064199825018546189 0.0064082414028482559 0.023512357915796606 -0.010393178398812594 -0.0043606905615844451 -0.018619744619396621 0.008217240008319979 -0.0012977526771161606 0.0072229305983872467 2.4959405752899898e-10 0.0081103543128252086 0.0030614677654099143 -0.014628768193083791 0.0031523667778994933 0.0053983330128307781 0.011874719677779073 0.0019214957175771026 0.0018361916159441202 0.0005464039712290116 0.0083203946454446561 0.0020507478920064825 0.00061890224356767412 -0.015503558366269097 -0.00016684328346853466 0.028582453731885334 -0.0055663487467158598 -0.0015612759658412629
leaf_weight=2557 1029 301 86679 126 239 678 563 465 159 2426 99800 1181 452 1108 6539 942 3234 350 2066 21776 28090 767 334 983 38731 177 50160 286 1702 5197
leaf_count=2557 1029 301 86679 126 239 678 563 465 159 2426 99800 1181 452 1108 6539 942 3234 350 2066 21776 28090 767 334 983 38731 177 50160 286 1702 5197
internal_value=1.34061e-05 -6.16584e-05 -0.000473292 0.00219045 0.0101115 0.0148822 0.000748384 0.00155473 0.00090464 0.00607504 -0.000592159 -0.00117508 -0.00127429 -0.000127126 -0.000199789 -0.00976897 -0.00115458 0.0178521 0.00658992 0.000940374 0.000535417 0.00236823 0.0090417 0.00883922 -0.000372687 -0.00251024 -0.000130934 0.018737 -0.000351903 -0.000781208
internal_weight=359097 355019 249188 10522 1570 1154 8952 8389 105831 2891 238666 105609 104428 133057 131949 1394 103034 1028 4078 105672 82509 23163 1387 3049 125410 416 54419 620 51862 5498
internal_count=359097 355019 249188 10522 1570 1154 8952 8389 105831 2891 238666 105609 104428 133057 131949 1394 103034 1028 4078 105672 82509 23163 1387 3049 125410 416 54419 620 51862 5498
is_linear=0
shrinkage=1


Tree=1
num_leaves=31
num_cat=0
split_feature=16 29 42 18 38 117 36 68 31 24 78 38 57 31 117 28 45 13 31 10 40 5 41 41 35 85 16 69 47 5
split_gain=177.558 131.579 134.757 105.35 99.3378 225.494 115.595 104.56 83.4371 110.613 92.1731 118.96 76.735 73.7733 72.2943 102.138 71.8498 110.836 123.124 69.0242 67.7248 66.1956 72.959 64.503 63.4117 56.4639 56.0612 53.7809 52.6634 54.0968
threshold=1.2140709757804873 -0.00023165070888353509 -0.10264522954821585 0.94657942652702343 -0.017927059903740879 0.6469041407108308 0.78219944238662731 0.75454550981521618 0.0090835802257061022 0.097635596990585341 0.30000000447034841 0.012308762408792974 1.2150822877883913 -0.005115511128678917 0.60456126928329479 -0.0046014706604182712 1.0587195754051211 0.98370090126991283 0.0075827776454389104 1.0343627929687502 0.034652706235647208 0.0063898097723722467 -0.015980362892150875 0.087005969136953368 0.39270998537540441 0.72499999403953563 1.1253469586372378 0.98550605773925792 1.1148561835289004 0.012440203223377468
decision_type=10 8 10 8 8 10 10 10 10 10 10 10 10 8 10 10 10 8 10 10 10 10 10 10 10 2 8 10 10 10
left_child=1 2 14 26 5 6 28 -7 9 13 27 24 -2 20 21 -16 -5 -18 -19 -8 -6 22 -1 -15 -12 -13 -4 -10 29 -3
right_child=12 4 3 16 8 7 19 -9 10 -11 11 25 -14 23 15 -17 17 18 -20 -21 -22 -23 -24 -25 -26 -27 -28 -29 -30 -31
leaf_value=0.00085967259213720582 -0.002591937656314304 -0.0096251518486441933 -0.026083072035300997 -0.00010401475021344491 0.0084305504966109938 -0.019190328117057419 0 0.006330746993684442 -0.0014074917255284998 -0.017036097985778556 0.00073152099854278702 0.0026251293222911351 0.0080567420431691406 0.0003323651289063101 0.018752012865357649 -0.0017761769289139748 -0.0051911226150531406 -0.0012643654474517618 0.0072962252147011387 0.020443017584048737 0.00088164376648967792 0.0062966372704227223 -0.014794794238265558 0.0064794779102684439 0.015873041343921368 -0.019447358360943884 0 0.016147363139140461 0.0018368688455893327 0.0046553353455808929
leaf_weight=2318 683 1101 209 68203 1973 962 214 140 1775 304 362 251 3394 178151 592 295 6472 80478 1512 335 2539 2042 280 1536 1292 136 108 152 1160 259
leaf_count=2318 683 1101 209 68203 1973 962 214 140 1775 304 362 251 3394 178151 592 295 6472 80478 1512 335 2539 2042 280 1536 1292 136 108 152 1160 259
internal_value=-1.30254e-05 -8.54883e-05 -0.000714853 -0.000878691 0.000443893 -0.00411607 0 -0.0156257 0.000546826 0.000452184 0.00484789 0.00925885 0.00619565 0.000484522 0.0038709 0.0117053 -0.000840527 -0.00140483 -0.0011011 0.012311 0.00427145 0.00226505 -0.000813034 0.000387297 0.0127867 -0.00496899 -0.01768 0 -0.00264703 -0.00666011
internal_weight=359228 355151 162509 156982 192642 4171 3069 1102 188471 184503 3968 2041 4077 184199 5527 887 156665 88462 81990 549 4512 4640 2598 179687 1654 387 317 1927 2520 1360
internal_count=359228 355151 162509 156982 192642 4171 3069 1102 188471 184503 3968 2041 4077 184199 5527 887 156665 88462 81990 549 4512 4640 2598 179687 1654 387 317 1927 2520 1360
is_linear=0
shrinkage=0.03


Tree=2
num_leaves=31
num_cat=0
split_feature=22 41 71 29 38 122 28 77 6 23 86 22 26 30 125 82 25 102 83 72 43 32 127 78 52 77 83 16 19 1
split_gain=168.009 130.416 187.691 173.057 108.383 120.134 106.669 123.149 102.555 99.7087 83.4171 79.17 81.4978 70.8457 68.5034 67.0264 58.5176 58.3625 56.9171 55.9464 63.7938 53.4727 47.5482 73.0056 47.0071 52.7135 45.4052 45.1785 47.4775 41.7556
threshold=1.1681322455406191 -0.061837827786803239 0.61538478732109081 -0.0033761437516659494 -0.017927059903740879 0.35200443863868719 0.014856894966214897 0.34166666865348821 0.33333732187747961 0.027797246351838115 -0.74999999999999989 1.1023786067962649 0.015583385713398458 -0.00037308649916667486 -0.41568602621555323 0.37500000000000006 0.093680512160062804 0.59632253646850597 -0.3000000044703483 0.15842614322900775 1.0265197753906252 0.0052487219218164691 -0.069343041628599153 0.70000001788139354 0.90303289890289318 0.29166667163372045 0.30000000447034841 1.1631066203117373 1.0385673642158511 0.020181588828563694
decision_type=10 8 10 8 8 10 8 2 10 10 2 10 10 10 10 2 10 2 10 10 10 10 10 10 10 2 10 8 10 10
left_child=1 2 15 6 5 8 14 -8 -5 21 19 12 -6 -14 -3 16 18 -11 -1 27 -21 -4 29 -24 25 -7 -20 -2 -29 -16
right_child=10 3 9 4 11 24 7 -9 -10 17 -12 -13 13 -15 22 -17 -18 -19 26 20 -22 -23 23 -25 -26 -27 -28 28 -30 -31
leaf_value=0.0033233506020847359 -0.0068627510033931662 0.00058247438485663835 0 -0.018045139921141092 0.0012372336221030821 0.0085647917725654738 0.00072757488116621967 -0.022934312772787065 0.0045974097967494366 0.033400164878909379 0 0.0043550634624259796 -0.0008487120243193438 0.00031997216191084413 -0.0015554450700741948 -0.001584182674033194 -0.011855560581150807 0.0045365359064723759 0.017555043550373906 0.0027434647068954429 0.028494570542654186 0.015233731207299032 -0.0027527592889965776 0.00013087983407805885 -0.0080686017655114146 -0.0018303906025099088 -0.0016901062070619223 -0.0014742463194043114 0.0099801958068187254 -0.0040553941093784572
leaf_weight=3775 162 13324 432 824 54421 529 313 423 195 294 1437 4186 69540 141668 13081 3134 170 120 469 175 252 386 13037 19543 769 2142 103 336 1833 12127
leaf_count=3775 162 13324 432 824 54421 529 313 423 195 294 1437 4186 69540 141668 13081 3134 170 120 469 175 252 386 13037 19543 769 2142 103 336 1833 12127
internal_value=1.04832e-05 -5.93717e-05 0.00352436 -0.000152411 0.00018998 -0.0044347 -0.00146332 -0.0127217 -0.0134183 0.0143273 0.00596541 0.000267843 0.000201981 -6.34395e-05 -0.00133904 0.00171289 0.0040635 0.0263197 0.00480619 0.00900106 0.0192069 0.00741648 -0.00178732 -0.0010148 -0.00162467 0.000165279 0.0136428 0.00685642 0.00807148 -0.00277227
internal_weight=359200 355005 8883 346122 274274 4459 71848 736 1019 1232 4195 269815 265629 211208 71112 7651 4517 414 4347 2758 427 818 57788 32580 3440 2671 572 2331 2169 25208
internal_count=359200 355005 8883 346122 274274 4459 71848 736 1019 1232 4195 269815 265629 211208 71112 7651 4517 414 4347 2758 427 818 57788 32580 3440 2671 572 2331 2169 25208
is_linear=0
shrinkage=0.03


Tree=3
num_leaves=31
num_cat=0
split_feature=16 46 50 38 40 71 122 54 29 120 57 87 61 30 79 78 30 30 14 86 7 25 71 38 114 40 58 140 47 34
split_gain=157.684 121.983 106.981 89.2882 126.298 139.952 90.9454 84.0365 61.5047 84.185 68.3442 59.0071 56.4523 55.7742 55.1164 54.1645 53.0289 51.5762 49.195 47.2217 47.2087 87.0701 56.8777 66.8345 66.3829 53.5844 81.7501 48.3213 46.0268 43.68
threshold=1.2140709757804873 1.0265486836433413 0.71275830268859874 -0.024479659274220463 -0.047641590237617486 0.57746496796607982 0.35200443863868719 1.0618638396263125 -0.0034491874976083632 0.7047623097896577 1.1677418351173403 0.64166665077209484 0.78857329487800609 -0.0069498163647949687 0.25000000745058065 0.30000000447034841 -0.005302596138790249 -0.0051668088417500249 1.1316161751747134 -0.78333333134651173 0.034076433628797538 0.020673792809247974 0.98326018452644359 0.0011744939838536086 0.68354383111000072 0.039177447557449348 0.93067494034767162 1.114310681819916 1.1831470131874087 0.46413014829158789
decision_type=10 10 8 8 8 10 10 10 10 10 10 2 10 10 2 10 10 10 8 2 10 10 10 8 8 10 10 10 10 10
left_child=1 2 -1 6 5 18 14 -7 9 11 12 -6 -10 19 15 -3 -11 -12 -5 -2 21 -4 -22 -24 -25 26 -23 -27 -20 -9
right_child=13 3 20 4 8 7 -8 29 10 16 17 -13 -14 -15 -16 -17 -18 -19 28 -21 22 25 23 24 -26 27 -28 -29 -30 -31
leaf_value=-0.014600996291334014 0.011328284923081227 -0.0091645505602531846 0.001389577069641465 -0.00032930142025776099 -0.0021895064729939638 0.0054251234315539996 -0.0029027412616962857 0.022235830577055565 0.0045295547848514701 0.002483175054735845 -0.00063983269129539897 0.00052741139772362442 -0.00038801913104135276 0.00073123959514276239 0 -0.034500462468995741 -0.0011739332766151839 0.0053127469454168743 0.017558266285916863 0.002411778472486715 0.0004410823549033106 0.012578807721263989 0.024955011069275144 0.01656335112932843 0.0028847016286235989 -0.0091683308041293592 -0.00029369185422375982 -0.0002949674172096203 0.0024587263660840108 0.0012716872021389591
leaf_weight=384 1741 227 60874 5857 48256 1957 1956 515 2101 7672 1968 8246 158935 1395 106 178 6517 3441 251 924 2777 429 159 383 2101 1144 36470 1193 780 148
leaf_count=384 1741 227 60874 5857 48256 1957 1956 515 2101 7672 1968 8246 158935 1395 106 178 6517 3441 251 924 2777 429 159 383 2101 1144 36470 1193 780 148
internal_value=-1.49467e-05 -8.31668e-05 0.000768531 -0.000446518 -0.000388156 0.00299383 -0.00611073 0.008877 -0.000525264 -0.00126733 -0.000208182 -0.00178764 -0.000321443 0.00584817 -0.0172534 -0.0221053 0.000783066 0.00309733 0.000693394 0.00838951 0.000830056 0.000678301 0.0035651 0.00670688 0.00522903 -0.000417736 -0.000129173 -0.00480684 0.00668437 0.0181696
internal_weight=359085 355025 105914 249111 246644 9508 2467 2620 237136 70691 166445 56502 161036 4060 511 405 14189 5409 6888 2665 105530 100110 5420 2643 2484 39236 36899 2337 1031 663
internal_count=359085 355025 105914 249111 246644 9508 2467 2620 237136 70691 166445 56502 161036 4060 511 405 14189 5409 6888 2665 105530 100110 5420 2643 2484 39236 36899 2337 1031 663
is_linear=0
shrinkage=0.03


Tree=4
num_leaves=31
num_cat=0
split_feature=16 46 41 36 53 38 17 29 3 55 22 5 14 24 122 110 23 32 35 96 59 1 69 25 78 39 33 74 35 11
split_gain=153.126 133.66 114.274 175.795 93.4998 91.216 171.537 82.5156 86.852 85.0278 83.2679 80.3061 74.9526 63.5736 56.0413 69.9342 53.0764 52.8966 64.9771 61.4985 51.9626 51.4726 51.2661 57.5415 56.4759 68.6602 65.2716 50.7813 50.2001 46.0335
threshold=1.2140709757804873 1.0265486836433413 -0.061837827786803239 0.77615323662757885 1.0914602875709536 -0.017927059903740879 0.74574097990989696 0.00072223041206598293 0.014755962416529657 0.93299949169158947 1.0942236781120303 0.018235309049487117 0.9856114685535432 0.097635596990585341 0.38826498389244085 0.29705883562564855 0.017008195631206039 -0.0032908521825447674 0.69505113363266002 0.19821574538946155 0.93592333793640148 0.016865135170519355 0.99180319905281078 0.020793626084923748 0.30000000447034841 -0.012850192841142414 0.92975208163261425 0.35000000894069677 0.75261947512626659 0.96700865030288707
decision_type=10 8 8 10 10 8 8 10 8 10 10 10 8 10 10 2 10 10 10 10 10 10 10 10 10 10 10 2 10 10
left_child=1 13 3 14 27 6 11 12 10 -10 -9 -4 20 22 15 -3 -2 18 -8 -19 -7 -14 23 -1 25 -25 -26 -5 -16 -24
right_child=16 2 5 4 -6 7 17 8 9 -11 -12 -13 21 -15 28 -17 -18 19 -20 -21 -22 -23 29 24 26 -27 -28 -29 -30 -31
leaf_value=0.0012864571196210058 -0.00092199169664106768 0.01147092604897287 -0.018945489759328808 0.0033800567261269084 -0.0068411888879265133 -0.018781746004619088 0.01183344052295 -0.00016131563726738655 -0.01306081173935948 0.004501347793698234 0.0059428234215867584 0.0026786734973688773 -0.00014241026007319032 -0.01686374567132649 -0.00035705398943553196 -0.0053833859518507146 0.00740497015612635 -0.0084986237617464908 -0.0075141128301971921 0 -0.0031003334176909628 -0.0012513501779220291 0.0077560567181222317 0.0042202404543293581 0.00068912981351980265 -0.0016503751015756805 0.0095067256927895884 0.024110689712672186 0.0081237263693372998 0.0017814521740302427
leaf_weight=59127 785 905 874 183 114 184 477 66094 232 5897 2054 153 74575 161 6577 251 3319 1220 192 1899 9216 77541 1708 1915 16307 21253 782 557 670 4215
leaf_count=59127 785 905 874 183 114 184 477 66094 232 5897 2054 153 74575 161 6577 251 3319 1220 192 1899 9216 77541 1708 1915 16307 21253 782 557 670 4215
internal_value=-3.91268e-06 -7.14485e-05 -0.000450238 0.00281157 0.0156537 -0.0005772 -0.00466363 -0.000492093 0.000332495 0.00374746 1.99536e-05 -0.0154478 -0.00087315 0.000823015 0.00143673 0.00752696 0.00574272 -0.00159527 0.00578843 -0.00330138 -0.00347836 -0.000709754 0.000856101 0.000690351 -0.000177929 -0.00114897 0.0011208 0.0196027 0.000405929 0.00357512
internal_weight=359437 355333 249865 9257 854 240608 4815 235793 74277 6129 68148 1027 161516 105468 8403 1156 4104 3788 669 3119 9400 152116 105307 99384 40257 23168 17089 740 7247 5923
internal_count=359437 355333 249865 9257 854 240608 4815 235793 74277 6129 68148 1027 161516 105468 8403 1156 4104 3788 669 3119 9400 152116 105307 99384 40257 23168 17089 740 7247 5923
is_linear=0
shrinkage=0.03


Tree=5
num_leaves=31
num_cat=0
split_feature=16 29 42 18 41 23 37 38 117 10 116 57 82 5 51 117 38 1 30 16 32 30 24 116 24 19 1 124 28 73
split_gain=163.785 110.891 118.809 92.5776 77.1077 91.4597 94.9494 91.3881 154.325 83.6042 106.004 68.7286 67.5028 78.1128 65.8064 64.1021 63.5157 86.2785 62.5759 77.6401 61.5053 59.3441 60.1097 71.5171 58.3321 57.1021 50.3028 50.2898 48.9803 47.8554
threshold=1.2140709757804873 -0.0013758330023847518 -0.11719898134469985 0.94657942652702343 -0.061837827786803239 0.047562856227159507 0.63455834984779369 -0.015798910520970818 0.64954683184623729 1.0372968316078188 0.7699665129184724 1.1677418351173403 0.22500000149011615 0.01342884683981538 0.90305563807487499 0.59285709261894237 0.021085308864712719 0.018348622135818008 -0.00033920338319148863 0.86507937312126171 0.0035189099144190554 -0.0072278415318578473 0.035362800583243377 0.35507227480411535 0.050007466226816184 1.0546263456344607 0.020181588828563694 -0.55789512395858754 -0.012795922346413134 0.70000001788139354
decision_type=10 8 10 8 8 10 10 8 10 10 10 8 2 10 10 10 8 10 8 8 8 10 10 10 10 10 10 10 10 8
left_child=1 2 15 24 5 6 28 8 14 10 -10 18 13 25 -6 26 17 -14 19 -9 -20 22 -2 -24 -4 -5 -1 -28 -3 -13
right_child=21 4 3 12 7 -7 -8 11 9 -11 -12 29 16 -15 -16 -17 -18 -19 20 -21 -22 -23 23 -25 -26 -27 27 -29 -30 -31
leaf_value=-0.008047520439132488 0 0.017897937355263457 -0.027071892178743794 -0.00048376689184198514 0.0017438073147864688 -0.015171815594037373 0.019851724977715538 -0.010224724477686877 -0.010460216290799443 -0.020802451238049986 0.017532260527131052 0.0069715268429532675 -0.00053094909169682555 0.0045953008008926899 -0.0056168572172301092 0.013671434100672957 0.0039143275041925085 -0.0025011841572828934 0.00040519125056222364 -0.00039627563438785342 0.0022582925679316681 0.0008468059212248391 0.013576659362254662 -0.00021325248566014479 0 0.006058638430094839 0.0081399335195483334 -0.00078066407863723423 -0.001516922498495146 0.00033086895643957614
leaf_weight=307 550 123 179 37785 3118 115 511 716 594 586 127 2383 41096 3193 1638 610 1946 39873 137898 57335 18376 1447 1697 368 115 1216 1286 902 532 1816
leaf_count=307 550 123 179 37785 3118 115 511 716 594 586 127 2383 41096 3193 1638 610 1946 39873 137898 57335 18376 1447 1697 368 115 1216 1286 902 532 1816
internal_value=-8.35102e-08 -6.97411e-05 -0.000773931 -0.000919801 0.000329614 0.00762116 0.0103401 0.000286014 -0.0033359 -0.0123976 -0.00478452 0.000388173 -0.000876298 9.39113e-05 -0.000741349 0.00498958 -0.00137354 -0.00150527 0.000311987 -0.000526145 0.000625275 0.00597404 0.00866936 0.0109968 -0.0172418 -0.000269094 0.00265584 0.0043528 0.00210676 0.00418584
internal_weight=358438 354376 128508 125403 225868 1281 1166 224587 6063 1307 721 218524 125109 42194 4756 3105 82915 80969 214325 58051 156274 4062 2615 2065 294 39001 2495 2188 655 4199
internal_count=358438 354376 128508 125403 225868 1281 1166 224587 6063 1307 721 218524 125109 42194 4756 3105 82915 80969 214325 58051 156274 4062 2615 2065 294 39001 2495 2188 655 4199
is_linear=0
shrinkage=0.03


Tree=6
num_leaves=31
num_cat=0
split_feature=16 29 42 38 122 6 1 26 42 1 41 1 53 38 22 25 85 14 16 122 4 28 5 76 5 81 127 42 23 14
split_gain=137.813 104.789 113.473 107.559 179.883 89.2711 78.19 78.1668 97.5386 73.7477 102.237 69.8408 69.2294 68.7907 62.7823 68.7644 60.3779 60.0204 59.1009 57.8626 55.0864 76.8582 70.5846 54.8497 53.6314 53.2755 60.5504 52.5086 52.1194 44.7564
threshold=1.2140709757804873 -0.00018410928169032556 -0.10264522954821585 -0.016759001649916169 0.35200443863868719 0.32142932713031774 0.020181588828563694 0.062141308560967452 0.15385136008262637 0.016865135170519355 -0.036984207108616822 0.059220556169748313 1.0013501048088076 0.0076335929334163674 1.0969582796096804 0.014238866977393629 0.52500000596046459 0.91313481330871593 0.7638114094734193 0.56406477093696605 0.4062494188547135 0.019123512320220474 0.014705864712595941 0.083333335816860213 0.01342884683981538 0.050000002607703216 0.22264160215854648 0.065386381000280394 0.017147000879049305 0.9830053746700288
decision_type=10 8 10 8 10 10 10 10 10 10 10 10 10 10 10 10 2 8 8 10 10 10 10 2 10 2 10 10 10 10
left_child=1 2 6 4 5 17 -1 14 20 23 12 29 -11 -10 15 -5 -13 -3 -12 25 21 -9 -22 -4 -14 -8 -27 -20 -2 -6
right_child=28 3 9 7 11 -7 19 8 13 10 18 16 24 -15 -16 -17 -18 -19 27 -21 22 -23 -24 -25 -26 26 -28 -29 -30 -31
leaf_value=-0.004539957131079503 -0.0010899426059130881 -0.025392730269005532 0.0014562015260935976 0.0012681963786236379 -0.0052919779210492219 0.00025383811997305047 -0.0023439314824471652 0.0010840769009248603 0.0040968145689927044 -0.0096949298099946249 -0.015898027885530609 0 0.00013292144700220005 -0.016873923074417971 0.0067113602394616488 -0.00010120146397253514 0.016586316340875453 -0.0088086822980583419 -0.0020251278375816627 -0.0051820775375196419 0.0049061155137352487 0.0099924832799735495 0.021408721299775973 -0.00053739425228921964 0.0046136451001619009 0.0058380924886469098 0.017982977580347857 0.0052895649440879268 0.0071015378273227396 0.0020578460933701904
leaf_weight=850 803 497 15635 44748 2022 283 516 9991 180 553 260 420 15107 367 1353 124368 332 490 63226 401 3583 953 248 59673 2876 3289 444 855 3292 1089
leaf_count=850 803 497 15635 44748 2022 283 516 9991 180 553 260 420 15107 367 1353 124368 332 490 63226 401 3583 953 248 59673 2876 3289 444 855 3292 1089
internal_value=-3.2425e-05 -9.65936e-05 -0.000654195 0.000379902 -0.00388896 -0.0135997 0.00356424 0.000499862 0.0025537 -0.000803195 -0.00142089 -0.000565609 0.000529027 -0.00954294 0.000313223 0.000259474 0.00741944 -0.0177959 -0.0019873 0.00512299 0.00303411 0.00190399 0.00615795 -0.000119236 0.000870512 0.00618552 0.00745067 -0.00192123 0.00542485 -0.00262666
internal_weight=358704 354609 163685 190924 5133 1270 5500 185791 15322 158185 82877 3863 18536 547 170469 169116 752 987 64341 4650 14775 10944 3831 75308 17983 4249 3733 64081 4095 3111
internal_count=358704 354609 163685 190924 5133 1270 5500 185791 15322 158185 82877 3863 18536 547 170469 169116 752 987 64341 4650 14775 10944 3831 75308 17983 4249 3733 64081 4095 3111
is_linear=0
shrinkage=0.03


Tree=7
num_leaves=31
num_cat=0
split_feature=16 41 36 44 14 28 62 17 30 25 5 119 50 75 16 82 117 85 35 56 60 25 68 82 1 22 54 35 60 39
split_gain=140.144 98.4098 181.298 126.5 88.6344 76.0403 115.454 86.9078 130.924 85.1053 71.8519 91.1585 65.6735 69.4774 84.9482 71.929 52.5121 62.7302 55.0027 51.8007 50.3278 48.5564 66.1323 48.3708 45.9821 40.7287 39.7877 39.436 39.4014 37.9691
threshold=1.2389282584190371 -0.061837827786803239 0.78219944238662731 1.0408789515495303 0.96659323573112499 -0.0042204018682241431 0.69052326679229747 0.6630004644393922 0.0023615796817466621 0.037441542372107513 0.012232415843755009 0.16494846343994143 0.71275830268859874 0.22500000149011615 1.1159729957580569 0.84166666865348827 0.61442378163337719 0.22500000149011615 0.75900360941886913 0.8966500759124757 0.91735622286796581 0.013613940682262184 0.9285724163055421 0.025000001303851608 0.018348622135818008 1.1263830065727236 1.0804786682128908 0.86670863628387462 1.0652580261230471 -0.0072727766819298259
decision_type=10 8 10 10 8 8 10 8 10 10 10 10 8 2 10 2 10 2 10 10 8 8 10 2 10 10 10 10 10 10
left_child=1 2 16 12 -4 7 23 8 -5 -9 24 -12 27 14 20 -16 18 -18 -1 -11 -14 -15 -23 -7 -8 -2 -19 -3 29 -20
right_child=25 3 4 5 -6 6 10 9 -10 19 11 -13 13 21 15 -17 17 26 28 -21 -22 22 -24 -25 -26 -27 -28 -29 -30 -31
leaf_value=-4.0769347894648828e-05 -0.0035623873070694356 -0.015323470813879208 0 0.032342206670386391 0.022123658704292479 0.00045583187654489577 -0.0009583714013180688 -0.00094607292420213589 0 -0.016053604025888693 0.019794311988981884 0.00071440124277382018 0.010004335324750603 0.0014958844515838906 0.0078510096415053479 8.5941751916485993e-05 0.019524990767149808 -0.0023905769513935414 0.026674609036355681 0.0019051154851961109 -0.00080782094040483365 1.3026634343759805e-05 0.0018605755586636056 -0.016082795146811258 -0.0030006949989140027 0.0080310245981841839 0.010408253382334894 0.00061992429667613006 0.00064438743123861205 0.0037659324867259283
leaf_weight=6749 257 367 186 164 601 159 19153 48060 262 123 219 5012 366 45429 1930 2568 288 460 149 13917 65603 99552 21207 693 21945 2459 349 162 345 178
leaf_count=6749 257 367 186 164 601 159 19153 48060 262 123 219 5012 366 45429 1930 2568 288 460 149 13917 65603 99552 21207 693 21945 2459 349 162 345 178
internal_value=4.24267e-05 -8.68521e-06 0.00303166 -9.12742e-05 0.0166672 -0.000934196 -0.00184413 -0.000242409 0.0129362 -0.000341778 -0.00163239 0.00164268 0.000297392 0.000322636 -0.000464172 0.00350418 0.0017006 0.00779487 0.000740881 0.00170384 -0.000740274 0.000658079 0.000340221 -0.0127127 -0.00205713 0.00680633 0.00288681 -0.0100498 0.00879894 0.0160048
internal_weight=358912 356196 9305 346891 787 109707 47181 62526 426 62100 46329 5231 237184 236655 70467 4498 8518 1097 7421 14040 65969 166188 120759 852 41098 2716 809 529 672 327
internal_count=358912 356196 9305 346891 787 109707 47181 62526 426 62100 46329 5231 237184 236655 70467 4498 8518 1097 7421 14040 65969 166188 120759 852 41098 2716 809 529 672 327
is_linear=0
shrinkage=0.03


Tree=8
num_leaves=31
num_cat=0
split_feature=21 46 41 36 50 33 18 29 57 55 38 87 18 17 121 1 35 33 1 73 19 23 38 5 12 40 37 19 58 58
split_gain=131.449 101.015 91.7558 165.585 83.3355 76.4677 76.2593 60.1242 112.62 74.1697 63.2328 117.553 62.5599 59.452 58.2568 54.2055 51.5824 47.888 47.5326 46.9528 56.3204 45.3536 44.4414 43.9924 66.0479 84.366 80.4679 94.6989 60.7222 54.0687
threshold=1.137803912162781 1.0273329615592959 -0.061837827786803239 0.77615323662757885 0.71275830268859874 0.975903481245041 1.0579062700271609 -0.00352032424416393 1.1677418351173403 1.0930755138397219 -0.024479659274220463 0.25833334028720861 0.95288440585136425 0.8172043263912202 0.61420536041259777 0.018561494536697868 0.83247610926628124 0.37327919900417333 0.059220556169748313 0.70000001788139354 1.0181818604469302 0.027797246351838115 0.018214765936136249 0.0024813426425680522 0.98712778091430675 0.039177447557449348 0.32915802299976354 0.95551276206970226 0.93067494034767162 0.91388896107673656
decision_type=10 10 8 10 8 10 10 10 10 10 8 2 10 8 10 10 10 8 10 10 10 10 10 8 8 10 10 10 8 10
left_child=1 4 3 13 -1 14 21 9 10 12 11 -9 -4 15 -2 -3 -15 -12 -11 20 -10 -5 -14 -6 26 28 -25 -28 -26 -27
right_child=5 2 7 6 23 -7 -8 8 19 18 17 -13 22 16 -16 -17 -18 -19 -20 -21 -22 -23 -24 24 25 29 27 -29 -30 -31
leaf_value=-0.012612930492240203 -0.00059584494082487579 -0.010500680121703913 -0.015952907418782469 0.010968733890994764 0.0014468776826852829 -0.015960827253162859 -0.0037241449570283294 0.0033210041724965793 0.0078847123498461315 0.00047044721409315778 -0.00092602476476484619 -0.013098174794931102 -0.0018042458773142389 -0.00089686920678902157 0.0097443396236616582 0.0069486146159894362 0.016718470655089499 0.00012126631510170691 0.01003965449677818 0.00036625740230889105 -2.9928198187217975e-05 0.029050111809896455 0.0023046958658696727 -0.0020445020019319955 0.012078094753480628 0.0059699136732637133 0.011447899300112073 0 6.6793251113531345e-05 -0.0089327932118781692
leaf_weight=400 562 144 261 438 45832 105 130 618 2867 11199 66587 927 55445 5479 2146 1935 133 94817 474 2542 1020 276 2395 1301 362 219 1616 1139 56341 1419
leaf_count=400 562 144 261 438 45832 105 130 618 2867 11199 66587 927 55445 5479 2146 1935 133 94817 474 2542 1020 276 2395 1301 362 219 1616 1139 56341 1419
internal_value=-2.36702e-05 -7.56743e-05 -0.000410943 0.00263616 0.000685952 0.0064117 0.0151202 -0.000521156 -0.000213662 -0.00126303 -0.000369177 -0.0063803 -0.00170316 0.00119161 0.0074998 0.00550854 -0.000368245 -0.000308995 0.000901183 0.0036704 0.0057415 0.018968 -0.00162818 0.000740196 0.000216019 -3.68245e-05 0.00390882 0.00682275 0.000152996 -0.00671139
internal_weight=359129 356316 247687 8535 108629 2813 844 239152 169378 69774 162949 1545 58101 7691 2708 2079 5612 161404 11673 6429 3887 714 57840 108229 62397 58341 4056 2755 56703 1638
internal_count=359129 356316 247687 8535 108629 2813 844 239152 169378 69774 162949 1545 58101 7691 2708 2079 5612 161404 11673 6429 3887 714 57840 108229 62397 58341 4056 2755 56703 1638
is_linear=0
shrinkage=0.03


Tree=9
num_leaves=31
num_cat=0
split_feature=41 71 29 46 23 85 1 38 122 38 29 26 42 5 39 81 33 1 37 28 50 35 10 102 12 25 33 86 12 20
split_gain=125.506 117.391 111.52 106.151 78.1679 73.4825 80.6917 63.0304 161.268 72.3091 90.0639 84.097 79.9954 75.5366 67.5574 63.435 62.4313 58.523 54.6714 72.0226 53.7875 62.9193 52.4166 51.8245 49.9308 77.5905 73.2918 66.3241 60.9727 45.8776
threshold=-0.065217081457376466 0.61157029867172252 -0.016569948755204674 1.036144554615021 0.027797246351838115 -0.82500001788139332 0.052488638088107116 -0.015798910520970818 0.35200443863868719 -0.00018275843467563388 0.0077425448689609775 0.069119755178689971 0.12983503937721255 0.020969509147107605 0.0055089020170271405 0.050000002607703216 0.93600752949714672 0.05074968375265599 0.72365510463714611 -0.015531639102846382 0.71275830268859874 0.86670863628387462 1.0372968316078188 0.59632253646850597 0.98877084255218517 0.019868200644850734 0.83806887269020092 0.91666665673255932 1.0062441229820254 0.89486125111579906
decision_type=8 10 8 8 10 2 10 8 10 8 10 10 10 10 10 2 10 10 10 8 8 10 10 2 10 10 10 2 10 10
left_child=1 5 -2 20 -3 6 -1 8 15 11 12 13 -11 -9 17 -5 -13 -10 -7 -20 21 -4 -12 -6 26 -26 29 -28 -27 -22
right_child=2 4 3 7 23 18 -8 9 14 10 22 16 -14 -15 -16 -17 -18 -19 19 -21 24 -23 -24 -25 25 28 27 -29 -30 -31
leaf_value=0.0032255150685086844 0.0086357455028463429 0.0059185843960852308 -0.017043784430421628 -0.02133364543284396 0.030583911395449304 -0.00096257831279813544 0.021170946663661191 -0.00014126447965212246 -0.0042885018997154325 -0.0010601254091225953 0.00287247142962096 0.0043698508219583232 -0.023541424109134821 0.0071111119834827048 0.0081714566012386532 -0.0057243104474011992 -0.0099414492049756994 0.0026925977780545146 0 0.011038642349320225 -0.0057836874799140677 0.0048255458128560018 0.017159660898597679 0.0027622025123888389 0.001068932864791176 -0.00080236946729780065 0.0040768746022236714 0.015658719367397315 0.0025721574222990315 0.0019450608592104118
leaf_weight=760 1308 687 308 529 271 4283 343 94361 3914 101588 2384 5597 124 1290 581 563 258 1419 1248 931 752 146 254 113 75709 45618 2018 613 5339 5784
leaf_count=760 1308 687 308 529 271 4283 343 94361 3914 101588 2384 5597 124 1290 581 563 258 1419 1248 931 752 146 254 113 75709 45618 2018 613 5339 5784
internal_value=4.78276e-05 0.0036168 -3.94649e-05 -7.33164e-05 0.0128797 0.00223537 0.00935081 -0.000492621 -0.00329273 -0.000395556 -0.000950465 0.000172021 -0.0010951 -3.88532e-05 -0.00126142 -0.0138035 0.00365646 -0.00237181 0.000949453 0.0048187 0.000579356 -0.00947114 0.00447975 0.0236814 0.000616546 0.000458732 0.00275876 0.00698628 -0.000442049 0.000995138
internal_weight=359093 8636 350457 349149 1071 7565 1103 212862 7006 205856 104350 101506 101712 95651 5914 1092 5855 5333 6462 2179 136287 454 2638 384 135833 126666 9167 2631 50957 6536
internal_count=359093 8636 350457 349149 1071 7565 1103 212862 7006 205856 104350 101506 101712 95651 5914 1092 5855 5333 6462 2179 136287 454 2638 384 135833 126666 9167 2631 50957 6536
is_linear=0
shrinkage=0.03


Tree=10
num_leaves=31
num_cat=0
split_feature=21 29 41 36 57 33 41 71 23 46 24 14 82 28 122 59 119 29 5 35 24 1 32 121 51 48 62 129 12 76
split_gain=117.327 91.2137 86.6336 95.4111 75.3711 74.7518 69.0339 117.555 92.8214 73.4009 75.1261 59.4335 68.5675 56.6905 81.6856 54.6474 51.8311 67.1791 55.065 51.4768 56.122 70.1379 52.5069 49.5825 47.5236 44.6268 43.6245 42.4233 52.3149 48.9515
threshold=1.137803912162781 -0.00352032424416393 -0.036180468276143067 0.82326096296310436 1.1677418351173403 0.975903481245041 -0.061837827786803239 0.61157029867172252 0.024801111780107025 1.0265486836433413 0.076236087828874602 1.0327116250991824 0.25833334028720861 0.012973229866474869 0.49720184504985815 0.82912519574165355 0.4444445818662644 -0.00056027076789177943 0.0077279349789023408 0.75900360941886913 0.044486518949270255 0.021400748752057556 0.0025953409494832162 0.62121209502220165 0.92367672920227062 0.98945012688636791 0.84425204992294323 1.0924023389816286 0.99074238538742077 0.18333333730697635
decision_type=10 8 10 10 10 10 8 10 10 10 10 8 2 8 10 8 10 10 10 10 10 10 10 10 10 10 10 10 10 2
left_child=1 2 3 11 6 23 7 -3 -9 10 15 -1 26 19 -15 -8 17 -11 -18 20 21 -4 -21 -2 -22 -5 -13 28 -6 -29
right_child=5 4 13 25 27 -7 9 8 -10 16 -12 12 -14 14 -16 -17 18 -19 -20 22 24 -23 -24 -25 -26 -27 -28 29 -30 -31
leaf_value=-0.0039731925022558441 0 -0.0010709302624021938 -0.0012851747688724039 0.028063867666165934 0.010896317101699908 -0.015512043002103878 0.013379761758770691 0.0044345484179139413 0.024613269449361791 -0.0046597729205436512 -0.01229591110812262 0.0076810628360298129 -0.00058011655809190059 -0.018533785000194754 -0.0013458413104107004 0.00066875866749762107 0.00036694732939938468 -0.00076369299327469801 -0.0014886073200790404 0.0001871747367805748 0.010307681511500738 -0.0040166029998852252 -0.013432316436615689 0.0093320633366916119 -0.0010670505835142119 0.002458626175080152 0.0018897120049385496 0.0078374383034929621 -0.00067821505552048548 -0.0001025149523874581
leaf_weight=2522 648 1021 23316 145 379 112 288 543 377 4305 379 1502 11271 420 679 104515 86006 58104 17252 15186 572 13751 239 2084 648 150 6395 2480 2713 867
leaf_count=2522 648 1021 23316 145 379 112 288 543 377 4305 379 1502 11271 420 679 104515 86006 58104 17252 15186 572 13751 239 2084 648 150 6395 2480 2713 867
internal_value=-4.64233e-05 -9.58977e-05 -0.00101191 0.000568581 0.000155012 0.00599969 7.80405e-05 0.00568755 0.0133703 3.63163e-05 0.000657056 0.000316128 0.000899676 -0.0016513 -0.00839643 0.000709097 -0.000356012 -0.00103866 5.37945e-05 -0.00150463 -0.00209398 -0.00230818 -2.15468e-05 0.00709691 0.00410432 0.0169794 0.00304573 0.00335915 0.000705035 0.0057032
internal_weight=358869 356025 76796 21985 279229 2844 272790 1941 920 270849 105182 21690 19168 54811 1099 104803 165667 62409 103258 53712 38287 37067 15425 2732 1220 295 7897 6439 3092 3347
internal_count=358869 356025 76796 21985 279229 2844 272790 1941 920 270849 105182 21690 19168 54811 1099 104803 165667 62409 103258 53712 38287 37067 15425 2732 1220 295 7897 6439 3092 3347
is_linear=0
shrinkage=0.03


Tree=11
num_leaves=31
num_cat=0
split_feature=16 46 41 36 53 38 17 49 12 63 50 8 36 49 49 29 13 12 59 18 116 50 127 86 79 41 17 77 23 42
split_gain=114.991 95.9386 93.6628 119.113 79.7255 67.5441 136.814 75.9417 111.313 67.6742 66.5691 59.8184 59.0727 54.7211 52.8608 52.5043 51.1918 49.9229 61.408 65.4307 72.6102 59.1635 58.6584 56.0591 69.3689 60.1079 51.2665 46.5554 46.0344 45.1264
threshold=1.2389282584190371 1.0265486836433413 -0.061837827786803239 0.76680177450180065 1.0914602875709536 -0.017927059903740879 0.74574097990989696 0.832301825284958 0.98998177051544201 0.68333333730697643 0.71275830268859874 -0.49999271333217615 0.71152937412261974 0.88235291838645946 0.91106507182121288 -0.0035965825663879509 1.0405209660530093 0.98658627271652233 0.9446740746498109 0.98245009779930126 0.65298324823379528 0.9550321400165559 0.34359024465084081 0.91666665673255932 0.15000000223517421 0.021961332298815254 0.68735915422439586 0.041666667908430106 0.015859310515224937 0.027940572239458564
decision_type=10 8 8 10 10 8 8 8 10 8 10 10 10 10 10 8 8 10 10 10 10 10 10 2 2 10 8 2 10 10
left_child=1 10 3 -3 -5 6 11 8 -7 14 12 -4 -1 -8 -9 -11 -10 23 22 20 -20 -21 26 -12 -25 -26 -19 -15 -2 -13
right_child=28 2 5 4 -6 7 13 9 16 15 17 29 -14 27 -16 -17 -18 18 19 21 -22 -23 -24 24 25 -27 -28 -29 -30 -31
leaf_value=-0.019083234226580339 -0.0032145408842149861 0.0014051353628344594 -0.018501182487748638 0.016153510142993689 -0.0064730236631853934 -0.00606129261324831 0.0047441606973897214 0.0035125481225753512 0.0075521880191162767 -0.0025881598676520856 0.0017635140223663743 0.011615531339668309 0.0037025815375307772 0.0070115960754696333 -0.00014151549155620572 -0.00071903708377837005 0.025675638978883846 -0.017421088610637878 0.0049937629007958872 -2.7826501256761143e-05 -0.00033519121270174471 0.0016957513502572636 0.0020581742621838058 0.0017084315407848213 0.0010329092011308345 0.022027395780454491 -0.0020222192508849131 -0.004805593121137197 0.0076958947796609712 -0.010582881690183945
leaf_weight=264 354 8312 700 821 136 444 959 3627 973 17475 4322 110 121 303 150359 63693 181 185 6753 46764 3328 28712 3573 696 213 438 10198 2550 2365 191
leaf_count=264 354 8312 700 821 136 444 959 3627 973 17475 4322 110 121 303 150359 63693 181 185 6753 46764 3328 28712 3573 696 213 438 10198 2550 2365 191
internal_value=2.90397e-05 -1.71795e-05 -0.000337315 0.00261416 0.0125643 -0.000452014 -0.00396957 -0.000378908 0.00608633 -0.000424633 0.000740562 -0.013755 -0.011352 -0.00126333 -5.30544e-05 -0.00112568 0.0110393 0.000789826 0.000629758 0.000932739 0.00320766 0.000624146 -0.00120488 0.00353483 0.00888987 0.0158409 -0.00235839 -0.00340607 0.00615278 -0.00131766
internal_weight=359120 356401 250834 9269 957 241565 4813 236752 1598 235154 105567 1001 385 3812 153986 81168 1154 105182 99513 85557 10081 75476 13956 5669 1347 651 10383 2853 2719 301
internal_count=359120 356401 250834 9269 957 241565 4813 236752 1598 235154 105567 1001 385 3812 153986 81168 1154 105182 99513 85557 10081 75476 13956 5669 1347 651 10383 2853 2719 301
is_linear=0
shrinkage=0.03


Tree=12
num_leaves=31
num_cat=0
split_feature=54 29 57 41 5 33 57 36 68 79 41 46 55 60 10 54 7 67 82 122 52 52 33 96 48 112 71 88 33 2
split_gain=102.338 118.534 75.0295 71.516 74.773 76.6692 76.3655 65.7726 69.1523 59.7762 66.5681 58.7706 71.9084 57.1308 55.7889 51.951 49.0165 48.116 47.2182 46.4939 75.3657 52.2765 45.4507 42.0917 41.4668 41.3374 40.4682 39.5581 39.2431 37.6419
threshold=1.0878069400787356 -0.00352032424416393 1.1677418351173403 -0.06924965605139731 0.0048308947589248427 0.90028017759323131 0.9264509677886964 0.79816830158233654 0.11428572237491609 0.84999999403953563 -0.03458008170127868 1.0273329615592959 0.93299949169158947 0.9240078628063203 1.017833471298218 0.99926182627677929 -0.02222229819744825 0.61636903882026683 0.19166667014360431 0.3813199400901795 0.76269176602363598 0.65253034234046947 0.89777392148971569 0.15055219084024432 0.9974404275417329 0.20169491320848468 0.018017758615314964 0.11951012164354326 0.37327919900417333 -0.90322592854499806
decision_type=10 8 10 8 8 8 8 10 10 2 10 10 10 10 10 10 10 10 2 8 10 10 10 10 10 2 10 10 10 10
left_child=1 9 3 14 11 28 -7 27 23 15 -11 -5 -13 -12 -3 -1 17 18 -17 21 -21 -18 -4 -9 25 -16 -15 29 -6 -2
right_child=7 2 22 4 5 6 -8 8 -10 10 13 12 -14 26 24 16 19 -19 -20 20 -22 -23 -24 -25 -26 -27 -28 -29 -30 -31
leaf_value=-0.017017007355506604 -0.0033862527286149927 -0.00034002780539851954 0.0042185338390872606 0.0011240288973268211 -0.001647280311923012 0.0075851638543721744 0.00066465157633695834 0.0058028880951746815 0.016161100379036814 0.0012178342635063286 0.01167247890800647 -0.013898128890488186 4.4856175571703828e-05 0.0020816617244751772 0.021753890609292708 0.0030983487609820815 -0.010798712525086906 -0.01585959147773161 -0.0086138274208184054 -0.010045278111028171 -0.0017693844452458267 0.0055375628049954611 -0.0040170717665142961 -0.012362114056516035 -0.00016447924438919595 0 -0.0017807510218275967 -0.0008695198942488653 -0.00034542793700098509 0.0042650857491306812
leaf_weight=201 592 362 5871 71186 34853 1722 8961 541 649 13766 278 314 100760 2596 383 476 175 431 710 1039 22083 1284 619 119 114 101 27166 2754 53741 5173
leaf_count=201 592 362 5871 71186 34853 1722 8961 541 649 13766 278 314 100760 2596 383 476 175 431 710 1039 22083 1284 619 119 114 101 27166 2754 53741 5173
internal_value=3.60911e-07 -8.38558e-05 0.000192508 0.00011532 8.50012e-05 -0.000569338 0.00182029 0.00301716 0.00929185 -0.00118611 -0.000497385 0.000463874 0 -0.00129366 0.00820816 -0.00231637 -0.00217924 -0.00727183 -0.00369097 -0.00182641 -0.00216259 0.00325574 0.00337703 0.00181924 0.0137118 0.0174522 -0.00143261 0.00199838 -0.00086122 0.00341853
internal_weight=359020 349192 278987 272497 271537 99277 10683 9828 1309 70205 43806 172260 101074 30040 960 26399 26198 1617 1186 24581 23122 1459 6490 660 598 484 29762 8519 88594 5765
internal_count=359020 349192 278987 272497 271537 99277 10683 9828 1309 70205 43806 172260 101074 30040 960 26399 26198 1617 1186 24581 23122 1459 6490 660 598 484 29762 8519 88594 5765
is_linear=0
shrinkage=0.03


Tree=13
num_leaves=31
num_cat=0
split_feature=54 29 41 60 57 5 58 28 122 42 26 72 35 26 59 36 68 37 14 116 83 30 118 37 116 52 138 0 43 8
split_gain=104.481 90.7454 71.9602 77.6737 89.324 63.4127 94.0541 62.5071 79.0936 73.855 60.3818 59.0428 57.3204 61.7856 56.1088 55.4536 51.7507 52.7193 49.7081 46.9286 46.5059 46.4738 44.9804 54.4004 50.6757 60.7242 46.2783 44.7229 43.8129 40.228
threshold=1.0878069400787356 -0.00352032424416393 -0.06924965605139731 1.018164396286011 1.1677418351173403 0.0048308947589248427 0.93067494034767162 0.012973229866474869 0.50385123491287243 -0.10264522954821585 0.072007030248641982 0.60227277874946605 0.75900360941886913 0.031812153756618507 1.0042749643325808 0.80437251925468456 0.11428572237491609 0.63455834984779369 1.0685684084892275 0.38502679765224462 0.70000001788139354 -0.004808692028746008 0.87499672174453746 0.6737562119960786 0.46999995410442358 0.97934386134147655 0.77374950051307689 -0.0090206428430974466 1.0754115581512453 0.65217325091362011
decision_type=10 8 8 10 10 10 10 8 10 10 10 10 10 10 10 10 10 10 10 10 8 10 10 10 10 10 10 10 10 10
left_child=1 7 11 4 5 20 -7 9 -9 -1 12 -3 13 -11 -14 22 17 -17 -5 27 -4 -21 23 -2 25 -24 -25 -6 -13 -12
right_child=15 2 3 18 19 6 -8 8 -10 10 29 28 14 -15 -16 16 -18 -19 -20 21 -22 -23 24 26 -26 -27 -28 -29 -30 -31
leaf_value=0.0043760627147819229 0.0018004476718402856 -0.0014063370546156708 0.00069078844180648681 -0.0026678257052894969 0.00010897571600339726 0.0049094700515825646 -0.00066737050184857206 -0.017119189556104229 -0.00055764888773209475 -0.00097628672065520124 0.0053921286265946654 0.0048550955056246925 -0.0013996950658273803 -0.0032046044392169551 0.0022346433115914212 0.012381194100545695 0.01501694090325037 -0.004658754816853827 -0.015323449993201602 -0.0062579403642802778 -0.0005874065175821417 0.0030534923499418868 0.0063354717911746827 0.0019762146970516395 -0.0061211402892512668 -0.0016007756299634243 0.013980293112203342 0.0080528670160806837 0.022531295971177215 -0.0028581688456197243
leaf_weight=2230 2778 310 138605 4989 948 2772 94773 475 632 30487 2011 342 8174 18262 7103 254 627 359 292 634 31159 1770 1460 562 933 1989 790 2585 276 654
leaf_count=2230 2778 310 138605 4989 948 2772 94773 475 632 30487 2011 342 8174 18262 7103 254 627 359 292 634 31159 1770 1460 562 933 1989 790 2585 276 654
internal_value=-1.09692e-05 -9.73451e-05 0.000143719 0.000114534 0.00018534 0.00010321 -0.000504841 -0.00106339 -0.00810788 -0.000943571 -0.0011272 0.00839949 -0.00131502 -0.00181817 0.000271181 0.00304765 0.00900217 0.00209602 -0.00347935 0.00382009 0.000454376 0.000442681 0.00212599 0.0043643 0 0.0016894 0.00931064 0.00601835 0.0136784 0.00324954
internal_weight=359235 349483 279455 278527 273246 267309 97545 70028 1107 68921 66691 928 64026 48749 15277 9752 1240 613 5281 5937 169764 2404 8512 4130 4382 3449 1352 3533 618 2665
internal_count=359235 349483 279455 278527 273246 267309 97545 70028 1107 68921 66691 928 64026 48749 15277 9752 1240 613 5281 5937 169764 2404 8512 4130 4382 3449 1352 3533 618 2665
is_linear=0
shrinkage=0.03


Tree=14
num_leaves=31
num_cat=0
split_feature=16 29 58 32 38 127 28 36 38 82 5 19 35 38 73 12 13 33 57 138 29 13 57 25 61 17 77 5 27 37
split_gain=96.144 81.9845 91.8525 79.7069 66.0068 90.9673 81.899 87.3505 71.5851 59.4731 87.8143 69.5265 64.0821 68.6697 78.2464 56.2732 55.988 55.2688 54.3008 51.432 64.4744 50.8715 48.1503 48.8853 56.6438 46.4105 76.557 46.1713 48.794 45.9301
threshold=1.2140709757804873 -0.0013758330023847518 0.93067494034767162 -0.00065452777198515822 -0.024479659274220463 0.29969179630279547 -0.013249677140265701 0.53483983874320995 0.013184082694351675 0.22500000149011615 0.01342884683981538 1.0546263456344607 0.83247610926628124 0.017177913337945942 0.30000000447034841 0.99358367919921886 1.0423594713211062 0.8196714222431184 1.2150822877883913 0.98492354154586803 0.014533590991050007 0.98696550726890575 1.1677418351173403 0.012763481587171556 0.82610177993774425 1.0840047597885134 0.32500000298023229 0.010752703063189985 0.083021692931652083 0.77307406067848217
decision_type=10 8 10 10 8 10 8 10 10 2 10 10 10 8 10 10 8 10 10 10 10 10 10 10 10 8 2 10 10 10
left_child=1 2 3 -1 5 19 7 27 -9 10 11 -4 13 21 -15 -5 17 -12 -2 20 -3 -11 23 -8 -25 26 -24 28 -6 -7
right_child=18 4 9 15 6 29 22 8 -10 12 16 -13 -14 14 -16 -17 -18 -19 -20 -21 -22 -23 25 24 -26 -27 -28 -29 -30 -31
leaf_value=-0.0012333819936066472 -0.0027659429955453809 -0.013927302016800374 -0.00039917301996942093 -0.033812891683811623 -0.00083311655415066823 -0.00045108183186543595 0.0010815069637967879 0.013499974085321345 -0.0036022594684900172 -0.0042983143857977732 0.0098854899596841107 0.0050976998266342175 0.0010348089189108583 -0.0002141774255006428 0.0098156003263994516 -0.0034909799854670248 0.00010067723591653761 -0.0036438486102409024 0.0061662426434036226 0.0082567092393808807 0.0016981936394954206 -0.0013338773964823602 0.024917812153147246 0.0023475232765337558 -0.00014500685818768862 0.0023402477015098291 0 -0.007649334895988711 0.012265184463376261 -0.022153567494276692
leaf_weight=359 684 383 38311 166 655 156 46037 1204 228 5788 1809 2167 11195 2104 989 120 1468 273 3379 354 502 63833 207 8619 162860 3617 177 448 363 337
leaf_count=359 684 383 38311 166 655 156 46037 1204 228 5788 1809 2167 11195 2104 989 120 1468 273 3379 354 502 63833 207 8619 162860 3617 177 448 363 337
internal_value=4.83051e-06 -4.70152e-05 -0.000652532 -0.0117976 0.000295969 -0.00549455 0.000342481 0.00534131 0.0105583 -0.000592164 0.000295375 -9.51166e-05 -0.0010614 -0.00138845 0.00293897 -0.0231305 0.00480748 0.00795096 0.00458286 -0.000824652 -0.00489088 -0.0015858 0.000275254 0.000213631 -1.77171e-05 0.00353305 0.0133538 0 0.00369481 -0.0161564
internal_weight=358792 354729 128582 645 226147 1732 224415 2898 1432 127937 44028 40478 83909 72714 3093 286 3550 2082 4063 1239 885 69621 221517 217516 171479 4001 384 1466 1018 493
internal_count=358792 354729 128582 645 226147 1732 224415 2898 1432 127937 44028 40478 83909 72714 3093 286 3550 2082 4063 1239 885 69621 221517 217516 171479 4001 384 1466 1018 493
is_linear=0
shrinkage=0.03


Tree=15
num_leaves=31
num_cat=0
split_feature=54 29 22 38 122 58 36 31 24 76 1 41 53 36 78 38 0 81 37 122 42 47 18 24 107 28 75 42 24 69
split_gain=87.5864 94.5217 75.2216 66.6712 150.336 95.8293 85.8523 72.143 70.7586 64.1459 59.6451 71.3905 95.2192 88.0597 59.2049 95.5741 59.0697 58.017 59.2246 56.7567 55.114 49.8623 48.9309 57.1427 48.6532 47.4484 46.7883 61.2095 49.8625 46.1407
threshold=1.0878069400787356 -0.00018410928169032556 1.0942236781120303 -0.016759001649916169 0.35200443863868719 0.93971729278564464 0.78219944238662731 0.0090835802257061022 0.097635596990585341 0.18333333730697635 0.014301411341875793 -0.030344763770699498 1.0022045969963076 0.76680177450180065 0.30000000447034841 0.013184082694351675 -0.04045592434704303 0.050000002607703216 0.8490138351917268 0.29647828638553625 -0.082705002278089509 1.1190183162689211 0.94657942652702343 0.053952131420373924 0.4252659678459168 0.020619216375052932 0.075000001117587103 -0.0095428712666034681 0.036483004689216621 0.73387169837951671
decision_type=10 8 10 8 10 10 10 10 10 2 10 10 10 10 10 10 10 2 10 10 10 10 10 10 2 10 2 10 10 10
left_child=1 10 3 4 5 19 21 8 25 29 -1 12 -12 20 24 -16 -8 -2 -19 -3 -14 -6 23 -13 -9 -5 28 -28 -24 -4
right_child=17 2 9 7 6 -7 16 14 -10 -11 11 22 13 -15 15 -17 -18 18 -20 -21 -22 -23 26 -25 -26 -27 27 -29 -30 -31
leaf_value=0.00019534691603267861 -0.0053982650905378508 0.01858602260493419 0.01007952953791352 0.00027852723966924684 -0.0053184589736043402 -0.016255653180428726 0.025209847554436018 0.0048053334189000398 -0.013952446497521599 -0.001662679582340474 -0.0073674394836975412 -0.02074924197062615 0.0037304321110299432 0.0066458487384835029 0.011358560789911862 -0.0052823815256983157 0.0033997431550324107 0.0025317843849059548 0.010091923915344811 -0.0086394163738680255 -0.0004088632559642855 0.00243243754223804 -0.00049052565679508317 0.00094898373345759775 -0.0047447398094030485 0.003879033081583817 -0.0026779382481360407 -0.00069895299080151697 0.0058912518288695027 0.0014934618898802922
leaf_weight=55781 669 112 1693 175489 1821 984 154 1086 291 974 1339 234 3390 2089 1575 346 460 7935 1089 111 18821 1180 16440 145 816 3354 33222 25270 1160 985
leaf_count=55781 669 112 1693 175489 1821 984 154 1086 291 974 1339 234 3390 2089 1575 346 460 7935 1089 111 18821 1180 16440 145 816 3354 33222 25270 1160 985
internal_value=3.23859e-05 -4.48993e-05 0.000402326 0.000317421 -0.00315016 -0.0122242 0 0.000410786 0.000321694 0.0046608 -0.000589009 -0.00102038 0.000339886 0.000782626 0.00448391 0.00818318 0.00996592 0.00284288 0.0034976 0.00420408 0.000212198 -0.00217556 -0.00148034 -0.0120645 0.000545315 0.000348154 -0.00142052 -0.00182863 -4.66728e-05 0.00706715
internal_weight=359015 349322 191431 187779 4822 1207 3615 182957 179134 3652 157891 102110 25639 24300 3823 1921 614 9693 9024 223 22211 3001 76471 379 1902 178843 76092 58492 17600 2678
internal_count=359015 349322 191431 187779 4822 1207 3615 182957 179134 3652 157891 102110 25639 24300 3823 1921 614 9693 9024 223 22211 3001 76471 379 1902 178843 76092 58492 17600 2678
is_linear=0
shrinkage=0.03


end of trees

feature_importances:
RESI5=20
BETA10=17
RESI30=17
ROC30=16
KLEN=14
KLOW=14
RSQR30=13
BETA5=12
RSQR20=11
SUMN60=11
STD10=10
RSQR5=10
RESI60=10
QTLU60=10
STD5=8
STD20=8
BETA20=8
MAX30=8
VWAP0=7
ROC10=7
RSQR60=7
MIN20=7
QTLD5=7
IMIN60=7
ROC60=6
MA5=6
MA60=6
BETA60=6
RESI20=6
QTLU10=6
RSV30=6
IMXD30=6
MA10=5
STD30=5
MIN5=5
RSV5=5
IMIN5=5
SUMP30=5
SUMP60=5
HIGH0=4
ROC5=4
BETA30=4
MIN60=4
QTLU5=4
QTLD10=4
QTLD20=4
IMAX60=4
IMXD20=4
SUMD60=4
KSFT=3
STD60=3
RESI10=3
MAX60=3
MIN10=3
MIN30=3
QTLU20=3
RSV10=3
IMAX5=3
IMAX30=3
IMIN10=3
IMIN30=3
IMXD5=3
KMID=2
KUP=2
KLOW2=2
KSFT2=2
MA20=2
MA30=2
MAX5=2
MAX10=2
QTLU30=2
QTLD30=2
QTLD60=2
RSV60=2
IMAX20=2
IMXD60=2
CORD30=2
CNTP60=2
CNTD20=2
SUMN10=2
SUMN30=2
WVMA5=2
KMID2=1
KUP2=1
LOW0=1
RSQR10=1
MAX20=1
RANK5=1
RANK60=1
IMAX10=1
CORR5=1
CNTP10=1
CNTN60=1
CNTD60=1
SUMP10=1
SUMN5=1
SUMN20=1
SUMD10=1
SUMD20=1
VMA10=1
WVMA20=1

parameters:
[boosting: gbdt]
[objective: regression]
[metric: l2]
[tree_learner: serial]
[device_type: cpu]
[data_sample_strategy: bagging]
[data: ]
[valid: ]
[num_iterations: 500]
[learning_rate: 0.03]
[num_leaves: 31]
[num_threads: 12]
[seed: 20260814]
[deterministic: 1]
[force_col_wise: 1]
[force_row_wise: 0]
[histogram_pool_size: -1]
[max_depth: 7]
[min_data_in_leaf: 100]
[min_sum_hessian_in_leaf: 0.001]
[bagging_fraction: 0.8]
[pos_bagging_fraction: 1]
[neg_bagging_fraction: 1]
[bagging_freq: 1]
[bagging_seed: 20260814]
[bagging_by_query: 0]
[feature_fraction: 0.8]
[feature_fraction_bynode: 1]
[feature_fraction_seed: 20260814]
[extra_trees: 0]
[extra_seed: 17475]
[early_stopping_round: 0]
[early_stopping_min_delta: 0]
[first_metric_only: 0]
[max_delta_step: 0]
[lambda_l1: 10]
[lambda_l2: 20]
[linear_lambda: 0]
[min_gain_to_split: 0]
[drop_rate: 0.1]
[max_drop: 50]
[skip_drop: 0.5]
[xgboost_dart_mode: 0]
[uniform_drop: 0]
[drop_seed: 29730]
[top_rate: 0.2]
[other_rate: 0.1]
[min_data_per_group: 100]
[max_cat_threshold: 32]
[cat_l2: 10]
[cat_smooth: 10]
[max_cat_to_onehot: 4]
[top_k: 20]
[monotone_constraints: ]
[monotone_constraints_method: basic]
[monotone_penalty: 0]
[feature_contri: ]
[forcedsplits_filename: ]
[refit_decay_rate: 0.9]
[cegb_tradeoff: 1]
[cegb_penalty_split: 0]
[cegb_penalty_feature_lazy: ]
[cegb_penalty_feature_coupled: ]
[path_smooth: 0]
[interaction_constraints: ]
[verbosity: -1]
[saved_feature_importance_type: 0]
[use_quantized_grad: 0]
[num_grad_quant_bins: 4]
[quant_train_renew_leaf: 0]
[stochastic_rounding: 1]
[linear_tree: 0]
[max_bin: 255]
[max_bin_by_feature: ]
[min_data_in_bin: 3]
[bin_construct_sample_cnt: 200000]
[data_random_seed: 20260814]
[is_enable_sparse: 1]
[enable_bundle: 1]
[use_missing: 1]
[zero_as_missing: 0]
[feature_pre_filter: 1]
[pre_partition: 0]
[two_round: 0]
[header: 0]
[label_column: ]
[weight_column: ]
[group_column: ]
[ignore_column: ]
[categorical_feature: ]
[forcedbins_filename: ]
[precise_float_parser: 0]
[parser_config_file: ]
[objective_seed: 27057]
[num_class: 1]
[is_unbalance: 0]
[scale_pos_weight: 1]
[sigmoid: 1]
[boost_from_average: 1]
[reg_sqrt: 0]
[alpha: 0.9]
[fair_c: 1]
[poisson_max_delta_step: 0.7]
[tweedie_variance_power: 1.5]
[lambdarank_truncation_level: 30]
[lambdarank_norm: 1]
[label_gain: ]
[lambdarank_position_bias_regularization: 0]
[eval_at: ]
[multi_error_top_k: 1]
[auc_mu_weights: ]
[num_machines: 1]
[local_listen_port: 12400]
[time_out: 120]
[machine_list_filename: ]
[machines: ]
[gpu_platform_id: -1]
[gpu_device_id: -1]
[gpu_device_id_list: ]
[gpu_use_dp: 0]
[num_gpu: 1]

end of parameters

pandas_categorical:null
