tree
version=v4
num_class=1
num_tree_per_iteration=1
label_index=0
max_feature_idx=162
objective=regression
feature_names=KMID KLEN KMID2 KUP KUP2 KLOW KLOW2 KSFT KSFT2 OPEN0 HIGH0 LOW0 VWAP0 ROC5 ROC10 ROC20 ROC30 ROC60 MA5 MA10 MA20 MA30 MA60 STD5 STD10 STD20 STD30 STD60 BETA5 BETA10 BETA20 BETA30 BETA60 RSQR5 RSQR10 RSQR20 RSQR30 RSQR60 RESI5 RESI10 RESI20 RESI30 RESI60 MAX5 MAX10 MAX20 MAX30 MAX60 MIN5 MIN10 MIN20 MIN30 MIN60 QTLU5 QTLU10 QTLU20 QTLU30 QTLU60 QTLD5 QTLD10 QTLD20 QTLD30 QTLD60 RANK5 RANK10 RANK20 RANK30 RANK60 RSV5 RSV10 RSV20 RSV30 RSV60 IMAX5 IMAX10 IMAX20 IMAX30 IMAX60 IMIN5 IMIN10 IMIN20 IMIN30 IMIN60 IMXD5 IMXD10 IMXD20 IMXD30 IMXD60 CORR5 CORR10 CORR20 CORR30 CORR60 CORD5 CORD10 CORD20 CORD30 CORD60 CNTP5 CNTP10 CNTP20 CNTP30 CNTP60 CNTN5 CNTN10 CNTN20 CNTN30 CNTN60 CNTD5 CNTD10 CNTD20 CNTD30 CNTD60 SUMP5 SUMP10 SUMP20 SUMP30 SUMP60 SUMN5 SUMN10 SUMN20 SUMN30 SUMN60 SUMD5 SUMD10 SUMD20 SUMD30 SUMD60 VMA5 VMA10 VMA20 VMA30 VMA60 VSTD5 VSTD10 VSTD20 VSTD30 VSTD60 WVMA5 WVMA10 WVMA20 WVMA30 WVMA60 VSUMP5 VSUMP10 VSUMP20 VSUMP30 VSUMP60 VSUMN5 VSUMN10 VSUMN20 VSUMN30 VSUMN60 VSUMD5 VSUMD10 VSUMD20 VSUMD30 VSUMD60 ORC_SIGNED_IMPACT_SHOCK_20 ORC_RETURN_PER_VOLUME_SURPRISE_20 ORC_IMPACT_CONCENTRATION_20 ORC_VOLUME_CLIMAX_10 ORC_VOLUME_STABILITY_TREND_20
feature_infos=[-0.16749253869056702:0.23587034642696381] [0:0.33308270573616028] [-1:1] [0:0.27153289318084717] [0:1] [0:0.19577737152576447] [0:1] [-0.31147539615631104:0.23587034642696381] [-1:1] [0.80914634466171265:1.2011904716491699] [1:1.365384578704834] [0.79261672496795654:1] [0.90894031524658203:1.0927579402923584] [0.57777780294418335:1.6790908575057983] [0.54954206943511963:1.8924485445022583] [0.46860837936401367:2.2146341800689697] [0.46312057971954346:2.740487813949585] [0.36440131068229675:2.649662971496582] [0.74611109495162964:1.3455072641372681] [0.65066665410995483:1.4951817989349365] [0.60133224725723267:1.7117466926574707] [0.56646168231964111:1.9959673881530762] [0.4937971830368042:1.8649090528488159] [0:0.26957115530967712] [0:0.32280367612838745] [0:0.36472421884536743] [0:0.57258552312850952] [0:0.50059491395950317] [-0.16409091651439667:0.12254486232995987] [-0.11048160493373871:0.12254486232995987] [-0.11048160493373871:0.12254486232995987] [-0.11048160493373871:0.12254486232995987] [-0.11048160493373871:0.12254486232995987] [0:1] [0:1] [0:1] [0:1] [0:1] [-0.15193372964859009:0.13264167308807373] [-0.24554997682571411:0.20802642405033112] [-0.40848860144615173:0.27864286303520203] [-0.44566619396209717:0.33016127347946167] [-0.96870207786560059:0.3971981406211853] [1:1.6472727060317993] [1:1.9298244714736938] [1:2.2439024448394775] [1:3.3160974979400635] [1:3.3160974979400635] [0.5718809962272644:1] [0.54045307636260986:1] [0.4660193920135498:1] [0.43721681833267212:1] [0.34664765000343323:1] [0.86488890647888184:1.4843636751174927] [0.72140765190124512:1.7869091033935547] [0.59200000762939453:2.054157018661499] [0.56569522619247437:2.423609733581543] [0.56576049327850342:2.3250908851623535] [0.60694897174835205:1.2689855098724365] [0.54922223091125488:1.4057971239089966] [0.49352750182151794:1.5574545860290527] [0.47533980011940002:1.5740000009536743] [0.39857602119445801:1.5950908660888672] [0.20000000298023224:1] [0.10000000149011612:1] [0.05000000074505806:1] [0.033333335071802139:1] [0.01666666753590107:1] [0:1] [0:1] [0:1] [0:1] [0:1] [0.20000000298023224:1] [0.10000000149011612:1] [0.05000000074505806:1] [0.033333335071802139:1] [0.01666666753590107:1] [0.20000000298023224:1] [0.10000000149011612:1] [0.05000000074505806:1] [0.033333335071802139:1] [0.01666666753590107:1] [-0.80000001192092896:0.80000001192092896] [-0.89999997615814209:0.89999997615814209] [-0.94999998807907104:0.94999998807907104] [-0.96666663885116577:0.96666663885116577] [-0.98333334922790527:0.98333334922790527] [-1:1] [-1:1] [-1:1] [-1:1] [-1:1] [-1:1] [-1:1] [-1:1] [-1:1] [-1:1] [0:1] [0:1] [0:0.89999997615814209] [0:0.89999997615814209] [0:0.89999997615814209] [0:1] [0:1] [0:0.89999997615814209] [0:0.875] [0:0.875] [-1:1] [-1:1] [-0.875:0.89999997615814209] [-0.875:0.89999997615814209] [-0.875:0.89999997615814209] [0:1] [0:1] [0:1] [0:1] [0:1] [0:1] [0:1] [0:1] [0:1] [0:1] [-1:1] [-1:1] [-1:1] [-1:1] [-1:1] [0.20013266801834106:26452.083984375] [0.10012400150299072:23627.859375] [0.050104878842830658:12145.7685546875] [0.034610312432050705:10268.4287109375] [0.017187755554914474:8419.4609375] [0.00080492562847211957:59102.5] [0.0021778203081339598:49210.34375] [0.0021778203081339598:42161.07421875] [0.0021778203081339598:37016.7265625] [0.0021778203081339598:26455.013671875] [0:2.2360680103302002] [0:3.1615598201751709] [0:4.4708261489868164] [0:5.4611344337463379] [0:7.5986995697021484] [0:1] [0:1] [0:1] [0:1] [0:1] [0:1] [0:1] [0:1] [0:1] [0:1] [-1:1] [-1:1] [-1:1] [-1:1] [-1:1] [-1.8796600103378296:337.23654174804688] [-1.954919695854187:1.9354152679443359] [-3.0736701488494873:3.4166228771209717] [-223.22998046875:4677.0361328125] [-4.2686967849731445:7.5545482635498047]
tree_sizes=3096 3071 3102 3070 3076 3090

Tree=0
num_leaves=31
num_cat=0
split_feature=41 46 32 52 25 1 38 17 6 35 15 30 16 54 81 138 39 23 5 86 19 80 15 49 13 109 71 15 17 121
split_gain=298.625 125.793 149.423 115.145 107.165 105.495 90.534 272.107 124.527 89.3003 84.8394 85.9967 164.816 74.9459 68.6242 81.9988 67.254 66.4814 66.4054 65.261 84.5957 67.8961 62.3992 122.572 60.4781 66.1948 49.9887 49.6093 53.1201 49.1522
threshold=-0.066265549510717378 1.0347031950950625 -0.004925140878185629 0.76818338036537182 0.095394432544708266 0.083115298300981535 -0.018235628493130204 0.74236810207366954 0.30000327527523046 0.83622929453849804 1.1497821211814883 -0.00040144669765140856 0.87237346172332775 0.93165975809097301 0.61666667461395275 0.6828104853630067 0.0072295323479920634 0.048825789242982871 0.0044557282235473403 0.84999999403953563 0.95917662978172313 0.47499999403953558 0.87526348233222973 0.95124804973602306 0.93239942193031322 0.21111111342906955 0.78433030843734752 1.2051090002059939 1.0145985484123232 0.32091698050498968
decision_type=8 8 8 10 10 10 8 8 10 10 10 10 8 10 2 10 8 10 10 2 10 2 8 10 8 2 10 10 10 10
left_child=3 5 14 4 22 16 7 8 -4 27 11 12 -8 -13 -3 -16 18 -9 -2 24 21 -21 23 -1 25 -18 -10 28 -5 -22
right_child=1 2 6 9 -6 -7 10 17 26 -11 -12 13 -14 -15 15 -17 19 -19 -20 20 29 -23 -24 -25 -26 -27 -28 -29 -30 -31
leaf_value=0.0044636395922169067 0.0008165738866509944 0.00021832858538693589 -0.021800776953756519 0.0032807540170769643 -0.005344504467924633 -0.011025251753914308 -0.011693938245845293 -0.0028468330639455559 0.016237893412234482 0.014394824769989111 0.0031954326014693069 0.018173963345934092 -0.0010126658806016791 1.0391423083058294e-05 -0.00047693321457873864 0.0080145196838709333 0.0019786593050019441 0.0061870855934446625 -0.00074253969288434307 0.0080879457144062607 -0.0020484282728628544 -0.0038486052047551978 0.0089258905147579989 0.030907357698196202 0.0015130480999051581 -0.0053854301634127973 -0.0097398231410122139 0.0096457272891879303 -0.0025781457148464702 0.004052938337246465
leaf_weight=312 63703 3831 954 3542 313 680 1298 3517 106 558 5205 185 145964 92266 1336 3583 1830 894 39872 4025 2295 432 1807 402 28732 2548 113 661 2222 2356
leaf_count=312 63703 3831 954 3542 313 680 1298 3517 106 558 5205 185 145964 92266 1336 3583 1830 894 39872 4025 2295 432 1807 402 28732 2548 113 661 2222 2356
internal_value=-5.17706e-06 -0.000131114 -0.000528758 0.00515884 0.0102848 0.000570629 -0.000664463 -0.00444283 -0.0171696 0.00301225 -0.000576737 -0.000660155 -0.00111043 5.3905e-05 0.00331475 0.00565491 0.000628276 -0.000928516 0.000213458 0.00163828 0.00389613 0.00685195 0.0123701 0.0201973 0.00100615 -0.00224403 0.00188526 0.00193554 0.000969198 0.00098216
internal_weight=415542 405725 259252 9817 2834 146473 250502 5584 1173 6983 244918 239713 147262 92451 8750 4919 145793 4411 103575 42218 9108 4457 2521 714 33110 4378 219 6425 5764 4651
internal_count=415542 405725 259252 9817 2834 146473 250502 5584 1173 6983 244918 239713 147262 92451 8750 4919 145793 4411 103575 42218 9108 4457 2521 714 33110 4378 219 6425 5764 4651
is_linear=0
shrinkage=1


Tree=1
num_leaves=31
num_cat=0
split_feature=41 36 46 46 24 82 30 41 22 24 14 53 49 36 95 7 86 116 7 67 25 57 34 158 79 158 48 28 58 33
split_gain=281.77 153.593 149.532 149.514 121.966 77.3569 76.0428 68.145 67.9999 109.453 95.3109 91.935 145.514 84.0127 70.3563 67.7692 94.5329 80.3445 72.8723 79.1396 76.6803 72.4836 66.3043 66.152 65.284 64.5215 63.2183 59.743 59.2792 58.7716
threshold=-0.066265549510717378 0.68151316046714794 1.036132335662842 1.2110691666603091 0.10003798454999925 0.37500000000000006 0.012704058084636928 -0.082324188202619539 0.7882869839668275 0.0336959045380354 0.8943782150745393 0.99351683259010326 0.82754534482955944 0.23365145921707156 0.24776411056518557 0.029976665042340759 0.91666665673255932 0.67522782087326061 -0.013201341964304445 0.72524511814117443 0.021415785886347297 0.88845324516296398 0.88821709156036388 0.020085026510059837 0.25000000745058065 -0.0055071392562240353 0.8632129728794099 -0.020344879478216168 1.0020396113395693 0.92791274189949047
decision_type=8 10 8 10 10 2 10 10 8 10 8 8 8 10 10 10 2 10 10 10 10 10 10 10 2 10 10 10 10 10
left_child=1 5 4 8 15 -1 7 28 9 -4 13 26 -13 -10 -11 18 21 -18 19 -2 -20 23 -19 -17 -22 -15 -12 -8 -3 -5
right_child=2 6 3 29 -6 -7 27 -9 10 14 11 12 -14 25 -16 16 17 22 20 -21 24 -23 -24 -25 -26 -27 -28 -29 -30 -31
leaf_value=0.0057854908815785948 -0.00098905875173587571 0.032198317893905773 0.010288303086734013 0.0036572805970579662 -0.022413941173632514 -0.00021229634744545517 -0.01830338569950651 0.0079758378962381388 0.014874218670945192 0 -0.015046827626145037 0.024161707903388997 -0.00055862712793812083 -0.0035247387329040702 -0.013422312415754204 0.01048430100995471 0.021244443747399151 0.0016503559619354211 0.00088786563308969129 0.0045751972303113616 0.00020434634908222721 0.0028328248084676885 0.01546711626361158 -0.0081778021496535323 -0.0020926531879930663 0.0055081773565601646 -0.0024844382271138731 0.01017295809780679 0.013485924753956824 -0.0042912544036516915
leaf_weight=4013 3175 278 269 9663 185 3540 112 1098 552 466 360 194 220373 1086 1133 174 382 1215 82722 7581 30696 6472 436 1023 17280 1866 17616 103 664 866
leaf_count=4013 3175 278 269 9663 185 3540 112 1098 552 466 360 194 220373 1086 1133 174 382 1215 82722 7581 30696 6472 436 1023 17280 1866 17616 103 664 866
internal_value=4.22189e-05 0.00506194 -7.86143e-05 -0.000523404 0.000667183 0.00294165 0.0119436 0.0137556 -0.000675585 -0.00636482 -0.000629917 -0.000703295 -0.000533336 0.00425599 -0.00944416 0.000700378 0.00312967 0.0088804 0.000531219 0.00290609 0.000333065 0.00154704 0.0056201 -0.00509079 -0.000617264 0.00208279 -0.00276913 -0.00367989 0.0198747 0.00296819
internal_weight=415593 9808 405785 254444 151341 7553 2255 2040 243915 1868 242047 238543 220567 3504 1599 151156 9702 2033 141454 10756 130698 7669 1651 1197 47976 2952 17976 215 942 10529
internal_count=415593 9808 405785 254444 151341 7553 2255 2040 243915 1868 242047 238543 220567 3504 1599 151156 9702 2033 141454 10756 130698 7669 1651 1197 47976 2952 17976 215 942 10529
is_linear=0
shrinkage=0.03


Tree=2
num_leaves=31
num_cat=0
split_feature=54 39 30 49 62 126 38 17 61 49 4 26 35 35 18 121 26 33 1 84 38 52 35 116 73 62 1 36 23 22
split_gain=210.308 135.378 128.933 140.164 108.505 104.43 96.9546 250.558 104.879 116.854 91.9408 83.5744 78.9415 75.2407 70.8627 93.0857 69.5334 97.3116 67.1335 65.7183 64.965 63.9198 70.7456 62.3354 62.1226 68.1868 80.5023 69.6008 56.8451 51.2114
threshold=1.0889381766319277 0.060182465240359313 -0.00050914598978124548 0.82754534482955944 0.68538203835487377 0.26394630968570715 -0.017127021215856072 0.74896535277366649 0.82833755016326915 0.9628242850303651 0.40624935925006872 0.053789705038070686 0.89940020442008983 0.79954650998115551 1.0396109223365786 0.41988947987556463 0.044664327055215843 0.89546656608581554 0.053838510066270835 -0.55000001192092884 -0.0073033827356994143 0.87734073400497448 0.8261699676513673 0.7729896903038026 0.5000000149011613 0.82191684842109691 0.042132457718253143 0.63428544998168956 0.060081491246819503 0.7882869839668275
decision_type=10 10 8 10 10 10 8 8 8 10 10 10 10 10 10 10 10 10 10 2 10 10 10 10 10 10 10 10 10 8
left_child=1 2 3 -1 -3 11 7 12 9 10 -8 13 23 -5 29 -16 -2 24 -19 -13 -7 22 -9 -4 25 26 -18 28 -27 -10
right_child=16 4 6 5 -6 20 8 21 14 -11 -12 19 -14 -15 15 -17 17 18 -20 -21 -22 -23 -24 -25 -26 27 -28 -29 -30 -31
leaf_value=0.01346594881719664 0.00024924738847328085 -0.029056209637997071 -0.012141589884341218 -0.0011942377374604578 -0.0053952593040057012 -0.027706385745473624 0.0010396093541278374 0.0042574862259642555 -0.01035036903732626 0.020090092210418044 0.0073003699937658935 -0.0011297793717708964 -0.030021919943241455 0.00080053018975333428 0.016563842253914721 0.00081936338890797867 0.026697679162961452 -0.0036715698969619127 0.0085273297139483086 0.0028623352019141635 -0.0062079212686125792 -0.0061689696657066485 -0.0061848484073030174 0.0092447015807032591 -0.00025585657979263485 0.0015106141793606344 0.0037342874315820008 0.011596015518301398 0.012654547171682799 0.00029532437963262137
leaf_weight=602 3249 198 1254 127771 1288 139 8423 2894 386 345 2874 5792 227 19432 538 975 378 1421 544 9878 1244 1063 693 105 748 2184 273 1904 518 218207
leaf_count=602 3249 198 1254 127771 1288 139 8423 2894 386 345 2874 5792 227 19432 538 975 378 1421 544 9878 1244 1063 693 105 748 2184 273 1904 518 218207
internal_value=2.16538e-07 -0.000111575 -7.72568e-05 -0.000722668 -0.00909114 -0.000778129 0.0003686 -0.00331085 0.00046918 0.00324452 0.00266897 -0.000705836 -0.0135294 -0.000928801 0.000320741 0.00675661 0.00404885 0.00555573 -9.13442e-05 0.00136808 -0.00894663 0.000153217 0.00213377 -0.0101616 0.00744757 0.00859733 0.0179133 0.00714403 0.00383451 0.000274208
internal_weight=415547 404328 402842 164858 1486 164256 237984 6236 231748 11642 11297 162873 1586 147203 220106 1513 11219 7970 1965 15670 1383 4650 3587 1359 6005 5257 651 4606 2702 218593
internal_count=415547 404328 402842 164858 1486 164256 237984 6236 231748 11642 11297 162873 1586 147203 220106 1513 11219 7970 1965 15670 1383 4650 3587 1359 6005 5257 651 4606 2702 218593
is_linear=0
shrinkage=0.03


Tree=3
num_leaves=31
num_cat=0
split_feature=41 29 57 38 122 58 30 20 18 38 61 72 85 1 39 31 39 114 15 116 53 10 27 38 30 159 53 15 139 51
split_gain=217.799 137.658 171.983 128.527 186.152 172.818 117.522 116.522 122.559 104.12 106.519 102.57 103.187 144.327 95.9336 78.7388 69.7306 68.4114 63.3299 63.272 61.5423 61.2795 61.1617 60.5506 60.7789 59.6553 60.5905 79.3716 64.2869 57.0762
threshold=-0.070286493748426424 -0.00019487296958686781 1.16919481754303 -0.018235628493130204 0.35025383532047277 0.9208262860774995 -0.00032588586327619845 1.0887449383735659 0.95068228244781505 0.032048635184764869 0.82833755016326915 0.60416689515113842 -0.82500001788139332 0.053838510066270835 0.0037770007038488988 -0.00734210037626326 -0.019706249237060543 0.59090891480445873 1.0234916210174563 0.53846165537834179 0.98565354943275463 1.0127226710319521 0.065050877630710616 -0.010401741601526735 -0.0083947647362947447 0.042803192511200912 1.0933620333671572 0.89952436089515697 1.4242618680000307 0.93333336710929882
decision_type=8 8 10 8 10 10 8 10 10 10 8 10 2 10 10 10 10 10 10 10 10 10 10 8 10 10 10 8 10 10
left_child=11 7 3 4 5 -3 17 8 15 10 -8 12 13 -1 16 -2 -6 20 -10 29 -5 -19 -16 24 -14 26 27 28 -13 -20
right_child=1 2 -4 6 14 -7 9 -9 18 -11 -12 25 23 -15 22 -17 -18 21 19 -21 -22 -23 -24 -25 -26 -27 -28 -29 -30 -31
leaf_value=0.0019488952775907878 0 0.010509784711706565 0.0061403942036626609 -0.0069340472098226658 0 -0.019081206096183023 0.0037980511055942154 0.0039863261062127323 -0.00015452615583362445 -0.014062172863649457 0.00066741403193913164 0.02762611262731739 0.0088744966998799812 0.024527422763303986 -1.909198715936306e-05 -0.019965456304426803 -0.010106178271001699 -0.0015128034730309747 0.0020747578600809557 -0.0052833878595083608 0.00026632999104970226 -0.006343382062451189 0.025629957824969955 0.0032139330499910204 -0.0063445532733708765 -0.0031484550260086883 -0.001275840872843914 0.0086168535771627593 0.0017288281172042404 -0.001304398505090994
leaf_weight=709 261 185 4672 1087 2392 1068 10501 4709 89886 399 151140 487 250 413 109 471 781 15370 4674 3443 30475 2861 170 3084 1422 226 235 1229 138 82692
leaf_count=709 261 185 4672 1087 2392 1068 10501 4709 89886 399 151140 487 250 413 109 471 781 15370 4674 3443 30475 2861 170 3084 1422 226 235 1229 138 82692
internal_value=4.60653e-05 -5.07253e-05 0.000454344 0.000329721 -0.00455836 -0.0143801 0.000440126 -0.000652561 -0.000775045 0.000832738 0.000873096 0.00488331 0.0026898 0.0108066 -0.000844593 -0.0128854 -0.00244274 -0.000831341 -0.000722905 -0.00128205 4.61474e-06 -0.00229343 0.015275 0.000674899 -0.00381367 0.0102536 0.0118619 0.0136831 0.022604 -0.00111975
internal_weight=415539 407346 221210 216538 4705 1253 211833 186136 181427 162040 161641 8193 5878 1122 3452 732 3173 49793 180695 90809 31562 18231 279 4756 1672 2315 2089 1854 625 87366
internal_count=415539 407346 221210 216538 4705 1253 211833 186136 181427 162040 161641 8193 5878 1122 3452 732 3173 49793 180695 90809 31562 18231 279 4756 1672 2315 2089 1854 625 87366
is_linear=0
shrinkage=0.03


Tree=4
num_leaves=31
num_cat=0
split_feature=41 36 29 14 11 16 30 21 59 14 16 11 28 25 122 134 119 15 115 155 39 42 42 114 60 33 81 78 10 24
split_gain=231.396 120.984 113.726 117.158 110.804 109.146 106.2 105.326 98.3979 96.0735 83.3685 82.2882 101.54 95.9089 76.0376 75.2003 71.5061 66.4994 67.5834 66.3862 65.7148 64.345 62.9921 61.5875 56.452 51.8547 50.8989 57.6278 50.2593 59.4732
threshold=-0.066265549510717378 0.79127660393714916 -0.0011861163657158611 0.98113206028938305 0.92690601944923412 1.1350749135017397 -0.00032588586327619845 1.1154609322547915 0.93696522712707531 0.96087288856506359 0.86614680290222179 0.97333338856697094 -0.015961988829076287 0.081587396562099471 0.38550247251987463 0.26426585018634802 0.40983648598194128 1.0327774286270144 0.30156569182872778 0.0058181053027510652 0.014411083888262512 -0.10959380865097045 0.060352940112352378 0.55670085549354564 0.88880652189254772 0.9646490514278413 0.050000002607703216 0.70000001788139354 1.022944509983063 0.046710377559065826
decision_type=8 10 8 8 8 10 8 8 10 10 8 8 8 10 10 10 10 10 10 10 10 10 10 10 10 10 2 10 10 10
left_child=1 14 3 8 15 6 10 17 -2 -3 20 13 -13 -8 24 -4 -7 -5 -19 -17 -6 -16 -10 -12 -1 -9 -26 -28 -18 -30
right_child=2 9 4 7 5 16 11 25 22 -11 23 12 -14 -15 21 19 28 18 -20 -21 -22 -23 -24 -25 26 -27 27 -29 29 -31
leaf_value=-0.0081482192922445115 -0.025645946238813597 -0.0051387130956734627 0 -0.00010956896875966529 -0.015168631972829924 -0.000988130754533861 0.0031207660184851345 0.005059795205396898 -0.0061229726521610977 0.0196864954328533 6.6501970999939395e-05 0.0085962192549805614 0.00033582505498513173 -0.0064167129638189541 0.0058118002628599879 0.00077900132499367214 0.0087251590427260307 0.00011866620299162903 -0.0019640584057444366 -0.022006341133566913 0.00014730795102584507 0.00012010964775538756 0.0049864348369030266 -0.0018418607644975949 0.0017899801681290238 -0.0078307479425196412 0.028801798123578706 0.0095128209643962434 -0.0052567004866042174 0.015358918593651984
leaf_weight=101 201 142 397 73946 622 1310 16580 3835 3249 723 39637 1334 163896 969 2917 119 2866 18883 51613 436 352 4857 489 24401 345 268 252 515 517 144
leaf_count=101 201 142 397 73946 622 1310 16580 3835 3249 723 39637 1334 163896 969 2917 119 2866 18883 51613 436 352 4857 489 24401 345 268 252 515 517 144
internal_value=1.35173e-05 0.00455232 -9.60839e-05 -0.000744025 0.000292385 0.000332404 0.00024381 -0.000605938 -0.00584634 0.0152481 -0.000795397 0.000615129 0.000405364 0.00257036 0.00345796 -0.00980718 0.0047895 -0.000742558 -0.00140205 -0.0167419 -0.0094401 0.0023037 -0.00457102 -0.000656324 0.0104549 0.00411115 0.0125237 0.0168023 0.00701348 -5.85244e-06
internal_weight=415916 9852 406064 152484 253580 252628 247791 148545 3939 865 65012 182779 165230 17549 8987 952 4837 144442 70496 555 974 7774 3738 64038 1213 4103 1112 767 3527 661
internal_count=415916 9852 406064 152484 253580 252628 247791 148545 3939 865 65012 182779 165230 17549 8987 952 4837 144442 70496 555 974 7774 3738 64038 1213 4103 1112 767 3527 661
is_linear=0
shrinkage=0.03


Tree=5
num_leaves=31
num_cat=0
split_feature=41 36 14 29 57 53 54 11 30 17 119 134 30 28 43 4 90 124 81 103 69 30 45 69 117 116 72 81 78 27
split_gain=201.309 149.205 107.605 105.94 134.561 124.6 110.408 83.4133 77.2756 65.8258 65.3947 63.0411 62.9421 62.0888 108.957 70.8135 60.8841 55.8466 65.4492 53.7839 54.597 51.2623 50.9998 63.4098 48.7996 60.8498 52.7479 50.0375 61.8796 48.4254
threshold=-0.066265549510717378 0.82600522041320812 0.96152284741401683 -0.001240371784660965 1.16919481754303 0.96992573142051708 1.0889381766319277 0.92690601944923412 -0.00032588586327619845 1.011374890804291 0.42592601478099829 0.26426585018634802 -0.0076207800302654496 -0.0095558245666325075 1.0469353199005129 0.35000152885913854 -0.17056247591972348 0.1807234585285187 0.81666666269302379 0.77500000596046459 0.20763874799013141 0.011551840230822565 1.0588891506195071 0.26506075263023382 0.61407536268234264 0.47368432581424719 0.73684206604957592 0.050000002607703216 0.70000001788139354 0.14893145859241488
decision_type=8 10 10 8 10 10 10 8 8 8 10 8 10 8 10 10 10 10 2 2 10 10 10 10 10 10 10 2 10 10
left_child=1 9 -3 5 7 -2 10 11 17 21 -7 -5 -11 15 -15 -10 -4 29 -19 -8 -21 24 -12 -24 25 -1 -27 -26 -29 -9
right_child=3 2 16 4 -6 6 19 8 13 12 22 -13 -14 14 -16 -17 -18 18 -20 20 -22 -23 23 -25 27 26 -28 28 -30 -31
leaf_value=0.010423330420551531 -0.013509862376939633 -0.0058221543404716443 0.0042564736739671843 0 0.0049466757676524574 -0.0052146186865203647 0.0071654338970222079 -6.6171751634788752e-05 0.0013185819677608937 0.0060848153137878789 1.6541526207583379e-05 -0.01560720956864556 -0.0024548595248781438 0.00057784833219821788 -0.0026111623342487899 0.0085556865762152264 0.031719867437028551 -0.0027528374134508228 0.0024446536121587922 -0.00089670438445641615 0.0094200001985145655 -0.0081605728050718265 -0.00061071599917339827 -0.0022925519810741333 0.00097439090532294194 0.00094202830635952187 0.018109307129681111 0.026771762379927268 0.0078198322487346358 -0.014692406943658502
leaf_weight=1077 669 102 134 359 5351 3033 2178 46660 4327 1090 49213 510 2561 166594 10189 1756 335 16603 2433 2515 537 209 61376 30608 344 2963 155 291 494 185
leaf_count=1077 669 102 134 359 5351 3033 2178 46660 4327 1090 49213 510 2561 166594 10189 1756 335 16603 2433 2515 537 209 61376 30608 344 2963 155 291 494 185
internal_value=-2.12192e-05 0.0042321 0.0189607 -0.000124587 0.000246799 -0.000757265 -0.000696376 0.000144458 0.00017841 0.00324457 -0.000853502 -0.0090221 3.21854e-05 0.000496741 0.000392076 0.00347809 0.0249817 -0.000700513 -0.00207093 0.00356637 0.000870376 0.00530252 -0.000756973 -0.00117399 0.00591573 0.00427369 0.00200102 0.0115754 0.0157086 -0.00013658
internal_weight=414851 9755 571 405096 254967 150129 149460 249616 248747 9184 144230 869 3651 182866 176783 6083 469 65881 19036 5230 3052 5533 141197 91984 5324 4195 3118 1129 785 46845
internal_count=414851 9755 571 405096 254967 150129 149460 249616 248747 9184 144230 869 3651 182866 176783 6083 469 65881 19036 5230 3052 5533 141197 91984 5324 4195 3118 1129 785 46845
is_linear=0
shrinkage=0.03


end of trees

feature_importances:
BETA20=9
ROC20=6
RESI5=6
RESI30=6
RSQR30=5
RESI10=5
KLEN=4
ROC10=4
ROC60=4
RSQR20=4
MIN10=4
QTLU5=4
IMIN30=4
SUMP30=4
LOW0=3
ROC30=3
STD10=3
STD20=3
BETA5=3
BETA10=3
RSQR5=3
MAX30=3
QTLU10=3
QTLU60=3
KUP2=2
KSFT=2
HIGH0=2
MA5=2
MA60=2
STD5=2
STD30=2
STD60=2
RESI60=2
MIN60=2
QTLD5=2
QTLD30=2
QTLD60=2
RSV10=2
RSV60=2
IMIN5=2
IMXD30=2
SUMP10=2
SUMN10=2
SUMN30=2
SUMN60=2
VSTD10=2
ORC_SIGNED_IMPACT_SHOCK_20=2
KLOW=1
KLOW2=1
ROC5=1
MA10=1
MA20=1
MA30=1
BETA30=1
BETA60=1
RSQR10=1
MAX5=1
MAX20=1
MIN5=1
MIN30=1
QTLD10=1
QTLD20=1
RANK60=1
RSV30=1
IMAX5=1
IMIN10=1
IMIN20=1
IMIN60=1
IMXD10=1
IMXD20=1
CORR20=1
CORD20=1
CNTN5=1
CNTD10=1
SUMP20=1
SUMP60=1
SUMD10=1
SUMD30=1
WVMA5=1
WVMA10=1
VSUMD20=1
ORC_RETURN_PER_VOLUME_SURPRISE_20=1

parameters:
[boosting: gbdt]
[objective: regression]
[metric: l2]
[tree_learner: serial]
[device_type: cpu]
[data_sample_strategy: bagging]
[data: ]
[valid: ]
[num_iterations: 500]
[learning_rate: 0.03]
[num_leaves: 31]
[num_threads: 12]
[seed: 20260814]
[deterministic: 1]
[force_col_wise: 1]
[force_row_wise: 0]
[histogram_pool_size: -1]
[max_depth: 7]
[min_data_in_leaf: 100]
[min_sum_hessian_in_leaf: 0.001]
[bagging_fraction: 0.8]
[pos_bagging_fraction: 1]
[neg_bagging_fraction: 1]
[bagging_freq: 1]
[bagging_seed: 20260814]
[bagging_by_query: 0]
[feature_fraction: 0.8]
[feature_fraction_bynode: 1]
[feature_fraction_seed: 20260814]
[extra_trees: 0]
[extra_seed: 17475]
[early_stopping_round: 0]
[early_stopping_min_delta: 0]
[first_metric_only: 0]
[max_delta_step: 0]
[lambda_l1: 10]
[lambda_l2: 20]
[linear_lambda: 0]
[min_gain_to_split: 0]
[drop_rate: 0.1]
[max_drop: 50]
[skip_drop: 0.5]
[xgboost_dart_mode: 0]
[uniform_drop: 0]
[drop_seed: 29730]
[top_rate: 0.2]
[other_rate: 0.1]
[min_data_per_group: 100]
[max_cat_threshold: 32]
[cat_l2: 10]
[cat_smooth: 10]
[max_cat_to_onehot: 4]
[top_k: 20]
[monotone_constraints: ]
[monotone_constraints_method: basic]
[monotone_penalty: 0]
[feature_contri: ]
[forcedsplits_filename: ]
[refit_decay_rate: 0.9]
[cegb_tradeoff: 1]
[cegb_penalty_split: 0]
[cegb_penalty_feature_lazy: ]
[cegb_penalty_feature_coupled: ]
[path_smooth: 0]
[interaction_constraints: ]
[verbosity: 1]
[saved_feature_importance_type: 0]
[use_quantized_grad: 0]
[num_grad_quant_bins: 4]
[quant_train_renew_leaf: 0]
[stochastic_rounding: 1]
[linear_tree: 0]
[max_bin: 255]
[max_bin_by_feature: ]
[min_data_in_bin: 3]
[bin_construct_sample_cnt: 200000]
[data_random_seed: 20260812]
[is_enable_sparse: 1]
[enable_bundle: 1]
[use_missing: 1]
[zero_as_missing: 0]
[feature_pre_filter: 1]
[pre_partition: 0]
[two_round: 0]
[header: 0]
[label_column: ]
[weight_column: ]
[group_column: ]
[ignore_column: ]
[categorical_feature: ]
[forcedbins_filename: ]
[precise_float_parser: 0]
[parser_config_file: ]
[objective_seed: 27057]
[num_class: 1]
[is_unbalance: 0]
[scale_pos_weight: 1]
[sigmoid: 1]
[boost_from_average: 1]
[reg_sqrt: 0]
[alpha: 0.9]
[fair_c: 1]
[poisson_max_delta_step: 0.7]
[tweedie_variance_power: 1.5]
[lambdarank_truncation_level: 30]
[lambdarank_norm: 1]
[label_gain: ]
[lambdarank_position_bias_regularization: 0]
[eval_at: ]
[multi_error_top_k: 1]
[auc_mu_weights: ]
[num_machines: 1]
[local_listen_port: 12400]
[time_out: 120]
[machine_list_filename: ]
[machines: ]
[gpu_platform_id: -1]
[gpu_device_id: -1]
[gpu_device_id_list: ]
[gpu_use_dp: 0]
[num_gpu: 1]

end of parameters

pandas_categorical:null
