tree
version=v4
num_class=1
num_tree_per_iteration=1
label_index=0
max_feature_idx=162
objective=regression
feature_names=KMID KLEN KMID2 KUP KUP2 KLOW KLOW2 KSFT KSFT2 OPEN0 HIGH0 LOW0 VWAP0 ROC5 ROC10 ROC20 ROC30 ROC60 MA5 MA10 MA20 MA30 MA60 STD5 STD10 STD20 STD30 STD60 BETA5 BETA10 BETA20 BETA30 BETA60 RSQR5 RSQR10 RSQR20 RSQR30 RSQR60 RESI5 RESI10 RESI20 RESI30 RESI60 MAX5 MAX10 MAX20 MAX30 MAX60 MIN5 MIN10 MIN20 MIN30 MIN60 QTLU5 QTLU10 QTLU20 QTLU30 QTLU60 QTLD5 QTLD10 QTLD20 QTLD30 QTLD60 RANK5 RANK10 RANK20 RANK30 RANK60 RSV5 RSV10 RSV20 RSV30 RSV60 IMAX5 IMAX10 IMAX20 IMAX30 IMAX60 IMIN5 IMIN10 IMIN20 IMIN30 IMIN60 IMXD5 IMXD10 IMXD20 IMXD30 IMXD60 CORR5 CORR10 CORR20 CORR30 CORR60 CORD5 CORD10 CORD20 CORD30 CORD60 CNTP5 CNTP10 CNTP20 CNTP30 CNTP60 CNTN5 CNTN10 CNTN20 CNTN30 CNTN60 CNTD5 CNTD10 CNTD20 CNTD30 CNTD60 SUMP5 SUMP10 SUMP20 SUMP30 SUMP60 SUMN5 SUMN10 SUMN20 SUMN30 SUMN60 SUMD5 SUMD10 SUMD20 SUMD30 SUMD60 VMA5 VMA10 VMA20 VMA30 VMA60 VSTD5 VSTD10 VSTD20 VSTD30 VSTD60 WVMA5 WVMA10 WVMA20 WVMA30 WVMA60 VSUMP5 VSUMP10 VSUMP20 VSUMP30 VSUMP60 VSUMN5 VSUMN10 VSUMN20 VSUMN30 VSUMN60 VSUMD5 VSUMD10 VSUMD20 VSUMD30 VSUMD60 ORC_SIGNED_IMPACT_SHOCK_20 ORC_RETURN_PER_VOLUME_SURPRISE_20 ORC_IMPACT_CONCENTRATION_20 ORC_VOLUME_CLIMAX_10 ORC_VOLUME_STABILITY_TREND_20
feature_infos=[-0.16749253869056702:0.23587034642696381] [0:0.33308270573616028] [-1:1] [0:0.27153289318084717] [0:1] [0:0.19577737152576447] [0:1] [-0.31147539615631104:0.23587034642696381] [-1:1] [0.80914634466171265:1.2011904716491699] [1:1.365384578704834] [0.79261672496795654:1] [0.90894031524658203:1.0927579402923584] [0.57777780294418335:1.6790908575057983] [0.54954206943511963:1.8924485445022583] [0.46860837936401367:2.2146341800689697] [0.46312057971954346:2.740487813949585] [0.36440131068229675:2.649662971496582] [0.74611109495162964:1.3455072641372681] [0.65066665410995483:1.4951817989349365] [0.60133224725723267:1.7117466926574707] [0.56646168231964111:1.9959673881530762] [0.4937971830368042:1.8649090528488159] [0:0.26957115530967712] [0:0.32280367612838745] [0:0.36472421884536743] [0:0.57258552312850952] [0:0.50059491395950317] [-0.16409091651439667:0.12254486232995987] [-0.11048160493373871:0.12254486232995987] [-0.11048160493373871:0.12254486232995987] [-0.11048160493373871:0.12254486232995987] [-0.11048160493373871:0.12254486232995987] [0:1] [0:1] [0:1] [0:1] [0:1] [-0.15193372964859009:0.13264167308807373] [-0.24554997682571411:0.20802642405033112] [-0.40848860144615173:0.27864286303520203] [-0.44566619396209717:0.33016127347946167] [-0.96870207786560059:0.3971981406211853] [1:1.6472727060317993] [1:1.9298244714736938] [1:2.2439024448394775] [1:3.3160974979400635] [1:3.3160974979400635] [0.5718809962272644:1] [0.54045307636260986:1] [0.4660193920135498:1] [0.43721681833267212:1] [0.34664765000343323:1] [0.86488890647888184:1.4843636751174927] [0.72140765190124512:1.7869091033935547] [0.59200000762939453:2.054157018661499] [0.56569522619247437:2.423609733581543] [0.56576049327850342:2.3250908851623535] [0.60694897174835205:1.2689855098724365] [0.54922223091125488:1.4057971239089966] [0.49352750182151794:1.5574545860290527] [0.47533980011940002:1.5740000009536743] [0.39857602119445801:1.5950908660888672] [0.20000000298023224:1] [0.10000000149011612:1] [0.05000000074505806:1] [0.033333335071802139:1] [0.01666666753590107:1] [0:1] [0:1] [0:1] [0:1] [0:1] [0.20000000298023224:1] [0.10000000149011612:1] [0.05000000074505806:1] [0.033333335071802139:1] [0.01666666753590107:1] [0.20000000298023224:1] [0.10000000149011612:1] [0.05000000074505806:1] [0.033333335071802139:1] [0.01666666753590107:1] [-0.80000001192092896:0.80000001192092896] [-0.89999997615814209:0.89999997615814209] [-0.94999998807907104:0.94999998807907104] [-0.96666663885116577:0.96666663885116577] [-0.98333334922790527:0.98333334922790527] [-1:1] [-1:1] [-1:1] [-1:1] [-1:1] [-1:1] [-1:1] [-1:1] [-1:1] [-1:1] [0:1] [0:1] [0:0.89999997615814209] [0:0.89999997615814209] [0:0.89999997615814209] [0:1] [0:1] [0:0.89999997615814209] [0:0.875] [0:0.875] [-1:1] [-1:1] [-0.875:0.89999997615814209] [-0.875:0.89999997615814209] [-0.875:0.89999997615814209] [0:1] [0:1] [0:1] [0:1] [0:1] [0:1] [0:1] [0:1] [0:1] [0:1] [-1:1] [-1:1] [-1:1] [-1:1] [-1:1] [0.20013266801834106:26452.083984375] [0.10012400150299072:23627.859375] [0.050104878842830658:12145.7685546875] [0.034610312432050705:10268.4287109375] [0.017187755554914474:8419.4609375] [0.00080492562847211957:59102.5] [0.0021778203081339598:49210.34375] [0.0021778203081339598:42161.07421875] [0.0021778203081339598:37016.7265625] [0.0021778203081339598:26455.013671875] [0:2.2360680103302002] [0:3.1615598201751709] [0:4.4708261489868164] [0:5.4611344337463379] [0:7.5986995697021484] [0:1] [0:1] [0:1] [0:1] [0:1] [0:1] [0:1] [0:1] [0:1] [0:1] [-1:1] [-1:1] [-1:1] [-1:1] [-1:1] [-1.8796600103378296:337.23654174804688] [-1.954919695854187:1.9354152679443359] [-3.0736701488494873:3.4166228771209717] [-223.22998046875:4677.0361328125] [-4.2686967849731445:7.5545482635498047]
tree_sizes=3102 3110 3045 3094 3074 3070 3032 3081 3039 3069 3049

Tree=0
num_leaves=31
num_cat=0
split_feature=41 36 46 15 24 39 32 42 38 17 81 14 24 83 1 6 3 77 86 49 50 7 36 14 15 138 26 51 127 49
split_gain=318.759 158.708 145.618 163.195 115.609 113.376 102.423 88.1134 82.8152 252.606 82.5332 81.9772 80.0489 72.0446 67.8139 66.7189 103.591 65.6655 63.792 103.824 62.662 71.2363 61.9534 61.5906 61.1107 58.4632 58.2131 58.1966 56.2025 53.5699
threshold=-0.066265549510717378 0.68151316046714794 1.0420370101928713 1.1497821211814883 0.10003798454999925 0.060182465240359313 -0.004925140878185629 -0.10959380865097045 -0.015331017319113014 0.74236810207366954 0.61666667461395275 0.94798371195793163 0.045502543449401862 -0.3000000044703483 0.053838510066270835 0.2142848148941994 0.022556408308446411 0.075000002980232253 0.78333333134651195 0.92516314983367931 0.95325082540512096 0.027259916998445991 0.82600522041320812 0.90677177906036388 0.75971341133117687 0.95603060722351085 0.038383904844522483 0.80399376153945934 -0.26890762150287623 0.85697355866432201
decision_type=8 10 10 10 10 10 8 10 8 8 2 8 10 10 10 10 10 2 2 10 10 10 10 10 8 8 10 10 10 10
left_child=1 7 4 5 15 6 10 26 9 -8 -4 -3 -10 22 17 18 20 -5 24 23 21 -17 -13 -20 -2 -18 -1 -21 -16 -7
right_child=2 11 3 14 -6 29 8 -9 12 -11 -12 13 -14 -15 28 16 25 -19 19 27 -22 -23 -24 -25 -26 -27 -28 -29 -30 -31
leaf_value=-0.0020459384745528907 -0.015751847779402105 -0.0047697089227821919 -0.00019516636862331799 -0.0037938167723350867 -0.022046766356185684 -0.023533026840979344 -0.015302795908630186 0.00050364023086168868 -0.00085945796046919094 -0.0013136313204078973 0.0064478271395659471 0.0068399638835309473 0.0028377403475406404 0.025661051120498202 0.018739180051361867 -0.0010185358135889739 0.024040370001378465 0.0038952751793985278 0.0019969269291536108 -0.0081603503263190311 0.00095375402969370888 0.0034400244928675986 0.021092173106834988 0.0076469020226239467 0.00067990191108063401 5.6223414185815935e-05 0.0090385397694997868 0.0013980839231989887 0.0044618945994553856 -0.0043510901762607475
leaf_weight=456 183 196 3465 1190 184 263 1417 4678 206615 6430 3104 1248 5354 414 445 52352 230 5060 3152 571 30231 3392 402 4444 62402 185 2470 13904 736 356
leaf_count=456 183 196 3465 1190 184 263 1417 4678 206615 6430 3104 1248 5354 414 445 52352 230 5060 3152 571 30231 3392 402 4444 62402 185 2470 13904 736 356
internal_value=-4.29524e-05 0.00527912 -0.000173355 -0.000659639 0.000490675 -0.000804056 -0.000766963 0.0031346 -0.000878414 -0.00391039 0.00290831 0.0122722 -0.000764399 0.0140647 0.00370211 0.000519248 -6.40176e-05 0.00237599 0.00111788 0.00250845 -0.000141327 -0.000740718 0.010703 0.00535321 0.000622046 0.0145325 0.00720709 0.000989593 0.0103138 -0.013452
internal_weight=415529 9864 405665 234435 171230 227004 226385 7604 219816 7847 6569 2260 211969 2064 7431 171046 86390 6250 84656 22071 85975 55744 1650 7596 62585 415 2926 14475 1181 619
internal_count=415529 9864 405665 234435 171230 227004 226385 7604 219816 7847 6569 2260 211969 2064 7431 171046 86390 6250 84656 22071 85975 55744 1650 7596 62585 415 2926 14475 1181 619
is_linear=0
shrinkage=1


Tree=1
num_leaves=31
num_cat=0
split_feature=41 36 46 32 38 86 138 14 7 86 124 34 83 53 29 20 29 38 17 86 40 58 6 17 39 10 11 116 83 14
split_gain=255.802 158.164 126.256 157.925 82.3435 76.2952 79.6009 75.0816 73.9664 100.638 75.256 138.219 72.7568 72.6921 130.185 99.2707 85.8746 79.0306 211.609 73.985 69.4078 89.4263 71.7854 66.3153 60.6347 60.1085 59.2466 58.7702 57.754 57.2121
threshold=-0.066265549510717378 0.68151316046714794 1.0380854010581972 -0.004925140878185629 0.032048635184764869 -0.58333334326744068 0.6828104853630067 0.95430296659469616 0.029976665042340759 0.91666665673255932 0.88000077009201061 0.89950025081634533 0.70000001788139354 0.99424907565116893 0.013781090267002584 0.8652658760547639 -0.015034088864922522 -0.014657699037343262 0.74236810207366954 -0.81666666269302357 0.038643766194581992 0.92768228054046642 0.15789496153593066 1.017904579639435 0.001141574000939727 1.0108194947242739 0.98488125205039989 0.64744022488594066 -0.3000000044703483 1.0909269452095034
decision_type=8 10 8 8 10 2 10 8 10 2 10 10 10 8 10 10 8 8 8 2 10 10 10 10 10 10 10 10 10 8
left_child=1 23 4 5 8 6 -4 -3 20 12 11 -11 -10 14 15 -5 -15 18 -18 -19 21 -2 -23 25 -22 -1 -27 -14 -9 -17
right_child=2 7 3 13 -6 -7 -8 28 9 10 -12 -13 27 16 -16 29 17 19 -20 -21 24 22 -24 -25 -26 26 -28 -29 -30 -31
leaf_value=-0.0018775317297856785 0.013384436264749411 -0.0032688423865173117 -6.6716534843157043e-05 -0.026229526575246038 -0.014481468546770225 0.00074446690318296055 0.0090535210767236866 0.010594292818364884 0.0038850475341226653 0.0073215386116615572 -0.0067002912607266509 0.03133915828723921 0.0019443363789393557 0.0067901910314898326 0.014420020661246962 -0.0022826526859583978 -0.013147498126564636 -0.0018755609824199174 -0.0011886248808547866 -0.00020467209901176247 0.0077424307742389549 0.0013429837579782922 -3.1417011587768242e-05 -0.0010936938027734206 -0.0047897060364650232 0.013866257769036702 0.0043529869833081897 -0.006290082390631677 0.024489187601379261 -0.013488418871416401
leaf_weight=936 468 227 1126 144 305 4661 2921 1614 4654 1557 206 251 1523 1417 380 18772 1592 27588 8152 180354 351 55235 88688 2627 3484 772 3292 1489 394 413
leaf_count=936 468 227 1126 144 305 4661 2921 1614 4654 1557 206 251 1523 1417 380 18772 1592 27588 8152 180354 351 55235 88688 2627 3484 772 3292 1489 394 413
internal_value=2.21231e-05 0.00479169 -9.33005e-05 -0.000517018 0.000567688 0.0034412 0.00645438 0.0118147 0.000600486 0.00314348 0.00910753 0.0111264 0.00151797 -0.000662882 -0.00241116 -0.00277212 -0.000504044 -0.000553523 -0.00319615 -0.000427953 0.000431988 0.000539787 0.000494082 0.00266892 -0.00353066 0.00470204 0.00629265 -0.00204209 0.0136832 -0.0025533
internal_weight=415593 9862 405731 247520 158211 8708 4047 2235 157906 9680 2014 1808 7666 238812 19709 19329 219103 217686 9744 207942 148226 144391 143923 7627 3835 5000 4064 3012 2008 19185
internal_count=415593 9862 405731 247520 158211 8708 4047 2235 157906 9680 2014 1808 7666 238812 19709 19329 219103 217686 9744 207942 148226 144391 143923 7627 3835 5000 4064 3012 2008 19185
is_linear=0
shrinkage=0.03


Tree=2
num_leaves=31
num_cat=0
split_feature=41 29 57 54 18 38 127 58 11 61 71 13 134 31 30 114 26 85 1 38 127 78 1 45 35 132 103 2 57 60
split_gain=230.986 141.84 163.485 140.694 145.714 114.898 174.94 150.771 116.607 146.71 105.606 95.6979 85.9558 84.6376 76.7874 74.9617 71.9844 69.7281 156.3 113.878 75.5038 83.5969 60.919 58.4378 69.8801 57.5777 55.1762 53.9272 53.5042 51.5375
threshold=-0.066265549510717378 -0.001240371784660965 1.16919481754303 1.0889381766319277 0.95068228244781505 -0.017127021215856072 0.29769212007522589 0.9208262860774995 0.92690601944923412 0.82833755016326915 0.61111107468605053 1.0731475353240969 0.25654086470603948 -0.0084492610767483694 -0.00050914598978124548 0.57236829400062572 0.044287523254752166 -0.82500001788139332 0.053838510066270835 -0.024740925058722493 0.22794103622436526 0.70000001788139354 0.064274493604898467 1.0577796101570132 0.76655977964401256 0.50885090231895458 0.77500000596046459 0.20833399146795276 0.88845324516296398 1.0179808139801028
decision_type=8 8 10 10 10 8 10 10 8 8 10 10 10 10 8 8 10 2 10 10 10 10 10 10 10 10 2 10 10 10
left_child=10 3 5 4 13 6 16 -8 12 11 17 -10 -7 -2 -11 23 -3 18 -1 -19 -21 -22 26 -6 -25 -14 -5 -18 -9 -4
right_child=1 2 29 22 15 8 7 28 9 14 -12 -13 25 -15 -16 -17 27 19 -20 20 21 -23 -24 24 -26 -27 -28 -29 -30 -31
leaf_value=0.001963194076588549 0 -0.0054314349946449694 0.0060938752389910894 0.0065697937846927595 2.1515188915068034e-05 9.1300756039638673e-06 0.0099807822307311864 -0.024908325807227811 0.0032883936668048866 -0.00070978488620589684 0.012693653920031869 0.019316379983867805 -0.024725713349687265 -0.021686893703888883 0.00053194575229484299 -0.0055085485299279187 0.0032967793018298555 -0.0084913056601663966 0.024157072428732131 0.0020317647898800291 0.026253938052360992 0.0050787530361684182 0.013126859895335068 -0.0017584689426141896 7.4447910676571114e-05 -0.00040155653704023923 0 -0.016546526920227775 -0.010618457768333771 -0.0086836843930947136
leaf_weight=891 219 1831 5209 1937 47689 352 195 492 9845 60419 1256 338 352 463 172222 3155 2507 782 429 5598 239 669 581 68661 25308 149 2704 106 771 188
leaf_count=891 219 1831 5209 1937 47689 352 195 492 9845 60419 1256 338 352 463 172222 3155 2507 782 429 5598 239 669 581 68661 25308 149 2704 106 771 188
internal_value=1.43858e-05 -9.5282e-05 0.000335152 -0.000825408 -0.0010009 0.000221971 -0.00390305 -0.0128595 0.000323424 0.000363937 0.00454629 0.00388663 -0.0106099 -0.0146659 0.000208134 -0.00093246 -0.000852932 0.00329607 0.00965298 0.00208039 0.00341917 0.0114214 0.00399216 -0.000827661 -0.00126172 -0.0183605 0.00273282 0.0022583 -0.0167204 0.00549357
internal_weight=415557 405693 254976 150717 145495 249579 5902 1458 243677 242824 9864 10183 853 682 232641 144813 4444 8608 1320 7288 6506 908 5222 141658 93969 501 4641 2613 1263 5397
internal_count=415557 405693 254976 150717 145495 249579 5902 1458 243677 242824 9864 10183 853 682 232641 144813 4444 8608 1320 7288 6506 908 5222 141658 93969 501 4641 2613 1263 5397
is_linear=0
shrinkage=0.03


Tree=3
num_leaves=31
num_cat=0
split_feature=41 36 29 57 11 38 122 61 10 61 54 10 39 30 78 1 41 26 53 30 1 82 16 1 108 60 121 10 81 47
split_gain=250.151 138.461 118.168 150.425 126.226 126.866 157.973 129.463 115.665 109.789 101.75 90.6491 88.0795 85.7371 80.6075 72.7342 78.2007 88.3803 78.1874 71.0069 82.19 66.1798 65.6847 65.0527 61.4204 52.6823 57.077 48.9375 54.668 65.7991
threshold=-0.066265549510717378 0.68151316046714794 -0.001240371784660965 1.16919481754303 0.92690601944923412 -0.015331017319113014 0.35025383532047277 0.82833755016326915 1.0365515947341921 0.76764157414436351 1.0889381766319277 1.0204570293426516 0.0078715770505368727 -0.00050914598978124548 0.70000001788139354 0.016969697549939159 -0.031790360808372491 0.076802361756563201 1.0012883543968203 0.012704058084636928 0.053838510066270835 0.37500000000000006 0.87237346172332775 0.064274493604898467 -0.45000000298023218 1.0179808139801028 0.64344829320907604 1.0105162262916567 0.050000002607703216 1.132812559604645
decision_type=8 10 8 10 8 8 10 8 10 10 10 10 10 8 10 10 10 10 10 10 10 2 10 10 2 10 10 10 2 10
left_child=1 21 9 4 -4 6 8 11 -6 -2 15 -7 -8 -9 -3 -11 18 -18 -17 20 22 27 -16 24 -12 26 -5 -1 -29 -30
right_child=2 14 3 25 5 7 12 13 -10 10 23 -13 -14 -15 19 16 17 -19 -20 -21 -22 -23 -24 -25 -26 -27 -28 28 29 -31
leaf_value=-0.0020916831245858776 -0.016883736100415863 0.023239553781056733 -0.010965368092665609 0.0034237479374502849 -0.0037721708344549514 0.0021082085418082557 -0.0021463542952562566 -0.0007623487782685988 -0.019467456410325244 -0.00010834304664798405 -0.00071040493859450831 0.0090680938578945915 0.011692349940517023 0.00055315424108291929 0.010555423183357808 -0.008802240321800962 -0.0022638792653932333 0.0033743352816213569 0.00048163468960933274 -0.0096210468683911605 0.019218866125669885 -0.00014905865829286898 -0.0041073801333309503 0.012907839996490703 0.006184865404705378 -0.0089393639731758703 0.010274515907294094 -0.00038912529296950145 -0.00059304597201444891 0.01087947080249024
leaf_weight=599 361 427 889 3423 986 7733 5899 60217 826 63887 2715 2216 421 170563 651 830 57555 2557 20217 152 572 3554 415 566 1928 193 1783 682 499 2231
leaf_count=599 361 427 889 3423 986 7733 5899 60217 826 63887 2715 2216 421 170563 651 830 57555 2557 20217 152 572 3554 415 566 1928 193 1783 682 499 2231
internal_value=1.66177e-05 0.00475291 -9.70521e-05 0.000295441 0.000186886 0.000228809 -0.00344851 0.000354553 -0.011225 -0.000763892 -0.000720925 0.0037036 -0.00114321 0.000208566 0.0113575 -0.00087068 -0.00146691 -0.00201801 9.32708e-05 0.00813189 0.0100564 0.00275297 0.00460035 0.00337907 0.00210276 0.00524245 0.00585781 0.00538675 0.00679159 0.00868433
internal_weight=415547 9782 405765 255149 249750 248861 8132 240729 1812 150616 150255 9949 6320 230780 2217 145046 81159 60112 21047 1790 1638 7565 1066 5209 4643 5399 5206 4011 3412 2730
internal_count=415547 9782 405765 255149 249750 248861 8132 240729 1812 150616 150255 9949 6320 230780 2217 145046 81159 60112 21047 1790 1638 7565 1066 5209 4643 5399 5206 4011 3412 2730
is_linear=0
shrinkage=0.03


Tree=4
num_leaves=31
num_cat=0
split_feature=42 30 11 16 26 38 17 62 10 79 29 49 1 75 34 76 12 35 17 38 35 29 16 118 49 34 90 84 30 35
split_gain=156.786 130.172 134.448 131.726 108.469 92.9039 218.244 108.559 116.776 116.947 103.091 85.3701 82.4646 81.3513 79.4609 79.3636 76.3289 68.3411 62.9722 95.4461 58.445 62.2499 109.528 55.2439 51.387 49.6275 49.1882 47.4955 47.3921 59.7223
threshold=-0.10333798453211783 -0.00036346260458230967 0.92690601944923412 0.89057463407516491 0.075075529515743269 -0.017127021215856072 0.74236810207366954 0.82191684842109691 1.0204570293426516 0.15000000223517421 0.024616629816591743 0.88502365350723278 0.057960700243711478 0.67499998211860668 0.23888254910707477 0.35000000894069677 1.0127593874931338 0.14978794753551486 0.84126982092857372 0.017642230726778511 0.80289128422737133 -0.003439378808252513 1.1154981851577761 0.28787882626056677 0.97739133238792431 0.83741575479507457 0.49995860457420355 0.15000000223517421 0.0026029060827568178 0.8261699676513673
decision_type=8 8 8 8 10 8 8 8 10 2 10 10 10 2 10 2 10 10 8 10 10 10 10 10 10 10 10 2 10 10
left_child=12 3 11 -2 20 6 14 8 10 -10 -7 25 13 -1 -4 -14 -16 -15 23 -20 21 27 -23 -9 -22 26 -3 -5 -8 -30
right_child=1 2 5 4 -6 7 28 18 9 -11 -12 -13 15 17 16 -17 -18 -19 19 -21 24 22 -24 -25 -26 -27 -28 -29 29 -31
leaf_value=0.0015443216451295006 -0.0077418332475240586 0 0.0013506408538947355 -0.0017645328223422851 0.0038269697167662349 0.0014301362234968064 -0.0054326453979654365 0.0008457752757227568 0.010063494980547542 0.0019378958608328566 -0.015362893908806369 0.0050168000263820269 0.017233890655779488 0.022309108684270607 -0.0050259950562544604 0.0034112349889359652 -0.021603640045051123 -0.0012705110173672437 0.00033568913471583681 0.0069329391881438511 -0.0016381690700130063 -0.00079015443175684626 0.0033621394847072644 -0.0030290154691044084 0.0015781839765024517 0.0010455660657801974 -0.022489720048247456 -0.016799085167272444 0.0034832625793849597 -0.0058250682183776424
leaf_weight=6224 2366 135 248 50528 4735 20246 1114 4973 3057 3566 312 206 755 304 456 876 811 130 183093 1981 6119 87826 6075 9279 15922 106 519 175 3036 742
leaf_count=6224 2366 135 248 50528 4735 20246 1114 4973 3057 3566 312 206 755 304 456 876 811 130 183093 1981 6119 87826 6075 9279 15922 106 519 175 3036 742
internal_value=-2.36833e-05 -0.000107554 0.000353644 -0.000730069 -0.000630625 0.00040165 -0.00314882 0.000503672 0.00228291 0.00575262 0.00114601 -0.0106901 0.00405501 0.0024978 -0.0130183 0.0101228 -0.0160412 0.0148405 0.000259338 0.000408667 -0.000759526 -0.000979707 -0.000517666 -0.00165666 0.000670989 -0.0153516 -0.0184065 -0.00182894 0 0.00155507
internal_weight=415915 407626 233880 173746 171380 232914 6407 226507 27181 6623 20558 966 8289 6658 1515 1631 1267 434 199326 185074 166645 144604 93901 14252 22041 760 654 50703 4892 3778
internal_count=415915 407626 233880 173746 171380 232914 6407 226507 27181 6623 20558 966 8289 6658 1515 1631 1267 434 199326 185074 166645 144604 93901 14252 22041 760 654 50703 4892 3778
is_linear=0
shrinkage=0.03


Tree=5
num_leaves=31
num_cat=0
split_feature=41 36 46 32 14 25 38 17 6 26 86 33 1 7 37 62 25 18 85 1 68 26 56 24 77 15 7 26 37 51
split_gain=254.76 139.159 117.609 113.235 99.3382 90.9661 78.7561 244.529 92.4476 73.6672 71.1729 73.6054 69.6118 101.016 69.1683 68.9291 101.322 68.711 67.0238 67.0762 66.73 90.4725 115.822 75.9873 70.0428 80.5001 66.4782 65.3286 61.537 60.5487
threshold=-0.066265549510717378 0.79750531911849987 1.036132335662842 -0.004925140878185629 0.96087288856506359 0.081587396562099471 -0.017127021215856072 0.74236810207366954 0.27272681891918188 0.10755445063114168 -0.58333334326744068 0.93102675676345836 0.083115298300981535 0.043297730386257179 0.7337559461593629 0.81336823105812084 0.087922334671020522 1.0396109223365786 -0.82500001788139332 0.053838510066270835 0.84848490357398998 0.06047536991536618 0.93304160237312328 0.053024651482701309 0.85833334922790538 0.88250279426574718 -0.013201341964304445 0.10755445063114168 0.33048608899116522 0.87909305095672619
decision_type=8 10 8 8 10 10 8 8 10 10 2 10 10 10 10 10 10 10 2 10 10 10 10 10 2 10 10 10 8 10
left_child=1 15 5 10 -3 9 7 8 17 12 11 -4 13 26 -7 16 -1 -5 19 -17 21 23 -23 -8 -22 -26 -2 -6 -15 -9
right_child=2 4 3 6 27 14 20 29 -10 -11 -12 -13 -14 28 -16 18 -18 -19 -20 -21 24 22 -24 -25 25 -27 -28 -29 -30 -31
leaf_value=0.011283098707188622 0.0027636776412373167 -0.0044054439590206435 0.0070803943008791066 -0.02206409442451035 0.012741461198223438 -0.015235227887720738 -0.00061524815535686115 0.0023318101076190687 0 0.020787631904526378 0.00024895149810874568 -0.0066107263128602775 -0.0098706856767965829 -0.00022830086814657282 0.0041983654476891114 0.0033474247717724232 -0.0068864258736945115 0.00033362254191133129 0.00072465898421183539 0.019801964030456792 -0.0017330384255601064 -0.0093501536645350901 0.0021862506534558765 0.0082435472688817974 -0.028411231664046153 -0.0045655254736949044 0.00029958915004086901 0.035015317851930489 0.0087065004915277654 -0.0039871199746906553
leaf_weight=1745 10659 138 3634 926 457 547 194689 2545 282 143 4688 353 551 921 192 795 292 111 5730 335 24315 793 17120 851 170 557 136091 223 2165 2833
leaf_count=1745 10659 138 3634 926 457 547 194689 2545 282 143 4688 353 551 921 192 795 292 111 5730 335 24315 793 17120 851 170 557 136091 223 2165 2833
internal_value=-2.03317e-05 0.00477464 -0.000136284 -0.000531416 0.0165756 0.000524846 -0.000651671 -0.00386305 -0.0153502 0.000578889 0.00282668 0.0057664 0.000554917 0.00059657 -0.00981333 0.00362126 0.00849106 -0.0194219 0.00211114 0.00874596 -0.000559921 -0.000386201 0.00164895 -0.000574321 -0.00202721 -0.0111545 0.000480961 0.0212663 0.00595907 -0.000943713
internal_weight=414851 9715 405136 253867 818 151269 245192 6697 1319 150530 8675 3987 150387 149836 739 8897 2037 1037 6860 1130 238495 213453 17913 195540 25042 727 146750 680 3086 5378
internal_count=414851 9715 405136 253867 818 151269 245192 6697 1319 150530 8675 3987 150387 149836 739 8897 2037 1037 6860 1130 238495 213453 17913 195540 25042 727 146750 680 3086 5378
is_linear=0
shrinkage=0.03


Tree=6
num_leaves=31
num_cat=0
split_feature=41 29 57 54 18 27 38 122 58 111 38 31 68 31 39 45 1 27 34 35 42 1 4 25 50 5 0 116 0 38
split_gain=221.331 110.807 112.558 107.36 126.581 98.4095 96.518 125.372 132.643 120.549 96.9809 107.863 114.333 88.4891 82.9227 74.99 73.377 70.6919 63.8316 63.3262 60.725 79.9496 66.3128 59.808 93.5835 98.1634 68.3045 66.6662 59.3528 57.4984
threshold=-0.066265549510717378 -0.001240371784660965 1.16919481754303 1.0889381766319277 0.95068228244781505 0.085301764309406294 -0.015331017319113014 0.35025383532047277 0.9208262860774995 0.26491229236125952 0.032048635184764869 0.0094293244183063524 0.29761937260627752 -0.00734210037626326 0.0030417514499276881 1.0367816090583803 0.064274493604898467 0.076136417686939253 0.75491848587989818 0.58533975481987011 -0.090228755027055726 0.017528501339256767 0.22727099806070331 0.087922334671020522 0.89823797345161449 0.008223711512982847 -0.0025189126608893271 0.33734917640686041 -0.0268558245152235 -0.0092750634066760523
decision_type=8 8 10 10 10 10 8 10 10 2 10 10 10 10 10 10 10 10 10 10 10 10 10 10 10 10 10 10 10 10
left_child=5 3 6 4 13 19 7 8 9 -3 11 -8 -13 -2 18 -10 -5 -16 -9 29 22 -22 28 24 25 -7 -26 -25 -6 -1
right_child=1 2 -4 16 20 23 10 14 15 -11 -12 12 -14 -15 17 -17 -18 -19 -20 -21 21 -23 -24 27 26 -27 -28 -29 -30 -31
leaf_value=-0.00567884862580007 0 -0.0085284540087093401 0.0045664366723437979 0.0021602611478366745 -0.0026674278557704953 0.025564402037553193 0.00026980005076635368 -0.003889631153654512 -0.0008523332725778438 0.031274042741549532 -0.013602439172703141 0.018217292829664583 0.0031138248391547412 -0.02185437014006112 0 -0.01681913086779031 0.013706238764377 0.02089701505169517 0.0035167592895818923 0.0069008076371189879 -0.00017374968546360719 -0.0016181818360580514 -0.00091250090548736619 0.016172750717217941 0.008936424714596396 0.0050131859869704904 -0.002178954677414783 -0.0028245095559655191 0.007936350368875458 0.002126244708261386
leaf_weight=1243 273 117 5462 4651 550 568 236980 4362 394 107 428 521 3406 419 354 1186 556 251 1319 1447 66883 72339 2714 187 2013 408 597 788 2129 2537
leaf_count=1243 273 117 5462 4651 550 568 236980 4362 394 107 428 521 3406 419 354 1186 556 251 1319 1447 66883 72339 2714 187 2013 408 597 788 2129 2537
internal_value=3.81206e-05 -6.88822e-05 0.000311426 -0.000714862 -0.000868362 0.00449167 0.000216687 -0.00299886 -0.00994152 0.0102599 0.000325961 0.000353078 0.00527578 -0.013514 -0.000933619 -0.0130855 0.00349825 0.00935684 -0.00211111 0.00159861 -0.000803916 -0.000926548 0.00229817 0.00772024 0.00951216 0.0175477 0.00628264 0.000769403 0.0056446 -0.000377784
internal_weight=415189 405401 254887 150514 145307 9788 249425 8090 1804 224 241335 240907 3927 692 6286 1580 5207 605 5681 5227 144615 139222 5393 4561 3586 976 2610 975 2679 3780
internal_count=415189 405401 254887 150514 145307 9788 249425 8090 1804 224 241335 240907 3927 692 6286 1580 5207 605 5681 5227 144615 139222 5393 4561 3586 976 2610 975 2679 3780
is_linear=0
shrinkage=0.03


Tree=7
num_leaves=31
num_cat=0
split_feature=41 36 29 42 61 38 39 16 38 122 18 61 4 62 119 51 20 26 42 25 117 37 35 38 85 1 28 117 26 14
split_gain=195.768 142.992 100.538 105.693 97.0945 94.7229 94.6075 92.4526 97.7057 153.424 149.529 87.676 131.404 83.6141 81.9787 76.9778 71.8217 76.211 76.3095 68.5643 60.0515 59.8251 57.3052 56.5838 55.0631 63.4119 52.1827 49.6995 46.3182 43.9811
threshold=-0.066265549510717378 0.77627879381179821 -0.0011861163657158611 -0.094018824398517595 0.76764157414436351 0.032048635184764869 -0.066836908459663377 1.1309659481048586 -0.017127021215856072 0.35288673639297491 0.97183626890182506 0.82833755016326915 0.40624935925006872 0.82995113730430614 0.40517242252826696 0.87909305095672619 1.0887449383735659 0.029253266751766208 0.071097377687692656 0.087922334671020522 0.58466643095016491 0.7123849391937257 0.80614650249481212 0.019977084361016754 -0.82500001788139332 0.053838510066270835 0.014338009990751745 0.53556033968925487 0.10131740570068361 1.0113513469696047
decision_type=8 10 8 10 10 10 10 10 8 10 10 8 10 10 10 10 10 10 10 10 10 10 10 10 2 10 10 10 10 8
left_child=1 13 3 26 -5 7 -3 8 9 10 -4 12 -10 19 -9 -11 17 22 -19 -1 -7 -22 -6 -13 25 -15 29 -16 -8 -2
right_child=2 6 5 4 16 20 28 14 11 15 -12 23 -14 24 27 -17 -18 18 -20 -21 21 -23 -24 -25 -26 -27 -28 -29 -30 -31
leaf_value=0.01021105258722959 -0.0092077002284271566 -0.0089741117134690268 0.0073107800554510086 -0.016244492281205773 -0.00057731906432201556 0.0026426285562955541 0.010576179155190898 -0.0017226091351618925 0.0010157706257492131 0.0023595675589578877 -0.016319140481386173 0.00012739877100105413 0.0089002737102128766 0.0020610761897426775 0.0057477970045846883 -0.0056009722610870045 0.0040379390121189126 -0.0018344862113176931 0.0088479328781556031 -0.0046034172227497677 -0.026723447693300179 0 0.0022504163291776013 0.0065285985870974896 -4.006691325401775e-05 0.018117594206695446 -0.014606436884149593 0.026201205867529678 0.026421833662512152 0.0040377771802169388
leaf_weight=1843 203 106 267 352 73289 129 530 1439 7904 2724 1227 230085 2538 805 3730 1778 2614 61990 579 289 244 112 7023 1232 5503 321 121 102 384 5926
leaf_count=1843 203 106 267 352 73289 129 530 1439 7904 2724 1227 230085 2538 805 3730 1778 2614 61990 579 289 244 112 7023 1232 5503 321 121 102 384 5926
internal_value=-1.38427e-05 0.00417493 -0.000115793 -0.000726025 -0.000891474 0.000249168 0.0147698 0.000276213 0.000191129 -0.00358173 -0.0118572 0.000286232 0.00297418 0.00287643 0.00420289 -0.000728858 -0.000850041 -0.000942118 -0.00172804 0.00803938 -0.0127182 -0.0189267 -0.00032581 0.00016335 0.00115163 0.00713655 0.00307748 0.00650332 0.0179779 0.00352176
internal_weight=415389 9781 405608 152097 145847 253511 1020 253026 247755 5996 1494 241759 10442 8761 5271 4502 145495 142881 62569 2132 485 356 80312 231317 6629 1126 6250 3832 914 6129
internal_count=415389 9781 405608 152097 145847 253511 1020 253026 247755 5996 1494 241759 10442 8761 5271 4502 145495 142881 62569 2132 485 356 80312 231317 6629 1126 6250 3832 914 6129
is_linear=0
shrinkage=0.03


Tree=8
num_leaves=31
num_cat=0
split_feature=41 46 54 72 53 15 24 15 49 53 67 29 22 49 29 116 29 39 28 70 138 24 33 49 82 86 13 19 25 43
split_gain=191.384 114.137 110.59 105.103 92.832 88.9992 76.6137 66.0755 94.9404 65.5363 78.2432 82.559 73.527 88.9613 87.3498 64.8861 59.7705 55.7985 72.5624 52.9427 50.8434 52.8259 49.9256 46.7608 45.9466 51.6073 113.021 89.0894 43.9995 41.7368
threshold=-0.070286493748426424 1.0265403985977175 1.093691408634186 0.59649065136909496 1.0933620333671572 1.2051090002059939 0.10003798454999925 0.9018780291080476 0.95586708188056957 0.96992573142051708 0.99159604310989391 0.012946058996021749 0.7882869839668275 0.82754534482955944 0.011652775574475529 0.59955254197120678 0.0022318805567920212 0.0072295323479920634 0.00022430686658481139 0.51923051476478588 1.5672051906585696 0.043323742225766189 0.8984888792037965 0.95257663726806652 0.92500001192092907 0.84999999403953563 0.94425767660141002 0.95917662978172313 0.011568523477762939 1.0342254042625429
decision_type=8 8 10 10 10 10 10 8 10 8 10 10 8 8 10 10 10 10 8 10 8 10 10 10 2 2 10 10 8 10
left_child=3 6 9 5 7 -1 17 8 -5 16 12 -12 14 -14 -11 -6 19 18 -2 -3 21 -18 -7 29 25 26 -19 -27 -20 -4
right_child=1 2 23 4 15 22 -8 -9 -10 10 11 -13 13 -15 -16 -17 20 24 28 -21 -22 -23 -24 -25 -26 27 -28 -29 -30 -31
leaf_value=0.00044964038184954662 0.0018298968476069062 0 -0.0042049107466301432 0.0050996308756032114 0.0078317661639748081 0.015108521306967238 -0.018199534327500617 0.007293608722509985 0.027478250673936028 0.00066212547219926835 0.001768426968096993 0.016380717246937827 0.0059758050287370022 -0.00047217144293630863 -0.011675513858392246 -0.019800586571856852 0.013719240520345538 -0.0025680102779938644 0.0015127321073353998 -0.016400292271797047 -0.015581148718316241 -0.0050602442818972002 0.00053539374292698469 0.002451937144830016 0.0094620597442330433 0.0065257956084857367 0.0020114602393868837 0.00050990464763135636 -0.00059538506829753747 0.012212233482828497
leaf_weight=4712 21126 223 124 336 116 654 171 1358 471 861 1490 463 1913 278143 1120 135 265 6353 10815 609 119 211 375 3557 677 4511 19853 4572 49254 903
leaf_count=4712 21126 223 124 336 116 654 171 1358 471 861 1490 463 1913 278143 1120 135 265 6353 10815 609 119 211 375 3557 677 4511 19853 4572 49254 903
internal_value=2.61458e-05 -6.43481e-05 -0.000384446 0.0045709 0.0098333 0.00227779 0.000724189 0.01188 0.0188722 -0.000459767 -0.000426161 0.00551557 -0.000468757 -0.000426632 -0.00621027 -0.00628771 -0.00684208 0.000757471 0.000317041 -0.0119434 0 0.00492151 0.0101951 0.00422176 0.0017427 0.00158083 0.000888729 0.00353838 -0.000210464 0.00990104
internal_weight=415490 407333 290001 8157 2416 5741 117332 2165 807 285417 283990 1953 282037 280056 1981 251 1427 117161 81195 832 595 476 1029 4584 35966 35289 26206 9083 60069 1027
internal_count=415490 407333 290001 8157 2416 5741 117332 2165 807 285417 283990 1953 282037 280056 1981 251 1427 117161 81195 832 595 476 1029 4584 35966 35289 26206 9083 60069 1027
is_linear=0
shrinkage=0.03


Tree=9
num_leaves=31
num_cat=0
split_feature=41 36 46 32 24 63 52 24 51 38 117 26 36 17 58 117 71 39 81 39 5 16 1 12 40 37 62 50 115 62
split_gain=150.834 104.367 90.6204 107.587 99.9106 75.1346 77.5192 114.383 108.644 75.668 160.211 82.7191 69.9597 66.6027 64.9825 68.3706 64.292 64.2607 61.623 61.3394 57.9778 56.7461 55.1195 74.4702 57.5011 54.877 53.4657 66.7076 52.1897 49.2899
threshold=-0.066265549510717378 0.78798821568489086 1.0351988077163699 -0.004925140878185629 0.10003798454999925 0.72499999403953563 0.66614779829978954 0.0336959045380354 0.69086378812789928 -0.015331017319113014 0.65161290764808666 0.06047536991536618 0.77920162677764904 1.011374890804291 1.0099179148674013 0.61407536268234264 0.85227295756340038 0.0078715770505368727 0.61666667461395275 0.0072295323479920634 0.0044557282235473403 1.0501433014869692 0.083115298300981535 0.97726434469223034 0.038643766194581992 0.33048608899116522 0.81336823105812084 0.77147722244262706 0.44705881178379064 0.7977195978164674
decision_type=8 10 10 8 10 8 10 10 10 10 10 10 10 10 10 10 10 10 2 10 10 10 10 10 10 10 10 10 10 10
left_child=1 13 4 18 19 9 7 8 -7 10 17 28 -13 21 -3 -16 -8 -5 -4 20 -2 26 23 25 -25 -21 27 -1 -11 -12
right_child=2 14 3 5 -6 6 16 -9 -10 11 29 12 -14 -15 15 -17 -18 -19 -20 22 -22 -23 -24 24 -26 -27 -28 -29 -30 -31
leaf_value=-0.0074723928216036623 0.00069609269388551875 0.024807558805907366 0 -0.0019354778580067968 -0.020097335808120349 0.016403302468877598 -0.0012141305175617017 -0.01374553896258535 -0.004618294273251119 -0.00072533046865809231 -0.016571632829517676 0.00029350023028651835 0.0050822644667258684 -0.00093138904502928154 0.01529326785977601 -0.0046924720147755068 0.010587242614065203 0.01175357544183042 0.0050339720278380681 -0.00012325372539677667 -0.00074204323337824334 0.010902718179987475 -0.0079106236872834405 0.0017684168835355107 -0.0017561942647135748 0.011104028514703363 0.00033133315682210435 0.008869225906345991 0.0003971065816410528 0
leaf_weight=222 65513 302 3813 6752 191 246 74139 1092 1255 86667 895 6457 4953 2963 320 237 393 299 4933 495 40894 1042 523 35223 4624 1226 2920 1752 65044 217
leaf_count=222 65513 302 3813 6752 191 246 74139 1092 1255 86667 895 6457 4953 2963 320 237 393 299 4933 495 40894 1042 523 35223 4624 1226 2920 1752 65044 217
internal_value=-3.11843e-06 0.00367807 -9.2544e-05 -0.000434032 0.000496014 -0.000550269 -0.00132836 -0.00643325 -0.000805422 -0.000198048 -0.00301383 -5.4948e-05 0.00240377 0.00265528 0.0136311 0.00640164 -0.00114506 -0.00128096 0.00282691 0.000527224 0.000140538 0.00449308 0.00149712 0.00162645 0.00135121 0.00773816 0.0030285 0.00682445 -0.000242135 -0.0135199
internal_weight=415602 9758 405844 257155 148689 248409 77125 2593 1501 171284 8163 163121 11410 8899 859 557 74532 7051 8746 148498 106407 5936 42091 41568 39847 1721 4894 1974 151711 1112
internal_count=415602 9758 405844 257155 148689 248409 77125 2593 1501 171284 8163 163121 11410 8899 859 557 74532 7051 8746 148498 106407 5936 42091 41568 39847 1721 4894 1974 151711 1112
is_linear=0
shrinkage=0.03


Tree=10
num_leaves=31
num_cat=0
split_feature=41 36 29 57 58 37 53 29 11 30 114 32 7 23 60 16 18 116 79 81 25 14 115 45 60 32 30 56 17 16
split_gain=178.636 106.779 105.624 120.658 109.852 100.391 85.2966 82.4511 78.3452 70.7041 72.3228 70.6927 90.3291 65.3821 81.0366 60.2236 59.5799 56.4091 53.5165 53.1795 52.802 50.4001 62.2352 54.9856 65.9215 50.1381 48.0115 46.1365 44.5168 79.4799
threshold=-0.070286493748426424 0.65619894862174999 -0.00019487296958686781 1.16919481754303 0.92768228054046642 0.41246969997882849 0.98167940974235546 -0.016832389868795868 0.92690601944923412 -0.00032588586327619845 0.55434790253639232 -0.00187443959293887 0.023294581100344661 0.048825789242982871 0.930619776248932 0.83710405230522167 0.97738811373710643 0.36470572650432592 0.15000000223517421 0.25000000745058065 0.02373430505394936 0.98474839329719555 0.59085530042648327 1.0588891506195071 1.0415751338005068 -0.00081185894669033576 -0.004361947998404502 1.1174285411834719 1.006952226161957 1.0511201620101931
decision_type=8 10 8 10 10 10 10 10 8 8 10 8 10 10 10 8 8 10 2 2 10 8 10 10 10 10 10 10 10 10
left_child=1 28 4 8 5 -2 27 -6 19 10 20 12 -11 -3 -15 -12 -13 18 26 -4 -10 22 -9 -23 -25 -21 -5 -7 29 -1
right_child=2 13 3 17 7 6 -8 21 9 11 15 16 -14 14 -16 -17 -18 -19 -20 25 -22 23 -24 24 -26 -27 -28 -29 -30 -31
leaf_value=0.0017596754154987349 -0.021406824573524157 0.013242158036647364 0 -0.016155888388907028 0.006466605916105107 -0.01928272625269923 0.011552219106560209 -0.0052015206874259905 -0.0007162276741141272 -0.0021833931911661225 -0.014877664690091916 0.0023256898004156163 0.0050237073866020157 -0.019109589715698993 0.0073619836365105586 -0.0016924656940994279 0.00055480094325459372 0.0023376596812817139 0.011596313576202822 0 0.0020163520086941499 0.00014301063190346532 0 -0.0011610610568784973 0.0016137517304262738 -0.020598530935570597 0.0068260820555768086 1.442260539957455e-05 -0.00096899097793761726 0.012202335415608034
leaf_weight=2939 416 1583 388 112 1466 215 226 4653 15480 13559 303 19866 1730 117 404 23663 130328 2863 1509 111 10688 70482 3891 96144 8273 355 182 155 2223 867
leaf_count=2939 416 1583 388 112 1466 215 226 4653 15480 13559 303 19866 1730 117 404 23663 130328 2863 1509 111 10688 70482 3891 96144 8273 355 182 155 2223 867
internal_value=4.23075e-06 0.00440176 -8.31067e-05 0.000359133 -0.000610708 -0.010388 -0.00176473 -0.000554457 0.000254552 0.000292206 -0.000691841 0.000592189 -0.00134279 0.010231 0.000376095 -0.00188394 0.00079131 0.00512517 0.0093127 -0.00869825 0.000389093 -0.0006129 -0.00286754 -0.000500728 -0.000938072 -0.0153148 -0.00144493 -0.0108434 0.00229078 0.00426826
internal_weight=415191 8133 407058 221137 185921 1012 596 184909 216471 215617 50134 165483 15289 2104 521 23966 150194 4666 1803 854 26168 183443 8544 174899 104417 466 294 370 6029 3806
internal_count=415191 8133 407058 221137 185921 1012 596 184909 216471 215617 50134 165483 15289 2104 521 23966 150194 4666 1803 854 26168 183443 8544 174899 104417 466 294 370 6029 3806
is_linear=0
shrinkage=0.03


end of trees

feature_importances:
RESI5=16
KLEN=13
BETA10=13
RESI30=11
STD30=10
RSQR30=9
ROC60=8
RESI10=8
ROC10=7
ROC30=7
STD10=7
BETA20=7
MIN10=7
STD20=6
BETA60=6
RSQR20=6
IMXD30=6
KSFT=5
HIGH0=5
LOW0=5
ROC20=5
MA5=5
RSQR60=5
RESI60=5
MAX30=5
QTLU5=5
QTLU60=5
QTLD5=5
QTLD30=5
QTLD60=5
RSQR10=4
MIN30=4
QTLU10=4
QTLD20=4
IMIN30=4
SUMP30=4
SUMP60=4
KLOW2=3
BETA30=3
MAX20=3
MIN20=3
IMXD5=3
IMXD20=3
SUMN60=3
SUMD60=3
WVMA5=3
KMID=2
KUP2=2
KLOW=2
VWAP0=2
ROC5=2
MA20=2
STD60=2
BETA5=2
RSQR5=2
RESI20=2
QTLU30=2
RSV5=2
RSV30=2
IMAX60=2
IMIN5=2
IMIN10=2
IMIN60=2
SUMP10=2
SUMP20=2
KMID2=1
KUP=1
MA10=1
MA60=1
STD5=1
MAX5=1
MAX60=1
MIN60=1
RANK5=1
RANK60=1
RSV20=1
RSV60=1
IMAX20=1
IMAX30=1
IMXD10=1
CORR20=1
CNTN5=1
CNTD5=1
CNTD30=1
SUMN5=1
SUMN10=1
SUMN30=1
SUMD10=1
VMA60=1
VSTD10=1

parameters:
[boosting: gbdt]
[objective: regression]
[metric: l2]
[tree_learner: serial]
[device_type: cpu]
[data_sample_strategy: bagging]
[data: ]
[valid: ]
[num_iterations: 500]
[learning_rate: 0.03]
[num_leaves: 31]
[num_threads: 12]
[seed: 20260813]
[deterministic: 1]
[force_col_wise: 1]
[force_row_wise: 0]
[histogram_pool_size: -1]
[max_depth: 7]
[min_data_in_leaf: 100]
[min_sum_hessian_in_leaf: 0.001]
[bagging_fraction: 0.8]
[pos_bagging_fraction: 1]
[neg_bagging_fraction: 1]
[bagging_freq: 1]
[bagging_seed: 20260813]
[bagging_by_query: 0]
[feature_fraction: 0.8]
[feature_fraction_bynode: 1]
[feature_fraction_seed: 20260813]
[extra_trees: 0]
[extra_seed: 13549]
[early_stopping_round: 0]
[early_stopping_min_delta: 0]
[first_metric_only: 0]
[max_delta_step: 0]
[lambda_l1: 10]
[lambda_l2: 20]
[linear_lambda: 0]
[min_gain_to_split: 0]
[drop_rate: 0.1]
[max_drop: 50]
[skip_drop: 0.5]
[xgboost_dart_mode: 0]
[uniform_drop: 0]
[drop_seed: 11866]
[top_rate: 0.2]
[other_rate: 0.1]
[min_data_per_group: 100]
[max_cat_threshold: 32]
[cat_l2: 10]
[cat_smooth: 10]
[max_cat_to_onehot: 4]
[top_k: 20]
[monotone_constraints: ]
[monotone_constraints_method: basic]
[monotone_penalty: 0]
[feature_contri: ]
[forcedsplits_filename: ]
[refit_decay_rate: 0.9]
[cegb_tradeoff: 1]
[cegb_penalty_split: 0]
[cegb_penalty_feature_lazy: ]
[cegb_penalty_feature_coupled: ]
[path_smooth: 0]
[interaction_constraints: ]
[verbosity: 1]
[saved_feature_importance_type: 0]
[use_quantized_grad: 0]
[num_grad_quant_bins: 4]
[quant_train_renew_leaf: 0]
[stochastic_rounding: 1]
[linear_tree: 0]
[max_bin: 255]
[max_bin_by_feature: ]
[min_data_in_bin: 3]
[bin_construct_sample_cnt: 200000]
[data_random_seed: 20260812]
[is_enable_sparse: 1]
[enable_bundle: 1]
[use_missing: 1]
[zero_as_missing: 0]
[feature_pre_filter: 1]
[pre_partition: 0]
[two_round: 0]
[header: 0]
[label_column: ]
[weight_column: ]
[group_column: ]
[ignore_column: ]
[categorical_feature: ]
[forcedbins_filename: ]
[precise_float_parser: 0]
[parser_config_file: ]
[objective_seed: 16743]
[num_class: 1]
[is_unbalance: 0]
[scale_pos_weight: 1]
[sigmoid: 1]
[boost_from_average: 1]
[reg_sqrt: 0]
[alpha: 0.9]
[fair_c: 1]
[poisson_max_delta_step: 0.7]
[tweedie_variance_power: 1.5]
[lambdarank_truncation_level: 30]
[lambdarank_norm: 1]
[label_gain: ]
[lambdarank_position_bias_regularization: 0]
[eval_at: ]
[multi_error_top_k: 1]
[auc_mu_weights: ]
[num_machines: 1]
[local_listen_port: 12400]
[time_out: 120]
[machine_list_filename: ]
[machines: ]
[gpu_platform_id: -1]
[gpu_device_id: -1]
[gpu_device_id_list: ]
[gpu_use_dp: 0]
[num_gpu: 1]

end of parameters

pandas_categorical:null
