tree
version=v4
num_class=1
num_tree_per_iteration=1
label_index=0
max_feature_idx=359
objective=regression
feature_names=CLOSE59 CLOSE58 CLOSE57 CLOSE56 CLOSE55 CLOSE54 CLOSE53 CLOSE52 CLOSE51 CLOSE50 CLOSE49 CLOSE48 CLOSE47 CLOSE46 CLOSE45 CLOSE44 CLOSE43 CLOSE42 CLOSE41 CLOSE40 CLOSE39 CLOSE38 CLOSE37 CLOSE36 CLOSE35 CLOSE34 CLOSE33 CLOSE32 CLOSE31 CLOSE30 CLOSE29 CLOSE28 CLOSE27 CLOSE26 CLOSE25 CLOSE24 CLOSE23 CLOSE22 CLOSE21 CLOSE20 CLOSE19 CLOSE18 CLOSE17 CLOSE16 CLOSE15 CLOSE14 CLOSE13 CLOSE12 CLOSE11 CLOSE10 CLOSE9 CLOSE8 CLOSE7 CLOSE6 CLOSE5 CLOSE4 CLOSE3 CLOSE2 CLOSE1 CLOSE0 OPEN59 OPEN58 OPEN57 OPEN56 OPEN55 OPEN54 OPEN53 OPEN52 OPEN51 OPEN50 OPEN49 OPEN48 OPEN47 OPEN46 OPEN45 OPEN44 OPEN43 OPEN42 OPEN41 OPEN40 OPEN39 OPEN38 OPEN37 OPEN36 OPEN35 OPEN34 OPEN33 OPEN32 OPEN31 OPEN30 OPEN29 OPEN28 OPEN27 OPEN26 OPEN25 OPEN24 OPEN23 OPEN22 OPEN21 OPEN20 OPEN19 OPEN18 OPEN17 OPEN16 OPEN15 OPEN14 OPEN13 OPEN12 OPEN11 OPEN10 OPEN9 OPEN8 OPEN7 OPEN6 OPEN5 OPEN4 OPEN3 OPEN2 OPEN1 OPEN0 HIGH59 HIGH58 HIGH57 HIGH56 HIGH55 HIGH54 HIGH53 HIGH52 HIGH51 HIGH50 HIGH49 HIGH48 HIGH47 HIGH46 HIGH45 HIGH44 HIGH43 HIGH42 HIGH41 HIGH40 HIGH39 HIGH38 HIGH37 HIGH36 HIGH35 HIGH34 HIGH33 HIGH32 HIGH31 HIGH30 HIGH29 HIGH28 HIGH27 HIGH26 HIGH25 HIGH24 HIGH23 HIGH22 HIGH21 HIGH20 HIGH19 HIGH18 HIGH17 HIGH16 HIGH15 HIGH14 HIGH13 HIGH12 HIGH11 HIGH10 HIGH9 HIGH8 HIGH7 HIGH6 HIGH5 HIGH4 HIGH3 HIGH2 HIGH1 HIGH0 LOW59 LOW58 LOW57 LOW56 LOW55 LOW54 LOW53 LOW52 LOW51 LOW50 LOW49 LOW48 LOW47 LOW46 LOW45 LOW44 LOW43 LOW42 LOW41 LOW40 LOW39 LOW38 LOW37 LOW36 LOW35 LOW34 LOW33 LOW32 LOW31 LOW30 LOW29 LOW28 LOW27 LOW26 LOW25 LOW24 LOW23 LOW22 LOW21 LOW20 LOW19 LOW18 LOW17 LOW16 LOW15 LOW14 LOW13 LOW12 LOW11 LOW10 LOW9 LOW8 LOW7 LOW6 LOW5 LOW4 LOW3 LOW2 LOW1 LOW0 VWAP59 VWAP58 VWAP57 VWAP56 VWAP55 VWAP54 VWAP53 VWAP52 VWAP51 VWAP50 VWAP49 VWAP48 VWAP47 VWAP46 VWAP45 VWAP44 VWAP43 VWAP42 VWAP41 VWAP40 VWAP39 VWAP38 VWAP37 VWAP36 VWAP35 VWAP34 VWAP33 VWAP32 VWAP31 VWAP30 VWAP29 VWAP28 VWAP27 VWAP26 VWAP25 VWAP24 VWAP23 VWAP22 VWAP21 VWAP20 VWAP19 VWAP18 VWAP17 VWAP16 VWAP15 VWAP14 VWAP13 VWAP12 VWAP11 VWAP10 VWAP9 VWAP8 VWAP7 VWAP6 VWAP5 VWAP4 VWAP3 VWAP2 VWAP1 VWAP0 VOLUME59 VOLUME58 VOLUME57 VOLUME56 VOLUME55 VOLUME54 VOLUME53 VOLUME52 VOLUME51 VOLUME50 VOLUME49 VOLUME48 VOLUME47 VOLUME46 VOLUME45 VOLUME44 VOLUME43 VOLUME42 VOLUME41 VOLUME40 VOLUME39 VOLUME38 VOLUME37 VOLUME36 VOLUME35 VOLUME34 VOLUME33 VOLUME32 VOLUME31 VOLUME30 VOLUME29 VOLUME28 VOLUME27 VOLUME26 VOLUME25 VOLUME24 VOLUME23 VOLUME22 VOLUME21 VOLUME20 VOLUME19 VOLUME18 VOLUME17 VOLUME16 VOLUME15 VOLUME14 VOLUME13 VOLUME12 VOLUME11 VOLUME10 VOLUME9 VOLUME8 VOLUME7 VOLUME6 VOLUME5 VOLUME4 VOLUME3 VOLUME2 VOLUME1 VOLUME0
feature_infos=[-4.4904155731201172:12.207799911499023] [-4.5232486724853516:12.317498207092285] [-4.5596213340759277:12.828096389770508] [-4.6336784362792969:11.230463981628418] [-4.6511387825012207:9.5628328323364258] [-4.7200074195861816:11.414474487304688] [-4.6992378234863281:9.6098718643188477] [-4.8582911491394043:9.3752841949462891] [-4.9000072479248047:9.9280281066894531] [-4.896306037902832:11.904008865356445] [-4.9988784790039062:14.104987144470215] [-5.0850915908813477:14.119842529296875] [-5.0747823715209961:13.772034645080566] [-5.1256499290466309:16.204652786254883] [-5.2347016334533691:13.829370498657227] [-5.2960891723632812:11.665279388427734] [-5.2903070449829102:9.6957082748413086] [-5.2237458229064941:11.266861915588379] [-5.377655029296875:10.175777435302734] [-5.3856625556945801:8.7040243148803711] [-5.4613652229309082:7.8706173896789551] [-5.4363861083984375:8.6125421524047852] [-5.5281996726989746:10.193233489990234] [-5.6301445960998535:12.366391181945801] [-5.6593670845031738:12.926149368286133] [-5.7637081146240234:15.240093231201172] [-5.8010082244873047:12.846419334411621] [-5.9480853080749512:13.291098594665527] [-6.008112907409668:15.886442184448242] [-5.9089851379394531:18.826955795288086] [-5.9339718818664551:22.135293960571289] [-6.0201334953308105:19.116195678710938] [-5.7380666732788086:16.326665878295898] [-5.8209037780761719:19.41926383972168] [-5.7307333946228027:16.624153137207031] [-5.9011273384094238:17.179410934448242] [-6.0772461891174316:14.563096046447754] [-6.1608285903930664:13.83275032043457] [-6.3581118583679199:12.99347972869873] [-6.4696846008300781:13.138708114624023] [-6.7489876747131348:12.596780776977539] [-6.9109148979187012:12.885946273803711] [-6.8769254684448242:13.091307640075684] [-6.9186525344848633:13.254171371459961] [-7.1225705146789551:13.551502227783203] [-7.2040390968322754:13.064685821533203] [-7.4665942192077637:13.749843597412109] [-7.6629085540771484:13.28919792175293] [-8.0684852600097656:12.57823371887207] [-8.5505504608154297:12.936747550964355] [-9.04193115234375:13.933615684509277] [-9.5043439865112305:13.491730690002441] [-10.170346260070801:13.854236602783203] [-10.937721252441406:12.984281539916992] [-11.082827568054199:18.256818771362305] [-12.073580741882324:15.396571159362793] [-13.290007591247559:13.083724975585938] [-12.767669677734375:11.748091697692871] [-9.9642553329467773:14.820465087890625] [0:1] [-4.5060877799987793:10.705911636352539] [-4.4776420593261719:10.959723472595215] [-4.515477180480957:11.38120174407959] [-4.5564994812011719:10.736789703369141] [-4.625274658203125:9.7896089553833008] [-4.6482138633728027:10.053220748901367] [-4.7114391326904297:9.4435482025146484] [-4.7027239799499512:9.4323110580444336] [-4.8496193885803223:9.4201259613037109] [-4.9042034149169922:9.3488006591796875] [-4.9245200157165527:12.511114120483398] [-4.9960603713989258:12.523300170898438] [-5.0765318870544434:12.193946838378906] [-5.0853605270385742:14.438279151916504] [-5.155064582824707:13.691545486450195] [-5.2324051856994629:11.543551445007324] [-5.3199162483215332:9.5886726379394531] [-5.2885246276855469:8.125065803527832] [-5.2236328125:9.9871940612792969] [-5.3762741088867188:8.426274299621582] [-5.425600528717041:8.7311592102050781] [-5.4177160263061523:7.4519734382629395] [-5.3963432312011719:8.3741331100463867] [-5.5605716705322266:10.789878845214844] [-5.6501178741455078:11.296235084533691] [-5.6563630104064941:13.41217041015625] [-5.7210769653320312:12.685262680053711] [-5.7975735664367676:11.593866348266602] [-5.9451594352722168:13.167995452880859] [-5.9782185554504395:15.059138298034668] [-5.9085993766784668:19.713329315185547] [-5.9347414970397949:18.833087921142578] [-5.9563493728637695:16.093364715576172] [-5.7373237609863281:17.154552459716797] [-5.7753462791442871:16.340280532836914] [-5.7046017646789551:15.01935863494873] [-5.9531879425048828:14.277485847473145] [-6.1118583679199219:12.828607559204102] [-6.1671147346496582:12.212607383728027] [-6.3014988899230957:12.68026065826416] [-6.4790725708007812:12.905065536499023] [-6.7568697929382324:12.641118049621582] [-6.8751320838928223:12.868398666381836] [-6.8767905235290527:13.12968635559082] [-6.9294295310974121:13.376042366027832] [-7.0387058258056641:13.59478759765625] [-7.2207942008972168:13.078981399536133] [-7.5001106262207031:13.548933029174805] [-7.6675534248352051:13.344855308532715] [-8.1018466949462891:12.726864814758301] [-8.5933170318603516:13.178141593933105] [-8.9368419647216797:14.152790069580078] [-9.4647960662841797:12.235870361328125] [-10.281223297119141:10.901738166809082] [-10.901007652282715:11.066193580627441] [-11.103601455688477:13.903392791748047] [-12.210824012756348:11.473542213439941] [-13.163003921508789:12.69507884979248] [-12.045253753662109:13.387150764465332] [-11.330784797668457:13.05804443359375] [-4.4694552421569824:12.364547729492188] [-4.5065441131591797:12.475584030151367] [-4.5342764854431152:12.552258491516113] [-4.614220142364502:11.467157363891602] [-4.6605353355407715:9.7191200256347656] [-4.7014274597167969:11.157842636108398] [-4.6744346618652344:9.7485008239746094] [-4.7516059875488281:9.3603830337524414] [-4.8161330223083496:9.6873931884765625] [-4.879483699798584:11.628432273864746] [-4.950554370880127:13.794612884521484] [-5.0396823883056641:13.809728622436523] [-5.0407071113586426:13.465097427368164] [-5.1080689430236816:15.858750343322754] [-5.1834869384765625:13.516513824462891] [-5.2806301116943359:11.381366729736328] [-5.2730488777160645:9.4378576278686523] [-5.1841301918029785:11.404111862182617] [-5.260861873626709:10.971304893493652] [-5.3813142776489258:10.426162719726562] [-5.4248251914978027:8.6595821380615234] [-5.4215583801269531:8.6486663818359375] [-5.4711065292358398:9.9189023971557617] [-5.5930747985839844:12.057721138000488] [-5.6625690460205078:12.601513862609863] [-5.7410435676574707:14.864160537719727] [-5.7670345306396484:12.517831802368164] [-5.8784995079040527:12.960195541381836] [-6.0144743919372559:15.515985488891602] [-5.9076542854309082:18.397211074829102] [-5.9397273063659668:21.642131805419922] [-5.9762492179870605:18.663383483886719] [-5.7502484321594238:15.929986953735352] [-5.8212075233459473:18.964868545532227] [-5.6945705413818359:16.203899383544922] [-5.7385001182556152:16.747577667236328] [-6.0227470397949219:15.105884552001953] [-6.1280398368835449:13.969944953918457] [-6.3203849792480469:13.583281517028809] [-6.4115762710571289:13.272178649902344] [-6.6393833160400391:12.917142868041992] [-6.9075002670288086:12.775017738342285] [-6.8597655296325684:12.863348960876465] [-6.9257116317749023:13.397958755493164] [-7.0508217811584473:13.689351081848145] [-7.1778035163879395:13.560194969177246] [-7.4344058036804199:13.299524307250977] [-7.6260838508605957:13.969143867492676] [-7.8991255760192871:13.379057884216309] [-8.4126701354980469:13.358641624450684] [-8.9342136383056641:13.383628845214844] [-9.3077974319458008:14.836186408996582] [-9.9708642959594727:13.20805549621582] [-10.729340553283691:12.717198371887207] [-10.871740341186523:17.252283096313477] [-11.412809371948242:14.353494644165039] [-12.802080154418945:12.82408332824707] [-12.016819953918457:17.571023941040039] [-8.8328723907470703:16.732889175415039] [-0.9664994478225708:18.150262832641602] [-4.509951114654541:10.970551490783691] [-4.4893026351928711:10.572331428527832] [-4.5212345123291016:11.663507461547852] [-4.6033682823181152:11.011089324951172] [-4.6560182571411133:9.5434284210205078] [-4.6723294258117676:10.316717147827148] [-4.7199673652648926:9.7006664276123047] [-4.8146672248840332:9.3147363662719727] [-4.8514189720153809:9.1351890563964844] [-4.8982100486755371:9.6126041412353516] [-4.9627609252929688:12.835577011108398] [-5.0531826019287109:12.846935272216797] [-5.0791473388671875:12.513778686523438] [-5.0944623947143555:14.802810668945312] [-5.1988992691040039:14.052196502685547] [-5.2982311248779297:11.868125915527344] [-5.3243680000305176:9.8822784423828125] [-5.2925944328308105:8.0626363754272461] [-5.3336315155029297:9.5021562576293945] [-5.3936553001403809:8.678898811340332] [-5.4276752471923828:7.3090300559997559] [-5.4547786712646484:7.4885468482971191] [-5.4678592681884766:8.3379850387573242] [-5.6112656593322754:11.115287780761719] [-5.7098345756530762:11.634455680847168] [-5.7502040863037109:13.802389144897461] [-5.7573409080505371:13.060978889465332] [-5.8767204284667969:11.949478149414062] [-6.0333976745605469:13.344522476196289] [-6.0230088233947754:15.493541717529297] [-5.9386749267578125:20.259696960449219] [-5.9732193946838379:19.366657257080078] [-6.0415310859680176:16.565855026245117] [-5.8352794647216797:17.650793075561523] [-5.842282772064209:16.832828521728516] [-5.8002214431762695:15.490848541259766] [-6.0294156074523926:14.7484130859375] [-6.2035160064697266:12.3193359375] [-6.2449593544006348:11.640876770019531] [-6.3707242012023926:12.700116157531738] [-6.6030707359313965:12.507758140563965] [-6.8974943161010742:12.737316131591797] [-6.9426660537719727:12.919164657592773] [-6.8843932151794434:13.194018363952637] [-6.9864888191223145:13.271907806396484] [-7.1765751838684082:12.282461166381836] [-7.3374285697937012:12.516636848449707] [-7.5778088569641113:13.330254554748535] [-7.8059706687927246:11.930482864379883] [-8.3610620498657227:11.968048095703125] [-8.7595834732055664:12.861322402954102] [-9.2837324142456055:13.049732208251953] [-9.9335489273071289:10.72990894317627] [-10.472552299499512:10.996842384338379] [-11.284056663513184:10.400058746337891] [-11.82917594909668:15.071050643920898] [-13.020894050598145:12.20367431640625] [-14.091683387756348:9.2834072113037109] [-17.09532356262207:9.2433996200561523] [-18.621809005737305:0.97749477624893188] [-4.4851565361022949:11.250247001647949] [-4.4998044967651367:11.140832901000977] [-4.5257129669189453:12.130561828613281] [-4.6108927726745605:10.811211585998535] [-4.6575088500976562:9.3570899963378906] [-4.695035457611084:10.758352279663086] [-4.7102055549621582:9.5577478408813477] [-4.7844686508178711:9.3146648406982422] [-4.8468632698059082:9.1570854187011719] [-4.8921751976013184:10.64986515045166] [-4.9702982902526855:13.342713356018066] [-5.0465164184570312:13.356831550598145] [-5.0750961303710938:13.01786994934082] [-5.108086109161377:15.364109039306641] [-5.2056975364685059:13.80452823638916] [-5.2899789810180664:11.642142295837402] [-5.3154764175415039:9.6744718551635742] [-5.2443265914916992:9.6650094985961914] [-5.3128485679626465:10.191084861755371] [-5.3990697860717773:9.0887775421142578] [-5.4501681327819824:8.1712169647216797] [-5.4283246994018555:8.075596809387207] [-5.4640283584594727:8.9648656845092773] [-5.6155581474304199:11.617894172668457] [-5.6817092895507812:12.15272331237793] [-5.7364325523376465:14.375732421875] [-5.7794094085693359:12.817586898803711] [-5.8947405815124512:12.484643936157227] [-6.0207681655883789:14.530891418457031] [-5.9752917289733887:17.006471633911133] [-5.9518251419067383:21.013839721679688] [-5.9984264373779297:19.063619613647461] [-5.8605942726135254:16.288663864135742] [-5.8234906196594238:18.369888305664062] [-5.769096851348877:16.566127777099609] [-5.8080649375915527:16.17707633972168] [-6.0472779273986816:14.500238418579102] [-6.1795253753662109:12.158082008361816] [-6.3032870292663574:12.574977874755859] [-6.4212551116943359:13.015398979187012] [-6.6533603668212891:12.803818702697754] [-6.9075193405151367:12.833154678344727] [-6.9041876792907715:12.909438133239746] [-6.9317159652709961:13.225727081298828] [-7.0699520111083984:13.564881324768066] [-7.1657681465148926:13.076746940612793] [-7.4217629432678223:12.957056045532227] [-7.6558694839477539:13.652429580688477] [-7.9180240631103516:12.703413963317871] [-8.4232568740844727:12.459072113037109] [-8.9301271438598633:13.267132759094238] [-9.3723907470703125:14.0672607421875] [-10.001141548156738:11.75190258026123] [-10.776379585266113:10.828951835632324] [-11.225838661193848:13.92197322845459] [-11.705896377563477:15.008130073547363] [-13.201790809631348:12.156516075134277] [-13.247754096984863:12.385733604431152] [-12.01241397857666:11.325177192687988] [-11.108595848083496:12.819646835327148] [-0.023151803761720657:320.79556274414062] [-0.023552883416414261:342.58062744140625] [-0.024514675140380859:319.25338745117188] [-0.025893921032547951:317.08056640625] [-0.025641471147537231:420.46987915039062] [-0.036820705980062485:140.58912658691406] [-0.019704068079590797:399.36898803710938] [-0.027579342946410179:149.06684875488281] [-0.032341785728931427:134.7333984375] [-0.029248002916574478:155.65849304199219] [-0.026169661432504654:319.512939453125] [-0.024268930777907372:351.22409057617188] [-0.02471037395298481:370.87823486328125] [-0.022950077429413795:385.64321899414062] [-0.022395225241780281:386.80337524414062] [-0.023825481534004211:379.16131591796875] [-0.015462658368051052:198.29983520507812] [-0.023323949426412582:336.31124877929688] [-0.015774592757225037:234.04183959960938] [-0.018414083868265152:277.28448486328125] [-0.025623979046940804:413.89871215820312] [-0.026942715048789978:458.59365844726562] [-0.022823723033070564:376.15072631835938] [-0.03072655200958252:352.529052734375] [-0.026520777493715286:444.79776000976562] [-0.02059701643884182:385.6285400390625] [-0.026999535039067268:455.86917114257812] [-0.022171834483742714:371.3687744140625] [-0.016349649056792259:462.75802612304688] [-0.024673076346516609:413.50241088867188] [-0.018979929387569427:379.58163452148438] [-0.014445589855313301:267.478759765625] [-0.035802990198135376:390.68917846679688] [-0.019427074119448662:289.63323974609375] [-0.022304005920886993:333.93392944335938] [-0.02372928149998188:377.6591796875] [-0.0097173424437642097:128.033935546875] [-0.022759448736906052:340.16921997070312] [-0.010578913614153862:124.95587921142578] [-0.020813301205635071:412.00271606445312] [-0.013653680682182312:173.86936950683594] [-0.011283853091299534:157.67851257324219] [-0.01480985339730978:225.16484069824219] [-0.017652995884418488:297.6595458984375] [-0.0095784598961472511:167.72279357910156] [-0.011939272284507751:135.77664184570312] [-0.017059490084648132:362.34173583984375] [-0.016829557716846466:191.77696228027344] [-0.012630914337933064:248.39170837402344] [-0.013145782984793186:433.60562133789062] [-0.018381858244538307:197.36744689941406] [-0.0091012157499790192:187.41542053222656] [-0.019375069066882133:449.85595703125] [-0.033517889678478241:157.14990234375] [-0.011998369358479977:467.15005493164062] [-0.010289213620126247:490.4542236328125] [-0.019199203699827194:267.81991577148438] [-0.018684670329093933:22.048089981079102] [-0.047170400619506836:67.832717895507812] [0:1]
tree_sizes=3040 3092 3062 3033 3029 3077 3059 3040 3104 3006 3034 3011 3057 3094 3108 3039 3052 3061 3099 3063 3048 3076 3084 3094 3088

Tree=0
num_leaves=31
num_cat=0
split_feature=270 161 281 238 95 19 100 37 160 182 62 292 213 13 31 22 233 299 180 112 234 234 116 232 228 206 218 47 234 355
split_gain=228.687 144.953 124.5 180.46 126.523 129.669 168.629 118.759 164.842 115.052 91.9208 91.0584 76.4928 73.7959 109.456 73.6884 73.5185 72.5608 68.1691 157.393 64.7313 62.96 101.365 61.4772 80.4809 57.1875 52.2019 47.7751 46.2627 44.2904
threshold=2.312810063362122 0.10568649321794511 -3.7607477903366084 -3.5536727905273433 -3.545555472373962 -3.3709789514541622 -1.7203125953674314 -2.2729496955871578 -2.5457794666290279 -2.7931122779846187 -2.163184285163879 2.1828653812408452 -2.5750132799148555 -0.91975334286689747 -0.033045995980501168 -0.18019270151853559 -2.4787516593933101 -1.6850434541702268 -2.7652916908264156 -0.020709125325083729 -2.4474737644195552 -1.277579605579376 -2.4762632846832271 1.8729179501533511 1.6563505530357363 -2.0503311157226558 1.7004727125167849 -1.1198684573173521 -0.48051474988460535 -0.0091520715504884703
decision_type=2 2 2 2 2 2 2 2 2 2 2 2 2 2 2 2 2 2 2 2 2 2 2 2 2 2 2 2 2 2
left_child=1 2 3 -1 10 6 -6 8 -7 -9 20 12 -3 14 -13 -15 -14 -8 19 -18 -4 22 29 24 -2 -20 -25 -23 -26 -5
right_child=23 11 4 21 5 7 17 9 -10 -11 -12 13 16 15 -16 -17 18 -19 25 -21 -22 27 -24 26 28 -27 -28 -29 -30 -31
leaf_value=-0.023132550950086768 0.0070812450122586489 0.011821168314567936 2.4775454454345236e-09 -0.0072503275075632466 -0.019316394910621395 2.4775454454345236e-09 0.024462552683700754 -0.0071378814596838079 0.0077251821283226066 0.00032903608549292052 -0.0039336650316685205 2.4775454454345236e-09 0.0094204875638836082 -0.010103100098351272 0.03082817641069124 0.0030823456361991721 -0.0037128794152544759 -0.0024262239327471 -0.010912685889366652 0.027757974664180701 0.027997420816613345 0.018327905566063969 -0.013157696551263814 -0.0014076225909838154 0.010065455632809816 -0.0010243957650400927 0.012354185236881617 -0.0038077374301528173 -0.0070766110312033611 0.013273483237453636
leaf_weight=470 1771 398 111 108 650 5314 103 1848 4649 252176 150 234 584 390 187 4402 307 274 515 222 310 196 577 239 144 151511 1776 106 736 255
leaf_count=470 1771 398 111 108 650 5314 103 1848 4649 252176 150 234 584 390 187 4402 307 274 515 222 310 196 577 239 144 151511 1776 106 736 255
internal_value=-1.61268e-05 -8.93128e-05 0.000336339 -0.00767256 0.000389669 0.000357559 -0.0101685 0.000400413 0.00361252 0.000272976 0.0142682 -0.000807849 -0.000941875 0.00307074 0.0149237 0.00190936 -0.000978543 0.00502666 -0.00102155 0.00947781 0.0213179 -0.00131056 -0.00534685 0.00657424 0.00336328 -0.0010613 0.0105767 0.00987283 -0.00377687 0.00632419
internal_weight=430713 426047 267297 1712 265585 265014 1027 263987 9963 254024 571 158750 153537 5213 421 4792 153139 377 152555 529 421 1242 940 4666 2651 152026 2015 302 880 363
internal_count=430713 426047 267297 1712 265585 265014 1027 263987 9963 254024 571 158750 153537 5213 421 4792 153139 377 152555 529 421 1242 940 4666 2651 152026 2015 302 880 363
is_linear=0
shrinkage=1


Tree=1
num_leaves=31
num_cat=0
split_feature=270 102 281 118 113 278 57 78 124 58 18 95 139 58 157 112 235 113 232 53 289 228 28 329 314 216 170 150 63 140
split_gain=233.89 160.343 139.327 176.45 114.263 108.746 104.397 102.03 102.007 86.2435 112.951 85.6196 168.528 140.603 93.4614 82.8517 82.7055 73.3044 57.4047 92.7561 56.742 56.7296 122.554 55.1009 53.7328 52.4349 52.4211 50.4573 57.8017 96.9438
threshold=2.312810063362122 0.032883182168006904 -3.7607477903366084 -2.3211892843246456 1.7200374007225039 -2.4635801315307613 2.0929023027420048 1.0000000180025095e-35 -2.0613170862197872 -0.95276835560798634 -0.024830100126564499 -3.545555472373962 -3.3427258729934688 -1.0134776830673216 -2.0809938907623287 -0.34962542355060572 -1.4799959063529966 -0.18685030192136762 1.8729179501533511 0.016775059513747696 1.2510465979576113 -1.441163122653961 -1.8913508653640745 0.0083975796587765234 -0.0023358843754976984 1.5695338249206545 -1.9510651230812071 -0.57732990384101857 -0.32028096914291376 0.35882475972175604
decision_type=2 2 2 2 2 2 2 2 2 2 2 2 2 2 2 2 2 2 2 2 2 2 2 2 2 2 2 2 2 2
left_child=1 2 3 -1 5 -3 11 21 -6 10 -7 15 13 -13 -14 -4 17 -11 19 23 -21 26 -23 -2 -18 -20 -8 -10 29 -29
right_child=18 4 6 -5 8 9 7 -9 27 16 -12 12 14 -15 -16 -17 24 -19 25 20 -22 22 -24 -25 -26 -27 -28 28 -30 -31
leaf_value=-0.021249205553090622 0.015062008158389158 0.01539370876705423 0.017990040127146938 -0.00064835003270259639 0.022207289418064071 -0.0076119297501554793 0.0061512737659180508 -0.011978716469376911 -0.008864057062806463 0.0076504455736773995 -0.0015869143742595656 0.0028947618247553192 0.0029529550922883742 -0.019746348410824288 0.00027110026009098659 -0.0089469235794755013 -0.0011796915186903451 -0.0028275662032429478 -0.0043161570551342133 0.0058653219704068267 -0.0047880401123307761 0.022271701603971253 0.0054788532447259926 -0.002101753471705776 0.00026773731037079524 0.011916850973796075 -0.0083136299789204442 0.0019447792262925663 0.00093993206838953458 0.015918203170299964
leaf_weight=581 711 342 434 1080 207 3893 587 243 360 1878 10599 347 12335 661 231688 103 118831 816 159 743 1067 530 1724 175 28242 1875 334 1481 8129 666
leaf_count=581 711 342 434 1080 207 3893 587 243 360 1878 10599 347 12335 661 231688 103 118831 816 159 743 1067 530 1724 175 28242 1875 334 1481 8129 666
internal_value=-1.28894e-05 -8.73815e-05 0.000398708 -0.00819986 -0.000783507 -0.000981335 0.000457928 0.00565589 0.00218827 -0.00101913 -0.00323435 0.000383903 0.000355905 -0.0117557 0.000408124 0.012149 -0.000802366 0.00436872 0.00660652 0.00352398 -0.000234622 0.007166 0.00972056 0.0113692 -0.000899708 0.0104722 0.000521571 0.00172956 0.00214632 0.00652469
internal_weight=430821 426091 250647 1661 175444 164601 248986 3418 10843 164259 14492 245568 245031 1008 244023 537 149767 2694 4730 2696 1810 3175 2254 886 147073 2034 921 10636 10276 2147
internal_count=430821 426091 250647 1661 175444 164601 248986 3418 10843 164259 14492 245568 245031 1008 244023 537 149767 2694 4730 2696 1810 3175 2254 886 147073 2034 921 10636 10276 2147
is_linear=0
shrinkage=0.03


Tree=2
num_leaves=31
num_cat=0
split_feature=174 51 23 239 102 257 222 209 58 297 236 211 50 175 102 56 102 302 206 113 189 178 351 115 199 0 93 118 52 165
split_gain=238.48 191.967 199.854 122.132 114.236 108.633 122.488 97.4044 93.9094 157.342 90.281 128.37 148.174 87.4008 86.2134 78.4646 114.776 105.158 75.8905 75.4692 74.8178 70.5454 68.4258 65.982 65.958 63.1727 63.037 59.8122 59.3924 58.9132
threshold=2.2096824645996098 0.26368845999240881 1.4829511642456057 -5.3706080913543692 0.032883182168006904 -1.5890388488769529 2.6057499647140507 2.5260285139083867 0.85743147134780895 2.7161369323730473 -1.1992776393890379 -1.5764379501342771 0.69830358028411876 1.5457385778427126 0.49878832697868353 -2.4571291208267207 -2.3446453809738155 -0.023525285534560677 -2.2603919506072994 0.10950521379709245 1.4438717365264895 -0.056595435366034501 -0.0087334378622472269 0.22135614603757861 -0.41543012857437128 -0.0089786504395306093 -1.2845029234886167 1.3347538709640505 2.3618056774139409 2.474786758422852
decision_type=2 2 2 2 2 2 2 2 2 2 2 2 2 2 2 2 2 2 2 2 2 2 2 2 2 2 2 2 2 2
left_child=1 2 3 22 15 8 -7 10 -2 -10 18 12 -12 -14 20 17 -17 -5 -3 25 23 24 -1 -4 -6 -16 -20 -23 -8 -13
right_child=5 7 14 4 21 6 28 -9 9 -11 11 29 13 -15 19 16 -18 -19 26 -21 -22 27 -24 -25 -26 -27 -28 -29 -30 -31
leaf_value=-0.025888777852557492 0.003132374870402725 -0.018082920260935373 -0.0096915822312572224 -0.0082455207313432768 -0.0042773363240253999 0.0012905546082299657 -0.0013639360540291818 0.0072279344688889417 0.029283807726474258 0 0.0002218536090135638 -0.0011982560534794611 0.018981048863686286 -0.0025349988598376508 0.026018273461963573 -0.0031626616302819236 0.00067223189447283165 0.0059572285921337034 0.0076393264037225468 0.0007759354183843846 0.0076212937776804256 0.00070179267084777611 -0.0055460532589934712 0.0061870611185989256 -0.0010099393343667193 0.0095727540195194062 -0.0054642221104249074 -0.0050857036758141065 0.012228210334561172 0.0058051912159309401
leaf_weight=189 613 392 704 492 6636 6567 300 1239 488 246 1927 122835 785 180 254 7241 196771 4317 334 848 787 28423 828 309 37336 2308 3111 1676 1618 1057
leaf_count=189 613 392 704 492 6636 6567 300 1239 488 246 1927 122835 785 180 254 7241 196771 4317 334 848 787 28423 828 309 37336 2308 3111 1676 1618 1057
internal_value=1.0628e-05 -9.66452e-05 0.000335208 0.000227045 0.000265731 0.00462509 0.00330326 -0.00104572 0.0125619 0.0197472 -0.00112759 -0.000986995 0.00522139 0.0146931 0.00614859 0.000625547 0.000534353 0.00441391 -0.00566614 0.00894691 0.000642429 -0.00074451 -0.0100422 -0.00453162 -0.00151158 0.0115083 -0.00407046 0.000366404 0.00995529 -0.00113516
internal_weight=430811 420979 289119 283909 282892 9832 8485 131860 1347 734 130621 126784 2892 965 5210 208821 204012 4809 3837 3410 1800 74071 1017 1013 43972 2562 3445 30099 1918 123892
internal_count=430811 420979 289119 283909 282892 9832 8485 131860 1347 734 130621 126784 2892 965 5210 208821 204012 4809 3837 3410 1800 74071 1017 1013 43972 2562 3445 30099 1918 123892
is_linear=0
shrinkage=0.03


Tree=3
num_leaves=31
num_cat=0
split_feature=113 171 17 223 273 297 105 112 211 295 239 73 286 122 273 298 230 230 41 298 117 123 58 340 164 55 173 176 118 98
split_gain=229.829 170.839 180.521 106.912 104.754 130.004 127.184 120.427 101.301 127.547 95.8025 95.1506 93.2039 84.6978 158.634 84.6009 103.38 77.1217 77.0447 71.5384 69.727 129.883 98.6304 68.7319 65.6271 59.2653 54.1694 53.8023 53.2362 57.6757
threshold=1.7200374007225039 0.24110737442970279 1.7190883159637453 2.3280589580535893 -1.8604674935340879 -0.22424389421939847 -0.86846843361854542 2.5103902816772465 -1.4341901540756223 -0.86562967300415028 -5.3706080913543692 -1.3588135242462156 0.016284856013953689 -2.7852392196655269 0.6296239197254182 -0.7203061282634734 0.21094667166471484 1.0774901509284975 0.042511919513344772 0.58626103401184093 -2.1676371097564693 -2.5286471843719478 2.076684951782227 -0.013289556838572024 1.3476131558418276 0.70054820179939281 0.76395428180694591 1.8421739935874941 -1.097089350223541 0.47038555145263677
decision_type=2 2 2 2 2 2 2 2 2 2 2 2 2 2 2 2 2 2 2 2 2 2 2 2 2 2 2 2 2 2
left_child=1 2 10 4 5 -2 -6 -7 9 19 23 12 -8 14 -10 16 -15 26 20 -3 22 -22 -12 -1 27 -14 -11 -20 -4 -30
right_child=3 8 28 -5 6 7 11 -9 13 17 18 -13 25 15 -16 -17 -18 -19 24 -21 21 -23 -24 -25 -26 -27 -28 -29 29 -31
leaf_value=-0.02857899841942407 -0.012777685654444957 -0.0098847644700356448 0 0.0083673883871291932 -0.010973463920593906 0.029119406516654223 -0.0027187228362599855 -0.00037581326378067966 0 0.00061969202123471627 0.0039494668790805614 0.0013953116439974719 0.0012447665990217619 -0.0095764981348591301 0.041340289507526898 -0.0010348122937564733 -0.0023508241935792928 0.016756663312646847 -0.00084244275764244411 0.011234632355526682 -0.0043407730305961905 0.00050835566233353128 -0.02167316658049822 -0.0052476802085602917 0.0051307702673294379 0.020824591733630715 0.008126210383321392 0.010697580042825137 0.00080176334548741574 0.012919819632024153
leaf_weight=125 107 859 563 3245 660 372 300 153 260 2251 6917 10503 228 2194 100 107553 10489 466 71336 143 5068 199570 115 928 1700 585 1496 342 525 1601
leaf_count=125 107 859 563 3245 660 372 300 153 260 2251 6917 10503 228 2194 100 107553 10489 466 71336 143 5068 199570 115 928 1700 585 1496 342 525 1601
internal_value=-2.62257e-05 -0.00016377 0.000237331 0.00348142 0.00221887 0.0139985 0.00156624 0.0202748 -0.00108674 0.00298241 0.000163266 0.00232214 0.0106245 -0.00126566 0.0128054 -0.00131241 -0.0036375 0.00530839 0.000197962 -0.0064163 0.000489151 0.000386385 0.00342762 -0.00877796 -0.000637836 0.0158554 0.00372356 -0.000780228 0.00794754 0.0101025
internal_weight=430754 414601 288790 16153 12908 632 12276 525 125811 5215 286101 11616 1113 120596 360 120236 12683 4213 285048 1002 211670 204638 7032 1053 73378 813 3747 71678 2689 2126
internal_count=430754 414601 288790 16153 12908 632 12276 525 125811 5215 286101 11616 1113 120596 360 120236 12683 4213 285048 1002 211670 204638 7032 1053 73378 813 3747 71678 2689 2126
is_linear=0
shrinkage=0.03


Tree=4
num_leaves=31
num_cat=0
split_feature=272 102 239 225 51 113 124 58 199 7 236 259 299 5 95 40 43 352 169 43 236 48 280 0 103 88 181 126 149 9
split_gain=199.601 162.002 123.781 105.735 93.8815 87.6616 104.356 88.9817 96.6916 86.5003 86.688 83.3921 67.7512 99.9989 155.224 75.2515 66.6461 63.7112 62.843 57.6609 57.2261 51.3879 69.9726 49.9189 46.6126 43.5333 42.6109 60.577 51.3407 38.8197
threshold=2.1410917043685918 0.032883182168006904 -5.3706080913543692 -1.2796138525009153 2.0265836715698247 1.7200374007225039 -2.0613170862197872 -0.95276835560798634 -0.17130707949399945 -1.4176759123802183 0.90914177894592296 -1.5813101530075071 -2.7471493482589717 -2.7223118543624873 -2.4061467647552486 -3.2647377252578731 -2.3096820116043086 -0.01273373421281576 -0.38665212690830225 0.27872313559055334 -2.0730197429656978 1.7100131511688235 1.8300766944885256 -2.7751488685607906 2.2127677202224736 -2.3898277282714839 0.17568644881248477 1.2504112720489504 0.37639714777469641 -2.8652180433273311
decision_type=2 2 2 2 2 2 2 2 2 2 2 2 2 2 2 2 2 2 2 2 2 2 2 2 2 2 2 2 2 2
left_child=1 2 16 18 12 7 -7 8 25 10 -9 -11 15 14 -14 -4 29 24 -3 -15 -10 -19 -23 -17 -2 -5 28 -28 -8 -1
right_child=17 3 4 5 -6 6 26 9 20 11 -12 -13 13 19 -16 23 -18 21 -20 -21 -22 22 -24 -25 -26 -27 27 -29 -30 -31
leaf_value=0 0.0035890081245512858 0.001472433124708064 -0.012318438807661508 0.0082200050260176627 0.0089573076883707331 0.021740335499839815 0 0.00073912104861276401 -0.0099470206347919907 -0.012508799335169317 0.0096610683265073855 -0.00091469005088976941 0.0028648137255039229 0.00049308580102133161 -0.0081904832685340684 0.018302217533805801 0 0.0062735640925065941 0.019815602705107425 -0.0023585720138671671 -0.0012566933736345306 -0.01192917144848369 0.0021262830665433516 0.004718573439121132 0.012927038412471403 -0.0084373631418191708 -0.0034687184654659691 0.0029261759839193289 0.0061559461264205605 -0.018508914687320913
leaf_weight=142 939 408 179 114 1138 213 2180 4577 729 545 1262 142086 1790 234726 2960 284 402 2000 328 6508 10172 369 1711 2290 1347 3273 2884 2419 2637 556
leaf_count=142 939 408 179 114 1138 213 2180 4577 729 545 1262 142086 1790 234726 2960 284 402 2000 328 6508 10172 369 1711 2290 1347 3273 2884 2419 2637 556
internal_value=-2.91926e-05 -0.000109018 0.000377721 -0.000813471 0.000423441 -0.000863871 0.00180266 -0.0010352 -0.00330174 -0.000814649 0.00274505 -0.000962842 0.000382475 0.000328575 -0.00396694 0.00505316 -0.00956215 0.00523424 0.0103519 0.000414721 -0.00188248 0.00285677 -0.000314215 0.00646252 0.00928583 -0.00774369 0.00131138 -0.00049525 0.00335613 -0.0150389
internal_weight=431168 424802 250975 173827 249875 173091 10333 162758 14288 148470 5839 142631 248737 245984 4750 2753 1100 6366 736 241234 10901 4080 2080 2574 2286 3387 10120 5303 4817 698
internal_count=431168 424802 250975 173827 249875 173091 10333 162758 14288 148470 5839 142631 248737 245984 4750 2753 1100 6366 736 241234 10901 4080 2080 2574 2286 3387 10120 5303 4817 698
is_linear=0
shrinkage=0.03


Tree=5
num_leaves=31
num_cat=0
split_feature=93 102 239 113 17 216 349 92 56 225 95 182 95 113 11 44 106 170 167 286 171 88 167 232 48 175 297 180 126 55
split_gain=200.604 157.933 106.565 97.8545 96.252 96.1236 88.8896 83.5167 71.6774 102.803 135.999 96.3496 95.6887 140.471 70.9452 69.0693 67.131 66.6818 63.249 63.0488 76.0839 64.7714 57.8764 57.6651 56.9935 56.0455 54.6898 50.0316 69.839 62.852
threshold=2.1418708562850957 0.032883182168006904 -5.3706080913543692 1.7200374007225039 -1.4586850404739378 -3.2384028434753414 -0.011171441525220869 -0.27526694536209101 -2.4571291208267207 -3.9416347742080684 -2.9767615795135494 -2.7931122779846187 -2.5211201906204219 -2.5403870344161983 -3.2378572225570674 -1.1430066823959348 -1.8883730769157407 -1.6231203675270078 -1.5656784176826475 0.041416872292757041 0.33664497733116155 0.89648193120956432 -2.9228661060333248 2.4184429645538335 1.7806056141853335 -2.2761913537979122 -3.0027314424514766 0.28549587726593023 1.2504112720489504 2.6952356100082402
decision_type=2 2 2 2 2 2 2 2 2 2 2 2 2 2 2 2 2 2 2 2 2 2 2 2 2 2 2 2 2 2
left_child=1 2 6 5 7 -3 -1 -5 9 25 18 12 16 -14 -13 -7 -10 -16 -11 21 -21 -17 -12 24 -2 26 -4 29 -29 -6
right_child=23 3 8 4 27 15 -8 -9 11 10 22 14 13 -15 17 19 -18 -19 -20 20 -22 -23 -24 -25 -26 -27 -28 28 -30 -31
leaf_value=-0.016092546722032447 0.0060711295382745254 0.018079368402309056 -0.0086537429195481397 0.00010853965806036993 0.0015992324550246826 0.011459837520649885 0.00092394193714930158 0.02723186291552954 -0.0030857815688519964 0.0097766977388068638 0.011083489653408718 -0.021920282224149212 -0.029891380627848664 -0.0053105134481273323 0.0023592944356977249 -0.0026633737019802323 0.012206881439005293 0.00032831529369444651 0.033128845808160605 0.00011281742529826499 -0.0013519480583666034 0.0013030065918876056 0.0015325755773107905 0.01021118807431356 -0.00059773788785998539 -0.020434940813717488 0.012223698612681383 -0.0042127622683831769 0.0028401319116106364 0.009824210756504536
leaf_weight=624 2897 217 285 211 3844 377 425 231 615 360 723 107 225 2069 15611 29604 397 225358 197 56645 72048 4115 3004 1643 1776 176 157 2531 2451 1104
leaf_count=624 2897 217 285 211 3844 377 425 231 615 360 723 107 225 2069 15611 29604 397 225358 197 56645 72048 4115 3004 1643 1776 176 157 2531 2451 1104
internal_value=6.50349e-06 -7.20277e-05 0.000409195 -0.000768541 0.00204516 -0.000949645 -0.00902942 0.0154984 0.000450838 0.00404157 0.00573272 0.00037726 -0.00468619 -0.00808861 0.000448325 -0.000979072 0.00274302 0.000461321 0.0194179 -0.0010112 -0.000704975 -0.00216995 0.00351469 0.00530574 0.00348092 -0.00702358 -0.000380513 0.00138624 -0.000685484 0.00352694
internal_weight=430027 423711 250333 173378 10372 163006 1049 442 249284 4902 4284 244382 3306 2294 241076 162789 1012 240969 557 162412 128693 33719 3727 6316 4673 618 442 9930 4982 4948
internal_count=430027 423711 250333 173378 10372 163006 1049 442 249284 4902 4284 244382 3306 2294 241076 162789 1012 240969 557 162412 128693 33719 3727 6316 4673 618 442 9930 4982 4948
is_linear=0
shrinkage=0.03


Tree=6
num_leaves=31
num_cat=0
split_feature=113 51 203 223 153 105 179 115 211 244 153 50 297 239 299 198 102 236 166 12 286 55 56 340 52 113 212 148 221 79
split_gain=178.977 163.073 164.874 119.374 123.853 122.716 108.796 81.8495 135.522 96.9922 118.079 88.3426 81.3957 81.1518 82.1785 78.4445 75.709 81.104 75.7645 71.7445 107.757 64.3408 64.3153 61.69 58.277 57.8848 69.2556 57.6506 68.9849 56.1886
threshold=1.7200374007225039 0.26368845999240881 1.4720253348350527 2.3280589580535893 -1.8301347494125364 -0.86846843361854542 1.7036245465278628 -0.58071812987327565 -1.4691953063011167 -2.7147924900054927 0.83390626311302196 0.91056203842163097 -0.14863672852516172 -5.3706080913543692 -2.7471493482589717 -2.1524360179901119 0.1003740504384041 0.41671024262905126 0.31716407835483557 -1.412642180919647 0.016284856013953689 0.70054820179939281 0.97847551107406627 -0.013289556838572024 2.858598113059998 0.10950521379709245 0.56359580159187328 -3.5186444520950313 -3.309432744979858 2.1398566961288457
decision_type=2 2 2 2 2 2 2 2 2 2 2 2 2 2 2 2 2 2 2 2 2 2 2 2 2 2 2 2 2 2
left_child=1 2 13 4 6 -6 12 15 11 10 -10 -9 -2 23 27 -3 17 -16 -18 20 -7 -22 25 -1 -14 26 -4 -15 -29 -17
right_child=3 7 22 -5 5 19 -8 8 9 -11 -12 -13 24 14 16 29 18 -19 -20 -21 21 -23 -24 -25 -26 -27 -28 28 -30 -31
leaf_value=-0.02796974702865224 -0.00067194200353696935 -0.016088761643425886 -0.0040576511982063036 0.008174926587953631 -0.011425359323484454 -0.0050250720419203259 -0.009819133628174782 0.0021762206113200232 0.0009342616952249202 -0.001099705554674194 0.038849296991713349 0.014034080895788982 0.03364047984478484 0.021598077438829931 0.00017146523339858308 -0.0043234083348878691 -0.0015741288428910434 0.0018930476634077382 0.00052320122536101169 0.00098338453540342181 0.00032173092316259584 0.020498662155749716 0.015060053652175701 -0.0048944430005619854 0.004004640183199874 -0.0023452896181317827 0.0076354250986271858 -0.01423273387997012 0.0053029211779926939 0.0071528215355104738
leaf_weight=112 100 482 485 3292 646 307 104 2368 241 115747 100 766 286 172 186864 4794 40168 28455 24946 10566 232 546 580 913 112 884 3110 148 2431 381
leaf_count=112 100 482 485 3292 646 307 104 2368 241 115747 100 766 286 172 186864 4794 40168 28455 24946 10566 232 546 580 913 112 884 3110 148 2431 381
internal_value=-2.31124e-05 -0.000144838 0.000245465 0.00306833 0.0017312 0.00104254 0.0148302 -0.00105123 -0.000880363 -0.00104906 0.0144204 0.0052402 0.0207374 0.000148628 0.000180446 -0.00458361 0.000128541 0.000400525 -0.000766095 0.00177793 0.00908608 0.0150167 0.00560458 -0.00818997 0.0266091 0.00425197 0.00596121 0.00532414 0.00396551 -0.00339646
internal_weight=430338 414147 289268 16191 12899 12297 602 124879 119222 116088 341 3134 498 284209 283184 5657 280433 215319 65114 11651 1085 778 5059 1025 398 4479 3595 2751 2579 5175
internal_count=430338 414147 289268 16191 12899 12297 602 124879 119222 116088 341 3134 498 284209 283184 5657 280433 215319 65114 11651 1085 778 5059 1025 398 4479 3595 2751 2579 5175
is_linear=0
shrinkage=0.03


Tree=7
num_leaves=31
num_cat=0
split_feature=16 122 55 179 237 100 155 139 102 280 263 163 109 239 109 98 167 190 49 56 106 237 98 292 227 239 204 239 211 66
split_gain=173.199 130.754 181.955 138.771 142.091 118.878 169.934 167.914 122.397 98.2368 134.117 89.77 85.2514 81.6382 81.0541 74.5573 100.679 74.3133 67.2177 63.8847 62.6345 61.8608 61.8554 87.8773 79.194 74.148 57.7518 65.1727 84.411 75.4985
threshold=1.9940345287323 0.35428953170776373 1.3101769089698794 -0.16838248074054715 -0.23303697258234021 -3.2564510107040401 -3.1843408346176143 -3.3427258729934688 0.032883182168006904 2.1970869302749638 -0.80924388766288746 -2.7158044576644893 -2.9399274587631221 -2.2326900959014888 -1.8997704386711118 -2.1143466234207149 -1.2047339081764219 -2.4268360137939449 1.1095542311668398 0.47973918914794927 0.90841448307037365 1.0602694749832156 -0.63775387406349171 0.14856140315532687 -0.15289777517318723 -0.62297561764717091 -3.1974391937255855 -0.80036661028861988 0.49838231503963476 -1.0373835563659666
decision_type=2 2 2 2 2 2 2 2 2 2 2 2 2 2 2 2 2 2 2 2 2 2 2 2 2 2 2 2 2 2
left_child=1 2 5 26 18 14 11 13 -9 10 -6 -7 -3 -8 -1 16 -14 -13 -5 20 -16 -11 -17 24 -24 -25 -4 29 -29 -28
right_child=-2 12 3 4 9 6 7 8 -10 21 -12 17 15 -15 19 22 -18 -19 -20 -21 -22 -23 23 25 -26 -27 27 28 -30 -31
leaf_value=-0.009647846227474376 0.0045430885579936338 0.016092036982613186 0.017830228942233746 0.024732174282330651 0.007321897259866623 -0.0052607212835065423 0.0038042942274431574 0.00054755247674636437 -0.00075253166473061405 -0.001648975422095721 0.00071480966791602008 0.023562589698862806 -0.0047296372957025016 -0.017871260257158156 0.008743140155768896 -0.0038462528826095021 0.023361419755938605 0.0022497011852535332 0.0065515874711915608 -0.013890000478902332 -0.010180061239281118 0.018586726595685995 -0.0012931574078518999 -0.0045733040634301772 0.0014372813675825082 -0.0012349477475031853 -0.011715369186604187 0.0065742230112125436 -0.0074429280338282489 0
leaf_weight=1867 7551 240 107 435 4351 169 167 208068 94769 137 7863 515 169 666 674 6913 240 255 435 193 173 593 17442 7018 21031 44868 1041 1114 555 982
leaf_count=1867 7551 240 107 435 4351 169 167 208068 94769 137 7863 515 169 666 674 6913 240 255 435 193 173 593 17442 7018 21031 44868 1041 1114 555 982
internal_value=4.53449e-05 -3.4437e-05 0.00025428 0.00321843 0.00461961 8.33346e-05 0.000142106 0.000101285 0.000139694 0.00378538 0.0031011 0.0127533 -0.00099599 -0.0131867 -0.00593135 -0.00104433 0.0113754 0.0171198 0.0163305 0.000513601 0.00438638 0.0144464 -0.00110196 -0.000887885 0.000191596 -0.00169386 -0.00179554 -0.00253815 0.00170248 -0.00616598
internal_weight=430601 423050 325129 17613 13814 307516 304609 303670 302837 12944 12214 939 97921 833 2907 97681 409 770 870 1040 847 730 97272 90359 38473 51886 3799 3692 1669 2023
internal_count=430601 423050 325129 17613 13814 307516 304609 303670 302837 12944 12214 939 97921 833 2907 97681 409 770 870 1040 847 730 97272 90359 38473 51886 3799 3692 1669 2023
is_linear=0
shrinkage=0.03


Tree=8
num_leaves=31
num_cat=0
split_feature=292 112 197 276 257 326 236 14 31 222 95 230 236 297 230 232 50 121 230 225 238 23 234 23 246 148 180 177 177 201
split_gain=193.757 113.598 170.479 87.1244 109.537 116.023 80.879 93.1908 90.7616 87.2897 73.7889 76.3315 69.5759 73.2791 77.1797 66.9277 79.6002 65.1168 64.7449 64.5294 63.1408 123.168 87.328 108.875 62.3247 61.9245 61.8962 61.6357 61.2571 60.4396
threshold=2.0552833080291752 0.16045682132244113 1.703039348125458 1.806011497974396 -1.4897199869155882 -0.019818795844912526 -1.1721448898315427 1.4740172624588015 0.72160589694976818 1.3084531426429751 -1.8312322497367857 -0.28473690152168268 0.35860010981559759 0.57182511687278759 1.0552854537963869 0.95643588900566112 1.5040932893753054 -1.5456093549728391 0.47356131672859197 -3.9416347742080684 1.1291165947914126 -0.14209280163049695 -1.1935857534408567 -1.8238804936408994 -2.0659855604171748 0.99525415897369396 -2.7652916908264156 0.62543097138404857 0.92556530237197887 1.960106432437897
decision_type=2 2 2 2 2 2 2 2 2 2 2 2 2 2 2 2 2 2 2 2 2 2 2 2 2 2 2 2 2 2
left_child=1 2 12 4 5 -2 7 -3 10 24 18 -12 13 14 19 -11 -17 -16 27 -1 22 -22 -14 -24 -10 -4 -13 -8 -26 -27
right_child=3 6 25 -5 -6 -7 8 -9 9 15 11 26 20 -15 17 16 -18 -19 -20 -21 21 -23 23 -25 28 29 -28 -29 -30 -31
leaf_value=-0.0074568545740431548 -0.0026578147257836793 -0.0066964164702719787 -0.0021465136599826688 0.0078201108743295045 0.00010609204636838763 0.019158128653016922 -0.0024847046486593562 0.0041681624146427355 0.018315310912420512 -0.0025545489265297963 -0.0042044961749994206 0.012672036991746733 -0.010468033118537591 -0.0028399123065526951 0.028174076388888761 0.0053103504934489329 -0.00090731384627043728 0.0028039500549181021 0.015922012486495076 7.932786678676634e-05 0.00245585528616874 -0.0061799514232285168 0.009667195736219901 0.0015913786757051705 -0.0020373800787804059 0.013740714719036935 -0.00017822658167768139 0.0089449007414178234 -0.0053184075785599532 0.0036794881835475737
leaf_weight=1007 303 3793 447 3680 5122 584 912 823 102 4523 4312 318 489 8058 139 3527 3730 301 410 215448 3126 2755 1574 33521 20889 1334 100534 725 7074 1089
leaf_count=1007 303 3793 447 3680 5122 584 912 823 102 4523 4312 318 489 8058 139 3527 3730 301 410 215448 3126 2755 1574 33521 20889 1334 100534 725 7074 1089
internal_value=-1.84808e-05 -0.000115806 0.000253208 0.00417066 0.0018674 0.0114807 -0.000772901 -0.004685 -0.000647443 -0.00187046 -0.000189847 -0.000302823 0.000173428 -3.34557e-05 6.96779e-05 0.000273565 0.00207962 0.0123473 0.0054159 4.21962e-05 0.00130251 -0.00154605 0.00178232 0.00196742 -0.00278063 0.00750279 -0.000132229 0.00244309 -0.00288133 0.00940871
internal_weight=430649 420960 269288 9689 6009 887 151672 4616 147056 39845 107211 105164 266418 224953 216895 11780 7257 440 2047 216455 41465 5881 35584 35095 28065 2870 100852 1637 27963 2423
internal_count=430649 420960 269288 9689 6009 887 151672 4616 147056 39845 107211 105164 266418 224953 216895 11780 7257 440 2047 216455 41465 5881 35584 35095 28065 2870 100852 1637 27963 2423
is_linear=0
shrinkage=0.03


Tree=9
num_leaves=31
num_cat=0
split_feature=270 102 224 41 234 238 295 113 64 58 199 95 139 236 37 101 62 62 58 357 293 226 146 230 167 56 94 36 234 168
split_gain=154.103 110.915 112.14 83.5672 156.229 81.8521 80.5975 75.3281 80.3127 76.1169 89.3554 70.1658 119.24 185.031 78.4498 159.463 84.4022 77.8967 76.7591 64.8292 64.2475 58.9588 56.2923 53.1982 47.5245 46.7616 44.389 56.5647 43.3712 76.8513
threshold=2.312810063362122 0.032883182168006904 -1.0512062907218931 -3.7686390876770015 -1.3754738569259641 -0.95778477191925038 -3.7613111734390254 1.7200374007225039 -1.238291263580322 -0.95276835560798634 0.049464987590909011 -3.545555472373962 -3.3427258729934688 1.1147851347923281 -2.2729496955871578 -2.4660243988037105 -2.9092856645584102 -2.163184285163879 -1.0134776830673216 -0.013840390834957359 -0.90361031889915455 -1.4660677909851072 -0.027395848184823986 -1.8663750290870664 -0.24861989170312879 0.32081305980682379 -0.4947929829359054 0.82987177371978771 -2.4474737644195552 -0.73381882905960072
decision_type=2 2 2 2 2 2 2 2 2 2 2 2 2 2 2 2 2 2 2 2 2 2 2 2 2 2 2 2 2 2
left_child=1 3 -3 4 5 6 19 9 26 10 -4 17 13 18 15 -14 -16 28 -13 -1 24 -22 -10 -6 -11 -7 -9 -28 -5 -30
right_child=-2 2 7 11 23 25 -8 8 22 20 -12 12 14 -15 16 -17 -18 -19 -20 -21 21 -23 -24 -25 -26 -27 27 -29 29 -31
leaf_value=-0.018491145367705741 0.0053772527031318166 0.010594678144293195 -0.0061234590209393426 0 0.021408074789028612 0.0044194117455465835 -0.02509367588834872 0 -0.0055649764931686432 -0.0011607409607309299 -0.0011391661046189466 -0.00066183953946324936 -6.0430130736808561e-05 0.018998099133176238 -0.0076524391326066969 0.0076128220560324512 0.00034762697607087541 -0.0071783223534550734 -0.020056927503076995 0.0063971934015263276 0.012729165043856483 -0.00080032442680660128 0.0017260118710368466 -0.00022160402906252523 0.0043416127897681032 -0.013260452174053991 0.020104108233331374 0 0.035200215265415703 0.0034029668175122314
leaf_weight=144 4737 774 5113 123 180 356 461 258 1033 2080 9335 299 5923 151 1170 4033 236305 133 657 182 268 142980 8979 155 3912 183 442 140 171 150
leaf_count=144 4737 774 5113 123 180 356 461 258 1033 2080 9335 299 5923 151 1170 4033 236305 133 657 182 268 142980 8979 155 3912 183 442 140 171 150
internal_value=6.94809e-06 -5.23011e-05 -0.000631769 0.000351619 -0.00630441 -0.0110257 -0.0171132 -0.00068448 0.00172485 -0.000846234 -0.00292982 0.000397705 0.000371749 -0.00935314 0.000417223 0.00302683 0.000306308 0.0106886 -0.0144361 -0.00416276 -0.000642146 -0.000771145 0.000934256 0.0111066 0.00238418 -0.00130621 0.0105583 0.0150205 0.0167659 0.0222925
internal_weight=430827 426090 175314 250776 1661 1326 787 174540 10852 163688 14448 249115 248538 1107 247431 9956 237475 577 956 326 149240 143248 10012 335 5992 539 840 582 444 321
internal_count=430827 426090 175314 250776 1661 1326 787 174540 10852 163688 14448 249115 248538 1107 247431 9956 237475 577 956 326 149240 143248 10012 335 5992 539 840 582 444 321
is_linear=0
shrinkage=0.03


Tree=10
num_leaves=31
num_cat=0
split_feature=270 102 51 225 113 244 221 58 217 101 234 1 239 169 297 170 58 147 233 55 106 188 180 350 178 146 70 7 168 280
split_gain=152.848 92.0112 89.2471 85.7404 84.1001 90.6578 78.6827 139.373 84.0018 170.291 102.35 92.6802 179.44 74.4879 70.5124 70.1887 68.1792 88.0438 74.062 71.1558 65.1619 61.5661 58.8631 56.2232 56.1411 55.2248 54.2529 54.2416 51.1782 46.6112
threshold=2.312810063362122 0.032883182168006904 2.0265836715698247 -1.2796138525009153 1.7200374007225039 -2.2250945568084712 -3.7718485593795772 -1.0566562414169309 -2.4983814954757686 -2.5950139760971065 1.3102335929870608 -2.2205185890197749 -1.863130450248718 -0.36238092184066767 -3.0027314424514766 -1.9510651230812071 -1.035720646381378 1.0441870093345644 -1.6771740317344663 -1.9576068520545957 -0.23150009661912915 -1.3370212912559507 0.30661810934543615 -0.0094404509291052801 0.023517148569226268 -1.0000000180025095e-35 -2.8666096925735469 1.3157583475112917 -0.057029444724321358 1.6016754508018496
decision_type=2 2 2 2 2 2 2 2 2 2 2 2 2 2 2 2 2 2 2 2 2 2 2 2 2 2 2 2 2 2
left_child=1 2 6 13 16 -6 7 26 9 10 -8 12 -10 -3 -9 -13 17 19 28 -5 -11 -20 25 -4 -16 -7 -1 -24 -18 -2
right_child=29 3 23 4 5 22 8 14 11 20 -12 15 -14 -15 24 -17 18 -19 21 -21 -22 -23 27 -25 -26 -27 -28 -29 -30 -31
leaf_value=-0.00056209989446074358 0 0.00016194790137134644 6.0639522151424759e-05 -0.016951942435724454 0.024700242947478582 -0.0015044287748066751 -0.001114088175717154 -0.018749493417729225 0.0048221458489397075 0.010439416863533765 0.01974627206655773 0.0032510191882126368 -0.0046003465010190404 0.019762469595775944 0.019136915218419832 0.00026652716810176094 0 0.0012511862300945233 0.0021587771800596653 -0.0037947860894041933 -0.0046056885076656102 -0.00080033035414690216 -0.0037041163682432214 0.013842887443877079 0 0.0054367759494492072 -0.022168378197561088 0.0023035326898690196 0.011101203313433779 0.0070043396117470211
leaf_weight=172 1082 417 495 385 137 1276 4472 120 2289 2700 202 7332 8215 326 158 222367 613 3260 6552 8880 246 142913 2647 697 689 4181 464 2681 796 3633
leaf_count=172 1082 417 495 385 137 1276 4472 120 2289 2700 202 7332 8215 326 158 222367 613 3260 6552 8880 246 142913 2647 697 689 4181 464 2681 796 3633
internal_value=2.35369e-05 -3.53858e-05 0.000332483 -0.00056371 -0.000609181 0.00192936 0.000291752 -0.00628291 0.000335993 0.00343577 -6.83451e-05 0.000236131 -0.00251326 0.00944769 0.000648695 0.000363373 -0.000780915 -0.00291233 -0.000601622 -0.00440917 0.00905937 -0.000668336 0.00156716 0.00846252 0.0041121 0.00375939 -0.0169778 -0.000627718 0.00617569 0.00538426
internal_weight=430397 425682 250618 175064 174321 10922 249426 1603 247823 7620 4674 240203 10504 743 967 229699 163399 12525 150874 9265 2946 149465 10785 1192 847 5457 636 5328 1409 4715
internal_count=430397 425682 250618 175064 174321 10922 249426 1603 247823 7620 4674 240203 10504 743 967 229699 163399 12525 150874 9265 2946 149465 10785 1192 847 5457 636 5328 1409 4715
is_linear=0
shrinkage=0.03


Tree=11
num_leaves=31
num_cat=0
split_feature=113 51 23 55 153 167 40 102 236 211 173 122 206 236 186 178 102 41 58 236 1 266 140 117 249 286 113 83 142 176
split_gain=148.589 147.818 167.84 80.1576 116.043 107.229 107.663 78.1292 77.3336 102.405 130.465 111.6 73.285 72.0769 71.8984 102.548 75.1383 80.0926 162.715 73.6753 65.0398 102.05 74.5475 79.4539 63.3161 55.4907 54.0037 53.476 50.1722 50.1568
threshold=1.7200374007225039 0.26368845999240881 1.4829511642456057 1.4789047837257387 -1.8904087543487547 0.92814740538597118 -0.26657117903232569 0.49878832697868353 -1.1721448898315427 -1.4691953063011167 0.79623371362686168 -2.7852392196655269 -2.2603919506072994 0.87627840042114269 -3.1662304401397701 0.28977489471435552 0.050157407298684127 -3.7686390876770015 -1.0779603719711301 0.41671024262905126 -0.2154000252485275 1.7982810735702517 0.35882475972175604 0.20404414832592013 1.5051770806312563 0.065928921103477492 0.10950521379709245 -2.1167560815811153 -1.9233916997909544 0.70450031757354747
decision_type=2 2 2 2 2 2 2 2 2 2 2 2 2 2 2 2 2 2 2 2 2 2 2 2 2 2 2 2 2 2
left_child=1 2 14 5 -5 27 -7 24 12 10 -10 13 -3 -11 15 -1 17 18 -16 -19 22 -22 23 -6 -4 29 -9 -2 -12 -18
right_child=3 8 7 4 20 6 -8 26 9 11 28 -13 -14 -15 16 -17 25 19 -20 -21 21 -23 -24 -25 -26 -27 -28 -29 -30 -31
leaf_value=0 -0.01676169354197405 -0.016998251019955526 -0.0045388769516291338 0.025487489376653315 0.024998068746572694 0.022894664560098962 0.0015622861421070854 0.010479567398121307 -0.00076466025938626519 0 0.003874364636492772 -0.001043584707000552 -0.0035673239304842433 0.030726599109136252 -0.02006900473380039 -0.016840337739597554 -0.0020708860131233844 0.00030264688519534075 0.0010823578893326188 0.0019830679781457227 -0.00016978324295460187 0.0073097714667282763 0.016374211936792428 0.0025091746023015163 0.0067337887653566159 0 0.0012577674592769957 -0.0031441033062443906 0.016048045105883757 0.0029497680879868333
leaf_weight=859 320 413 983 217 141 209 4071 2530 1871 136 630 117383 3490 143 496 522 25392 182766 824 27071 4668 2451 709 1742 785 44590 844 1602 811 1862
leaf_count=859 320 413 983 217 141 209 4071 2530 1871 136 630 117383 3490 143 496 522 25392 182766 824 27071 4668 2451 709 1742 785 44590 844 1602 811 1862
internal_value=-9.63775e-06 -0.000120348 0.000250944 0.0028127 0.00448228 8.60623e-05 0.00277539 0.00561368 -0.000983482 -0.00084593 0.00432422 -0.000994721 -0.00514442 0.017255 0.000152536 -0.00662101 0.000187115 0.000473067 -0.00682246 0.000521035 0.00393065 0.00237659 0.00803318 0.00459582 0.000317789 -0.00064905 0.00828215 -0.00571509 0.011057 -0.00171496
internal_weight=430531 414401 289524 16130 9928 6202 4280 5142 124877 120974 3312 117662 3903 279 284382 1381 283001 211157 1320 209837 9711 7119 2592 1883 1768 71844 3374 1922 1441 27254
internal_count=430531 414401 289524 16130 9928 6202 4280 5142 124877 120974 3312 117662 3903 279 284382 1381 283001 211157 1320 209837 9711 7119 2592 1883 1768 71844 3374 1922 1441 27254
is_linear=0
shrinkage=0.03


Tree=12
num_leaves=31
num_cat=0
split_feature=51 51 23 102 238 230 236 239 55 58 202 58 61 143 102 211 52 230 153 199 351 239 52 177 56 310 111 44 118 16
split_gain=144.182 122.141 151.551 83.2537 81.8011 94.149 87.4966 80.0494 77.3475 115.661 90.7027 81.7453 146.974 86.7292 62.621 92.9359 77.1966 70.4418 65.6115 56.1919 55.986 55.0414 54.3669 54.2058 53.5526 51.08 52.3152 50.3731 61.3287 56.2525
threshold=2.0265836715698247 0.26368845999240881 1.4829511642456057 0.49878832697868353 -0.82982978224754322 0.094408985227346434 0.86028820276260387 -5.3706080913543692 1.8051303029060366 -0.88097649812698353 -1.4972649216651914 1.9572397470474245 -2.1158802509307857 -1.9720532894134519 1.2582784891128542 0.74183002114295971 0.61620843410491954 1.6767113804817202 1.2574061751365664 -2.4353107213973995 -0.0079721850343048555 -0.27145555615425104 0.23926797509193423 2.1766148805618291 0.95754295587539684 -0.0037573341978713866 -0.19091251492500302 0.0081881009973585623 0.44313682615756994 1.7996804714202883
decision_type=2 2 2 2 2 2 2 2 2 2 2 2 2 2 2 2 2 2 2 2 2 2 2 2 2 2 2 2 2 2
left_child=1 2 7 -4 5 6 25 20 11 -10 -11 13 -13 -9 15 18 -16 23 19 -6 -1 -2 24 -18 -5 26 -3 28 -7 -29
right_child=21 4 3 22 14 27 -8 8 9 10 -12 12 -14 -15 16 -17 17 -19 -20 -21 -22 -23 -24 -25 -26 -27 -28 29 -30 -31
leaf_value=-0.015005895941461136 0.0064424607129896713 0 0 0.0081040217681215432 -0.0068640414951067095 0.0034685777650621608 0.0080619177770314965 0.0023155528084642645 -0.0093120440875329186 0.017458881003099891 0.0020473753725033668 -0.015961890593962205 -0.00093539591262500269 7.2215373613019983e-05 -0.0028966213157677976 -0.0025749903369210198 0.0029487984654949263 -0.0015219816357550128 0.013076441218188442 -0.00034350306832908024 -0.00026606779377085762 0.0017121377075414216 -0.00011733194972610973 0.011318947474239394 0.02309537727746052 0.00031484413927461468 -0.015199417703236913 -0.0040430752073947768 -0.014542441593678616 0.003183237929509238
leaf_weight=510 3801 250 1805 2624 1194 2092 210 16492 311 726 741 757 2601 262508 3116 22436 7656 2949 303 79760 490 5896 545 790 254 256 1398 7061 161 1061
leaf_count=510 3801 250 1805 2624 1194 2092 210 16492 311 726 741 757 2601 262508 3116 22436 7656 2949 303 79760 490 5896 545 790 254 256 1398 7061 161 1061
internal_value=-5.52414e-06 -8.95924e-05 0.00025241 0.00530595 -0.000851645 -0.00316444 -0.0089454 0.000158335 0.00018947 0.00639605 0.0100083 0.000148875 -0.0044861 0.000206053 -0.000604253 -0.000864288 0.0012319 0.00239024 -0.000387735 -0.000445052 -0.00822433 0.00360663 0.00804208 0.00379203 0.00968087 -0.0110414 -0.012968 -0.00194271 0.00193289 -0.00305673
internal_weight=430754 421057 290364 5228 130693 12489 2114 285136 284136 1778 1467 282358 3358 279000 118204 103693 14511 11395 81257 80954 1000 9697 3423 8446 2878 1904 1648 10375 2253 8122
internal_count=430754 421057 290364 5228 130693 12489 2114 285136 284136 1778 1467 282358 3358 279000 118204 103693 14511 11395 81257 80954 1000 9697 3423 8446 2878 1904 1648 10375 2253 8122
is_linear=0
shrinkage=0.03


Tree=13
num_leaves=31
num_cat=0
split_feature=53 51 203 173 175 218 125 55 236 297 346 58 163 238 23 179 46 236 159 56 127 118 293 286 109 236 98 205 101 32
split_gain=132.872 94.1998 139.948 86.7594 67.3529 64.3329 104.889 96.4018 59.3097 70.3335 69.0857 115.187 70.2693 68.1472 88.4121 65.7876 84.5048 72.6899 58.9874 57.4696 56.7651 57.7158 54.0221 51.6118 56.6301 52.9146 89.4059 56.8299 50.323 159.945
threshold=2.947546243667603 0.26368845999240881 1.4720253348350527 1.5310535430908205 -0.68962851166725148 2.3243410587310795 -1.0353096127510069 1.8051303029060366 0.41671024262905126 0.53666368126869213 -0.016693850047886368 -2.383013010025024 -0.21916581690311429 1.0830391049385073 1.0000000180025095e-35 0.4054908305406571 -1.7928037047386167 1.4049696922302248 -2.3219014406204219 0.97847551107406627 -2.4756160974502559 3.8306683301925664 0.7575267255306245 2.7045338153839116 1.7905118465423586 -1.1721448898315427 -1.8466538190841673 -2.6169093847274776 -2.2501726150512691 -1.8124817609786985
decision_type=2 2 2 2 2 2 2 2 2 2 2 2 2 2 2 2 2 2 2 2 2 2 2 2 2 2 2 2 2 2
left_child=1 2 8 23 -5 6 7 -2 9 10 11 -1 -12 15 18 16 -10 -17 -15 -4 -11 -22 -21 24 25 27 -27 -3 -6 -30
right_child=5 3 19 4 28 -7 -8 -9 13 20 12 -13 -14 14 -16 17 -18 -19 -20 22 21 -23 -24 -25 -26 26 -28 -29 29 -31
leaf_value=-0.028626249181758129 -0.0049849445743546375 -0.017616611863243935 0.0038973464866441472 -0.018269807573372297 -0.01130899951783019 0.01109213007424192 -0.0015302125957933751 0.02254790368109159 -0.012134156896332063 -0.010774066150183456 0.00052622421142900673 -0.0025453034283554328 -0.00055004990080833335 -0.012362708033623312 -0.0059350723370461666 0.0030989442839499115 0.001218231832668831 0.012838837026346981 0.0017706248492031622 0.018287070211395622 -0.0021922375969415241 0.012206436639174907 -0.0030684511279687283 0.010311695181979181 -0.0048169285746351856 0.0077551931933231375 -0.00090469301547345784 -0.0032987024629270441 0.02192948011893844 0.0011496281297985254
leaf_weight=173 135 268 4450 137 253 1324 1478 342 410 680 141599 924 88677 259 2554 7394 27207 776 4583 480 9675 232 100 336 3514 1057 110250 3250 322 17997
leaf_count=173 135 268 4450 137 253 1324 1478 342 410 680 141599 924 88677 259 2554 7394 27207 776 4583 480 9675 232 100 336 3514 1057 110250 3250 322 17997
internal_value=-2.34486e-05 -7.04159e-05 0.000235207 -0.000718054 0.00117235 0.00597309 0.00227717 0.0142649 0.000146439 -3.51749e-05 7.30702e-05 -0.00736583 0.000110447 0.00117053 -0.00142609 0.00171604 0.00100051 0.00408978 0.000905181 0.00518742 -0.00242477 -0.00180092 0.0141255 -0.00101875 -0.00105519 -0.000936641 -0.000818383 -0.00456765 0.00135141 0.00155476
internal_weight=430836 427557 290173 137384 18709 3279 1955 477 285143 241960 231373 1097 230276 43183 7396 35787 27617 8170 4842 5030 10587 9907 580 118675 118339 114825 111307 3518 18572 18319
internal_count=430836 427557 290173 137384 18709 3279 1955 477 285143 241960 231373 1097 230276 43183 7396 35787 27617 8170 4842 5030 10587 9907 580 118675 118339 114825 111307 3518 18572 18319
is_linear=0
shrinkage=0.03


Tree=14
num_leaves=31
num_cat=0
split_feature=112 173 210 31 230 53 177 58 229 111 58 136 326 222 163 104 115 66 121 41 97 44 188 239 288 117 179 118 297 238
split_gain=127.964 94.6119 128.195 114.57 143.797 115.329 88.1238 102.279 76.422 80.7981 107.945 74.2724 105.178 76.614 73.9907 73.8674 67.7915 131.059 81.4203 65.9873 95.4808 154.517 78.4232 112.821 91.1302 73.5716 72.8068 68.4616 65.1368 59.3338
threshold=2.0494114160537724 0.10014215856790544 1.5290211439132693 -1.7733343839645384 0.21094667166471484 -0.3232105672359466 0.62543097138404857 3.0988057851791386 -0.097774729132652269 -0.088557098060846315 0.34040814638137823 -1.4545803666114805 -0.020002544857561585 2.6057499647140507 -2.149025440216064 -0.54720023274421681 -0.50080153346061695 -2.3408492803573604 -1.2946672439575193 -3.7686390876770015 -2.4701261520385738 -1.5683478713035581 -2.4930386543273921 -2.6574007272720332 -1.7064337134361265 -2.7102514505386348 -0.11345069110393523 -2.3211892843246456 -0.66041532158851612 -1.3734186887741087
decision_type=2 2 2 2 2 2 2 2 2 2 2 2 2 2 2 2 2 2 2 2 2 2 2 2 2 2 2 2 2 2
left_child=1 2 19 4 5 -3 -7 -8 9 14 -11 12 -2 -13 -5 28 18 -18 -17 27 21 25 23 -22 -24 -21 -23 -1 -10 -4
right_child=11 3 29 8 -6 6 7 -9 15 10 -12 13 -14 -15 -16 16 17 -19 -20 20 22 26 24 -25 -26 -27 -28 -29 -30 -31
leaf_value=-0.01541013876190905 -0.0011260873827362253 -0.015461784087766576 -0.0016335553129010179 -0.01426734439744535 0.015330268187677049 -0.0016357199234000397 0.010212253235040524 -0.017765343414016494 -0.0063144243635928684 -0.0066063124411291059 -0.00049496283233709578 0.00084730050272298601 0.018414027629130192 0.0075225461750852525 -0.00032099010796955474 -0.017787378156648256 0.011189900016999134 -0.00060257077359323675 -0.0029909472941160179 0.0081762134575045914 0.0072382658615523206 0.0048226930054690118 0.0026883644518814632 -0.0052102387814306865 8.6986050364423038e-05 -0.00059569637469443048 0.018738434677601935 -0.0010500084249760663 0.0044006311573615902 0.0076560661570855004
leaf_weight=468 352 307 707 334 819 1624 1523 102 540 6719 4424 6620 632 2059 12947 381 832 120266 2757 1059 727 759 12787 4618 233004 4015 762 912 4310 3005
leaf_count=468 352 307 707 334 819 1624 1523 102 540 6719 4424 6620 632 2059 12947 381 832 120266 2757 1059 727 759 12787 4618 233004 4015 762 912 4310 3005
internal_value=1.3485e-05 -6.42901e-05 0.000283605 -0.000645276 0.00411993 0.00138283 0.00315112 0.00807911 -0.000783557 -0.00232501 -0.00421209 0.00342378 0.0112421 0.00247907 -0.000715203 -0.000489264 -0.000633254 -0.00051724 -0.00498372 0.000202877 0.000239264 0.00379877 0.000144299 -0.00344047 0.000223748 0.00120112 0.0121417 -0.00628483 0.00312498 0.00580708
internal_weight=430371 420708 262823 157885 4375 3556 3249 1625 153510 24424 11143 9663 984 8679 13281 129086 124236 121098 3138 259111 257731 6595 251136 5345 245791 5074 1521 1380 4850 3712
internal_count=430371 420708 262823 157885 4375 3556 3249 1625 153510 24424 11143 9663 984 8679 13281 129086 124236 121098 3138 259111 257731 6595 251136 5345 245791 5074 1521 1380 4850 3712
is_linear=0
shrinkage=0.03


Tree=15
num_leaves=31
num_cat=0
split_feature=137 181 55 208 296 98 178 20 299 179 285 279 263 100 228 168 239 204 162 17 290 155 113 180 63 178 175 239 218 172
split_gain=102.504 95.6406 142.501 110.548 222.393 107.32 91.8398 90.6892 153.6 88.3422 85.298 95.7137 84.8961 93.6835 82.6388 81.071 79.7843 73.7257 71.7939 89.7211 73.3826 69.2266 63.2358 62.9448 62.7235 61.9603 59.2082 58.643 57.3047 61.0278
threshold=2.0237256288528447 0.49179625511169439 1.2403627634048464 -2.2442505359649654 2.7474250793457036 -2.1143466234207149 0.79003077745437633 -2.5013206005096431 1.2849084138870241 0.45102545619010931 -0.1938061788678169 1.6603692770004275 -0.85186702013015736 2.0595215559005742 -2.5678237676620479 -0.34066949784755701 -5.3706080913543692 0.64506646990776073 1.0000000180025095e-35 0.30964675545692449 1.4894639253616335 -3.1843408346176143 0.014977506827563049 -0.92047825455665577 0.12031820788979532 1.8989691138267519 1.4388081431388857 0.10011316835880281 -0.53111997246742237 0.24692703038454059
decision_type=2 2 2 2 2 2 2 2 2 2 2 2 2 2 2 2 2 2 2 2 2 2 2 2 2 2 2 2 2 2
left_child=1 2 6 4 22 -3 16 8 25 23 -9 -12 15 -14 17 -11 -1 -7 20 -20 -18 -10 -4 26 -16 -8 -5 -6 -26 -30
right_child=-2 5 3 9 27 14 7 10 21 12 11 -13 13 -15 24 -17 18 -19 19 -21 -22 -23 -24 -25 28 -27 -28 -29 29 -31
leaf_value=-0.0080045390094902608 0.0034836220033817094 0.015690829939057311 0.0066238272601852046 0.0017698000699151338 -0.019061046153961651 -0.0036072472078861515 -0.0041400514767044533 0.00078653116270432932 0 0.00095855017981411744 -0.0029871433157798509 0.0086023637841244737 0.00090446398340232929 0.011315471132978431 0.013342667707294788 0.011346599144222496 0.0005029769945638882 0.017412055396609047 -0.001063300233486693 0.00099292677558630578 0.010036511762203227 -0.018639483632320736 0.024806844293243691 0.0013658246478662846 -0.0038965080508585452 0.010075449201240073 -0.0077259082201711366 0.0024808193420370419 0 -0.0017398882518476191
leaf_weight=1045 7526 324 337 836 182 196 894 12582 249 1106 15406 638 7672 860 245 2060 196564 387 66304 26672 713 912 599 5106 6519 375 1648 205 33072 39440
leaf_count=1045 7526 324 337 836 182 196 894 12582 249 1106 15406 638 7672 860 245 2060 196564 387 66304 26672 713 912 599 5106 6519 375 1648 205 33072 39440
internal_value=1.73971e-05 -4.37051e-05 0.000173643 0.00259088 0.0109665 -0.000976917 1.80062e-05 -0.00153126 -0.007093 0.00199007 -0.00104404 -0.00249747 0.00362647 0.00201295 -0.00105221 0.00784063 0.0001843 0.00996275 0.000215366 -0.000470118 0.000539968 -0.0148803 0.0188495 -0.000495486 -0.00113949 0 -0.00442167 -0.00735171 -0.00119154 -0.000943217
internal_weight=430674 423148 342965 20611 1323 80183 322354 31056 2430 19288 28626 16044 11698 8532 79859 3166 291298 583 290253 92976 197277 1161 936 7590 79276 1269 2484 387 79031 72512
internal_count=430674 423148 342965 20611 1323 80183 322354 31056 2430 19288 28626 16044 11698 8532 79859 3166 291298 583 290253 92976 197277 1161 936 7590 79276 1269 2484 387 79031 72512
is_linear=0
shrinkage=0.03


Tree=16
num_leaves=31
num_cat=0
split_feature=93 102 278 239 51 113 17 349 225 227 147 113 31 284 151 164 236 56 147 96 181 50 208 180 234 109 348 340 352 179
split_gain=121.394 92.6084 89.7217 73.0878 78.4454 69.742 75.6102 67.8224 66.5565 77.5572 74.0974 69.3608 61.7962 58.0477 85.5037 55.9098 51.0978 104.309 73.207 49.648 51.1991 46.7303 46.5056 64.2209 46.5017 39.1468 38.8588 35.9649 34.4338 41.7362
threshold=2.3133648633956914 0.032883182168006904 -2.4635801315307613 -5.3706080913543692 2.0265836715698247 1.7200374007225039 -1.4586850404739378 -0.011455857194960116 -1.2796138525009153 -0.2445414066314697 0.99763280153274547 -1.3762378096580503 -0.2485859468579292 0.51700839400291454 -0.42337134480476374 -0.61660793423652638 0.11411208286881448 0.89821702241897594 -1.9352188706398008 1.589688837528229 -0.40103569626808161 -0.50470843911170948 0.54029661417007457 0.24181042611598971 1.2415208220481875 2.2075554132461552 -0.0057881830725818864 -0.012405648827552794 -0.012523447163403032 1.7036245465278628
decision_type=2 2 2 2 2 2 2 2 2 2 2 2 2 2 2 2 2 2 2 2 2 2 2 2 2 2 2 2 2 2
left_child=1 3 21 7 13 8 12 -1 22 10 -10 -11 -7 16 24 27 17 -5 -18 20 -8 -3 -4 -24 -15 -21 -17 -6 29 -2
right_child=28 2 5 4 15 6 19 -9 9 11 -12 -13 -14 14 -16 26 18 -19 -20 25 -22 -23 23 -25 -26 -27 -28 -29 -30 -31
leaf_value=-0.014673576992799474 0.0036723761987399227 -0.00031647638775685353 -0.00070262827103573624 0.00015595790515537863 0.0016353061544905584 5.8438330143690108e-05 0.0041015763243250139 0 -0.0035320392606568952 0.0062110868313293615 0.0021089093817845315 -0.00062990738881226643 0.023863800626096637 -0.011032173487166534 0.00022638068057215585 -0.0028563616113645362 0.0052901356119039811 -0.0090070649105558794 0.00082106389302378342 0.007156406601073668 -0.001690259933688421 0.020949607390312985 0.023944042840993954 0 0.0067892953602660617 0.00022235997759856405 0.010565266895089125 0.022925349069777005 0.0025217502512352441 0.013282571923520758
leaf_weight=541 1093 101 242 166559 141 205 1818 515 14487 1319 2366 145117 229 1257 2045 421 3467 1105 74253 1813 5363 245 241 170 112 1377 302 275 2877 797
leaf_count=541 1093 101 242 166559 141 205 1818 515 14487 1319 2366 145117 229 1257 2045 421 3467 1105 74253 1813 5363 245 241 170 112 1377 302 275 2877 797
internal_value=2.10671e-05 -3.16059e-05 -0.000561748 0.000337042 0.000371745 -0.000594407 0.00172966 -0.00745188 -0.000749603 -0.000789997 -0.00272076 -0.0005654 0.0137781 0.000334186 -0.0035307 0.00816965 0.000389464 9.27123e-05 0.00102559 0.00117105 -0.000174972 0.0142441 0.008629 0.0145972 -0.00928142 0.00427674 0.00247962 0.0168034 0.00477224 0.00797865
internal_weight=430853 426086 175093 250993 249937 174747 10805 1056 163942 163289 16853 146436 434 248798 3414 1139 245384 167664 77720 10371 7181 346 653 411 1369 3190 723 416 4767 1890
internal_count=430853 426086 175093 250993 249937 174747 10805 1056 163942 163289 16853 146436 434 248798 3414 1139 245384 167664 77720 10371 7181 346 653 411 1369 3190 723 416 4767 1890
is_linear=0
shrinkage=0.03


Tree=17
num_leaves=31
num_cat=0
split_feature=93 44 236 30 162 212 139 95 226 157 160 98 227 174 175 227 89 58 62 285 137 34 179 227 8 109 47 352 164 108
split_gain=119.966 77.6123 112.858 100.372 108.112 133.414 96.9138 124.971 125.479 74.8066 135.328 122.181 99.2395 107.868 73.0777 68.75 64.0614 87.9538 80.4745 83.2312 75.2397 74.7939 72.859 68.3484 56.7228 55.3418 53.6978 53.2857 52.1144 58.7892
threshold=2.3133648633956914 -0.06545757874846457 1.1147851347923281 0.077067762613296523 -1.9144160151481626 -1.6912330985069273 -3.3427258729934688 -3.545555472373962 -2.19042956829071 -1.8719788789749143 -2.2190775871276851 -2.4644439220428462 -0.39357477426528925 0.21412625163793567 2.9034452438354497 0.63205617666244518 -0.6649162471294402 0.25893327593803411 -1.8319883346557615 0.81502807140350353 -1.2095669507980344 -0.89604404568672169 -0.41662177443504328 0.22022809088230136 -2.5683351755142207 -1.9758961200714109 0.17774059623479846 -0.012769881170243023 0.57254341244697582 1.4331826567649844
decision_type=2 2 2 2 2 2 2 2 2 2 2 2 2 2 2 2 2 2 2 2 2 2 2 2 2 2 2 2 2 2
left_child=1 2 6 4 -4 -6 7 8 -1 10 14 -12 13 -11 -8 -14 17 28 20 26 -19 22 -18 -24 -7 -23 -20 -2 29 -3
right_child=27 16 3 -5 5 24 9 -9 -10 12 11 -13 15 -15 -16 -17 21 18 19 -21 -22 25 23 -25 -26 -27 -28 -29 -30 -31
leaf_value=-0.0056691264818454611 0.0089582417674093518 -0.0033418851769434505 -0.0028474505446255223 -0.0029477883723883977 0.021168695622551473 0.018081882135539767 -0.00062153961176312676 -0.013756907892538967 0.0272191064267354 -0.0001299493810138004 0.013796803335749621 0.0033951269285517108 0.00084385553521803104 -0.0031281575072174216 0.01347558003195062 0.009534581716992039 -0.0041905225493429213 0.0091701561900349726 -0.0032694063872033986 -0.010413042615016455 -0.0094818656487295969 0.011250319388472353 0 0.020405753851463655 0.004550092658844194 -0.00037057301257697377 0.0035133760367601287 0.0021796641858996685 -0.0084380296091880001 0.016892860374391604
leaf_weight=270 1737 6097 1006 1409 581 306 9851 938 137 102097 1227 6595 76181 12095 322 816 267 1278 2056 780 197 348 252 422 3868 191910 2100 3029 2170 108
leaf_count=270 1737 6097 1006 1409 581 306 9851 938 137 102097 1227 6595 76181 12095 322 816 267 1278 2056 780 197 348 252 422 3868 191910 2100 3029 2170 108
internal_value=1.62703e-05 -3.6132e-05 0.000359026 0.00405758 0.00582708 0.00772939 0.000231266 -0.00772877 0.00545516 0.000284615 0.0021336 0.00509607 0.000108812 -0.000450633 -0.000120334 0.000942306 -0.000451183 -0.00235603 0.000245053 -0.00154749 0.00638481 -0.000303619 0.00803217 0.0132876 0.00569515 -0.00034681 8.6463e-05 0.00473996 -0.00437871 -0.00288836
internal_weight=430450 425684 217699 7170 5761 4755 210529 1345 407 209184 17995 7822 191189 114192 10173 76997 207985 14786 6411 4936 1475 193199 941 674 4174 192258 4156 4766 8375 6205
internal_count=430450 425684 217699 7170 5761 4755 210529 1345 407 209184 17995 7822 191189 114192 10173 76997 207985 14786 6411 4936 1475 193199 941 674 4174 192258 4156 4766 8375 6205
is_linear=0
shrinkage=0.03


Tree=18
num_leaves=31
num_cat=0
split_feature=93 283 239 236 57 281 28 113 17 37 160 54 155 189 170 112 23 110 58 113 234 287 206 12 230 173 356 176 111 165
split_gain=115.592 82.1146 83.9237 76.3976 76.8477 82.1893 109.361 72.9826 74.4459 71.1432 132.071 107.415 106.158 140.204 81.1611 66.771 105.87 89.6329 66.7757 62.9861 77.6122 59.7008 53.3915 50.8167 49.9099 60.0748 49.8513 48.1432 51.0208 42.3903
threshold=2.3133648633956914 -0.097654365003108964 -5.3706080913543692 1.1147851347923281 -0.077765911817550645 -2.0700972080230708 -1.8913508653640745 1.7200374007225039 -1.4586850404739378 -2.2729496955871578 -2.4231832027435298 -0.48779407143592829 -3.1843408346176143 -2.7556084394454952 -2.0452771186828609 0.42257167398929601 1.4829511642456057 -0.36577762663364405 -0.9737163484096526 0.11822578310966493 -0.18686866760253903 -0.041380200535058968 2.094447255134583 -1.8030454516410825 -1.9393318891525266 -3.7686058282852168 -0.015150066930800675 1.2807343006134035 0.26745745539665228 2.2790867090225224
decision_type=2 2 2 2 2 2 2 2 2 2 2 2 2 2 2 2 2 2 2 2 2 2 2 2 2 2 2 2 2 2
left_child=1 2 24 9 -5 23 -7 15 -9 10 11 -4 -11 -14 -12 16 17 -3 -19 20 -18 27 29 -6 25 26 -1 -17 -29 -23
right_child=-2 7 3 4 5 6 -8 8 -10 12 14 -13 13 -15 -16 21 19 18 -20 -21 -22 22 -24 -25 -26 -27 -28 28 -30 -31
leaf_value=-0.01204047368597929 0.0046917602214630221 -0.0019781741453459372 -0.0016540554278505484 0.016873434627748485 -0.013676274236450767 0.015722559342061803 0.0024966120093982938 0.011650294398668506 0.0012436220999484193 0.025964924494522468 0.016581806037985886 0.0071042734949910043 -0.0065959884919258019 0.00028028097189798293 0.0049403413097105046 -0.0064540235468031094 0.0031891821774404413 -0.0025451843668430219 0.00033070019922935032 -0.00069230383558529531 0.013706771574732102 -0.0010188215891962047 -0.006736768576116459 0.00019916415047837343 0.0030081179018710707 -0.020174170105821034 0.0079161504137644136 -0.0088656893012823042 0.008681395980391091 0.0052774728189973153
leaf_weight=223 4720 23036 5586 356 378 629 5272 647 11179 124 694 1602 2685 186817 3030 3150 1977 7871 90650 1357 1004 73728 1455 487 228 378 177 198 409 941
leaf_count=223 4720 23036 5586 356 378 629 5272 647 11179 124 694 1602 2685 186817 3030 3150 1977 7871 90650 1357 1004 73728 1455 487 228 378 177 198 409 941
internal_value=3.24852e-05 -1.86202e-05 0.000405826 0.000449441 0.00350297 0.00270761 0.00400541 -0.000427014 0.001857 0.000339162 0.00269465 0.000270602 0.000201764 0.000180584 0.00726695 -0.000559903 -0.000126728 -0.000293709 9.74268e-05 0.00446334 0.00689921 -0.00123864 -0.00105066 -0.00569738 -0.00813807 -0.011774 -0.00253894 -0.00494246 0.00237895 -0.000934065
internal_weight=430988 426268 208666 207660 7122 6766 5901 217602 11826 200538 10912 7188 189626 189502 3724 205776 125895 121557 98521 4338 2981 79881 76124 865 1006 778 400 3757 607 74669
internal_count=430988 426268 208666 207660 7122 6766 5901 217602 11826 200538 10912 7188 189626 189502 3724 205776 125895 121557 98521 4338 2981 79881 76124 865 1006 778 400 3757 607 74669
is_linear=0
shrinkage=0.03


Tree=19
num_leaves=31
num_cat=0
split_feature=137 102 278 226 41 234 175 177 51 125 174 206 57 100 156 101 1 239 175 179 230 20 57 284 55 49 106 214 230 162
split_gain=118.724 82.9136 78.5864 78.4001 73.9924 118.831 70.7757 116.201 67.9729 66.4635 87.8935 84.4341 81.836 67.8678 64.004 138.183 127.267 129.636 83.9955 80.1586 67.2968 59.7402 65.3917 55.0566 57.0729 54.5347 54.5277 52.8855 51.7939 50.9798
threshold=2.0237256288528447 0.066467177122831358 -2.4635801315307613 0.29642364382743841 -3.7686390876770015 -1.3754738569259641 -2.2761913537979122 -3.2640416622161861 2.0265836715698247 -1.9571177959442136 1.3834219574928286 -1.0787839293479917 1.3343607783317568 2.198397278785706 -2.2556189298629756 -2.4660243988037105 -2.2205185890197749 -1.5456963181495664 3.2911273241043095 -0.36560863256454462 -2.0208536386489864 1.9921064972877505 -0.40705125033855433 -0.72467961907386769 1.8051303029060366 -2.6298983097076412 0.36808307468891149 2.0807266235351567 -1.8663750290870664 0.82821577787399303
decision_type=2 2 2 2 2 2 2 2 2 2 2 2 2 2 2 2 2 2 2 2 2 2 2 2 2 2 2 2 2 2
left_child=1 4 -3 23 5 6 7 -1 14 10 -5 26 -12 -13 15 18 17 -16 -6 -17 -18 22 -2 -4 29 -8 -11 -23 -7 -25
right_child=21 2 3 9 8 28 25 -9 -10 11 12 13 -14 -15 16 19 20 -19 -20 -21 -22 27 -24 24 -26 -27 -28 -29 -30 -31
leaf_value=-0.016122082051859221 -0.00081224463758355176 0.013686493919721167 0.0057165601542613449 0.0016636121846287052 -0.0011706643776913221 0.019756751472120665 -0.026808419449664177 0.009011302396049194 0.0073726187749079469 0.0040753160538838902 0.034022485388892833 -0.00033440429611224687 0 0.0039642950340806789 0.002564418779531914 0.0015219512313717337 0.0032582336045765899 -0.005251422072586432 0.01646158247044735 0.0099909520857102297 0.00018101884322060233 -0.0011479629917661108 0.01098714365372558 -0.0015207317604503997 0.0072243143671132139 -0.0077001998072984646 -0.011134818285855708 0.0046794424085306475 -0.0015307595744171244 -0.0046513544566999807
leaf_weight=285 508 322 871 831 5755 171 294 332 1187 224 158 105986 110 3385 2514 1812 6580 7289 233 2566 226775 2531 1586 47543 600 383 996 2936 167 5320
leaf_count=285 508 322 871 831 5755 171 294 332 1187 224 158 105986 110 3385 2514 1812 6580 7289 233 2566 226775 2531 1586 47543 600 383 996 2936 167 5320
internal_value=-5.00864e-05 -0.000117507 -0.000639518 -0.000670755 0.00022009 -0.00610109 -0.0103244 -0.00226885 0.000262245 -0.00021286 0.00705138 -0.000289022 0.0214401 -0.000197918 0.000227192 0.00253505 0.000127372 -0.00321535 -0.000382125 0.00657681 0.000269346 0.00366976 0.00800212 -0.00160607 -0.00173307 -0.0169599 -0.00807951 0.00193256 0.00890304 -0.0018431
internal_weight=430250 422689 166346 166024 256343 1632 1294 617 254711 111690 1099 110591 268 109371 253524 10366 243158 9803 5988 4378 233355 7561 2094 54334 53463 677 1220 5467 338 52863
internal_count=430250 422689 166346 166024 256343 1632 1294 617 254711 111690 1099 110591 268 109371 253524 10366 243158 9803 5988 4378 233355 7561 2094 54334 53463 677 1220 5467 338 52863
is_linear=0
shrinkage=0.03


Tree=20
num_leaves=31
num_cat=0
split_feature=137 122 55 179 263 39 178 109 178 237 56 179 130 217 162 58 290 239 231 155 133 184 78 39 32 236 20 178 119 209
split_gain=102.878 88.2107 110.147 110.652 112.025 124.08 91.6291 79.1173 79.015 78.3218 75.5406 81.6837 75.3339 71.8158 67.8337 112.478 75.0376 73.4341 73.0221 65.5388 65.2698 64.9403 64.1074 58.8991 56.6013 54.6822 54.6699 55.1 53.5698 51.6039
threshold=2.0237256288528447 0.35428953170776373 1.3101769089698794 -0.26100616157054896 -0.83701086044311512 1.7368975281715395 0.45957893133163458 -2.6670807600021358 0.75210541486740123 0.98074653744697582 2.7331943511962895 0.45102545619010931 -3.0019282102584834 -2.4983814954757686 1.0000000180025095e-35 -0.95276835560798634 1.3220548033714297 -5.3706080913543692 -1.049673795700073 -0.71781107783317555 -1.4644698500633238 0.50990504026412975 0.7796122431755067 1.6013799309730532 -1.3746685385704038 1.3263859748840334 1.9921064972877505 -0.4919301569461822 -0.18258276581764218 2.5260285139083867
decision_type=2 2 2 2 2 2 2 2 2 2 2 2 2 2 2 2 2 2 2 2 2 2 2 2 2 2 2 2 2 2
left_child=1 2 8 6 10 20 -4 -3 14 -8 11 -5 -10 -9 16 18 17 -1 -16 -18 -6 23 -17 -14 -15 -7 27 -2 -28 -30
right_child=26 7 3 4 5 25 9 13 12 -11 -12 -13 21 24 15 22 19 -19 -20 -21 -22 -23 -24 -25 -26 -27 28 -29 29 -31
leaf_value=-0.0078077710241251314 -0.0023153051619536858 0.011826597727254697 0.0023047791430131251 0.00018982076600334828 -0.015060244550506462 -0.00027386640903610246 -0.014403576707749582 0.015311353433601281 -0.01202014492531567 -0.00078245507030058224 0 0.01172622162850981 -0.0014802999342842565 -0.0093006082682879146 0.0048831318138415148 -0.00036656356880968168 0.015203445354691552 0.00052295083693951715 -0.0046363518564456543 0 0.00079706029454877582 0.013414992813877891 0.0030195103347448989 0.0071504472042427433 -0.00088449914813145964 0.013306769623814784 0.0057905792057145111 0.0099086970016558015 -0.0033851944789314273 0.0039995654849028289
leaf_weight=933 356 418 1728 747 220 298 759 223 571 844 965 2914 30996 713 753 70736 567 188863 7794 487 7834 250 5390 698 96773 1047 1941 1711 2089 1397
leaf_count=933 356 418 1728 747 220 298 759 223 571 844 965 2914 30996 713 753 70736 567 188863 7794 487 7834 250 5390 698 96773 1047 1941 1711 2089 1397
internal_value=1.87153e-06 -5.91632e-05 0.000177841 0.00250207 0.00367701 0.0017472 -0.00234786 -0.000848013 4.57577e-05 -0.00751474 0.00750897 0.00946762 -0.00135119 -0.000907714 0.000211789 -0.000493014 0.000526074 0.0004796 -0.00375321 0.00845059 0.000290519 -0.00114369 -0.000122147 -0.00127638 -0.000951025 0.0101181 0.00348213 0.00765759 0.00181445 -0.000334281
internal_weight=431015 423521 325394 17356 14025 9399 3331 98127 308038 1603 4626 3661 32515 97709 275523 84673 190850 189796 8547 1054 8054 31944 76126 31694 97486 1345 7494 2067 5427 3486
internal_count=431015 423521 325394 17356 14025 9399 3331 98127 308038 1603 4626 3661 32515 97709 275523 84673 190850 189796 8547 1054 8054 31944 76126 31694 97486 1345 7494 2067 5427 3486
is_linear=0
shrinkage=0.03


Tree=21
num_leaves=31
num_cat=0
split_feature=113 112 210 113 234 170 229 219 226 257 221 96 86 151 197 57 234 161 199 169 297 173 100 155 234 53 75 252 182 67
split_gain=86.9602 113.141 97.3479 91.4111 87.8294 76.2762 107.587 231.72 93.0613 76.3561 70.2624 63.9553 101.112 77.0891 63.8849 62.7576 59.6663 59.3076 81.3907 68.0358 72.8629 68.8048 66.2282 143.297 86.5476 65.7007 57.4762 53.736 51.0522 80.7463
threshold=1.7200374007225039 0.58106878399848949 1.2362873554229739 0.046564590185880668 -0.15564104914665219 -2.790489554405212 -0.13912831246852872 -1.3066022396087644 -0.34869538247585291 -1.4586668014526365 1.7261375188827517 -0.92090076208114613 -2.0247046947479244 -0.11353945359587668 1.703039348125458 -1.4565887451171873 -1.1436311602592466 1.0339773297309878 -0.2520757764577865 1.184826195240021 0.79910200834274303 0.99217876791954052 -3.2564510107040401 -3.1843408346176143 -0.32933892309665674 1.1722182631492617 -1.9444918036460874 -0.071011558175086961 -1.2508400678634641 -2.3453668355941768
decision_type=2 2 2 2 2 2 2 2 2 2 2 2 2 2 2 2 2 2 2 2 2 2 2 2 2 2 2 2 2 2
left_child=1 2 17 4 14 -2 -7 -8 26 -10 -11 13 -13 16 -4 -16 -3 19 25 22 21 -21 24 -24 -1 -19 -9 -20 29 -14
right_child=5 11 3 -5 -6 6 7 8 9 10 -12 12 28 -15 15 -17 -18 18 27 20 -22 -23 23 -25 -26 -27 -28 -29 -30 -31
leaf_value=-0.0070811643236914313 0.025715657249540089 -0.010695843190766179 0.00033314085523328794 -0.0004877615039135479 0.011017011321689921 -0.0072475629998138835 0.02562912377681453 -0.029831073215900686 0.011470875652971727 -1.0028356783874554e-05 0.0043066958931872682 -0.020406998263760689 0.0071262346019298145 0.018008468338890634 -0.0038852161118407363 0.011370435985509247 0.0024634858291616725 -0.0086413900104640728 0.0058373474936248265 0.0052576114233347428 -0.0061058794095043964 0.024390538973908981 0.012558840739678832 9.5869520714899069e-05 0.0077297613863586724 0.011901033423206907 -0.0010855362203983532 -0.0017809500787464942 -0.0010590659552495022 -0.0056827735506359391
leaf_weight=2181 105 314 2965 3832 1767 1033 366 108 773 7898 5754 232 458 251 264 1117 3594 2110 948 1991 405 182 813 315156 388 121 172 5645 65564 4195
leaf_count=2181 105 314 2965 3832 1767 1033 366 108 773 7898 5754 232 458 251 264 1117 3594 2110 948 1991 405 182 813 315156 388 121 172 5645 65564 4195
internal_value=3.7336e-06 -7.99119e-05 0.000151547 0.00307353 0.00534919 0.00215865 0.00195474 0.00261413 0.0019869 0.00234572 0.00179107 -0.00113812 -0.00135445 0.00244339 0.00293615 0.00822611 0.00128071 6.23824e-05 -0.00235941 0.000130008 0.00496726 0.00720472 8.96081e-05 0.000129679 -0.00468594 -0.00729814 -0.0144227 -0.000625817 -0.00128144 -0.00433267
internal_weight=430702 414493 339885 9945 6113 16209 16104 15071 14705 14425 13652 74608 70449 4159 4346 1381 3908 329940 8824 321116 2578 2173 318538 315969 2569 2231 280 6593 70217 4653
internal_count=430702 414493 339885 9945 6113 16209 16104 15071 14705 14425 13652 74608 70449 4159 4346 1381 3908 329940 8824 321116 2578 2173 318538 315969 2569 2231 280 6593 70217 4653
is_linear=0
shrinkage=0.03


Tree=22
num_leaves=31
num_cat=0
split_feature=113 51 197 236 268 236 285 285 118 236 238 23 223 154 285 297 292 257 286 20 178 13 143 167 3 206 92 7 95 156
split_gain=99.0332 105.556 104.379 66.6065 77.2245 75.4927 86.162 75.2088 65.2358 63.9314 65.9642 70.6271 63.3307 72.3477 108.976 88.1536 96.3832 58.2563 81.9925 57.9826 57.898 134.39 76.8447 130.35 93.1937 57.6594 59.2567 63.4982 52.3508 96.01
threshold=1.7200374007225039 0.26368845999240881 1.6318547725677492 -1.1992776393890379 -1.8418552279472349 0.98241448402404796 -1.2809810042381284 -0.12351787462830542 -1.097089350223541 0.55306082963943493 1.0830391049385073 1.0000000180025095e-35 2.3280589580535893 -1.8734805583953855 -0.69469502568244923 -0.25529478490352625 2.5272059440612797 -1.4586668014526365 0.016284856013953689 2.3027827739715581 0.37662903964519506 -3.0376758575439449 -1.8640797138214109 -0.72380754351615895 -2.6219187974929805 -2.1884515285491939 -1.2223695516586301 -0.65284395217895497 -1.8312322497367857 -1.7260327935218809
decision_type=2 2 2 2 2 2 2 2 2 2 2 2 2 2 2 2 2 2 2 2 2 2 2 2 2 2 2 2 2 2
left_child=1 2 9 25 5 7 -7 -5 -4 20 -11 -12 13 15 -15 -2 -17 18 -16 -10 22 -22 23 -1 -24 -3 -27 -28 29 -6
right_child=12 3 8 4 28 6 -8 -9 19 10 11 -13 -14 14 17 16 -18 -19 -20 -21 21 -23 24 -25 -26 26 27 -29 -30 -31
leaf_value=0.00072144800288478873 -0.011090028648444963 -0.01519457407183551 -0.0024421796273137856 0.0051669248308417338 5.6988076666192441e-05 -0.0065423707338290865 0.018677623910204902 -0.012147778416660327 0.0094452348852561759 0.0022297968933962168 0.0010566811586592917 -0.0055310080028711933 0.0060942798430381577 -0.010656841009119698 -0.0044695757704615313 0.024303484832574267 -0.0012342980560365944 0.00084097144024944826 0.013844765730318015 -0.00080558922377431061 -0.0152396194174134 -0.00085833930740430813 -0.0086596679987732406 0.0075709360342770902 0.00011718767562138137 0.0086336323844648875 -0.014723002833649747 -0.0025401851786344297 -0.00079986989284109471 0.028069496832366259
leaf_weight=10677 104 417 711 849 431 125 534 283 2321 23826 4168 2195 3251 677 273 372 166 10647 710 560 579 32569 1074 3299 207391 306 463 2534 118710 139
leaf_count=10677 104 417 711 849 431 125 534 283 2321 23826 4168 2195 3251 677 273 372 166 10647 710 560 579 32569 1074 3299 207391 306 463 2534 118710 139
internal_value=3.64372e-05 -5.29108e-05 0.000260829 -0.000782752 -0.000657949 0.00547103 0.0134002 0.000442084 0.0053319 0.000195672 0.00150107 -0.00117904 0.00233641 0.00136187 0.000814466 0.0110608 0.0161243 0.00152513 0.00847168 0.00735748 4.02046e-05 -0.00112762 0.000215667 0.0023682 6.97045e-05 -0.00473912 -0.00324534 -0.00460684 -0.000753393 0.00811653
internal_weight=430361 414161 289370 124791 121071 1791 659 1132 3592 285778 30189 6363 16200 12949 12307 642 538 11630 983 2881 255589 33148 222441 13976 208465 3720 3303 2997 119280 570
internal_count=430361 414161 289370 124791 121071 1791 659 1132 3592 285778 30189 6363 16200 12949 12307 642 538 11630 983 2881 255589 33148 222441 13976 208465 3720 3303 2997 119280 570
is_linear=0
shrinkage=0.03


Tree=23
num_leaves=31
num_cat=0
split_feature=113 112 255 55 132 167 101 237 206 123 125 266 83 146 260 238 57 236 29 161 105 320 173 277 237 120 236 162 109 224
split_gain=77.9002 87.1808 80.8857 67.509 99.9298 90.6155 101.977 81.7892 63.0318 100.512 69.2116 64.8787 61.7964 56.9006 108.368 88.2751 83.0601 76.0519 91.6533 114.833 66.7004 64.1828 64.0387 61.1386 57.3606 54.3773 82.7198 63.1267 49.853 52.4839
threshold=1.7200374007225039 0.55642884969711315 1.2322685122489931 1.2403627634048464 -1.285061717033386 0.92814740538597118 -0.19606176018714902 1.3331684470176699 -0.10943605378270148 -0.25933441519737238 -0.24297357350587842 1.7982810735702517 -2.1167560815811153 0.10765167325735094 -0.41960532963275904 1.2379267215728762 -0.24485247582197187 1.1969654560089114 -0.15649928152561185 -2.4065684080123897 1.4618852138519289 -0.023747822269797322 -1.9016001820564268 -2.1937441825866695 -0.76956412196159352 1.0136517882347109 -2.1758329868316646 1.7890251278877261 1.7905118465423586 0.84843027591705333
decision_type=2 2 2 2 2 2 2 2 2 2 2 2 2 2 2 2 2 2 2 2 2 2 2 2 2 2 2 2 2 2
left_child=1 2 13 5 7 12 -7 -5 -6 10 -10 -11 -2 17 20 16 -16 21 19 -19 24 22 -1 -23 -15 26 -3 -28 29 -27
right_child=3 25 -4 4 8 6 -8 -9 9 11 -12 -13 -14 14 15 -17 -18 18 -20 -21 -22 23 -24 -25 -26 28 27 -29 -30 -31
leaf_value=-0.0075222852120392066 -0.018880407436776294 -0.013364202347584068 0.0025671207904554689 0.019401923724728806 -0.0038016048542354078 0.021473519313253562 0.00036683363769459559 0.001952749174046162 0.0067602009826914847 0 0.024914583685090468 0.0056930575261316544 -0.003464153209005106 0.0015554660623893141 -0.0014279263404017042 -0.0055017922830218223 0.00052129169139550574 -0.0074201539969898905 -0.0027256179688408388 0.0084242532708834941 0.013941585446839936 0.0025548865647228606 -0.00094079214696298136 0.00019544027972933229 -0.010334114785206079 -0.0041646030092390577 -0.00069381807963752944 0.0044018326883189457 -0.0077080595677648063 -0.00011949832073819182
leaf_weight=1734 300 436 11890 590 1246 203 3201 478 911 5086 263 2721 1232 395 32187 2958 50299 436 1284 3210 103 10381 6170 213287 1861 5446 61679 2236 1606 6457
leaf_count=1734 300 436 11890 590 1246 203 3201 478 911 5086 263 2721 1232 395 32187 2958 50299 436 1284 3210 103 10381 6170 213287 1861 5446 61679 2236 1606 6457
internal_value=9.05478e-06 -7.02089e-05 0.000138515 0.00204714 0.00332981 -0.000829032 0.00183124 0.0120475 0.00236841 0.0032643 0.0114276 0.00197232 -0.0068807 4.83968e-05 -0.000602585 -0.0004229 -0.000235842 0.000291377 0.00397425 0.00641755 -0.0069265 0.00021134 -0.00243786 0.000306508 -0.0081252 -0.000975121 -0.000605419 -0.000509539 -0.00271055 -0.0019993
internal_weight=430286 414055 336195 16231 11295 4936 3404 1068 10227 8981 1174 7807 1532 324305 87803 85444 82486 236502 4930 3646 2359 231572 7904 223668 2256 77860 64351 63915 13509 11903
internal_count=430286 414055 336195 16231 11295 4936 3404 1068 10227 8981 1174 7807 1532 324305 87803 85444 82486 236502 4930 3646 2359 231572 7904 223668 2256 77860 64351 63915 13509 11903
is_linear=0
shrinkage=0.03


Tree=24
num_leaves=31
num_cat=0
split_feature=93 283 320 234 37 101 292 55 39 58 117 58 199 109 161 287 239 206 235 55 68 199 290 179 99 161 226 296 233 102
split_gain=88.2704 68.2164 62.6698 85.3245 78.9782 127.574 68.1289 86.4342 67.0622 65.8645 68.9859 60.8724 77.161 58.2043 56.7236 55.7485 76.9782 69.7895 51.1628 49.9624 48.7036 152.587 99.1593 104.678 83.4977 63.7161 60.943 57.4356 50.7901 50.3593
threshold=2.3133648633956914 -0.10549240931868552 -0.023747822269797322 -2.0864216089248653 -2.2729496955871578 -2.2501726150512691 -1.9228731989860532 -1.1006860136985777 -2.1827410459518428 -3.9511955976486202 -3.0666378736495967 -0.93426322937011708 -0.17130707949399945 -2.3179663419723506 -1.2156520485877989 -0.2416628152132034 -1.6038039326667783 -1.7338041067123411 -2.3000984191894527 0.671654373407364 -1.3661820292472837 -1.9834077954292295 -0.70790269970893849 -0.25411455333232874 0.91603294014930736 0.81280532479286205 -1.2434814572334287 -0.25231951475143427 -2.9182884693145748 0.09206606820225717
decision_type=2 2 2 2 2 2 2 2 2 2 2 2 2 2 2 2 2 2 2 2 2 2 2 2 2 2 2 2 2 2
left_child=1 2 3 -1 5 9 14 -8 13 -4 -11 12 19 -6 -7 16 -10 -17 -14 -3 22 -22 29 25 -25 -24 27 -23 -28 -13
right_child=-2 11 4 -5 8 6 7 -9 15 10 -12 20 18 -15 -16 17 -18 -19 -20 -21 21 26 23 24 -26 -27 28 -29 -30 -31
leaf_value=-0.0078460690535961785 0.0040748906028570363 -0.0064324909870937357 -0.0082516103783172399 -0.00049015561390136609 0.0018921898351803113 0.011530479783602336 -0.0018800617695165585 0.010611876105263934 0.0024691818358783799 0.012125371736226236 0.00091124870763444087 -0.012349147606344724 -0.010005871370637973 -0.0067036516700394264 0.037511150974241896 0.0070843024657816934 -0.00011087120033999979 0.0010546926822063577 -0.00053481404257243114 0.0016322893423900723 -0.023285545494217401 -0.0018594477185680024 0.00029641820970564473 0.0065484414737444615 -0.0058694874488817829 -0.011580623609632877 0.013022964461674495 0.013837890277799586 -0.00037053945865589275 0
leaf_weight=1854 4734 4315 604 6298 963 449 741 1281 11296 529 6012 574 518 2193 108 1801 128296 44807 14959 747 241 291 1922 5068 498 481 234 507 187960 548
leaf_count=1854 4734 4315 604 6298 963 449 741 1281 11296 529 6012 574 518 2193 108 1801 128296 44807 14959 747 241 291 1922 5068 498 481 234 507 187960 548
internal_value=9.06424e-06 -3.5593e-05 0.000353712 -0.00221492 0.000460612 0.00309822 0.00880514 0.00591348 0.000323266 0.000977596 0.00189811 -0.000405578 -0.00196153 -0.00399092 0.0182136 0.000398421 9.60857e-05 0.00129706 -0.000883664 -0.0051816 -0.000242746 -0.000347204 0.00189466 0.00309824 0.00536664 -0.00203312 -0.000313905 0.00784142 -0.00035091 -0.00629558
internal_weight=430829 426095 207232 8152 199080 9724 2579 2022 189356 7145 6541 218863 20539 3156 557 186200 139592 46608 15477 5062 198324 189233 9091 7969 5566 2403 188992 798 188194 1122
internal_count=430829 426095 207232 8152 199080 9724 2579 2022 189356 7145 6541 218863 20539 3156 557 186200 139592 46608 15477 5062 198324 189233 9091 7969 5566 2403 188992 798 188194 1122
is_linear=0
shrinkage=0.03


end of trees

feature_importances:
LOW3=23
OPEN6=22
CLOSE1=20
LOW0=19
OPEN17=17
CLOSE4=14
LOW5=14
LOW9=12
CLOSE8=11
HIGH0=11
VWAP2=10
CLOSE3=9
OPEN24=9
HIGH1=9
CLOSE36=8
OPEN10=8
OPEN7=8
LOW33=8
LOW1=8
OPEN1=7
HIGH12=7
HIGH6=7
HIGH4=7
LOW40=7
CLOSE2=6
OPEN26=6
OPEN21=6
OPEN18=6
LOW59=6
LOW28=6
VWAP13=6
CLOSE42=5
CLOSE18=5
OPEN19=5
HIGH24=5
HIGH18=5
HIGH17=5
HIGH9=5
HIGH2=5
LOW14=5
LOW13=5
LOW12=5
LOW2=5
VWAP14=5
VWAP7=5
CLOSE39=4
CLOSE28=4
CLOSE22=4
CLOSE15=4
CLOSE9=4
CLOSE7=4
CLOSE6=4
OPEN57=4
OPEN13=4
OPEN2=4
HIGH57=4
HIGH42=4
HIGH40=4
HIGH26=4
LOW7=4
VWAP42=4
VWAP29=4
VWAP0=4
CLOSE58=3
CLOSE52=3
CLOSE20=3
OPEN14=3
OPEN8=3
OPEN4=3
HIGH54=3
HIGH33=3
HIGH32=3
HIGH19=3
HIGH16=3
HIGH15=3
HIGH11=3
HIGH10=3
HIGH5=3
HIGH3=3
LOW58=3
LOW57=3
LOW42=3
LOW21=3
LOW18=3
LOW17=3
LOW16=3
LOW11=3
LOW6=3
VWAP36=3
VWAP21=3
VWAP19=3
VWAP18=3
VWAP9=3
VOLUME19=3
VOLUME7=3
CLOSE59=2
CLOSE47=2
CLOSE46=2
CLOSE43=2
CLOSE31=2
CLOSE27=2
CLOSE19=2
CLOSE16=2
CLOSE12=2
CLOSE11=2
CLOSE10=2
OPEN56=2
OPEN53=2
OPEN41=2
OPEN36=2
OPEN31=2
OPEN27=2
OPEN23=2
HIGH58=2
HIGH56=2
HIGH55=2
HIGH53=2
HIGH39=2
HIGH36=2
HIGH31=2
HIGH28=2
HIGH23=2
HIGH22=2
HIGH14=2
HIGH8=2
LOW51=2
LOW50=2
LOW36=2
LOW35=2
LOW31=2
LOW30=2
LOW29=2
LOW27=2
LOW23=2
LOW22=2
LOW15=2
LOW10=2
LOW4=2
VWAP55=2
VWAP33=2
VWAP26=2
VWAP16=2
VWAP15=2
VWAP12=2
VWAP6=2
VWAP4=2
VWAP3=2
VWAP1=2
VOLUME39=2
VOLUME33=2
VOLUME10=2
VOLUME8=2
CLOSE56=1
CLOSE54=1
CLOSE51=1
CLOSE50=1
CLOSE48=1
CLOSE45=1
CLOSE41=1
CLOSE40=1
CLOSE37=1
CLOSE30=1
CLOSE29=1
CLOSE25=1
CLOSE23=1
CLOSE13=1
CLOSE5=1
OPEN58=1
OPEN55=1
OPEN52=1
OPEN51=1
OPEN49=1
OPEN46=1
OPEN44=1
OPEN40=1
OPEN33=1
OPEN30=1
OPEN25=1
OPEN22=1
OPEN20=1
OPEN16=1
OPEN15=1
OPEN11=1
OPEN9=1
OPEN3=1
OPEN0=1
HIGH59=1
HIGH52=1
HIGH49=1
HIGH47=1
HIGH46=1
HIGH43=1
HIGH37=1
HIGH30=1
HIGH29=1
HIGH25=1
HIGH20=1
HIGH13=1
HIGH7=1
LOW55=1
LOW53=1
LOW49=1
LOW41=1
LOW38=1
LOW37=1
LOW34=1
LOW26=1
LOW25=1
LOW20=1
LOW8=1
VWAP53=1
VWAP50=1
VWAP47=1
VWAP44=1
VWAP40=1
VWAP39=1
VWAP31=1
VWAP27=1
VWAP23=1
VWAP22=1
VWAP20=1
VWAP11=1
VWAP10=1
VOLUME57=1
VOLUME49=1
VOLUME45=1
VOLUME30=1
VOLUME13=1
VOLUME11=1
VOLUME9=1
VOLUME4=1
VOLUME3=1
VOLUME2=1

parameters:
[boosting: gbdt]
[objective: regression]
[metric: l2]
[tree_learner: serial]
[device_type: cpu]
[data_sample_strategy: bagging]
[data: ]
[valid: ]
[num_iterations: 500]
[learning_rate: 0.03]
[num_leaves: 31]
[num_threads: 12]
[seed: 20260813]
[deterministic: 1]
[force_col_wise: 1]
[force_row_wise: 0]
[histogram_pool_size: -1]
[max_depth: 7]
[min_data_in_leaf: 100]
[min_sum_hessian_in_leaf: 0.001]
[bagging_fraction: 0.8]
[pos_bagging_fraction: 1]
[neg_bagging_fraction: 1]
[bagging_freq: 1]
[bagging_seed: 20260813]
[bagging_by_query: 0]
[feature_fraction: 0.8]
[feature_fraction_bynode: 1]
[feature_fraction_seed: 20260813]
[extra_trees: 0]
[extra_seed: 13549]
[early_stopping_round: 0]
[early_stopping_min_delta: 0]
[first_metric_only: 0]
[max_delta_step: 0]
[lambda_l1: 10]
[lambda_l2: 20]
[linear_lambda: 0]
[min_gain_to_split: 0]
[drop_rate: 0.1]
[max_drop: 50]
[skip_drop: 0.5]
[xgboost_dart_mode: 0]
[uniform_drop: 0]
[drop_seed: 11866]
[top_rate: 0.2]
[other_rate: 0.1]
[min_data_per_group: 100]
[max_cat_threshold: 32]
[cat_l2: 10]
[cat_smooth: 10]
[max_cat_to_onehot: 4]
[top_k: 20]
[monotone_constraints: ]
[monotone_constraints_method: basic]
[monotone_penalty: 0]
[feature_contri: ]
[forcedsplits_filename: ]
[refit_decay_rate: 0.9]
[cegb_tradeoff: 1]
[cegb_penalty_split: 0]
[cegb_penalty_feature_lazy: ]
[cegb_penalty_feature_coupled: ]
[path_smooth: 0]
[interaction_constraints: ]
[verbosity: 1]
[saved_feature_importance_type: 0]
[use_quantized_grad: 0]
[num_grad_quant_bins: 4]
[quant_train_renew_leaf: 0]
[stochastic_rounding: 1]
[linear_tree: 0]
[max_bin: 255]
[max_bin_by_feature: ]
[min_data_in_bin: 3]
[bin_construct_sample_cnt: 200000]
[data_random_seed: 20260812]
[is_enable_sparse: 1]
[enable_bundle: 1]
[use_missing: 1]
[zero_as_missing: 0]
[feature_pre_filter: 1]
[pre_partition: 0]
[two_round: 0]
[header: 0]
[label_column: ]
[weight_column: ]
[group_column: ]
[ignore_column: ]
[categorical_feature: ]
[forcedbins_filename: ]
[precise_float_parser: 0]
[parser_config_file: ]
[objective_seed: 16743]
[num_class: 1]
[is_unbalance: 0]
[scale_pos_weight: 1]
[sigmoid: 1]
[boost_from_average: 1]
[reg_sqrt: 0]
[alpha: 0.9]
[fair_c: 1]
[poisson_max_delta_step: 0.7]
[tweedie_variance_power: 1.5]
[lambdarank_truncation_level: 30]
[lambdarank_norm: 1]
[label_gain: ]
[lambdarank_position_bias_regularization: 0]
[eval_at: ]
[multi_error_top_k: 1]
[auc_mu_weights: ]
[num_machines: 1]
[local_listen_port: 12400]
[time_out: 120]
[machine_list_filename: ]
[machines: ]
[gpu_platform_id: -1]
[gpu_device_id: -1]
[gpu_use_dp: 0]
[num_gpu: 1]

end of parameters

pandas_categorical:null
