tree
version=v4
num_class=1
num_tree_per_iteration=1
label_index=0
max_feature_idx=359
objective=regression
feature_names=CLOSE59 CLOSE58 CLOSE57 CLOSE56 CLOSE55 CLOSE54 CLOSE53 CLOSE52 CLOSE51 CLOSE50 CLOSE49 CLOSE48 CLOSE47 CLOSE46 CLOSE45 CLOSE44 CLOSE43 CLOSE42 CLOSE41 CLOSE40 CLOSE39 CLOSE38 CLOSE37 CLOSE36 CLOSE35 CLOSE34 CLOSE33 CLOSE32 CLOSE31 CLOSE30 CLOSE29 CLOSE28 CLOSE27 CLOSE26 CLOSE25 CLOSE24 CLOSE23 CLOSE22 CLOSE21 CLOSE20 CLOSE19 CLOSE18 CLOSE17 CLOSE16 CLOSE15 CLOSE14 CLOSE13 CLOSE12 CLOSE11 CLOSE10 CLOSE9 CLOSE8 CLOSE7 CLOSE6 CLOSE5 CLOSE4 CLOSE3 CLOSE2 CLOSE1 CLOSE0 OPEN59 OPEN58 OPEN57 OPEN56 OPEN55 OPEN54 OPEN53 OPEN52 OPEN51 OPEN50 OPEN49 OPEN48 OPEN47 OPEN46 OPEN45 OPEN44 OPEN43 OPEN42 OPEN41 OPEN40 OPEN39 OPEN38 OPEN37 OPEN36 OPEN35 OPEN34 OPEN33 OPEN32 OPEN31 OPEN30 OPEN29 OPEN28 OPEN27 OPEN26 OPEN25 OPEN24 OPEN23 OPEN22 OPEN21 OPEN20 OPEN19 OPEN18 OPEN17 OPEN16 OPEN15 OPEN14 OPEN13 OPEN12 OPEN11 OPEN10 OPEN9 OPEN8 OPEN7 OPEN6 OPEN5 OPEN4 OPEN3 OPEN2 OPEN1 OPEN0 HIGH59 HIGH58 HIGH57 HIGH56 HIGH55 HIGH54 HIGH53 HIGH52 HIGH51 HIGH50 HIGH49 HIGH48 HIGH47 HIGH46 HIGH45 HIGH44 HIGH43 HIGH42 HIGH41 HIGH40 HIGH39 HIGH38 HIGH37 HIGH36 HIGH35 HIGH34 HIGH33 HIGH32 HIGH31 HIGH30 HIGH29 HIGH28 HIGH27 HIGH26 HIGH25 HIGH24 HIGH23 HIGH22 HIGH21 HIGH20 HIGH19 HIGH18 HIGH17 HIGH16 HIGH15 HIGH14 HIGH13 HIGH12 HIGH11 HIGH10 HIGH9 HIGH8 HIGH7 HIGH6 HIGH5 HIGH4 HIGH3 HIGH2 HIGH1 HIGH0 LOW59 LOW58 LOW57 LOW56 LOW55 LOW54 LOW53 LOW52 LOW51 LOW50 LOW49 LOW48 LOW47 LOW46 LOW45 LOW44 LOW43 LOW42 LOW41 LOW40 LOW39 LOW38 LOW37 LOW36 LOW35 LOW34 LOW33 LOW32 LOW31 LOW30 LOW29 LOW28 LOW27 LOW26 LOW25 LOW24 LOW23 LOW22 LOW21 LOW20 LOW19 LOW18 LOW17 LOW16 LOW15 LOW14 LOW13 LOW12 LOW11 LOW10 LOW9 LOW8 LOW7 LOW6 LOW5 LOW4 LOW3 LOW2 LOW1 LOW0 VWAP59 VWAP58 VWAP57 VWAP56 VWAP55 VWAP54 VWAP53 VWAP52 VWAP51 VWAP50 VWAP49 VWAP48 VWAP47 VWAP46 VWAP45 VWAP44 VWAP43 VWAP42 VWAP41 VWAP40 VWAP39 VWAP38 VWAP37 VWAP36 VWAP35 VWAP34 VWAP33 VWAP32 VWAP31 VWAP30 VWAP29 VWAP28 VWAP27 VWAP26 VWAP25 VWAP24 VWAP23 VWAP22 VWAP21 VWAP20 VWAP19 VWAP18 VWAP17 VWAP16 VWAP15 VWAP14 VWAP13 VWAP12 VWAP11 VWAP10 VWAP9 VWAP8 VWAP7 VWAP6 VWAP5 VWAP4 VWAP3 VWAP2 VWAP1 VWAP0 VOLUME59 VOLUME58 VOLUME57 VOLUME56 VOLUME55 VOLUME54 VOLUME53 VOLUME52 VOLUME51 VOLUME50 VOLUME49 VOLUME48 VOLUME47 VOLUME46 VOLUME45 VOLUME44 VOLUME43 VOLUME42 VOLUME41 VOLUME40 VOLUME39 VOLUME38 VOLUME37 VOLUME36 VOLUME35 VOLUME34 VOLUME33 VOLUME32 VOLUME31 VOLUME30 VOLUME29 VOLUME28 VOLUME27 VOLUME26 VOLUME25 VOLUME24 VOLUME23 VOLUME22 VOLUME21 VOLUME20 VOLUME19 VOLUME18 VOLUME17 VOLUME16 VOLUME15 VOLUME14 VOLUME13 VOLUME12 VOLUME11 VOLUME10 VOLUME9 VOLUME8 VOLUME7 VOLUME6 VOLUME5 VOLUME4 VOLUME3 VOLUME2 VOLUME1 VOLUME0
feature_infos=[-4.4904155731201172:12.207799911499023] [-4.5232486724853516:12.317498207092285] [-4.5596213340759277:12.828096389770508] [-4.6336784362792969:11.230463981628418] [-4.6511387825012207:9.5628328323364258] [-4.7200074195861816:11.414474487304688] [-4.6992378234863281:9.6098718643188477] [-4.8582911491394043:9.3752841949462891] [-4.9000072479248047:9.9280281066894531] [-4.896306037902832:11.904008865356445] [-4.9988784790039062:14.104987144470215] [-5.0850915908813477:14.119842529296875] [-5.0747823715209961:13.772034645080566] [-5.1256499290466309:16.204652786254883] [-5.2347016334533691:13.829370498657227] [-5.2960891723632812:11.665279388427734] [-5.2903070449829102:9.6957082748413086] [-5.2237458229064941:11.266861915588379] [-5.377655029296875:10.175777435302734] [-5.3856625556945801:8.7040243148803711] [-5.4613652229309082:7.8706173896789551] [-5.4363861083984375:8.6125421524047852] [-5.5281996726989746:10.193233489990234] [-5.6301445960998535:12.366391181945801] [-5.6593670845031738:12.926149368286133] [-5.7637081146240234:15.240093231201172] [-5.8010082244873047:12.846419334411621] [-5.9480853080749512:13.291098594665527] [-6.008112907409668:15.886442184448242] [-5.9089851379394531:18.826955795288086] [-5.9339718818664551:22.135293960571289] [-6.0201334953308105:19.116195678710938] [-5.7380666732788086:16.326665878295898] [-5.8209037780761719:19.41926383972168] [-5.7307333946228027:16.624153137207031] [-5.9011273384094238:17.179410934448242] [-6.0772461891174316:14.563096046447754] [-6.1608285903930664:13.83275032043457] [-6.3581118583679199:12.99347972869873] [-6.4696846008300781:13.138708114624023] [-6.7489876747131348:12.596780776977539] [-6.9109148979187012:12.885946273803711] [-6.8769254684448242:13.091307640075684] [-6.9186525344848633:13.254171371459961] [-7.1225705146789551:13.551502227783203] [-7.2040390968322754:13.064685821533203] [-7.4665942192077637:13.749843597412109] [-7.6629085540771484:13.28919792175293] [-8.0684852600097656:12.57823371887207] [-8.5505504608154297:12.936747550964355] [-9.04193115234375:13.933615684509277] [-9.5043439865112305:13.491730690002441] [-10.170346260070801:13.854236602783203] [-10.937721252441406:12.984281539916992] [-11.082827568054199:18.256818771362305] [-12.073580741882324:15.396571159362793] [-13.290007591247559:13.083724975585938] [-12.767669677734375:11.748091697692871] [-9.9642553329467773:14.820465087890625] [0:1] [-4.5060877799987793:10.705911636352539] [-4.4776420593261719:10.959723472595215] [-4.515477180480957:11.38120174407959] [-4.5564994812011719:10.736789703369141] [-4.625274658203125:9.7896089553833008] [-4.6482138633728027:10.053220748901367] [-4.7114391326904297:9.4435482025146484] [-4.7027239799499512:9.4323110580444336] [-4.8496193885803223:9.4201259613037109] [-4.9042034149169922:9.3488006591796875] [-4.9245200157165527:12.511114120483398] [-4.9960603713989258:12.523300170898438] [-5.0765318870544434:12.193946838378906] [-5.0853605270385742:14.438279151916504] [-5.155064582824707:13.691545486450195] [-5.2324051856994629:11.543551445007324] [-5.3199162483215332:9.5886726379394531] [-5.2885246276855469:8.125065803527832] [-5.2236328125:9.9871940612792969] [-5.3762741088867188:8.426274299621582] [-5.425600528717041:8.7311592102050781] [-5.4177160263061523:7.4519734382629395] [-5.3963432312011719:8.3741331100463867] [-5.5605716705322266:10.789878845214844] [-5.6501178741455078:11.296235084533691] [-5.6563630104064941:13.41217041015625] [-5.7210769653320312:12.685262680053711] [-5.7975735664367676:11.593866348266602] [-5.9451594352722168:13.167995452880859] [-5.9782185554504395:15.059138298034668] [-5.9085993766784668:19.713329315185547] [-5.9347414970397949:18.833087921142578] [-5.9563493728637695:16.093364715576172] [-5.7373237609863281:17.154552459716797] [-5.7753462791442871:16.340280532836914] [-5.7046017646789551:15.01935863494873] [-5.9531879425048828:14.277485847473145] [-6.1118583679199219:12.828607559204102] [-6.1671147346496582:12.212607383728027] [-6.3014988899230957:12.68026065826416] [-6.4790725708007812:12.905065536499023] [-6.7568697929382324:12.641118049621582] [-6.8751320838928223:12.868398666381836] [-6.8767905235290527:13.12968635559082] [-6.9294295310974121:13.376042366027832] [-7.0387058258056641:13.59478759765625] [-7.2207942008972168:13.078981399536133] [-7.5001106262207031:13.548933029174805] [-7.6675534248352051:13.344855308532715] [-8.1018466949462891:12.726864814758301] [-8.5933170318603516:13.178141593933105] [-8.9368419647216797:14.152790069580078] [-9.4647960662841797:12.235870361328125] [-10.281223297119141:10.901738166809082] [-10.901007652282715:11.066193580627441] [-11.103601455688477:13.903392791748047] [-12.210824012756348:11.473542213439941] [-13.163003921508789:12.69507884979248] [-12.045253753662109:13.387150764465332] [-11.330784797668457:13.05804443359375] [-4.4694552421569824:12.364547729492188] [-4.5065441131591797:12.475584030151367] [-4.5342764854431152:12.552258491516113] [-4.614220142364502:11.467157363891602] [-4.6605353355407715:9.7191200256347656] [-4.7014274597167969:11.157842636108398] [-4.6744346618652344:9.7485008239746094] [-4.7516059875488281:9.3603830337524414] [-4.8161330223083496:9.6873931884765625] [-4.879483699798584:11.628432273864746] [-4.950554370880127:13.794612884521484] [-5.0396823883056641:13.809728622436523] [-5.0407071113586426:13.465097427368164] [-5.1080689430236816:15.858750343322754] [-5.1834869384765625:13.516513824462891] [-5.2806301116943359:11.381366729736328] [-5.2730488777160645:9.4378576278686523] [-5.1841301918029785:11.404111862182617] [-5.260861873626709:10.971304893493652] [-5.3813142776489258:10.426162719726562] [-5.4248251914978027:8.6595821380615234] [-5.4215583801269531:8.6486663818359375] [-5.4711065292358398:9.9189023971557617] [-5.5930747985839844:12.057721138000488] [-5.6625690460205078:12.601513862609863] [-5.7410435676574707:14.864160537719727] [-5.7670345306396484:12.517831802368164] [-5.8784995079040527:12.960195541381836] [-6.0144743919372559:15.515985488891602] [-5.9076542854309082:18.397211074829102] [-5.9397273063659668:21.642131805419922] [-5.9762492179870605:18.663383483886719] [-5.7502484321594238:15.929986953735352] [-5.8212075233459473:18.964868545532227] [-5.6945705413818359:16.203899383544922] [-5.7385001182556152:16.747577667236328] [-6.0227470397949219:15.105884552001953] [-6.1280398368835449:13.969944953918457] [-6.3203849792480469:13.583281517028809] [-6.4115762710571289:13.272178649902344] [-6.6393833160400391:12.917142868041992] [-6.9075002670288086:12.775017738342285] [-6.8597655296325684:12.863348960876465] [-6.9257116317749023:13.397958755493164] [-7.0508217811584473:13.689351081848145] [-7.1778035163879395:13.560194969177246] [-7.4344058036804199:13.299524307250977] [-7.6260838508605957:13.969143867492676] [-7.8991255760192871:13.379057884216309] [-8.4126701354980469:13.358641624450684] [-8.9342136383056641:13.383628845214844] [-9.3077974319458008:14.836186408996582] [-9.9708642959594727:13.20805549621582] [-10.729340553283691:12.717198371887207] [-10.871740341186523:17.252283096313477] [-11.412809371948242:14.353494644165039] [-12.802080154418945:12.82408332824707] [-12.016819953918457:17.571023941040039] [-8.8328723907470703:16.732889175415039] [-0.9664994478225708:18.150262832641602] [-4.509951114654541:10.970551490783691] [-4.4893026351928711:10.572331428527832] [-4.5212345123291016:11.663507461547852] [-4.6033682823181152:11.011089324951172] [-4.6560182571411133:9.5434284210205078] [-4.6723294258117676:10.316717147827148] [-4.7199673652648926:9.7006664276123047] [-4.8146672248840332:9.3147363662719727] [-4.8514189720153809:9.1351890563964844] [-4.8982100486755371:9.6126041412353516] [-4.9627609252929688:12.835577011108398] [-5.0531826019287109:12.846935272216797] [-5.0791473388671875:12.513778686523438] [-5.0944623947143555:14.802810668945312] [-5.1988992691040039:14.052196502685547] [-5.2982311248779297:11.868125915527344] [-5.3243680000305176:9.8822784423828125] [-5.2925944328308105:8.0626363754272461] [-5.3336315155029297:9.5021562576293945] [-5.3936553001403809:8.678898811340332] [-5.4276752471923828:7.3090300559997559] [-5.4547786712646484:7.4885468482971191] [-5.4678592681884766:8.3379850387573242] [-5.6112656593322754:11.115287780761719] [-5.7098345756530762:11.634455680847168] [-5.7502040863037109:13.802389144897461] [-5.7573409080505371:13.060978889465332] [-5.8767204284667969:11.949478149414062] [-6.0333976745605469:13.344522476196289] [-6.0230088233947754:15.493541717529297] [-5.9386749267578125:20.259696960449219] [-5.9732193946838379:19.366657257080078] [-6.0415310859680176:16.565855026245117] [-5.8352794647216797:17.650793075561523] [-5.842282772064209:16.832828521728516] [-5.8002214431762695:15.490848541259766] [-6.0294156074523926:14.7484130859375] [-6.2035160064697266:12.3193359375] [-6.2449593544006348:11.640876770019531] [-6.3707242012023926:12.700116157531738] [-6.6030707359313965:12.507758140563965] [-6.8974943161010742:12.737316131591797] [-6.9426660537719727:12.919164657592773] [-6.8843932151794434:13.194018363952637] [-6.9864888191223145:13.271907806396484] [-7.1765751838684082:12.282461166381836] [-7.3374285697937012:12.516636848449707] [-7.5778088569641113:13.330254554748535] [-7.8059706687927246:11.930482864379883] [-8.3610620498657227:11.968048095703125] [-8.7595834732055664:12.861322402954102] [-9.2837324142456055:13.049732208251953] [-9.9335489273071289:10.72990894317627] [-10.472552299499512:10.996842384338379] [-11.284056663513184:10.400058746337891] [-11.82917594909668:15.071050643920898] [-13.020894050598145:12.20367431640625] [-14.091683387756348:9.2834072113037109] [-17.09532356262207:9.2433996200561523] [-18.621809005737305:0.97749477624893188] [-4.4851565361022949:11.250247001647949] [-4.4998044967651367:11.140832901000977] [-4.5257129669189453:12.130561828613281] [-4.6108927726745605:10.811211585998535] [-4.6575088500976562:9.3570899963378906] [-4.695035457611084:10.758352279663086] [-4.7102055549621582:9.5577478408813477] [-4.7844686508178711:9.3146648406982422] [-4.8468632698059082:9.1570854187011719] [-4.8921751976013184:10.64986515045166] [-4.9702982902526855:13.342713356018066] [-5.0465164184570312:13.356831550598145] [-5.0750961303710938:13.01786994934082] [-5.108086109161377:15.364109039306641] [-5.2056975364685059:13.80452823638916] [-5.2899789810180664:11.642142295837402] [-5.3154764175415039:9.6744718551635742] [-5.2443265914916992:9.6650094985961914] [-5.3128485679626465:10.191084861755371] [-5.3990697860717773:9.0887775421142578] [-5.4501681327819824:8.1712169647216797] [-5.4283246994018555:8.075596809387207] [-5.4640283584594727:8.9648656845092773] [-5.6155581474304199:11.617894172668457] [-5.6817092895507812:12.15272331237793] [-5.7364325523376465:14.375732421875] [-5.7794094085693359:12.817586898803711] [-5.8947405815124512:12.484643936157227] [-6.0207681655883789:14.530891418457031] [-5.9752917289733887:17.006471633911133] [-5.9518251419067383:21.013839721679688] [-5.9984264373779297:19.063619613647461] [-5.8605942726135254:16.288663864135742] [-5.8234906196594238:18.369888305664062] [-5.769096851348877:16.566127777099609] [-5.8080649375915527:16.17707633972168] [-6.0472779273986816:14.500238418579102] [-6.1795253753662109:12.158082008361816] [-6.3032870292663574:12.574977874755859] [-6.4212551116943359:13.015398979187012] [-6.6533603668212891:12.803818702697754] [-6.9075193405151367:12.833154678344727] [-6.9041876792907715:12.909438133239746] [-6.9317159652709961:13.225727081298828] [-7.0699520111083984:13.564881324768066] [-7.1657681465148926:13.076746940612793] [-7.4217629432678223:12.957056045532227] [-7.6558694839477539:13.652429580688477] [-7.9180240631103516:12.703413963317871] [-8.4232568740844727:12.459072113037109] [-8.9301271438598633:13.267132759094238] [-9.3723907470703125:14.0672607421875] [-10.001141548156738:11.75190258026123] [-10.776379585266113:10.828951835632324] [-11.225838661193848:13.92197322845459] [-11.705896377563477:15.008130073547363] [-13.201790809631348:12.156516075134277] [-13.247754096984863:12.385733604431152] [-12.01241397857666:11.325177192687988] [-11.108595848083496:12.819646835327148] [-0.023151803761720657:320.79556274414062] [-0.023552883416414261:342.58062744140625] [-0.024514675140380859:319.25338745117188] [-0.025893921032547951:317.08056640625] [-0.025641471147537231:420.46987915039062] [-0.036820705980062485:140.58912658691406] [-0.019704068079590797:399.36898803710938] [-0.027579342946410179:149.06684875488281] [-0.032341785728931427:134.7333984375] [-0.029248002916574478:155.65849304199219] [-0.026169661432504654:319.512939453125] [-0.024268930777907372:351.22409057617188] [-0.02471037395298481:370.87823486328125] [-0.022950077429413795:385.64321899414062] [-0.022395225241780281:386.80337524414062] [-0.023825481534004211:379.16131591796875] [-0.015462658368051052:198.29983520507812] [-0.023323949426412582:336.31124877929688] [-0.015774592757225037:234.04183959960938] [-0.018414083868265152:277.28448486328125] [-0.025623979046940804:413.89871215820312] [-0.026942715048789978:458.59365844726562] [-0.022823723033070564:376.15072631835938] [-0.03072655200958252:352.529052734375] [-0.026520777493715286:444.79776000976562] [-0.02059701643884182:385.6285400390625] [-0.026999535039067268:455.86917114257812] [-0.022171834483742714:371.3687744140625] [-0.016349649056792259:462.75802612304688] [-0.024673076346516609:413.50241088867188] [-0.018979929387569427:379.58163452148438] [-0.014445589855313301:267.478759765625] [-0.035802990198135376:390.68917846679688] [-0.019427074119448662:289.63323974609375] [-0.022304005920886993:333.93392944335938] [-0.02372928149998188:377.6591796875] [-0.0097173424437642097:128.033935546875] [-0.022759448736906052:340.16921997070312] [-0.010578913614153862:124.95587921142578] [-0.020813301205635071:412.00271606445312] [-0.013653680682182312:173.86936950683594] [-0.011283853091299534:157.67851257324219] [-0.01480985339730978:225.16484069824219] [-0.017652995884418488:297.6595458984375] [-0.0095784598961472511:167.72279357910156] [-0.011939272284507751:135.77664184570312] [-0.017059490084648132:362.34173583984375] [-0.016829557716846466:191.77696228027344] [-0.012630914337933064:248.39170837402344] [-0.013145782984793186:433.60562133789062] [-0.018381858244538307:197.36744689941406] [-0.0091012157499790192:187.41542053222656] [-0.019375069066882133:449.85595703125] [-0.033517889678478241:157.14990234375] [-0.011998369358479977:467.15005493164062] [-0.010289213620126247:490.4542236328125] [-0.019199203699827194:267.81991577148438] [-0.018684670329093933:22.048089981079102] [-0.047170400619506836:67.832717895507812] [0:1]
tree_sizes=3090 3078 3046 3058 3083 3019 3045 3069 3062 3037 3070 3062 3126 3035 3036 3047 3065

Tree=0
num_leaves=31
num_cat=0
split_feature=51 51 23 102 239 236 215 44 113 206 222 113 236 299 212 239 113 213 166 167 178 238 116 7 340 272 189 280 271 166
split_gain=237.8 169.289 221.368 109.162 106.324 90.0965 116.467 126.084 124.062 100.427 89.8867 83.3562 78.4022 75.3894 74.2674 73.2003 73.7235 72.1212 70.6537 81.3829 68.3628 68.2149 66.8344 63.6822 62.2038 62.1448 60.8861 59.781 92.5243 85.469
threshold=2.0265836715698247 0.26368845999240881 1.4829511642456057 0.032883182168006904 -5.3706080913543692 -1.1992776393890379 -1.7115881443023679 -1.7116882205009458 0.88430601358413707 -2.1884515285491939 0.37971414625644689 0.062100967392325408 0.41671024262905126 -2.7471493482589717 -1.6912330985069273 -0.21733430027961728 1.7200374007225039 -1.2681930065155027 0.31716407835483557 0.14466460794210437 -0.29071475565433497 3.119539856910706 0.86102721095085155 -0.66374242305755604 -0.012824278324842451 -1.4466538429260252 1.3981907963752749 1.6016754508018496 0.6667764186859132 0.86320483684539806
decision_type=2 2 2 2 2 2 2 2 2 2 2 2 2 2 2 2 2 2 2 2 2 2 2 2 2 2 2 2 2 2
left_child=1 2 3 4 24 9 7 -7 25 -3 26 -12 13 -6 -10 -2 -17 -11 22 -20 -21 -14 -5 -19 -1 -9 -4 28 -8 -29
right_child=15 5 10 18 12 6 27 8 14 17 11 -13 21 -15 -16 16 -18 23 19 20 -22 -23 -24 -25 -26 -27 -28 29 -30 -31
leaf_value=-0.020830843439426542 0.0077263591115114974 -0.020050151727623422 -0.0038583334652581283 -0.0017456579170199715 0.0056295281983757776 -0.0062301702312329383 -0.00062952747480062856 0.00037493219805071577 0.028319472476891948 0.009729541270478757 0.012193348863257488 0.0012446298528506346 0.0021890626405734115 0.00027017745457298995 0.0028199673250728897 -0.0056422747962577534 0.0037729037580754065 -0.01508815148889835 0.0057232763791160634 -0.002185090258572062 0.0011264801557051489 -0.019990125647632202 0.0037092636947145385 -0.003147129970696353 -0.0035673234027533652 0.02102199993452902 0.0069196264643627955 -0.007772692312826541 -0.0025040708252709277 0.0026352253155353974
leaf_weight=285 4024 377 1012 45903 2381 536 83380 950 394 291 2451 930 26870 180455 180 839 5009 488 2354 8890 15092 103 2063 2663 672 139 833 761 33490 6910
leaf_count=285 4024 377 1012 45903 2381 536 83380 950 394 291 2451 930 26870 180455 180 839 5009 488 2354 8890 15092 103 2063 2663 672 139 833 761 33490 6910
internal_value=-1.0139e-05 -0.000118896 0.000283812 0.000170339 0.000519768 -0.00101651 -0.000876396 0.00591729 0.0100383 -0.0055594 0.00639207 0.00929496 0.000567042 0.000342219 0.0211923 0.0045868 0.00235638 -0.00377893 -0.000816692 0.000422722 -8.94003e-05 0.00207851 -0.00150334 -0.00517456 -0.00933674 0.00361243 0.000868977 -0.00099969 -0.0011696 0.00154618
internal_weight=430725 420853 290294 285068 210766 130559 126740 2199 1663 3819 5226 3381 209809 182836 574 9872 5848 3442 74302 26336 23982 26973 47966 3151 957 1089 1845 124541 116870 7671
internal_count=430725 420853 290294 285068 210766 130559 126740 2199 1663 3819 5226 3381 209809 182836 574 9872 5848 3442 74302 26336 23982 26973 47966 3151 957 1089 1845 124541 116870 7671
is_linear=0
shrinkage=1


Tree=1
num_leaves=31
num_cat=0
split_feature=93 102 158 41 57 277 40 242 236 54 58 174 124 267 199 58 199 271 234 116 285 169 233 194 178 179 92 232 119 183
split_gain=217.287 153.251 118.305 110.927 183.622 101.836 161.232 104.633 123.723 103.203 108.634 91.8278 168.398 108.957 89.5071 88.7937 132.842 83.2347 91.4864 80.7365 72.6017 97.1717 72.682 71.1727 71.967 68.8544 119.004 67.2934 54.5682 60.8421
threshold=2.3133648633956914 0.032883182168006904 -2.3230168819427486 -3.7686390876770015 -2.6764093637466426 -2.1163847446441646 -2.0869898796081539 -2.7923324108123775 1.1147851347923281 2.6871548891067509 1.5662375092506411 1.5337148904800417 -2.0613170862197872 -1.2861865758895872 -0.96561789512634266 -0.93426322937011708 -0.18844011425971982 -3.5541388988494869 -1.2188592553138731 -2.166860699653625 -0.96772131323814381 -0.36238092184066767 -1.6771740317344663 1.3700489401817324 2.8048034906387334 -0.36560863256454462 -2.2795668840408321 2.4184429645538335 0.39459045231342321 0.078811917454004302
decision_type=2 2 2 2 2 2 2 2 2 2 2 2 2 2 2 2 2 2 2 2 2 2 2 2 2 2 2 2 2 2
left_child=1 3 -3 4 -1 6 9 8 14 10 -5 15 13 -13 -7 16 -4 -6 19 -19 21 -17 -22 24 -9 -8 -27 -2 -14 -30
right_child=27 2 11 5 17 7 25 23 -10 -11 -12 12 28 -15 -16 20 -18 18 -20 -21 22 -23 -24 -25 -26 26 -28 -29 29 -31
leaf_value=-0.021055828365367034 0.0038350017995138642 0.016907666298752542 -0.0085067291719161213 0.0014703164244930513 0.010928157005680259 -0.0099389213462425918 0.0031206388577984913 0.00028827935648473535 0.01557517845647044 0.018695494675163911 -0.0098680031498666887 -0.0021366291114439566 -0.0014043969828416987 0.029474073116940076 0.014997202136384492 -0.00059675500137740072 -0.0016324109502702238 0.00066897016626054175 0.012071985249097148 -0.020978808338927513 0.0058742467014332254 0.020363498436156334 -0.0008681068879526655 0.0057202348658643128 0.0062918552386939134 0.019622544305881385 0.0046820400223270085 0.011817598777639254 0.0055025374448807503 0.00028617640695901544
leaf_weight=552 3314 320 3299 9205 380 1957 1422 228902 189 271 806 115 5369 291 112 411 11462 228 160 334 1423 322 143873 2220 1797 986 1077 1455 3443 5124
leaf_count=552 3314 320 3299 9205 380 1957 1422 228902 189 271 806 115 5369 291 112 411 11462 228 160 334 1423 322 143873 2220 1797 986 1077 1455 3443 5124
internal_value=1.71489e-05 -5.3579e-05 -0.000734148 0.000421733 -0.00726422 0.000474584 0.00298321 0.000326215 -0.00606427 0.00105349 0.00050969 -0.000770022 0.00152048 0.0201361 -0.0083148 -0.000976357 -0.00319851 0 -0.00604803 -0.0119598 -0.000749275 0.00850878 -0.00079921 0.00038997 0.000336885 0.00855248 0.0120866 0.00637228 0.000928567 0.00242545
internal_weight=430819 426050 175452 250598 1654 248944 13767 235177 2258 10282 10011 175132 14342 406 2069 160790 14761 1102 722 562 146029 733 145296 232919 230699 3485 2063 4769 13936 8567
internal_count=430819 426050 175452 250598 1654 248944 13767 235177 2258 10282 10011 175132 14342 406 2069 160790 14761 1102 722 562 146029 733 145296 232919 230699 3485 2063 4769 13936 8567
is_linear=0
shrinkage=0.03


Tree=2
num_leaves=31
num_cat=0
split_feature=113 51 17 239 223 153 165 17 297 292 102 236 56 167 270 211 234 111 297 27 238 9 164 63 146 55 113 328 236 57
split_gain=226.981 210.421 209.186 124.879 112.906 126.24 129.741 145.072 116.663 128.502 85.8321 85.2035 112.518 82.6115 79.4821 79.4123 129.485 89.7001 83.4003 83.2452 84.9876 86.4009 85.571 74.1738 73.2997 71.9221 70.0732 66.3135 63.3038 62.9321
threshold=1.7200374007225039 0.26368845999240881 1.6519899964332583 -5.3706080913543692 2.3280589580535893 -1.8301347494125364 -0.37005825340747828 -1.3982797265052793 -0.17801499366760251 2.5272059440612797 0.032883182168006904 0.42481309175491339 1.1737502813339236 0.10963674262166025 1.1561259627342226 -1.4341901540756223 -0.95155397057533253 0.9337638020515443 -0.4540561437606811 -2.3120625019073482 -0.8118663728237151 -0.61838895082473744 -0.13083801418542859 0.14905302226543429 -1.4425972104072569 0.70054820179939281 0.67785266041755687 -0.014789646491408346 -1.072355270385742 -1.1696690917015073
decision_type=2 2 2 2 2 2 2 2 2 2 2 2 2 2 2 2 2 2 2 2 2 2 2 2 2 2 2 2 2 2
left_child=1 2 3 27 5 8 -7 13 -2 -10 11 12 -5 -8 -12 16 -3 18 24 -17 21 28 -23 -16 -18 -15 -20 -1 -21 -4
right_child=4 15 29 10 -6 6 7 -9 9 -11 14 -13 -14 25 23 19 17 -19 26 20 -22 22 -24 -25 -26 -27 -28 -29 -30 -31
leaf_value=-0.019102805587641776 -0.010937991881277411 -0.011116160676648763 -0.00055561858160779666 0.00038085498778212229 0.0084937628837086967 -0.0097576187982565381 -0.0034479704562363623 0.001292427738480962 0.030513227128709748 0 -0.00089139298362544419 0.0021608437741761645 -0.011515067387985993 0.0010309592604694582 0.0082952745940749091 0.018534173683580409 -0.013164354248023792 0.012825872941427185 0.00031717850493042022 -0.01908068266102482 -0.0010899339850278299 0.0059727328245842998 -0.0035234695073840683 0.00053247943322141933 0.01188462026707828 0.023406500509278359 0.011702988399343969 -0.0029294006589766102 -0.0061927063619201632 0.0091968014428880536
leaf_weight=423 100 491 666 182681 3254 831 172 10543 361 158 69937 26342 697 207 1580 168 469 942 1345 467 109653 924 7526 3925 105 550 798 600 1823 3040
leaf_count=423 100 491 666 182681 3254 831 172 10543 361 158 69937 26342 697 207 1580 168 469 942 1345 467 109653 924 7526 3925 105 550 798 600 1823 3040
internal_value=-4.60677e-07 -0.000137253 0.00030522 0.000212175 0.00348295 0.00218677 0.00148194 0.00233777 0.0152415 0.021061 0.000251083 0.000563986 0.000332753 0.0136077 -0.000614695 -0.00116807 0.00288066 0.00489065 0.00195623 -0.00131038 -0.00134364 -0.00389919 -0.002438 0.00283675 -0.0078313 0.0178581 0.00476468 -0.0101426 -0.00909327 0.00737012
internal_weight=430778 414602 289891 286185 16176 12922 12303 11472 619 519 285162 209720 183378 929 75442 124711 4150 3659 2717 120561 120393 10740 8450 5505 574 757 2143 1023 2290 3706
internal_count=430778 414602 289891 286185 16176 12922 12303 11472 619 519 285162 209720 183378 929 75442 124711 4150 3659 2717 120561 120393 10740 8450 5505 574 757 2143 1023 2290 3706
is_linear=0
shrinkage=0.03


Tree=3
num_leaves=31
num_cat=0
split_feature=93 102 41 234 225 113 17 57 58 186 37 40 238 175 356 23 39 163 62 106 31 58 198 115 51 96 181 232 230 3
split_gain=223.014 149.426 116.375 160.263 106.767 109.7 106.496 106.383 102.71 179.022 103.761 161.858 90.9425 81.2254 86.4206 79.7074 79.1893 77.4082 76.8912 73.1324 68.1961 66.3846 102.734 71.1759 65.3264 60.1532 70.4001 58.7836 57.0201 55.5837
threshold=2.3133648633956914 0.032883182168006904 -3.7686390876770015 -1.3088629245758054 -1.2796138525009153 1.7200374007225039 -1.4586850404739378 2.0929023027420048 1.9572397470474245 -2.1792007684707637 -2.1902248859405513 -2.3472199440002437 -1.004381477832794 -2.8273750543594356 -0.015589946880936621 -0.78242787718772877 -1.5002957582473753 -0.2732319831848144 -2.9092856645584102 -0.93865564465522755 -0.2485859468579292 -0.95276835560798634 -0.15119105577468869 -1.3694922924041746 -1.0406455993652342 1.6565949320793154 -0.35402064025402064 2.4184429645538335 -1.8010233640670774 -1.550177991390228
decision_type=2 2 2 2 2 2 2 2 2 2 2 2 2 2 2 2 2 2 2 2 2 2 2 2 2 2 2 2 2 2
left_child=1 2 3 12 24 16 20 8 10 17 11 -4 13 14 -1 19 -6 -10 -12 29 -7 22 -18 -23 -3 26 -8 -2 -5 -9
right_child=27 4 7 28 5 6 25 15 9 -11 18 -13 -14 -15 -16 -17 21 -19 -20 -21 -22 23 -24 -25 -26 -27 -28 -29 -30 -31
leaf_value=-0.022627356777492478 0.0040592508413781793 -0.0037026656287541069 0.00043836621975622145 0.020923314584618054 0.013182172486759371 0.0018713850093317963 0.0048570914098691421 -0.0032403240749983141 -0.021716440424055759 -0.0010096580415220058 -0.0067186193474072491 0.007969339965820204 -0.0019911625659822119 -0.027781618728064172 0.0042236941868508881 -0.001214296005477607 -0.0075371847728665908 0.0033343155402948349 0.00033460356992304143 0.013697139057253727 0.026773552688824778 0.0039487547555371524 -0.0015352982639382899 -0.00094411409759682734 0.01533527163710679 0.005119436170076536 -0.0017132089600633254 0.011610924321708366 -0.0028004613546456425 0.0096438688686029689
leaf_weight=161 3316 183 7028 186 330 213 1973 588 628 2630 1376 4116 555 410 221 976 3430 104 229848 1249 235 2684 10896 146383 569 2857 5548 1427 121 542
leaf_count=161 3316 183 7028 186 330 213 1973 588 628 2630 1376 4116 555 410 221 976 3430 104 229848 1249 235 2684 10896 146383 569 2857 5548 1427 121 542
internal_value=-2.11595e-05 -9.40202e-05 0.000374944 -0.007499 -0.000766473 -0.00081721 0.00209597 0.000429031 0.000355043 -0.0048298 0.000428595 0.00325607 -0.0120473 -0.0185021 -0.00690956 0.00572503 -0.00101191 -0.0177644 0.000290755 0.00868337 0.0161609 -0.00104402 -0.00300171 -0.000853486 0.0103379 0.00143005 0 0.00643348 0.0110561 0.0027389
internal_weight=430783 426040 250739 1654 175301 174549 10826 249085 245730 3362 242368 11144 1347 792 382 3355 163723 732 231224 2379 448 163393 14326 149067 752 10378 7521 4743 307 1130
internal_count=430783 426040 250739 1654 175301 174549 10826 249085 245730 3362 242368 11144 1347 792 382 3355 163723 732 231224 2379 448 163393 14326 149067 752 10378 7521 4743 307 1130
is_linear=0
shrinkage=0.03


Tree=4
num_leaves=31
num_cat=0
split_feature=210 41 239 113 17 294 154 182 34 113 112 90 206 287 92 340 100 217 178 118 180 23 193 218 238 113 146 348 115 33
split_gain=203.305 132.136 137.163 93.0643 96.9031 79.4344 105.58 77.4629 119.627 123.997 69.796 117.298 80.1112 71.759 68.7045 68.2409 65.8378 172.077 60.3715 64.4744 58.6947 80.1382 57.8076 58.4989 57.1363 78.6382 55.7503 55.6848 55.4357 55.3808
threshold=2.1195511817932133 0.042511919513344772 -5.3706080913543692 1.7200374007225039 -1.4586850404739378 2.2568356990814213 -1.9345994591712949 -2.9183493852615352 -2.5369069576263423 -2.5403870344161983 0.56877288222312938 1.2551838755607607 2.094447255134583 1.203652620315552 -0.27526694536209101 -0.013289556838572024 -3.2564510107040401 -2.4983814954757686 -0.93726050853729237 1.5082234740257265 0.28549587726593023 0.80458408594131481 1.5593314170837405 2.3243410587310795 -1.4131523966789243 0.069952178746461882 -2.2272686958312984 -0.0095486086793243868 -0.56957283616065968 -1.2735104560852049
decision_type=2 2 2 2 2 2 2 2 2 2 2 2 2 2 2 2 2 2 2 2 2 2 2 2 2 2 2 2 2 2
left_child=1 2 15 10 14 7 -7 8 27 -10 11 18 13 29 -5 -1 26 -18 -3 -20 21 -6 23 -2 -13 -26 -9 -4 -15 -12
right_child=22 3 5 4 20 6 -8 16 9 -11 12 24 -14 28 -16 -17 17 -19 19 -21 -22 -23 -24 -25 25 -27 -28 -29 -30 -31
leaf_value=-0.027588830756954848 -0.0036892328152630383 -0.0031279558024869649 -0.0040790225388819823 0.0008994780079684808 0.00091351354832059327 0.018430768795411234 0.0017683619878760839 -0.002989405491284302 -0.030865056789039794 -0.0061921690450023039 0.014783631502204535 -0.0035833999612310554 -0.010514388141318878 -0.008964650276409537 0.026514752144203048 -0.0062795147529679327 0.0057590252755598892 0.00032586858107727787 -0.00038529954277956931 -0.0061855543022298811 -0.00089504228196314389 0.0091433872490649104 0.0072828691900814055 0.0067549608425070736 0.0066838481531283469 0 -0.019956405325087356 0.0094493865581016315 0.00071333498873110278 -0.0023100104379237883
leaf_weight=160 1056 8717 480 197 3359 484 1238 2097 210 1324 147 942 922 534 225 972 5353 240446 87349 1749 4979 1613 4318 840 4096 2594 183 544 12651 41348
leaf_count=160 1056 8717 480 197 3359 484 1238 2097 210 1324 147 942 922 534 225 972 5353 240446 87349 1749 4979 1613 4318 840 4096 2594 183 544 12651 41348
internal_value=-1.45622e-05 -9.41588e-05 0.000340068 -0.000737988 0.0020047 0.00038833 0.00678169 0.00034267 -0.00482207 -0.0101166 -0.000916732 -0.000459225 -0.0017785 -0.00162193 0.0158174 -0.00997853 0.000397518 0.000445871 -0.000741396 -0.000503888 0.0013583 0.00366945 0.00536297 0.000803576 0.00311047 0.00410559 -0.00464336 0.00286393 0.000285668 -0.00223514
internal_weight=431127 424913 253491 171422 10373 252359 1722 250637 2558 1534 161049 105447 55602 54680 422 1132 248079 245799 97815 89098 9951 4972 6214 1896 7632 6690 2280 1024 13185 41495
internal_count=431127 424913 253491 171422 10373 252359 1722 250637 2558 1534 161049 105447 55602 54680 422 1132 248079 245799 97815 89098 9951 4972 6214 1896 7632 6690 2280 1024 13185 41495
is_linear=0
shrinkage=0.03


Tree=5
num_leaves=31
num_cat=0
split_feature=270 102 221 118 216 233 135 95 139 236 58 37 40 5 218 266 58 75 7 236 199 232 123 233 58 58 179 62 206 116
split_gain=200.839 108.819 105.349 156.901 101.849 86.3694 91.0525 85.9692 133.203 183.105 98.4082 84.0436 160.756 89.1674 82.4657 77.9731 75.1999 97.7559 79.8384 116.029 97.6727 68.4326 67.3308 58.9381 54.521 59.6448 46.482 44.7494 43.8198 43.5753
threshold=2.312810063362122 0.032883182168006904 -3.7718485593795772 -2.3211892843246456 -3.2384028434753414 1.7715411782264712 -1.9282787442207334 -3.545555472373962 -3.3427258729934688 1.1147851347923281 -1.0134776830673216 -2.2729496955871578 -2.3472199440002437 -2.8309129476547237 -2.3920496702194209 -0.45816762745380396 -0.95276835560798634 -0.16571032255887982 -1.4176759123802183 0.92626282572746288 -1.9834077954292295 2.4184429645538335 -0.24241113662719724 0.030496980994939808 -1.035720646381378 3.0988057851791386 0.92770966887474071 -2.163184285163879 -3.0369445085525508 3.1444625854492192
decision_type=2 2 2 2 2 2 2 2 2 2 2 2 2 2 2 2 2 2 2 2 2 2 2 2 2 2 2 2 2 2
left_child=1 2 3 -1 -3 16 -7 14 9 10 -9 12 -10 -13 27 -8 17 -6 19 -18 -20 23 -17 -2 28 26 -26 -4 -5 -25
right_child=21 4 7 24 5 6 15 8 11 -11 -12 13 -14 -15 -16 22 18 -19 20 -21 -22 -23 -24 29 25 -27 -28 -29 -30 -31
leaf_value=-0.019961528641558309 0.0096157800305271893 0.018817689699819312 0.010005058399733093 0 -0.0071693430923540609 0.025019513385800211 -0.0088539010570813075 0 0.00047331185168982101 0.019625878458699356 -0.021318548128158702 -0.0064546779866184005 0.008753069227963749 0.00031450862366831021 0.029022645591115163 0.0080898442312387648 0.00044346750480354674 -0.0014599267754387053 -0.021593080059666297 0.010589915328686557 -0.00076247166008648962 0.011808747813092053 0.001117000781221995 0.0022808751400019158 -5.1188796636896259e-05 -0.016115549087278112 0.0138327097877278 -0.010639763260403504 -0.02277960675410353 -0.01136626556487349
leaf_weight=551 1017 220 275 101 3653 136 557 294 6880 136 651 1741 3082 235630 161 1555 4686 11042 184 1301 144532 1374 6786 2128 416 101 355 110 136 210
leaf_count=551 1017 220 275 101 3653 136 557 294 6880 136 651 1741 3082 235630 161 1555 4686 11042 184 1301 144532 1374 6786 2128 416 101 355 110 136 210
internal_value=-2.39696e-05 -9.31724e-05 0.000306609 -0.00717224 -0.000668532 -0.000696983 0.00214691 0.000358253 0.000330375 -0.0100716 -0.0149746 0.000377861 0.00307733 0.000263057 0.012052 0.00170836 -0.000854371 -0.00290742 -0.000651829 0.00272619 -0.00079401 0.00611035 0.00246906 0.0036316 -0.000311181 0.00293158 0.00615038 0.00313166 -0.0127093 0.000841848
internal_weight=430001 425272 250620 1660 174652 174432 9034 248960 248414 1081 945 247333 9962 237371 546 8898 165398 14695 150703 5987 144716 4729 8341 3355 1109 872 771 385 237 2338
internal_count=430001 425272 250620 1660 174652 174432 9034 248960 248414 1081 945 247333 9962 237371 546 8898 165398 14695 150703 5987 144716 4729 8341 3355 1109 872 771 385 237 2338
is_linear=0
shrinkage=0.03


Tree=6
num_leaves=31
num_cat=0
split_feature=112 51 23 55 179 9 56 236 206 58 184 130 296 46 102 37 101 282 230 102 58 237 211 282 55 204 44 213 11 52
split_gain=177.46 134.316 177.419 100.624 112.386 106.612 99.064 86.8283 93.3261 84.6368 168.706 78.5874 83.2784 78.2611 77.1353 74.6429 98.0491 74.2942 74.1658 71.1411 67.7094 62.6632 57.7935 65.0993 64.7432 102.319 55.4228 55.2314 68.0968 53.7713
threshold=2.0494114160537724 0.19306453317403796 1.4829511642456057 1.5843713283538821 0.4054908305406571 -1.4862297773361204 3.1590631008148198 -1.1992776393890379 -2.1884515285491939 1.9572397470474245 -1.5519393682479856 -2.1623339653015132 0.8496711552143098 -0.48189492523670191 0.032883182168006904 -1.8487206697463987 -2.0115596055984493 0.4027699083089829 -0.32628670334815973 2.6794704198837285 2.4200303554534917 0.67959716916084301 0.74183002114295971 1.2502701878547671 1.207345247268677 -1.9966754317283628 -1.1430066823959348 -1.2681930065155027 -0.97466656565666188 0.79086461663246166
decision_type=2 2 2 2 2 2 2 2 2 2 2 2 2 2 2 2 2 2 2 2 2 2 2 2 2 2 2 2 2 2
left_child=1 2 3 9 -5 6 -6 8 -3 14 -11 12 -2 -12 18 16 21 -4 -1 -13 -21 -9 24 -24 25 -17 -16 -10 -29 -25
right_child=11 7 17 4 5 -7 -8 15 27 10 13 19 -14 -15 26 22 -18 -19 -20 20 -22 -23 23 29 -26 -27 -28 28 -30 -31
leaf_value=4.7608502187446591e-05 0 -0.018461922515697522 0.00053561592574848007 -0.0027493608841875207 0.023350891877757317 0.0027268967828298508 -0.0047563972760690373 0.0029597450312496736 0.0079317584341246049 -0.013419154066379469 0.0058172271722373116 0.001916959786574987 0.026561408487288784 -0.0066245896314143914 0.011391901709926964 -0.010200922295480124 0.012096833547173363 0.0086187214045543234 0.0012493993566790728 0.0038228829704197104 0.015758342189689835 -0.015393498164517683 -0.0026527446237904696 -0.0030702546823958275 0.001530586287019902 -0.00058789303802665586 -0.000755472729115296 -0.016563438296703349 -0.0029655065788860673 0.0012117336839008472
leaf_weight=126683 173 415 1622 752 653 791 108 529 312 1212 1126 7237 259 726 317 993 913 3211 73245 1279 722 213 25513 3696 13403 85698 66081 374 3007 9083
leaf_count=126683 173 415 1622 752 653 791 108 529 312 1212 1126 7237 259 726 317 993 913 3211 73245 1279 722 213 25513 3696 13403 85698 66081 374 3007 9083
internal_value=0 -9.26637e-05 0.000293567 0.000190857 0.00640935 0.0110164 0.0189582 -0.000835605 -0.0051357 0.000136087 -0.00480149 0.00401367 0.0164213 0.000761003 0.000194375 -0.000706607 0.0055669 0.00598116 0.000489474 0.00336682 0.0083912 -0.00218082 -0.000784595 -0.0017778 -0.000401357 -0.000703792 -0.000689548 -0.00346599 -0.00464645 -6.14538e-06
internal_weight=430346 420676 276527 271694 2304 1552 761 144149 4108 269390 3064 9670 432 1852 266326 140041 1655 4833 199928 9238 2001 742 138386 38292 100094 86691 66398 3693 3381 12779
internal_count=430346 420676 276527 271694 2304 1552 761 144149 4108 269390 3064 9670 432 1852 266326 140041 1655 4833 199928 9238 2001 742 138386 38292 100094 86691 66398 3693 3381 12779
is_linear=0
shrinkage=0.03


Tree=7
num_leaves=31
num_cat=0
split_feature=51 51 197 239 55 179 70 58 61 23 299 196 174 1 169 292 239 148 201 340 199 286 215 102 230 159 179 162 279 223
split_gain=155.195 162.403 147.077 84.3666 87.56 131.655 74.6353 72.0171 163.044 87.2892 67.8867 94.9653 66.3357 100.401 84.298 72.0557 65.2605 58.9669 77.722 56.3584 55.0778 55.7622 56.2392 54.5068 70.4778 70.2304 50.9881 50.0922 86.765 49.8557
threshold=2.0265836715698247 0.26368845999240881 1.6318547725677492 -5.3706080913543692 1.8051303029060366 -0.0086145130917429907 -1.4260451793670652 1.9572397470474245 -2.2704274654388423 -1.9843090176582334 -0.99561217427253712 1.9697526097297671 1.2335944175720217 -0.15761802345514295 0.73872482776641857 1.4648425579071047 0.11752369254827501 0.99525415897369396 1.960106432437897 -0.012590858619660137 -2.4353107213973995 2.7045338153839116 -1.756670296192169 1.1929360032081606 1.1470493674278261 0.67167073488235485 0.56762847304344188 -0.87322992086410511 -0.76136845350265492 -0.43939299881458277
decision_type=2 2 2 2 2 2 2 2 2 2 2 2 2 2 2 2 2 2 2 2 2 2 2 2 2 2 2 2 2 2
left_child=1 2 3 19 7 -6 -7 9 -9 -5 11 -3 20 14 15 -14 29 -4 -19 -1 27 22 -22 25 -25 -15 -18 -12 -29 -2
right_child=16 10 17 4 5 6 -8 8 -10 -11 12 -13 13 23 -16 -17 26 18 -20 -21 21 -23 -24 24 -26 -27 -28 28 -30 -31
leaf_value=-0.017247662257956327 0.016086908725443161 -0.0039419433584040068 -0.0017877007903522165 0.0024094687019678741 -0.0062237828659978643 0.018296106781404253 0.0031775555425345736 -0.018289121350188786 -0.0009091652323366964 0.00016322312094922442 -0.019496914103731434 0.007414006467507844 0.0025168830118033865 0.00012452217176068847 0.0066195974798437364 -0.0081033663500341621 -0.0056751601701858926 0.012082824416374356 0.0018830807056920921 -0.0021470143543139268 0.0062067744295761906 0.015372138141909287 -0.0010926030084538645 0.0074144608520573495 -0.00038330922160917711 -0.005473623404897471 0.0026118094883491529 0.0098969022849440032 -0.013821535587427207 0.0051392629986037617
leaf_weight=379 434 10303 599 16566 465 715 599 582 2763 263992 257 673 2474 4523 3934 727 764 1777 1212 644 928 165 97425 1379 3852 3478 4065 229 280 4414
leaf_count=379 434 10303 599 16566 465 715 599 582 2763 263992 257 673 2474 4523 3934 727 764 1777 1212 644 928 165 97425 1379 3852 3478 4065 229 280 4414
internal_value=2.26854e-05 -6.30545e-05 0.000331473 0.000254615 0.000286705 0.0068905 0.01178 0.000243785 -0.004113 0.000297088 -0.000942027 -0.00320615 -0.000731323 0.000819415 0.00368942 0 0.00377548 0.00635427 0.00808667 -0.00825257 -0.00105256 -0.000985821 -0.00101943 -0.000708751 0.00163562 -0.00227915 0.00122085 -0.00901117 -0.00261273 0.00624301
internal_weight=430597 420920 290293 286705 285682 1779 1314 283903 3345 280558 130627 10976 119651 20367 7135 3201 9677 3588 2989 1023 99284 98518 98353 13232 5231 8001 4829 766 509 4848
internal_count=430597 420920 290293 286705 285682 1779 1314 283903 3345 280558 130627 10976 119651 20367 7135 3201 9677 3588 2989 1023 99284 98518 98353 13232 5231 8001 4829 766 509 4848
is_linear=0
shrinkage=0.03


Tree=8
num_leaves=31
num_cat=0
split_feature=93 283 239 51 173 76 58 188 112 198 171 110 206 230 123 55 56 225 12 11 55 44 233 6 235 111 195 232 87 358
split_gain=175.647 114.54 115.002 105.027 76.1407 86.461 71.6702 83.8985 72.901 101.968 94.4762 72.9566 69.3212 65.327 60.3486 123.06 59.4328 123.34 109.075 96.8519 108.718 74.0396 58.3908 66.5717 56.2132 74.4921 67.3823 48.9233 48.6965 48.6761
threshold=2.3133648633956914 -0.10549240931868552 -5.3706080913543692 2.0265836715698247 2.0534075498580937 -1.662209630012512 -0.95276835560798634 -0.3661369234323501 0.53211280703544628 1.7828017473220827 0.19625365734100345 -0.357349082827568 -0.21489447355270383 -2.0208536386489864 -0.25933441519737238 2.6952356100082402 -2.2881309986114498 -3.9416347742080684 -2.5803521871566768 -3.2378572225570674 0.39262436330318456 -2.2926769256591792 0.66289460659027111 -2.4079544544219966 -0.78981423377990712 -1.2232241034507749 -2.5176687240600581 2.4184429645538335 -1.4889816641807554 -0.014493345748633145
decision_type=2 2 2 2 2 2 2 2 2 2 2 2 2 2 2 2 2 2 2 2 2 2 2 2 2 2 2 2 2 2
left_child=1 2 13 16 6 28 7 24 9 11 -11 -8 -7 -1 15 -14 17 -4 -19 20 -18 -21 -10 -24 25 -3 -26 -2 -6 -29
right_child=27 4 3 -5 5 12 8 -9 22 10 -12 -13 14 -15 -16 -17 19 18 -20 21 -22 -23 23 -25 26 -27 -28 29 -30 -31
leaf_value=-0.013922998074798154 0.0035636116220331463 0.0073953235294902699 -0.0088766323587557375 0.011552450662716141 0 -0.0062541043810929817 -0.0017620358390851218 -0.0012376871694758818 -0.0026199181466277899 0.011926501093613038 -0.001629450370318814 0.00018934806161314833 0.00061410093123168076 0.0027697152594125573 0.0012610386441899916 0.021502256316572047 -0.014661752637063557 0.013678099766216117 0.0027227622776929169 -0.0024708099787660205 0.0095346444713451505 0.00054230573832437417 0.020615727592771516 -0.00073043665261913831 0.014409609065007637 -0.013681510894494764 -0.0046789493993848498 0.016507220135082656 0.021621357493067331 0.0045967015527219272
leaf_weight=755 3321 140 623 755 120 840 20637 14515 19900 1195 683 103560 677 244 4840 420 720 1028 4375 7583 185 190940 111 46342 150 1199 3077 663 299 774
leaf_count=755 3321 140 623 755 120 840 20637 14515 19900 1195 683 103560 677 244 4840 420 720 1028 4375 7583 185 190940 111 46342 150 1199 3077 663 299 774
internal_value=2.04683e-05 -4.29991e-05 0.000461644 0.000512657 -0.000522484 0.00249975 -0.000626952 -0.0023834 -0.000450995 -2.49059e-05 0.00687313 -0.000132717 0.00160941 -0.00957715 0.0027896 0.00912177 0.000469507 0.00340614 0.00490525 0.000378936 -0.00929199 0.000425465 -0.00125582 -0.000664124 -0.00593885 -0.0111807 -0.00361598 0.00574095 0.0154875 0.010449
internal_weight=430671 425913 207208 206209 218705 7196 211509 19081 192428 126075 1878 124197 6777 999 5937 1097 205454 6026 5403 199428 905 198523 66353 46453 4566 1339 3227 4758 419 1437
internal_count=430671 425913 207208 206209 218705 7196 211509 19081 192428 126075 1878 124197 6777 999 5937 1097 205454 6026 5403 199428 905 198523 66353 46453 4566 1339 3227 4758 419 1437
is_linear=0
shrinkage=0.03


Tree=9
num_leaves=31
num_cat=0
split_feature=270 41 57 157 160 98 55 80 161 180 239 226 113 112 90 167 228 283 117 293 58 281 227 58 178 26 46 193 12 83
split_gain=165.248 97.8318 148.997 130.222 152.705 86.6762 90.4272 85.36 80.2093 112.612 139.116 79.4762 75.502 76.0118 103.848 83.0152 74.9805 85.7462 73.0686 99.8984 97.5986 68.9397 65.9195 64.7125 59.0714 58.9816 56.9821 56.0007 55.8896 68.5558
threshold=2.312810063362122 -3.7686390876770015 -1.7528342008590696 -2.0809938907623287 -2.2190775871276851 -2.4644439220428462 -2.4714288711547847 -3.3742741346359248 0.10568649321794511 -2.6725172996520992 -2.8485661745071407 -0.73456779122352589 1.7200374007225039 0.55642884969711315 1.2900176644325259 0.033224340528249748 -3.0374879837036128 -2.0229265689849849 -2.4767459630966182 -2.5102105140686031 -3.1829096078872676 -0.26989512145519251 -2.0747898817062373 -1.124554395675659 0.21051941066980365 0.17886393517255786 -1.9322096705436704 -3.2659748792648311 -1.4701846837997434 -0.25996577739715571
decision_type=2 2 2 2 2 2 2 2 2 2 2 2 2 2 2 2 2 2 2 2 2 2 2 2 2 2 2 2 2 2
left_child=1 2 -1 4 7 6 -6 26 9 10 22 27 13 14 -10 -15 17 -11 20 -20 -9 -12 -5 -4 -25 -18 -3 -7 -14 -30
right_child=-2 3 23 8 5 11 -8 18 12 16 21 -13 28 15 -16 -17 25 -19 19 -21 -22 -23 -24 24 -26 -27 -28 -29 29 -31
leaf_value=-0.017739545543734258 0.005552312283295429 -0.020694295820403535 -0.014548285479112615 -0.0039683978486287188 -0.010978206259290848 0.02690315537800592 0.015316014362158896 -0.0017512822731007491 -0.00060081979206385227 0 -0.0092735291822210915 -0.0049183041169357589 0.01089931361956239 -0.0075433967132015924 0.0031078410858201115 -0.0014729905885748037 0.00044987162604884993 0.019713006155278448 -0.0072365368783281021 0.0015475973482807254 0.013033730429282313 0.008694452198222279 0.01833316954073844 0.018014691840221291 -0.00010214653020742035 -0.00082766504060605552 0.0025608084812050774 0.0053820959110701351 -0.0057739157482946469 0.0020663989915402602
leaf_weight=689 4766 257 192 158 101 104 1368 631 84882 434 2559 639 557 2120 7351 52999 209410 363 1425 5969 935 175 277 185 623 38356 106 2813 1091 9272
leaf_count=689 4766 257 192 158 101 104 1368 631 84882 434 2559 639 557 2120 7351 52999 209410 363 1425 5969 935 175 277 185 623 38356 106 2813 1091 9272
internal_value=8.303e-06 -5.32699e-05 -0.00721723 -2.37103e-05 0.0027827 0.00699159 0.0131835 0.000471929 -0.000122783 0.000209029 -0.00538803 0.00429035 -0.000652384 -0.000832195 -0.000301377 -0.00171456 0.000282022 0.00936563 0.00109342 -0.000119805 0.00694018 -0.0079597 0.00975511 0 0.00401852 0.000250838 -0.0133411 0.00642951 0.00174361 0.00120256
internal_weight=430807 426041 1689 424352 14348 5025 1469 9323 410004 251732 3169 3556 158272 147352 92233 55119 248563 797 8960 7394 1566 2734 435 1000 808 247766 363 2917 10920 10363
internal_count=430807 426041 1689 424352 14348 5025 1469 9323 410004 251732 3169 3556 158272 147352 92233 55119 248563 797 8960 7394 1566 2734 435 1000 808 247766 363 2917 10920 10363
is_linear=0
shrinkage=0.03


Tree=10
num_leaves=31
num_cat=0
split_feature=152 102 225 46 100 234 217 225 229 232 107 175 237 65 288 141 170 104 106 38 169 234 113 113 128 209 178 118 225 234
split_gain=149.551 107.539 95.2464 91.309 82.9637 156.613 105.869 178.826 84.9252 82.3453 80.6639 76.5037 122.798 75.4154 140.397 100.929 93.5185 84.7377 73.3894 72.961 71.7959 70.5303 69.3181 72.8557 93.3182 67.648 66.6459 65.1408 64.5764 59.0508
threshold=2.3674019575119023 0.032883182168006904 -1.2251992821693418 0.17121125757694247 -3.2564510107040401 0.91963410377502453 -2.4983814954757686 -1.8718198537826536 -2.5406061410903926 -1.0250614285469053 -0.3984809517860412 -2.2761913537979122 -4.195051670074462 -2.4685909748077388 1.3123985528945925 -1.5417888760566709 -1.9510651230812071 -1.9412885308265684 0.90841448307037365 -3.2420372962951656 -0.43582707643508906 -1.1436311602592466 -0.59104385972022999 1.7200374007225039 -1.5851022005081175 -2.4955546855926509 -0.32805490493774409 1.1399636268615725 0.42724031209945684 -1.8441177010536192
decision_type=2 2 2 2 2 2 2 2 2 2 2 2 2 2 2 2 2 2 2 2 2 2 2 2 2 2 2 2 2 2
left_child=1 4 20 25 5 8 7 19 11 18 -9 12 -1 14 15 -8 17 -15 -10 -6 -3 -18 26 27 -25 -4 -5 -24 -16 -13
right_child=-2 2 3 22 6 -7 13 10 9 -11 -12 29 -14 16 28 -17 21 -19 -20 -21 -22 -23 23 24 -26 -27 -28 -29 -30 -31
leaf_value=-0.014111357042637803 0.0053139681042655871 0.0001997454463540075 0.011004878469292568 -0.00043179705868107409 0.015788811235073603 0.02100155578720285 -0.0020489454574035724 0.014719677266205947 0.0084359693461476017 -0.01301877198241917 0.00059881954659349128 -0.023016384296032266 0.0077949133767673739 0.00062285553755749012 0.027114244727037697 -0.012166133305100279 -0.001200727249843008 0.0070259851717800271 -0.012124898865978348 -0.00043710206368395631 0.018197615899407885 0.00045331193356233006 -0.00039131120484865928 0.016056974210237291 0.0013374180947689324 -0.001885233591768156 0.0056122202792824507 -0.0026916633399954857 0 -0.005015838076770196
leaf_weight=466 4663 448 343 2966 245 179 5167 1571 763 316 533 537 403 4137 176 1088 26141 3545 167 3885 399 200750 95111 389 10216 49354 3429 12618 116 321
leaf_count=466 4663 448 343 2966 245 179 5167 1571 763 316 533 537 403 4137 176 1088 26141 3545 167 3885 399 200750 95111 389 10216 49354 3429 12618 116 321
internal_value=-1.69948e-05 -7.63293e-05 -0.000646844 -0.000697669 0.000321668 -0.00449193 0.000384578 0.00424165 -0.00625717 -2.86726e-05 0.011323 -0.0105274 -0.00366802 0.000283269 -0.0028824 -0.00388971 0.00037314 0.00362722 0.00425053 0.000524615 0.00924831 0.000261332 -0.000261475 -0.000428257 0.00193479 -0.00178584 0.00276963 -0.000663979 0.0166002 -0.0168913
internal_weight=430442 425779 175273 174426 250506 3152 247354 6234 2973 1246 2104 1727 869 241120 6547 6255 234573 7682 930 4130 847 226891 124729 118334 10605 49697 6395 107729 292 858
internal_count=430442 425779 175273 174426 250506 3152 247354 6234 2973 1246 2104 1727 869 241120 6547 6255 234573 7682 930 4130 847 226891 124729 118334 10605 49697 6395 107729 292 858
is_linear=0
shrinkage=0.03


Tree=11
num_leaves=31
num_cat=0
split_feature=174 77 223 237 55 77 163 225 275 139 160 106 53 37 56 199 185 78 55 112 297 55 114 115 56 209 298 56 228 298
split_gain=141.197 104.058 111.712 102.753 95.8266 93.8392 106.54 88.6304 84.5835 151.998 81.6784 79.631 77.0501 73.6686 68.1644 64.3275 95.8649 92.6529 77.0071 68.2663 63.2083 78.755 77.0968 58.0682 56.6933 53.7793 53.515 53.4269 46.7832 47.76
threshold=2.2096824645996098 -1.5921979546546934 2.3280589580535893 2.3843479156494145 1.04417359828949 1.9957059621810915 1.0000000180025095e-35 -3.9416347742080684 -3.5685914754867549 -3.3427258729934688 -3.220043301582336 -0.64289668202400196 -0.098707452416419969 -2.2729496955871578 -1.6253687143325803 -0.40674872696399683 -2.621932744979858 -0.23020040243864057 1.207345247268677 0.42257167398929601 -3.0027314424514766 -2.4714288711547847 -1.256529629230499 -0.12660902738571164 -0.78821647167205799 1.0745211839675906 -1.7202446460723875 0.77791941165924083 -0.82808965444564808 -0.70693311095237721
decision_type=2 2 2 2 2 2 2 2 2 2 2 2 2 2 2 2 2 2 2 2 2 2 2 2 2 2 2 2 2 2
left_child=5 3 -3 4 -2 6 7 20 10 11 23 -10 25 -11 28 17 -17 18 -16 -18 -1 -22 -23 -9 -19 -7 -14 -6 -8 -30
right_child=1 2 -4 -5 27 12 14 8 9 13 -12 -13 26 -15 15 16 19 24 -20 -21 21 22 -24 -25 -26 -27 -28 -29 29 -31
leaf_value=-0.013999390897040611 -0.00055774168484637714 -2.285796456090872e-05 0.0073637028906796947 -0.0050923539082545089 0.03391231227933119 -0.0011339312763147394 0.004657210788783118 -0.0078676882399668097 -0.014021835676780623 0.0029296905539701527 0.021810283499752565 0.010599284999604736 0.012180361840896161 0.00019610541288367841 -0.0021101539636062426 0.024489893549584228 0.00022910078295616487 -0.024587371361455276 0.0027703691762117114 -0.0011059167621519544 0.0089306264513969776 -0.01678042770388561 0.0063670077199330091 0.014215298679075845 -0.0064936001425964359 0.011523708757866007 4.9001241296368317e-05 0.014008916118759228 -0.0081986227423425286 0.00047785485366547251
leaf_weight=641 237 5868 2614 246 205 326 357 236 934 9232 303 106 347 232011 24850 119 72111 189 3228 65517 356 350 163 161 1192 1407 3516 666 2366 664
leaf_count=641 237 5868 2614 246 205 326 357 236 934 9232 303 106 347 232011 24850 119 72111 189 3228 65517 356 350 163 161 1192 1407 3516 666 2366 664
internal_value=-2.73807e-05 0.00352109 0.00223023 0.0112391 0.015157 -0.000111224 -0.000164025 0.000236515 0.000283002 0.000251201 0.0105605 -0.0110767 0.00373851 0.000302193 -0.000739796 -0.000652049 -0.000377079 -0.00192647 -0.00153681 -0.000404315 -0.00695378 -0.00122124 -0.0088998 0.000620722 -0.00949965 0.00898573 0.0012731 0.0196862 -0.0049543 -0.00620822
internal_weight=430518 9836 8482 1354 1108 420682 415086 244493 242983 242283 700 1040 5596 241243 170593 167206 137747 29459 28078 137628 1510 869 513 397 1381 1733 3863 871 3387 3030
internal_count=430518 9836 8482 1354 1108 420682 415086 244493 242983 242283 700 1040 5596 241243 170593 167206 137747 29459 28078 137628 1510 869 513 397 1381 1733 3863 871 3387 3030
is_linear=0
shrinkage=0.03


Tree=12
num_leaves=31
num_cat=0
split_feature=270 102 239 349 57 78 117 158 178 138 299 89 46 143 123 102 58 253 188 56 255 235 61 45 60 148 178 46 232 228
split_gain=143.186 88.3584 90.7401 84.9997 82.736 108.782 82.5539 80.2275 77.6213 134.83 84.1942 75.2246 71.5453 69.5884 126.74 89.5826 64.6138 88.0628 79.289 98.4982 81.1443 64.2267 62.3018 60.2386 59.2885 102.876 58.587 46.7319 37.8673 74.0979
threshold=2.312810063362122 0.032883182168006904 -5.3706080913543692 -0.011215014383196829 2.0929023027420048 1.0000000180025095e-35 3.156035423278809 -2.3230168819427486 0.75210541486740123 -2.4950497150421138 1.1352182030677798 -1.9447390437126157 1.1109495162963869 -1.9720532894134519 -2.5286471843719478 -0.98459619283676136 -0.93426322937011708 -0.0087662790901958925 -1.3606942892074583 1.5803158283233645 -1.7113878726959226 -0.4498020708560943 -0.4946445077657699 -0.17460858821868894 -0.23960784822702405 0.57504087686538707 0.60663720965385448 -0.43141101300716395 1.8729179501533511 1.6563505530357363
decision_type=2 2 2 2 2 2 2 2 2 2 2 2 2 2 2 2 2 2 2 2 2 2 2 2 2 2 2 2 2 2
left_child=1 2 3 -1 8 6 11 -3 13 10 -10 -6 16 15 -15 -4 17 -9 19 -18 -20 -14 -19 -11 25 -23 -26 -8 29 -2
right_child=28 7 4 -5 5 -7 27 12 9 23 -12 -13 21 14 -16 -17 18 22 20 -21 -22 24 -24 -25 26 -27 -28 -29 -30 -31
leaf_value=-0.015097288398732688 0.0061199611532526035 0.013701342062625122 0.0035547107438190463 0.0013273928173025762 0.017554666646955978 -0.01328756038899059 -0.0055791166382966806 -0.0064918311037545414 -0.0023581797754004792 0.00055867921664227126 -0.013881512995871283 0.0054317525613091508 -0.0032706920905177768 -0.0085804765152819353 0.00038392572033100504 -0.0024055460767769066 0.0012644860443382009 0.012258294587155258 -0.01855683475279082 0.013721911107841595 -0.00081104131142991232 0.0004180368607577924 -0.0016452750739336958 -0.0025294143827361503 0.0020544203071655867 0.0086021731130648486 -0.0010115792580514301 0.0083135980237596507 0.008274409053643279 -0.0043283603719472116
leaf_weight=643 1811 332 12179 436 726 245 641 4204 1290 15505 1141 1600 3245 1407 203327 2711 5184 277 214 636 124540 3428 8202 8864 10657 2397 11674 299 2072 867
leaf_count=643 1811 332 12179 436 726 245 641 4204 1290 15505 1141 1600 3245 1407 203327 2711 5184 277 214 636 124540 3428 8202 8864 10657 2397 11674 299 2072 867
internal_value=3.75572e-06 -5.34209e-05 0.000306535 -0.00828409 0.000345482 0.0049103 0.00643928 -0.000571449 0.000278833 -0.00124174 -0.00795824 0.00946088 -0.000601863 0.000465846 0.000320022 0.00244764 -0.000887036 -0.00293696 -0.000685205 0.00271951 -0.000846856 0.000689337 -0.00112798 -0.000553439 0.00115838 0.00385506 0.000438711 -0.000766415 0.00517326 0.00261912
internal_weight=430754 426004 251014 1079 249935 3511 3266 174990 246424 26800 2431 2326 174658 219624 204734 14890 143257 12683 130574 5820 124754 31401 8479 24369 28156 5825 22331 940 4750 2678
internal_count=430754 426004 251014 1079 249935 3511 3266 174990 246424 26800 2431 2326 174658 219624 204734 14890 143257 12683 130574 5820 124754 31401 8479 24369 28156 5825 22331 940 4750 2678
is_linear=0
shrinkage=0.03


Tree=13
num_leaves=31
num_cat=0
split_feature=93 102 41 58 37 40 226 155 5 239 175 58 225 286 39 115 9 158 165 171 162 26 121 179 40 176 224 236 311 177
split_gain=131.202 96.1217 77.6243 139.647 88.0087 142.895 101.506 99.7697 83.0093 143.733 80.7349 92.9103 74.2918 65.8811 65.5408 65.0902 63.9207 61.9481 61.0615 60.1168 55.1244 61.0303 49.8623 72.0401 70.019 47.8868 43.9871 43.1621 43.1241 40.4621
threshold=2.1418708562850957 0.032883182168006904 -3.7686390876770015 -1.201565086841583 -2.2729496955871578 -2.4565867185592647 -0.7214803397655486 -3.1843408346176143 -2.8309129476547237 -1.2537833452224729 3.2911273241043095 1.6294233798980715 -1.2796138525009153 0.0079743582755327242 -2.10072910785675 0.52899807691574108 -2.8652180433273311 -2.23085606098175 -1.1309929490089414 -1.1756346225738523 0.71867048740386974 1.1936557292938235 -2.0104337930679317 -0.302855834364891 -0.25849506258964533 2.9844985008239751 -0.26440154016017908 -1.983253479003906 -0.0042745270766317836 0.59600487351417553
decision_type=2 2 2 2 2 2 2 2 2 2 2 2 2 2 2 2 2 2 2 2 2 2 2 2 2 2 2 2 2 2
left_child=1 2 3 16 5 10 18 -6 9 -9 11 -4 19 17 -10 29 -1 -14 -7 -3 21 -19 23 -15 -25 -12 -24 -28 -22 -5
right_child=-2 12 4 15 7 6 -8 8 14 -11 25 -13 13 22 -16 -17 -18 20 -20 -21 28 -23 26 24 -26 -27 27 -29 -30 -31
leaf_value=0 0.0042706524658156896 -0.0078898532126022852 0.0007171248837007625 -0.0082075048787064921 0.025487395294030456 0.0069588759777677823 -0.0042562845342769993 0.0046123482943394821 -0.0033359855921390857 -0.010622074898377987 0.026812865161289664 -0.011576342385705009 0.012498402003969612 -0.0069081656252719245 0.00035192647433214048 0.018579479354799169 -0.02197517889045824 -0.0019055852654612615 0.017087932342663405 0.012626153880535344 -0.0079568128651483147 0.005001662409225607 0.0060553685262080426 -0.0092096292009340459 0.010171298612377356 0 -0.0053826844384750423 -0.00042051371285534411 3.3542218601263791e-05 0.0041422128490940825
leaf_weight=163 6376 127 5740 477 121 2821 537 811 4387 1572 140 590 241 349 231541 138 488 26335 750 625 2266 1163 907 161 1262 118 1588 137918 727 409
leaf_count=163 6376 127 5740 477 121 2821 537 811 4387 1572 140 590 241 349 231541 138 488 26335 750 625 2266 1163 907 161 1262 118 1588 137918 727 409
internal_value=5.29659e-06 -5.82648e-05 0.00031661 -0.00607187 0.000361251 0.00302333 0.0074024 0.000240329 0.000224114 -0.0053173 0.000233178 -0.00041432 -0.00060134 -0.00064434 0.000281803 0.000606741 -0.0167291 -0.00190579 0.0092531 0.00865811 -0.00203759 -0.00159913 -0.000369349 0.00458903 0.00767336 0.0160855 -0.000434704 -0.000479912 -0.00592905 -0.00220985
internal_weight=430848 424472 250803 1675 249128 10696 4108 238432 238311 2383 6588 6330 173669 172917 235928 1024 651 30732 3571 752 30491 27498 142185 1772 1423 258 140413 139506 2993 886
internal_count=430848 424472 250803 1675 249128 10696 4108 238432 238311 2383 6588 6330 173669 172917 235928 1024 651 30732 3571 752 30491 27498 142185 1772 1423 258 140413 139506 2993 886
is_linear=0
shrinkage=0.03


Tree=14
num_leaves=31
num_cat=0
split_feature=113 51 210 153 165 297 237 132 150 239 107 211 27 117 111 95 105 116 341 122 203 52 238 239 200 166 217 221 205 134
split_gain=136.104 120.214 133.522 95.7652 154.745 102.637 107.644 90.8282 100.693 74.2571 69.4583 64.2037 110.95 86.0434 78.6662 74.4624 67.3069 73.0168 62.2252 59.4004 121.226 58.2716 82.1321 58.0413 85.4921 122.572 64.634 64.2299 56.4649 56.4412
threshold=1.7200374007225039 0.26368845999240881 1.5856456160545351 -1.8301347494125364 -0.37005825340747828 -0.17067658901214597 0.23181517422199252 -1.3335583209991453 1.8436991572380068 -5.3706080913543692 -0.20132312923669812 -1.4341901540756223 -1.3088591694831846 -1.3193213343620298 1.9021627902984621 -1.7813417911529539 -0.086397092789411531 1.6415497064590456 -0.011022583581507204 -2.7852392196655269 -0.8633928894996642 -1.0000000180025095e-35 -1.4131523966789243 -3.3573622703552242 -3.3986517190933223 -0.67271804809570301 -2.4983814954757686 -3.7718485593795772 -1.1203092336654661 -3.2495683431625362
decision_type=2 2 2 2 2 2 2 2 2 2 2 2 2 2 2 2 2 2 2 2 2 2 2 2 2 2 2 2 2 2
left_child=1 2 9 5 -5 -2 -7 10 28 18 -6 12 13 14 -3 -13 -15 -18 -1 20 -17 22 -4 27 25 -25 -26 -11 -9 -29
right_child=3 11 21 4 7 6 -8 8 -10 23 -12 15 -14 16 -16 19 17 -19 -20 -21 -22 -23 -24 24 26 -27 -28 29 -30 -31
leaf_value=-0.025509899581149922 -0.0099441297415674458 -0.018291380137661569 -0.0024047946417898448 -0.0099152833366178573 -0.0071846888203505582 0.033493935249620278 0.0044671736668890774 -0.013130932074264117 0.006209402401673815 -0.012326196808063862 0.01425734889990714 0.017003395224177542 0.013163688705134173 0.0053041522633732368 0.0042114569734445417 -0.0026312437637756435 -0.0089538123693127247 0.013902478213612065 -0.0042101015136526395 -0.0010904661361442699 0.035537221520708116 0 0.010925429604391902 -0.012607871784996656 0.0030570211387608332 0.01903525171000978 8.7458871545979716e-05 0.021137395703459409 0.00094512909417924888 0.0039109392113619327
leaf_weight=139 102 359 467 865 126 247 263 242 4046 176 941 184 734 2147 182 157 669 127 914 120111 101 966 2087 866 6751 101 273627 174 9330 3165
leaf_count=139 102 359 467 865 126 247 263 242 4046 176 941 184 734 2147 182 157 669 127 914 120111 101 966 2087 866 6751 101 273627 174 9330 3165
internal_value=-9.21952e-06 -0.000115356 0.00021938 0.00268912 0.00219791 0.0142309 0.0198247 0.00294433 0.00224696 0.000146599 0.0113637 -0.000894163 0.00271644 0.000367256 -0.0103061 -0.00102341 0.00248687 -0.00468813 -0.00772443 -0.00105628 0.0127132 0.00601211 0.0083717 0.000177288 0.000128177 -0.00868015 0.000160243 0.0040003 0.000531344 0.00501846
internal_weight=430366 414204 289433 16162 15550 612 510 14685 13618 285913 1067 124771 4218 3484 541 120553 2943 796 1053 120369 258 3520 2554 284860 281345 967 280378 3515 9572 3339
internal_count=430366 414204 289433 16162 15550 612 510 14685 13618 285913 1067 124771 4218 3484 541 120553 2943 796 1053 120369 258 3520 2554 284860 281345 967 280378 3515 9572 3339
is_linear=0
shrinkage=0.03


Tree=15
num_leaves=31
num_cat=0
split_feature=17 122 174 109 41 155 24 289 51 44 98 167 178 58 191 110 229 279 20 212 160 235 103 232 298 28 293 239 199 53
split_gain=121.174 111.528 128.896 96.2764 85.1668 133.582 108.656 91.1856 108.101 90.8091 80.8431 89.5841 75.0513 70.5436 67.5853 88.6398 132.966 66.6369 64.4096 63.5409 63.2936 60.647 59.6409 59.2338 66.736 55.2205 54.6969 54.6791 53.9257 47.7683
threshold=2.1358916759490971 0.35428953170776373 2.2096824645996098 -2.6670807600021358 -3.2852845191955562 -3.1843408346176143 -3.4902015924453731 -1.6905586719512937 -3.2377649545669551 -0.08539694175124167 -2.1143466234207149 -1.2287468910217283 0.3220167756080628 -0.74354693293571461 -2.1248087882995601 -3.3178505897521968 -0.0079713291488587839 -1.2112066745758054 1.9921064972877505 -1.4597299695014951 -3.220043301582336 -2.3000984191894527 -1.0436359643936155 -3.3011418581008907 -0.20875585824251172 1.0107834935188296 -3.119577050209045 -1.1344841122627256 -2.809062004089355 -0.092158365994691835
decision_type=2 2 2 2 2 2 2 2 2 2 2 2 2 2 2 2 2 2 2 2 2 2 2 2 2 2 2 2 2 2
left_child=1 2 4 22 7 20 13 8 26 -8 11 -5 -9 -7 -4 -16 -17 -18 25 -12 -6 -10 -3 -21 -25 -2 -1 -20 -22 -29
right_child=18 3 14 10 5 6 9 12 21 -11 19 -13 -14 -15 15 16 17 -19 27 23 28 -23 -24 24 -26 -27 -28 29 -30 -31
leaf_value=-0.0051787339528527199 -0.0015260177915819616 -0.00037676339912947942 0.013440811799057446 -0.0037828899125092446 -0.005439263932469688 0.00073889823630452151 0.00062861570228900463 0.012732607629924342 -0.028418108724082344 -0.00039779413026592829 -0.0099211830514964131 0.023025060339053754 -0.0044193695155896225 -0.017274186351762665 0.023278350487332507 -0.0074812502938831271 0.023759512918179525 0.0040076023192603403 0.0077710742313148963 0.012795269517698712 0.018005724639186392 -0.0092091483476749308 0.021385743433710691 -0.002146520227134633 -0.00046722200788996369 0.013647250391644522 0.012410161094424331 0.0079230539353981541 0.0016520596644417805 -0.0010604602514227019
leaf_weight=1175 228 145 702 158 158 259 177434 386 282 137490 709 243 479 510 177 930 150 3685 1313 257 670 494 261 32051 65421 963 157 628 310 2851
leaf_count=1175 228 145 702 158 158 259 177434 386 282 137490 709 243 479 510 177 930 150 3685 1313 257 670 494 261 32051 65421 963 157 628 310 2851
internal_value=1.23938e-05 -4.67309e-05 0.000220999 -0.000927571 0.000140571 0.000189053 0.000150772 -0.00489261 -0.00827432 0.000179555 -0.000991539 0.0120718 0.00301037 -0.0109622 0.00470872 0.00335871 0.00246188 0.00497725 0.00424541 -0.00105024 0.0103635 -0.0171052 0.0132564 -0.0009808 -0.00102282 0.0105176 -0.00273076 0.00258695 0.0132691 0.000511448
internal_weight=430676 424693 325448 99245 319804 316831 315693 2973 2108 314924 98839 401 865 769 5644 4942 4765 3835 5983 98438 1138 776 406 97729 97472 1191 1332 4792 980 3479
internal_count=430676 424693 325448 99245 319804 316831 315693 2973 2108 314924 98839 401 865 769 5644 4942 4765 3835 5983 98438 1138 776 406 97729 97472 1191 1332 4792 980 3479
is_linear=0
shrinkage=0.03


Tree=16
num_leaves=31
num_cat=0
split_feature=112 112 17 238 275 173 289 268 238 239 156 160 114 137 299 53 112 131 102 296 16 295 102 91 52 230 153 201 269 118
split_gain=108.641 86.9275 108.651 65.7027 103.799 93.4389 83.3714 68.5122 76.4512 60.6278 58.0605 121.819 149.705 108.747 102.69 76.439 74.073 57.9812 65.785 58.9025 56.6474 60.105 54.4961 79.5623 67.53 90.6098 63.6741 54.3429 56.7115 58.0808
threshold=2.1734093427658085 0.28054545819759374 1.6519899964332583 -0.79169049859046925 -1.1169890761375425 0.81410896778106701 -0.65626484155654896 -0.74980679154396046 0.41308225691318518 -5.3706080913543692 -2.2556189298629756 -2.5457794666290279 0.93618646264076244 -2.8901580572128291 -2.0902315378189082 -0.68617886304855336 -4.0273630619049063 -2.3493514060974117 2.6794704198837285 0.86835387349128734 2.1293975114822392 -2.0415272712707515 1.2582784891128542 0.88906389474868786 0.61620843410491954 1.6767113804817202 1.3271003365516665 1.960106432437897 0.61929109692573558 -1.097089350223541
decision_type=2 2 2 2 2 2 2 2 2 2 2 2 2 2 2 2 2 2 2 2 2 2 2 2 2 2 2 2 2 2
left_child=1 2 9 20 5 7 -7 8 -5 -1 11 12 -11 14 -12 -13 -15 19 -19 -2 21 -3 23 26 -24 -26 -6 28 -4 -30
right_child=17 3 27 4 22 6 -8 -9 -10 10 13 15 -14 16 -16 -17 -18 18 -20 -21 -22 -23 24 -25 25 -27 -28 -29 29 -31
leaf_value=-0.0070657626963598211 0 -0.018288627451043749 -0.0021874266281554353 -0.0064797437615211704 -0.00057798001638859661 -0.0021259416547164478 0.012576142359077572 0.014166242335811752 0.0053834197075083483 -0.0016763244983643991 0.0071750939262191027 0.0084440189247712953 0.019054430944850705 0.019040450901477868 -0.010931713369578501 0.00025944267885881847 0.00013971295674645957 0.0013076301966694016 0.0078709589582468611 0.027053103596173429 0.0049834788746734729 -0.0028945073418189769 -0.0031728683300245907 -0.0028249184757098162 0.0037449100622193561 -0.0018178536911269796 0.011524901684465023 0.00039912067960533369 -0.00035262271444568591 0.012215002373310618
leaf_weight=1018 101 222 364 1240 81716 406 1433 254 759 5670 316 3298 311 167 1399 1601 274795 5928 1843 165 761 12107 2724 16202 8420 3735 371 1451 352 1695
leaf_count=1018 101 222 364 1240 81716 406 1433 254 759 5670 316 3298 311 167 1399 1601 274795 5928 1843 165 761 12107 2724 16202 8420 3735 371 1451 352 1695
internal_value=1.07765e-05 -5.42859e-05 0.000232142 -0.000699117 -0.000470741 0.00420191 0.009181 0 -0.00181812 0.00016399 0.000191118 0.00234005 -0.000488464 0.000105366 -0.00737825 0.00584221 0.000153667 0.00346226 0.00291893 0.0169722 -0.00271819 -0.00322516 -0.00064306 -0.000900847 0.00103864 0.00201076 -0.000516832 0.00522017 0.00797103 0.00992625
internal_weight=430824 422787 292437 130350 117260 4092 1839 2253 1999 288575 287557 10880 5981 276677 1715 4899 274962 8037 7771 266 13090 12329 113168 98289 14879 12155 82087 3862 2411 2047
internal_count=430824 422787 292437 130350 117260 4092 1839 2253 1999 288575 287557 10880 5981 276677 1715 4899 274962 8037 7771 266 13090 12329 113168 98289 14879 12155 82087 3862 2411 2047
is_linear=0
shrinkage=0.03


end of trees

feature_importances:
CLOSE1=18
OPEN17=14
LOW0=14
OPEN6=13
CLOSE8=10
CLOSE4=10
LOW3=9
OPEN7=8
HIGH1=8
CLOSE3=7
LOW14=7
LOW7=7
LOW1=7
CLOSE42=6
CLOSE18=6
HIGH0=6
LOW40=6
LOW5=6
CLOSE36=5
CLOSE22=5
CLOSE19=5
CLOSE13=5
CLOSE2=5
LOW33=5
LOW9=5
CLOSE15=4
OPEN26=4
OPEN4=4
OPEN3=4
OPEN1=4
HIGH19=4
HIGH12=4
HIGH5=4
LOW6=4
LOW2=4
VWAP29=4
VWAP2=4
VWAP0=4
CLOSE50=3
CLOSE7=3
CLOSE6=3
OPEN13=3
OPEN8=3
OPEN2=3
HIGH56=3
HIGH26=3
HIGH21=3
HIGH14=3
HIGH13=3
HIGH10=3
HIGH4=3
LOW28=3
LOW22=3
LOW16=3
LOW11=3
LOW4=3
VWAP1=3
VOLUME19=3
CLOSE54=2
CLOSE52=2
CLOSE48=2
CLOSE47=2
CLOSE33=2
CLOSE32=2
CLOSE20=2
OPEN58=2
OPEN57=2
OPEN42=2
OPEN41=2
OPEN29=2
OPEN27=2
OPEN24=2
OPEN21=2
OPEN19=2
OPEN12=2
OPEN9=2
OPEN5=2
HIGH57=2
HIGH40=2
HIGH33=2
HIGH31=2
HIGH24=2
HIGH17=2
HIGH16=2
HIGH8=2
HIGH6=2
LOW59=2
LOW51=2
LOW46=2
LOW41=2
LOW38=2
LOW30=2
LOW29=2
LOW27=2
LOW26=2
LOW24=2
LOW21=2
LOW18=2
LOW13=2
LOW10=2
VWAP28=2
VWAP24=2
VWAP20=2
VWAP17=2
VWAP16=2
VWAP13=2
VWAP10=2
VWAP7=2
VWAP6=2
VWAP3=2
CLOSE58=1
CLOSE56=1
CLOSE53=1
CLOSE43=1
CLOSE39=1
CLOSE35=1
CLOSE31=1
CLOSE28=1
CLOSE26=1
CLOSE25=1
CLOSE21=1
CLOSE14=1
CLOSE5=1
OPEN59=1
OPEN56=1
OPEN54=1
OPEN49=1
OPEN44=1
OPEN43=1
OPEN39=1
OPEN36=1
OPEN32=1
OPEN30=1
OPEN28=1
OPEN23=1
OPEN18=1
OPEN16=1
OPEN15=1
OPEN14=1
OPEN10=1
OPEN0=1
HIGH58=1
HIGH55=1
HIGH51=1
HIGH49=1
HIGH48=1
HIGH47=1
HIGH45=1
HIGH44=1
HIGH42=1
HIGH41=1
HIGH38=1
HIGH36=1
HIGH29=1
HIGH27=1
HIGH25=1
HIGH23=1
HIGH22=1
HIGH20=1
HIGH18=1
HIGH15=1
HIGH9=1
HIGH3=1
HIGH2=1
LOW58=1
LOW57=1
LOW56=1
LOW55=1
LOW54=1
LOW53=1
LOW50=1
LOW48=1
LOW45=1
LOW44=1
LOW43=1
LOW42=1
LOW39=1
LOW36=1
LOW35=1
LOW34=1
LOW23=1
LOW17=1
LOW15=1
LOW12=1
VWAP57=1
VWAP46=1
VWAP44=1
VWAP33=1
VWAP32=1
VWAP31=1
VWAP30=1
VWAP27=1
VWAP22=1
VWAP19=1
VWAP18=1
VWAP14=1
VWAP12=1
VWAP11=1
VWAP5=1
VWAP4=1
VOLUME48=1
VOLUME31=1
VOLUME18=1
VOLUME11=1
VOLUME10=1
VOLUME3=1
VOLUME1=1

parameters:
[boosting: gbdt]
[objective: regression]
[metric: l2]
[tree_learner: serial]
[device_type: cpu]
[data_sample_strategy: bagging]
[data: ]
[valid: ]
[num_iterations: 500]
[learning_rate: 0.03]
[num_leaves: 31]
[num_threads: 12]
[seed: 20260814]
[deterministic: 1]
[force_col_wise: 1]
[force_row_wise: 0]
[histogram_pool_size: -1]
[max_depth: 7]
[min_data_in_leaf: 100]
[min_sum_hessian_in_leaf: 0.001]
[bagging_fraction: 0.8]
[pos_bagging_fraction: 1]
[neg_bagging_fraction: 1]
[bagging_freq: 1]
[bagging_seed: 20260814]
[bagging_by_query: 0]
[feature_fraction: 0.8]
[feature_fraction_bynode: 1]
[feature_fraction_seed: 20260814]
[extra_trees: 0]
[extra_seed: 17475]
[early_stopping_round: 0]
[early_stopping_min_delta: 0]
[first_metric_only: 0]
[max_delta_step: 0]
[lambda_l1: 10]
[lambda_l2: 20]
[linear_lambda: 0]
[min_gain_to_split: 0]
[drop_rate: 0.1]
[max_drop: 50]
[skip_drop: 0.5]
[xgboost_dart_mode: 0]
[uniform_drop: 0]
[drop_seed: 29730]
[top_rate: 0.2]
[other_rate: 0.1]
[min_data_per_group: 100]
[max_cat_threshold: 32]
[cat_l2: 10]
[cat_smooth: 10]
[max_cat_to_onehot: 4]
[top_k: 20]
[monotone_constraints: ]
[monotone_constraints_method: basic]
[monotone_penalty: 0]
[feature_contri: ]
[forcedsplits_filename: ]
[refit_decay_rate: 0.9]
[cegb_tradeoff: 1]
[cegb_penalty_split: 0]
[cegb_penalty_feature_lazy: ]
[cegb_penalty_feature_coupled: ]
[path_smooth: 0]
[interaction_constraints: ]
[verbosity: 1]
[saved_feature_importance_type: 0]
[use_quantized_grad: 0]
[num_grad_quant_bins: 4]
[quant_train_renew_leaf: 0]
[stochastic_rounding: 1]
[linear_tree: 0]
[max_bin: 255]
[max_bin_by_feature: ]
[min_data_in_bin: 3]
[bin_construct_sample_cnt: 200000]
[data_random_seed: 20260812]
[is_enable_sparse: 1]
[enable_bundle: 1]
[use_missing: 1]
[zero_as_missing: 0]
[feature_pre_filter: 1]
[pre_partition: 0]
[two_round: 0]
[header: 0]
[label_column: ]
[weight_column: ]
[group_column: ]
[ignore_column: ]
[categorical_feature: ]
[forcedbins_filename: ]
[precise_float_parser: 0]
[parser_config_file: ]
[objective_seed: 27057]
[num_class: 1]
[is_unbalance: 0]
[scale_pos_weight: 1]
[sigmoid: 1]
[boost_from_average: 1]
[reg_sqrt: 0]
[alpha: 0.9]
[fair_c: 1]
[poisson_max_delta_step: 0.7]
[tweedie_variance_power: 1.5]
[lambdarank_truncation_level: 30]
[lambdarank_norm: 1]
[label_gain: ]
[lambdarank_position_bias_regularization: 0]
[eval_at: ]
[multi_error_top_k: 1]
[auc_mu_weights: ]
[num_machines: 1]
[local_listen_port: 12400]
[time_out: 120]
[machine_list_filename: ]
[machines: ]
[gpu_platform_id: -1]
[gpu_device_id: -1]
[gpu_use_dp: 0]
[num_gpu: 1]

end of parameters

pandas_categorical:null
