tree
version=v4
num_class=1
num_tree_per_iteration=1
label_index=0
max_feature_idx=359
objective=regression
feature_names=CLOSE59 CLOSE58 CLOSE57 CLOSE56 CLOSE55 CLOSE54 CLOSE53 CLOSE52 CLOSE51 CLOSE50 CLOSE49 CLOSE48 CLOSE47 CLOSE46 CLOSE45 CLOSE44 CLOSE43 CLOSE42 CLOSE41 CLOSE40 CLOSE39 CLOSE38 CLOSE37 CLOSE36 CLOSE35 CLOSE34 CLOSE33 CLOSE32 CLOSE31 CLOSE30 CLOSE29 CLOSE28 CLOSE27 CLOSE26 CLOSE25 CLOSE24 CLOSE23 CLOSE22 CLOSE21 CLOSE20 CLOSE19 CLOSE18 CLOSE17 CLOSE16 CLOSE15 CLOSE14 CLOSE13 CLOSE12 CLOSE11 CLOSE10 CLOSE9 CLOSE8 CLOSE7 CLOSE6 CLOSE5 CLOSE4 CLOSE3 CLOSE2 CLOSE1 CLOSE0 OPEN59 OPEN58 OPEN57 OPEN56 OPEN55 OPEN54 OPEN53 OPEN52 OPEN51 OPEN50 OPEN49 OPEN48 OPEN47 OPEN46 OPEN45 OPEN44 OPEN43 OPEN42 OPEN41 OPEN40 OPEN39 OPEN38 OPEN37 OPEN36 OPEN35 OPEN34 OPEN33 OPEN32 OPEN31 OPEN30 OPEN29 OPEN28 OPEN27 OPEN26 OPEN25 OPEN24 OPEN23 OPEN22 OPEN21 OPEN20 OPEN19 OPEN18 OPEN17 OPEN16 OPEN15 OPEN14 OPEN13 OPEN12 OPEN11 OPEN10 OPEN9 OPEN8 OPEN7 OPEN6 OPEN5 OPEN4 OPEN3 OPEN2 OPEN1 OPEN0 HIGH59 HIGH58 HIGH57 HIGH56 HIGH55 HIGH54 HIGH53 HIGH52 HIGH51 HIGH50 HIGH49 HIGH48 HIGH47 HIGH46 HIGH45 HIGH44 HIGH43 HIGH42 HIGH41 HIGH40 HIGH39 HIGH38 HIGH37 HIGH36 HIGH35 HIGH34 HIGH33 HIGH32 HIGH31 HIGH30 HIGH29 HIGH28 HIGH27 HIGH26 HIGH25 HIGH24 HIGH23 HIGH22 HIGH21 HIGH20 HIGH19 HIGH18 HIGH17 HIGH16 HIGH15 HIGH14 HIGH13 HIGH12 HIGH11 HIGH10 HIGH9 HIGH8 HIGH7 HIGH6 HIGH5 HIGH4 HIGH3 HIGH2 HIGH1 HIGH0 LOW59 LOW58 LOW57 LOW56 LOW55 LOW54 LOW53 LOW52 LOW51 LOW50 LOW49 LOW48 LOW47 LOW46 LOW45 LOW44 LOW43 LOW42 LOW41 LOW40 LOW39 LOW38 LOW37 LOW36 LOW35 LOW34 LOW33 LOW32 LOW31 LOW30 LOW29 LOW28 LOW27 LOW26 LOW25 LOW24 LOW23 LOW22 LOW21 LOW20 LOW19 LOW18 LOW17 LOW16 LOW15 LOW14 LOW13 LOW12 LOW11 LOW10 LOW9 LOW8 LOW7 LOW6 LOW5 LOW4 LOW3 LOW2 LOW1 LOW0 VWAP59 VWAP58 VWAP57 VWAP56 VWAP55 VWAP54 VWAP53 VWAP52 VWAP51 VWAP50 VWAP49 VWAP48 VWAP47 VWAP46 VWAP45 VWAP44 VWAP43 VWAP42 VWAP41 VWAP40 VWAP39 VWAP38 VWAP37 VWAP36 VWAP35 VWAP34 VWAP33 VWAP32 VWAP31 VWAP30 VWAP29 VWAP28 VWAP27 VWAP26 VWAP25 VWAP24 VWAP23 VWAP22 VWAP21 VWAP20 VWAP19 VWAP18 VWAP17 VWAP16 VWAP15 VWAP14 VWAP13 VWAP12 VWAP11 VWAP10 VWAP9 VWAP8 VWAP7 VWAP6 VWAP5 VWAP4 VWAP3 VWAP2 VWAP1 VWAP0 VOLUME59 VOLUME58 VOLUME57 VOLUME56 VOLUME55 VOLUME54 VOLUME53 VOLUME52 VOLUME51 VOLUME50 VOLUME49 VOLUME48 VOLUME47 VOLUME46 VOLUME45 VOLUME44 VOLUME43 VOLUME42 VOLUME41 VOLUME40 VOLUME39 VOLUME38 VOLUME37 VOLUME36 VOLUME35 VOLUME34 VOLUME33 VOLUME32 VOLUME31 VOLUME30 VOLUME29 VOLUME28 VOLUME27 VOLUME26 VOLUME25 VOLUME24 VOLUME23 VOLUME22 VOLUME21 VOLUME20 VOLUME19 VOLUME18 VOLUME17 VOLUME16 VOLUME15 VOLUME14 VOLUME13 VOLUME12 VOLUME11 VOLUME10 VOLUME9 VOLUME8 VOLUME7 VOLUME6 VOLUME5 VOLUME4 VOLUME3 VOLUME2 VOLUME1 VOLUME0
feature_infos=[-5.4038181304931641:12.207799911499023] [-5.4630842208862305:12.317498207092285] [-5.552156925201416:12.828096389770508] [-5.543860912322998:11.230463981628418] [-5.5617179870605469:11.448848724365234] [-5.6241564750671387:11.414474487304688] [-5.6825575828552246:9.6098718643188477] [-5.657966136932373:9.3752841949462891] [-5.5993099212646484:11.028009414672852] [-5.6313424110412598:11.904008865356445] [-5.6268739700317383:14.104987144470215] [-5.6736459732055664:14.119842529296875] [-5.6078968048095703:13.772034645080566] [-5.3474845886230469:16.204652786254883] [-5.0301141738891602:14.807033538818359] [-5.0154285430908203:14.420330047607422] [-5.4409685134887695:12.201403617858887] [-5.6576046943664551:11.266861915588379] [-5.748682975769043:10.175777435302734] [-5.7619786262512207:9.7804374694824219] [-5.837033748626709:10.43333911895752] [-5.7729997634887695:12.606629371643066] [-5.8598322868347168:10.490278244018555] [-5.8949131965637207:12.366391181945801] [-6.0229306221008301:12.926149368286133] [-6.1776113510131836:15.240093231201172] [-6.156036376953125:12.846419334411621] [-6.1175355911254883:13.303590774536133] [-6.2611255645751953:15.902070999145508] [-6.491330623626709:18.839191436767578] [-6.5942034721374512:22.150033950805664] [-6.6824989318847656:25.889287948608398] [-6.9009256362915039:22.514554977416992] [-6.7733120918273926:19.431056976318359] [-6.7470202445983887:18.610666275024414] [-6.8720340728759766:19.165328979492188] [-6.9760775566101074:17.714389801025391] [-7.0796875953674316:15.677718162536621] [-7.4749898910522461:14.608213424682617] [-7.5138611793518066:16.016225814819336] [-7.5265936851501465:16.216730117797852] [-7.7491507530212402:15.659536361694336] [-8.1944398880004883:16.027450561523438] [-8.3186569213867188:14.761478424072266] [-8.5568714141845703:13.908934593200684] [-8.3141460418701172:16.388105392456055] [-7.9301848411560059:15.731110572814941] [-7.5947170257568359:14.221858024597168] [-8.3242588043212891:15.788053512573242] [-9.2431402206420898:16.472049713134766] [-9.4991426467895508:15.732405662536621] [-9.9160194396972656:13.491730690002441] [-10.473063468933105:13.854236602783203] [-10.574273109436035:16.66523551940918] [-10.056805610656738:18.256818771362305] [-9.4071807861328125:15.396571159362793] [-8.5168867111206055:12.600017547607422] [-7.2752594947814941:9.7437820434570312] [-5.7883028984069824:11.24958610534668] [0:1] [-5.3939027786254883:10.705911636352539] [-5.3801994323730469:10.959723472595215] [-5.4286031723022461:11.38120174407959] [-5.5680313110351562:10.736789703369141] [-5.5342550277709961:10.087675094604492] [-5.558952808380127:10.053220748901367] [-5.594970703125:9.4435482025146484] [-5.6583342552185059:9.4323110580444336] [-5.6505732536315918:9.6716413497924805] [-5.5674500465393066:9.3488006591796875] [-5.6290454864501953:12.511114120483398] [-5.6344051361083984:12.523300170898438] [-5.6714987754821777:12.193946838378906] [-5.5976228713989258:14.438279151916504] [-5.3190979957580566:13.691545486450195] [-5.0197815895080566:12.763317108154297] [-5.0082345008850098:12.066287040710449] [-5.4853944778442383:10.058550834655762] [-5.6640167236328125:9.9871940612792969] [-5.7586402893066406:8.8968601226806641] [-5.7868266105651855:8.7311592102050781] [-5.8147773742675781:11.030464172363281] [-5.7806525230407715:10.364409446716309] [-5.8425917625427246:10.789878845214844] [-5.8936858177185059:11.296235084533691] [-6.0248398780822754:13.41217041015625] [-6.1962108612060547:12.685262680053711] [-6.1465163230895996:11.593866348266602] [-6.1146559715270996:13.187936782836914] [-6.2870941162109375:16.678976058959961] [-6.497774600982666:19.713329315185547] [-6.5631170272827148:23.145591735839844] [-6.6829066276550293:22.194005966186523] [-6.9077982902526855:19.136722564697266] [-6.6785674095153809:16.363210678100586] [-6.7857351303100586:15.58949089050293] [-6.9262762069702148:17.248769760131836] [-6.9641542434692383:15.060530662536621] [-7.1025972366333008:15.738567352294922] [-7.4681973457336426:13.973452568054199] [-7.478858470916748:15.671545028686523] [-7.5521197319030762:15.950857162475586] [-7.7583436965942383:15.710830688476562] [-8.1823797225952148:16.01679801940918] [-8.4201278686523438:14.733643531799316] [-8.4783000946044922:13.729578971862793] [-8.1252670288085938:16.373483657836914] [-7.763270378112793:15.379834175109863] [-7.5328803062438965:14.280837059020996] [-8.3767480850219727:15.992692947387695] [-9.5014057159423828:16.661792755126953] [-9.5703029632568359:14.481954574584961] [-9.9364843368530273:13.725786209106445] [-10.522650718688965:10.901738166809082] [-10.593387603759766:13.379806518554688] [-9.7370462417602539:13.903392791748047] [-11.401833534240723:11.473542213439941] [-11.157689094543457:14.136837959289551] [-10.897046089172363:13.387150764465332] [-11.330784797668457:11.485442161560059] [-5.3820013999938965:12.364547729492188] [-5.4294228553771973:12.475584030151367] [-5.4694676399230957:12.552258491516113] [-5.5374393463134766:11.467157363891602] [-5.5535435676574707:11.189560890197754] [-5.5764822959899902:11.157842636108398] [-5.6358404159545898:9.7485008239746094] [-5.6567521095275879:9.3603830337524414] [-5.5977020263671875:10.770561218261719] [-5.5960569381713867:11.628432273864746] [-5.6298618316650391:13.794612884521484] [-5.6596841812133789:13.809728622436523] [-5.5593347549438477:13.465097427368164] [-5.357581615447998:15.858750343322754] [-5.0450444221496582:14.478733062744141] [-5.0299372673034668:14.091922760009766] [-5.0308094024658203:11.90185546875] [-5.5345115661621094:11.404111862182617] [-5.6715240478515625:10.971304893493652] [-5.6430082321166992:10.426162719726562] [-5.8330845832824707:10.159341812133789] [-5.7179265022277832:12.296684265136719] [-5.8336644172668457:10.210969924926758] [-5.8502101898193359:12.057721138000488] [-5.9448437690734863:12.601513862609863] [-6.107874870300293:14.864160537719727] [-6.0690827369689941:12.517831802368164] [-6.1017847061157227:12.972479820251465] [-6.1716437339782715:15.531359672546387] [-6.3130483627319336:18.409242630004883] [-6.5198044776916504:21.656618118286133] [-6.6459999084472656:25.317371368408203] [-6.7865829467773438:22.012430191040039] [-6.7773442268371582:18.976459503173828] [-6.7013201713562012:18.154861450195312] [-6.8188552856445312:19.343141555786133] [-6.9306292533874512:18.877908706665039] [-6.9270119667053223:18.2635498046875] [-7.1876015663146973:15.764147758483887] [-7.4516735076904297:15.993157386779785] [-7.4186992645263672:16.368352890014648] [-7.6636042594909668:16.003454208374023] [-7.9494142532348633:15.889026641845703] [-8.0757808685302734:15.958135604858398] [-8.4526987075805664:14.689020156860352] [-8.303074836730957:15.909083366394043] [-7.8713383674621582:16.440237045288086] [-7.4928336143493652:15.491005897521973] [-7.8494901657104492:15.217290878295898] [-8.7483577728271484:16.283535003662109] [-9.3180007934570312:17.49163818359375] [-9.6569833755493164:14.919129371643066] [-10.237624168395996:14.029580116271973] [-10.158770561218262:15.869563102722168] [-9.9206790924072266:17.252283096313477] [-9.229191780090332:14.353494644165039] [-8.3126459121704102:12.82408332824707] [-7.0230255126953125:17.571023941040039] [-5.0675835609436035:16.732889175415039] [-0.9664994478225708:19.204320907592773] [-5.3964767456054688:10.970551490783691] [-5.4396467208862305:10.572331428527832] [-5.5276446342468262:11.663507461547852] [-5.5864782333374023:11.011089324951172] [-5.5761957168579102:10.352532386779785] [-5.5853433609008789:10.316717147827148] [-5.6677336692810059:9.7006664276123047] [-5.6882305145263672:9.3147363662719727] [-5.6582484245300293:9.9389581680297852] [-5.6039600372314453:9.6126041412353516] [-5.6928701400756836:12.835577011108398] [-5.6788039207458496:12.846935272216797] [-5.6773409843444824:12.513778686523438] [-5.6048955917358398:14.802810668945312] [-5.320920467376709:14.052196502685547] [-5.0179457664489746:13.111536979675293] [-5.3839902877807617:12.409426689147949] [-5.8174047470092773:10.36540412902832] [-5.784174919128418:9.5021562576293945] [-5.832496166229248:8.678898811340332] [-5.8793540000915527:8.1940927505493164] [-5.8299708366394043:11.360886573791504] [-5.8449859619140625:10.684518814086914] [-5.86358642578125:11.115287780761719] [-6.1381864547729492:11.634455680847168] [-6.2772350311279297:13.802389144897461] [-6.2678170204162598:13.060978889465332] [-6.1760926246643066:11.949478149414062] [-6.2078957557678223:13.344522476196289] [-6.4379968643188477:17.147287368774414] [-6.6149802207946777:20.259696960449219] [-6.6496763229370117:23.773187637329102] [-6.8508658409118652:22.798303604125977] [-6.9366893768310547:19.675657272338867] [-6.7643942832946777:16.856267929077148] [-6.8079290390014648:16.073888778686523] [-7.0642623901367188:16.587459564208984] [-6.9945707321166992:15.523313522338867] [-7.3730998039245605:13.628948211669922] [-7.5600848197937012:14.123520851135254] [-7.5175132751464844:15.707470893859863] [-7.7112398147583008:15.520206451416016] [-8.0361595153808594:15.831537246704102] [-8.2219562530517578:14.843610763549805] [-8.5500802993774414:13.949758529663086] [-8.6501235961914062:13.985755920410156] [-8.3596582412719727:15.620052337646484] [-7.8853812217712402:13.975187301635742] [-8.4686384201049805:13.39249324798584] [-8.9124746322631836:15.623690605163574] [-9.8203353881835938:15.20835018157959] [-9.9615106582641602:13.049732208251953] [-10.32017707824707:10.72990894317627] [-10.724518775939941:10.996842384338379] [-10.861797332763672:13.600567817687988] [-10.031360626220703:15.071050643920898] [-11.908105850219727:12.20367431640625] [-11.882100105285645:9.2834072113037109] [-12.17307186126709:9.2433996200561523] [-16.49937629699707:0.97749477624893188] [-5.4039878845214844:11.250247001647949] [-5.4382061958312988:11.140832901000977] [-5.5047149658203125:12.130561828613281] [-5.5697188377380371:10.811211585998535] [-5.5674295425415039:10.79209041595459] [-5.5975079536437988:10.758352279663086] [-5.6568036079406738:9.5577478408813477] [-5.6772289276123047:9.3146648406982422] [-5.6385312080383301:10.375532150268555] [-5.6120061874389648:10.64986515045166] [-5.6572656631469727:13.342713356018066] [-5.6746344566345215:13.356831550598145] [-5.6420350074768066:13.01786994934082] [-5.4896707534790039:15.364109039306641] [-5.191077709197998:14.011350631713867] [-5.0303573608398438:13.63185977935791] [-5.2277398109436035:12.174280166625977] [-5.6374177932739258:10.149846076965332] [-5.7320928573608398:10.191084861755371] [-5.7643313407897949:9.0887775421142578] [-5.8503236770629883:9.207432746887207] [-5.8003559112548828:11.858438491821289] [-5.8468437194824219:10.466709136962891] [-5.8804669380187988:11.617894172668457] [-6.0177435874938965:12.15272331237793] [-6.1657099723815918:14.375732421875] [-6.191983699798584:12.817586898803711] [-6.1559233665466309:12.484643936157227] [-6.2097978591918945:14.530891418457031] [-6.4042263031005859:17.823141098022461] [-6.5801353454589844:21.013839721679688] [-6.6600465774536133:24.623151779174805] [-6.8311100006103516:22.463642120361328] [-6.8759355545043945:19.379465103149414] [-6.7502989768981934:17.56739616394043] [-6.8503098487854004:16.717073440551758] [-7.0050268173217773:17.691045761108398] [-7.0236339569091797:16.211967468261719] [-7.318967342376709:15.018354415893555] [-7.5370831489562988:15.103734970092773] [-7.5262660980224609:16.079132080078125] [-7.7127366065979004:15.877166748046875] [-8.0319108963012695:15.961054801940918] [-8.2521495819091797:15.501462936401367] [-8.5525264739990234:14.423134803771973] [-8.4979753494262695:15.106385231018066] [-8.1349296569824219:16.172042846679688] [-7.7380094528198242:14.902035713195801] [-8.1132259368896484:14.802522659301758] [-8.9047470092773438:16.255861282348633] [-9.6422586441040039:16.468313217163086] [-9.8980913162231445:14.0672607421875] [-10.386066436767578:12.226994514465332] [-10.668394088745117:12.778707504272461] [-10.563884735107422:13.92197322845459] [-9.8267021179199219:15.008130073547363] [-10.384056091308594:12.156516075134277] [-9.8234548568725586:12.385733604431152] [-9.2500982284545898:11.325177192687988] [-11.108595848083496:11.27674388885498] [-0.023151803761720657:320.79556274414062] [-0.023552967235445976:342.58062744140625] [-0.024514675140380859:319.25338745117188] [-0.025893872603774071:317.08056640625] [-0.025641471147537231:420.46987915039062] [-0.036820705980062485:162.91561889648438] [-0.01970398984849453:399.36898803710938] [-0.027579342946410179:149.06684875488281] [-0.032341785728931427:158.35102844238281] [-0.029248002916574478:155.65849304199219] [-0.026169661432504654:319.512939453125] [-0.024268938228487968:351.22409057617188] [-0.02471037395298481:370.87823486328125] [-0.022950060665607452:385.64321899414062] [-0.022395225241780281:386.80337524414062] [-0.023825481534004211:379.16131591796875] [-0.015462658368051052:198.29983520507812] [-0.023323949426412582:336.31124877929688] [-0.015774592757225037:234.04183959960938] [-0.018414083868265152:277.28448486328125] [-0.025623979046940804:413.89871215820312] [-0.026942715048789978:458.59365844726562] [-0.022823723033070564:376.15072631835938] [-0.03072655200958252:352.529052734375] [-0.026520777493715286:444.79776000976562] [-0.020596971735358238:385.6285400390625] [-0.026999516412615776:455.86917114257812] [-0.022171834483742714:371.3687744140625] [-0.016349649056792259:462.75802612304688] [-0.024673076346516609:413.50241088867188] [-0.018979929387569427:379.58163452148438] [-0.014445589855313301:267.478759765625] [-0.035802826285362244:390.68917846679688] [-0.019427074119448662:289.63323974609375] [-0.022303992882370949:333.93392944335938] [-0.0237291119992733:377.6591796875] [-0.0097173256799578667:539.491455078125] [-0.022759400308132172:340.16921997070312] [-0.010578911751508713:525.3720703125] [-0.020813301205635071:412.00271606445312] [-0.013653680682182312:173.86936950683594] [-0.011283853091299534:463.11029052734375] [-0.01480985339730978:319.55813598632812] [-0.017652995884418488:297.6595458984375] [-0.0095784598961472511:300.578857421875] [-0.011939272284507751:485.23876953125] [-0.017059490084648132:362.34173583984375] [-0.016829557716846466:191.77696228027344] [-0.012630914337933064:359.11703491210938] [-0.013145782984793186:433.60562133789062] [-0.018381858244538307:396.68478393554688] [-0.0091012157499790192:494.3228759765625] [-0.019375069066882133:449.85595703125] [-0.033517889678478241:157.14990234375] [-0.011998369358479977:467.15005493164062] [-0.010289213620126247:490.4542236328125] [-0.019199203699827194:267.81991577148438] [-0.018684670329093933:212.38313293457031] [-0.047170400619506836:526.06732177734375] [0:1]
tree_sizes=3093 3082 3080 3107 3017 3043 3092 3088 2994

Tree=0
num_leaves=31
num_cat=0
split_feature=209 102 194 256 58 218 161 56 47 119 242 269 198 276 118 52 224 112 298 149 208 60 239 229 114 162 33 4 237 35
split_gain=196.262 161.72 89.6076 66.2095 71.1273 65.8934 84.8802 101.046 65.9885 65.2972 64.7513 59.6822 59.5135 58.5456 55.2727 64.7712 50.6575 65.8868 87.4074 75.2031 55.9582 58.0762 51.2812 50.562 48.4596 46.9344 44.6293 43.5356 43.4793 43.0834
threshold=2.4746123552322392 0.032264130190014846 1.389876186847687 2.0934333801269536 -0.95642116665840138 -0.68853232264518727 -0.59224247932434071 1.0881071090698244 -1.8579506278038023 0.52269077301025402 0.086701042950153365 1.0673781633377077 -0.2606899887323379 0.68693506717681896 0.87789550423622142 2.0983796119689946 1.01104211807251 0.60049253702163707 1.7775565981864931 1.1567898988723757 -0.57663047313690174 1.0238192081451418 -0.53765609860420216 1.7630686759948733 -1.5688574910163877 1.4998325705528261 0.91043540835380565 1.861940383911133 0.55926254391670238 0.34977599978446966
decision_type=2 2 2 2 2 2 2 2 2 2 2 2 2 2 2 2 2 2 2 2 2 2 2 2 2 2 2 2 2 2
left_child=1 2 5 4 12 6 7 9 -7 -1 -8 24 29 -4 27 23 17 18 -6 -19 22 -22 -18 -16 -10 -2 -13 -5 -9 -3
right_child=25 3 13 14 16 8 10 28 11 -11 -12 26 -14 -15 15 -17 20 19 -20 -21 21 -23 -24 -25 -26 -27 -28 -29 -30 -31
leaf_value=-0.00068890431591946263 1.586447495265204e-09 -0.0044035283154509894 0.010219211098160695 0.011563637039776382 -0.00037428660307735101 0.009372078126364999 -0.0015886408599434583 0.014982543868950824 -0.0030784495311461865 0.0023312585575897228 -0.0082760636015062339 -0.009916895523313948 -0.0020941903215016509 -0.0011588100652098294 -0.00017924504985037946 0.0071704788669395931 0.0064286860692641017 -0.0016554651025944521 -0.01065417016542004 -0.0065268269472013238 0.0016933425350877981 -0.0013423780672229906 -0.013117879281737891 -0.014584079174996082 0.0011565998238511823 0.0092686335280299775 0.00026759121106178954 0.0024223784371682588 0.0039894784775519176 -0.014195717123345698
leaf_weight=36397 636 1431 1402 849 64709 833 5304 416 2443 7793 1793 766 9765 502 659 517 124 23349 736 3309 17305 8314 468 346 90824 2531 653 1289 2031 663
leaf_count=36397 636 1431 1402 849 64709 833 5304 416 2443 7793 1793 766 9765 502 659 517 124 23349 736 3309 17305 8314 468 346 90824 2531 653 1289 2031 663
internal_value=4.66022e-05 -3.51391e-05 0.000636163 -0.000795561 -0.000909411 0.00055098 -0.000285027 0.000174488 0.00102437 -0.000148693 -0.00333883 0.000945804 -0.00312963 0.00708255 0.0031551 -0.00104341 -0.000683845 -0.00101599 -0.000497697 -0.00227582 0.000471731 0.000696196 -0.00845718 -0.00561901 0.00104182 0.00745048 -0.00508311 0.00626492 0.00608626 -0.0077508
internal_weight=288157 284990 151157 133833 130173 149253 53734 46637 95519 44190 7097 94686 11859 1904 3660 1522 118314 92103 65445 26658 26211 25619 592 1005 93267 3167 1419 2138 2447 2094
internal_count=288157 284990 151157 133833 130173 149253 53734 46637 95519 44190 7097 94686 11859 1904 3660 1522 118314 92103 65445 26658 26211 25619 592 1005 93267 3167 1419 2138 2447 2094
is_linear=0
shrinkage=1


Tree=1
num_leaves=31
num_cat=0
split_feature=17 171 298 203 224 217 48 113 180 222 40 54 217 222 201 115 230 267 20 173 220 176 50 111 273 239 107 270 280 117
split_gain=179.699 132.115 139.437 90.7509 87.5754 185.507 125.696 78.7338 96.2827 86.7169 71.8547 69.3193 59.8261 52.1495 67.1668 62.7552 50.4785 48.8119 53.614 55.5172 48.3482 48.1312 46.3661 45.9258 56.2183 45.1628 47.2559 38.3402 49.95 35.9781
threshold=2.100445151329041 0.23642660677433017 -0.68890714645385731 1.551219165325165 -2.4248447418212886 -2.4210842847824092 -2.9083870649337764 0.77268677949905407 0.21689776331186297 1.3322451710700991 -0.80802416801452626 -0.928666591644287 -2.9348679780960079 3.2481728792190556 2.0535720586776738 -1.8826133608818052 0.20939111709594729 -2.9030790328979488 -2.2754362821578975 -1.3748059868812559 -2.1432083845138545 0.90697973966598522 1.5760267376899721 0.31466844677925115 0.97991612553596508 -1.5878743529319761 0.31020414829254156 2.090106844902039 2.532227754592896 1.7719079852104189
decision_type=2 2 2 2 2 2 2 2 2 2 2 2 2 2 2 2 2 2 2 2 2 2 2 2 2 2 2 2 2 2
left_child=1 3 16 4 17 12 -7 29 23 10 -10 -8 -6 14 -2 -16 -3 -1 -19 -20 -14 -5 -11 -9 -25 26 -17 -27 -29 -4
right_child=13 2 7 21 5 6 11 8 9 22 -12 -13 20 -15 15 25 -18 18 19 -21 -22 -23 -24 24 -26 27 -28 28 -30 -31
leaf_value=-0.012240765163405045 0.0091831424201507996 -0.0089829708924637815 -0.0012516838347379534 0.0043424582436902941 0.022562349678305938 0.019714956091178511 -0.00096297503686151398 0.0077551494270282411 0.015662977920913011 0.0046106513033053308 -0.0023108635580111063 0.00058028960937283724 0.0017813512189940621 0.013502571794883076 0.017483991080024346 -0.0083534555789083233 -0.003218625131959607 0.0046405556336990847 -0.0092433855916184554 0.00088335885404261581 0.01418039954739219 0.017550619240029059 -0.00032097415097679608 0.00084158618500123456 0.0056132045227117533 -0.0050368090154637498 0.010198129127521268 0.0059203178567701874 -0.0045185550039459482 -0.0072134262180093486
leaf_weight=608 1638 1715 47587 2007 309 281 31991 1181 179 3143 16119 141947 760 614 199 116 8923 633 1156 741 513 297 3518 14689 2659 1189 689 1064 620 934
leaf_count=608 1638 1715 47587 2007 309 281 31991 1181 179 3143 16119 141947 760 614 199 116 8923 633 1156 741 513 297 3518 14689 2659 1189 689 1064 620 934
internal_value=3.98487e-05 -6.97667e-05 -0.000942114 0.000413056 0.000334748 0.000425211 0.000329951 -0.000553934 0.000399932 -0.000889082 -0.00207612 0.000294647 0.0105934 0.00511399 0.00408045 0.00181156 -0.00419118 -0.0046089 -0.00257557 -0.00516327 0.00715205 0.00631055 0.00196795 0.00201254 0.00159585 0.000792496 0.00702352 -0.000886192 0.00189305 -0.00137555
internal_weight=288019 281890 100647 181243 178939 175801 174219 90009 41488 22959 16298 173938 1582 6129 5515 3877 10638 3138 2530 1897 1273 2304 6661 18529 17348 3678 805 2873 1684 48521
internal_count=288019 281890 100647 181243 178939 175801 174219 90009 41488 22959 16298 173938 1582 6129 5515 3877 10638 3138 2530 1897 1273 2304 6661 18529 17348 3678 805 2873 1684 48521
is_linear=0
shrinkage=0.03


Tree=2
num_leaves=31
num_cat=0
split_feature=210 171 17 222 217 238 167 228 129 107 230 111 216 118 351 43 108 204 22 156 233 233 224 298 286 119 233 30 228 234
split_gain=154.341 155.57 114.687 99.9134 140.228 99.4001 79.1553 78.672 77.2995 70.3575 66.4017 57.6286 56.7587 55.2718 53.8479 53.7693 50.854 78.2219 62.3162 52.9325 55.438 50.6649 48.592 41.4882 37.2532 36.1535 34.9538 34.8657 34.1017 33.9851
threshold=2.2977627515792851 0.23642660677433017 1.6782963871955874 -2.6247596740722652 -2.4210842847824092 -0.82567191123962391 -1.3514335751533506 -3.0606709718704219 -1.5331699848175047 -0.72263285517692555 -0.3277475237846374 0.48676852881908422 1.856233596801758 -1.1304904818534849 -0.0066597333643585435 -2.0708904266357417 1.3040656447410586 2.7555478811264043 -0.69066223502159108 0.46176072955131536 0.44059132039546972 -0.055339485406875603 0.41618953645229345 -1.7739504575729368 0.93064016103744518 -1.6757996678352354 -0.42119477689266199 0.79020658135414135 1.7030273675918581 -0.23249296844005582
decision_type=2 2 2 2 2 2 2 2 2 2 2 2 2 2 2 2 2 2 2 2 2 2 2 2 2 2 2 2 2 2
left_child=1 2 3 14 6 11 25 15 21 -8 -9 29 28 -4 -1 -6 19 18 -18 20 -10 -7 -21 26 -23 -5 -13 -15 -2 -3
right_child=12 5 13 4 7 8 9 10 16 -11 -12 23 -14 27 -16 -17 17 -19 -20 22 -22 24 -24 -25 -26 -27 -28 -29 -30 -31
leaf_value=-0.0099480635627159919 0.0034168246313601627 -0.01149891135795157 -0.0013616763524136933 -0.0049306397679165104 -0.0022244377792471665 -0.0028317403982907451 0.021638135510116251 -0.00029471611905246476 -0.0019851211987920387 -0.00098437447263859221 0.00087138457838857174 -0.0062054328850588633 0.0076385881021749386 0.0014551330021717942 0 0.018396284485558044 -0.0076411353748945818 -0.015748444324392295 0.0014250065067419758 -0.0044242471211292681 0.00030409448224867831 0.0093423137944342299 -0.0014886740072529272 -0.003514503157962394 -0.001845708433972222 0.0069330652525832004 0.0045781080034123225 0.011544888142499841 -0.0077851300373000115 -0.0043671623236898865
leaf_weight=1273 690 1192 512 288 125 529 538 85062 14362 125 90319 315 3198 489 782 342 688 234 14601 6563 27685 1410 25451 5756 270 731 1151 1446 350 1695
leaf_count=1273 690 1192 512 288 125 529 538 85062 14362 125 90319 315 3198 489 782 342 688 234 14601 6563 27685 1410 25451 5756 270 731 1151 1446 350 1695
internal_value=-2.0543e-06 -8.81074e-05 0.000436133 0.00034608 0.000424113 -0.00102743 0.00900085 0.000339356 -0.000712027 0.0170298 0.000304132 -0.00385467 0.00566614 0.00686707 -0.00618967 0.0123961 -0.000852003 0.000696454 0.000987987 -0.00118071 -0.000471274 0.00478673 -0.00210223 -0.00234985 0.00736721 0.00326092 0.00200683 0.0091895 -0.000145804 -0.00747381
internal_weight=288172 283934 182032 179585 177530 101902 1682 175848 91793 663 175381 10109 4238 2447 2055 467 89584 15523 15289 74061 42047 2209 32014 7222 1680 1019 1466 1935 1040 2887
internal_count=288172 283934 182032 179585 177530 101902 1682 175848 91793 663 175381 10109 4238 2447 2055 467 89584 15523 15289 74061 42047 2209 32014 7222 1680 1019 1466 1935 1040 2887
is_linear=0
shrinkage=0.03


Tree=3
num_leaves=31
num_cat=0
split_feature=29 102 256 53 37 180 107 110 213 225 47 232 163 2 30 230 218 114 36 148 171 269 227 48 238 267 298 142 284 248
split_gain=148.072 143.432 76.5823 74.4766 82.2513 74.6584 71.5685 67.9658 66.3434 72.7314 62.6445 54.7223 53.4391 126.715 102.507 60.5751 53.1358 51.7245 50.1065 49.0669 48.1883 109.477 75.091 67.1931 60.7863 58.7624 52.5391 51.9683 47.3255 47.2503
threshold=2.3314224481582646 0.032264130190014846 1.0909557938575747 -1.5623201131820676 -1.9374337792396543 0.68546241521835338 -0.63870435953140248 -0.60240408778190602 -1.5972770452499387 -0.75318509340286244 -1.9463472366333006 1.919757127761841 -1.9333390593528745 -0.9496474266052245 -1.0145602226257322 -2.0211981534957881 1.7085723280906679 0.14175876975059512 0.76226392388343822 1.2966371178627016 0.21166425198316577 1.0872515439987185 1.3838598728179934 1.7412343025207522 -0.78831726312637318 2.339547991752625 1.5258167982101443 0.42314153909683233 1.3942419290542605 -0.74408662319183339
decision_type=2 2 2 2 2 2 2 2 2 2 2 2 2 2 2 2 2 2 2 2 2 2 2 2 2 2 2 2 2 2
left_child=1 2 3 12 5 6 -5 19 9 -6 -10 17 13 -1 -14 -16 -13 -2 -4 -3 21 26 24 -24 29 -25 28 -26 -9 -22
right_child=11 7 18 4 8 -7 -8 20 10 -11 -12 16 14 -15 15 -17 -18 -19 -20 -21 22 -23 23 25 27 -27 -28 -29 -30 -31
leaf_value=-0.001340840268847337 0.0082899079892999206 -0.0048301105385588584 0.005907523538012994 0.0048392239072212358 -0.00067599115694615434 0.019845123287568735 -0.008038493664043361 -0.00036242118508728716 0.0072452870665451969 -0.0084930356254813207 0.00053186714820368933 -0.0021440118643802205 0.0036642680481308878 -0.01469361937907651 0.004221515857438277 -0.0050735279540966129 0.01197997822058771 -0.00043718418543709994 -0.0025993495468607454 0.0025659651034511625 -0.01302981538575778 0.0045978924512286735 0.0027733907936425355 -0.00050071693192661314 -0.00036403488456315857 -0.011715158002635279 -0.0098222560733490227 -0.0021603651469733012 0.0093380642908864261 -0.0035158020991084347
leaf_weight=2316 899 5730 3600 3756 4519 261 399 41416 1252 1430 124211 239 2993 900 709 3695 1435 1647 687 870 534 4374 7581 6813 29652 435 505 29265 436 5491
leaf_count=2316 899 5730 3600 3756 4519 261 399 41416 1252 1430 124211 239 2993 900 709 3695 1435 1647 687 870 534 4374 7581 6813 29652 435 505 29265 436 5491
internal_value=-2.9211e-05 -0.00011337 0.000519114 0.000400843 0.000591753 0.00461706 0.00349815 -0.000831834 0.000453521 -0.00262745 0.000602395 0.00553425 -0.00201077 -0.00523805 -0.00055686 -0.00349699 0.00978487 0.00256806 0.00446889 -0.00380505 -0.000673764 8.52886e-05 -0.0011221 0.000789868 -0.00156341 -0.00124543 -0.000375577 -0.00126182 -0.000249788 -0.00444898
internal_weight=288050 283830 150728 146441 135828 4416 4155 133102 131412 5949 125463 4220 10613 3216 7397 4404 1674 2546 4287 6600 126502 46731 79771 14829 64942 7248 42357 58917 41852 6025
internal_count=288050 283830 150728 146441 135828 4416 4155 133102 131412 5949 125463 4220 10613 3216 7397 4404 1674 2546 4287 6600 126502 46731 79771 14829 64942 7248 42357 58917 41852 6025
is_linear=0
shrinkage=0.03


Tree=4
num_leaves=31
num_cat=0
split_feature=29 102 283 277 48 171 227 52 52 154 204 44 188 53 267 233 103 299 232 53 78 105 42 350 102 10 32 209 197 18
split_gain=154.006 129.158 70.0427 160.317 134.423 70.5561 68.1098 75.0291 60.2022 48.8095 48.6344 48.435 52.3152 88.9554 48.781 46.494 85.8717 69.5853 44.135 54.1614 42.8875 72.0454 42.5912 41.5323 40.8413 40.6627 40.3795 40.9211 40.1703 39.6804
threshold=2.3314224481582646 0.032264130190014846 -2.0742567777633663 -2.55019199848175 -2.3553438186645503 -0.53981217741966236 -0.23843537271022794 -1.3880634903907774 -1.201382517814636 -0.44996422529220576 -1.3238241076469419 -1.8760379552841184 -0.97098916769027699 -1.3968042731285093 -2.9030790328979488 -1.0739751458168028 -1.7617703080177305 0.64580348134040844 1.919757127761841 0.047469539567828185 -1.5911517143249509 1.0405454635620119 1.8105862736701968 -0.012632441241294144 0.27099215984344488 2.0653845071792607 0.90204581618309032 1.0205075144767763 2.3208742141723637 -1.4508008956909177
decision_type=2 2 2 2 2 2 2 2 2 2 2 2 2 2 2 2 2 2 2 2 2 2 2 2 2 2 2 2 2 2
left_child=1 2 5 -4 8 11 9 -8 23 -3 24 12 14 -14 -1 17 -17 -6 19 28 21 -12 -20 -5 -9 26 -11 -28 -2 -22
right_child=18 6 3 4 15 -7 7 10 -10 25 20 -13 13 -15 -16 16 -18 -19 22 -21 29 -23 -24 -25 -26 -27 27 -29 -30 -31
leaf_value=-0.0081846755204479336 0.0026252695436522378 -0.0096973829709890869 0.015983055337151688 0 -0.001453734078468273 0.0071534015931862148 0.0083370167370319485 0.00023137137957293167 0.023508611327871035 -0.0017145252981358575 0 -0.012543726010145246 -0.013971258178833256 0.0017852731827353576 0.0011570372716041514 0.0072415427069410804 0.00063760904601337695 0.0038534732798950482 -0.0016861080791494075 0 -0.012607696834301966 0.028763616051524873 0.011335200381640112 0.012828185046449928 -0.011389157578845364 0.0072539288334240127 -0.012072398912056456 -0.0028487140470713746 0.016720946907628587 -0.00053731028346888741
leaf_weight=601 494 894 594 459 18145 539 829 369 257 8472 216 528 795 476 2515 1789 121508 2492 215 1730 228 100 1474 426 665 350 759 1284 354 118904
leaf_count=601 494 894 594 459 18145 539 829 369 257 8472 216 528 795 476 2515 1789 121508 2492 215 1730 228 100 1474 426 665 350 759 1284 354 118904
internal_value=2.48094e-05 -5.92754e-05 0.000539677 0.000666448 0.000599473 -0.00278149 -0.000741722 -0.000527132 0.0107754 -0.0029254 -0.000591987 -0.00395636 -0.00280251 -0.00790169 -0.000589794 0.000515166 0.000737022 -0.000795234 0.00566922 0.00298899 -0.000532561 0.0101243 0.00950179 0.00630844 -0.00703185 -0.00232383 -0.00268428 -0.00650466 0.00910486 -0.000565041
internal_weight=288461 284194 151124 145670 145076 5454 133070 121311 1142 11759 120482 4915 4387 1271 3116 143934 123297 20637 4267 2578 119448 316 1689 885 1034 10865 10515 2043 848 119132
internal_count=288461 284194 151124 145670 145076 5454 133070 121311 1142 11759 120482 4915 4387 1271 3116 143934 123297 20637 4267 2578 119448 316 1689 885 1034 10865 10515 2043 848 119132
is_linear=0
shrinkage=0.03


Tree=5
num_leaves=31
num_cat=0
split_feature=209 102 163 228 277 227 218 161 113 85 119 279 97 114 297 163 45 217 16 87 77 58 143 107 238 275 57 31 187 234
split_gain=148.631 114.188 96.1788 139.91 137.166 66.4053 66.0054 87.0278 56.1495 55.9378 53.1204 59.0817 53.5483 66.3133 50.1598 48.6021 47.6205 47.493 46.8596 48.1828 43.1294 43.0455 42.3771 41.2331 40.0276 38.5762 38.3387 38.2644 36.6396 40.5847
threshold=2.4746123552322392 0.032264130190014846 -2.0311955213546748 -2.4603558778762813 -2.3624964952468868 -0.23843537271022794 -0.68853232264518727 -0.49755135178565973 -1.3636361956596372 0.72635838389396679 -1.6757996678352354 -2.0077141523361202 -2.0353279113769527 -1.0440459847450254 -1.6048276424407957 1.8310220241546633 -2.0554739236831661 -0.093422736972570405 2.0943324565887456 2.5119148492813115 -1.5921797752380369 -1.0631576776504514 -1.0313647985458372 -0.73563855886459339 0.21624410152435306 -0.9748244285583495 -1.4322328567504881 0.90087839961051952 -0.93170771002769459 -2.5188999176025386
decision_type=2 2 2 2 2 2 2 2 2 2 2 2 2 2 2 2 2 2 2 2 2 2 2 2 2 2 2 2 2 2
left_child=1 2 10 9 14 17 7 -6 26 16 11 -1 -12 20 -5 -2 -4 -3 21 -20 -14 -10 -19 -16 -21 -23 -7 -8 -24 -30
right_child=15 5 3 4 6 8 27 -9 18 -11 12 -13 13 -15 23 -17 -18 22 19 24 -22 25 28 -25 -26 -27 -28 -29 29 -31
leaf_value=-0.012151608342334698 0.00035311217131647326 -0.0068829865030431087 0.014144583399373072 -0.0013825506089356144 1.155651193762549e-05 -0.003651785400392587 0.0010361215578669029 -0.0041506045703589454 -0.0027547675069454721 0.021680356879976201 0.0013013388811532421 0.0026233920372528089 0 0.0014612297240135252 0.017062413619714011 0.0089200692391264158 0.00014371128962140041 0.013790234291872537 0.0045450510145997906 0.003319202886933794 -0.013217468982807535 0.0088605780965286002 -0.010932404803781329 0 -0.013391335543368341 -0.00051671267892089954 0.0097691786225453936 -0.0028047635125416732 -0.016824151972360816 -0.0014053321917819825
leaf_weight=1001 919 2174 385 183 41853 204 93815 5030 8106 309 2284 271 264 682 729 2201 574 128 2765 191 852 373 403 127 252 109320 764 2335 141 8948
leaf_count=1001 919 2174 385 183 41853 204 93815 5030 8106 309 2284 271 264 682 729 2201 574 128 2765 191 852 373 403 127 252 109320 764 2335 141 8948
internal_value=1.85196e-05 -5.20831e-05 0.000513046 0.00066042 0.000570135 -0.000690938 0.000488229 -0.000430178 -0.000479884 0.0105177 -0.00341933 -0.00877971 -0.00164117 -0.00551726 0.0113402 0.00651052 0.00624507 -0.00284378 -0.000540247 0.00300987 -0.00999662 -0.000639968 -0.00188746 0.0143721 -0.00570646 -0.000480482 0.00662048 0.000939162 -0.00215897 -0.00171388
internal_weight=287583 284463 150694 145340 144072 133769 143033 46883 121975 1268 5354 1272 4082 1798 1039 3120 959 11794 121007 3208 1116 117799 9620 856 443 109693 968 96150 9492 9089
internal_count=287583 284463 150694 145340 144072 133769 143033 46883 121975 1268 5354 1272 4082 1798 1039 3120 959 11794 121007 3208 1116 117799 9620 856 443 109693 968 96150 9492 9089
is_linear=0
shrinkage=0.03


Tree=6
num_leaves=31
num_cat=0
split_feature=270 171 17 235 193 102 37 48 52 118 230 178 209 114 7 222 159 50 137 126 117 106 39 267 56 163 185 177 85 105
split_gain=127.931 123.382 111.815 82.4774 66.2559 64.6204 135.527 67.2973 88.3361 58.4289 56.1794 74.078 61.8833 55.9172 54.4628 61.5634 60.1035 44.3743 44.7293 43.5093 43.4065 42.6643 41.4671 41.3886 40.8697 38.4157 37.3165 53.086 38.6667 35.9422
threshold=2.3259174823760991 0.23642660677433017 1.6782963871955874 0.64266896247863781 1.6576681137084963 -2.351274728775024 -2.534370899200439 -2.3553438186645503 -1.3530622124671934 -1.1304904818534849 0.0082275038585066813 -1.0124949812889097 1.8913183808326723 -1.4042804241180418 0.10270915180444719 1.1457577347755434 0.96216213703155529 -0.75997599959373463 -1.4831243157386778 -2.5508645772933956 1.8521241545677187 0.63684621453285228 -1.8406293988227842 -2.9030790328979488 -0.41007867455482477 0.14653810858726504 -1.3220357894897459 -0.72650969028472889 -1.7395626902580259 -0.20647428184747693
decision_type=2 2 2 2 2 2 2 2 2 2 2 2 2 2 2 2 2 2 2 2 2 2 2 2 2 2 2 2 2 2
left_child=1 2 5 10 -2 17 19 8 -8 -4 11 -3 26 -9 24 16 -16 18 23 -7 -17 -18 -13 -1 -5 -11 27 -12 -28 -26
right_child=4 3 9 14 -6 6 7 13 -10 25 12 22 -14 -15 15 20 21 -19 -20 -21 -22 -23 -24 -25 29 -27 28 -29 -30 -31
leaf_value=-0.0089457141732632688 -0.00067009820394256774 -0.016619490689488977 -0.0020920391453633784 -0.011165975264194323 0.0073871442148868011 -0.00031691309884746574 0.0020099377616481229 -0.0016750216558418568 0.01829133076034262 0.0013682861628369727 -0.0076456908649910303 0.01035233041455381 -0.0078395903277528149 0.00037477037323338497 -0.0010913185096581193 0.0020927518055773899 -0.011660121795766396 0.0079389936586241588 -0.011055120500708018 0.017675199698437033 -0.0027027949156438421 -0.0034333169664951695 -0.0044171671692622254 5.8663584088442865e-05 0.0047142300372015403 0.011615238137941424 -0.013350042868682761 0.0050988517263691763 -0.0014100950656851881 0.0007965807008409253
leaf_weight=609 1204 454 480 215 3104 114 1275 12884 399 525 326 151 1345 160914 15452 7617 807 222 816 514 2122 2540 3172 1468 2451 1421 232 1591 46178 17176
leaf_count=609 1204 454 480 215 3104 114 1275 12884 399 525 326 151 1345 160914 15452 7617 807 222 816 514 2122 2540 3172 1468 2451 1421 232 1591 46178 17176
internal_value=-4.39625e-05 -0.000123142 0.00034426 -0.000959737 0.0050733 0.000255538 0.000333079 0.000280729 0.00623786 0.00672006 -0.001772 -0.00532183 -0.001494 0.000220914 -5.58114e-05 -0.000900768 -0.00190855 -0.00400651 -0.00507437 0.0140372 0.00101373 -0.00556347 -0.00359837 -0.0024986 0.00114404 0.00904541 -0.00130802 0.0027201 -0.00148197 0.00130538
internal_weight=287778 283470 181641 101829 4308 179215 176100 175472 1674 2426 53449 3777 49672 173798 48380 28538 18799 3115 2893 628 9739 3347 3323 2077 19842 1946 48327 1917 46410 19627
internal_count=287778 283470 181641 101829 4308 179215 176100 175472 1674 2426 53449 3777 49672 173798 48380 28538 18799 3115 2893 628 9739 3347 3323 2077 19842 1946 48327 1917 46410 19627
is_linear=0
shrinkage=0.03


Tree=7
num_leaves=31
num_cat=0
split_feature=96 102 163 277 228 53 2 52 289 53 58 147 218 161 295 61 3 230 204 104 118 233 128 309 230 293 170 287 175 159
split_gain=105.386 138.835 77.0373 123.656 123.182 64.6489 89.8217 63.8792 70.397 62.897 60.4009 59.0896 58.3663 70.0105 53.7994 52.1562 52.1539 49.9347 46.1096 45.392 49.2476 61.8788 47.521 45.3799 43.3576 42.4297 47.1854 48.3059 47.009 40.5405
threshold=2.063554167747498 0.032264130190014846 -2.0311955213546748 -2.3624964952468868 -3.0606709718704219 -1.2365853190422056 -1.1884744167327879 2.0983796119689946 2.0609626770019536 0.94389131665229808 -1.0867062807083128 1.0206393599510195 -0.68853232264518727 -0.49755135178565973 -0.8687017261981963 -0.99369364976882923 -2.5665227174758907 -2.0211981534957881 -1.3238241076469419 2.1684052944183354 1.1173935532569887 0.8456820845603944 -0.8566657006740569 -0.026341855525970456 1.2227630019187929 1.2889282107353213 0.99055221676826488 0.83822476863861095 0.047258876264095313 -2.0588384866714473
decision_type=2 2 2 2 2 2 2 2 2 2 2 2 2 2 2 2 2 2 2 2 2 2 2 2 2 2 2 2 2 2
left_child=1 2 5 16 -5 6 23 8 25 -10 11 -3 13 -6 15 -7 -4 -14 -12 20 22 -22 -20 -1 -21 26 27 -2 -28 -25
right_child=7 10 3 4 12 14 -8 -9 9 -11 18 -13 17 -15 -16 -17 -18 -19 19 24 21 -23 -24 29 -26 -27 28 -29 -30 -31
leaf_value=-0.0088401782159277693 -0.00016716507563331172 -0.0045919059877224102 -0.0034847809933125974 0.017874402591222596 9.6384967442089442e-05 9.8671126312200978e-05 -0.011924822895434017 0.0078461292164619147 0.0058850999516506059 -0.011135387108002038 -0.0063769954895013525 0.0004037804777379936 0.0072364038255011897 -0.0036167569334710848 -0.0023285597014293855 0.017402233114968042 0.013360769429185893 0.00090513706313241106 0.0028223115520654282 0.012436504867665335 -0.0046929016126153831 -0.00067640400968377616 -0.00050015683871984507 -0.0014397860333597032 0.0012397142488223647 0.0088063114322391358 0.0053808737025297423 0.011183877354464153 -0.0077195416345083815 0.009990406511228565
leaf_weight=583 634 6811 159 352 42448 392 1211 2292 242 614 1218 2939 1130 5085 1106 289 940 95585 3991 422 5660 9376 98835 1438 1339 966 326 596 721 321
leaf_count=583 634 6811 159 352 42448 392 1211 2292 242 614 1218 2939 1130 5085 1106 289 940 95585 3991 422 5660 9376 98835 1438 1339 966 326 596 721 321
internal_value=2.16634e-05 -6.38627e-05 0.000554303 0.000685834 0.000606669 -0.00296765 -0.00531838 0.00382575 0.0014777 -0.00595655 -0.000781094 -0.00305758 0.00055998 -0.000295886 0.00154731 0.00815684 0.0106368 0.000983692 -0.000594459 -0.000532018 -0.000605978 -0.00221248 -0.000367761 -0.00170326 0.00420085 0.00355641 0.00114129 0.00518395 -0.00333496 0.000566341
internal_weight=288021 281630 151039 145699 144600 5340 3553 6391 4099 856 130591 9750 144248 47533 1787 681 1099 96715 120841 119623 117862 15036 102826 2342 1761 3243 2277 1230 1047 1759
internal_count=288021 281630 151039 145699 144600 5340 3553 6391 4099 856 130591 9750 144248 47533 1787 681 1099 96715 120841 119623 117862 15036 102826 2342 1761 3243 2277 1230 1047 1759
is_linear=0
shrinkage=0.03


Tree=8
num_leaves=31
num_cat=0
split_feature=256 102 224 97 168 54 58 85 291 164 198 229 278 34 55 148 32 46 110 236 216 21 109 199 130 223 115 52 229 118
split_gain=135.87 95.9435 77.3685 103.958 97.4775 78.7062 72.4427 68.4977 65.5293 64.8225 56.429 54.7306 62.1482 47.7136 43.437 43.1666 52.1688 45.1061 41.2082 41.062 40.4251 47.0744 88.2535 45.7585 39.9348 39.643 39.0809 46.4554 50.3068 65.6553
threshold=2.2094894647598271 0.032264130190014846 -2.4248447418212886 -2.5502516031265254 -2.0958561897277828 -0.928666591644287 -0.95642116665840138 -0.48851299285888666 -2.0628761053085323 2.2334884405136113 -0.2606899887323379 1.155949652194977 2.7969306707382207 -2.5821034908294673 -2.0853255987167354 -2.2230652570724483 -2.8666237592697139 -0.96548277139663685 -1.7313587665557859 0.7668089270591737 2.14355480670929 1.9043706059455874 0.26662209630012518 1.9108417034149172 -1.627618074417114 1.2961028814315798 -1.8826133608818052 2.0983796119689946 1.8343600630760195 2.0484759807586674
decision_type=2 2 2 2 2 2 2 2 2 2 2 2 2 2 2 2 2 2 2 2 2 2 2 2 2 2 2 2 2 2
left_child=1 2 8 15 7 13 10 14 -1 20 19 12 -11 -6 -5 16 -4 -17 -9 -3 21 23 -23 -8 -7 -22 -2 28 -28 -30
right_child=26 6 3 4 5 24 9 18 -10 11 -12 -13 -14 -15 -16 17 -18 -19 -20 -21 25 22 -24 -25 -26 -27 27 -29 29 -31
leaf_value=-0.0081958554440106288 0.015182572590052948 -0.0085295263127320477 0.016516352892969734 -0.0047118951095555016 -0.014201882972838394 0.0031834483096914372 -0.00057345389685015276 0.017973591606287302 9.4930832520882406e-05 0.017695902472260057 -0.0018866258675270351 0.001818266537902529 -0.0054881910807224078 -0.00095598759236662618 0.0060628264629261717 0.022115469414083246 -0.0030315009380674461 0 0 0.0069939854536205529 -0.0030973035184129701 0.006243727216968812 -0.008400753690082122 0.006307372284948762 0.00058981954930399226 0.0081085289143982362 0.0037093757751143807 0.0080486938697891582 0 -0.020482968150209339
leaf_weight=1678 313 1967 160 428 231 5662 113045 556 1592 428 10149 2254 102 26051 1136 344 323 100 121 130 351 439 1616 850 112261 905 2468 1710 450 169
leaf_count=1678 313 1967 160 428 231 5662 113045 556 1592 428 10149 2254 102 26051 1136 344 323 100 121 130 351 439 1616 850 112261 905 2468 1710 450 169
internal_value=1.74192e-05 -6.92785e-05 0.00044715 0.000550451 0.000484166 0.000384993 -0.00065984 0.00667323 -0.00409226 -0.000432328 -0.00286028 0.0040631 0.0126513 -0.00109453 0.00290259 0.0104738 0.0032468 0.0172103 0.0146205 -0.00736848 -0.000542342 -0.000602983 -0.00509772 -0.00051837 0.000717413 0.00474239 0.00485687 0.0040606 0.00171731 -0.00562322
internal_weight=287989 282879 150643 147373 146446 144205 132236 2241 3270 119990 12246 2784 530 26282 1564 927 483 444 677 2097 117206 115950 2055 113895 117923 1256 5110 4797 3087 619
internal_count=287989 282879 150643 147373 146446 144205 132236 2241 3270 119990 12246 2784 530 26282 1564 927 483 444 677 2097 117206 115950 2055 113895 117923 1256 5110 4797 3087 619
is_linear=0
shrinkage=0.03


end of trees

feature_importances:
OPEN17=8
CLOSE7=6
LOW9=6
CLOSE6=5
OPEN1=5
HIGH16=5
HIGH8=5
LOW6=5
CLOSE11=4
CLOSE1=4
OPEN12=4
OPEN5=4
LOW30=4
LOW22=4
LOW21=4
LOW17=4
LOW15=4
LOW11=4
VWAP32=4
VWAP1=4
CLOSE42=3
OPEN34=3
OPEN0=3
HIGH18=3
LOW35=3
LOW12=3
LOW10=3
LOW1=3
VWAP43=3
VWAP22=3
CLOSE57=2
CLOSE30=2
CLOSE29=2
CLOSE27=2
CLOSE22=2
CLOSE12=2
CLOSE9=2
CLOSE5=2
CLOSE3=2
OPEN22=2
OPEN14=2
OPEN9=2
OPEN8=2
OPEN6=2
OPEN4=2
OPEN2=2
HIGH31=2
HIGH20=2
LOW59=2
LOW41=2
LOW23=2
LOW7=2
LOW5=2
LOW0=2
VWAP30=2
VWAP29=2
CLOSE56=1
CLOSE55=1
CLOSE52=1
CLOSE49=1
CLOSE43=1
CLOSE41=1
CLOSE39=1
CLOSE38=1
CLOSE37=1
CLOSE28=1
CLOSE26=1
CLOSE25=1
CLOSE24=1
CLOSE23=1
CLOSE20=1
CLOSE19=1
CLOSE17=1
CLOSE16=1
CLOSE15=1
CLOSE14=1
CLOSE13=1
CLOSE4=1
CLOSE2=1
OPEN59=1
OPEN58=1
OPEN42=1
OPEN41=1
OPEN32=1
OPEN23=1
OPEN16=1
OPEN15=1
OPEN13=1
OPEN11=1
OPEN10=1
OPEN7=1
HIGH53=1
HIGH51=1
HIGH50=1
HIGH49=1
HIGH42=1
HIGH37=1
HIGH36=1
HIGH32=1
HIGH30=1
HIGH25=1
HIGH23=1
HIGH17=1
HIGH15=1
HIGH12=1
HIGH11=1
HIGH9=1
HIGH6=1
HIGH4=1
HIGH3=1
HIGH2=1
HIGH1=1
LOW54=1
LOW52=1
LOW51=1
LOW46=1
LOW45=1
LOW42=1
LOW40=1
LOW38=1
LOW36=1
LOW31=1
LOW29=1
LOW26=1
LOW19=1
LOW16=1
LOW14=1
LOW4=1
LOW3=1
LOW2=1
VWAP57=1
VWAP51=1
VWAP26=1
VWAP24=1
VWAP23=1
VWAP21=1
VWAP20=1
VWAP19=1
VWAP16=1
VWAP15=1
VWAP13=1
VWAP12=1
VWAP10=1
VWAP8=1
VWAP6=1
VWAP4=1
VWAP2=1
VWAP0=1
VOLUME50=1
VOLUME9=1
VOLUME8=1

parameters:
[boosting: gbdt]
[objective: regression]
[metric: l2]
[tree_learner: serial]
[device_type: cpu]
[data_sample_strategy: bagging]
[data: ]
[valid: ]
[num_iterations: 500]
[learning_rate: 0.03]
[num_leaves: 31]
[num_threads: 12]
[seed: 20260812]
[deterministic: 1]
[force_col_wise: 1]
[force_row_wise: 0]
[histogram_pool_size: -1]
[max_depth: 7]
[min_data_in_leaf: 100]
[min_sum_hessian_in_leaf: 0.001]
[bagging_fraction: 0.8]
[pos_bagging_fraction: 1]
[neg_bagging_fraction: 1]
[bagging_freq: 1]
[bagging_seed: 20260812]
[bagging_by_query: 0]
[feature_fraction: 0.8]
[feature_fraction_bynode: 1]
[feature_fraction_seed: 20260812]
[extra_trees: 0]
[extra_seed: 9622]
[early_stopping_round: 0]
[early_stopping_min_delta: 0]
[first_metric_only: 0]
[max_delta_step: 0]
[lambda_l1: 10]
[lambda_l2: 20]
[linear_lambda: 0]
[min_gain_to_split: 0]
[drop_rate: 0.1]
[max_drop: 50]
[skip_drop: 0.5]
[xgboost_dart_mode: 0]
[uniform_drop: 0]
[drop_seed: 26770]
[top_rate: 0.2]
[other_rate: 0.1]
[min_data_per_group: 100]
[max_cat_threshold: 32]
[cat_l2: 10]
[cat_smooth: 10]
[max_cat_to_onehot: 4]
[top_k: 20]
[monotone_constraints: ]
[monotone_constraints_method: basic]
[monotone_penalty: 0]
[feature_contri: ]
[forcedsplits_filename: ]
[refit_decay_rate: 0.9]
[cegb_tradeoff: 1]
[cegb_penalty_split: 0]
[cegb_penalty_feature_lazy: ]
[cegb_penalty_feature_coupled: ]
[path_smooth: 0]
[interaction_constraints: ]
[verbosity: 1]
[saved_feature_importance_type: 0]
[use_quantized_grad: 0]
[num_grad_quant_bins: 4]
[quant_train_renew_leaf: 0]
[stochastic_rounding: 1]
[linear_tree: 0]
[max_bin: 255]
[max_bin_by_feature: ]
[min_data_in_bin: 3]
[bin_construct_sample_cnt: 200000]
[data_random_seed: 20260812]
[is_enable_sparse: 1]
[enable_bundle: 1]
[use_missing: 1]
[zero_as_missing: 0]
[feature_pre_filter: 1]
[pre_partition: 0]
[two_round: 0]
[header: 0]
[label_column: ]
[weight_column: ]
[group_column: ]
[ignore_column: ]
[categorical_feature: ]
[forcedbins_filename: ]
[precise_float_parser: 0]
[parser_config_file: ]
[objective_seed: 6428]
[num_class: 1]
[is_unbalance: 0]
[scale_pos_weight: 1]
[sigmoid: 1]
[boost_from_average: 1]
[reg_sqrt: 0]
[alpha: 0.9]
[fair_c: 1]
[poisson_max_delta_step: 0.7]
[tweedie_variance_power: 1.5]
[lambdarank_truncation_level: 30]
[lambdarank_norm: 1]
[label_gain: ]
[lambdarank_position_bias_regularization: 0]
[eval_at: ]
[multi_error_top_k: 1]
[auc_mu_weights: ]
[num_machines: 1]
[local_listen_port: 12400]
[time_out: 120]
[machine_list_filename: ]
[machines: ]
[gpu_platform_id: -1]
[gpu_device_id: -1]
[gpu_use_dp: 0]
[num_gpu: 1]

end of parameters

pandas_categorical:null
