tree
version=v4
num_class=1
num_tree_per_iteration=1
label_index=0
max_feature_idx=157
objective=regression
feature_names=KMID KLEN KMID2 KUP KUP2 KLOW KLOW2 KSFT KSFT2 OPEN0 HIGH0 LOW0 VWAP0 ROC5 ROC10 ROC20 ROC30 ROC60 MA5 MA10 MA20 MA30 MA60 STD5 STD10 STD20 STD30 STD60 BETA5 BETA10 BETA20 BETA30 BETA60 RSQR5 RSQR10 RSQR20 RSQR30 RSQR60 RESI5 RESI10 RESI20 RESI30 RESI60 MAX5 MAX10 MAX20 MAX30 MAX60 MIN5 MIN10 MIN20 MIN30 MIN60 QTLU5 QTLU10 QTLU20 QTLU30 QTLU60 QTLD5 QTLD10 QTLD20 QTLD30 QTLD60 RANK5 RANK10 RANK20 RANK30 RANK60 RSV5 RSV10 RSV20 RSV30 RSV60 IMAX5 IMAX10 IMAX20 IMAX30 IMAX60 IMIN5 IMIN10 IMIN20 IMIN30 IMIN60 IMXD5 IMXD10 IMXD20 IMXD30 IMXD60 CORR5 CORR10 CORR20 CORR30 CORR60 CORD5 CORD10 CORD20 CORD30 CORD60 CNTP5 CNTP10 CNTP20 CNTP30 CNTP60 CNTN5 CNTN10 CNTN20 CNTN30 CNTN60 CNTD5 CNTD10 CNTD20 CNTD30 CNTD60 SUMP5 SUMP10 SUMP20 SUMP30 SUMP60 SUMN5 SUMN10 SUMN20 SUMN30 SUMN60 SUMD5 SUMD10 SUMD20 SUMD30 SUMD60 VMA5 VMA10 VMA20 VMA30 VMA60 VSTD5 VSTD10 VSTD20 VSTD30 VSTD60 WVMA5 WVMA10 WVMA20 WVMA30 WVMA60 VSUMP5 VSUMP10 VSUMP20 VSUMP30 VSUMP60 VSUMN5 VSUMN10 VSUMN20 VSUMN30 VSUMN60 VSUMD5 VSUMD10 VSUMD20 VSUMD30 VSUMD60
feature_infos=[-0.14947372674942017:0.222027987241745] [0:0.22217290103435516] [-1:1] [0:0.21226702630519867] [0:1] [0:0.19577737152576447] [0:1] [-0.21737830340862274:0.22217290103435516] [-1:1] [0.81831187009811401:1.1757426261901855] [1:1.2203390598297119] [0.80375176668167114:1] [0.89535439014434814:1.1014472246170044] [0.62103557586669922:1.5347062349319458] [0.58417785167694092:1.8924485445022583] [0.46860837936401367:2.2146341800689697] [0.45439684391021729:2.740487813949585] [0.36440131068229675:2.6513261795043945] [0.83368843793869019:1.2064073085784912] [0.71110033988952637:1.4220441579818726] [0.61736243963241577:1.7117466926574707] [0.56646168231964111:1.9959673881530762] [0.4937971830368042:1.8249267339706421] [0:0.15229916572570801] [0:0.2603875994682312] [0:0.36472421884536743] [0:0.57258552312850952] [0:0.50059491395950317] [-0.11732283234596252:0.079978801310062408] [-0.11732283234596252:0.079978801310062408] [-0.11732283234596252:0.079978801310062408] [-0.11732283234596252:0.079978801310062408] [-0.11732283234596252:0.079978801310062408] [0:1] [0:1] [0:1] [0:1] [0:1] [-0.087322920560836792:0.075261890888214111] [-0.18959152698516846:0.18788224458694458] [-0.29853948950767517:0.27287426590919495] [-0.40098747611045837:0.27581575512886047] [-0.96870207786560059:0.33257237076759338] [1:1.5713194608688354] [1:1.9298244714736938] [1:2.2439024448394775] [1:3.3160974979400635] [1:3.3160974979400635] [0.61784285306930542:1] [0.54045307636260986:1] [0.4660193920135498:1] [0.43721681833267212:1] [0.34951454401016235:1] [0.92685049772262573:1.3299539089202881] [0.84263509511947632:1.6361554861068726] [0.69682848453521729:2.054157018661499] [0.62161809206008911:2.423609733581543] [0.56576049327850342:2.2013657093048096] [0.73728358745574951:1.1517097949981689] [0.58504855632781982:1.2103414535522461] [0.49352750182151794:1.3664377927780151] [0.47533980011940002:1.5493515729904175] [0.39857602119445801:1.5099923610687256] [0.20000000298023224:1] [0.10000000149011612:1] [0.05000000074505806:1] [0.033333335071802139:1] [0.01666666753590107:1] [0:1] [0:1] [0:1] [0:1] [0:1] [0.20000000298023224:1] [0.10000000149011612:1] [0.05000000074505806:1] [0.033333335071802139:1] [0.01666666753590107:1] [0.20000000298023224:1] [0.10000000149011612:1] [0.05000000074505806:1] [0.033333335071802139:1] [0.01666666753590107:1] [-0.80000001192092896:0.80000001192092896] [-0.89999997615814209:0.89999997615814209] [-0.94999998807907104:0.94999998807907104] [-0.96666663885116577:0.96666663885116577] [-0.98333334922790527:0.98333334922790527] [-1:1] [-1:1] [-1:1] [-1:1] [-1:1] [-1:1] [-1:1] [-1:1] [-1:1] [-1:1] [0:1] [0:1] [0:0.94999998807907104] [0:0.91666668653488159] [0:0.91666668653488159] [0:1] [0:1] [0:0.89999997615814209] [0:0.8571428656578064] [0:0.8571428656578064] [-1:1] [-1:1] [-0.83333331346511841:0.91666668653488159] [-0.83333331346511841:0.91666668653488159] [-0.83333331346511841:0.91666668653488159] [0:1] [0:1] [0:1] [0:1] [0:1] [0:1] [0:1] [0:1] [0:1] [0:1] [-1:1] [-1:1] [-1:1] [-1:1] [-1:1] [0.20004743337631226:15222.455078125] [0.10012400150299072:19018.634765625] [0.050104878842830658:17437.12890625] [0.033520448952913284:22716.572265625] [0.017187755554914474:26107.111328125] [0.00080492562847211957:21624.73828125] [0.0021778203081339598:58684.484375] [0.0021778203081339598:44502.63671875] [0.0021778203081339598:36894.8125] [0.0021778203081339598:26550.70703125] [0:2.2360680103302002] [0:3.1615598201751709] [0:4.4708261489868164] [0:5.4658303260803223] [0:7.5986995697021484] [0:1] [0:1] [0:1] [0:1] [0:1] [0:1] [0:1] [0:1] [0:1] [0:1] [-1:1] [-1:1] [-1:1] [-1:1] [-1:1]
tree_sizes=3103 3095 3102 3029 3091 2993 3092 3044 3093 3112 3082 3054 3078 3066 3081 3017 3069 3026 3080 3113 3042 3033

Tree=0
num_leaves=31
num_cat=0
split_feature=16 26 29 55 50 10 125 41 10 22 56 42 14 4 43 6 127 121 70 11 41 35 42 13 71 1 24 33 15 55
split_gain=177.841 114.072 77.7086 76.6384 75.3595 108.523 84.9871 73.9344 86.8066 59.1973 56.986 53.5413 53.884 51.8258 51.0043 49.9406 49.2409 42.2589 63.737 46.0872 41.0158 40.0238 39.3343 38.3073 84.8628 44.9538 48.4967 37.7612 37.2913 35.8838
threshold=1.2172914147377016 0.016355155035853389 -0.00046219836804084474 0.93685635924339306 0.86984181404113781 1.0177281498908999 0.47706456482410436 -0.029115176759660241 1.0241335034370425 1.0994764566421511 1.1776843667030337 0.081322934478521361 0.9819428324699403 0.44444279372692114 1.0094994902610781 0.062500309199094786 0.076354697346687331 0.65108454227447521 0.099999431520700469 0.99663302302360546 0.057867685332894332 0.91068241000175487 -0.0023050018353387709 1.1141304373741152 0.18954233825206759 0.051144123077392585 0.027887769974768165 0.92737191915512096 0.95129305124282848 0.96583938598632824
decision_type=10 10 10 10 10 10 10 10 10 10 10 10 8 10 10 10 10 10 10 10 10 10 8 8 10 10 10 10 10 10
left_child=1 22 7 13 5 6 -5 23 11 16 -2 12 -9 14 20 -11 -6 -12 19 -19 -4 28 -1 25 -25 26 -3 -21 -10 -7
right_child=10 2 3 4 9 29 -8 8 21 15 17 -13 -14 -15 -16 -17 -18 18 -20 27 -22 -23 -24 24 -26 -27 -28 -29 -30 -31
leaf_value=0.00027586465680792761 0.00079898953336661883 0.0012490110151530225 0.0043372609345003685 0.0026523190938098659 -0.00073861312631921285 -1.4948711436410956e-09 -0.0031027563195023555 -0.0057466017002108776 0.00085869159481425912 -0.0040162286139412218 0.0019576335272600246 0.013921880542120053 -0.0011642779462878042 0.0067430246094188941 -0.01485193423659823 0.0071944709952977727 0.00078576153307691903 0.00015423040115448492 0.018508064229015971 0.019541337286936612 -0.0075797238540214057 0.0068523495129072581 0.0021850232929149088 -1.4948711436410956e-09 -0.018809833040429658 0.0055514023305294766 -0.0015509965430439438 -1.4948711436410956e-09 -0.0081994805392596043 0.0083171467803439814
leaf_weight=17508 1125 15328 355 7252 50408 545 3333 2428 404 400 631 184 58618 220 583 1708 30544 592 745 283 705 162 22979 855 278 1509 8673 152 2869 2876
leaf_count=17508 1125 15328 355 7252 50408 545 3333 2428 404 400 631 184 58618 220 583 1708 30544 592 745 283 705 162 22979 855 278 1509 8673 152 2869 2876
internal_value=2.46647e-05 -7.65429e-05 -0.000385534 0.000194427 0.000313583 0.00234779 0.000809441 -0.00101709 -0.00156567 -2.63064e-05 0.00669111 -0.00129794 -0.00135327 -0.00579194 -0.00771169 0.00490847 -0.000159694 0.00929642 0.0116913 0.0062007 -0.00330447 -0.00621623 0.00136739 0.000303296 -0.00502024 0.000555233 0.000224262 0.0134016 -0.00699187 0.00698808
internal_weight=234252 230724 190237 98929 97066 14006 10585 91308 64665 83060 3528 61230 61046 1863 1643 2108 80952 2403 1772 1027 1060 3435 40487 26643 1133 25510 24001 435 3273 3421
internal_count=234252 230724 190237 98929 97066 14006 10585 91308 64665 83060 3528 61230 61046 1863 1643 2108 80952 2403 1772 1027 1060 3435 40487 26643 1133 25510 24001 435 3273 3421
is_linear=0
shrinkage=1


Tree=1
num_leaves=31
num_cat=0
split_feature=16 30 20 16 14 42 6 53 29 30 11 10 37 16 14 38 24 102 50 125 59 114 33 114 116 102 20 51 19 53
split_gain=170.735 97.0526 79.7735 70.8162 60.5084 59.8844 56.2171 46.4972 47.3119 45.3738 44.6963 50.5718 43.5864 43.3566 42.756 64.0809 55.4798 46.81 64.7832 46.1493 43.9124 75.6893 41.4776 40.2854 40.2384 40.0782 38.1982 38.1894 38.0875 39.7262
threshold=1.2172914147377016 -0.00033317979250568891 0.89634060859680187 0.93432936072349559 0.91505607962608349 -0.065117824822664247 0.16666511446237567 0.98734048008918773 0.00055729915038682531 -0.006855929968878626 0.99663302302360546 1.0188257098197939 0.76576602458953869 0.89665105938911449 0.89523807168006908 -0.0051044060382992021 0.055167246609926231 0.51887464523315441 0.95558559894561779 0.47706456482410436 0.92296659946441661 0.77631583809852611 0.88159504532814037 0.36274485290050512 0.37888190150260931 0.53614982962608349 1.0179210901260378 0.93933054804801952 1.0411531925201418 1.0889600515365603
decision_type=10 8 8 8 8 10 10 10 10 10 10 10 10 10 8 10 10 2 8 10 10 10 10 10 10 2 10 10 10 10
left_child=1 3 12 7 22 6 -6 8 13 24 26 -12 -3 -1 15 20 17 18 -16 -19 21 -4 -5 -11 27 -8 -7 -2 -29 -30
right_child=9 2 14 4 5 10 25 -9 -10 23 11 -13 -14 -15 16 -17 -18 19 -20 -21 -22 -23 -24 -25 -26 -27 -28 28 29 -31
leaf_value=-0.035503023650004142 0.017385926241098335 -0.0085456424944618699 -0.014169449067037355 0.013731824376244647 -0.00095474352499871646 -0.00058182281741004282 0.0045772002810755162 -0.0036137801735369132 -0.0012737871445482596 -0.0035179129007705135 0.00095671118615300432 -0.002304171180161596 0.00099592010035536764 -0.004381603602907758 -0.00051290980800775497 0.0010949967333665452 -0.012861026016775088 0.0018284622958343183 0.0012569064928822907 -0.0013186996473991779 0.020067397644848536 0.012265880827814086 -0.0030948254752352277 0.007123872995058296 -0.0017363307181835531 -0.0010557676912856973 -0.001996801328075714 -3.9287050894927235e-05 0.014247939370617092 0.0016329743436552808
leaf_weight=116 562 1323 113 420 4892 35144 4880 2537 180 616 18534 5525 551 102 50964 1723 257 32410 29237 4688 323 304 142 593 229 1367 35113 388 733 411
leaf_count=116 562 1323 113 420 4892 35144 4880 2537 180 616 18534 5525 551 102 50964 1723 257 32410 29237 4688 323 304 142 593 229 1367 35113 388 733 411
internal_value=1.22559e-05 -8.68887e-05 0.000493158 -0.000738556 -0.000607559 -0.000663327 0.00140463 -0.00533271 -0.0148749 0.00654062 -0.000910985 0.000194119 -0.00560091 -0.023794 0.000591729 0.00450314 0.000506474 0.000540507 0.000128684 0.00142218 0.0118062 0.00409521 0.00900454 0.00148864 0.00900672 0.00329726 -0.00129364 0.0103288 0.00735598 0.0100795
internal_weight=234377 230845 121893 108952 106017 105455 11139 2935 398 3532 94316 24059 1874 218 120019 2463 117556 117299 80201 37098 740 417 562 1209 2323 6247 70257 2094 1532 1144
internal_count=234377 230845 121893 108952 106017 105455 11139 2935 398 3532 94316 24059 1874 218 120019 2463 117556 117299 80201 37098 740 417 562 1209 2323 6247 70257 2094 1532 1144
is_linear=0
shrinkage=0.03


Tree=2
num_leaves=31
num_cat=0
split_feature=16 26 36 33 27 44 20 30 3 36 78 2 80 86 15 15 85 23 42 42 15 82 35 140 14 86 41 44 58 111
split_gain=176.404 116.255 62.3437 56.0657 78.82 72.7933 59.4254 66.4929 72.0014 65.1264 60.0641 58.072 57.2876 53.8743 57.6814 54.9028 53.6259 52.349 51.8565 50.1612 49.768 49.7155 48.475 45.9282 42.9065 42.4472 40.9519 36.9679 36.4175 35.5127
threshold=1.2172914147377016 0.019851308315992359 0.80496826767921459 0.37528073787689215 0.082658629864454283 1.0432809591293337 0.89634060859680187 -0.00040456015267409379 0.017524485476315025 0.79510122537612926 0.30000000447034841 -0.4444452822208404 0.52500000596046459 -0.58333334326744068 1.0308667421340945 1.0968881845474245 -0.37499999999999994 0.017055707983672622 0.096798460930585875 -0.0057530261110514394 0.81469807028770458 0.25833334028720861 0.76427963376045238 0.78546378016471874 0.9119742512702943 -0.81666666269302357 0.019879706203937534 1.017876207828522 0.95438703894615184 -0.075498577207326875
decision_type=10 8 10 8 10 8 8 8 10 10 8 10 2 2 10 10 2 10 10 10 8 2 10 10 8 2 10 10 10 2
left_child=1 19 -2 4 5 11 9 22 10 18 -9 29 -10 15 20 -6 21 -4 -5 -1 -15 -7 25 -19 -13 -8 -18 -16 -21 -3
right_child=2 3 17 6 13 16 7 8 12 -11 -12 24 -14 14 27 -17 26 23 -20 28 -22 -23 -24 -25 -26 -27 -28 -29 -30 -31
leaf_value=-5.4749310195134228e-05 0.002770462098829259 -0.0011716471049775452 -2.0163220840252257e-05 0.00041682271779268636 0.012161363203366122 0.0017884622245418274 -0.0032237313536807198 -0.00080034555877236079 0.0079038305277394881 0.001155396207872214 0.0013187293608779064 0.004788120248905927 -0.004335197068597238 -0.0087755721868982301 0.0094895574103295802 0.00020935566464326701 -0.0056291746264201647 0.0011263193343989295 -0.014357346464791027 0.010151004351270325 0.0034864334826496695 -0.0029550925346808377 0.00092591225829734519 0.016291053826935849 -0.0017644227653708412 -0.00076925256289173474 0.0031755717282308041 -0.0070126222545898245 0.0015438833196788997 0.0026270594984832479
leaf_weight=25064 1950 3416 266 241 796 2610 8086 19578 1991 665 30758 889 368 298 105 693 7355 272 751 442 3183 7456 11472 1055 26554 32107 451 1112 38488 5845
leaf_count=25064 1950 3416 266 241 796 2610 8086 19578 1991 665 30758 889 368 298 105 693 7355 272 751 442 3183 7456 11472 1055 26554 32107 451 1112 38488 5845
internal_value=-1.11366e-06 -0.000104659 0.00662189 -0.00052292 -0.00124976 -0.00161663 -0.000103349 -1.04381e-05 0.000736322 -0.00570619 0.000488575 -0.000840144 0.00584807 0.00193286 0.000280695 0.00687405 -0.00319182 0.0110577 -0.0105343 0.00098054 0.00230689 -0.00169429 -0.000777881 0.0134683 -0.0015379 -0.00127186 -0.00507532 -0.00521592 0.00165447 0.00119404
internal_weight=234317 230774 3543 166780 60763 54576 106017 104360 52695 1657 50336 36704 2359 6187 4698 1489 17872 1593 992 63994 3481 10066 51665 1327 27443 40193 7806 1217 38930 9261
internal_count=234317 230774 3543 166780 60763 54576 106017 104360 52695 1657 50336 36704 2359 6187 4698 1489 17872 1593 992 63994 3481 10066 51665 1327 27443 40193 7806 1217 38930 9261
is_linear=0
shrinkage=0.03


Tree=3
num_leaves=31
num_cat=0
split_feature=16 26 36 20 86 14 3 61 13 72 25 58 33 28 53 29 118 122 23 140 33 117 34 42 16 81 37 86 8 53
split_gain=136.963 96.1831 58.7724 57.1543 68.5522 68.0235 64.1226 45.3776 77.2088 44.687 43.4638 42.2138 53.1145 41.0921 52.7075 40.4545 63.8695 40.3347 37.6855 37.1798 36.7283 35.3013 28.0182 23.7734 28.4224 21.7174 21.5543 21.2601 20.2289 15.393
threshold=1.2356088161468508 0.016355155035853389 0.80496826767921459 0.89634060859680187 0.68333333730697643 0.8467506766319276 0.01693323161453009 1.055646598339081 1.1141304373741152 0.085906889289617552 0.034970838576555259 0.976833075284958 0.9097576141357423 -0.013203666079789398 1.0787267088890078 0.01125879166647792 0.08278094977140428 0.45891566574573522 0.017055707983672622 0.72530519962310802 0.76818183064460765 0.68122270703315746 0.83788293600082409 -0.0057530261110514394 0.98136833310127269 0.083333335816860213 0.55963352322578441 -0.91666665673255909 -0.040001098066568368 1.0114355087280276
decision_type=10 10 10 10 2 8 10 10 10 10 10 10 10 10 10 10 10 10 10 10 10 10 10 8 10 2 10 2 10 10
left_child=1 23 -2 11 5 -5 13 8 -7 -9 20 12 15 14 -6 25 -17 -15 -4 -20 -8 -12 -14 26 29 -3 -1 -21 -28 -25
right_child=2 3 18 4 6 7 10 9 -10 -11 21 -13 22 17 -16 16 -18 -19 19 27 -22 -23 -24 24 -26 -27 28 -29 -30 -31
leaf_value=-0.00058785820773002082 0.0024334991853794305 0.0088192238094184552 -7.452865036488589e-05 0.017191476871375955 0.0092713956591614979 -0.00069347662820093121 -0.0046988402324306322 0 -0.015244977392560135 0.0054222285742983435 0.013368662038233191 0.0076877045293283963 0.0095368764294463011 0.0013052684173987153 -0.0080127688388387519 -0.0013080396100350873 -0.019016210590474401 -0.0009376734801689482 0 0.0066994711476145311 0.0090681950070999554 -0.00061661910057361974 -0.0043532917465107027 0.00038476777494958253 0.0027269935242589093 -0.0065513805181499343 0.0036189932828243616 0.019568169759372745 -0.00015860832575995809 0.0044978774018376673
leaf_weight=9578 1460 111 157 172 908 150598 410 3877 311 2101 789 159 195 17417 157 317 609 12161 122 280 268 151 294 11778 13394 198 2643 601 2169 889
leaf_count=9578 1460 111 157 172 908 150598 410 3877 311 2101 789 159 195 17417 157 317 609 12161 122 280 268 151 294 11778 13394 198 2643 601 2169 889
internal_value=-3.35568e-05 -0.000112254 0.00675915 -0.000394629 -0.000340905 -0.000600791 0.000914616 -0.000624398 -0.000727469 0.00192127 0.00671608 -0.00557819 -0.00704782 0.000594324 0.00634617 -0.0103386 -0.0134271 0.000372936 0.0118158 0.0139353 0.000417104 0.0108435 0.000753428 0.0012146 0.00175637 0 0.000211514 0.0160507 0.00186055 0.000703717
internal_weight=234274 231654 2620 191203 189320 157059 32261 156887 150909 5978 1618 1883 1724 30643 1065 1235 926 29578 1160 1003 678 940 489 40451 26061 309 14390 881 4812 12667
internal_count=234274 231654 2620 191203 189320 157059 32261 156887 150909 5978 1618 1883 1724 30643 1065 1235 926 29578 1160 1003 678 940 489 40451 26061 309 14390 881 4812 12667
is_linear=0
shrinkage=0.03


Tree=4
num_leaves=31
num_cat=0
split_feature=16 26 36 30 81 55 33 42 30 140 8 25 81 36 85 127 140 35 86 49 32 27 13 61 72 18 46 43 28 13
split_gain=126.598 107.316 75.6044 57.6273 71.0332 63.3494 65.404 50.1539 47.1177 58.7171 47.0933 46.8075 53.7108 46.5807 82.1945 46.4066 44.9544 41.8145 51.7488 56.8006 44.6903 41.6441 41.4917 36.5414 54.0573 37.1326 35.1167 34.9306 31.8548 31.7769
threshold=1.2172914147377016 0.01998079847544432 0.80809888243675243 -0.00043934238783549512 0.083333335816860213 0.93685635924339306 0.24699738621711734 -0.0033062528818845745 -0.0055369366891682139 0.76783263683319103 0.73332929611206066 0.041591159999370582 0.61666667461395275 0.79510122537612926 0.82500001788139354 0.32687312364578253 1.1262457966804507 0.47138129174709326 -0.81666666269302357 0.83610951900482189 -0.0050930061843246213 0.082658629864454283 0.96296295523643505 1.0634995102882387 0.071428466588258757 1.0246167778968813 1.0477623343467715 1.0052842497825625 0.0092045781202614325 1.0046141743659975
decision_type=10 10 10 10 2 10 10 8 10 10 10 10 2 10 2 10 10 10 2 10 10 10 10 10 10 10 10 10 10 8
left_child=1 7 -2 4 10 13 21 -1 9 -4 -3 22 -13 14 15 -5 27 18 20 -20 -6 26 -8 25 -25 -19 -7 -15 -9 -12
right_child=2 3 8 5 17 6 11 28 -10 -11 29 12 -14 16 -16 -17 -18 23 19 -21 -22 -23 -24 24 -26 -27 -28 -29 -30 -31
leaf_value=-2.024815093279526e-06 0.0014305038062850596 -0.0027308636029805913 0 0.0020640137491801215 0.0086448956541155461 -0.00075549298991973047 -0.0013138755092340743 0.0014302500305885888 -0.0049910590257335064 0.014782601298422229 -0.014186143759891787 0.0020510678608458188 0.01167942960778409 0.0044414632312889972 -0.019952764908934162 -0.011503672216441378 0.010237657046804394 -0.00020584998120486728 0.010035092290806095 -0.0013329520699620514 -0.0054713466739344718 0.0024655740057662702 0.00078923435570082685 -0.00022148614349130755 0.007723020022211779 -0.0038558957938811412 -0.0034502731037304498 -0.013252806907271346 0.0052492246902295535 -0.0035441626846592668
leaf_weight=28456 1934 6105 257 536 179 14344 10601 34892 125 1205 621 8300 558 134 387 338 266 39406 377 23745 4051 2453 40065 1809 1238 2682 6516 205 2144 602
leaf_count=28456 1934 6105 257 536 179 14344 10601 34892 125 1205 621 8300 558 134 387 338 266 39406 377 23745 4051 2453 40065 1809 1238 2682 6516 205 2144 602
internal_value=-3.90165e-06 -9.14623e-05 0.00562423 -0.000499372 -0.0010725 4.4031e-05 0.000171281 0.000934707 0.0104668 0.0120404 -0.00389553 0.000701958 0.00271633 -0.00538782 -0.00865847 -0.00298739 0.00100812 -0.000785928 -0.00168995 -0.00113469 -0.00476553 -0.00117025 0.000342931 -0.000210918 0.00293787 -0.00044729 -0.00161412 -0.00556517 0.00166214 -0.00933048
internal_weight=234531 231010 3521 165518 80815 84703 82837 65492 1587 1462 7328 59524 8858 1866 1261 874 605 73487 28352 24122 4230 23313 50666 45135 3047 42088 20860 339 37036 1223
internal_count=234531 231010 3521 165518 80815 84703 82837 65492 1587 1462 7328 59524 8858 1866 1261 874 605 73487 28352 24122 4230 23313 50666 45135 3047 42088 20860 339 37036 1223
is_linear=0
shrinkage=0.03


Tree=5
num_leaves=31
num_cat=0
split_feature=16 26 71 40 54 61 13 42 20 14 26 10 58 53 136 52 26 81 72 23 109 35 18 23 36 140 82 55 42 87
split_gain=147.874 94.3353 64.7896 102.379 71.6912 54.3352 69.5542 54.6328 50.0629 71.5364 76.4233 72.9697 44.0859 52.8971 38.6936 39.4819 35.8984 35.8096 34.4828 35.0349 33.5214 30.544 30.595 28.717 38.9842 36.1 29.6326 36.0028 25.3846 24.6232
threshold=1.2172914147377016 0.016355155035853389 0.5333329737186433 -0.028694209642708298 0.98946151137352001 1.0634995102882387 1.1141304373741152 -0.075480598956346498 0.89634060859680187 0.92313140630722057 0.033771589398384101 1.0198020339012148 0.9726296365261079 1.0018708109855654 0.36373759806156164 0.75517633557319652 0.046224724501371391 0.91666665673255932 0.07489818707108499 0.046968370676040656 0.18333333730697635 0.71897086501121532 1.0005134940147402 0.01609872002154589 0.80496826767921459 0.76783263683319103 0.94166666269302379 1.1128421425819399 -0.0023050018353387709 0.55833333730697643
decision_type=10 10 10 10 10 10 10 10 10 8 10 10 10 10 10 10 10 2 10 10 2 10 10 10 10 10 2 10 8 2
left_child=1 28 4 14 17 6 7 -6 12 11 -11 -10 13 -5 15 20 -8 -3 -7 -20 -4 22 -16 -2 -25 -26 -27 -28 -1 -17
right_child=23 2 3 8 5 18 16 -9 9 10 -12 -13 -14 -15 21 29 -18 -19 19 -21 -22 -23 -24 24 25 26 27 -29 -30 -31
leaf_value=0.00033700343776276652 0 -0.0065582325193895563 0.017764394688049408 -0.0043573990246235737 0.0019514054692983159 0.00029590130242315244 0 -0.0010235115622677338 0.0013343368246632491 0.00037626429279811688 -0.0017676531575496902 0.0088354122049040269 0.0078081359201120117 -0.021985542093447986 -0.0098985790297432246 0.0061831212548660048 -0.018187817147718478 0.0081323763697097699 0.0084930899351549748 -0.0021048287098528818 0.00436817361316483 0.0053430686132478217 0.00070094596988114753 0.0036526969936384913 0 0.021450657870786233 -0.0050807574040954932 0.011594692578827129 0.001881883470771959 0
leaf_weight=17406 578 2569 430 1512 5839 2389 118 89859 7717 47574 21726 1395 182 169 252 1554 297 124 1218 300 415 1220 2273 1553 251 334 100 698 22855 917
leaf_count=17406 578 2569 430 1512 5839 2389 118 89859 7717 47574 21726 1395 182 169 252 1554 297 124 1218 300 415 1220 2273 1553 251 334 100 698 22855 917
internal_value=-3.74381e-07 -9.50994e-05 -0.000375784 0.000222153 -0.000887069 -0.00075293 -0.000896433 -0.000838493 -7.91973e-05 3.30785e-05 -0.000291856 0.0025324 -0.00491426 -0.00654368 0.00368105 0.00606272 -0.0129148 -0.00571626 0.00268748 0.00620345 0.0117851 0.00147152 -0.000308505 0.00608848 0.00728432 0.0110383 0.0132889 0.00906516 0.00122193 0.00390651
internal_weight=233824 230310 190049 87336 102713 100020 96113 95698 80275 78412 69300 9112 1863 1681 7061 3316 415 2693 3907 1518 845 3745 2525 3514 2936 1383 1132 798 40261 2471
internal_count=233824 230310 190049 87336 102713 100020 96113 95698 80275 78412 69300 9112 1863 1681 7061 3316 415 2693 3907 1518 845 3745 2525 3514 2936 1383 1132 798 40261 2471
is_linear=0
shrinkage=0.03


Tree=6
num_leaves=31
num_cat=0
split_feature=32 86 26 33 50 73 29 56 80 39 23 14 109 23 18 15 35 36 102 138 5 33 33 10 35 10 1 58 140 5
split_gain=94.4032 88.2686 87.8838 73.0787 71.9016 75.5191 71.6895 68.2171 52.5645 49.097 48.5828 62.6497 47.1217 44.4294 43.6318 49.8641 46.7508 41.5198 41.2853 40.7648 39.4309 39.1873 37.4707 36.9931 36.7283 35.0105 34.0415 31.1879 30.0951 28.6012
threshold=-0.0048873580526560536 -0.58333334326744068 0.016355155035853389 0.61454492807388317 0.82575467228889476 0.90000000596046459 -0.0034350714413449164 1.1626154184341433 0.52500000596046459 0.038783708587288863 0.033800981938838966 0.88826081156730663 0.29285715520381933 0.046968370676040656 0.99841436743736278 1.0164306163787844 0.55655452609062206 0.80809888243675243 0.53390806913375866 1.1900857090950014 0.010483859572559597 0.95206198096275341 0.92737191915512096 1.0078005790710451 0.79681354761123668 1.0229225754737856 0.023809515871107582 0.97569397091865551 0.8505009412765504 0.01459415862336755
decision_type=8 2 10 8 10 10 10 10 2 10 10 8 2 8 10 8 10 10 2 10 10 10 10 10 8 10 10 8 10 10
left_child=1 4 27 6 -1 21 14 8 13 10 11 -8 -12 18 25 20 -17 22 -5 -15 -16 -6 29 -19 26 -4 -10 -2 -25 -9
right_child=2 -3 3 7 5 -7 9 17 24 -11 12 -13 -14 19 15 16 -18 23 -20 -21 -22 -23 -24 28 -26 -27 -28 -29 -30 -31
leaf_value=0.021069227238643851 0.0045477291169486837 0.00026433510188561939 -0.0035191509464483641 0.00039517283704380905 0.0089847249376940694 -0.0030168590543097084 0.0070192495499469803 0.0073209863244217376 -0.0003402763242250416 0.014158185038261297 -0.0018492081282434588 -0.00052209312780832605 -0.018831683496805276 -0.013004782688669879 9.3743431660430653e-05 -0.004706193152845848 -0.00073197787691700752 -0.0031260938341526202 0.0025575081924154737 0.0052218565403923597 0.0079762994452480251 -0.0045148521346697907 -0.0063160651020474114 0.0024151888000921518 0.0016139177514156284 -0.015146218087788469 -0.0023809920286449698 0.0009483996095901384 0.015784919112688898 -0.0032260663751180149
leaf_weight=290 2342 4073 9727 29606 2230 692 980 826 22548 185 475 76141 234 362 3133 4389 7326 129 11086 115 702 169 354 286 5409 239 11234 37660 612 260
leaf_count=290 2342 4073 9727 29606 2230 692 980 826 22548 185 475 76141 234 362 3133 4389 7326 129 11086 115 702 169 354 286 5409 239 11234 37660 612 260
internal_value=3.34118e-06 0.00332188 -0.000104896 -0.000380001 0.00689379 0.00534051 -0.000911979 0.000281392 0.00012609 -0.000455437 -0.000497656 -0.000420579 -0.00822854 0.000877618 -0.00229465 -0.00126989 -0.00225196 0.00517788 0.000992608 -0.00797359 0.00164837 0.00788025 0.00159455 0.00978923 -0.000655762 -0.0038578 -0.00102879 0.00116879 0.011999 0.00451199
internal_weight=233814 7454 226360 186358 3381 3091 103531 82827 80360 78015 77830 77121 709 41169 25516 15550 11715 2467 40692 477 3835 2399 1440 1027 39191 9966 33782 40002 898 1086
internal_count=233814 7454 226360 186358 3381 3091 103531 82827 80360 78015 77830 77121 709 41169 25516 15550 11715 2467 40692 477 3835 2399 1440 1027 39191 9966 33782 40002 898 1086
is_linear=0
shrinkage=0.03


Tree=7
num_leaves=31
num_cat=0
split_feature=16 26 33 27 44 15 82 42 36 56 50 76 78 102 35 6 35 23 0 38 1 33 40 82 42 24 34 10 78 114
split_gain=125.389 82.5527 58.3647 63.6132 57.4258 50.8022 77.0269 50.7632 49.588 51.0158 48.138 53.1418 71.6829 67.7815 46.4339 47.8826 45.599 44.5254 44.2122 48.3936 42.0013 39.0417 38.5703 33.5668 32.0899 30.7915 30.6773 30.4683 29.1434 28.29
threshold=1.2172914147377016 0.020587847568094734 0.34770125150680548 0.082658629864454283 1.0432809591293337 1.1122545003890993 0.80833333730697643 -0.0023050018353387709 0.80496826767921459 1.1776843667030337 0.74964234232902538 0.58333334326744091 0.30000000447034841 0.53923079371452343 0.63081553578376781 0.44444592297077185 0.47612759470939642 0.025863966904580597 -0.0074000528547912827 0.011403501499444248 0.052968103438615806 0.80373847484588634 -0.01941240485757589 0.7916666865348817 -0.10438779741525649 0.018646049313247207 0.6943381428718568 1.020071864128113 0.90000000596046459 0.36046487092971807
decision_type=10 10 8 10 10 10 2 10 10 10 10 2 10 2 10 10 10 10 10 10 10 10 10 2 10 10 10 10 10 10
left_child=1 7 3 4 18 6 23 -1 -2 -10 -4 20 13 -13 15 -6 -14 27 25 -20 22 -22 -12 -5 -16 -3 -8 -9 -7 -11
right_child=8 2 10 5 14 28 26 17 9 29 11 12 16 -15 24 -17 -18 -19 19 -21 21 -23 -24 -25 -26 -27 -28 -29 -30 -31
leaf_value=-4.9289072140640597e-05 0.0021765726531665528 -7.1161637867719817e-05 -0.008600279430077672 0.0015129045770129273 -0.0055439686814293529 -0.0071197888938010412 0.0065816871808434992 0.001610393073857113 0 0.0089599144774509133 -0.0022717827902482097 -0.002225276605255109 0.00052777374598179851 0.0017629031599394542 0.0092967231532497495 0 0.0030198592244346551 0.014378096303947629 -0.0019899241871164119 0.0017623202364741694 0 0.0092544796404938484 -0.00029790866542509913 -0.013256240353245843 -0.0016207074607792597 0.0039425922494917441 0.020267127393709249 -0.00384723091204498 0.005849435941741473 0.021227459360901205
leaf_weight=32562 1904 5636 564 3789 7261 768 819 36157 338 933 11059 10191 13533 6054 224 1662 13589 228 21664 3508 1062 720 48364 121 7419 2371 225 895 153 297
leaf_count=32562 1904 5636 564 3789 7261 768 819 36157 338 933 11059 10191 13533 6054 224 1662 13589 228 21664 3508 1062 720 48364 121 7419 2371 225 895 153 297
internal_value=3.19003e-05 -5.22479e-05 -0.000427602 -0.00121337 -0.00156524 0.00171036 0.00295155 0.000807289 0.00567493 0.0096531 -8.90369e-06 3.62005e-05 0.00084209 -0.000720223 -0.00301378 -0.00449497 0.00178875 0.00156313 -0.000831585 -0.00145411 -0.000530004 0.00395873 -0.000670947 0.000914383 -0.00123816 0.00108686 0.0101386 0.00146847 -0.00456795 0.0124543
internal_weight=234070 230598 160756 55620 49745 5875 4954 69842 3472 1568 105136 104572 43367 16245 16566 8923 27122 37280 33179 25172 61205 1782 59423 3910 7643 8007 1044 37052 921 1230
internal_count=234070 230598 160756 55620 49745 5875 4954 69842 3472 1568 105136 104572 43367 16245 16566 8923 27122 37280 33179 25172 61205 1782 59423 3910 7643 8007 1044 37052 921 1230
is_linear=0
shrinkage=0.03


Tree=8
num_leaves=31
num_cat=0
split_feature=16 46 37 13 85 115 9 122 33 22 41 39 35 27 44 49 15 46 33 5 48 20 25 78 25 60 41 42 36 23
split_gain=101.575 89.1764 66.212 69.3865 63.5958 61.4267 59.3566 57.1908 56.8609 85.1998 73.5764 64.2234 56.5495 52.562 52.475 49.7438 50.5837 48.7569 47.722 47.3893 47.4239 46.0095 42.9677 39.4567 39.4084 62.0074 47.93 43.6049 38.8679 54.6577
threshold=1.2172914147377016 1.0467103719711306 0.73739635944366466 0.99274536967277538 -0.72499999403953541 0.74345564842224132 0.97146749496459972 0.65479928255081188 0.37528073787689215 0.97844862937927257 0.0044953427277505406 -0.021274426020681855 0.82277736067771923 0.077157024294137969 1.068229138851166 0.83610951900482189 1.115384638309479 1.010266959667206 0.93013274669647228 0.01459415862336755 0.96623870730400097 0.97531658411026012 0.030319395475089553 0.30000000447034841 0.044721571728587158 0.85668620467185985 0.041476884856820113 0.02649430371820927 0.80496826767921459 0.017187087796628479
decision_type=10 8 10 10 2 10 10 10 10 10 8 10 10 10 10 10 10 10 8 10 10 10 10 10 10 10 10 10 10 10
left_child=1 5 3 14 7 17 13 19 9 12 -10 -11 -5 -7 -3 18 22 23 -6 -4 -21 -12 -17 -1 -19 26 -26 -27 -2 -30
right_child=28 2 4 8 15 6 -8 -9 10 11 21 -13 -14 -15 -16 16 -18 24 -20 20 -22 -23 -24 -25 25 27 -28 -29 29 -31
leaf_value=0.00087354414541432552 0.0019098899646351098 -0.0020836546494318168 -0.0023198161821695708 -0.0078848735226680483 0.016696030048232502 -0.0041661748604345404 -0.00080280183890932158 0.0026282886141730162 -0.00041740475997215635 -0.0094662306274295484 0.016346353335056671 -0.00079863490774318888 0.0076185947660936124 -0.020601154836154434 -0.0076589458608478196 0.0003699320266785706 -0.0052729188012332531 0.00026999283802611219 -0.0035944467390800127 -0.0011398047036868452 -0.020076411732834702 0.0025663796781129665 0.0031562005498815974 0.003612618126005713 0.0027269376765222124 -0.00212257822856116 -0.014938494832419297 0.0076546103423837074 -0.0028672429705528836 0.011052666151320223
leaf_weight=11117 1923 20168 5284 2614 335 901 9524 1900 41492 786 219 22792 195 231 1685 13257 1019 70858 108 264 276 5529 8257 8768 242 448 235 2034 265 1317
leaf_count=11117 1923 20168 5284 2614 335 901 9524 1900 41492 786 219 22792 195 231 1685 13257 1019 70858 108 264 276 5529 8257 8768 242 448 235 2034 265 1317
internal_value=-3.90232e-05 -0.000117563 -0.00065517 -0.00104588 0.000550117 0.000529588 -0.00161764 -0.00178516 -0.000599599 -0.00171466 1.73574e-05 -0.00110807 -0.00665633 -0.00807981 -0.00253387 0.0013491 0.00113319 0.000777269 0.0111598 -0.00328039 -0.0117256 0.00319827 0.00145516 0.00209879 0.000416741 0.00380475 -0.00562346 0.00576707 0.0050131 0.008527
internal_weight=234043 230538 126180 95480 30700 104358 10656 7724 73627 26387 47240 23578 2809 1132 21853 22976 22533 93702 443 5824 540 5748 21514 19885 73817 2959 477 2482 3505 1582
internal_count=234043 230538 126180 95480 30700 104358 10656 7724 73627 26387 47240 23578 2809 1132 21853 22976 22533 93702 443 5824 540 5748 21514 19885 73817 2959 477 2482 3505 1582
is_linear=0
shrinkage=0.03


Tree=9
num_leaves=31
num_cat=0
split_feature=22 26 86 33 86 123 14 10 69 3 20 1 27 14 1 76 58 77 17 59 36 49 140 1 55 76 86 34 38 120
split_gain=98.0857 97.2799 93.51 49.3006 51.2514 62.3136 91.4751 62.4376 110.397 65.437 51.8879 47.8515 47.551 49.9505 49.4779 46.367 45.3323 51.1926 43.3779 41.8449 53.1932 40.9735 39.4876 36.5125 49.838 34.8068 33.0955 32.7329 31.445 30.358
threshold=1.1626294255256655 0.019720630720257763 -0.74999999999999989 0.34770125150680548 -0.81666666269302357 0.21428542584180835 0.9484861195087434 1.0175137519836428 0.64444378018379223 0.0099227642640471476 0.92653077840805065 0.063829816877841963 0.075591053813695921 1.0622254610061648 0.014245074708014728 0.083333335816860213 0.97828257083892833 0.041666667908430106 0.975520819425583 0.96813347935676586 0.73312652111053478 0.99116602540016185 0.78252524137496959 0.018604679964482788 1.0933101773262026 0.083333335816860213 0.81666666269302379 0.074341107159852995 -0.015402855817228554 0.24137953668832782
decision_type=10 10 2 8 2 10 8 10 10 10 10 10 10 10 10 2 8 2 8 10 10 10 10 10 10 2 2 10 10 10
left_child=1 16 11 12 18 6 10 9 -9 -7 -6 22 14 29 21 -15 17 -1 -5 20 -16 -3 -2 25 -25 -20 -8 -21 -17 -14
right_child=2 3 -4 4 5 7 26 8 -10 -11 -12 -13 13 15 19 28 -18 -19 23 27 -22 -23 -24 24 -26 -27 -28 -29 -30 -31
leaf_value=-0.0037459862756530175 -0.0031799361233083617 -0.00049347823463262528 -0.0012156408985964837 0.0052741132251617594 -0.0076045117752357597 -0.00062018222941153571 0.00038916094813277655 -0.0070613119557217463 0.0049802580921980717 -0.0043855525482442452 0.0083494210664384633 0.015738170243436121 -0.0075052746518311743 0.0057400600412167704 0.0019038837261970976 0.0019151128600060476 0.00062712353208509088 0.0043405225854019477 0.0011954400116847947 -0.00033948867411300358 -0.0042197854443157823 0.0052906854291039146 0.0070292311804827758 -0.005512693053622654 0.00014334888366358394 -0.0041991191212308477 0.0040882539578832615 -0.0030214696067098886 -0.010814288072041472 0.0023081978801609178
leaf_weight=751 351 11886 1673 666 167 34575 47893 811 3578 4762 1965 541 264 246 4409 172 57170 5556 3496 5212 1770 1194 2079 4667 1854 1514 2288 25019 726 6793
leaf_count=751 351 11886 1673 666 167 34575 47893 811 3578 4762 1965 541 264 246 4409 172 57170 5556 3496 5212 1770 1194 2079 4667 1854 1514 2288 25019 726 6793
internal_value=-7.64716e-06 -9.64833e-05 0.00429795 -0.000479764 -9.91389e-05 0.000130724 0.000831848 -0.000701227 0.00266523 -0.00108562 0.00690128 0.00749038 -0.00118839 0.000902731 -0.00154119 -0.00478772 0.000900512 0.00332142 -0.00193088 -0.00210958 9.33836e-05 1.88962e-05 0.0054182 -0.00238141 -0.00386323 -0.000385344 0.000565358 -0.00256953 -0.00806074 0.00187852
internal_weight=234048 229404 4644 165927 108236 96039 52313 43726 4389 39337 2132 2971 57691 8201 49490 1144 63477 6307 12197 36410 6179 13080 2430 11531 6521 5010 50181 30231 898 7057
internal_count=234048 229404 4644 165927 108236 96039 52313 43726 4389 39337 2132 2971 57691 8201 49490 1144 63477 6307 12197 36410 6179 13080 2430 11531 6521 5010 50181 30231 898 7057
is_linear=0
shrinkage=0.03


Tree=10
num_leaves=31
num_cat=0
split_feature=16 25 36 46 39 81 81 24 24 41 120 52 108 14 28 84 10 53 78 102 28 84 23 38 61 80 139 84 10 27
split_gain=103.992 78.3317 58.4095 44.3876 51.0506 91.0913 59.3469 61.929 55.4397 52.3842 50.3917 47.3726 47.3682 44.6734 67.2015 49.0782 42.1455 39.4061 37.4014 42.5279 36.9947 33.615 32.888 32.1912 47.0902 33.9573 30.2568 28.8502 27.4355 24.4504
threshold=1.2356088161468508 0.012363445479422809 0.80496826767921459 1.0099236369132998 -0.003656120970845222 0.050000002607703216 0.050000002607703216 0.050601717084646232 0.048771776258945472 -0.049163473770022385 0.2542374879121781 0.76892095804214489 0.63333335518836986 0.9119742512702943 0.012886318378150465 0.65000000596046459 1.0099108815193178 0.964430332183838 0.30000000447034841 0.53390806913375866 0.0034207513090223078 -0.65000000596046437 0.014910082798451187 0.0025512899737805132 0.88750001788139354 0.27500000596046453 0.71893933415412914 0.75000000000000011 1.020337760448456 0.057124458253383643
decision_type=10 10 10 10 10 2 2 10 10 10 10 10 2 8 10 2 10 10 10 2 10 2 10 10 10 2 10 2 10 10
left_child=1 28 -2 10 6 8 7 11 12 21 23 -5 -6 14 -8 -15 -11 -12 19 -19 -20 -7 -4 27 25 -25 -24 -3 -1 -29
right_child=2 3 22 4 5 9 13 -9 -10 16 17 -13 -14 15 -16 -17 -18 18 20 -21 -22 -23 26 24 -26 -27 -28 29 -30 -31
leaf_value=0.0014319963828391461 0.0015918579194721875 -0.0023192152566739502 -0.0029227967020124196 0.006773729836212921 -0.0036239729511477027 0.0061775366678330753 0.0063253332185975409 -0.010460677199365746 -0.018540788862023577 -0.00027495135889517096 0.013852755210266667 0.0015784192343141071 0.0087042011061661435 0 -0.00721884963805386 -0.0023576030521948706 -0.001694269831016132 -0.0011735918250924122 0.00011201563029943727 0.0032936032792693875 0.0051193510179631026 -0.0012070350394095108 0.0013945527323342573 -0.0093861409336871773 0.00032132250998526335 0.003143493534385491 0.015092255121883681 0.0015048302244526353 -0.0038533289171563917 0.011968476393987553
leaf_weight=32083 1461 1254 100 2013 9338 1636 1867 309 209 62715 233 8524 257 53863 363 9341 27327 5446 2140 2909 4120 734 240 1222 1188 181 843 1088 861 261
leaf_count=32083 1461 1254 100 2013 9338 1636 1867 309 209 62715 233 8524 257 53863 363 9341 27327 5446 2140 2909 4120 734 240 1222 1188 181 843 1088 861 261
internal_value=-1.0047e-06 -7.01042e-05 0.00589114 -0.000296165 -0.000447674 -0.000886286 0.000136216 0.00219174 -0.00363884 -0.000590297 0.00103734 0.00261031 -0.00324515 -0.000200479 0.0039427 -0.000352607 -0.000709314 0.00193522 0.00170606 0.000350103 0.00346116 0.00377402 0.0108366 -0.00146946 -0.00384435 -0.00753742 0.0124091 0.000791389 0.00128251 0.00389371
internal_weight=234126 231482 2644 198538 178496 102216 76280 10846 9804 92412 20042 10537 9595 65434 2230 63204 90042 14848 14615 8355 6260 2370 1183 5194 2591 1403 1083 2603 32944 1349
internal_count=234126 231482 2644 198538 178496 102216 76280 10846 9804 92412 20042 10537 9595 65434 2230 63204 90042 14848 14615 8355 6260 2370 1183 5194 2591 1403 1083 2603 32944 1349
is_linear=0
shrinkage=0.03


Tree=11
num_leaves=31
num_cat=0
split_feature=22 25 86 29 57 3 55 23 29 42 58 17 113 86 5 46 127 40 83 26 1 17 1 50 43 19 75 36 140 111
split_gain=88.471 87.1901 77.5338 71.6552 78.0011 64.3214 61.9439 56.1005 63.9863 54.5277 75.5144 63.9119 51.6123 51.3455 48.3569 45.4413 60.5201 46.0976 43.8087 43.1506 41.8457 39.5733 39.2451 37.4495 51.3866 46.5596 36.8303 36.2134 40.3969 32.1521
threshold=1.1626294255256655 0.012363445479422809 -0.74999999999999989 -0.00046219836804084474 1.171507775783539 0.01693323161453009 0.93685635924339306 0.015763077884912494 0.014949498232454063 -0.075480598956346498 0.98910027742385875 1.1522463560104372 0.91428592801094066 -0.55000001192092884 0.0063559347763657579 1.115207374095917 -0.32667148113250727 -0.028694209642708298 -0.3000000044703483 0.021824772469699386 0.019201818853616718 0.75029146671295177 0.043193140998482711 0.92314451932907116 1.0266667008399966 1.0437173247337344 0.075000001117587103 0.80496826767921459 0.77670475840568554 -0.2034482806921005
decision_type=10 10 2 10 10 10 10 10 10 10 10 10 10 2 10 10 10 10 10 10 10 8 10 10 10 10 2 10 10 2
left_child=1 -1 23 9 5 6 12 21 -9 10 -3 14 -5 -6 -12 17 -17 18 -11 -8 -18 -7 -19 24 -2 -25 29 -27 -29 -4
right_child=2 3 26 4 13 7 19 8 -10 15 11 -13 -14 -15 -16 16 20 22 -20 -21 -22 -23 -24 25 -26 27 -28 28 -30 -31
leaf_value=0.0013301591014716805 0.0014981170322192516 -0.0065147018986020438 -0.013589210402611043 -0.01273756406275928 0.0079344182117701105 0.016181159347586797 0.0010332644605109209 0.0089126818985189819 -0.0055208153867679476 0.0019726500616090771 0.0010314252847862693 -0.0067982003615814504 -0.0012827516641520295 0.00011702736775673456 0.0063920302613049897 0.0033691122349473121 -0.00093612926168309962 -0.00092780276399124476 -0.0044275535701929136 -0.00039448399951601233 -0.0037964171770699154 -0.0016544225748904996 -0.0056460243787932341 -0.0016910414227337442 0.023831603861812541 0.0030731775217316495 0.0023980552185944208 0 0.014834857965648356 0
leaf_weight=33038 192 913 290 605 1895 100 26428 1946 281 8158 3676 569 987 1382 2779 1498 7607 52499 1049 68089 13105 1538 1648 578 251 996 1048 178 758 361
leaf_count=33038 192 913 290 605 1895 100 26428 1946 281 8158 3676 569 987 1382 2779 1498 7607 52499 1049 68089 13105 1538 1648 578 251 996 1048 178 758 361
internal_value=-9.25917e-06 -9.36219e-05 0.00407627 -0.000334334 0.000208097 5.53221e-05 -9.459e-05 0.00384163 0.00692504 -0.000936453 0.00142278 0.00251268 -0.005926 0.00474931 0.00339821 -0.00115908 -0.00233259 -0.000742348 0.00120291 1.69106e-06 -0.00276229 -0.000202564 -0.00107898 0.0070103 0.0152829 0.00532239 -0.000871029 0.00757013 0.0118771 -0.00649541
internal_weight=234442 229790 4652 196752 103251 99974 96109 3865 2227 93501 7937 7024 1592 3277 6455 85564 22210 63354 9207 94517 20712 1638 54147 2953 443 2510 1699 1932 936 651
internal_count=234442 229790 4652 196752 103251 99974 96109 3865 2227 93501 7937 7024 1592 3277 6455 85564 22210 63354 9207 94517 20712 1638 54147 2953 443 2510 1699 1932 936 651
is_linear=0
shrinkage=0.03


Tree=12
num_leaves=31
num_cat=0
split_feature=22 29 57 40 71 18 26 124 38 146 17 127 120 1 121 18 5 27 138 75 121 18 32 37 34 84 28 99 36 73
split_gain=91.7192 80.8078 61.252 61.8401 94.1213 82.7654 60.8702 56.2263 49.0121 48.2459 46.7129 47.7131 46.8385 45.5137 46.3991 44.3006 44.1683 44.0219 41.1276 48.2848 45.6001 39.2367 39.2048 46.5691 38.5723 37.7113 37.1062 34.4949 32.7308 30.2726
threshold=1.1626294255256655 -0.0034350714413449164 1.1674965620040896 -0.029961786232888695 0.57894653081893932 1.0246167778968813 0.021459848619997505 -0.6586896777153014 -0.027349249459803101 0.49319362640380865 1.1189327239990237 -0.33770728111267084 0.55747136473655712 0.063829816877841963 0.65340915322303783 0.99797746539115917 0.0053547555580735215 0.05508262291550637 0.62359338998794567 0.12500000372529033 0.67681762576103222 1.0393393635749819 0.0014381554792635145 0.79170370101928722 0.6320127844810487 0.65000000596046459 0.003018810180947185 0.58571431040763866 0.067541841417551055 0.5000000149011613
decision_type=10 8 10 10 10 10 10 8 8 10 10 10 10 10 10 10 10 10 10 2 10 10 10 10 10 2 10 2 8 10
left_child=1 7 3 4 25 6 16 -1 -8 -4 15 -12 24 18 -15 22 -5 -14 19 -2 -20 28 26 -24 -13 -3 -9 -23 -6 -7
right_child=13 2 9 5 21 29 8 10 -10 -11 11 12 17 14 -16 -17 -18 -19 20 -21 -22 27 23 -25 -26 -27 -28 -29 -30 -31
leaf_value=0.00099368481104509187 -0.0095494834825060101 -0.00039364945559513924 0.0068359782520836798 0.0011961532587575247 0.017344963468479264 -0.0033120413436947905 -0.016142862157261403 -0.0033352457858047608 -0.00038502213170864594 0.00081158291524787904 0.0053334165283736622 -0.0035017717806377175 -0.0023042952618430859 0.00171024065964068 0.015910879761425196 -0.00029415439033463671 -0.0006782099812590491 -0.00676410284797132 0 0.0058210298883647699 0.0073442697230188154 0.025394621268806181 -0.0082509623029414451 0.00089649255298895805 0.0045379411157080215 -0.016756557510544855 0.0010221759728832416 0.0034512936039176319 0.0038599950533871768 -0.011771676466655331
leaf_weight=9258 462 3087 2166 50199 167 1573 159 4151 95299 2949 511 1104 4115 426 527 24425 14371 4476 1284 256 1672 155 1911 595 1000 115 2887 173 4160 584
leaf_count=9258 462 3087 2166 50199 167 1573 159 4151 95299 2949 511 1104 4115 426 527 24425 14371 4476 1284 256 1672 155 1911 595 1000 115 2887 173 4160 584
internal_value=-1.88772e-05 -0.0001046 0.000207733 0.000108414 0.00270449 -1.58205e-05 6.13566e-05 -0.00111486 -0.000417787 0.00343779 -0.00155386 -0.0032438 -0.0036908 0.00415222 0.010037 -0.000985958 0.000774261 -0.00467305 0.00249847 -0.00365345 0.00410806 0.00543068 -0.00272074 -0.00597041 0.000184891 -0.0011748 -0.00150749 0.0155464 0.00452687 -0.00582737
internal_weight=234217 229590 175157 170042 7857 162185 160028 54433 95458 5115 45175 11206 10695 4627 953 33969 64570 8591 3674 718 2956 4655 9544 2506 2104 3202 7038 328 4327 2157
internal_count=234217 229590 175157 170042 7857 162185 160028 54433 95458 5115 45175 11206 10695 4627 953 33969 64570 8591 3674 718 2956 4655 9544 2506 2104 3202 7038 328 4327 2157
is_linear=0
shrinkage=0.03


Tree=13
num_leaves=31
num_cat=0
split_feature=56 26 13 51 29 41 115 25 22 1 71 0 76 0 53 80 33 33 97 120 120 117 33 49 68 95 40 122 42 87
split_gain=84.273 74.2981 64.1888 66.5342 50.3082 74.5071 73.1744 77.7206 96.0618 71.1396 68.1298 57.138 53.7769 47.7503 46.47 45.9128 44.341 48.3294 42.1876 41.1478 40.2184 53.9021 35.8189 63.3495 49.3076 32.5764 31.809 28.7223 27.0635 22.656
threshold=1.1776843667030337 0.016355155035853389 1.1141304373741152 0.9606592357158662 -0.000276644219411537 -0.029115176759660241 0.74345564842224132 0.043740468099713332 1.1017869114875796 0.022261792793869976 0.52380993962287914 0.029535892419517044 0.083333335816860213 -0.0098814438097178919 1.0012915730476382 0.27500000596046453 0.97799533605575573 0.70323288440704357 0.18569658696651462 0.76930996775627147 0.75409832596778881 0.5195240080356599 0.89310297369956981 0.97902745008468639 0.14843738824129107 0.076295323669910445 0.013151132036000492 0.65088751912117015 -0.0064641346689313641 -0.24166666716337201
decision_type=10 10 10 10 10 10 10 10 10 10 10 10 2 10 10 2 10 10 10 10 10 10 10 10 10 10 10 10 8 2
left_child=1 28 4 -4 5 14 7 8 -6 12 -9 26 -7 -11 18 -13 17 20 -3 -16 21 29 24 -24 25 -19 -8 -25 -1 -2
right_child=16 2 3 -5 6 9 11 10 -10 13 -12 15 -14 -15 19 -17 -18 22 -20 -21 -22 -23 23 27 -26 -27 -28 -29 -30 -31
leaf_value=0 0.0027466511775498994 0.00045115274194400127 -0.019530030820507051 -0.0010484464731690788 4.5944303702150247e-06 0.0010915870955985156 -0.0024983027706033095 -0.0011183481165187609 0.0083444063283579905 -0.0050158995290529454 0.0045923425326877786 -0.011323343309930321 -0.0012571439662843462 -0.0018306890938070515 0.00057245357477510664 0.0035661539241888568 -0.011660365825518965 0.021418096332579451 -0.012988398540273151 0.0074176481948374567 -0.0061326427063245264 -0.012758748267951887 0.016851918402012535 0.0031287104408185382 0.0042911180376851111 0.0014497619036585093 0.0014830660116336215 -0.0088464988572326247 0.0016400909011909986 0.011072124297558664
leaf_weight=13828 1353 332 299 479 75903 11830 6437 2473 1245 6061 6856 944 32798 16040 23695 186 128 457 406 809 454 140 206 437 571 130 2391 264 26609 439
leaf_count=13828 1353 332 299 479 75903 11830 6437 2473 1245 6061 6856 944 32798 16040 23695 186 128 457 406 809 454 140 206 437 571 130 2391 264 26609 439
internal_value=-2.40429e-06 -8.42109e-05 -0.000334931 -0.00883866 -0.000297289 -0.00079979 0.000178907 0.000462368 0.000145196 -0.00132623 0.00304727 -0.00224864 -0.000627613 -0.00272151 0.000579951 -0.00859224 0.00401721 0.0045853 -0.00669426 0.000816546 0.00149833 0.00348968 0.00795966 0.00294061 0.0115195 0.0176835 -0.00138516 -0.00108542 0.00108095 0.00505147
internal_weight=234200 229621 189184 778 188406 91971 96435 86477 77148 66729 9329 9958 44628 22101 25242 1130 4579 4451 738 24504 2386 1932 2065 907 1158 587 8828 701 40437 1792
internal_count=234200 229621 189184 778 188406 91971 96435 86477 77148 66729 9329 9958 44628 22101 25242 1130 4579 4451 738 24504 2386 1932 2065 907 1158 587 8828 701 40437 1792
is_linear=0
shrinkage=0.03


Tree=14
num_leaves=31
num_cat=0
split_feature=16 26 1 33 32 15 55 30 81 3 40 40 86 4 10 36 58 76 72 81 5 71 1 120 77 57 15 85 36 52
split_gain=84.9126 70.5542 54.7127 48.1223 58.9853 62.563 50.9295 59.6935 50.9431 48.3023 58.1753 46.1742 45.3969 41.5773 65.0081 54.1604 38.8989 38.5545 37.1023 73.7974 54.4188 48.5113 43.9117 36.5939 35.3983 35.051 34.277 39.2183 34.0446 39.3074
threshold=1.2172914147377016 0.021824772469699386 0.036087386310100562 0.37528073787689215 -0.0044089918956160537 1.1258180141448977 0.93685635924339306 -0.00043934238783549512 0.083333335816860213 0.01693323161453009 0.053912714123725898 -0.021328561007976529 -0.58333334326744068 0.4583322554826737 1.0094583630561831 0.78194016218185436 0.97719755768775951 0.48333333432674414 0.48000136017799383 0.78333333134651195 0.0034924452193081383 0.5333329737186433 0.01466991798952222 0.70400014519691478 0.041666667908430106 1.2204183340072634 0.95322194695472728 -0.32500000298023218 0.68767100572586071 0.92230904102325451
decision_type=10 10 10 8 10 10 10 8 2 10 8 10 2 10 10 10 8 2 10 2 10 10 10 10 2 10 10 2 10 10
left_child=1 2 16 4 5 12 13 8 -8 10 -9 -11 -3 14 15 -5 24 -10 22 21 -21 -20 -6 -24 -1 -2 -4 -28 -27 -30
right_child=25 3 26 6 18 -7 7 9 17 11 -12 -13 -14 -15 -16 -17 -18 -19 19 20 -22 -23 23 -25 -26 28 27 -29 29 -31
leaf_value=-0.0022672428833981802 -0.0018680149422255197 0.010577636987147461 0.00075362690301910423 -0.0075292929069641678 -7.6764640055508701e-05 -0.0060108609867743469 -0.0038753314708385297 0.00049599658575870344 -0.00075943981496790847 0.010751626605588923 0.013338170368394315 0.0018016204388677176 0.0015988528607648949 0.0067542795072092791 -0.016093738432115062 0.0055502309521571506 0.00058559434199659678 0.0017027420835083571 -0.0044191323810144822 -0.00040874085003182427 0.010721895749286217 -0.00044533301855502141 -0.0034426887505550636 0.00031250802664864046 0.0037730665937279941 0.00091491633829916754 0 -0.01094240034519847 0.01573500507798813 0.0053436666034095606
leaf_weight=938 554 882 709 723 6870 509 4094 44142 36065 813 302 1694 1402 199 460 421 70065 6732 3185 628 855 22273 16409 2551 6164 973 472 823 490 1536
leaf_count=938 554 882 709 723 6870 509 4094 44142 36065 813 302 1694 1402 199 460 421 70065 6732 3185 628 855 22273 16409 2551 6164 973 472 823 490 1536
internal_value=2.09949e-05 -4.88891e-05 0.000675085 -0.000429975 -0.00113207 0.00306962 -1.88139e-05 7.44986e-05 -0.000678958 0.000833348 0.000595967 0.00488488 0.00525807 -0.00498761 -0.00669434 -0.00244554 0.000805861 -0.000364516 -0.00136121 -0.000566534 0.00586613 -0.000957341 -0.00217738 -0.00292184 0.00292904 0.00461121 -0.00417063 -0.00706521 0.00591193 0.00813275
internal_weight=233933 230380 79171 151209 55564 2793 95645 93842 46891 46951 44444 2507 2284 1803 1604 1144 77167 42797 52771 26941 1483 25458 25830 18960 7102 3553 2004 1295 2999 2026
internal_count=233933 230380 79171 151209 55564 2793 95645 93842 46891 46951 44444 2507 2284 1803 1604 1144 77167 42797 52771 26941 1483 25458 25830 18960 7102 3553 2004 1295 2999 2026
is_linear=0
shrinkage=0.03


Tree=15
num_leaves=31
num_cat=0
split_feature=16 26 40 71 16 38 57 14 118 20 50 82 26 42 26 39 53 35 24 57 20 36 24 9 39 36 16 71 82 19
split_gain=88.2245 71.6146 49.1079 117.185 48.1154 40.3866 67.9934 48.4315 75.5923 53.874 42.2514 39.3313 39.7539 38.5811 38.5505 47.1827 38.4472 37.6213 33.6556 32.4541 39.3343 31.8688 47.3881 30.6705 55.1284 28.1216 27.009 37.2329 34.5264 26.7554
threshold=1.2172914147377016 0.020349954254925254 -0.029961786232888695 0.57894653081893932 1.1676960587501528 -0.022598490118980404 0.94709303975105297 0.92533954977989208 0.32499979436397558 0.89634060859680187 0.77347838878631603 0.50833332538604747 0.046224724501371391 -0.0057530261110514394 0.028488297015428547 -0.028519252315163609 1.0390149354934695 0.47138129174709326 0.039100434631109245 1.2065774798393252 1.1098951697349551 0.68767100572586071 0.038433851674199111 1.0314188003540041 -0.0088268653489649278 0.05466014705598355 0.81960409879684459 0.66990303993225109 0.058333335444331176 1.0265507698059084
decision_type=10 10 10 10 8 8 10 8 8 10 10 2 10 8 10 10 10 10 10 10 10 10 10 10 10 10 10 10 2 10
left_child=1 13 3 4 11 6 -4 8 9 -7 -10 12 -3 -1 15 -9 18 -16 25 -6 -21 -2 23 24 -23 -5 27 -18 -28 -13
right_child=21 2 5 16 19 7 -8 14 10 -11 -12 29 -14 -15 17 -17 26 -19 -20 20 -22 22 -24 -25 -26 -27 28 -29 -30 -31
leaf_value=-0.00016927829901982935 0.00019931036915531262 0.0019812141137845302 -0.022862758859886194 0.015908042230307624 0 -0.0049235225758859141 -0.0013204730235090458 -0.011197888196590167 -0.0049996344255805519 0.0010579197995867445 0.0073917687341867487 0.0037596742838050109 -0.0032627191502027785 0.0012814632137197132 -0.0020313495445508588 -4.1380820282506491e-05 0 -0.00066651110346691998 -0.0082198239044041672 0.014736741807201005 0 0.01479132770581075 0.010312056866751603 -0.0097645332544202233 -0.00085699387689133202 0.0029064731775672961 -0.0024066474253201099 0.021124728180687218 0.0086142232690284166 -0.0039351061171084114
leaf_weight=26728 1106 4169 178 152 804 1616 508 324 236 7868 2134 391 1852 41709 29474 51940 103 50115 197 413 295 264 1359 153 594 3461 283 286 974 4553
leaf_count=26728 1106 4169 178 152 804 1616 508 324 236 7868 2134 391 1852 41709 29474 51940 103 50115 197 413 295 264 1359 153 594 3461 283 286 974 4553
internal_value=-2.85807e-05 -0.000101504 -0.000445786 0.00102773 -0.00055568 -0.000630985 -0.00782441 -0.000593475 0.00123227 0 0.00600082 -0.00127069 0.00031311 0.000710611 -0.000760052 -0.000120538 0.00469232 -0.0011761 0.00289032 0.00438262 0.00897451 0.00469966 0.00665506 0.00134363 0.00384344 0.00362059 0.00859859 0.0158727 0.00589924 -0.00325343
internal_weight=234239 230763 162326 17933 12477 144393 686 143707 11854 9484 2370 10965 6021 68437 131853 52264 5456 79589 3810 1512 708 3476 2370 1011 858 3613 1646 389 1257 4944
internal_count=234239 230763 162326 17933 12477 144393 686 143707 11854 9484 2370 10965 6021 68437 131853 52264 5456 79589 3810 1512 708 3476 2370 1011 858 3613 1646 389 1257 4944
is_linear=0
shrinkage=0.03


Tree=16
num_leaves=31
num_cat=0
split_feature=56 26 37 13 29 117 15 40 26 38 56 33 78 86 14 80 53 54 81 123 49 45 50 5 1 117 14 39 54 38
split_gain=73.8799 71.2855 52.3948 57.158 54.1532 59.958 57.7172 49.9485 49.5259 49.4082 79.343 44.9655 72.5122 82.8441 62.6455 75.295 54.0455 47.4057 40.6743 37.5603 61.2859 32.309 31.3543 30.1065 30.0056 67.1677 48.8357 46.4254 44.5851 50.2208
threshold=1.1566094756126406 0.020587847568094734 0.73739635944366466 1.1141304373741152 -0.0039086895994842044 0.33388449251651769 1.0490375757217409 -0.047247821465134614 0.047944881021976478 -0.017242101021111008 0.97607889771461498 0.4994789212942124 0.30000000447034841 0.75000000000000011 0.9119742512702943 0.42499999701976782 1.0483833551406863 0.97411268949508678 0.61666667461395275 -0.1666670814156532 0.97852030396461498 1.0027434229850771 0.98959201574325573 0.005399528658017517 0.057226743549108512 0.37756897509098059 1.06352174282074 -0.017572458833456036 1.0836950540542605 0.0017200852744281294
decision_type=10 10 10 10 10 10 10 10 10 8 10 8 10 2 8 2 10 10 2 10 10 8 10 8 10 10 10 10 10 10
left_child=1 21 3 11 5 -4 -7 19 -5 10 -9 14 17 -14 15 -3 -16 -13 -2 20 -6 -1 -8 -23 26 -26 -20 -28 29 -29
right_child=18 2 4 8 7 6 22 9 -10 -11 -12 12 13 -15 16 -17 -18 -19 24 -21 -22 23 -24 -25 25 -27 27 28 -30 -31
leaf_value=0.0034526105520256765 -0.0041786148044449635 0 0.0040524232767300003 -0.00043456368828585074 -0.0053656628786626715 0.00040647447444846764 -0.0063391106011191165 -0.021962088073842055 -0.021984018514929121 0.0011460843429958105 -0.00021140132360071228 -0.0054029060936479269 6.0287379819189406e-05 0.0044772708703913347 -0.0014590677891368159 0.013696737930532572 -0.011970507742618118 -0.001080386067070894 0.0072098325495616022 0.022012012956131779 0.013706124702207622 0.0008909907066551151 -0.00080676124750698542 -0.0006096953331828866 0.015342747670351892 0.0014441844846983934 -0.0048726605610783427 0.0033745018809758979 0.006351475783626835 -0.0076757372304420979
leaf_weight=3641 603 1285 1444 229 256 3390 3188 195 195 28000 607 2699 38980 4236 52094 502 433 16810 1458 148 287 50977 1489 15486 579 779 958 895 1454 589
leaf_count=3641 603 1285 1444 229 256 3390 3188 195 195 28000 607 2699 38980 4236 52094 502 433 16810 1458 148 287 50977 1489 15486 579 779 958 895 1454 589
internal_value=-2.56313e-06 -9.97672e-05 -0.0004571 -0.000774406 0.000490706 -0.00146201 -0.00249378 0.00113115 -0.0115648 0.000924949 -0.00627056 -0.000730784 -0.000177973 0.000502046 -0.00136338 0.00408556 -0.00155595 -0.00169867 0.00295935 0.00903639 0.00431058 0.000693399 -0.0046526 0.000536737 0.00365569 0.00772439 0.00254296 0.000691971 0.00262854 -0.000855622
internal_weight=233886 226571 156467 117463 39004 9511 8067 29493 424 28802 802 117039 62725 43216 54314 1787 52527 19509 7315 691 543 70104 4677 66463 6712 1358 5354 3896 2938 1484
internal_count=233886 226571 156467 117463 39004 9511 8067 29493 424 28802 802 117039 62725 43216 54314 1787 52527 19509 7315 691 543 70104 4677 66463 6712 1358 5354 3896 2938 1484
is_linear=0
shrinkage=0.03


Tree=17
num_leaves=31
num_cat=0
split_feature=16 45 40 71 31 38 55 38 60 20 78 113 137 45 122 84 16 86 125 77 26 60 1 41 56 27 62 43 33 21
split_gain=75.9341 59.8327 62.4041 91.2122 52.4166 60.2818 97.8698 52.7847 50.8306 48.9587 45.0833 70.0945 42.3776 42.3716 41.7894 39.9191 43.7724 49.6082 37.296 42.8422 53.0772 46.8191 54.5104 38.2082 36.6564 36.579 36.1141 35.8716 35.1392 33.854
threshold=1.2172914147377016 1.0266667008399966 -0.028694209642708298 0.57894653081893932 0.0033690449781715874 -0.022598490118980404 0.98919817805290233 -0.010902428999543188 0.91753518581390392 0.89634060859680187 0.70000001788139354 0.45965248346328741 0.52273979783058178 1.0441936254501345 0.36829815804958349 0.65000000596046459 1.1676960587501528 -0.81666666269302357 0.512820065021515 0.091666668653488173 0.061818819493055351 0.89585724472999584 0.019108247943222526 0.038423925638198859 1.1776843667030337 0.036652676761150367 0.85161995887756359 1.0330927371978762 0.95545023679733287 0.92032140493392955
decision_type=10 8 8 10 10 10 10 10 8 10 10 10 8 10 10 2 8 2 10 2 10 8 10 10 10 10 10 10 10 10
left_child=1 9 3 15 8 29 7 -7 13 28 11 -5 26 27 -8 16 17 -3 19 20 23 22 -21 -11 -2 -23 -10 -4 -1 -6
right_child=24 2 4 10 5 6 14 -9 12 18 -12 -13 -14 -15 -16 -17 -18 -19 -20 21 -22 25 -24 -25 -26 -27 -28 -29 -30 -31
leaf_value=-0.0068205332254950846 0 -0.0050703193146576127 0.0060805652793649526 -0.0054347813474333482 -0.024687325068749485 0.011366901051805055 0 0 0.0045175187846379621 -3.6773068931632288e-05 0.0058353729067392246 0.0071262541492749408 0.00020363453779613215 0.014141618636473523 -0.0054325015546645037 -0.014877835831724884 0.0045973576979422091 0.00019413897481361243 -0.0013221702991966381 -0.0075226983530446746 0.011253450695802357 0.0017588327858120002 0.0069741069743108168 -0.0043409373213043785 0.0064983524616168556 6.1701226621146271e-05 -0.0010359709385093382 -0.0078866764253259364 0.0059459020923511184 0
leaf_weight=1223 1158 1843 468 914 160 564 1641 995 1030 14604 4355 679 43922 360 4897 143 1671 11289 7090 225 325 32744 2198 2132 2373 18131 76617 222 189 100
leaf_count=1223 1158 1843 468 914 160 564 1641 995 1030 14604 4355 679 43922 360 4897 143 1671 11289 7090 225 325 32744 2198 2132 2373 18131 76617 222 189 100
internal_value=2.36069e-05 -4.21046e-05 -0.000391432 0.00112525 -0.000635807 -0.00293882 -0.00241571 0.00420729 -0.000475947 0.000626754 0.00426188 0 -0.000535428 0.00601173 -0.00404874 -0.000107005 3.53265e-05 -0.000528474 0.000731572 0.000943105 -0.000351093 0.00136299 0.00545457 -0.000607512 0.00437802 0.00116016 -0.000957296 0.00106865 -0.00484304 -0.0168221
internal_weight=234262 230731 151870 20894 130976 8357 8097 1559 122619 78861 5948 1593 121569 1050 6538 14946 14803 13132 77449 70359 17061 53298 2423 16736 3531 50875 77647 690 1412 260
internal_count=234262 230731 151870 20894 130976 8357 8097 1559 122619 78861 5948 1593 121569 1050 6538 14946 14803 13132 77449 70359 17061 53298 2423 16736 3531 50875 77647 690 1412 260
is_linear=0
shrinkage=0.03


Tree=18
num_leaves=31
num_cat=0
split_feature=16 29 49 127 57 40 18 45 26 10 86 33 6 82 77 51 69 35 39 87 102 5 5 60 35 16 61 84 26 22
split_gain=78.8436 67.0376 54.6148 77.7472 50.9318 53.9992 82.4487 65.0448 49.1845 50.553 45.8619 46.5471 46.1004 44.8714 44.0288 43.7452 66.9504 38.1774 46.554 37.9083 51.3628 48.4422 37.8934 36.8837 33.7724 45.0779 33.7253 33.1617 28.6873 31.4564
threshold=1.2356088161468508 -0.0033677231986075635 0.98146244883537304 -0.31720194220542902 1.1640439033508303 -0.032065792009234421 1.0246167778968813 1.1132141947746279 0.024844855070114139 1.0163695812225344 -0.516666680574417 0.91589850187301647 0.055553697049617774 0.15833333879709247 0.091666668653488173 0.89872434735298168 0.20202033966779712 0.81292244791984569 -0.024502332322299477 -0.60833334922790516 0.43364779651165014 0.016205583699047569 0.0077369660139083871 1.0475037693977358 0.13363854587078097 1.0909404158592226 1.0524978041648867 -0.55000001192092884 0.043113274499773986 0.908888339996338
decision_type=10 8 10 10 10 8 10 8 10 10 2 10 10 2 2 10 10 10 10 2 2 10 10 10 10 10 10 2 10 10
left_child=1 2 3 23 5 7 8 15 22 -10 11 12 -6 26 -5 16 -3 24 -19 21 -21 -16 -7 -1 25 -15 28 -14 -4 -30
right_child=-2 4 13 14 10 6 -8 -9 9 -11 -12 -13 27 17 19 -17 -18 18 -20 20 -22 -23 -24 -25 -26 -27 -28 -29 29 -31
leaf_value=0.0022387193149220165 0.0051527319162510757 0.014024557606926879 0.0018927811750272556 -0.00511794581438071 -0.0011091198902324171 0.00085371088944919532 -0.0054996502623044802 -0.0077170562963154938 -0.00078628203160226347 0.0012121598976396009 -0.0003632850300795372 -0.0055279535199293777 0 0.001744374367123944 0.0026704591044539095 0.00040388544272525515 0.0035334190618589063 -0.012337157027353026 0.0020239013922485208 -0.0058852435338155882 -0.0014315866146785692 -0.0068402212671772452 -0.001146951043997988 0.016113903370821098 -0.0021008766942214895 -0.0057166883028249311 0.00863715470886358 0.0090938303521400209 0.0094559931830458695 -0.0060852511259221406
leaf_weight=1084 2618 747 6431 4739 569 73645 2370 435 63830 13752 2098 295 351 4795 2818 2104 2484 187 5219 3132 10256 551 9498 209 15478 830 590 2348 106 781
leaf_count=1084 2618 747 6431 4739 569 73645 2370 435 63830 13752 2098 295 351 4795 2818 2104 2484 187 5219 3132 10256 551 9498 209 15478 830 590 2348 106 781
internal_value=-3.0518e-06 -6.30336e-05 -0.000955104 -0.00209492 0.000227726 0.000131857 2.89215e-05 0.00297947 0.000112984 -0.000427956 0.00302411 0.00509333 0.00617114 -0.000190894 -0.00253507 0.00393322 0.00612258 -0.000790455 0.0014282 -0.0017815 -0.00250308 0.000995278 0.000621333 0.00492127 -0.00137383 0.000573955 0.00177802 0.00781316 0.0011621 -0.00372969
internal_weight=234350 231732 57206 22789 174526 168865 163095 5770 160725 77582 5661 3563 3268 34417 21496 5335 3231 26509 5406 16757 13388 3369 83143 1293 21103 5625 7908 2699 7318 887
internal_count=234350 231732 57206 22789 174526 168865 163095 5770 160725 77582 5661 3563 3268 34417 21496 5335 3231 26509 5406 16757 13388 3369 83143 1293 21103 5625 7908 2699 7318 887
is_linear=0
shrinkage=0.03


Tree=19
num_leaves=31
num_cat=0
split_feature=22 16 29 22 115 60 34 9 139 27 14 6 82 46 125 48 39 42 11 49 54 5 20 37 96 70 53 33 27 48
split_gain=80.5888 68.6733 62.7304 69.8419 61.218 72.0436 73.6562 54.2244 53.917 46.0383 73.9365 44.0357 41.9986 47.7645 51.8197 49.2764 39.3054 55.4749 47.3972 43.5872 39.0685 38.5318 37.9462 37.8025 37.7991 37.502 37.3966 35.8674 35.3873 34.8058
threshold=1.1626294255256655 1.1622807383537295 -0.0001840527183958329 1.1017869114875796 0.74345564842224132 0.91753518581390392 0.09201477095484735 0.97248473763465892 1.167086720466614 0.037475800141692168 0.98338481783866893 0.064515758305788054 0.22500000149011615 1.0990939736366274 -0.39344251155853266 0.99099102616310131 0.024064736440777782 -0.070982128381729112 0.98283651471138012 0.96526774764060985 1.0805720090866091 0.0063559347763657579 1.0000053048133852 0.82660385966300975 0.31423243880271917 0.28166766464710241 1.0787267088890078 0.52434512972831737 0.075591053813695921 0.95854923129081737
decision_type=10 10 8 10 10 8 10 10 10 10 10 10 2 10 10 10 10 10 10 10 10 10 10 10 10 10 10 10 8 10
left_child=2 -2 12 4 5 6 23 28 -8 22 -11 -5 16 15 -15 24 17 19 -18 -1 25 -21 -7 -4 -14 -3 -22 -26 -6 -16
right_child=1 20 3 11 7 9 8 -9 -10 10 -12 -13 13 14 29 -17 18 -19 -20 21 26 -23 -24 -25 27 -27 -28 -29 -30 -31
leaf_value=-0.0033283555682510524 -0.0048936247304172285 -0.0017285365780246372 0.015527430142986262 -0.0021270409687102012 -0.0044606500393198903 0.0012795873049767598 0.0034552627781481438 -0.0010199209463152472 -0.0014398389448289045 -0.0015521927193925869 0.0010247845411302519 0.0078330492401759034 -0.00051037447830416967 -4.010443261687301e-05 -0.00015823340909959532 0.00095920450428120313 -0.00098549555044665405 -1.3120424023717231e-06 -0.012592905008358329 0.0020243048626794498 0.01080278860537935 0.0079101006409356429 -0.00069356479697775997 0 -0.0048034862836573988 0.0077127334578552488 0.0026853376858954076 -1.1612405467082139e-05 -0.017513889357919844 -0.0033578348021401985
leaf_weight=696 637 1026 573 449 962 41303 7429 9620 2668 24075 17009 1767 23528 9511 4000 16306 1350 29315 426 2714 1489 1789 10908 179 4115 550 972 2322 264 16553
leaf_count=696 637 1026 573 449 962 41303 7429 9620 2668 24075 17009 1767 23528 9511 4000 16306 1350 29315 426 2714 1489 1789 10908 179 4115 550 972 2322 264 16553
internal_value=1.44091e-05 0.00390677 -6.37764e-05 0.000420563 0.000315632 0.000541331 0.00285575 -0.00182094 0.00213185 0.000268425 -0.000478032 0.00567982 -0.000570465 -0.000970672 -0.00190359 -0.000357476 0.000263169 0.000495808 -0.00404597 0.00334561 0.00538661 0.00445364 0.000861502 0.0118797 -0.00108414 0.00143371 0.00776512 -0.00312678 -0.00774824 -0.00275047
internal_weight=234505 4674 229831 117206 114990 104144 10849 10846 10097 93295 41084 2216 112625 76335 30064 46271 36290 34514 1776 5199 4037 4503 52211 752 29965 1576 2461 6437 1226 20553
internal_count=234505 4674 229831 117206 114990 104144 10849 10846 10097 93295 41084 2216 112625 76335 30064 46271 36290 34514 1776 5199 4037 4503 52211 752 29965 1576 2461 6437 1226 20553
is_linear=0
shrinkage=0.03


Tree=20
num_leaves=31
num_cat=0
split_feature=61 29 37 30 52 9 17 56 33 53 70 9 34 29 6 27 36 32 68 31 23 3 23 19 38 51 36 38 114 75
split_gain=75.0125 62.2403 64.1989 49.674 63.2766 46.6976 45.691 45.4103 43.4721 42.6135 42.4055 59.6671 64.4433 56.2132 41.2566 42.2778 46.105 41.6262 39.5503 39.512 47.1763 38.6452 45.2303 38.8185 38.07 37.6038 37.33 35.7814 35.5274 34.2321
threshold=1.0634995102882387 -0.0034350714413449164 0.69199812412261974 -0.0056694606319069854 0.9789876937866212 1.0067723989486697 1.1136156320571902 0.90207666158676159 0.97799533605575573 0.9917278289794923 0.75757560133934032 1.0086104869842532 0.74299791455268871 0.0073709497228264817 0.2500018328428269 0.093472000211477294 0.92856213450431835 -0.0029052923200651999 0.19999796897172931 -0.010189675260335205 0.046968370676040656 0.0082508837804198282 0.009191025514155628 0.98208847641944896 -0.0037962835049256678 0.93548384308815014 0.7753303349018098 -0.017242101021111008 0.51376143097877514 0.075000001117587103
decision_type=10 8 8 10 10 10 10 8 8 10 10 10 10 10 10 10 10 10 10 8 10 8 8 10 10 10 10 10 10 2
left_child=1 6 7 4 26 -5 9 -3 -6 28 21 13 -13 -12 15 16 18 25 -8 -4 -21 23 -23 -9 27 -16 -2 -22 -1 -19
right_child=3 2 19 5 8 -7 14 10 -10 -11 11 12 -14 -15 17 -17 -18 29 -20 20 24 22 -24 -25 -26 -27 -28 -29 -30 -31
leaf_value=-0.0031602149578459247 0.0059903727903387648 -0.0086822405792922174 0.018002975154814756 -0.0099852111987157963 0.003059010307856751 0.0018210484043660604 0 -0.0028103230425095007 -0.013296230553521537 -0.00020125629519554615 0.00078173306532947702 0.00072440973896864427 0.0085231759842904938 -0.0021615549961652878 0 0.0048372269369415322 0.009752422909230743 0.0024439480584275601 -0.0044157072764390249 0.0011756459722826488 -0.012440592996248109 -0.0045863480657170209 -0.0007176275497596049 -4.7813331289202395e-05 -0.019666320050038908 -0.0091956836133731765 0.016507993386655876 0.009334689020518757 -0.017085800608564076 -0.0039312936016053105
leaf_weight=1488 1084 541 107 366 2025 1292 3701 4922 133 36436 33795 2364 1699 7012 492 939 271 979 3786 46670 107 4240 8215 65874 154 1969 544 124 188 2668
leaf_count=1488 1084 541 107 366 2025 1292 3701 4922 133 36436 33795 2364 1699 7012 492 939 271 979 3786 46670 107 4240 8215 65874 154 1969 544 124 188 2668
internal_value=0 -8.31165e-05 0.000186954 0.00347367 0.00537184 -0.000694324 -0.000985861 -0.000158102 0.00180044 -0.00042632 -0.000118418 0.0006218 0.00408482 0.000267819 -0.00240351 -0.00102665 -0.00178557 -0.00430528 -0.00226804 0.00113432 0.00108196 -0.000521031 -0.00206393 -0.000244849 -0.00903136 -0.00735871 0.00984459 0 -0.00508222 -0.00213412
internal_weight=234185 228741 175824 5444 3786 1658 52917 128662 2158 38112 128121 44870 4063 40807 14805 8697 7758 6108 7487 47162 47055 83251 12455 70796 385 2461 1628 231 1676 3647
internal_count=234185 228741 175824 5444 3786 1658 52917 128662 2158 38112 128121 44870 4063 40807 14805 8697 7758 6108 7487 47162 47055 83251 12455 70796 385 2461 1628 231 1676 3647
is_linear=0
shrinkage=0.03


Tree=21
num_leaves=31
num_cat=0
split_feature=16 25 23 40 71 18 73 18 16 25 70 0 16 16 22 24 30 116 52 16 31 17 124 48 37 39 19 46 23 37
split_gain=74.768 56.9194 40.6399 49.1378 81.0482 55.6204 75.7342 54.4441 56.4887 51.9472 43.5477 68.5887 52.246 37.0557 37.2584 34.3062 31.6488 29.735 45.4415 29.6567 38.064 29.101 27.995 29.7 27.0024 37.452 25.8786 25.5234 23.9491 22.6281
threshold=1.2172914147377016 0.012475109193474056 0.046968370676040656 -0.029961786232888695 0.57894653081893932 1.0246167778968813 0.5000000149011613 1.0266194343566897 0.81960409879684459 0.034682907164096839 0.74545449018478405 -0.013880112208425997 0.89415487647056591 1.1676960587501528 1.1421038508415224 0.03088280558586121 -0.0070897089317440978 0.36075948178768164 0.93952801823616039 0.74431702494621288 0.006656771758571268 1.2381322979927065 -0.27272789180278773 0.98547112941741954 0.39575672149658209 0.038783708587288863 1.0437173247337344 1.1407440304756167 0.038948228582739837 0.65753421187400829
decision_type=10 10 10 10 10 10 10 10 8 10 10 10 8 8 10 10 10 10 10 10 10 10 10 10 10 10 10 10 10 8
left_child=1 29 3 4 13 10 9 15 -9 -7 12 -12 -5 21 -15 -6 17 18 -2 20 -4 -3 -18 -24 -21 27 -20 -26 -28 -1
right_child=16 2 19 5 7 6 -8 8 -10 -11 11 -13 -14 14 -16 -17 22 -19 26 24 -22 -23 23 -25 25 -27 28 -29 -30 -31
leaf_value=0.0005972389870815268 0.01632160552377172 -0.0001366192031818645 -0.0010130362660889436 -0.0041169630798172886 0.0037291986088012147 -0.004298297342843471 -0.01074245111091067 0.022881528580561278 0.0061273481650840483 0.0024500989802013744 0.0055171406786231249 0.00020196210462443612 -0.00047417570814438869 0 0.0098755220874533669 -0.0037844368067624814 -0.0036414547128565474 -0.00065761038840632879 -0.001000409694607677 -0.008077571299597722 -0.024519779766666007 -0.0061664854906770573 0.00046582440489131204 0.016116065843115476 0.0098961411847952093 -0.0084771643657909918 0.011405257600538007 -0.00045879086916922812 0.0013126949451150412 0.002371522786360711
leaf_weight=24704 460 10711 159 3668 3518 2484 1013 240 1029 1665 2268 53469 112276 715 627 592 665 359 389 532 129 763 459 145 320 304 583 441 450 9138
leaf_count=24704 460 10711 159 3668 3518 2484 1013 240 1029 1665 2268 53469 112276 715 627 592 665 359 389 532 129 763 459 145 320 304 583 441 450 9138
internal_value=1.67518e-05 -4.82411e-05 -0.000244832 -0.000200611 0.0012795 -0.00035472 -0.00342174 0.00436277 0.00983459 -0.00151943 -0.000260368 0.000425524 -0.000592696 0 0.00465922 0.00256122 0.00435076 0.00648841 0.00800186 -0.00461261 -0.0134246 -0.000573727 0.000300919 0.00509981 -0.00269155 0 0.00491343 0.00365325 0.00740203 0.00108631
internal_weight=234275 230765 196923 195038 18195 176843 5162 5379 1269 4149 171681 55737 115944 12816 1342 4110 3510 2241 1882 1885 288 11474 1269 604 1597 1065 1422 761 1033 33842
internal_count=234275 230765 196923 195038 18195 176843 5162 5379 1269 4149 171681 55737 115944 12816 1342 4110 3510 2241 1882 1885 288 11474 1269 604 1597 1065 1422 761 1033 33842
is_linear=0
shrinkage=0.03


end of trees

feature_importances:
ROC30=26
RSQR5=23
STD30=22
RSQR30=19
RESI60=16
IMXD30=15
KLEN=14
ROC10=14
STD5=14
BETA10=13
HIGH0=12
RSQR20=12
RESI5=12
RESI20=12
MA20=11
STD60=11
QTLU5=11
KLOW=10
ROC20=10
MA60=10
MA5=9
STD20=9
RSQR60=9
RESI10=9
RSV30=9
IMIN30=9
ROC5=8
STD10=8
BETA20=8
RESI30=8
QTLU20=8
QTLU30=8
IMIN60=8
WVMA20=8
MAX30=7
MIN10=7
MIN20=7
QTLD5=7
IMIN5=7
KUP=6
KLOW2=6
ROC60=6
RSQR10=6
QTLU60=6
QTLD30=6
IMXD10=6
CNTP60=6
SUMN20=6
OPEN0=5
MA10=5
BETA5=5
BETA60=5
MIN60=5
QTLD20=5
IMAX30=5
IMIN20=5
SUMD60=5
KMID=4
MAX5=4
MAX10=4
MAX20=4
MIN5=4
MIN30=4
QTLU10=4
RSV20=4
RSV60=4
IMAX60=4
IMXD20=4
SUMP10=4
SUMP60=4
SUMN60=4
SUMD20=4
LOW0=3
BETA30=3
IMAX5=3
IMAX20=3
IMXD60=3
SUMP20=3
SUMN30=3
KUP2=2
KSFT2=2
QTLD10=2
RSV5=2
RSV10=2
CNTD10=2
CNTD30=2
SUMP5=2
SUMP30=2
SUMN5=2
SUMD5=2
SUMD10=2
WVMA5=2
WVMA10=2
KMID2=1
MA30=1
QTLD60=1
IMXD5=1
CORD20=1
CORD30=1
CORD60=1
CNTP10=1
CNTD5=1
VSTD30=1
VSTD60=1
VSUMP30=1

parameters:
[boosting: gbdt]
[objective: regression]
[metric: l2]
[tree_learner: serial]
[device_type: cpu]
[data_sample_strategy: bagging]
[data: ]
[valid: ]
[num_iterations: 500]
[learning_rate: 0.03]
[num_leaves: 31]
[num_threads: 12]
[seed: 20260813]
[deterministic: 1]
[force_col_wise: 1]
[force_row_wise: 0]
[histogram_pool_size: -1]
[max_depth: 7]
[min_data_in_leaf: 100]
[min_sum_hessian_in_leaf: 0.001]
[bagging_fraction: 0.8]
[pos_bagging_fraction: 1]
[neg_bagging_fraction: 1]
[bagging_freq: 1]
[bagging_seed: 20260813]
[bagging_by_query: 0]
[feature_fraction: 0.8]
[feature_fraction_bynode: 1]
[feature_fraction_seed: 20260813]
[extra_trees: 0]
[extra_seed: 13549]
[early_stopping_round: 0]
[early_stopping_min_delta: 0]
[first_metric_only: 0]
[max_delta_step: 0]
[lambda_l1: 10]
[lambda_l2: 20]
[linear_lambda: 0]
[min_gain_to_split: 0]
[drop_rate: 0.1]
[max_drop: 50]
[skip_drop: 0.5]
[xgboost_dart_mode: 0]
[uniform_drop: 0]
[drop_seed: 11866]
[top_rate: 0.2]
[other_rate: 0.1]
[min_data_per_group: 100]
[max_cat_threshold: 32]
[cat_l2: 10]
[cat_smooth: 10]
[max_cat_to_onehot: 4]
[top_k: 20]
[monotone_constraints: ]
[monotone_constraints_method: basic]
[monotone_penalty: 0]
[feature_contri: ]
[forcedsplits_filename: ]
[refit_decay_rate: 0.9]
[cegb_tradeoff: 1]
[cegb_penalty_split: 0]
[cegb_penalty_feature_lazy: ]
[cegb_penalty_feature_coupled: ]
[path_smooth: 0]
[interaction_constraints: ]
[verbosity: -1]
[saved_feature_importance_type: 0]
[use_quantized_grad: 0]
[num_grad_quant_bins: 4]
[quant_train_renew_leaf: 0]
[stochastic_rounding: 1]
[linear_tree: 0]
[max_bin: 255]
[max_bin_by_feature: ]
[min_data_in_bin: 3]
[bin_construct_sample_cnt: 200000]
[data_random_seed: 20260812]
[is_enable_sparse: 1]
[enable_bundle: 1]
[use_missing: 1]
[zero_as_missing: 0]
[feature_pre_filter: 1]
[pre_partition: 0]
[two_round: 0]
[header: 0]
[label_column: ]
[weight_column: ]
[group_column: ]
[ignore_column: ]
[categorical_feature: ]
[forcedbins_filename: ]
[precise_float_parser: 0]
[parser_config_file: ]
[objective_seed: 16743]
[num_class: 1]
[is_unbalance: 0]
[scale_pos_weight: 1]
[sigmoid: 1]
[boost_from_average: 1]
[reg_sqrt: 0]
[alpha: 0.9]
[fair_c: 1]
[poisson_max_delta_step: 0.7]
[tweedie_variance_power: 1.5]
[lambdarank_truncation_level: 30]
[lambdarank_norm: 1]
[label_gain: ]
[lambdarank_position_bias_regularization: 0]
[eval_at: ]
[multi_error_top_k: 1]
[auc_mu_weights: ]
[num_machines: 1]
[local_listen_port: 12400]
[time_out: 120]
[machine_list_filename: ]
[machines: ]
[gpu_platform_id: -1]
[gpu_device_id: -1]
[gpu_device_id_list: ]
[gpu_use_dp: 0]
[num_gpu: 1]

end of parameters

pandas_categorical:null
