tree
version=v4
num_class=1
num_tree_per_iteration=1
label_index=0
max_feature_idx=157
objective=regression
feature_names=KMID KLEN KMID2 KUP KUP2 KLOW KLOW2 KSFT KSFT2 OPEN0 HIGH0 LOW0 VWAP0 ROC5 ROC10 ROC20 ROC30 ROC60 MA5 MA10 MA20 MA30 MA60 STD5 STD10 STD20 STD30 STD60 BETA5 BETA10 BETA20 BETA30 BETA60 RSQR5 RSQR10 RSQR20 RSQR30 RSQR60 RESI5 RESI10 RESI20 RESI30 RESI60 MAX5 MAX10 MAX20 MAX30 MAX60 MIN5 MIN10 MIN20 MIN30 MIN60 QTLU5 QTLU10 QTLU20 QTLU30 QTLU60 QTLD5 QTLD10 QTLD20 QTLD30 QTLD60 RANK5 RANK10 RANK20 RANK30 RANK60 RSV5 RSV10 RSV20 RSV30 RSV60 IMAX5 IMAX10 IMAX20 IMAX30 IMAX60 IMIN5 IMIN10 IMIN20 IMIN30 IMIN60 IMXD5 IMXD10 IMXD20 IMXD30 IMXD60 CORR5 CORR10 CORR20 CORR30 CORR60 CORD5 CORD10 CORD20 CORD30 CORD60 CNTP5 CNTP10 CNTP20 CNTP30 CNTP60 CNTN5 CNTN10 CNTN20 CNTN30 CNTN60 CNTD5 CNTD10 CNTD20 CNTD30 CNTD60 SUMP5 SUMP10 SUMP20 SUMP30 SUMP60 SUMN5 SUMN10 SUMN20 SUMN30 SUMN60 SUMD5 SUMD10 SUMD20 SUMD30 SUMD60 VMA5 VMA10 VMA20 VMA30 VMA60 VSTD5 VSTD10 VSTD20 VSTD30 VSTD60 WVMA5 WVMA10 WVMA20 WVMA30 WVMA60 VSUMP5 VSUMP10 VSUMP20 VSUMP30 VSUMP60 VSUMN5 VSUMN10 VSUMN20 VSUMN30 VSUMN60 VSUMD5 VSUMD10 VSUMD20 VSUMD30 VSUMD60
feature_infos=[-0.14947372674942017:0.222027987241745] [0:0.22217290103435516] [-1:1] [0:0.21226702630519867] [0:1] [0:0.19577737152576447] [0:1] [-0.21737830340862274:0.22217290103435516] [-1:1] [0.81831187009811401:1.1757426261901855] [1:1.2203390598297119] [0.80375176668167114:1] [0.89535439014434814:1.1014472246170044] [0.62103557586669922:1.5347062349319458] [0.58417785167694092:1.8924485445022583] [0.46860837936401367:2.2146341800689697] [0.45439684391021729:2.740487813949585] [0.36440131068229675:2.6513261795043945] [0.83368843793869019:1.2064073085784912] [0.71110033988952637:1.4220441579818726] [0.61736243963241577:1.7117466926574707] [0.56646168231964111:1.9959673881530762] [0.4937971830368042:1.8249267339706421] [0:0.15229916572570801] [0:0.2603875994682312] [0:0.36472421884536743] [0:0.57258552312850952] [0:0.50059491395950317] [-0.11732283234596252:0.079978801310062408] [-0.11732283234596252:0.079978801310062408] [-0.11732283234596252:0.079978801310062408] [-0.11732283234596252:0.079978801310062408] [-0.11732283234596252:0.079978801310062408] [0:1] [0:1] [0:1] [0:1] [0:1] [-0.087322920560836792:0.075261890888214111] [-0.18959152698516846:0.18788224458694458] [-0.29853948950767517:0.27287426590919495] [-0.40098747611045837:0.27581575512886047] [-0.96870207786560059:0.33257237076759338] [1:1.5713194608688354] [1:1.9298244714736938] [1:2.2439024448394775] [1:3.3160974979400635] [1:3.3160974979400635] [0.61784285306930542:1] [0.54045307636260986:1] [0.4660193920135498:1] [0.43721681833267212:1] [0.34951454401016235:1] [0.92685049772262573:1.3299539089202881] [0.84263509511947632:1.6361554861068726] [0.69682848453521729:2.054157018661499] [0.62161809206008911:2.423609733581543] [0.56576049327850342:2.2013657093048096] [0.73728358745574951:1.1517097949981689] [0.58504855632781982:1.2103414535522461] [0.49352750182151794:1.3664377927780151] [0.47533980011940002:1.5493515729904175] [0.39857602119445801:1.5099923610687256] [0.20000000298023224:1] [0.10000000149011612:1] [0.05000000074505806:1] [0.033333335071802139:1] [0.01666666753590107:1] [0:1] [0:1] [0:1] [0:1] [0:1] [0.20000000298023224:1] [0.10000000149011612:1] [0.05000000074505806:1] [0.033333335071802139:1] [0.01666666753590107:1] [0.20000000298023224:1] [0.10000000149011612:1] [0.05000000074505806:1] [0.033333335071802139:1] [0.01666666753590107:1] [-0.80000001192092896:0.80000001192092896] [-0.89999997615814209:0.89999997615814209] [-0.94999998807907104:0.94999998807907104] [-0.96666663885116577:0.96666663885116577] [-0.98333334922790527:0.98333334922790527] [-1:1] [-1:1] [-1:1] [-1:1] [-1:1] [-1:1] [-1:1] [-1:1] [-1:1] [-1:1] [0:1] [0:1] [0:0.94999998807907104] [0:0.91666668653488159] [0:0.91666668653488159] [0:1] [0:1] [0:0.89999997615814209] [0:0.8571428656578064] [0:0.8571428656578064] [-1:1] [-1:1] [-0.83333331346511841:0.91666668653488159] [-0.83333331346511841:0.91666668653488159] [-0.83333331346511841:0.91666668653488159] [0:1] [0:1] [0:1] [0:1] [0:1] [0:1] [0:1] [0:1] [0:1] [0:1] [-1:1] [-1:1] [-1:1] [-1:1] [-1:1] [0.20004743337631226:15222.455078125] [0.10012400150299072:19018.634765625] [0.050104878842830658:17437.12890625] [0.033520448952913284:22716.572265625] [0.017187755554914474:26107.111328125] [0.00080492562847211957:21624.73828125] [0.0021778203081339598:58684.484375] [0.0021778203081339598:44502.63671875] [0.0021778203081339598:36894.8125] [0.0021778203081339598:26550.70703125] [0:2.2360680103302002] [0:3.1615598201751709] [0:4.4708261489868164] [0:5.4658303260803223] [0:7.5986995697021484] [0:1] [0:1] [0:1] [0:1] [0:1] [0:1] [0:1] [0:1] [0:1] [0:1] [-1:1] [-1:1] [-1:1] [-1:1] [-1:1]
tree_sizes=3098 3058 3060 3005 3133 3086 3107 3088 3117 3087 3088 2990 3080 3066 3047 3036 3077 3108 3080 3096 3012 2996 3118 3059 3030 3042 3028

Tree=0
num_leaves=31
num_cat=0
split_feature=16 26 30 24 16 32 33 44 27 102 56 36 32 23 136 3 19 3 8 115 82 76 2 82 39 1 52 26 65 16
split_gain=185.369 121.9 66.9631 76.5299 63.647 63.4948 63.303 65.7565 67.7486 61.6542 61.5778 58.786 57.9384 54.4884 50.2544 48.9225 47.6745 46.8159 46.4971 42.3346 45.8603 41.3068 38.4085 37.8808 34.0237 33.3174 30.4698 29.6553 29.5688 31.0127
threshold=1.2172914147377016 0.016355155035853389 -0.00040456015267409379 0.052560267969965942 0.93432936072349559 -0.0023310291580855842 0.32095436751842504 1.0368097424507143 0.07247739285230638 0.5377492904663087 1.1776843667030337 0.80809888243675243 -0.0048873580526560536 0.021351622417569164 0.50430619716644298 0.0094786826521158236 0.96055918931961071 0.011450388934463264 0.88235458731651317 0.27793578803539282 0.97499999403953563 0.050000002607703216 -0.4444452822208404 0.17500000447034839 -0.035378491505980485 0.060000007972121246 0.87050148844718944 0.047512950375676162 0.72048610448837291 0.96751639246940624
decision_type=10 10 8 10 8 10 10 10 10 2 10 10 10 10 10 10 10 10 10 10 2 2 10 2 10 10 10 10 10 10
left_child=1 28 4 6 17 15 7 22 -9 16 -2 -12 18 -7 -15 -5 -8 23 21 25 -21 -6 -4 -3 -11 -14 -25 -19 -1 -30
right_child=10 2 3 5 12 13 9 8 -10 24 11 -13 19 14 -16 -17 -18 27 -20 20 -22 -23 -24 26 -26 -27 -28 -29 29 -31
leaf_value=0.00074822456303300631 0.00086567165337791724 -0.0016777893389357239 0.0021410535540432149 0.018520638710528083 0.0052684107048208209 0.0016088795880789678 -0.0024854812861131457 -0.0046472020215351543 0.0014305867602267615 0.0097100364476042766 0.0041775839727992104 0.014231483740390976 0.00050735985337272197 -0.016337463932010594 0.00016760261441623847 -0.006418165624240104 0.00054820818304565947 -0.0028530630670908197 0.010835540669279112 -0.00094182688692641392 -0.003010043725733054 -0.0011554102993518106 -0.00071321824814127809 -0.013271925755907969 0.0020394058903815378 0.012823081325732072 -0.0033108743647487838 0.012384093974976749 0.00076111869435201835 0.003571689270539549
leaf_weight=24996 1162 883 5560 125 1419 249 5197 6422 2118 544 1129 1226 9859 749 166 100 42619 214 523 63391 11619 2265 17661 965 16767 185 536 175 6294 9114
leaf_count=24996 1162 883 5560 125 1419 249 5197 6422 2118 544 1129 1226 9859 749 166 100 42619 214 523 63391 11619 2265 17661 965 16767 185 536 175 6294 9114
internal_value=1.24867e-05 -9.0713e-05 -0.000409696 0.000132191 -0.000991502 -0.00680215 0.000236082 -0.000857179 -0.00310499 0.000773946 0.00682943 0.00961367 -0.000847776 -0.00971246 -0.0130827 0.00659311 0.000211311 -0.00547134 0.00256088 -0.00102047 -0.00126691 0.001253 -1.56333e-05 -0.0070835 0.00230869 0.000789044 -0.0100024 0.00353859 0.0014038 0.00244552
internal_weight=234232 230715 190311 98277 92034 1389 96888 31761 8540 65127 3517 2355 89261 1164 915 225 47816 2773 4207 85054 75010 3684 23221 2384 17311 10044 1501 389 40404 15408
internal_count=234232 230715 190311 98277 92034 1389 96888 31761 8540 65127 3517 2355 89261 1164 915 225 47816 2773 4207 85054 75010 3684 23221 2384 17311 10044 1501 389 40404 15408
is_linear=0
shrinkage=1


Tree=1
num_leaves=31
num_cat=0
split_feature=16 26 40 71 36 42 18 18 73 20 14 67 33 23 23 5 141 140 77 123 84 16 87 34 25 38 12 41 90 47
split_gain=165.886 115.959 68.9086 114.718 67.3801 66.5083 65.4117 61.9883 79.557 65.2378 120.875 75.1171 57.4938 56.6877 53.0208 49.3482 45.3695 44.4187 42.8903 40.0609 38.5071 40.6666 57.385 38.0031 36.8776 31.5541 30.7119 30.5548 29.1441 25.0128
threshold=1.2172914147377016 0.020587847568094734 -0.029961786232888695 0.57894653081893932 0.80496826767921459 -0.0023050018353387709 1.0266194343566897 1.0246167778968813 0.5000000149011613 0.89634060859680187 0.9119742512702943 0.97646731138229381 0.37528073787689215 0.017187087796628479 0.026261234655976299 0.0089463577605783957 1.0871568322181704 0.73334327340126049 0.94166666269302379 0.83737957477569591 0.65000000596046459 1.1676960587501528 -0.69166666269302357 0.84431627392768871 0.034140929579734809 -0.00010516392649151383 1.0122333168983462 -0.00069885258562862862 0.0083016008138656634 1.1729667782783511
decision_type=10 10 10 10 10 8 10 10 10 10 8 10 8 10 10 10 10 10 2 10 2 8 2 10 10 10 10 10 10 8
left_child=1 5 3 20 -2 -1 26 9 24 15 11 -11 -12 -6 29 19 18 -15 -8 -4 21 22 -3 -17 27 -23 28 -9 -5 -7
right_child=4 2 7 6 13 14 16 8 -10 10 12 -13 -14 17 -16 23 -18 -19 -20 -21 -22 25 -24 -25 -26 -27 -28 -29 -30 -31
leaf_value=-8.1677855889708076e-05 0.0023221712941670311 -0.0055714944363902388 -0.016471347647266359 0.0080181111582995623 -0.00022495836203490367 0.0018329842505242038 0.0082232058095304573 -0.0060853322445366641 -0.011989219344287228 0.0066209547698882253 -0.0015194846226400142 0 -0.00023319414639434572 0 0.016478097344952401 0.0054382902244635095 0.0047062810084336224 0.015529233967000775 0.026757390391671527 -0.0035089149333345144 -0.015596788075427692 0.007388778320247852 0.00014994485200709153 -0.007161318576760051 0.00095839331359981992 -0.0014249251796037798 -0.0038056396325146396 0.0055815134038600849 0.0019080017816068737 -0.0019500917902974791
leaf_weight=32036 1867 1874 520 1083 285 36276 360 1855 930 3276 53545 2800 76791 171 204 420 702 1176 246 498 128 1023 8917 395 1747 476 487 184 2545 1552
leaf_count=32036 1867 1874 520 1083 285 36276 360 1855 930 3276 53545 2800 76791 171 204 420 702 1176 246 498 128 1023 8917 395 1747 476 487 184 2545 1552
internal_value=-4.51353e-07 -0.000100256 -0.000545232 0.0012053 0.00646272 0.000916523 0.00484085 -0.000765928 -0.0041528 -0.000647637 -0.000569179 0.00355131 -0.000764085 0.0109324 0.00176484 -0.00625539 0.0107231 0.0134813 0.0168407 -0.010609 -0.000363478 -0.000155371 -0.000824378 -0.000334251 -0.00209613 0.00441062 0.00285575 -0.00484282 0.00384814 0.0016689
internal_weight=234369 230870 160802 17841 3499 70068 5423 142961 4716 138245 136412 6076 130336 1632 38032 1833 1308 1347 606 1018 12418 12290 10791 815 3786 1499 4115 2039 3628 37828
internal_count=234369 230870 160802 17841 3499 70068 5423 142961 4716 138245 136412 6076 130336 1632 38032 1833 1308 1347 606 1018 12418 12290 10791 815 3786 1499 4115 2039 3628 37828
is_linear=0
shrinkage=0.03


Tree=2
num_leaves=31
num_cat=0
split_feature=16 26 30 24 33 119 27 44 39 71 127 29 16 84 45 32 136 78 36 24 33 19 78 70 11 0 1 11 35 35
split_gain=165.403 115.6 65.1383 76.647 67.3394 63.668 57.1098 68.5527 56.6366 65.3022 51.1684 50.3318 73.1299 57.1617 48.6144 45.4566 56.9909 44.4051 40.0719 62.9513 60.7071 55.8023 40.3623 33.9544 33.6905 33.2301 32.0794 31.0528 28.6363 27.9228
threshold=1.2172914147377016 0.019456820562481884 -0.00040456015267409379 0.055167246609926231 0.25870528817176824 0.84999960660934459 0.073941718786954894 1.04085910320282 -0.02239930164068937 0.62993866205215465 -0.33770728111267084 -0.0034350714413449164 1.1134405136108401 0.15000000223517421 1.0295881032943728 -0.0024152115220203991 0.46585422754287725 0.30000000447034841 0.80496826767921459 0.037092747166752822 0.59364107251167308 1.0205137729644778 0.30000000447034841 0.54794427752494823 0.99466195702552807 -0.005096819717437028 0.054840089753270156 0.98031499981880199 0.67320367693901073 0.81292244791984569
decision_type=10 10 10 10 10 8 10 10 10 10 10 10 10 2 8 10 10 10 10 10 10 10 10 10 10 10 10 10 10 10
left_child=1 14 5 4 6 10 7 -4 9 -6 27 13 -13 -12 -1 -5 28 -10 -2 20 21 -20 -21 -8 -22 29 -24 -3 -17 -7
right_child=18 2 3 15 8 25 23 -9 17 -11 11 12 -14 -15 -16 16 -18 -19 19 22 24 -23 26 -25 -26 -27 -28 -29 -30 -31
leaf_value=0.0017571041944860503 0.0032400554427159307 0.01058493116862207 -0.00088386053421173657 0.0056159146680061283 0.00099996862640657413 0.0016829204495993938 -0.0044954025569960724 -0.0052310010470682754 -0.00059613947313759429 0.0077625439912992937 -0.0022752405071194658 -0.0012622385305545063 0.0024629151443930062 -0.020081135942351204 4.753087343591466e-05 -0.023947896344162896 0.00062887364074166096 0.0011231401734882785 0.0043931479116932287 0.031118691644845278 0 -0.018492721123502479 0.0058112837999911527 0.0035272368879149269 0.019886891019921148 -0.000809441557555539 0.019543250918545564 0.0011954558538228954 -0.0084476542981186259 0.0075906367390834112
leaf_weight=34673 1889 400 16405 149 3610 2413 513 4148 22877 2096 31627 37721 5361 148 26985 239 245 32509 163 128 134 157 540 3083 166 2316 294 1765 412 1151
leaf_count=34673 1889 400 16405 149 3610 2413 513 4148 22877 2096 31627 37721 5361 148 26985 239 245 32509 163 128 134 157 540 3083 166 2316 294 1765 412 1151
internal_value=4.96628e-07 -9.62283e-05 -0.000502687 7.10593e-05 0.000174394 -0.00110334 -0.00116146 -0.00178001 0.000707557 0.00355491 -0.00133542 -0.00146992 -0.000790803 -0.00238019 0.00101402 -0.00792127 -0.0105734 0.000407624 0.00648302 0.0100793 0.0019539 -0.00638019 0.014864 0.00228124 0.0116243 0.00188006 0.0113477 0.00314854 -0.0151295 0.00370624
internal_weight=234317 230846 169188 86286 85241 82902 24149 20553 61092 5706 77022 74857 43082 31775 61658 1045 896 55386 3471 1582 620 320 962 3596 300 5880 834 2165 651 3564
internal_count=234317 230846 169188 86286 85241 82902 24149 20553 61092 5706 77022 74857 43082 31775 61658 1045 896 55386 3471 1582 620 320 962 3596 300 5880 834 2165 651 3564
is_linear=0
shrinkage=0.03


Tree=3
num_leaves=31
num_cat=0
split_feature=16 25 71 40 69 115 54 0 25 25 61 13 137 72 100 78 113 39 81 30 43 126 52 2 71 11 127 29 77 33
split_gain=146.323 99.4325 68.9193 107.225 96.4871 85.5313 66.7035 58.7342 58.5695 56.9014 45.4544 101.668 50.6216 47.8597 44.0103 38.6162 65.6975 48.1683 38.2348 37.6526 35.4602 34.8974 43.4836 34.8176 34.0115 33.9043 32.2992 30.5012 32.9292 30.122
threshold=1.2172914147377016 0.012363445479422809 0.5333329737186433 -0.028080688789486882 0.59434005618095409 0.74345564842224132 0.98761430382728588 0.029535892419517044 0.045786403119564063 0.021644619293510917 1.055646598339081 1.1141304373741152 0.53611040115356456 0.085906889289617552 0.3514705896377564 0.70000001788139354 0.45965248346328741 -0.001169942785054445 0.91666665673255932 -0.0070897089317440978 1.0495154261589053 -0.28104598820209498 0.93711015582084667 -0.92857173085212696 0.57894653081893932 0.99518784880638134 0.13336780667304995 -0.011111667379736899 0.041666667908430106 0.88454127311706554
decision_type=10 10 10 10 10 10 10 10 10 10 10 10 10 10 2 10 10 10 2 10 10 10 10 10 10 10 10 10 2 10
left_child=1 -1 6 15 9 8 18 -7 -6 26 11 12 -8 23 -15 16 17 -4 29 21 -11 22 -2 -12 -17 -18 -5 28 -24 -3
right_child=19 2 3 4 5 7 10 -9 -10 20 13 -13 -14 14 -16 24 25 -19 -20 -21 -22 -23 27 -25 -26 -27 -28 -29 -30 -31
leaf_value=0.0014330457807880852 0.019218953030932295 -0.0091255686541819678 0 -0.0014238942602578302 0.00069859236288712307 -0.0011638015161467832 -0.0013318431346641363 -0.0084803208577889921 0.0044594444305727041 -0.0027580178989944277 -0.009321296408544389 -0.016197826175703086 9.6443516462985793e-05 0.01062681621966682 0.0013569602615108268 0 0.010865614095454178 -0.013064740873011413 0.009232413959291922 0.001643754859030242 -0.0082298619251042916 0 -0.0030309983498615321 0.00070939726561942171 0.0060527775301051573 -0.00093203622942429881 0.0021992997828089674 0.00060545911323850237 0.01244654371269136 0
leaf_weight=32966 400 1555 694 7424 50335 8677 64852 1125 4055 8053 323 372 33480 863 1163 907 523 382 103 1282 1315 380 102 3225 4557 290 3101 510 828 407
leaf_count=32966 400 1555 694 7424 50335 8677 64852 1125 4055 8053 323 372 33480 863 1163 907 523 382 103 1282 1315 380 102 3225 4557 290 3101 510 828 407
internal_value=1.28277e-06 -9.00574e-05 -0.000345563 0.00025582 -4.48189e-05 0.000517322 -0.000865428 -0.00204964 0.000986029 -0.00187254 -0.000755762 -0.00090675 -0.00084257 0.00185798 0.00551748 0.00372525 0 -0.00480124 -0.00619905 0.0060712 -0.00357396 0.00845652 0.0101493 -0.000166819 0.00499951 0.00637587 -0.00032579 0.00719574 0.0104051 -0.00724551
internal_weight=234249 230747 197781 91438 84085 64192 106343 9802 54390 19893 104278 98704 98332 5574 2026 7353 1889 1076 2065 3502 9368 2220 1840 3548 5464 813 10525 1440 930 1962
internal_count=234249 230747 197781 91438 84085 64192 106343 9802 54390 19893 104278 98704 98332 5574 2026 7353 1889 1076 2065 3502 9368 2220 1840 3548 5464 813 10525 1440 930 1962
is_linear=0
shrinkage=0.03


Tree=4
num_leaves=31
num_cat=0
split_feature=16 46 39 7 37 20 13 54 45 24 75 123 33 138 102 33 22 21 21 127 14 32 14 33 25 10 36 23 140 30
split_gain=142.401 109.917 57.1074 64.5882 63.1145 54.2058 53.7553 49.1133 47.5591 45.9513 44.3842 58.5776 43.7388 60.8112 47.5186 42.3646 62.1227 48.9302 42.2698 49.1815 48.0132 39.1933 38.0788 55.3268 44.8187 59.9151 36.0428 52.8602 56.0789 35.3933
threshold=1.2172914147377016 1.0477623343467715 0.014760343823581936 -0.0025542537914589043 0.64999911189079296 0.89634060859680187 0.93863227963447582 0.99283108115196239 1.0046296715736391 0.050601717084646232 0.075000001117587103 0.23404241353273394 0.92181757092475902 0.77583488821983349 0.59137290716171276 0.5192229449748994 0.97235608100891124 1.0138664841651919 1.0568797588348391 -0.33770728111267084 0.97896125912666332 0.0011306305532343688 0.88826081156730663 0.83725938200950634 0.015640947036445144 1.0146520733833315 0.80496826767921459 0.017055707983672622 0.76783263683319103 -0.0055369366891682139
decision_type=10 8 10 10 8 8 10 10 10 10 2 10 10 10 2 8 10 10 10 10 10 10 8 10 10 10 10 10 10 8
left_child=1 5 4 21 7 12 29 -3 -7 10 11 -5 13 14 -1 16 -9 -17 20 -20 -8 -4 23 -10 -24 -26 -2 -28 -29 -6
right_child=26 2 3 9 6 8 18 15 22 -11 -12 -13 -14 -15 -16 17 -18 -19 19 -21 -22 -23 24 -25 25 -27 27 28 -30 -31
leaf_value=-0.024443825188865356 0.0028820258091035683 -0.0051864273188481054 -0.0044112015882858992 0.0044688721130118382 -0.00049006807034541111 0.0023366094257066821 -0.001467713755217825 -0.0060915817185052601 0.010119155920218835 0.0044359919597422286 -0.0030401596440384417 -0.0030045347548675427 0.0030855811078645354 -0.0025263714521019673 -0.00084858332548714318 0.0018335038142215199 -0.0012061669118478913 -0.00071915849693601492 0.0034845847418876631 -0.002842385928641904 0.0015827105787418483 -0.013853460167725148 0.0011865092975110998 -0.0049532670913674335 -0.000695856232199204 0.0017784134565877829 -0.0014469916671149287 -0.00018037664369330742 0.014609883085069405 0.011434621238673314
leaf_weight=254 1933 2395 1861 1892 265 13882 5796 2580 787 1029 10116 1813 432 898 147 8752 28871 29201 1305 5885 21657 574 36281 257 42278 11077 286 240 1102 647
leaf_count=254 1933 2395 1861 1892 265 13882 5796 2580 787 1029 10116 1813 432 898 147 8752 28871 29201 1305 5885 21657 574 36281 257 42278 11077 286 240 1102 647
internal_value=-6.32068e-06 -9.96462e-05 -0.000705128 -0.00230864 -0.000443772 0.000607517 0.000584461 -0.000957153 0.000697547 -0.00153494 -0.00200693 0.000734811 -0.00460528 -0.00739843 -0.016958 -0.000805435 -0.00162008 -0.000121956 0.000383838 -0.00164594 0.000927172 -0.00685394 0.000442859 0.00610348 0.000372236 -0.00017608 0.00592885 0.00928557 0.0117808 0.00771161
internal_weight=234493 230932 124639 17285 107354 106293 35555 71799 104562 14850 13821 3705 1731 1299 401 69404 31451 37953 34643 7190 27453 2435 90680 1044 89636 53355 3561 1628 1342 912
internal_count=234493 230932 124639 17285 107354 106293 35555 71799 104562 14850 13821 3705 1731 1299 401 69404 31451 37953 34643 7190 27453 2435 90680 1044 89636 53355 3561 1628 1342 912
is_linear=0
shrinkage=0.03


Tree=5
num_leaves=31
num_cat=0
split_feature=16 25 29 41 10 36 40 57 38 71 41 42 79 57 35 53 18 24 42 16 24 75 1 73 15 13 34 12 33 41
split_gain=154.749 86.5147 71.9588 81.6937 86.3132 66.0783 62.5314 71.0121 69.2742 67.5005 54.7636 51.3196 53.8681 46.6372 46.2088 42.4036 39.4007 39.5675 38.822 33.4958 63.4874 45.5289 32.6181 31.3733 54.5546 34.9315 31.0325 33.8039 30.301 30.9052
threshold=1.2356088161468508 0.012363445479422809 -0.00046219836804084474 -0.029671665281057354 1.0215633511543276 0.80496826767921459 -0.029961786232888695 1.1674965620040896 -0.022598490118980404 0.55102059245109569 -0.036286722868680947 0.081322934478521361 0.15000000223517421 0.94709303975105297 0.91068241000175487 1.0049926042556765 1.0273862481117251 0.03778092376887799 0.0019858331652358179 1.1574192047119143 0.027887769974768165 0.17500000447034839 0.038007853552699096 0.70000001788139354 1.1222237348556521 0.93378496170043956 0.68279299139976513 0.98918902873992931 0.76818183064460765 -0.019578413106501099
decision_type=10 10 10 10 10 10 10 10 10 10 10 10 2 10 10 10 10 10 10 10 10 2 10 10 10 10 10 10 10 10
left_child=1 -1 3 15 11 -2 9 8 13 28 -10 12 -5 -8 18 26 17 -11 -6 20 -17 -21 -18 24 -9 -25 27 -3 -4 -30
right_child=5 2 6 4 14 -7 7 23 10 16 -12 -13 -14 -15 -16 19 22 -19 -20 21 -22 -23 -24 25 -26 -27 -28 -29 29 -31
leaf_value=0.0013284418963079435 0.00256196118528681 0.0059986800150945777 -0.0089549030427796029 -0.0053799124320298899 -0.0068625507914049687 0.012417036451644346 -0.022049419899462318 0.0099443917492391745 -0.0079223075180610645 0.0049270444693636515 4.3380322991331077e-05 0.013330880218288963 -0.0010196898615300091 -0.0023545647518143854 0.0076910525684555373 0.0017055750360849649 0.0024877176442788095 -0.0084993082248194362 9.7303390244228967e-05 -0.00034025172877733418 -0.0015302034520580446 0.0088212845613763798 0.015898456912957458 0.0099229207778073567 -0.0016435222147213938 -0.00095462389012781102 0.00060254872373841832 -0.010039715087636113 -0.0030225128005711716 0.014379873851483519
leaf_weight=32908 1459 100 428 2685 4327 1193 192 1377 763 1998 94514 196 60767 316 205 14285 322 186 763 798 8734 1029 555 304 432 1305 571 800 237 112
leaf_count=32908 1459 100 428 2685 4327 1193 192 1377 763 1998 94514 196 60767 316 205 14285 322 186 763 798 8734 1029 555 304 432 1305 571 800 237 112
internal_value=-9.58144e-06 -9.38114e-05 -0.000331457 -0.000926327 -0.00147009 0.00716729 0.000215655 6.68366e-05 -8.21237e-05 0.0039642 -1.89119e-05 -0.00115689 -0.00121056 -0.0109197 -0.00515989 0.000486822 0.00599946 0.00358073 -0.00576425 0.000791364 0.000464554 0.00469691 0.0114743 0.00430471 0.00702539 0.00101298 -0.00439746 -0.00783992 -0.00362665 0.0022259
internal_weight=233861 231209 198301 95260 68943 2652 103041 99203 95785 3838 95277 63648 63452 508 5295 26317 3061 2184 5090 24846 23019 1827 877 3418 1809 1609 1471 900 777 349
internal_count=233861 231209 198301 95260 68943 2652 103041 99203 95785 3838 95277 63648 63452 508 5295 26317 3061 2184 5090 24846 23019 1827 877 3418 1809 1609 1471 900 777 349
is_linear=0
shrinkage=0.03


Tree=6
num_leaves=31
num_cat=0
split_feature=16 26 33 44 0 82 39 42 38 25 13 20 3 5 14 86 55 4 96 52 22 72 44 55 56 87 71 120 79 32
split_gain=127.099 96.6578 57.3499 60.809 62.8025 55.5072 54.114 51.8724 51.7768 57.8727 47.955 103.709 52.8023 50.6389 73.9469 48.4443 52.2915 47.1622 45.7664 43.6191 41.4025 41.3519 40.7448 46.261 39.8862 38.5611 35.8717 35.1325 39.3026 34.3526
threshold=1.2172914147377016 0.020349954254925254 0.37528073787689215 1.0397313237190249 -0.0074000528547912827 0.24166666716337207 0.033260699361562736 -0.0029690841911360617 0.011095267254859211 0.055857578292489059 0.98388954997062694 0.97004833817482006 0.017524485476315025 0.013114747125655414 0.87937399744987499 -0.81666666269302357 1.0933101773262026 0.25714468955993658 0.31074912846088415 0.73292970657348644 1.1041470766067507 0.21075309813022616 1.0079843997955324 0.93685635924339306 0.97312101721763622 -0.10833333432674407 0.45121961832046514 0.26499995589256292 0.25000000745058065 0.0014381554792635145
decision_type=10 10 8 10 10 2 10 8 10 10 8 10 10 10 10 2 10 10 10 10 10 10 10 10 10 2 10 10 2 10
left_child=1 7 3 4 24 17 25 -1 20 -10 12 27 22 14 -14 16 -13 18 -5 -19 -6 -8 26 -24 29 -7 -4 -12 -29 -3
right_child=-2 2 10 5 8 6 21 -9 9 -11 11 15 13 -15 -16 -17 -18 19 -20 -21 -22 -23 23 -25 -26 -27 -28 28 -30 -31
leaf_value=-9.8042371855427046e-05 0.005601370569410213 0.018868198204466974 -0.0044302429362483003 -0.00038774518578188645 -0.0019243791844097869 -0.0028730332345294129 0.012045962672680616 0.0015607712508347315 0.0028035069732188504 -0.0098440325900513905 -0.000377804574877915 -0.0029596144731662416 -0.014667537399690667 0.015660977830029239 0.0041468827213862825 0.00050132209825294843 0.0018704004354173629 0.0052869929211145196 0.0058305988225675186 -0.0050884097002952752 0.0070453514010017822 -0.00090268038056162464 -0.0098720641060558202 -0.0017625502280643399 0.0012887031974100857 -0.0063539329915965875 0.00047829098763703875 0.0087782506753031793 0.00024229234723943072 3.9930563983182576e-05
leaf_weight=30046 3524 208 1465 3759 22787 10381 310 38009 4114 326 679 7920 192 266 1451 50267 2609 385 1426 2411 440 561 654 20754 7719 4363 13699 2188 718 195
leaf_count=30046 3524 208 1465 3759 22787 10381 310 38009 4114 326 679 7920 192 266 1451 50267 2609 385 1426 2411 440 561 654 20754 7719 4363 13699 2188 718 195
internal_value=-3.48881e-05 -0.000122914 -0.000522081 -0.00126462 -0.00047421 -0.00244935 -0.00349095 0.000824191 -0.00116173 0.00176764 -9.03133e-05 0.000407215 -0.000930278 0.00387226 0.00161789 0.000108983 -0.00173306 -0.000370321 0.00128064 -0.00352581 -0.00173564 0.00353615 -0.00119114 -0.00203327 0.00182803 -0.00393062 0 0.00535287 0.00678783 0.0108996
internal_weight=233826 230302 162247 59385 35789 23596 15615 68055 27667 4440 102862 64381 38481 1909 1643 60796 10529 7981 5185 2796 23227 871 36572 21408 8122 14744 15164 3585 2906 403
internal_count=233826 230302 162247 59385 35789 23596 15615 68055 27667 4440 102862 64381 38481 1909 1643 60796 10529 7981 5185 2796 23227 871 36572 21408 8122 14744 15164 3585 2906 403
is_linear=0
shrinkage=0.03


Tree=7
num_leaves=31
num_cat=0
split_feature=16 26 27 33 44 86 35 80 40 16 82 126 46 102 85 82 69 30 2 42 16 56 36 120 14 23 140 36 3 16
split_gain=135.01 82.9757 59.6707 76.7905 72.7695 67.9695 123.779 67.5676 62.6968 61.3338 64.8167 60.7831 77.4837 51.7389 49.8389 59.5233 48.388 47.8786 47.7652 44.2043 43.9067 43.7307 42.7415 40.4654 37.7282 36.6598 38.2658 36.001 35.956 34.369
threshold=1.2356088161468508 0.019851308315992359 0.082658629864454283 0.37528073787689215 1.04085910320282 -0.58333334326744068 0.13363854587078097 0.12500000372529033 0.026603826321661476 0.81960409879684459 0.50833332538604747 0.49747458100318914 1.116501033306122 0.53529900312423717 -0.37499999999999994 0.25833334028720861 0.3066661804914475 0.0071472409181296834 -0.57142847776412953 -0.0023050018353387709 1.0095279812812807 1.1114692091941836 0.80496826767921459 0.12739534676074984 0.9119742512702943 0.015763077884912494 0.72530519962310802 0.83659178018569957 0.0065444826614111671 1.1067713499069216
decision_type=10 10 10 8 10 2 10 2 10 8 2 10 10 2 2 2 10 10 10 10 8 8 10 10 8 10 10 10 10 10
left_child=1 19 3 4 18 6 -4 11 9 10 -5 12 -7 -11 15 -6 21 20 -3 -1 -10 -9 -2 -19 -20 -24 -27 -18 -16 -8
right_child=22 2 5 8 14 7 29 16 17 13 -12 -13 -14 -15 28 -17 27 23 24 -21 -22 -23 25 -25 -26 26 -28 -29 -30 -31
leaf_value=1.5080141160656087e-05 0.0029578842181213197 0.0016867833352462969 0.014538965154178693 0.010380808647743132 0.0020318923786992304 0.0062543559956444493 -0.0037858288781046712 0.005653433791045678 0.00028465522095769483 -0.00017865116331079522 -0.0068370486248089364 -0.006371106318986461 -0.0046669796242948935 0.0019292976688196767 -0.003170912727016406 -0.0029046606121682504 -0.0036335970569694072 0.0014806818680822729 0.0046551950570032034 0.0015985955853196616 -0.0030597332488254167 -0.0031778466222114458 -0.0020815330121206907 -0.013912908989103296 -0.001387947074020293 -0.000126094011602139 0.015013959993541246 0.0043292930853111042 -0.0074430555665183579 0.0033330884557347786
leaf_weight=29966 1459 6307 863 966 2924 3326 709 1331 6474 66903 209 501 661 12377 5699 8111 5505 166 922 34650 7373 743 126 500 27745 132 928 513 2938 3046
leaf_count=29966 1459 6307 863 966 2924 3326 709 1331 6474 66903 209 501 661 12377 5699 8111 5505 166 922 34650 7373 743 126 500 27745 132 928 513 2938 3046
internal_value=3.40311e-05 -4.19898e-05 -0.00039677 -0.000590546 -0.00148659 0.00127029 0.0043763 0.000101151 -7.15873e-05 0.000252643 0.00700401 0.00306777 0.00435459 0.000147057 -0.00294977 -0.00156815 -0.00151073 -0.00188752 -0.000653794 0.000869105 -0.00147631 0.00234627 0.00674855 -0.00970744 -0.00118002 0.0110366 0.0128834 -0.00289303 -0.00467264 0.00189652
internal_weight=234073 231428 166812 149614 54646 17198 4618 12580 94968 80455 1175 4488 3987 79280 19672 11035 8092 14513 34974 64616 13847 2074 2645 666 28667 1186 1060 6018 8637 3755
internal_count=234073 231428 166812 149614 54646 17198 4618 12580 94968 80455 1175 4488 3987 79280 19672 11035 8092 14513 34974 64616 13847 2074 2645 666 28667 1186 1060 6018 8637 3755
is_linear=0
shrinkage=0.03


Tree=8
num_leaves=31
num_cat=0
split_feature=16 46 20 41 36 79 43 1 29 76 130 120 38 7 113 34 60 1 36 52 33 59 45 120 40 14 15 10 42 30
split_gain=123.892 72.8529 71.6986 52.7401 69.5918 61.3156 56.6789 51.9624 73.613 65.6973 57.4181 56.9174 50.6142 50.109 47.7086 49.4279 45.602 45.0691 43.6551 49.7708 70.4588 50.8699 40.3401 53.1606 42.2757 43.2204 69.3244 62.3342 39.1316 38.8414
threshold=1.2172914147377016 1.0590419769287112 0.89634060859680187 -0.037851944565773003 0.82705816626548778 0.84999999403953563 1.1303771138191225 0.018504542298614982 -0.0015491835074499247 0.083333335816860213 0.8120412826538087 0.70731714367866527 -0.0035037164343520995 0.028023599646985534 0.77777606248855602 0.82468265295028698 0.95000460743904125 0.052968103438615806 0.80496826767921459 0.92230904102325451 0.60621714591979992 1.0019478201866152 1.0105041861534121 0.2542374879121781 -0.028080688789486882 0.92313140630722057 0.94505497813224804 1.0175137519836428 0.10212162882089616 -0.0052974645514041177
decision_type=10 10 8 10 10 2 10 10 10 2 10 10 10 10 10 10 10 10 10 10 10 10 8 8 8 8 8 10 10 10
left_child=1 2 14 4 5 -3 17 9 11 12 -10 16 -5 -12 -1 -16 -9 -7 -2 -20 21 -21 23 28 -24 27 -27 -26 -4 -8
right_child=18 3 22 7 -6 6 29 8 10 -11 13 -13 -14 -15 15 -17 -18 -19 19 20 -22 -23 24 -25 25 26 -28 -29 -30 -31
leaf_value=-0.014905617851553891 0.0022534826122573874 -0.003094391431244803 -0.00054101089226702803 0.004399917195359088 0.0096893582688423359 0.0012798041996162285 0.0012465106327410624 -0.013141610953584314 -0.0035131208942806511 -0.0010867073709569675 0.0001116933641375554 1.1111592441389735e-05 0.00029872362173384174 0.0076085600127875925 0.0038874643903387624 -0.0072485432091178659 -0.0032201930299799049 0.0078798721012996367 0.019396313943398125 0.004264305229988016 0.011083619434957675 -0.015381572557121052 0.0029970165700366831 0.0019804924694309441 0.00037001266586421389 -0.0019844933903432529 0.00024554600827672725 0.0081897513205641068 -0.011152224935389116 -0.010756125394658771
leaf_weight=379 1937 3568 5082 3744 738 11392 348 430 3893 28377 13979 5154 10337 838 555 853 20479 1026 348 257 815 173 4416 25241 3010 15278 69143 1360 321 545
leaf_count=379 1937 3568 5082 3744 738 11392 348 430 3893 28377 13979 5154 10337 838 555 853 20479 1026 348 257 815 173 4416 25241 3010 15278 69143 1360 321 545
internal_value=-3.44916e-05 -0.000121418 0.000364225 -0.000706176 0.000780792 0.000362524 0.0013149 -0.00101003 -0.00172398 -0.000249637 -0.000269893 -0.00275532 0.00141516 0.000565595 -0.00555619 -0.00265594 -0.00345093 0.00186103 0.00552544 0.00924069 0.00590308 -0.0033054 0.000452953 0.00139793 0.000138819 -5.97743e-07 -0.000154855 0.00289818 -0.00126556 -0.0058253
internal_weight=234016 230486 125638 104848 17617 16879 13311 87231 44773 42458 18710 26063 14081 14817 1787 1408 20909 12418 3530 1593 1245 430 123851 30644 93207 88791 84421 4370 5403 893
internal_count=234016 230486 125638 104848 17617 16879 13311 87231 44773 42458 18710 26063 14081 14817 1787 1408 20909 12418 3530 1593 1245 430 123851 30644 93207 88791 84421 4370 5403 893
is_linear=0
shrinkage=0.03


Tree=9
num_leaves=31
num_cat=0
split_feature=32 86 26 33 41 31 80 29 1 33 73 85 3 52 27 44 52 38 118 13 10 49 137 127 13 45 23 35 81 35
split_gain=88.085 87.2992 80.1984 65.3919 61.1158 82.6847 78.2204 57.0026 54.3028 53.2702 50.3937 50.0149 51.582 48.5899 46.9933 52.7377 45.8556 45.5768 43.7862 43.7395 41.246 39.6574 41.802 37.5442 39.8872 37.0729 43.5948 36.9173 36.8856 36.1183
threshold=-0.0048873580526560536 -0.58333334326744068 0.01998079847544432 0.5894111990928651 0.057867685332894332 -0.0068135333713144055 0.17500000447034839 -0.0034350714413449164 0.02950475458055735 0.95206198096275341 0.90000000596046459 -0.12500000372529027 0.01693323161453009 0.79662621021270763 0.07247739285230638 1.0527484416961672 0.82666662335395824 -0.0039506133180111638 0.72732889652252208 0.98668694496154796 1.0109769701957705 0.93692347407341015 0.59354394674301159 0.222122997045517 1.0159779787063601 1.0105041861534121 0.025863966904580597 0.79681354761123668 0.050000002607703216 0.43747417628765112
decision_type=10 2 10 8 10 10 2 10 10 10 10 2 10 10 10 10 10 10 10 8 10 10 10 10 10 10 10 10 2 10
left_child=1 9 25 7 5 17 -6 19 13 10 21 27 -13 -8 15 -9 -12 -5 -17 20 -4 22 -1 28 -25 26 -2 -7 -21 -10
right_child=2 -3 3 4 6 11 8 14 29 -11 16 12 -14 -15 -16 18 -18 -19 -20 23 -22 -23 -24 24 -26 -27 -28 -29 -30 -31
leaf_value=0.018953339320782435 0.0020461691756159693 0.00038535210033514053 -0.0038947162327352719 0.015499790324859051 -0.014041307320367855 -0.00095897724094571061 -0.016848647932889631 -0.0005943764416869614 0.0059849365829447521 -0.0060480069346258427 0.014876595342105161 0.00078122240172812975 0.0059975914931087431 -0.0027849503136847622 0.0014779975017878168 -0.0057305703582347968 -0.0019695371670588845 0.0031475683369387021 0.0014973934127880096 -0.0063582298490277413 -0.015679195117334573 0.0063635212140989352 0.00262678504111032 0.011961507612150798 -0.00072046563762593837 0.0004417451864002589 0.020100458679565541 0.0016547838680441001 -0.0017625268873473316 -0.0026786975240177145
leaf_weight=686 12935 4718 1170 453 531 29947 276 50510 931 231 159 33296 1805 1276 8826 3280 687 852 890 1778 390 1380 242 331 500 50982 106 5720 18413 724
leaf_count=686 12935 4718 1170 453 531 29947 276 50510 931 231 159 33296 1805 1276 8826 3280 687 852 890 1778 390 1380 242 331 500 50982 106 5720 18413 724
internal_value=2.66376e-05 0.00309693 -8.24194e-05 -0.000439063 0.000200118 0.000398231 -0.0035217 -0.00100534 -0.00161071 0.00676376 0.00782881 0.000254755 0.00106127 -0.00565935 -0.000538484 -0.000869874 0.00112061 0.007831 -0.00411653 -0.00230334 -0.00719189 0.0101281 0.0151575 -0.00191982 0.00414083 0.000814619 0.00224644 -0.000530703 -0.00218795 0.00202909
internal_weight=234025 8103 225922 161899 75811 72073 3738 86088 3207 3385 3154 70768 35101 1552 63506 54680 846 1305 4170 22582 1560 2308 928 21022 831 64023 13041 35667 20191 1655
internal_count=234025 8103 225922 161899 75811 72073 3738 86088 3207 3385 3154 70768 35101 1552 63506 54680 846 1305 4170 22582 1560 2308 928 21022 831 64023 13041 35667 20191 1655
is_linear=0
shrinkage=0.03


Tree=10
num_leaves=31
num_cat=0
split_feature=22 26 86 29 57 40 18 17 59 30 71 100 127 115 39 36 1 5 12 33 13 58 115 84 112 138 86 85 33 36
split_gain=85.6763 78.2126 68.2587 57.5436 74.7484 70.3043 76.5102 64.9521 61.4609 70.3782 57.4899 51.9873 50.4833 48.4699 63.0691 45.9308 45.3373 40.7234 40.5534 39.7875 38.6106 38.2678 37.5264 36.3915 37.1608 35.7096 31.996 43.231 31.9407 31.9299
threshold=1.1626294255256655 0.019851308315992359 -0.74999999999999989 -0.0034350714413449164 1.1484199762344363 -0.029961786232888695 1.0240365266799929 1.1575562357902529 0.99782904982566845 -0.0061113825067877761 0.57425710558891307 0.64852941036224376 -0.33770728111267084 0.44105635583400732 0.033260699361562736 0.92178669571876537 0.063829816877841963 0.0033482449362054472 1.0091719627380373 0.94258525967597973 1.1141304373741152 0.97719755768775951 0.74345564842224132 -0.55000001192092884 -0.21702898293733594 0.46804645657539373 -0.516666680574417 -0.57500001788139332 0.10271020606160165 0.75297638773918163
decision_type=10 10 2 10 10 10 10 10 10 10 10 2 10 10 10 10 10 10 10 10 8 8 10 2 2 10 2 2 10 10
left_child=1 21 16 7 5 10 22 8 18 17 25 -12 -9 15 -15 -14 23 -10 -3 -4 -11 -1 -7 24 -2 -5 27 28 -6 -18
right_child=2 3 19 4 26 6 -8 12 9 20 11 -13 13 14 -16 -17 29 -19 -20 -21 -22 -23 -24 -25 -26 -27 -28 -29 -30 -31
leaf_value=0.0031236363263530218 -0.0027703223106135349 -0.0024214229824266963 0.00080508647058480842 -0.015030656632227491 0.0079788540674415095 -0.00018901095265148584 -0.0066732890954561341 0.0037137339599671248 -0.00030669730424854875 -0.00044891888085402717 0.0067530306041155182 -7.9376336933360979e-05 -0.0060635216921208516 -0.001588879217552743 0.018422683500596938 0.0073907039113915883 0.0018863177559846503 0.0060703875219018039 -0.015196319185255561 -0.01328735056468101 -0.0083293975365271878 0.00055222623505063158 -0.0021944954691334234 0.011701711228504981 0.0056808192012333444 0 0.00010045212722885558 0.007249321881624202 -0.00016460099930627159 0.019595440870926233
leaf_weight=5784 680 10365 1478 135 509 93067 1753 691 1291 23321 3133 1343 6109 1216 139 201 178 2415 220 182 560 58701 9278 527 1228 2118 2790 2294 2043 371
leaf_count=5784 680 10365 1478 135 509 93067 1753 691 1291 23321 3133 1343 6109 1216 139 201 178 2415 220 182 560 58701 9278 527 1228 2118 2790 2294 2043 371
internal_value=-1.25929e-05 -9.56751e-05 0.00401127 -0.000443085 -8.91791e-05 -0.00028963 -0.00048436 -0.00133728 -0.000801831 -4.45522e-05 0.00267091 0.00464504 -0.00373975 -0.00445864 0.000483892 -0.00556556 0.0067199 0.00377867 -0.00274338 -0.000701206 -0.00065308 0.000788417 -0.00037414 0.0047052 0.00251579 -0.00112545 0.00277409 0.004245 0.0013924 0.014649
internal_weight=234120 229476 4644 164991 118463 110827 104098 46528 38172 27587 6729 4476 8356 7665 1355 6310 2984 3706 10585 1660 23881 64485 102345 2435 1908 2253 7636 4846 2552 549
internal_count=234120 229476 4644 164991 118463 110827 104098 46528 38172 27587 6729 4476 8356 7665 1355 6310 2984 3706 10585 1660 23881 64485 102345 2435 1908 2253 7636 4846 2552 549
is_linear=0
shrinkage=0.03


Tree=11
num_leaves=31
num_cat=0
split_feature=16 26 86 3 14 49 18 3 69 19 14 46 113 1 62 23 113 28 100 82 1 36 140 23 41 120 77 42 10 73
split_gain=104.039 74.408 54.0739 56.7478 51.2462 45.7109 76.9858 62.6352 89.7247 60.3733 69.5231 57.1311 56.6783 55.1911 43.2672 41.2664 57.8796 49.4921 42.4673 42.0307 38.3983 37.9458 38.8319 38.0902 29.6829 48.1236 39.342 26.604 25.9087 25.9079
threshold=1.2356088161468508 0.016355155035853389 0.81666666269302379 0.015118792187422516 0.88826081156730663 0.83610951900482189 0.94310086965560924 0.0099227642640471476 0.89534893631935131 0.95528677105903637 0.92533954977989208 1.0106623172760012 0.79166755080223095 0.021489419043064121 0.90391665697097789 0.040805801749229438 0.93243283033370983 -0.012117105070501564 0.64852941036224376 0.52500000596046459 0.060000007972121246 0.79510122537612926 0.72530519962310802 0.01471130643039942 0.055360460653901107 0.3523316383361817 0.041666667908430106 -0.0054058930836617938 1.0255542397499087 0.30000000447034841
decision_type=10 10 2 10 10 10 10 10 10 10 8 10 10 10 10 10 10 10 2 2 10 10 10 10 10 10 2 10 10 10
left_child=1 27 5 15 20 6 -3 12 -9 24 13 -12 -8 -11 -6 17 18 29 -17 -19 28 -2 -23 -24 26 -26 -7 -1 -5 -4
right_child=21 2 3 4 14 9 7 8 -10 10 11 -13 -14 -15 -16 16 -18 19 -20 -21 -22 22 23 -25 25 -27 -28 -29 -30 -31
leaf_value=0.0001381079819523201 0.0021815153650120754 -0.008788606123310852 0 -0.0043386348313156587 0.012200656201677576 -0.012080685468076655 0 0.011524048184379148 -0.017693938328551928 -0.00079729733740080248 0.0018421369023044511 -0.00061953946568128857 0.019569704509494513 0.0058086922442792486 -0.0013240885577620344 -0.026360798540453499 0.003814634970151522 0.0013881487846710021 0 -0.0029555929605553821 -0.016865849346523323 -0.0030667434691700034 -0.0029584568360399811 0.013504077678956868 -0.013647903442345496 -0.0034991558677614104 0 0.0017424468615111952 0.013798080558295954 0.016262998419075175
leaf_weight=15420 1389 244 181 121 1012 247 183 193 148 1756 8908 153700 478 2858 215 149 168 12905 103 2322 104 143 104 1011 579 1994 2227 25205 101 270
leaf_count=15420 1389 244 181 121 1012 247 183 193 148 1756 8908 153700 478 2858 215 149 168 12905 103 2322 104 143 104 1011 579 1994 2227 25205 101 270
internal_value=4.34956e-05 -2.30008e-05 -0.000272078 0.00130473 0.0067682 -0.000434341 0.00522588 0.00903733 -0.000603766 -0.000477623 -0.000377821 -0.000482629 0.0143232 0.00323725 0.00960699 0.000751301 -0.00823795 0.00102141 -0.0170656 0.000703078 -0.00298712 0.00593541 0.00974646 0.0116792 -0.00371061 -0.00598627 -0.00119457 0.00114124 0.00313149 0.0106462
internal_weight=234438 231791 191166 17651 1553 173515 1246 1002 341 172269 167222 162608 661 4614 1227 16098 420 15678 252 15227 326 2647 1258 1115 5047 2573 2474 40625 222 451
internal_count=234438 231791 191166 17651 1553 173515 1246 1002 341 172269 167222 162608 661 4614 1227 16098 420 15678 252 15227 326 2647 1258 1115 5047 2573 2474 40625 222 451
is_linear=0
shrinkage=0.03


Tree=12
num_leaves=31
num_cat=0
split_feature=61 29 49 36 52 57 46 40 71 38 5 34 29 115 26 35 120 42 65 85 57 24 10 103 1 33 86 146 143 74
split_gain=76.9871 80.3991 68.7281 58.7728 60.1747 56.5273 53.9946 58.0194 82.6417 66.9638 56.5069 52.061 49.8521 46.8575 40.2093 68.8013 87.7396 63.243 50.6822 44.0606 39.5295 39.057 39.423 53.2826 36.3233 34.5764 37.8667 46.4407 33.6869 32.8345
threshold=1.0634995102882387 -0.0034350714413449164 0.98146244883537304 0.79862678050994884 0.9789876937866212 1.1674965620040896 1.00847464799881 -0.028694209642708298 0.546666979789734 -0.022598490118980404 0.0064724625553935775 0.87196320295333873 0.0013029266265220942 0.74999919533729564 0.043848576024174697 0.68413797020912182 0.47305399179458624 -0.078064233064651475 0.17083333432674411 -0.92499998211860646 0.94709303975105297 0.042369224131107337 1.0157194733619692 0.77500000596046459 0.038007853552699096 0.89310297369956981 -0.516666680574417 0.50699761509895336 0.5237674117088319 0.25000000745058065
decision_type=10 8 10 10 10 10 8 8 10 8 8 10 10 10 10 10 10 10 10 2 10 10 10 2 10 10 2 10 8 2
left_child=1 2 21 11 -5 6 13 8 12 20 -11 -2 -8 -3 17 16 18 -4 -16 -18 -9 22 -1 -24 -6 26 27 -7 -17 -23
right_child=3 5 14 4 24 25 7 9 -10 10 -12 -13 -14 -15 15 28 19 -19 -20 -21 -22 29 23 -25 -26 -27 -28 -29 -30 -31
leaf_value=-0.0022995258514180773 -0.00058081679362576456 0.0023327860892487992 0.0064249309719480209 0.017266156606674698 0.0077895357963717448 0.0087678471787797363 0 -0.021518973132265005 0.0045789319386785286 0.00019936766918825807 -0.0011889867799187068 0.0066993635713526777 -0.011115340358584136 -0.00099399763496778076 0.017509745745623043 -0.0016603159379751833 0.00078840128168325484 -4.6274133729726523e-05 -0.0011433553040419429 -0.011398723905502695 -0.0031068645644996124 0.0029595829094308562 -0.0089081597573925711 0.00082528705198672543 -0.0041026185066764904 -0.0031281980908420023 0.00039563649702429893 0.0011657472651789029 0.0056478452884547812 -0.0038985098439773894
leaf_weight=16395 2829 16477 1413 489 665 2021 2301 184 5385 104856 35151 1226 412 4799 137 1423 263 24853 661 1590 334 2027 1895 610 297 631 1861 1285 884 865
leaf_count=16395 2829 16477 1413 489 665 2021 2301 184 5385 104856 35151 1226 412 4799 137 1423 263 24853 661 1590 334 2027 1895 610 297 631 1861 1285 884 865
internal_value=3.19875e-05 -5.1255e-05 -0.00107607 0.00353175 0.00871773 0.00025636 0.000154912 -4.55544e-05 0.00241775 -0.000189965 -0.000147179 0.00156875 -0.00176429 0.00156808 -0.000162996 -0.00264134 -0.00593726 0.00029506 0.00204206 -0.00951886 -0.0107615 -0.00236924 -0.00286923 -0.00643136 0.00380377 0.00316676 0.00400244 0.00592798 0.00103559 0.000792612
internal_weight=234219 228713 53016 5506 1451 175697 169899 148623 8098 140525 140007 4055 2713 21276 31224 4958 2651 26266 798 1853 518 21792 18900 2505 962 5798 5167 3306 2307 2892
internal_count=234219 228713 53016 5506 1451 175697 169899 148623 8098 140525 140007 4055 2713 21276 31224 4958 2651 26266 798 1853 518 21792 18900 2505 962 5798 5167 3306 2307 2892
is_linear=0
shrinkage=0.03


Tree=13
num_leaves=31
num_cat=0
split_feature=56 26 37 20 14 86 50 19 10 42 35 46 87 29 18 43 35 37 27 35 21 30 58 14 138 37 54 37 153 25
split_gain=75.2174 70.9345 55.9612 66.153 64.3179 49.8977 64.7762 52.7512 48.3509 51.9124 48.3159 48.186 46.9531 44.7474 41.961 39.9143 39.3468 38.1598 37.1871 34.0181 32.4918 35.4915 32.3861 31.2128 30.9628 28.7838 28.6241 28.5717 27.5334 27.506
threshold=1.1566094756126406 0.016355155035853389 0.73739635944366466 0.89634060859680187 0.89523807168006908 -0.74999999999999989 0.92073452472686779 1.0437173247337344 1.0190572142601015 0.084503639489412322 0.70538300275802623 1.0080769658088686 -0.85833334922790516 0.0067111779935657987 1.0005134940147402 1.0266667008399966 0.62685647606849682 0.82968547940254223 0.083871383219957366 0.12133054062724115 1.0617576241493227 -0.003168201656080782 0.97484314441680919 1.064920246601105 0.79604101181030285 0.45590919256210333 1.0805720090866091 0.56879547238349926 -0.1741177216172218 0.041591159999370582
decision_type=10 10 10 10 8 2 10 10 10 10 10 10 2 10 10 10 10 10 10 10 10 10 10 10 10 10 10 10 10 10
left_child=1 25 3 22 8 6 15 27 10 -10 -5 13 18 -6 -13 -2 -9 -7 -4 -20 29 -22 24 -18 -3 -1 -25 -8 -29 -14
right_child=5 2 12 4 11 17 7 16 9 -11 -12 14 20 -15 -16 -17 23 -19 19 -21 21 -23 -24 26 -26 -27 -28 28 -30 -31
leaf_value=0.00031289619677457082 0.0047875520144856866 -0.016522686515577641 -0.0025247251131211212 0.0065872493780669613 0.0024429797855804202 0.0016147314575205936 0.0038051542719512717 -0.0017017267396659008 0.0022420786608542713 0.02513597539465489 -0.0042323571718378321 -0.0014066234426849517 0.0008565897447911858 -0.0021214266044599708 -0.00031456479899019012 0.024226465801528485 0.024535098598571493 -0.0080432506764817144 0.017070099914798867 0.00091334836898467205 -0.0002929379524097748 -0.0093951621510562425 0.0038467950822087004 -0.0016283087423571052 -0.0048145626721630141 0.0019463877798836955 0.00867047943357575 0.0032903315932066601 -0.010175008180180602 0.0031409212780576165
leaf_weight=22935 241 379 6147 871 7781 3417 402 364 225 183 588 59185 28392 2486 70038 244 100 388 128 837 1994 483 148 232 695 17533 1336 145 421 5893
leaf_count=22935 241 379 6147 871 7781 3417 402 364 225 183 588 59185 28392 2486 70038 244 100 388 128 837 1994 483 148 232 695 17533 1336 145 421 5893
internal_value=-9.91834e-06 -0.000107675 -0.000355994 -0.000645281 -0.000582327 0.00298394 0.00557616 0.00374142 0.00490084 0.0139063 0.00202567 -0.000658559 0.000577142 0.00130664 -0.000817196 0.0157333 0.0064998 0.000514558 -0.00163501 0.00366408 0.00101392 -0.002249 -0.00755934 0.00846626 -0.00944695 0.00102864 0.00695645 -0.00175961 -0.0062189 0.00125957
internal_weight=234211 226921 186453 142579 141357 7290 3485 3000 1867 408 1459 139490 43874 10267 129223 485 2032 3805 7112 965 36762 2477 1222 1668 1074 40468 1568 968 566 34285
internal_count=234211 226921 186453 142579 141357 7290 3485 3000 1867 408 1459 139490 43874 10267 129223 485 2032 3805 7112 965 36762 2477 1222 1668 1074 40468 1568 968 566 34285
is_linear=0
shrinkage=0.03


Tree=14
num_leaves=31
num_cat=0
split_feature=16 25 29 115 50 0 2 22 41 10 53 137 9 27 84 97 35 60 13 61 3 54 33 60 80 57 81 36 52 121
split_gain=92.9865 65.4373 51.9346 53.5935 93.6433 63.9691 69.4581 48.8247 48.5168 83.7437 48.7884 48.6895 46.7911 46.0486 45.9018 44.0008 43.8992 43.0823 40.1603 94.1595 37.0339 39.7435 39.2469 36.9867 37.2228 35.8571 30.9835 30.9228 31.6891 38.9364
threshold=1.2172914147377016 0.012363445479422809 -0.000276644219411537 0.74345564842224132 0.86984181404113781 -0.0081632775254547579 0.71428486704826366 1.0994764566421511 -0.029671665281057354 1.0225722789764407 1.000904977321625 0.5610596537590028 0.97248473763465892 0.037080582231283195 0.65000000596046459 0.22318065911531451 0.91068241000175487 0.96902430057525646 1.1141304373741152 1.0381520986557009 0.015118792187422516 1.0003014206886294 0.93313148617744457 0.90200486779212963 0.27500000596046453 1.2204183340072634 0.083333335816860213 0.68767100572586071 0.92230904102325451 0.62082520127296459
decision_type=10 10 10 10 10 10 10 10 10 10 10 10 10 8 2 10 10 10 8 10 10 10 10 10 2 10 2 10 10 10
left_child=1 -1 8 4 5 14 -7 13 10 11 15 26 23 -6 -4 -3 -11 -9 -12 -20 22 -22 -14 24 -5 -2 -10 -27 29 -29
right_child=25 2 3 12 7 6 -8 17 9 16 18 -13 20 -15 -16 -17 -18 -19 19 -21 21 -23 -24 -25 -26 27 -28 28 -30 -31
leaf_value=0.0011412278575275276 -0.0017490530422070742 0 0.012365863030507901 -0.012776921817775747 0.00067912075453314242 0.00011072627484424904 0.0062451385007389086 -0.0051828180686050787 -0.0039407302770702391 -0.0057969916331320447 0.00076724247083940936 0.00023749852129172164 -0.0025554300315792197 -0.00078184868151015671 0.00312749126287415 -0.016416901492380669 0.0075390240158287611 0.0066127317390361163 -0.018548358136677271 0.00011623886302503427 0.00066217968115446773 0.017042300593088436 0.0033631480050639994 0.0021340203670946164 0.00088359168426570842 0.0013768299423670765 -0.0012233306508632514 0 0.0056618902653207777 0.019292722710711176
leaf_weight=32897 553 333 1016 795 37887 6210 2302 289 4300 4403 24657 21329 7104 39708 1155 274 198 1679 308 822 595 171 1117 234 176 987 40446 100 1488 392
leaf_count=32897 553 333 1016 795 37887 6210 2302 289 4300 4403 24657 21329 7104 39708 1155 274 198 1679 308 822 595 171 1117 234 176 987 40446 100 1488 392
internal_value=-1.98526e-05 -9.52574e-05 -0.00030282 0.000172967 0.000408709 0.00304371 0.00181564 5.04591e-05 -0.00079814 -0.00120875 0.000290076 -0.000929827 -0.00188177 -6.46506e-05 0.00766127 -0.00795086 -0.00512802 0.00469494 0.000501695 -0.00494434 -0.00109011 0.00504112 -0.00170865 -0.00742691 -0.0100303 0.00480375 -0.00149281 0.00612906 0.00831051 0.015201
internal_weight=233925 230405 197508 100438 90246 10683 8512 79563 97070 70676 26394 66075 10192 77595 2171 607 4601 1968 25787 1130 8987 766 8221 1205 971 3520 44746 2967 1980 492
internal_count=233925 230405 197508 100438 90246 10683 8512 79563 97070 70676 26394 66075 10192 77595 2171 607 4601 1968 25787 1130 8987 766 8221 1205 971 3520 44746 2967 1980 492
is_linear=0
shrinkage=0.03


Tree=15
num_leaves=31
num_cat=0
split_feature=16 29 42 1 5 55 49 33 41 10 4 113 36 85 24 53 22 60 3 33 26 12 42 38 77 68 35 33 24 24
split_gain=72.9782 65.8072 63.4689 69.8043 61.0792 54.6899 74.6911 60.9202 49.0758 65.4375 44.6666 43.9596 43.3918 63.2695 40.061 38.9995 38.9958 52.8112 39.9346 51.5696 48.8137 38.121 37.4661 37.2429 36.3771 36.3642 36.1584 36.1358 35.3002 34.7658
threshold=1.2172914147377016 -0.0001840527183958329 -0.075480598956346498 0.014333912171423437 0.0031546159880235796 0.93685635924339306 0.83610951900482189 0.93313148617744457 -0.034042149782180779 1.0225722789764407 0.4583322554826737 0.80769297480583202 0.79510122537612926 0.82500001788139354 0.030177160166203979 1.0022348761558535 1.0972141623497011 0.96670836210250866 0.01693323161453009 0.15580059587955478 0.020587847568094734 1.0052221417427065 0.081322934478521361 -0.0009803790017031131 0.65833333134651195 0.63636511564254772 0.33955782651901251 0.93013274669647228 0.016319210641086105 0.027887769974768165
decision_type=10 8 10 10 10 8 8 10 10 10 10 10 10 2 10 10 10 10 10 10 10 10 10 8 2 10 10 10 10 10
left_child=1 2 4 23 -1 10 7 11 15 22 12 -7 13 27 24 25 18 -18 20 -20 -8 -19 -10 -4 -6 -5 -11 -3 -26 -17
right_child=-2 5 3 8 14 6 16 -9 9 26 -12 -13 -14 -15 -16 29 17 21 19 -21 -22 -23 -24 -25 28 -27 -28 -29 -30 -31
leaf_value=-0.0014949197071097611 0.0043235626744200896 -0.0079962463427676964 0.0017083791889602122 -0.016108035548954392 0.0033010038330846567 0.0025893808777909728 0.0011814019583955857 -0.007054293610412498 -0.0014244564926338289 -0.0082608528490358546 0.0076027761908586721 0.017355288370073125 0.00013440849901036288 -0.020583517891555676 0.0016947597781636074 0.0017487340715447639 -0.0047255765471993913 0.0091678206467925415 -0.0036826229306642852 0.0052890139843812488 -0.00016268055521085411 0 0.010543977539357426 -0.00034010921168686948 0 0 -0.0028294932881039528 0.0062262067568445868 0.014595323900867178 -0.0013816472251848809
leaf_weight=2847 3499 601 11740 228 1185 370 36545 154 49927 1926 200 510 536 330 3334 8557 421 1357 663 2893 71744 543 211 24445 152 197 3243 177 725 4978
leaf_count=2847 3499 601 11740 228 1185 370 36545 154 49927 1926 200 510 536 330 3334 8557 421 1357 663 2893 71744 543 211 24445 152 197 3243 177 725 4978
internal_value=3.53136e-05 -2.87838e-05 -0.000544004 -0.000744348 0.00197827 0.000469139 0.000553856 0.0085206 -0.00130295 -0.00170477 -0.00461159 0.0116757 -0.00635133 -0.00970154 0.00386491 0.000267687 0.000477594 0.00432276 0.000394359 0.00352116 0.00028828 0.00651227 -0.00136392 0.000316801 0.00717971 -0.00842955 -0.0049351 -0.00430966 0.0118957 0.000574948
internal_weight=234238 230739 113695 105452 8243 117044 115200 1034 69267 55307 1844 880 1644 1108 5396 13960 114166 2321 111845 3556 108289 1900 50138 36185 2062 425 5169 778 877 13535
internal_count=234238 230739 113695 105452 8243 117044 115200 1034 69267 55307 1844 880 1644 1108 5396 13960 114166 2321 111845 3556 108289 1900 50138 36185 2062 425 5169 778 877 13535
is_linear=0
shrinkage=0.03


Tree=16
num_leaves=31
num_cat=0
split_feature=16 25 29 38 57 139 41 137 18 25 10 0 73 86 53 81 24 1 100 36 24 14 10 78 42 146 52 1 53 19
split_gain=72.5534 70.2251 45.5203 56.1654 54.756 51.1099 50.6674 68.5207 48.8677 43.7358 117.432 62.6737 42.0202 42.6165 40.9783 36.257 32.2808 45.5666 31.8278 31.303 55.4747 42.6009 67.5657 29.8704 25.5965 25.4475 24.775 22.8402 29.6034 25.5898
threshold=1.2172914147377016 0.012363445479422809 -0.000276644219411537 -0.027349249459803101 1.1674965620040896 0.90207070112228405 -0.028037754818797108 0.5610596537590028 1.0213914513587954 0.042448837310075767 1.0175137519836428 -0.030335852876305577 0.70000001788139354 -0.55000001192092884 1.0049926042556765 0.083333335816860213 0.027626838535070423 0.052968103438615806 0.44722221791744238 0.80496826767921459 0.036441789939999587 1.064920246601105 1.0118188261985781 0.30000000447034841 -0.073155574500560747 0.49436384439468389 0.81270483136177074 0.054840089753270156 1.0787267088890078 1.0411531925201418
decision_type=10 10 10 10 10 10 10 10 10 10 10 10 10 2 10 2 10 10 2 10 10 10 10 10 10 8 10 10 10 10
left_child=1 -1 6 5 9 -4 14 8 15 11 -11 -5 13 -6 18 -8 26 -18 -3 -2 21 22 -21 -22 -10 -9 -16 28 29 -25
right_child=19 2 3 4 12 -7 7 25 24 10 -12 -13 -14 -15 16 -17 17 -19 -20 20 23 -23 -24 27 -26 -27 -28 -29 -30 -31
leaf_value=0.0011737883864886996 0.0013912847667730893 0.0036949570897845158 -0.023502654171397155 -0.0082338307507919019 0.011505915033826683 -0.00063686979726625191 -0.0042989076433138113 0.00083703395159713523 0.0016553570372825671 -0.00018035668227540184 0.0061686998252952173 -0.00011297424961042415 6.9041792714064846e-05 0.001628901358974482 0.004752964826103683 -0.0013217210115729914 -0.0014912316953489819 0.0040860209367286748 -0.0060198482377225825 -0.0056086546460238206 0.026020166626187051 -0.0071149190274825466 0.02035725807611485 -0.0013093220636559029 -0.0066336608422242196 -0.0013697083033750921 0.00097802015606484466 0.015642894359611092 -0.0070298480488626015 0.012631056622292195
leaf_weight=32923 1869 326 152 846 932 242 4180 15160 312 8590 3700 83612 1485 820 1817 39490 9260 1499 1472 136 123 319 166 124 2633 6756 14235 300 120 308
leaf_count=32923 1869 326 152 846 932 242 4180 15160 312 8590 3700 83612 1485 820 1817 39490 9260 1499 1472 136 123 319 166 124 2633 6756 14235 300 120 308
internal_value=-4.0347e-05 -0.000106581 -0.000321612 0.00012383 0.000172409 -0.0108921 -0.000784925 -0.0012283 -0.00187898 4.04672e-05 0.00171362 -0.000199801 0.00399933 0.00712297 0.000266784 -0.0016154 0.000571761 -0.000680208 -0.00407214 0.00425382 0.00736164 0 0.00811025 0.0117557 -0.00564908 0.000142461 0.00142937 0.00880274 0.00414382 0.00808505
internal_weight=233907 230442 197519 100379 99985 394 97140 68531 46615 96748 12290 84458 3237 1752 28609 43670 26811 10759 1798 3465 1596 621 302 975 2945 21916 16052 852 552 432
internal_count=233907 230442 197519 100379 99985 394 97140 68531 46615 96748 12290 84458 3237 1752 28609 43670 26811 10759 1798 3465 1596 621 302 975 2945 21916 16052 852 552 432
is_linear=0
shrinkage=0.03


Tree=17
num_leaves=31
num_cat=0
split_feature=56 30 24 38 33 44 102 78 39 39 93 18 28 18 4 50 114 33 24 35 42 13 51 33 126 48 43 1 36 56
split_gain=58.2764 73.6378 78.2185 68.6678 41.7823 56.7736 44.7946 58.196 89.2125 43.5017 43.1226 42.9796 41.6917 51.6086 41.6776 41.2958 40.7398 55.8676 42.4477 56.1459 43.297 42.6365 40.3215 40.266 45.4116 41.0954 43.0749 57.8449 38.3505 37.4991
threshold=1.1776843667030337 -0.00033317979250568891 0.052560267969965942 0.012499994132667782 0.25870528817176824 1.0368097424507143 0.51754924654960643 0.30000000447034841 -0.014213234651833771 -0.017193348146975037 0.53133410215377819 0.98797687888145458 0.009009667672216894 0.9933626949787141 0.40740449726581579 0.82575467228889476 0.55421689152717601 0.72581622004508983 0.0241008410230279 0.82277736067771923 -0.078064233064651475 1.0359712243080141 0.8748232126235963 0.97799533605575573 -0.23174609988927838 0.9155712127685548 1.0690235495567324 0.026284289546310905 0.74001097679138195 1.0133364200592043
decision_type=10 8 10 10 8 8 2 8 8 8 10 8 10 10 8 10 8 8 10 10 10 8 10 10 10 10 10 10 10 10
left_child=1 15 4 12 5 28 7 8 -6 10 -8 -9 13 -4 22 -1 18 -18 20 -20 -17 -21 -7 24 25 -2 27 -27 -3 -16
right_child=23 2 3 -5 6 14 9 11 -10 -11 -12 -13 -14 -15 29 16 17 -19 19 21 -22 -23 -24 -25 -26 26 -28 -29 -30 -31
leaf_value=0.0089595808620673983 0.014451984639618781 0.00087703275013390923 0.019628426632092844 -0.023393402679779386 0.0069067377446278945 0.0019810523337879548 0.0032902837071576651 0.0033673772197765923 -0.0013964561733314539 0.001384327386509074 0.012378801694379023 0.00061873264996475095 -0.00838832230644522 -0.0019530674267840276 -0.010915269938048321 0.004821873358190165 -0.0034270469097433249 0.00027152717880346349 -0.0022103264757629836 -0.0010961286529976592 -0.00019710689997602356 0.005679174050989136 -0.0031772120989535563 -0.011202021765754005 -0.001215944668781272 0.0063815050820987193 0.0070234579372200597 -0.0067670402983150699 -0.0018335919805848064 -0.00060989293764722972
leaf_weight=376 422 21018 104 176 1210 1936 2851 6241 19483 24421 603 30990 695 419 916 1561 10197 5513 19134 1696 67848 1517 4151 137 1091 565 1805 597 5992 583
leaf_count=376 422 21018 104 176 1210 1936 2851 6241 19483 24421 603 30990 695 419 916 1561 10197 5513 19134 1696 67848 1517 4151 137 1091 565 1805 597 5992 583
internal_value=-1.69459e-05 -8.54504e-05 0.000418545 -0.00658149 0.000503166 -0.00037076 0.000859052 0.000376747 -0.000890252 0.00184953 0.00502545 0.0010891 -0.00357118 0.00235088 -0.00266391 -0.00065738 -0.000695479 -0.00211137 -0.000449383 -0.00158665 -7.85532e-05 0.00202534 -0.00148636 0.00331117 0.00386946 0.00559211 0.0041432 -0.000120206 0.000263687 -0.00716554
internal_weight=234248 229631 121789 1394 120395 34596 85799 57924 20693 27875 3454 37231 1218 523 7586 107842 107466 15710 91756 22347 69409 3213 6087 4617 4480 3389 2967 1162 27010 1499
internal_count=234248 229631 121789 1394 120395 34596 85799 57924 20693 27875 3454 37231 1218 523 7586 107842 107466 15710 91756 22347 69409 3213 6087 4617 4480 3389 2967 1162 27010 1499
is_linear=0
shrinkage=0.03


Tree=18
num_leaves=31
num_cat=0
split_feature=16 26 1 40 71 84 58 23 18 73 36 24 33 19 77 41 58 20 14 78 118 107 42 15 16 86 100 12 5 12
split_gain=73.1224 57.0253 50.2944 48.0473 82.2669 50.4591 46.4444 43.4416 43.3158 98.9248 41.7624 41.5825 50.0188 51.8354 40.4693 40.4155 47.394 38.6472 79.0648 72.644 51.8963 72.8812 36.8389 34.9283 33.0771 51.9042 31.9972 39.6629 31.9968 30.1478
threshold=1.2172914147377016 0.021584217436611656 0.033333295956254012 -0.028080688789486882 0.57894653081893932 0.65000000596046459 0.97719755768775951 0.0087608583271503466 1.0246167778968813 0.5000000149011613 0.80496826767921459 0.037092747166752822 0.55223152041435253 1.017372786998749 0.041666667908430106 -0.0025846826611086722 1.0224514603614809 0.89634060859680187 0.92069044709205639 0.30000000447034841 0.08278094977140428 0.38397435843944555 -0.065117824822664247 0.94617238640785228 1.1622807383537295 -0.81666666269302357 0.59411767125129711 1.008938789367676 0.0048019639216363439 0.99742254614830028
decision_type=10 10 10 10 10 2 8 10 10 10 10 10 10 10 2 10 10 10 8 10 10 2 10 10 8 2 2 10 8 10
left_child=1 2 6 4 5 24 14 -6 17 15 -2 12 13 -12 -1 16 -10 20 19 -19 -5 -22 -20 -4 25 -3 29 -28 -8 -9
right_child=10 3 23 8 7 -7 28 26 9 -11 11 -13 -14 -15 -16 -17 -18 18 22 -21 21 -23 -24 -25 -26 -27 27 -29 -30 -31
leaf_value=-0.0026888080964949709 0.0010493196079584715 -0.0058869163290078391 0.0016320060540993063 0.00021455936570817678 -0.0045391751257588429 -0.016558303242516621 0.00088718806740518941 0 -0.0042317542625616017 -0.012919620298747119 0.0044729080472355057 0.011716620027459341 0.0091814416810569437 -0.0184392603027538 0.0040431636441664491 0.0076487301355441101 0.0059675931034205544 0.00013703418719210501 0.0014955418177551073 0.0059159934491701928 0.0012093870791204211 -0.015260210065307259 -0.00079713849476645271 -0.0056096333405167972 0.0036529478936888054 2.5515925874785185e-05 0.0045346976143700781 -0.0028657803167041057 -0.00055801006989218921 0.0081554031183383065
leaf_weight=863 1897 1505 776 856 469 151 49299 496 2436 817 137 971 340 154 5789 373 453 5410 6578 3151 325 647 112622 1920 1765 10020 1973 901 18855 2421
leaf_count=863 1897 1505 776 856 469 151 49299 496 2436 817 137 971 340 154 5789 373 453 5410 6578 3151 325 647 112622 1920 1765 10020 1973 901 18855 2421
internal_value=-2.1432e-05 -8.81165e-05 0.000573408 -0.000424392 0.000952012 -0.000351558 0.000722146 0.00379092 -0.000629612 -0.00367853 0.00426878 0.00783619 0.00122755 -0.00709384 0.00311938 -0.00120797 -0.00249932 -0.000530776 -0.000465797 0.00230786 -0.00485572 -0.00953762 -0.000667872 -0.00341812 -0.000120275 -0.000729439 0.00453048 0.00210721 0.000482923 0.00678527
internal_weight=234370 230871 77502 153369 19701 13441 74806 6260 133668 4079 3499 1602 631 291 6652 3262 2889 129589 127761 8561 1828 972 119200 2696 13290 11525 5791 2874 68154 2917
internal_count=234370 230871 77502 153369 19701 13441 74806 6260 133668 4079 3499 1602 631 291 6652 3262 2889 129589 127761 8561 1828 972 119200 2696 13290 11525 5791 2874 68154 2917
is_linear=0
shrinkage=0.03


Tree=19
num_leaves=31
num_cat=0
split_feature=16 46 33 14 14 58 113 70 51 87 149 38 38 81 20 123 34 36 112 54 75 18 130 61 36 82 38 36 86 38
split_gain=80.7839 58.4112 46.8985 58.0114 72.8625 51.3236 62.201 50.6992 48.832 47.8315 40.041 40.6868 39.1495 38.7194 35.5018 37.7707 46.4523 41.6956 41.6467 34.9629 42.8977 40.0349 33.6674 33.5205 32.9458 32.6942 31.6192 30.3219 47.9295 46.6382
threshold=1.2172914147377016 1.0467103719711306 0.52434512972831737 0.89523807168006908 0.97368422150611889 0.96523192524909984 0.98113319277763378 0.6629215180873872 0.83351898193359386 0.42499999701976782 0.59241557121276867 0.012920010834932329 -0.0034305771114304657 0.61666667461395275 0.89634060859680187 0.60000100731849682 0.82468265295028698 0.76252359151840221 0.2149859964847565 1.0167867541313174 0.22500000149011615 0.99841436743736278 1.5059745311737063 0.820896476507187 0.80496826767921459 0.025000001303851608 -0.010617115534842013 0.74001097679138195 0.88333332538604747 0.008306023199111225
decision_type=10 8 8 8 10 8 10 10 8 2 10 10 10 2 10 10 10 10 2 10 2 10 10 10 10 2 8 10 2 8
left_child=1 14 3 13 7 6 9 22 10 12 11 -7 -4 -3 15 18 -17 -18 -1 20 -6 -21 -5 -16 -2 26 -10 28 29 -25
right_child=24 2 5 4 19 8 -8 -9 25 -11 -12 -13 -14 -15 23 16 17 -19 -20 21 -22 -23 -24 27 -26 -27 -28 -29 -30 -31
leaf_value=-0.017883853919600668 0.0016920400578445541 0.0018507875522272182 0.0013920216423174881 -0.0078493040834436145 -0.00082845764570544289 0.010665637024982114 0.006642425717623285 -0.00091623783800048745 -0.0063403233799407491 -0.011456668542390887 -0.0028997091847796346 -0.0063114537734018502 -0.0050809228485721022 0.022564535025419705 0.0057591018877571161 0.0055367972431858035 -0.012674928296679504 0.00038949478016086462 0.0016802343694356883 -0.0033601836185525344 0.0018323831710662178 -0.00077483444800084309 -0.00038351011304643397 0.00038202455587662746 0.0078043954155208274 1.5348490773703316e-05 0.0035045323180595989 -0.00049347287452769267 0.0040213168706008324 0.0028610113298692345
leaf_weight=273 1908 271 1265 2975 15468 977 501 2790 279 685 304 109 2146 129 1114 518 379 394 103 7391 8376 21705 772 70038 1590 56418 3934 20088 3968 7625
leaf_count=273 1908 271 1265 2975 15468 977 501 2790 279 685 304 109 2146 129 1114 518 379 394 103 7391 8376 21705 772 70038 1590 56418 3934 20088 3968 7625
internal_value=7.23386e-05 2.32461e-06 -0.00042994 -0.00103959 -0.00112223 0.000113668 -0.00293108 -0.00411576 0.000345052 -0.00420153 0.00587231 0.00860711 -0.00259881 0.0100017 0.000528424 -0.0037644 -0.00100477 -0.00579577 -0.0119528 -0.000745507 9.44325e-05 -0.00144373 -0.00640096 0.000601649 0.00458423 0.000211495 0.00275482 0.000541096 0.000799418 0.000629949
internal_weight=234493 230995 126495 59877 59477 66618 4597 6537 62021 4096 1390 1086 3411 400 104500 1667 1291 773 376 52940 23844 29096 3747 102833 3498 60631 4213 101719 81631 77663
internal_count=234493 230995 126495 59877 59477 66618 4597 6537 62021 4096 1390 1086 3411 400 104500 1667 1291 773 376 52940 23844 29096 3747 102833 3498 60631 4213 101719 81631 77663
is_linear=0
shrinkage=0.03


Tree=20
num_leaves=31
num_cat=0
split_feature=61 13 26 32 33 44 82 53 141 3 29 3 1 40 48 50 60 119 17 14 30 93 34 139 17 81 87 45 130 74
split_gain=76.0098 61.5355 50.0023 53.5151 51.7028 69.1468 53.8307 49.4632 42.4711 40.539 65.7384 50.9632 38.8558 43.7261 37.7327 36.2818 54.8936 38.2308 35.0303 32.0112 29.1797 28.2471 26.1466 25.6058 24.3341 22.8676 20.9724 23.9294 20.326 18.1846
threshold=1.068390488624573 1.1141304373741152 0.016355155035853389 -0.0050930061843246213 0.49395154416561132 1.0428744554519656 0.24166666716337207 1.0671151876449587 1.1078996658325198 0.017524485476315025 -0.00078865865361876775 0.010560065507888796 0.060000007972121246 -0.083360537886619554 0.98995694518089306 0.83134385943412792 0.96268934011459362 0.69230768084526073 0.97347146272659313 1.0746979713439944 -0.0059565661940723649 0.48525716364383703 0.87582600116729747 0.7609013319015504 1.3495167493820193 0.28333334624767309 -0.32500000298023218 1.031405568122864 1.1996051073074343 0.94999998807907116
decision_type=10 10 10 10 8 10 2 10 10 10 10 10 10 10 10 10 10 10 10 10 10 10 10 10 10 2 2 10 10 2
left_child=1 2 26 15 5 14 -7 20 25 11 -11 -6 18 -14 -5 21 23 -18 -9 -20 -2 -4 24 -17 -21 -3 27 -1 -15 -23
right_child=7 8 3 4 9 6 -8 12 -10 10 -12 -13 13 28 -16 16 17 -19 19 22 -22 29 -24 -25 -26 -27 -28 -29 -30 -31
leaf_value=0.0030640792944557882 0.0090164530048517447 -0.024775925931009295 0.0032129654577745526 -0.00061625968981411552 0.00026890473438667044 -0.0002235780247201717 -0.0030734432244796032 0.0089318090691252548 0 -0.0026836214992917206 0.0061887223951394687 -0.0019639164364695571 -0.0023784956227036864 0.015216793488380651 0.001443516781240696 -0.015192032668273894 0.0055681039573896229 -0.00052891923014891282 0.010305465348757618 -0.0095109543496139596 0.00059217175879176191 0.02663673828320421 0.004420895249913296 -0.0017235122678696104 0 -0.0039086387027680077 0.00047927974440849962 0.00019158398626878531 0 0.0044994706174230755
leaf_weight=7293 1674 163 362 47577 85500 9299 17907 198 196 1036 2330 10285 262 352 9548 160 2473 1333 101 838 578 111 166 714 273 129 28693 4425 104 111
leaf_count=7293 1674 163 362 47577 85500 9299 17907 198 196 1036 2330 10285 262 352 9548 160 2473 1333 101 838 578 111 166 714 273 129 28693 4425 104 111
internal_value=2.49925e-05 -4.99202e-05 -2.54848e-05 -0.000231828 -0.00031898 -0.000865451 -0.00211126 0.00385861 -0.0104811 0.000142866 0.00336964 2.56623e-05 0.000600884 0.00638483 -0.00026635 0.00273888 0.00175873 0.00336269 -0.00189321 -0.00376873 0.00701056 0.00977847 -0.00525494 -0.00480942 -0.00701851 -0.0173602 0.000930493 0.00200709 0.0119385 0.0180944
internal_weight=234191 229645 229157 188746 183482 84331 27206 4546 488 99151 3366 95785 2294 718 57125 5264 4680 3806 1576 1378 2252 584 1277 874 1111 292 40411 11718 456 222
internal_count=234191 229645 229157 188746 183482 84331 27206 4546 488 99151 3366 95785 2294 718 57125 5264 4680 3806 1576 1378 2252 584 1277 874 1111 292 40411 11718 456 222
is_linear=0
shrinkage=0.03


Tree=21
num_leaves=31
num_cat=0
split_feature=61 13 52 35 25 34 40 31 29 57 41 81 33 74 132 14 52 135 78 82 42 3 10 87 113 35 62 14 59 53
split_gain=65.1642 61.1646 52.1578 61.7299 48.828 45.0657 44.4171 61.2371 47.1234 73.3526 64.879 40.775 39.6727 36.329 36.3001 35.2253 33.3931 70.1271 44.0321 32.4507 31.3305 31.1336 29.6908 28.6987 27.169 25.8153 24.1554 23.4137 21.1895 20.5899
threshold=1.0634995102882387 1.1141304373741152 0.97955834865570079 0.74818018078804027 0.012363445479422809 0.87959048151969921 -0.029961786232888695 -0.00028812816890422249 -0.000276644219411537 1.171507775783539 -0.037030406296253197 0.35000000894069677 0.92181757092475902 0.84999999403953563 1.3440641760826113 1.0728641748428347 0.75517633557319652 0.36314222216606146 0.5000000149011613 0.47499999403953558 -0.065117824822664247 0.0080079492181539553 1.0181548595428469 -0.32500000298023218 0.14814872294664386 0.81625890731811535 1.1119807958602907 1.0043290257453921 1.0674368143081667 1.0598626732826235
decision_type=10 10 10 10 8 10 8 10 8 10 8 2 10 2 10 8 10 10 10 2 10 10 10 2 10 10 10 10 10 10
left_child=1 4 3 -2 22 12 7 29 14 10 -10 -3 15 -11 21 -4 17 -9 -18 -14 -16 -8 23 27 -17 -7 -5 -1 -21 -6
right_child=2 11 5 26 6 25 8 16 9 13 -12 -13 19 -15 20 24 18 -19 -20 28 -22 -23 -24 -25 -26 -27 -28 -29 -30 -31
leaf_value=0.0038792481115858747 0.0016687315906056706 -0.017270201619143687 0.012686556705249753 0.005983865402001444 -0.003168122154854177 0.0018213893152795007 -0.00097915403626297839 0.011369385505919012 -0.0095221056024359391 0.0065868721921247576 -1.4665772953206326e-05 0 -0.019114908471809234 0 0.0030897195943581134 -0.0035840951258576076 -0.0050951251293591847 0 0.0021256657476493106 -0.0066782008408957606 -0.00034051365090475509 -0.0027969135839162286 -0.0033972573419294434 0.00061139770598646391 0.0053369213816285037 0.012317096493236845 0.01706632712582953 0.0006425568968786811 0.0038319806952320499 0.0022761782182088791
leaf_weight=5510 1107 290 194 476 3063 669 43691 991 631 2251 94008 177 143 1144 2639 855 781 852 10192 495 24246 10897 1257 21912 447 369 524 3565 205 703
leaf_count=5510 1107 290 194 476 3063 669 43691 991 631 2251 94008 177 143 1144 2639 855 781 852 10192 495 24246 10897 1257 21912 447 369 524 3565 205 703
internal_value=0 -7.70253e-05 0.00322627 0.00692653 -5.30482e-05 0.000802079 -0.00023222 0.0012483 -0.000370778 6.95167e-05 -8.32238e-05 -0.0107006 -0.00140807 0.00439071 -0.00090414 0.00136622 0.00224726 0.00602243 0.0015761 -0.00659653 0 -0.00134841 0.00102674 0.00121795 -0.000260016 0.00599838 0.012306 0.00264495 -0.00316261 -0.00206594
internal_weight=234284 228800 5484 2107 228333 3377 196089 16582 179507 98034 94639 467 2339 3395 81473 1496 12816 1843 10973 843 26885 54588 32244 30987 1302 1038 1000 9075 700 3766
internal_count=234284 228800 5484 2107 228333 3377 196089 16582 179507 98034 94639 467 2339 3395 81473 1496 12816 1843 10973 843 26885 54588 32244 30987 1302 1038 1000 9075 700 3766
is_linear=0
shrinkage=0.03


Tree=22
num_leaves=31
num_cat=0
split_feature=16 26 7 37 23 54 119 141 127 35 14 7 19 38 17 141 140 9 124 34 85 36 52 86 28 5 41 70 79 79
split_gain=70.868 53.6062 52.5266 42.4233 43.3693 53.7377 52.5131 47.0831 40.4448 38.0962 93.9228 73.1102 62.8548 58.9229 53.0814 49.9378 43.6377 43.5443 66.0414 48.6149 40.5097 58.5571 39.9595 32.0863 29.4981 24.0858 23.973 24.8635 23.873 23.8571
threshold=1.2356088161468508 0.021955965086817745 -0.031834544613957398 0.84909680485725414 0.046968370676040656 1.0775120854377749 0.60307690501213085 1.1712403297424319 -0.32667148113250727 0.47138129174709326 0.91505607962608349 0.025157189927995208 0.93666112422943126 -0.0064577313605695954 1.0645737648010256 1.0373030304908755 1.4437596797943117 1.0050262212753298 0.54385825991630565 0.59118029475212108 0.82500001788139354 0.70901367068290722 0.80766519904136669 -0.88333332538604725 0.0096324477344751375 0.0048019639216363439 -0.034042149782180779 0.95299154520034801 0.65000000596046459 0.35000000894069677
decision_type=10 10 8 10 10 10 10 8 10 10 8 10 10 10 10 10 10 10 10 10 2 10 10 2 10 8 8 10 2 2
left_child=1 2 -1 9 5 6 23 -6 -8 10 11 13 20 -3 22 -16 -13 19 -19 -14 -11 -22 -12 -5 25 29 -27 -28 -26 -4
right_child=-2 3 24 4 7 -7 8 -9 -10 12 14 16 17 -15 15 -17 -18 18 -20 -21 21 -23 -24 -25 28 26 27 -29 -30 -31
leaf_value=-0.0093749758326350466 0.0048487250921036623 0.010093550075868327 0.0015934199414634705 0.011813381208896133 -0.019606126788904533 0.0082388208819523696 0.0026774796489925428 0.0030304924999513933 -0.0040716522295753538 -0.00095331072352604926 -0.0030879775907146309 0.017530943113826216 0.0002718867855579911 -0.0020170609683920196 -0.004367599786947552 -0.0012246762485468644 -0.0004100886242130123 0.00055895202246855245 0.0069005513784924791 -0.0016253287696603568 -0.023869519296504299 -0.0045526705551164103 -0.00032490966331210301 0.0015765689866367061 0.0021272154908317628 0.0049179458326817881 -0.00074801207872426468 0.0049990736226369018 0.0095883428124607928 0.0003031123313815489
leaf_weight=455 2626 479 21722 275 168 925 1042 104 2811 793 5602 480 27319 1225 8905 10041 118 24803 1568 21571 218 517 31492 10501 2405 720 20554 670 500 33562
leaf_count=455 2626 479 21722 275 168 925 1042 104 2811 793 5602 480 27319 1225 8905 10041 118 24803 1568 21571 218 517 31492 10501 2405 720 20554 670 500 33562
internal_value=-3.11148e-05 -8.81676e-05 0.000534855 -0.000422781 0.00103901 0.0012697 0.000797916 -0.0103088 -0.00216457 -0.000596328 -0.00117486 0.00470901 -0.00015268 0.00129086 -0.0014235 -0.00272078 0.0136066 -2.55897e-05 0.00095233 -0.000559382 -0.00613745 -0.0111599 -0.000751715 0.001887 0.000597192 0.00048056 -0.000350617 -0.000547931 0.00357075 0.000815913
internal_weight=234171 231545 80588 150957 15826 15554 14629 272 3853 135131 58342 2302 76789 1704 56040 18946 598 75261 26371 48890 1528 735 37094 10776 80133 77228 21944 21224 2905 55284
internal_count=234171 231545 80588 150957 15826 15554 14629 272 3853 135131 58342 2302 76789 1704 56040 18946 598 75261 26371 48890 1528 735 37094 10776 80133 77228 21944 21224 2905 55284
is_linear=0
shrinkage=0.03


Tree=23
num_leaves=31
num_cat=0
split_feature=61 13 30 115 25 81 4 81 9 16 35 35 39 29 50 18 1 12 77 81 1 52 37 81 52 11 50 4 28 56
split_gain=65.3849 62.7706 53.2594 48.9819 69.2798 67.5061 80.9251 77.199 45.8453 44.3976 44.8334 43.5354 64.7836 42.3026 41.9452 50.3029 38.8017 38.7888 42.7654 37.3366 36.068 55.7218 39.399 33.8945 33.5121 31.721 32.7453 31.2148 30.4825 31.7065
threshold=1.0634995102882387 1.1141304373741152 -0.00040456015267409379 0.74345564842224132 0.043740468099713332 0.61666667461395275 0.32352960109710699 0.48333333432674414 0.97248473763465892 0.93432936072349559 0.21436632424592975 0.8324490785598756 -0.017193348146975037 4.517666275205557e-05 0.83134385943412792 0.94310086965560924 0.054840089753270156 1.0140284895896914 0.091666668653488173 0.51666668057441723 0.022261792793869976 0.95692667365074169 0.5103992521762849 0.28333334624767309 0.65403085947036754 0.98795184493064891 0.77347838878631603 0.47368271648883825 -0.031729871407151215 1.1776843667030337
decision_type=10 10 8 10 10 2 10 2 10 8 10 10 10 10 10 10 10 10 2 2 10 10 10 2 10 10 10 10 10 10
left_child=1 2 9 4 17 7 -7 -6 24 10 -1 28 16 -12 15 -11 -13 18 -4 -19 22 -22 -16 -3 -5 27 -27 -10 -2 -30
right_child=11 23 3 8 5 6 -8 -9 25 14 13 12 -14 -15 20 -17 -18 19 -20 -21 21 -23 -24 -25 -26 26 -28 -29 29 -31
leaf_value=-0.00096665811916111784 -0.0051692154754555833 -0.017048196736011541 -0.00067955237048913388 -0.019138912593602741 0.0037329462455043308 0.020692619872747967 -0.00048558478542592049 -0.0041839273570931047 0.00031135375251198225 -0.0081656794128068498 -0.012583966152526119 -0.0063063307837185837 0.012298977782721775 0 -0.00068225079562118495 0.011326455210857369 0.0098273441703646512 -0.0013092509936327961 0.00078865575955013067 -0.010901872984087525 -0.00019629859336164741 -0.0027381221787159508 0.00077329937524849555 0 -0.0043998734062990538 -0.017205874480731673 -0.0019150540312168787 0.010818231322429402 0.00060733817967562845 0.0071041680725330517
leaf_weight=1659 490 281 22859 170 6502 390 223 1285 4227 119 787 358 950 292 41096 519 186 1917 78757 467 18178 13904 28136 198 1067 116 5155 257 2491 979
leaf_count=1659 490 281 22859 170 6502 390 223 1285 4227 119 787 358 950 292 41096 519 186 1917 78757 467 18178 13904 28136 198 1067 116 5155 257 2491 979
internal_value=2.09454e-05 -5.53611e-05 -3.07859e-05 0.000390051 0.000578967 0.00320098 0.0127425 0.00238072 -0.00151203 -0.000529646 -0.00429766 0.00326205 0.00764244 -0.00903543 -0.000424688 0.00709716 -0.000105248 0.00036373 0.000455355 -0.0033882 -0.000476407 -0.00130826 -8.63283e-05 -0.0106857 -0.0069364 -0.000780709 -0.00237203 0.00102553 0.00150397 0.00255647
internal_weight=234015 228561 228082 123392 112400 8400 613 7787 10992 104690 2738 5454 1494 1079 101952 638 544 104000 101616 2384 101314 32082 69232 479 1237 9755 5271 4484 3960 3470
internal_count=234015 228561 228082 123392 112400 8400 613 7787 10992 104690 2738 5454 1494 1079 101952 638 544 104000 101616 2384 101314 32082 69232 479 1237 9755 5271 4484 3960 3470
is_linear=0
shrinkage=0.03


Tree=24
num_leaves=31
num_cat=0
split_feature=32 86 17 37 24 114 45 124 21 1 1 59 35 81 38 40 38 35 73 32 34 62 24 39 87 71 117 86 28 12
split_gain=53.8847 59.9169 52.0728 54.2829 54.509 57.5727 51.0854 49.3575 48.7024 48.6826 45.7456 44.6342 52.3363 70.2218 44.0657 42.7768 42.3137 42.3021 44.7058 40.8315 39.6396 53.5972 41.4065 52.3503 46.1048 39.1364 38.9579 38.4348 36.0745 41.2451
threshold=-0.0048873580526560536 -0.58333334326744068 1.078125059604645 0.69199812412261974 0.050601717084646232 0.8064524531364442 1.0266667008399966 0.76981315016746532 1.0631303191185 0.076267357915639891 0.0056678864639252433 0.93247184157371532 0.67712020874023449 0.11666667088866235 -0.027349249459803101 -0.056549809873104089 0.013856525998562576 0.15558563172817233 0.90000000596046459 0.0049264903645962485 0.074341107159852995 0.91861638426780712 0.058728918433189399 0.015372803900390865 -0.60833334922790516 0.13207615911960605 0.55357143282890331 -0.28333334624767298 0.010094214696437122 1.0057960748672488
decision_type=8 2 10 8 10 10 8 10 10 10 8 10 10 2 8 8 10 10 10 8 10 10 10 10 2 10 10 2 10 10
left_child=1 17 3 6 9 -6 11 -7 10 15 -8 12 13 -2 -12 -5 27 -1 25 -11 21 -4 23 -22 -25 -19 -14 -10 -13 -30
right_child=2 -3 20 4 5 7 8 -9 16 19 14 28 26 -15 -16 -17 -18 18 -20 -21 22 -23 -24 24 -26 -27 -28 -29 29 -31
leaf_value=0.012884508273652501 0.011007283710517837 0 0.016632190837246395 0.0084377327430330083 -0.014016959611522753 0.018188595005180223 0.0059864640126235796 -0.005583590232753401 0.0037591044205461653 0 -0.015287094551313203 0.00062078954189756204 -0.011543489960293906 -0.0016995961376766269 -0.00080332833486905725 0.0011296956450457909 -0.0052301895273702704 0.0013011276678315422 -0.0026892317709775833 0.023955126504528003 -0.00095208619507221814 0.00057536889232119711 0.0057259424369270999 -0.0020310375554541968 -0.0077135180692984454 0.0099093715515957519 -0.0023863029631458559 -0.0035491142582839879 0.0026079290592324099 0.014714087546326037
leaf_weight=587 459 4054 174 733 407 101 863 183 4991 105 172 45465 700 2054 77401 32737 615 1018 667 139 38112 8028 716 4153 2014 1069 1307 686 4231 267
leaf_count=587 459 4054 174 733 407 101 863 183 4991 105 172 45465 700 2054 77401 32737 615 1018 667 139 38112 8028 716 4153 2014 1069 1307 686 4231 267
internal_value=0 0.00251694 -8.19204e-05 0.00016826 0.00123556 -0.00691686 -9.34999e-05 0.00252418 -0.000556161 0.00141554 -0.000762766 0.000620433 -0.00220934 0.000571467 -0.000843241 0.00130364 0.0019661 0.0054791 0.00371102 0.0143671 -0.000903814 0.00099212 -0.00125637 -0.00137858 -0.00395423 0.00590502 -0.00581053 0.00281397 0.000883218 0.0034549
internal_weight=234208 7395 226813 173616 34405 691 139211 284 84728 33714 78436 54483 4520 2513 77573 33470 6292 3341 2754 244 53197 8202 44995 44279 6167 2087 2007 5677 49963 4498
internal_count=234208 7395 226813 173616 34405 691 139211 284 84728 33714 78436 54483 4520 2513 77573 33470 6292 3341 2754 244 53197 8202 44995 44279 6167 2087 2007 5677 49963 4498
is_linear=0
shrinkage=0.03


Tree=25
num_leaves=31
num_cat=0
split_feature=20 14 26 35 11 8 16 26 40 71 18 23 38 43 9 138 55 67 33 18 15 77 23 87 42 31 138 87 23 1
split_gain=52.1557 54.4887 53.6485 55.3502 66.3019 77.854 52.6642 61.7175 55.7052 55.5592 52.6596 46.6232 51.6988 85.8416 43.5136 53.0796 51.666 66.1025 49.2295 40.6695 54.9091 40.5279 40.32 39.3845 38.3691 38.2447 36.6333 30.8485 30.4853 27.2229
threshold=0.89634060859680187 0.92313140630722057 0.031533356755971916 0.63469845056533825 0.97047245502471935 -0.7419329285621642 1.2356088161468508 0.021459848619997505 -0.029961786232888695 0.57894653081893932 1.0266194343566897 0.0082738520577549952 -0.022598490118980404 1.0209801197052004 0.97248473763465892 1.0731568336486819 0.97285586595535289 0.99114972352981578 0.89310297369956981 1.0246167778968813 1.0694100856781008 0.075000002980232253 0.019763546064496044 -0.69166666269302357 -0.0047128715086728326 0.0032997096423059706 0.71197515726089489 -0.97499999403953541 0.026261234655976299 0.03263655677437783
decision_type=8 8 10 10 10 10 10 10 10 10 10 10 10 10 10 10 10 10 10 10 8 2 10 2 10 10 10 2 10 10
left_child=14 2 22 4 26 -6 7 24 9 27 -11 -5 -13 -14 15 18 17 -16 -1 25 -21 -7 23 -2 29 -10 -4 -9 -26 -3
right_child=1 6 3 11 5 21 -8 8 19 10 -12 12 13 -15 16 -17 -18 -19 -20 20 -22 -23 -24 -25 28 -27 -28 -29 -30 -31
leaf_value=-0.022287614911920942 -0.010115430436483244 0 0 -0.010672876978134538 0.018272043305961414 -0.0053262606866276048 0.0042283502805452976 -0.0071439418791696078 -0.00034053135063277161 0.0019504473739668624 0.0092618999687782682 -0.013453378417365556 -0.00048347878905614754 0.0084666675821231489 -0.012107877044507307 0.00038674397196063377 0.015282092906348407 0.0028906832252069349 -0.0016345031652918519 -0.0088990975071512046 -0.0013700102318103496 0.0038482103560289198 -0.0078855350278235099 0.0044508681351849329 0.0011145906052001029 -0.0018874309761870167 0.017161026686415309 0.00035398064863728087 0.01128636321908179 -0.0045364348781263509
leaf_weight=334 185 31292 173 262 280 512 2566 495 104291 3923 1203 165 2700 1432 436 234 130 564 199 1215 3461 1993 711 785 43873 16857 615 11822 254 1214
leaf_count=334 185 31292 173 262 280 512 2566 495 104291 3923 1203 165 2700 1432 436 234 130 564 199 1215 3461 1993 711 785 43873 16857 615 11822 254 1214
internal_value=2.74896e-05 6.94287e-05 0.00225523 0.00327903 0.00608149 0.0037057 -2.58328e-05 -7.72188e-05 -0.000445987 0.00113558 0.00375397 0.0010002 0.00182758 0.0025719 -0.00489841 -0.0103552 -0.000818017 -0.00346376 -0.0154571 -0.000667769 -0.0034198 0.00182688 -0.00250149 0.0012215 0.000608223 -0.000558525 0.0138073 1.72415e-05 0.00118502 -0.000165807
internal_weight=234176 232279 9813 8132 3573 2785 222466 219900 143267 17443 5126 4559 4297 4132 1897 767 1130 1000 533 125824 4676 2505 1681 970 76633 121148 788 12317 44127 32506
internal_count=234176 232279 9813 8132 3573 2785 222466 219900 143267 17443 5126 4559 4297 4132 1897 767 1130 1000 533 125824 4676 2505 1681 970 76633 121148 788 12317 44127 32506
is_linear=0
shrinkage=0.03


Tree=26
num_leaves=31
num_cat=0
split_feature=61 13 46 48 38 17 37 86 73 52 36 36 22 40 86 35 125 53 52 142 145 135 75 29 81 60 41 27 40 38
split_gain=59.1199 65.3141 47.9158 61.4242 54.6285 52.4929 52.185 51.8287 50.5114 49.807 47.295 47.2824 56.2067 46.7079 44.4838 39.7149 38.5515 55.9154 33.3899 34.0994 30.9008 34.2295 29.0912 27.8879 41.0969 26.0786 45.847 30.4236 25.1807 24.2611
threshold=1.0593739151954653 1.1141304373741152 1.00847464799881 0.98148342967033397 -0.0025575404288247223 1.3162381649017336 0.6537727713584901 -0.78333333134651173 0.30000000447034841 0.69958069920539867 0.80496826767921459 0.91078180074691784 0.87281721830368053 -0.029961786232888695 -0.81666666269302357 0.9462508261203767 0.49999977648258215 0.964430332183838 0.97846341133117687 0.95524424314498912 0.51316106319427501 0.45263627171516424 0.17500000447034839 0.0065654295030981311 0.28333334624767309 1.0682607889175417 -0.050901010632514947 0.049895323812961585 -0.015186769887804983 0.0017857256461866202
decision_type=8 10 10 10 8 10 8 2 10 10 10 10 10 10 2 10 8 10 10 10 10 10 2 10 2 8 10 10 10 10
left_child=1 2 16 4 7 6 14 8 -4 -8 25 15 -13 -9 -5 -6 17 -1 19 -12 21 -3 28 -19 -25 26 27 -2 -20 -18
right_child=10 20 3 5 11 -7 9 13 -10 -11 18 12 -14 -15 -16 -17 29 23 22 -21 -22 -23 -24 24 -26 -27 -28 -29 -30 -31
leaf_value=0.016383207404273275 0.00046459016375557846 -0.027484073060779615 -0.0092486845512449525 -0.0023193835454512648 -0.0013199036691229015 -0.0095332778789314256 0.011075830165262012 0.0058527812061199679 0.0054701166285959996 0.0012537775999221553 0 0.012515787190182261 0 -0.00033975341967902681 0.00016274452351290792 -0.014970626822893796 0.0011050405817412535 0.0023632999604492511 -0.0015565542350168716 0.01750876617694885 -0.00072647862864488899 -0.0016864813993015559 0.01235087177452121 0.0026417228031322603 -0.0043324952183312259 -0.0012369656762740886 0 0.011801687960519735 0.010126925212904238 -0.0029733236912383668
leaf_weight=225 395 136 197 7147 65131 465 462 1116 2488 28284 159 453 1068 29954 68857 177 2444 13022 720 411 200 108 252 1465 1497 2085 1630 665 188 2637
leaf_count=225 395 136 197 7147 65131 465 462 1116 2488 28284 159 453 1068 29954 68857 177 2444 13022 720 411 200 108 252 1465 1497 2085 1630 665 188 2637
internal_value=-1.29685e-05 -9.49768e-05 -7.06667e-05 -0.00021212 -0.000742978 0.000292566 0.000340859 0.000233222 0.00421889 0.00142966 0.00280106 -0.00124046 0.00390569 -0.000104053 -6.72639e-05 -0.00136606 0.00128153 0.00200176 0.00705721 0.0131121 -0.0113431 -0.0181946 0.00365592 0.00176035 -0.000787873 0.00117347 0.00314782 0.00794163 0.000705334 -0.000956146
internal_weight=234038 227533 227089 205799 100584 105215 104750 33755 2685 28746 6505 66829 1521 31070 76004 65308 21290 16209 1730 570 444 244 1160 15984 2962 4775 2690 1060 908 5081
internal_count=234038 227533 227089 205799 100584 105215 104750 33755 2685 28746 6505 66829 1521 31070 76004 65308 21290 16209 1730 570 444 244 1160 15984 2962 4775 2690 1060 908 5081
is_linear=0
shrinkage=0.03


end of trees

feature_importances:
RSQR5=29
ROC30=27
RSQR30=24
RSQR20=22
KLEN=21
ROC10=19
RESI5=19
STD10=17
STD30=17
BETA10=16
RESI60=16
MIN60=16
IMXD30=16
MA5=14
RESI20=14
RESI30=14
ROC5=13
STD5=13
STD20=13
IMIN30=13
KUP=12
HIGH0=12
BETA20=11
RSV30=11
RESI10=10
BETA60=9
RSQR10=9
RSQR60=9
IMIN60=9
IMXD60=9
VWAP0=8
MA20=8
MAX10=8
MAX30=8
QTLU5=8
QTLU60=8
QTLD30=8
IMAX5=8
KLOW=7
MA10=7
STD60=7
QTLU30=7
IMAX60=7
IMIN5=7
SUMP5=7
SUMP20=7
ROC60=6
MA60=6
MAX20=6
MIN20=6
QTLU10=6
QTLD20=6
IMXD20=6
SUMN20=6
SUMD60=6
KMID=5
KUP2=5
LOW0=5
BETA5=5
MAX5=5
QTLD5=5
IMIN10=5
IMXD10=5
CNTP20=5
WVMA5=5
WVMA20=5
KMID2=4
KSFT=4
OPEN0=4
ROC20=4
MA30=4
MIN10=4
QTLU20=4
QTLD10=4
IMAX20=4
CNTP60=4
VSTD60=4
WVMA30=4
BETA30=3
MIN5=3
QTLD60=3
RSV10=3
RSV20=3
IMAX10=3
IMIN20=3
SUMN10=3
SUMD5=3
SUMD30=3
VMA20=3
KSFT2=2
MIN30=2
RANK20=2
RANK60=2
RSV60=2
IMAX30=2
CORD5=2
CNTD60=2
SUMP10=2
SUMN5=2
SUMD10=2
VSTD20=2
VSTD30=2
WVMA10=2
VSUMP30=2
MAX60=1
RSV5=1
CORR20=1
CORD30=1
CORD60=1
CNTN5=1
CNTN60=1
SUMP60=1
SUMN30=1
SUMD20=1
VMA60=1
WVMA60=1
VSUMP5=1
VSUMP20=1
VSUMN10=1
VSUMD5=1

parameters:
[boosting: gbdt]
[objective: regression]
[metric: l2]
[tree_learner: serial]
[device_type: cpu]
[data_sample_strategy: bagging]
[data: ]
[valid: ]
[num_iterations: 500]
[learning_rate: 0.03]
[num_leaves: 31]
[num_threads: 12]
[seed: 20260814]
[deterministic: 1]
[force_col_wise: 1]
[force_row_wise: 0]
[histogram_pool_size: -1]
[max_depth: 7]
[min_data_in_leaf: 100]
[min_sum_hessian_in_leaf: 0.001]
[bagging_fraction: 0.8]
[pos_bagging_fraction: 1]
[neg_bagging_fraction: 1]
[bagging_freq: 1]
[bagging_seed: 20260814]
[bagging_by_query: 0]
[feature_fraction: 0.8]
[feature_fraction_bynode: 1]
[feature_fraction_seed: 20260814]
[extra_trees: 0]
[extra_seed: 17475]
[early_stopping_round: 0]
[early_stopping_min_delta: 0]
[first_metric_only: 0]
[max_delta_step: 0]
[lambda_l1: 10]
[lambda_l2: 20]
[linear_lambda: 0]
[min_gain_to_split: 0]
[drop_rate: 0.1]
[max_drop: 50]
[skip_drop: 0.5]
[xgboost_dart_mode: 0]
[uniform_drop: 0]
[drop_seed: 29730]
[top_rate: 0.2]
[other_rate: 0.1]
[min_data_per_group: 100]
[max_cat_threshold: 32]
[cat_l2: 10]
[cat_smooth: 10]
[max_cat_to_onehot: 4]
[top_k: 20]
[monotone_constraints: ]
[monotone_constraints_method: basic]
[monotone_penalty: 0]
[feature_contri: ]
[forcedsplits_filename: ]
[refit_decay_rate: 0.9]
[cegb_tradeoff: 1]
[cegb_penalty_split: 0]
[cegb_penalty_feature_lazy: ]
[cegb_penalty_feature_coupled: ]
[path_smooth: 0]
[interaction_constraints: ]
[verbosity: -1]
[saved_feature_importance_type: 0]
[use_quantized_grad: 0]
[num_grad_quant_bins: 4]
[quant_train_renew_leaf: 0]
[stochastic_rounding: 1]
[linear_tree: 0]
[max_bin: 255]
[max_bin_by_feature: ]
[min_data_in_bin: 3]
[bin_construct_sample_cnt: 200000]
[data_random_seed: 20260812]
[is_enable_sparse: 1]
[enable_bundle: 1]
[use_missing: 1]
[zero_as_missing: 0]
[feature_pre_filter: 1]
[pre_partition: 0]
[two_round: 0]
[header: 0]
[label_column: ]
[weight_column: ]
[group_column: ]
[ignore_column: ]
[categorical_feature: ]
[forcedbins_filename: ]
[precise_float_parser: 0]
[parser_config_file: ]
[objective_seed: 27057]
[num_class: 1]
[is_unbalance: 0]
[scale_pos_weight: 1]
[sigmoid: 1]
[boost_from_average: 1]
[reg_sqrt: 0]
[alpha: 0.9]
[fair_c: 1]
[poisson_max_delta_step: 0.7]
[tweedie_variance_power: 1.5]
[lambdarank_truncation_level: 30]
[lambdarank_norm: 1]
[label_gain: ]
[lambdarank_position_bias_regularization: 0]
[eval_at: ]
[multi_error_top_k: 1]
[auc_mu_weights: ]
[num_machines: 1]
[local_listen_port: 12400]
[time_out: 120]
[machine_list_filename: ]
[machines: ]
[gpu_platform_id: -1]
[gpu_device_id: -1]
[gpu_device_id_list: ]
[gpu_use_dp: 0]
[num_gpu: 1]

end of parameters

pandas_categorical:null
