tree
version=v4
num_class=1
num_tree_per_iteration=1
label_index=0
max_feature_idx=162
objective=regression
feature_names=KMID KLEN KMID2 KUP KUP2 KLOW KLOW2 KSFT KSFT2 OPEN0 HIGH0 LOW0 VWAP0 ROC5 ROC10 ROC20 ROC30 ROC60 MA5 MA10 MA20 MA30 MA60 STD5 STD10 STD20 STD30 STD60 BETA5 BETA10 BETA20 BETA30 BETA60 RSQR5 RSQR10 RSQR20 RSQR30 RSQR60 RESI5 RESI10 RESI20 RESI30 RESI60 MAX5 MAX10 MAX20 MAX30 MAX60 MIN5 MIN10 MIN20 MIN30 MIN60 QTLU5 QTLU10 QTLU20 QTLU30 QTLU60 QTLD5 QTLD10 QTLD20 QTLD30 QTLD60 RANK5 RANK10 RANK20 RANK30 RANK60 RSV5 RSV10 RSV20 RSV30 RSV60 IMAX5 IMAX10 IMAX20 IMAX30 IMAX60 IMIN5 IMIN10 IMIN20 IMIN30 IMIN60 IMXD5 IMXD10 IMXD20 IMXD30 IMXD60 CORR5 CORR10 CORR20 CORR30 CORR60 CORD5 CORD10 CORD20 CORD30 CORD60 CNTP5 CNTP10 CNTP20 CNTP30 CNTP60 CNTN5 CNTN10 CNTN20 CNTN30 CNTN60 CNTD5 CNTD10 CNTD20 CNTD30 CNTD60 SUMP5 SUMP10 SUMP20 SUMP30 SUMP60 SUMN5 SUMN10 SUMN20 SUMN30 SUMN60 SUMD5 SUMD10 SUMD20 SUMD30 SUMD60 VMA5 VMA10 VMA20 VMA30 VMA60 VSTD5 VSTD10 VSTD20 VSTD30 VSTD60 WVMA5 WVMA10 WVMA20 WVMA30 WVMA60 VSUMP5 VSUMP10 VSUMP20 VSUMP30 VSUMP60 VSUMN5 VSUMN10 VSUMN20 VSUMN30 VSUMN60 VSUMD5 VSUMD10 VSUMD20 VSUMD30 VSUMD60 ORC_TREND_PATH_CROWD_20 ORC_TREND_ACCEL_UNCROWDED_5_20 ORC_TREND_STREAK_EXHAUST_12 ORC_TREND_RSQR_STRESS_20 ORC_TREND_ACCEL_GAP_10_30
feature_infos=[-0.16749253869056702:0.24100260436534882] [0:0.49935737252235413] [-1:1] [0:0.27153289318084717] [0:1] [0:0.2003205418586731] [0:1] [-0.31147539615631104:0.23587034642696381] [-1:1] [0.80580008029937744:1.2011904716491699] [1:1.365384578704834] [0.79261672496795654:1] [0.90894031524658203:1.0927579402923584] [0.57777780294418335:1.6790908575057983] [0.54954206943511963:1.8924485445022583] [0.46860837936401367:2.2146341800689697] [0.46312057971954346:2.740487813949585] [0.36440131068229675:2.649662971496582] [0.74611109495162964:1.3455072641372681] [0.65066665410995483:1.4951817989349365] [0.60133224725723267:1.7117466926574707] [0.56646168231964111:1.9959673881530762] [0.4937971830368042:1.8649090528488159] [0:0.26957115530967712] [0:0.32280367612838745] [0:0.36472421884536743] [0:0.57258552312850952] [0:0.50059491395950317] [-0.16409091651439667:0.12254486232995987] [-0.11048160493373871:0.12254486232995987] [-0.11048160493373871:0.12254486232995987] [-0.11048160493373871:0.12254486232995987] [-0.11048160493373871:0.12254486232995987] [0:1] [0:1] [0:1] [0:1] [0:1] [-0.15193372964859009:0.13264167308807373] [-0.24554997682571411:0.20802642405033112] [-0.40848860144615173:0.27864286303520203] [-0.44566619396209717:0.33016127347946167] [-0.96870207786560059:0.3971981406211853] [1:1.6472727060317993] [1:1.9298244714736938] [1:2.2439024448394775] [1:3.3160974979400635] [1:3.3160974979400635] [0.5718809962272644:1] [0.54045307636260986:1] [0.4660193920135498:1] [0.43721681833267212:1] [0.34664765000343323:1] [0.86488890647888184:1.4843636751174927] [0.72140765190124512:1.7869091033935547] [0.59200000762939453:2.054157018661499] [0.56569522619247437:2.423609733581543] [0.56576049327850342:2.3250908851623535] [0.60694897174835205:1.2689855098724365] [0.54922223091125488:1.4057971239089966] [0.49352750182151794:1.5574545860290527] [0.47533980011940002:1.5740000009536743] [0.39857602119445801:1.5950908660888672] [0.20000000298023224:1] [0.10000000149011612:1] [0.05000000074505806:1] [0.033333335071802139:1] [0.01666666753590107:1] [0:1] [0:1] [0:1] [0:1] [0:1] [0.20000000298023224:1] [0.10000000149011612:1] [0.05000000074505806:1] [0.033333335071802139:1] [0.01666666753590107:1] [0.20000000298023224:1] [0.10000000149011612:1] [0.05000000074505806:1] [0.033333335071802139:1] [0.01666666753590107:1] [-0.80000001192092896:0.80000001192092896] [-0.89999997615814209:0.89999997615814209] [-0.94999998807907104:0.94999998807907104] [-0.96666663885116577:0.96666663885116577] [-0.98333334922790527:0.98333334922790527] [-1:1] [-1:1] [-1:1] [-1:1] [-1:1] [-1:1] [-1:1] [-1:1] [-1:1] [-1:1] [0:1] [0:1] [0:0.89999997615814209] [0:0.89999997615814209] [0:0.89999997615814209] [0:1] [0:1] [0:0.89999997615814209] [0:0.8571428656578064] [0:0.8571428656578064] [-1:1] [-1:1] [-0.8571428656578064:0.89999997615814209] [-0.8571428656578064:0.89999997615814209] [-0.8571428656578064:0.89999997615814209] [0:1] [0:1] [0:1] [0:1] [0:1] [0:1] [0:1] [0:1] [0:1] [0:1] [-1:1] [-1:1] [-1:1] [-1:1] [-1:1] [0.20013266801834106:26452.083984375] [0.10012400150299072:23627.859375] [0.050104878842830658:12145.7685546875] [0.034610312432050705:10268.4287109375] [0.017187755554914474:8419.4609375] [0.00080492562847211957:59102.5] [0.0021778203081339598:49210.34375] [0.0021778203081339598:42161.07421875] [0.0021778203081339598:37016.7265625] [0.0021778203081339598:26455.013671875] [0:2.2360680103302002] [0:3.1615598201751709] [0:4.4708261489868164] [0:5.4611344337463379] [0:7.5986995697021484] [0:1] [0:1] [0:1] [0:1] [0:1] [0:1] [0:1] [0:1] [0:1] [0:1] [-1:1] [-1:1] [-1:1] [-1:1] [-1:1] [-0.39993909001350403:2.8038227558135986] [-0.084833331406116486:0.083563074469566345] [-3.7620944976806641:5.0776824951171875] [0:1.8427994251251221] [-78937640:8421699]
tree_sizes=3112 3099 3035 3048 3113 3024

Tree=0
num_leaves=31
num_cat=0
split_feature=56 30 11 41 38 17 36 3 79 28 35 1 121 41 90 32 52 77 160 30 6 22 81 11 137 37 38 38 36 38
split_gain=212.232 135.589 175.23 168.707 152.447 246.652 131.906 108.3 170.158 100.984 78.1111 72.5071 107.641 71.8793 69.305 67.818 69.4779 65.7231 62.7021 61.3229 53.4788 80.169 59.8027 57.7289 53.3947 52.4862 51.6596 50.2425 46.1109 45.9881
threshold=1.1804987788200381 -0.00032910650770645583 0.9256669580936433 -0.062654282897710786 -0.015565030742436646 0.74951386451721203 0.65141305327415477 0.020594920031726364 0.15000000223517421 -0.02423092350363731 0.88953819870948803 0.054401578381657607 0.62724739313125621 0.091741211712360396 0.48827464878559118 -0.0050270666833966962 0.81463208794593822 0.075000002980232253 -0.045402787625789635 0.0025192541070282464 0.1666650399565697 0.97251054644584667 0.083333335816860213 0.9891696870326997 0.60163086652755748 0.68884089589118969 -0.0087611419148743135 -9.2288264568196596e-05 0.49963878095149999 -0.00029686579364351923
decision_type=10 8 8 8 8 8 10 10 2 10 10 10 10 10 10 10 10 2 10 10 10 10 2 10 10 10 10 10 10 10
left_child=1 15 14 6 5 10 26 13 -9 -8 -5 17 -13 -6 -3 -1 20 -2 -11 -7 21 23 25 -17 -18 -22 -4 -24 -28 -19
right_child=11 2 3 4 7 19 9 8 -10 18 -12 12 -14 -15 -16 16 24 29 -20 -21 22 -23 27 -25 -26 -27 28 -29 -30 -31
leaf_value=0.002441789234590438 -0.0037234341056744209 3.2049715509296416e-10 -0.0054164594738020967 -0.010444640060648644 0.00028304415833795395 -0.0066650195114494465 -0.0044969484556574577 0.011613692178296976 3.2049715509296416e-10 3.2049715509296416e-10 -0.02839615002262294 0.00016999668458470024 0.015258763340180875 0.0070605195626544633 -0.018296880085475597 -0.0074895894364308321 -0.0011332234165354633 0.0087187894756738053 0.015650365072120233 0.00087820998639219516 -0.010687653044402255 -0.013099229991182159 0.0043096780922217926 0.00041939362382823777 9.9731033212099274e-05 -0.00059982382666651029 0.0099531255938306567 -0.002529726257217924 -0.00039320058740234797 0.0012087225533242867
leaf_weight=5557 920 247 742 1354 195966 1236 283 1967 2626 249 295 688 1303 1403 610 1543 99469 1614 1734 4073 939 1057 1862 1626 45701 1036 654 1926 787 1538
leaf_count=5557 920 247 742 1354 195966 1236 283 1967 2626 249 295 688 1303 1403 610 1543 99469 1614 1734 4073 939 1057 1862 1626 45701 1036 654 1926 787 1538
internal_value=-4.4231e-05 -0.000135188 0.000357971 0.0004143 0.000289393 -0.00406599 0.00618513 0.000441318 0.00498992 0.0112325 -0.0141376 0.00551329 0.0102475 0.000333452 -0.0130141 -0.000794373 -0.000912508 0.00308643 0.0136496 -0.000840073 -0.00333886 -0.00591705 -0.00138248 -0.00336027 -0.00074305 -0.00560545 0.000755221 0.000758395 0.00416913 0.0051796
internal_weight=381005 374942 214226 213369 208920 6958 4449 201962 4593 2266 1649 6063 1991 197369 857 160716 155159 4072 1983 5309 9989 4226 5763 3169 145170 1975 2183 3788 1441 3152
internal_count=381005 374942 214226 213369 208920 6958 4449 201962 4593 2266 1649 6063 1991 197369 857 160716 155159 4072 1983 5309 9989 4226 5763 3169 145170 1975 2183 3788 1441 3152
is_linear=0
shrinkage=1


Tree=1
num_leaves=31
num_cat=0
split_feature=56 30 41 11 38 17 1 86 71 14 35 50 1 116 32 1 103 139 49 38 34 37 86 161 0 121 46 34 30 30
split_gain=171.334 136.912 164.071 142.72 108.964 185.831 128.198 134.761 94.7391 115.201 90.5148 84.1338 80.933 96.5714 76.0633 79.8185 59.0596 73.1761 54.3594 52.6279 52.5226 49.2482 47.306 55.5745 55.3957 45.043 72.7718 45.0341 70.0294 44.995
threshold=1.1804987788200381 -0.00032910650770645583 -0.075394101440906511 0.9256669580936433 -0.015565030742436646 0.74246636033058178 0.029530177824199203 0.78333333134651195 0.57392868399620067 0.94922077655792247 0.88953819870948803 0.95900380611419689 0.054401578381657607 0.35502959787845617 -0.0050270666833966962 0.022332529537379745 0.77500000596046459 0.82667464017868053 0.88619264960289013 0.0167822539806366 0.74274548888206493 0.82187694311141979 -0.81666666269302357 1.2732207179069521 0.017326733097434047 0.42755126953125006 1.0566577315330508 0.81965565681457531 0.0067619027104228744 -0.0071770725771784774
decision_type=10 8 8 8 8 8 10 2 10 8 10 10 10 10 10 10 2 10 10 8 10 10 2 10 10 10 10 10 10 10
left_child=1 14 8 18 5 10 11 -8 -3 -10 -5 -6 16 -14 21 25 -2 -18 27 22 -7 -1 23 -17 -24 26 -16 28 -4 -23
right_child=12 2 3 4 6 20 7 -9 9 -11 -12 -13 13 -15 15 19 17 -19 -20 -21 -22 29 24 -25 -26 -27 -28 -29 -30 -31
leaf_value=-0.00030066534905846923 0.0054364020810683889 0.0032074305185827573 -0.0047572153452575313 -0.0084556500142949145 -0.00027497867048624427 -0.0024920536519661488 0.00090608965206326266 0.0048315463337992269 -0.0076384494580781538 0.020627650851564996 -0.028261400666877681 0.0012038760249608055 0.015652617988771766 0.0018078552192755542 -0.0002664064851314088 -0.0045820006622247925 -0.0095192860405374728 0.0031229924041490018 0.0028134858559887032 0.0014768991828412056 0.0038256707297276652 0.00081216269285589371 -0.0009397798203294661 0.0052411671215136131 -0.0037362574802824898 -0.00023674024060942424 -0.0072360386822719874 0 -0.027959846844590654 0.008438182552401103
leaf_weight=2516 2457 1405 248 1318 117106 4020 26371 11374 128 751 263 49044 1140 842 3679 9162 655 996 146 3804 1637 1323 26909 505 8559 100305 2201 122 320 1726
leaf_count=2516 2457 1405 248 1318 117106 4020 26371 11374 128 751 263 49044 1140 842 3679 9162 655 996 146 3804 1637 1323 26909 505 8559 100305 2201 122 320 1726
internal_value=1.26268e-05 -6.77865e-05 0.000427783 0.000339727 0.00039063 -0.00321582 0.000520428 0.00209885 0.00839584 0.0160995 -0.0122496 0.000159835 0.00499653 0.00999771 -0.000730386 -0.000855599 0.00247418 -0.00176694 -0.0118743 -0.00185938 -0.000603974 0.00269674 -0.00214774 -0.00402811 -0.00162479 -0.000389884 -0.00294181 -0.0153964 -0.0188457 0.00525376
internal_weight=381032 374942 214253 211969 211133 7238 203895 37745 2284 879 1581 166150 6090 1982 160689 155124 4108 1651 836 48939 5657 5565 45135 9667 35468 106185 5880 690 568 3049
internal_count=381032 374942 214253 211969 211133 7238 203895 37745 2284 879 1581 166150 6090 1982 160689 155124 4108 1651 836 48939 5657 5565 45135 9667 35468 106185 5880 690 568 3049
is_linear=0
shrinkage=0.03


Tree=2
num_leaves=31
num_cat=0
split_feature=46 29 58 11 31 20 38 117 61 3 58 50 32 1 121 51 57 25 59 33 113 38 73 34 35 15 15 11 35 79
split_gain=176.176 129.407 198.225 130.603 105.36 124.641 102.147 190.317 142.518 118.823 108.457 111.614 102.319 95.2712 111.879 89.1054 85.9968 83.0914 75.2372 93.1532 70.4186 69.4335 83.5919 68.7634 64.9983 67.6896 64.1351 61.773 59.7765 56.4074
threshold=1.2150713205337527 -0.0014479957171715794 0.92648246884346019 0.9256669580936433 0.0079750544391572493 0.96922236680984508 -0.015565030742436646 0.65087303519248974 0.82372957468032848 0.0092436862178146856 0.92648246884346019 0.81447139382362377 0.0047123893164098271 0.056460404768586166 0.64655169844627391 0.9207439422607423 1.1696498990058901 0.01273239078000188 0.9899912178516389 0.73093944787979137 0.75757536292076122 0.018867933191359047 0.30000000447034841 0.099021691828966155 0.8273083269596101 1.0271561145782473 0.75612297654151928 0.98191311955451976 0.65942353010177623 0.84999999403953563
decision_type=10 8 10 8 10 10 8 10 8 10 10 10 10 10 8 10 10 10 10 10 10 8 10 10 10 10 8 10 10 2
left_child=1 2 20 -3 21 -6 7 15 9 26 28 -12 -11 -2 -15 23 17 -10 -7 -20 -1 24 -23 -5 25 -4 -8 -26 -9 -24
right_child=13 3 4 6 5 18 8 10 16 12 11 -13 -14 14 -16 -17 -18 -19 19 -21 -22 22 29 -25 27 -27 -28 -29 -30 -31
leaf_value=-0.023351022871663317 0.0021580503520346457 -0.011677949509442851 -0.00053102499016774115 0.010156256580533493 -0.00098093343893558365 -0.0048287276237490859 -0.0059392591821012921 -0.0063219085981550266 0.0014294190242399247 0.0038429068454128665 -0.024865156209362513 -0.0073767360394797997 0.014550525113977086 0.0024264250837250146 0.015394317111679412 -0.0065365382678861739 0.004771105094974029 -5.0209788268670457e-05 0.025898989872543732 0.00083922534880995995 0.00021372100953556542 0 0 0 -0.0039333041722625136 -0.0020301719442318948 0.0027811005733204366 0.0016547159492495361 0.022533578871283679 0.014291393293686306
leaf_weight=456 9600 793 57218 701 871 116 864 102 42372 2016 587 929 1468 1323 1198 1594 3823 174133 478 219 117 2556 410 3775 2029 52743 4858 12674 100 776
leaf_count=456 9600 793 57218 701 871 116 864 102 42372 2016 587 929 1468 1323 1198 1594 3823 174133 478 219 117 2556 410 3775 2029 52743 4858 12674 100 776
internal_value=1.56983e-05 -0.000100569 -0.00085975 0.000314801 -0.000778333 0.00661241 0.000357119 -0.00301218 0.000472997 0.00412868 -0.0117727 -0.0145792 0.00849753 0.00357214 0.0087796 -0.000452904 0.000318528 0.000238087 0.0149359 0.0186866 -0.0181885 -0.000878611 0.00311821 0.00166632 -0.00100147 -0.00125306 0.00139601 0.000858903 0.00735476 0.00962874
internal_weight=380899 368778 130663 238115 130090 1684 237322 7788 229534 9206 1718 1516 3484 12121 2521 6070 220328 216505 813 697 573 128406 3742 4476 124664 109961 5722 14703 202 1186
internal_count=380899 368778 130663 238115 130090 1684 237322 7788 229534 9206 1718 1516 3484 12121 2521 6070 220328 216505 813 697 573 128406 3742 4476 124664 109961 5722 14703 202 1186
is_linear=0
shrinkage=0.03


Tree=3
num_leaves=31
num_cat=0
split_feature=16 41 36 29 38 57 38 127 3 16 23 78 59 1 41 38 53 33 30 1 38 39 35 1 126 126 121 29 125 158
split_gain=164.882 115.592 185.485 123.665 135.936 117.221 136.101 138.984 122.153 100.682 90.0327 58.5444 77.4059 57.3788 85.2358 63.6277 54.5886 49.0628 49.4648 48.3761 45.5338 51.7685 49.0163 50.3677 44.2357 42.7659 42.3227 39.9509 39.3664 39.2244
threshold=1.2240124940872195 -0.066257402300834642 0.65880101919174205 -0.0015494996332563458 0.032790759578347213 1.179338335990906 -0.015565030742436646 0.30156457424163824 0.016169439069926742 0.75193247199058544 0.050183530896902091 0.70000001788139354 0.99072846770286571 0.016935322433710102 -0.031978912651538842 0.0167822539806366 1.0022557377815249 0.97743725776672374 -0.005601584678515791 0.054401578381657607 -0.010229030624032019 -0.034364383667707436 0.47313420474529272 0.061432123184204109 -0.2864320427179336 -0.2864320427179336 0.39087939262390142 -0.0056175149511545888 -0.31360948085784907 0.13610229641199115
decision_type=10 8 10 8 10 10 8 10 10 8 10 10 10 10 10 8 10 10 10 10 10 10 10 10 10 10 10 10 10 8
left_child=1 2 20 9 5 6 7 -5 -8 -3 11 12 -4 -11 16 -16 -15 18 19 -2 22 -22 27 -24 -21 -7 -12 -1 -27 -6
right_child=17 3 10 4 29 25 8 -9 -10 13 26 -13 -14 14 15 -17 -18 -19 -20 24 21 -23 23 -25 -26 28 -28 -29 -30 -31
leaf_value=-0.0094758834635216057 0.0053174082612790895 -0.016506017385882085 0.0046230803381320075 -0.0014898161169494312 0 0.0098807684308849265 0.00018953843215919732 -0.011320875569683572 0.003678441201557582 -9.6338991436773375e-05 -0.018961660685017704 0.0098151661447883256 0.033006526993177014 -0.007049727017286205 -0.0023680348088321633 0.0013917339799543193 0.00053670563636582078 -0.011168463978088563 0 0.017333320144799338 0.011140273579790746 0.0012098389986056187 -0.0021568737366853804 0.015168077293118197 0.0020678111030390843 -0.0051201643688556344 0.0052005802853964268 0.0026580316723838191 0.004632523498829407 -0.022151571424773184
leaf_weight=949 2050 353 171 5809 107 1323 220742 1687 9415 53450 100 1321 276 869 47594 4311 20145 115 851 787 539 3879 386 204 284 403 100 270 2201 293
leaf_count=949 2050 353 171 5809 107 1323 220742 1687 9415 53450 100 1321 276 869 47594 4311 20145 115 851 787 539 3879 386 204 284 403 100 270 2201 293
internal_value=5.52847e-06 -5.88271e-05 0.0034594 -0.000138022 0.000258614 0.000289458 0.000202968 -0.00376648 0.000333869 -0.000897702 0.0114506 0.013655 0.0234538 -0.000849123 -0.00139663 -0.00204957 0.000202313 0.00598474 0.00660999 0.00834882 0.000857249 0.0025337 -0.00305596 0.00364256 0.0136724 0.00542003 -0.00614241 -0.00654665 0.00298133 -0.0167818
internal_weight=380984 376897 8195 368702 241980 241580 237653 7496 230157 126722 1968 1768 447 126369 72919 51905 21014 4087 3972 3121 6227 4418 1809 590 1071 3927 200 1219 2604 400
internal_count=380984 376897 8195 368702 241980 241580 237653 7496 230157 126722 1968 1768 447 126369 72919 51905 21014 4087 3972 3121 6227 4418 1809 590 1071 3927 200 1219 2604 400
is_linear=0
shrinkage=0.03


Tree=4
num_leaves=31
num_cat=0
split_feature=56 39 30 28 72 44 62 82 16 99 35 33 9 26 74 40 10 52 27 35 116 1 23 37 7 35 14 46 35 5
split_gain=136.244 138.093 128.358 123.008 121.443 112.374 110.556 108.411 94.4574 93.2332 91.2041 81.0518 80.9843 80.5633 79.5634 77.3812 73.8609 65.9943 64.364 63.1724 62.0682 61.1952 60.3788 58.9497 56.6753 56.5535 60.7886 52.5054 50.1152 49.7259
threshold=1.1804987788200381 0.06152723357081414 -0.00032910650770645583 -0.0093749975785613043 0.61710873246192943 1.038013815879822 0.68379566073417675 0.15833333879709247 0.93512234091758739 0.76388889551162731 0.87458047270774852 0.92857086658477794 0.98186922073364269 0.051901854574680335 0.45000000298023229 -0.044551774859428399 1.0238640904426577 0.97883838415145885 0.063383776694536223 0.80472061038017284 0.38532115519046789 0.065133091062307372 0.054520979523658759 0.812481850385666 0.02911515906453133 0.20532457530498507 1.0022844076156618 1.0222458243370058 0.80472061038017284 0.010648849885910751
decision_type=10 10 8 8 10 10 10 2 8 2 10 10 10 10 2 10 10 10 10 10 10 10 10 10 10 10 10 10 10 10
left_child=1 2 8 4 -4 16 -3 12 25 10 -7 20 -6 19 22 -9 24 -13 -16 27 21 28 -15 -18 -5 26 -1 -10 -2 -11
right_child=11 6 3 5 7 9 -8 15 13 29 -12 17 -14 14 18 -17 23 -19 -20 -21 -22 -23 -24 -25 -26 -27 -28 -29 -30 -31
leaf_value=-0.0058782715749102722 0.009252389300897371 -0.031122465428788697 0.00076986416597624803 0.00029923171896462108 -0.0089502339807653545 -0.0011423496639335244 -0.0057207554245744035 0.015623821445000302 0.0021863909328568021 0.0016718556358527134 -0.0088282406294339089 0.0082981439886832785 0.0042568883775327224 -0.00027658053208214653 -0.0005644303728577374 0.0057001605567247524 0.0020946336930155502 -0.0093310438108795083 0.006702330048837018 0.00090158055404275246 -0.0001575511802507184 0.014613580128361212 0.017337954111418193 0.009325516000866391 0.0026397466099959094 -0.0084825171067185595 0.0017746444811594106 -0.0011608940419187753 0.0015125115192761048 0.014121870011356001
leaf_weight=1870 1565 177 9032 140953 473 39085 1051 1367 4297 850 1437 241 2464 10873 1466 1810 4319 608 3594 17041 1126 895 158 1392 10008 2072 1749 117271 1661 483
leaf_count=1870 1565 177 9032 140953 473 39085 1051 1367 4297 850 1437 241 2464 10873 1466 1810 4319 608 3594 17041 1126 895 158 1392 10008 2072 1749 117271 1661 483
internal_value=-2.51386e-05 -9.82981e-05 -6.42486e-05 0.000416329 0.00302202 0.000215741 -0.0100625 0.00628679 -0.000706317 -0.00116242 -0.00142653 0.00441536 0.00198229 -0.000564149 0.00143733 0.010135 0.000585934 -0.00390573 0.00454399 -0.000798837 0.00582845 0.00752934 0 0.00393583 0.000456713 -0.00450289 -0.00210788 -0.00103977 0.00539358 0.0065468
internal_weight=381388 375292 374064 213673 15146 198527 1228 6114 160391 41855 40522 6096 2937 154700 16091 3177 156672 849 5060 138609 5247 4121 11031 5711 150961 5691 3619 121568 3226 1333
internal_count=381388 375292 374064 213673 15146 198527 1228 6114 160391 41855 40522 6096 2937 154700 16091 3177 156672 849 5060 138609 5247 4121 11031 5711 150961 5691 3619 121568 3226 1333
is_linear=0
shrinkage=0.03


Tree=5
num_leaves=31
num_cat=0
split_feature=41 36 25 16 14 33 38 17 50 21 10 18 48 23 32 160 5 18 0 51 15 36 20 42 86 38 36 140 23 6
split_gain=161.6 172.687 103.641 96.6992 82.0721 88.0491 71.9178 224.048 111.326 129.128 173.132 103.824 85.8085 65.5385 65.248 63.4347 62.4841 62.178 95.3032 59.5245 59.7272 57.6559 57.5966 50.0536 45.7426 44.3584 44.254 63.5817 49.6173 43.8093
threshold=-0.066257402300834642 0.68019965291023265 0.012364850845187904 1.2240124940872195 0.95442593097686779 0.74484452605247509 -0.015565030742436646 0.74246636033058178 0.700454741716385 0.91699492931365978 1.015609920024872 0.95460566878318798 0.86031106114387523 0.02732143830507994 0.004572753095999361 0.095236916095018401 0.0096037988550961035 1.0397655963897707 -0.019379873760044571 0.87382933497428905 0.8751763403415681 0.79740875959396373 0.99846264719963085 -0.11807193607091902 0.68333333730697643 -0.009331737179309128 0.80949130654335033 0.73538267612457286 0.01701062731444836 0.32786756753921514
decision_type=8 10 10 10 8 10 8 8 10 8 10 10 10 10 10 10 10 10 10 10 8 10 8 10 2 10 10 10 10 10
left_child=1 23 22 6 16 13 7 17 11 10 -10 24 -11 14 -6 -13 -3 18 -4 20 -9 -7 -2 29 -8 -25 -5 -28 -29 -1
right_child=2 4 3 26 5 21 8 19 9 12 -12 15 -14 -15 -16 -17 -18 -19 -20 -21 -22 -23 -24 25 -26 -27 27 28 -30 -31
leaf_value=0.0023526834129963172 0.0022115842759598803 0.010212356233969331 -0.020359402694400737 0.00084977172007467342 -0.00093644636552938721 0 -0.02705980566552272 -0.0017604507848404494 0.00026408348613514318 -0.011700307827766088 0.0062816116352203662 -0.0082552966056391591 -0.00039920812912405711 0.027696011161271541 0.018411282226562457 0.013495208028066445 -0.018485187508191885 0.0054504305615966364 -0.0033491373583727953 -0.0031529772661096269 0.0059200537734622272 0.015294748691580536 0.00016829123998055335 -0.0048608939592793146 -0.0045563987970706956 0.0016216858487188666 -0.004465248505593036 -0.00043858540133046714 0.012951638515925583 0.012212881847185763
leaf_weight=1572 23987 100 970 1567 216 552 303 1756 15174 588 6052 318 285314 486 361 167 123 116 502 4467 1771 322 26438 1309 169 3275 266 256 1234 594
leaf_count=1572 23987 100 970 1567 216 552 303 1756 15174 588 6052 318 285314 486 361 167 123 116 502 4467 1771 322 26438 1309 169 3275 266 256 1234 594
internal_value=-1.94569e-05 0.00396762 -0.00011612 -0.000315496 0.0113318 0.0133476 -0.000369764 -0.00293001 -0.000288977 -0.000255795 0.00199823 -0.0104075 -0.000424317 0.0192132 0.0108772 0 -0.00460041 -0.0131609 -0.0148821 -0.000832437 0.00202319 0.00560776 0.00114672 0.00154025 -0.020125 -0.000177383 0.00475376 0.00801984 0.010477 0.00528096
internal_weight=380325 8910 371415 320990 2160 1937 317667 9582 308085 307128 21226 957 285902 1063 577 485 223 1588 1472 7994 3527 874 50425 6750 472 4584 3323 1756 1490 2166
internal_count=380325 8910 371415 320990 2160 1937 317667 9582 308085 307128 21226 957 285902 1063 577 485 223 1588 1472 7994 3527 874 50425 6750 472 4584 3323 1756 1490 2166
is_linear=0
shrinkage=0.03


end of trees

feature_importances:
RESI5=14
KLEN=9
RSQR20=9
BETA20=7
RSQR30=6
RESI30=6
LOW0=5
ROC30=4
STD5=4
BETA60=4
RSQR5=4
SUMN30=4
KUP=3
ROC10=3
ROC20=3
ROC60=3
BETA10=3
RSQR10=3
RSQR60=3
MAX30=3
MIN20=3
QTLU30=3
IMXD30=3
KMID=2
KLOW=2
KLOW2=2
HIGH0=2
MA5=2
MA20=2
STD20=2
BETA5=2
RESI10=2
MIN30=2
MIN60=2
QTLU60=2
QTLD5=2
QTLD10=2
IMIN10=2
SUMP30=2
SUMD30=2
ORC_TREND_STREAK_EXHAUST_12=2
KSFT=1
OPEN0=1
MA30=1
MA60=1
STD30=1
STD60=1
BETA30=1
RESI20=1
RESI60=1
MAX10=1
MIN5=1
MIN10=1
QTLU5=1
QTLD30=1
QTLD60=1
RSV30=1
RSV60=1
IMAX5=1
IMAX10=1
IMAX60=1
IMIN5=1
IMIN30=1
IMIN60=1
CORR20=1
CNTP10=1
CNTN5=1
SUMP5=1
SUMP60=1
SUMD20=1
SUMD60=1
VSTD60=1
WVMA10=1
WVMA20=1
ORC_TREND_PATH_CROWD_20=1
ORC_TREND_RSQR_STRESS_20=1

parameters:
[boosting: gbdt]
[objective: regression]
[metric: l2]
[tree_learner: serial]
[device_type: cpu]
[data_sample_strategy: bagging]
[data: ]
[valid: ]
[num_iterations: 500]
[learning_rate: 0.03]
[num_leaves: 31]
[num_threads: 12]
[seed: 20260813]
[deterministic: 1]
[force_col_wise: 1]
[force_row_wise: 0]
[histogram_pool_size: -1]
[max_depth: 7]
[min_data_in_leaf: 100]
[min_sum_hessian_in_leaf: 0.001]
[bagging_fraction: 0.8]
[pos_bagging_fraction: 1]
[neg_bagging_fraction: 1]
[bagging_freq: 1]
[bagging_seed: 20260813]
[bagging_by_query: 0]
[feature_fraction: 0.8]
[feature_fraction_bynode: 1]
[feature_fraction_seed: 20260813]
[extra_trees: 0]
[extra_seed: 13549]
[early_stopping_round: 0]
[early_stopping_min_delta: 0]
[first_metric_only: 0]
[max_delta_step: 0]
[lambda_l1: 10]
[lambda_l2: 20]
[linear_lambda: 0]
[min_gain_to_split: 0]
[drop_rate: 0.1]
[max_drop: 50]
[skip_drop: 0.5]
[xgboost_dart_mode: 0]
[uniform_drop: 0]
[drop_seed: 11866]
[top_rate: 0.2]
[other_rate: 0.1]
[min_data_per_group: 100]
[max_cat_threshold: 32]
[cat_l2: 10]
[cat_smooth: 10]
[max_cat_to_onehot: 4]
[top_k: 20]
[monotone_constraints: ]
[monotone_constraints_method: basic]
[monotone_penalty: 0]
[feature_contri: ]
[forcedsplits_filename: ]
[refit_decay_rate: 0.9]
[cegb_tradeoff: 1]
[cegb_penalty_split: 0]
[cegb_penalty_feature_lazy: ]
[cegb_penalty_feature_coupled: ]
[path_smooth: 0]
[interaction_constraints: ]
[verbosity: 1]
[saved_feature_importance_type: 0]
[use_quantized_grad: 0]
[num_grad_quant_bins: 4]
[quant_train_renew_leaf: 0]
[stochastic_rounding: 1]
[linear_tree: 0]
[max_bin: 255]
[max_bin_by_feature: ]
[min_data_in_bin: 3]
[bin_construct_sample_cnt: 200000]
[data_random_seed: 20260812]
[is_enable_sparse: 1]
[enable_bundle: 1]
[use_missing: 1]
[zero_as_missing: 0]
[feature_pre_filter: 1]
[pre_partition: 0]
[two_round: 0]
[header: 0]
[label_column: ]
[weight_column: ]
[group_column: ]
[ignore_column: ]
[categorical_feature: ]
[forcedbins_filename: ]
[precise_float_parser: 0]
[parser_config_file: ]
[objective_seed: 16743]
[num_class: 1]
[is_unbalance: 0]
[scale_pos_weight: 1]
[sigmoid: 1]
[boost_from_average: 1]
[reg_sqrt: 0]
[alpha: 0.9]
[fair_c: 1]
[poisson_max_delta_step: 0.7]
[tweedie_variance_power: 1.5]
[lambdarank_truncation_level: 30]
[lambdarank_norm: 1]
[label_gain: ]
[lambdarank_position_bias_regularization: 0]
[eval_at: ]
[multi_error_top_k: 1]
[auc_mu_weights: ]
[num_machines: 1]
[local_listen_port: 12400]
[time_out: 120]
[machine_list_filename: ]
[machines: ]
[gpu_platform_id: -1]
[gpu_device_id: -1]
[gpu_device_id_list: ]
[gpu_use_dp: 0]
[num_gpu: 1]

end of parameters

pandas_categorical:null
