tree
version=v4
num_class=1
num_tree_per_iteration=1
label_index=0
max_feature_idx=162
objective=regression
feature_names=KMID KLEN KMID2 KUP KUP2 KLOW KLOW2 KSFT KSFT2 OPEN0 HIGH0 LOW0 VWAP0 ROC5 ROC10 ROC20 ROC30 ROC60 MA5 MA10 MA20 MA30 MA60 STD5 STD10 STD20 STD30 STD60 BETA5 BETA10 BETA20 BETA30 BETA60 RSQR5 RSQR10 RSQR20 RSQR30 RSQR60 RESI5 RESI10 RESI20 RESI30 RESI60 MAX5 MAX10 MAX20 MAX30 MAX60 MIN5 MIN10 MIN20 MIN30 MIN60 QTLU5 QTLU10 QTLU20 QTLU30 QTLU60 QTLD5 QTLD10 QTLD20 QTLD30 QTLD60 RANK5 RANK10 RANK20 RANK30 RANK60 RSV5 RSV10 RSV20 RSV30 RSV60 IMAX5 IMAX10 IMAX20 IMAX30 IMAX60 IMIN5 IMIN10 IMIN20 IMIN30 IMIN60 IMXD5 IMXD10 IMXD20 IMXD30 IMXD60 CORR5 CORR10 CORR20 CORR30 CORR60 CORD5 CORD10 CORD20 CORD30 CORD60 CNTP5 CNTP10 CNTP20 CNTP30 CNTP60 CNTN5 CNTN10 CNTN20 CNTN30 CNTN60 CNTD5 CNTD10 CNTD20 CNTD30 CNTD60 SUMP5 SUMP10 SUMP20 SUMP30 SUMP60 SUMN5 SUMN10 SUMN20 SUMN30 SUMN60 SUMD5 SUMD10 SUMD20 SUMD30 SUMD60 VMA5 VMA10 VMA20 VMA30 VMA60 VSTD5 VSTD10 VSTD20 VSTD30 VSTD60 WVMA5 WVMA10 WVMA20 WVMA30 WVMA60 VSUMP5 VSUMP10 VSUMP20 VSUMP30 VSUMP60 VSUMN5 VSUMN10 VSUMN20 VSUMN30 VSUMN60 VSUMD5 VSUMD10 VSUMD20 VSUMD30 VSUMD60 ORC_TREND_PATH_CROWD_20 ORC_TREND_ACCEL_UNCROWDED_5_20 ORC_TREND_STREAK_EXHAUST_12 ORC_TREND_RSQR_STRESS_20 ORC_TREND_ACCEL_GAP_10_30
feature_infos=[-0.16749253869056702:0.24100260436534882] [0:0.49935737252235413] [-1:1] [0:0.27153289318084717] [0:1] [0:0.2003205418586731] [0:1] [-0.31147539615631104:0.23587034642696381] [-1:1] [0.80580008029937744:1.2011904716491699] [1:1.365384578704834] [0.79261672496795654:1] [0.90894031524658203:1.0927579402923584] [0.57777780294418335:1.6790908575057983] [0.54954206943511963:1.8924485445022583] [0.46860837936401367:2.2146341800689697] [0.46312057971954346:2.740487813949585] [0.36440131068229675:2.649662971496582] [0.74611109495162964:1.3455072641372681] [0.65066665410995483:1.4951817989349365] [0.60133224725723267:1.7117466926574707] [0.56646168231964111:1.9959673881530762] [0.4937971830368042:1.8649090528488159] [0:0.26957115530967712] [0:0.32280367612838745] [0:0.36472421884536743] [0:0.57258552312850952] [0:0.50059491395950317] [-0.16409091651439667:0.12254486232995987] [-0.11048160493373871:0.12254486232995987] [-0.11048160493373871:0.12254486232995987] [-0.11048160493373871:0.12254486232995987] [-0.11048160493373871:0.12254486232995987] [0:1] [0:1] [0:1] [0:1] [0:1] [-0.15193372964859009:0.13264167308807373] [-0.24554997682571411:0.20802642405033112] [-0.40848860144615173:0.27864286303520203] [-0.44566619396209717:0.33016127347946167] [-0.96870207786560059:0.3971981406211853] [1:1.6472727060317993] [1:1.9298244714736938] [1:2.2439024448394775] [1:3.3160974979400635] [1:3.3160974979400635] [0.5718809962272644:1] [0.54045307636260986:1] [0.4660193920135498:1] [0.43721681833267212:1] [0.34664765000343323:1] [0.86488890647888184:1.4843636751174927] [0.72140765190124512:1.7869091033935547] [0.59200000762939453:2.054157018661499] [0.56569522619247437:2.423609733581543] [0.56576049327850342:2.3250908851623535] [0.60694897174835205:1.2689855098724365] [0.54922223091125488:1.4057971239089966] [0.49352750182151794:1.5574545860290527] [0.47533980011940002:1.5740000009536743] [0.39857602119445801:1.5950908660888672] [0.20000000298023224:1] [0.10000000149011612:1] [0.05000000074505806:1] [0.033333335071802139:1] [0.01666666753590107:1] [0:1] [0:1] [0:1] [0:1] [0:1] [0.20000000298023224:1] [0.10000000149011612:1] [0.05000000074505806:1] [0.033333335071802139:1] [0.01666666753590107:1] [0.20000000298023224:1] [0.10000000149011612:1] [0.05000000074505806:1] [0.033333335071802139:1] [0.01666666753590107:1] [-0.80000001192092896:0.80000001192092896] [-0.89999997615814209:0.89999997615814209] [-0.94999998807907104:0.94999998807907104] [-0.96666663885116577:0.96666663885116577] [-0.98333334922790527:0.98333334922790527] [-1:1] [-1:1] [-1:1] [-1:1] [-1:1] [-1:1] [-1:1] [-1:1] [-1:1] [-1:1] [0:1] [0:1] [0:0.89999997615814209] [0:0.89999997615814209] [0:0.89999997615814209] [0:1] [0:1] [0:0.89999997615814209] [0:0.8571428656578064] [0:0.8571428656578064] [-1:1] [-1:1] [-0.8571428656578064:0.89999997615814209] [-0.8571428656578064:0.89999997615814209] [-0.8571428656578064:0.89999997615814209] [0:1] [0:1] [0:1] [0:1] [0:1] [0:1] [0:1] [0:1] [0:1] [0:1] [-1:1] [-1:1] [-1:1] [-1:1] [-1:1] [0.20013266801834106:26452.083984375] [0.10012400150299072:23627.859375] [0.050104878842830658:12145.7685546875] [0.034610312432050705:10268.4287109375] [0.017187755554914474:8419.4609375] [0.00080492562847211957:59102.5] [0.0021778203081339598:49210.34375] [0.0021778203081339598:42161.07421875] [0.0021778203081339598:37016.7265625] [0.0021778203081339598:26455.013671875] [0:2.2360680103302002] [0:3.1615598201751709] [0:4.4708261489868164] [0:5.4611344337463379] [0:7.5986995697021484] [0:1] [0:1] [0:1] [0:1] [0:1] [0:1] [0:1] [0:1] [0:1] [0:1] [-1:1] [-1:1] [-1:1] [-1:1] [-1:1] [-0.39993909001350403:2.8038227558135986] [-0.084833331406116486:0.083563074469566345] [-3.7620944976806641:5.0776824951171875] [0:1.8427994251251221] [-78937640:8421699]
tree_sizes=3101 3091 3042 3047 3009 3092 3104 3103 3000 3087 3005 3025 3043 2972

Tree=0
num_leaves=31
num_cat=0
split_feature=16 40 25 27 38 48 34 39 62 29 57 38 30 38 35 30 1 81 11 86 60 138 116 82 38 117 121 119 76 128
split_gain=190.239 130.16 128.043 120.884 151.534 120.008 106.762 106.624 124.975 91.0648 137.965 89.5647 79.9167 75.6056 76.5768 60.0289 68.9917 59.2318 90.2366 82.54 57.3801 55.9775 54.1227 52.0907 50.9176 43.3602 42.1628 64.6935 40.7589 38.5667
threshold=1.2240124940872195 -0.048549711704254143 0.01273239078000188 0.072482060641050353 -0.016385068185627457 0.94386580586433422 0.20541002601385119 0.06152723357081414 0.68379566073417675 -0.00058581697521731247 1.179338335990906 -0.015565030742436646 -0.0054647093638777724 0.020238649100065235 0.82400292158126842 -0.0071770725771784774 0.054401578381657607 0.15000000596046451 0.99713197350502025 0.48333333432674414 0.99200001358985912 0.93116387724876415 0.35726498067379003 0.14166667312383655 0.032790759578347213 0.61352169513702404 0.36599712073802954 0.45384621620178228 0.18333333730697635 0.87852004170417797
decision_type=10 8 10 10 10 10 10 10 10 10 10 8 10 10 10 10 10 2 10 2 8 10 10 2 10 10 10 10 2 10
left_child=1 3 20 26 6 -6 23 9 -9 13 11 -11 -8 14 -4 16 21 18 -7 -19 25 -2 -18 -5 -10 -3 -1 -28 -12 -15
right_child=15 2 7 4 5 17 12 8 24 10 28 -13 -14 29 -16 -17 22 19 -20 -21 -22 -23 -24 -25 -26 -27 27 -29 -30 -31
leaf_value=0.009375246376494107 0.00041499869151065969 0.00266058523173813 -0.0013644090393884233 3.2049715509296416e-10 -0.00430680265210327 0.017335784676842401 0.010119044916951057 -0.031284630604254487 -0.0012654862326226561 -0.0034772572051296508 0.0080271496951526949 9.4788376678444852e-05 -0.012704720710870317 0.0070003072421754948 0.00079295611727532632 0.00076848483494960755 0.019297300445676093 0.010132667180143591 0.00048900059826480853 -0.0023386799420386595 0.00019673310327077706 0.011367686605764574 0.0021719893928952468 0.018078140878885526 -0.018057415939508079 -0.00063406229258948857 -0.010641796219400671 0.00013864643783223347 0.00012496477646906798 0.00051028879655304219
leaf_weight=354 1108 22910 112846 282 538 1582 137 177 935 6545 2488 166243 767 1482 16846 1308 748 1595 395 619 27853 724 272 227 192 4089 541 4229 870 2080
leaf_count=354 1108 22910 112846 282 538 1582 137 177 935 6545 2488 166243 767 1482 16846 1308 748 1595 395 619 27853 724 272 227 192 4089 541 4229 870 2080
internal_value=-2.25372e-07 -7.16126e-05 -0.000170347 0.00310014 0.00593358 0.00851579 -0.00249739 -0.000406986 -0.00891222 -0.000369596 7.64899e-05 -3.91671e-05 -0.00877698 -0.000961443 -0.00108179 0.00636382 0.00880231 0.0102457 0.0141587 0.00652186 0.00116426 0.00498147 0.0151486 0.00799843 -0.00465276 0.00215041 -0.000247783 -0.00106074 0.0060815 0.00331828
internal_weight=380982 376822 365556 11266 6142 4729 1413 310704 1304 309400 176146 172788 904 133254 129692 4160 2852 4191 1977 2214 54852 1832 1020 509 1127 26999 5124 4770 3358 3562
internal_count=380982 376822 365556 11266 6142 4729 1413 310704 1304 309400 176146 172788 904 133254 129692 4160 2852 4191 1977 2214 54852 1832 1020 509 1127 26999 5124 4770 3358 3562
is_linear=0
shrinkage=1


Tree=1
num_leaves=31
num_cat=0
split_feature=56 30 41 36 158 53 1 16 116 33 36 33 28 40 21 32 1 32 10 26 142 26 13 15 37 6 16 49 37 30
split_gain=189.006 156.643 177.95 133.329 125.715 114.279 107.193 107.03 95.6198 85.8786 77.3704 77.2611 76.1179 86.0787 70.3715 69.6494 72.2305 66.4078 63.9542 69.6695 63.6661 77.6766 123.649 59.4003 67.4777 48.08 48.0559 46.9879 46.2243 49.8987
threshold=1.1617433428764345 -0.00032910650770645583 -0.062654282897710786 0.65141305327415477 0.29288761317729956 1.0947656035423281 0.054401578381657607 0.93389651179313671 0.35502959787845617 0.92574757337570202 0.79130718111991893 0.69054347276687633 -0.015333874151110647 -0.0097219226881861669 0.91699492931365978 -0.0050270666833966962 0.022604981437325481 0.0064178896136581906 1.0188921093940737 0.031087645329535011 3.5358428955078129 0.073575835675001158 0.96488696336746227 0.95494559407234203 0.78138533234596264 0.28571669757366186 0.89030659198760997 0.93813326954841625 0.83165457844734203 -0.0071770725771784774
decision_type=10 8 8 10 10 10 10 8 10 10 10 10 8 8 8 10 10 10 10 10 10 10 8 8 10 10 10 10 10 10
left_child=1 7 3 -3 12 10 9 23 -8 11 25 -2 18 17 -15 28 -17 -14 -4 -20 21 -6 -23 -1 26 -5 -25 -26 -9 -30
right_child=6 2 4 5 20 -7 8 15 -10 -11 -12 -13 13 14 -16 16 -18 -19 19 -21 -22 22 -24 24 27 -27 -28 -29 29 -31
leaf_value=0.0019591964228606535 0.00083574529213234353 0.00088692547134893059 0.00047177814988862713 0.012630806666811706 0.0039315278531908649 -0.0082931790751659424 0.015207804460915375 -2.651508563868464e-05 0.0023990213062473386 -0.0058505432374079333 0.022214800127179975 0.0080268581867486283 -0.00036262610359624644 0.0026552224675261671 0.00053013722330832503 -0.00032708011383665022 -0.0017924341782444354 -0.0062384974713649375 -0.0030943008985653982 0.012782837463622744 -0.016601023989004527 -0.011610182196392619 0.0088214279462422336 -0.013277101651506704 -0.0082319408308779984 0 -0.0054822218125893819 0.0053597091714057375 0.0002281609454761076 0.0089433805725512624
leaf_weight=887 3512 2153 1417 961 736 207 1314 2492 982 944 677 2280 66497 16001 119770 104128 43094 1767 269 1186 427 1306 301 1168 322 420 2546 654 1063 1559
leaf_count=887 3512 2153 1417 961 736 207 1314 2492 982 944 677 2280 66497 16001 119770 104128 43094 1767 269 1186 427 1306 301 1168 322 420 2546 654 1063 1559
internal_value=3.18683e-05 -7.15564e-05 0.000456237 0.00640463 0.000328872 0.0114645 0.00431559 -0.000788994 0.00992704 0.00233477 0.0136569 0.003736 0.000415486 0.000345375 0.000783148 -0.00063694 -0.000758233 -0.000520898 0.00525581 0.00964193 -0.00598991 -0.00380499 -0.00753745 -0.00487162 -0.00623003 0.0089902 -0.00807193 0.000499117 0.00278576 0.00555212
internal_weight=381040 372008 214095 4418 209677 2265 9032 157913 2296 6736 2058 5792 206907 204035 135771 152336 147222 68264 2872 1455 2770 2343 1607 5577 4690 1381 3714 976 5114 2622
internal_count=381040 372008 214095 4418 209677 2265 9032 157913 2296 6736 2058 5792 206907 204035 135771 152336 147222 68264 2872 1455 2770 2343 1607 5577 4690 1381 3714 976 5114 2622
is_linear=0
shrinkage=0.03


Tree=2
num_leaves=31
num_cat=0
split_feature=46 39 30 38 17 40 52 48 35 1 26 121 61 32 62 49 18 52 35 22 38 38 60 38 33 59 33 76 18 1
split_gain=172.004 138.216 127.022 128.465 253.276 181.271 128.367 126.59 98.2203 97.9318 97.9033 94.3842 86.0686 173.487 84.2693 83.7522 75.18 66.1026 73.5206 63.1652 78.2652 77.0134 57.1176 51.7902 57.0261 81.6777 70.0148 63.2203 60.9901 81.4172
threshold=1.2150713205337527 0.06152723357081414 -0.00032910650770645583 -0.016385068185627457 0.74951386451721203 -0.046395618468523019 0.79742470383644115 0.94302701950073253 0.86033383011817943 0.05863295495510102 0.049847194924950607 0.64655169844627391 0.80058673024177562 0.0048434424679726371 0.66632303595542919 0.82381132245063793 1.0397655963897707 0.87902176380157482 0.84379816055297863 0.94092649221420299 -0.00047315187111962581 0.0167822539806366 1.025887191295624 -0.00041279935976490373 0.56429466605186474 0.99732151627540599 0.89108338952064525 0.050000002607703216 1.0279594063758852 0.041214739903807647
decision_type=10 10 8 8 8 8 10 10 10 10 10 10 8 10 8 10 10 10 10 10 10 10 10 10 10 10 10 2 10 10
left_child=1 2 15 4 8 6 7 -5 16 23 -3 -11 13 -7 -14 -1 -4 18 -6 20 -17 -22 -8 24 25 27 28 -2 -26 -30
right_child=9 10 3 5 17 12 22 -9 -10 11 -12 -13 14 -15 -16 19 -18 -19 -20 -21 21 -23 -24 -25 26 -27 -28 -29 29 -31
leaf_value=0.014068065045436959 0.01902267810696185 0.0028238162154393702 -0.011867373324126266 -0.0067879267736554961 0.0034680344672140613 -8.0277621402697681e-05 -0.00029259463571963917 0.011604694229618229 -0.027029736154124653 0.0029664126536871472 -0.016026879217332913 0.015560109874589417 -0.0095470439494579323 0.010736905726116165 0.00029255195552123608 0.0004263632555201953 0.0085125292500607286 -0.0063935007869766877 -0.0074251601671778845 -0.00066076714017564175 -0.0087542288317667104 0.0067825234573798583 0.010446709113869164 0 0.0044275912543655267 -0.0042348019144029976 0 0.0017109689826249176 0.022727815594579266 0.0030733822488941808
leaf_weight=321 273 311 1149 345 3276 3395 2979 2964 387 1208 807 1079 765 2122 192105 1947 157 1202 640 150475 2713 284 495 4817 925 1268 867 687 584 343
leaf_count=321 273 311 1149 345 3276 3395 2979 2964 387 1208 807 1079 765 2122 192105 1947 157 1202 640 150475 2713 284 495 4817 925 1268 867 687 584 343
internal_value=-4.6693e-06 -0.000120777 -8.76434e-05 0.000389336 -0.00365249 0.000525317 0.00534373 0.00956768 -0.0136412 0.00351844 -0.010562 0.00912151 0.000358538 0.0040499 0.000250983 -0.000738763 -0.00909973 -0.000249673 0.00158283 -0.000773081 -0.00411458 -0.00714731 0.00120279 0.00215942 0.00430923 0.000591137 0.00721982 0.00722786 0.0104847 0.0159907
internal_weight=380890 368839 367721 211981 6811 205170 6783 3309 1693 12051 1118 2287 198387 5517 192870 155740 1306 5118 3916 155419 4944 2997 3474 9764 4947 2228 2719 960 1852 927
internal_count=380890 368839 367721 211981 6811 205170 6783 3309 1693 12051 1118 2287 198387 5517 192870 155740 1306 5118 3916 155419 4944 2997 3474 9764 4947 2228 2719 960 1852 927
is_linear=0
shrinkage=0.03


Tree=3
num_leaves=31
num_cat=0
split_feature=26 158 38 25 1 13 14 31 49 33 7 33 158 1 9 109 116 30 39 114 161 49 65 86 13 17 32 81 31 1
split_gain=153.745 181.618 132.033 122.485 101.016 92.4304 90.9465 88.3918 99.7818 93.4998 88.1526 86.7426 84.8866 75.2782 74.487 73.0805 68.5588 94.6585 66.3206 66.2745 115.755 65.8224 63.6799 60.4967 115.749 70.3289 61.3272 61.6244 60.1814 64.7281
threshold=0.061014553532004363 0.15129521489143374 0.027280032634735111 0.01333036692813039 0.054401578381657607 1.1058123707771303 0.89225390553474437 0.0090355044230818766 0.95787939429283153 0.88808107376098644 0.071617439389228835 0.78529587388038646 -0.079590499401092515 0.036363644525408752 0.99505802989006054 0.76388889551162731 0.42012341320514685 -0.00085725131793878962 -0.011329904664307831 0.80392137169837963 0.19913627207279208 0.80423045158386242 0.52859479188919078 0.84999999403953563 0.94047528505325328 0.69417929649353038 -0.0050270666833966962 0.61666667461395275 0.0047557582147419461 0.028346443548798565
decision_type=8 10 10 10 10 10 8 10 10 10 10 10 8 10 10 2 8 8 8 10 8 10 10 2 10 8 8 2 10 10
left_child=3 4 5 22 7 11 10 9 -9 16 -5 13 -6 -3 15 -13 18 -18 -2 -14 -21 -15 -1 26 28 -26 27 -8 29 -25
right_child=1 2 -4 6 12 -7 23 8 -10 -11 -12 14 19 21 -16 -17 17 -19 -20 20 -22 -23 -24 24 25 -27 -28 -29 -30 -31
leaf_value=4.2730114297262497e-05 0.0096902644248344581 0 -0.01906118169529911 0.0048375763069141986 0.015619565878475369 0.021620174614662251 0.00012273127756484464 0.003959002695368208 0.017620186633699502 -0.0035942624745306136 -0.01039962121665788 0.013119772916922323 0.0035356067344771615 -0.00049081606015932016 -0.003192228370263569 -0.0080096549498876162 -0.0055794300978931604 0.0016742859663010738 0.0028263112918185292 0.039118073106111186 0.00092350439904122672 -0.011576153201016508 0.0019860916915808431 0.0026529589139477248 -0.013371247756632546 0.00055964431075081027 -0.00066562702981040806 0.0080460757036216919 0 0.016200099577919985
leaf_weight=29061 1580 1715 405 4485 812 128 2497 2701 603 2934 340 754 3765 775 764 149 1841 11996 7691 117 187 1584 32497 599 311 18565 249189 1419 637 873
leaf_count=29061 1580 1715 405 4485 812 128 2497 2701 603 2934 340 754 3765 775 764 149 1841 11996 7691 117 187 1584 32497 599 311 18565 249189 1419 637 873
internal_value=7.12546e-05 0.00181866 -0.00284393 -0.000135821 0.00268326 -0.00161296 -0.000403931 0.00200114 0.00663352 0.00139727 0.00366345 -0.00225629 0.00669824 -0.00464017 0.00337781 0.00921026 0.00204657 0.000680876 0.00404672 0.00477687 0.0180566 -0.00809514 0.00107383 -0.000476889 0.00106513 0.000300334 -0.000605997 0.00309635 0.00770218 0.0109979
internal_weight=380974 40501 6274 340473 34227 5869 278915 29346 3304 26042 4825 5741 4881 4074 1667 903 23108 13837 9271 4069 304 2359 61558 274090 20985 18876 253105 3916 2109 1472
internal_count=380974 40501 6274 340473 34227 5869 278915 29346 3304 26042 4825 5741 4881 4074 1667 903 23108 13837 9271 4069 304 2359 61558 274090 20985 18876 253105 3916 2109 1472
is_linear=0
shrinkage=0.03


Tree=4
num_leaves=31
num_cat=0
split_feature=56 30 11 41 16 1 116 41 158 3 71 14 113 11 15 33 77 125 37 32 1 90 3 14 30 161 49 86 34 1
split_gain=180.522 129.291 153.027 147.091 94.1038 86.4651 85.0908 82.2747 80.966 80.997 79.031 125.033 77.1669 74.7188 79.3803 65.7938 68.2112 63.1894 62.5363 59.6848 69.2924 58.4996 57.3149 46.7993 46.0898 45.3282 63.906 48.9031 43.2839 42.0373
threshold=1.1804987788200381 -0.00032910650770645583 0.9256669580936433 -0.075394101440906511 0.93389651179313671 0.054401578381657607 0.35502959787845617 0.091741211712360396 0.29288761317729956 0.016169439069926742 0.57392868399620067 0.94922077655792247 0.46153847873210913 0.98301765322685253 0.75612297654151928 0.97743725776672374 0.075000002980232253 0.062500007450580611 0.79403474926948558 -0.0050270666833966962 0.022471913136541847 0.48827464878559118 0.0096712093800306338 1.0670436620712282 -0.0012631859281100331 1.2200732827186587 0.98130843043327343 -0.81666666269302357 0.81011152267456066 0.039999930188059814
decision_type=10 8 8 8 8 10 10 10 10 10 10 10 10 10 8 10 2 10 10 10 10 10 10 10 10 10 10 2 10 10
left_child=1 4 21 10 17 15 -7 8 9 -5 -4 -12 -10 14 -9 16 -2 18 22 -6 -21 -3 24 -13 -1 27 -27 -22 -23 -18
right_child=5 2 3 7 19 6 -8 13 12 -11 11 23 -14 -15 -16 -17 29 -19 -20 20 25 28 -24 -25 -26 26 -28 -29 -30 -31
leaf_value=-0.013251732551695258 -0.0037953331947111917 0 0.0032395434946853579 0.00024870913378930955 0.0024801371620421782 0.015591646555899751 0.0025267139271770447 -0.0026243801555245433 0.012094253547123219 0.0030651964100618764 -0.0091032687206204759 0.023740820262723922 -0.0079908666002026212 -0.0056711840265695635 0.012910204030556018 -0.015263322040695568 0.0077149110459029478 -5.2937942634372851e-06 0.0016047706654650222 -0.00025570507239853953 -0.003803367897183137 -0.020408566690980505 0 0.0019862326000901786 -0.0036221008054580892 -2.9205281842790055e-05 0.012094273237328576 -0.001334493835544391 0 0
leaf_weight=1746 868 259 1384 197943 5502 1147 844 341 163 9649 133 593 1662 326 1228 154 2182 1961 598 104189 9485 507 592 145 754 1810 463 33753 109 877
leaf_count=1746 868 259 1384 197943 5502 1147 844 341 163 9649 133 593 1662 326 1228 154 2182 1961 598 104189 9485 507 592 145 754 1810 463 33753 109 877
internal_value=1.35974e-05 -6.87668e-05 0.00041259 0.000465777 -0.000712327 0.00513708 0.0102827 0.000382562 0.000324418 0.000381349 0.00805994 0.0151381 -0.0059227 0.00658084 0.00935465 0.00251562 0.00336265 -0.00451595 -0.00681926 -0.000571338 -0.000685811 -0.0119541 -0.00854473 0.0200275 -0.0105183 -0.00166332 0.00239341 -0.00188453 -0.0168486 0.00550264
internal_weight=381367 375295 214442 213567 160853 6072 1991 211312 209417 207592 2255 871 1825 1895 1569 4081 3927 5651 3690 155202 149700 875 3092 738 2500 45511 2273 43238 616 3059
internal_count=381367 375295 214442 213567 160853 6072 1991 211312 209417 207592 2255 871 1825 1895 1569 4081 3927 5651 3690 155202 149700 875 3092 738 2500 45511 2273 43238 616 3059
is_linear=0
shrinkage=0.03


Tree=5
num_leaves=31
num_cat=0
split_feature=40 27 29 57 53 11 21 160 36 41 27 74 4 40 3 79 5 82 82 62 78 5 51 67 2 14 29 116 126 12
split_gain=135.262 120.641 105.415 134.409 109.487 96.0567 92.9383 83.6733 93.3886 93.9263 79.4901 69.9766 68.0766 67.4959 64.9675 114.381 74.2201 59.2818 52.1879 92.6377 73.2117 58.4104 53.3067 52.4742 52.0826 48.789 48.694 57.7748 47.9019 71.911
threshold=-0.042775878682732575 0.067863494157791152 -0.0014479957171715794 1.1696498990058901 0.9694495201110841 0.9256669580936433 1.1105531454086306 0.11564001441001893 0.82490471005439769 -0.052806362509727471 0.14053736627101901 0.35000000894069677 0.2727262824773789 0.029878373257815841 0.022845599800348285 0.15000000223517421 0.0049803925212472686 0.50833332538604747 0.22500000149011615 0.88774332404136669 0.70000001788139354 0.018643666990101341 0.82841303944587719 0.20871211588382724 -0.72727015614509571 0.97058823704719555 -0.015241006854921578 0.25490191578865057 -0.24840757995843885 1.0037041306495669
decision_type=8 10 8 10 10 8 10 10 10 10 10 2 10 10 10 2 10 2 2 10 10 10 10 10 10 10 10 10 10 10
left_child=1 17 4 5 25 -4 18 8 -3 24 14 26 -9 -12 16 -16 -7 -1 21 20 -20 -6 -21 -23 -10 -2 -8 -28 29 -5
right_child=2 7 3 28 6 10 11 12 9 -11 13 -13 -14 -15 15 -17 -18 -19 19 22 -22 23 -24 -25 -26 -27 27 -29 -30 -31
leaf_value=0.0023837486063701873 -0.030074367395038121 0.0043151482333812028 -0.010367302676702104 0.011326783076698689 -0.000219303562035598 0.00054572027020343913 0.0063902307969845038 -0.011467770554348141 0.0053872590732110554 0.0019103380055572935 -0.011536955592334391 0.012688568238327464 0.0072871905436929984 0.0044563215565741861 0.010382539180449181 -0.00042669898157144098 -0.00058909298603710824 -0.0030436503629611266 -0.0097314030713124833 0.0093461829355439181 -0.0015170863890751111 -0.0047703792300235054 -0.0011854309319513001 0.010656300509624015 0.02478427717501647 -0.0075765347237135043 0.0082828752170859138 -0.0026025335390683288 0.0018674808983783155 0.00071662092534029826
leaf_weight=3617 122 7505 762 1761 37904 144580 1374 469 233 473 904 614 234 276 1521 1937 80708 3565 2071 409 2037 219 78930 795 546 455 521 2242 2613 946
leaf_count=3617 122 7505 762 1761 37904 144580 1374 469 233 473 904 614 234 276 1521 1937 80708 3565 2071 409 2037 219 78930 795 546 455 521 2242 2613 946
internal_value=-1.91534e-05 0.00262307 -0.000141017 0.000233673 -0.000835813 0.000123407 -0.000772989 0.00484677 0.005663 0.0133119 0.000160378 0.00332145 -0.00478118 -0.00753423 0.000202037 0.00427385 0.000137833 -0.000269619 -0.00093493 -0.00135801 -0.005758 -1.98291e-05 -0.00112502 0.00700654 0.0196381 -0.0136841 0.00180469 -0.000397375 0.00494051 0.00776137
internal_weight=380343 16642 363701 236008 127693 230688 127116 9460 8757 1252 229926 4751 703 1180 228746 3458 225288 7182 122365 83447 4108 38918 79339 1014 779 577 4137 2763 5320 2707
internal_count=380343 16642 363701 236008 127693 230688 127116 9460 8757 1252 229926 4751 703 1180 228746 3458 225288 7182 122365 83447 4108 38918 79339 1014 779 577 4137 2763 5320 2707
is_linear=0
shrinkage=0.03


Tree=6
num_leaves=31
num_cat=0
split_feature=46 30 41 36 38 17 50 18 53 3 79 16 25 16 26 74 37 84 0 62 27 52 35 117 35 117 28 41 38 73
split_gain=148.605 122.302 151.933 104.504 100.442 210.297 112.274 136.294 98.799 95.5624 114.212 90.5441 79.9434 73.9559 59.8446 82.948 73.7645 69.7966 62.3385 67.994 61.5054 59.555 60.3768 59.3441 59.2181 53.108 52.9552 90.3606 75.3876 80.4071
threshold=1.2150713205337527 -0.00032910650770645583 -0.062654282897710786 0.65141305327415477 -0.017391295172274109 0.74246636033058178 0.700454741716385 0.95460566878318798 1.0947656035423281 0.022845599800348285 0.15000000223517421 0.89236450195312511 0.011985725257545711 0.87533691525459301 0.053688371554017074 0.45000000298023229 0.84720799326896679 0.65000000596046459 0.017326733097434047 0.89787432551383983 0.090549178421497359 0.87443751096725475 0.8273083269596101 0.59772604703903209 0.89757767319679271 0.71493667364120495 -0.011054697446525095 0.024672060273587707 -0.0024574809940531846 0.5000000149011613
decision_type=10 8 8 10 8 8 8 10 10 10 2 8 10 10 10 2 10 2 10 10 10 10 10 10 10 10 10 10 10 10
left_child=1 11 3 -3 5 24 7 -6 13 12 -11 23 -8 -5 16 -16 18 -17 -13 -20 -18 22 -7 -1 25 -4 28 -28 29 -2
right_child=26 2 4 8 6 21 9 -9 -10 10 -12 14 -14 -15 15 17 20 -19 19 -21 -22 -23 -24 -25 -26 -27 27 -29 -30 -31
leaf_value=-0.011283571044596763 0.011825066064343619 0.00076919763783553114 -0.013536120866748595 0.015594672652064247 -0.021189765161863841 0.0040751864757485462 0.0017330135184014301 0.001620017238732042 -0.00864749919395876 0.012194761826038228 0.00042735596035389935 -0.00079671436346850997 7.1728942506320414e-05 0.0010840150034236095 -0.00041028811193741249 0.007486281194400572 0.0009026401088980308 -0.0013306574986071888 -0.010605100641855112 -0.0023590394358138618 0.0094048059904602733 -0.0070560913140167523 -0.0061278709233412521 -0.00028002984643711267 -0.02937582756472944 0.0042560188612826401 -0.0012774103408181052 0.0058703113298815123 0.0022804999414544522 -0.0037209077221398044
leaf_weight=1188 2014 1929 876 1562 459 2262 30917 415 189 1334 1770 121472 168658 456 7075 2807 9223 1049 1001 10442 832 896 641 787 212 143 4080 2539 3075 309
leaf_count=1188 2014 1929 876 1562 459 2262 30917 415 189 1334 1770 121472 168658 456 7075 2807 9223 1049 1001 10442 832 896 641 787 212 143 4080 2539 3075 309
internal_value=1.48631e-05 -9.146e-05 0.000375386 0.00605837 0.00026069 -0.00391369 0.000365691 -0.0102295 0.0104982 0.000413865 0.00562634 -0.000730441 0.000330736 0.0125058 -0.000645891 0.00148208 -0.000810871 0.0050158 -0.000999756 -0.0031238 0.0016532 -0.00031797 0.00169314 -0.00709601 -0.0145882 -0.0107167 0.00329575 0.00142864 0.00551609 0.00961503
internal_weight=380612 368595 212719 4136 208583 5030 203553 874 2207 202679 3104 155876 199575 2018 153901 10931 142970 3856 132915 11443 10055 3799 2903 1975 1231 1019 12017 6619 5398 2323
internal_count=380612 368595 212719 4136 208583 5030 203553 874 2207 202679 3104 155876 199575 2018 153901 10931 142970 3856 132915 11443 10055 3799 2903 1975 1231 1019 12017 6619 5398 2323
is_linear=0
shrinkage=0.03


Tree=7
num_leaves=31
num_cat=0
split_feature=40 15 44 16 99 84 27 26 25 27 22 33 90 7 22 13 35 56 2 16 3 29 62 86 39 75 5 123 37 58
split_gain=160.208 119.645 101.697 116.673 103.826 99.7098 135.102 88.9538 81.113 78.6774 76.7058 73.1707 66.3168 63.829 84.6844 60.345 71.7117 70.4606 78.7959 58.1226 54.8228 83.4438 53.8416 51.5555 55.5882 48.9233 46.3413 45.6849 44.5035 44.9441
threshold=-0.042775878682732575 0.75612297654151928 1.0410742163658144 1.2240124940872195 0.76388889551162731 0.65000000596046459 0.084118966013193144 0.067027527838945403 0.01333036692813039 0.083114422857761397 0.77115160226821911 0.5016227960586549 0.83039942383766185 -0.015942021273076531 0.97871831059455883 0.96621623635292064 0.36200362443923956 1.0373908877372744 -0.54999902844429005 1.1774377822875979 0.030699665658175949 0.011307563632726671 0.76100617647171032 0.65000000596046459 -0.012764975894242523 0.17500000447034839 0.011267641093581917 -0.24324228614568708 0.89838409423828136 0.97043713927268993
decision_type=8 8 10 10 2 2 10 10 8 10 10 8 10 8 10 8 10 10 10 10 10 10 10 2 10 2 10 10 10 10
left_child=5 12 7 4 10 6 23 8 25 -9 -4 -12 -2 14 -10 -8 17 -17 -19 -15 21 -11 -7 24 -1 -3 -6 -24 29 -18
right_child=1 2 3 -5 26 22 15 9 13 20 11 -13 -14 19 -16 16 28 18 -20 -21 -22 -23 27 -25 -26 -27 -28 -29 -30 -31
leaf_value=-0.0015271280224393915 -0.0026895362047339535 -0.00032005703099673291 -0.017694569713549709 0.0051816968648313597 0.0029636688655883879 -0.020271426682954237 -0.0031734667674440942 -0.00027928077423802137 0.0043775887838492442 0.0061203022056653608 -0.0019143545475218916 -0.00036617714629254316 -0.014304179237520705 -0.00037736226957806409 -0.00068053552992930629 -0.016758688725403523 -0.0036428589417653924 -0.0015661650692881453 0.010106354326105087 0.014491313309606008 0.023346788733452556 -0.0019679118461134884 0.0066443982213331759 0.0056539031496873693 0.0039678134090259934 0.001636525862887035 0.015662534766256314 -0.011453324399611099 2.0340485746001309e-05 0.012110514555069734
leaf_weight=5686 1216 15561 232 2797 896 209 453 4221 6109 5289 49178 63608 773 164879 5617 126 133 925 1057 216 130 1389 236 1808 2313 41581 408 215 403 3134
leaf_count=5686 1216 15561 232 2797 896 209 453 4221 6109 5289 49178 63608 773 164879 5617 126 133 925 1057 216 130 1389 236 1808 2313 41581 408 215 403 3134
internal_value=-1.45044e-05 -0.000147132 -0.00010578 -0.000833415 -0.000984085 0.00285622 0.00334307 0.000240883 0.000115315 0.00287243 -0.00108407 -0.00104411 -0.00745021 -0.000200817 0.00193207 0.00679963 0.00764152 0.00298766 0.00454771 -0.000354339 0.00486554 0.00439234 -0.00828341 0.001107 3.03175e-05 0.00109853 0.00734009 -0.00146617 0.0102027 0.0113597
internal_weight=380798 364100 362111 117119 114322 16698 16038 244992 233963 11029 113018 112786 1989 176821 11726 6231 5778 2108 1982 165095 6808 6678 660 9807 7999 57142 1304 451 3670 3267
internal_count=380798 364100 362111 117119 114322 16698 16038 244992 233963 11029 113018 112786 1989 176821 11726 6231 5778 2108 1982 165095 6808 6678 660 9807 7999 57142 1304 451 3670 3267
is_linear=0
shrinkage=0.03


Tree=8
num_leaves=31
num_cat=0
split_feature=16 39 62 40 44 84 36 109 55 10 16 14 17 75 10 81 28 39 37 30 140 54 9 11 114 25 79 23 69 136
split_gain=137.919 100.408 103.293 100.445 127.615 106.833 153.895 87.3543 108.145 77.5732 77.1483 75.4549 69.8133 67.2392 85.5282 66.6194 63.9384 56.5038 56.1647 54.8473 60.1104 48.6316 47.242 51.7966 45.6392 57.7472 44.8865 41.4522 40.0344 38.276
threshold=1.2240124940872195 0.06152723357081414 0.68379566073417675 -0.048549711704254143 1.0391209721565249 0.65000000596046459 0.82490471005439769 0.58571431040763866 0.96286880970001232 1.0448844432830813 1.1351175308227541 0.81933182477951061 0.74246636033058178 0.17500000447034839 1.0238640904426577 0.31666667759418493 -0.010290102567523716 -0.0098701585084199888 0.62770757079124462 -0.0069055294152349225 0.79636693000793468 0.98070693016052257 1.0365544557571413 0.98969075083732616 0.59180104732513439 0.055600292980670936 0.15000000223517421 0.017279903404414657 0.49019668996334081 0.28085117042064672
decision_type=10 10 10 8 10 2 10 2 10 10 10 10 8 2 10 2 10 10 8 10 10 10 10 10 10 10 2 10 10 10
left_child=1 3 -3 5 10 6 11 8 12 -7 13 15 -6 18 -15 -1 -10 -13 -5 20 -2 -12 23 -9 25 -8 -23 -22 -26 -4
right_child=19 2 29 4 7 9 24 22 16 -11 21 17 -14 14 -16 -17 -18 -19 -20 -21 27 26 -24 -25 28 -27 -28 -29 -30 -31
leaf_value=0 -0.00097024444623075286 -0.027773183730237606 0 -0.0013229027096237709 -0.019527001508353608 0.00052589136270924709 0.0063999168297423029 0.0067618549677123593 0.00048719144905308458 -0.022256454652834844 -0.0059175321101648925 0.00030252788978439967 -0.0038420674453042538 0.00037704029119464585 0.0039668167286742344 0.027634677274869037 -0.0012348680247089541 0.0056770652486958081 0.00063993945645492894 0 0 -0.0011618163234382087 0.014083506824012148 -0.006848446884038178 -0.0081145034044822484 0.026149202776130583 0.0077197353541534567 0.011143020465110703 0.013470332961587702 -0.010773948877359621
leaf_weight=131 537 192 684 39169 428 229 287 761 23788 237 303 7126 776 169638 6197 175 99923 2381 19474 1218 328 567 460 336 121 408 2486 2093 136 459
leaf_count=131 537 192 684 39169 428 229 287 761 23788 237 303 7126 776 169638 6197 175 99923 2381 19474 1218 328 567 460 336 121 408 2486 2093 136 459
internal_value=-1.31621e-05 -7.41652e-05 -0.00822719 -4.39465e-05 -0.000130946 0.00274666 0.00338355 -0.000901406 -0.000991906 -0.0108826 0.000277539 0.00221476 -0.00989084 0.000211351 0.000505698 0.0165191 -0.000901289 0.00168915 -0.000665978 0.00539481 0.00758836 0.00478445 0.00608944 0.0022766 0.0148291 0.0188205 0.00597581 0.00960203 0.00237266 -0.00426477
internal_weight=381048 376872 1335 375537 364306 11231 10765 126472 124915 466 237834 9813 1204 234478 175835 306 123711 9507 58643 4176 2958 3356 1557 1097 952 695 3053 2421 257 1143
internal_count=381048 376872 1335 375537 364306 11231 10765 126472 124915 466 237834 9813 1204 234478 175835 306 123711 9507 58643 4176 2958 3356 1557 1097 952 695 3053 2421 257 1143
is_linear=0
shrinkage=0.03


Tree=9
num_leaves=31
num_cat=0
split_feature=16 40 44 50 22 81 72 82 21 78 28 41 26 71 99 119 73 52 33 109 14 42 79 161 140 31 51 60 18 133
split_gain=130.991 94.6369 127.968 111.939 99.4316 83.5288 95.3828 111.173 74.5758 93.901 94.2612 83.3592 77.4211 75.0786 74.3582 68.5931 71.7352 68.3932 66.5199 64.5343 80.4967 53.5713 53.4491 48.8086 59.4245 45.7419 44.9358 72.0203 42.4121 41.1986
threshold=1.2240124940872195 -0.042775878682732575 1.0410742163658144 0.700454741716385 0.78557598590850841 0.15000000596046451 0.59740239381790172 0.041666667908430106 0.91699492931365978 0.30000000447034841 0.020192146301269535 -0.03970662131905555 0.065931156277656569 0.91160231828689586 0.76388889551162731 0.15128778666257861 0.90000000596046459 0.71448537707328807 0.36354219913482672 0.38750000298023229 0.81933182477951061 -0.10290623456239699 0.65000000596046459 0.69294860959053051 0.79344198107719432 0.011324685532599689 0.86737215518951427 0.872430980205536 1.0090070366859438 0.26325228810310369
decision_type=10 8 10 8 10 2 10 2 10 8 10 8 10 8 2 10 10 10 10 2 10 8 2 10 10 10 10 10 10 10
left_child=1 5 3 29 15 6 -1 17 9 13 -11 28 -13 -5 18 -4 25 -8 21 20 -7 -6 -20 -2 -25 -17 27 -9 -10 -3
right_child=23 2 4 8 14 19 7 26 11 10 -12 12 -14 -15 -16 16 -18 -19 22 -21 -22 -23 -24 24 -26 -27 -28 -29 -30 -31
leaf_value=5.700423647323761e-05 0.001345960053821832 -0.00076083656613973967 0.0052981064978948958 0.0041761027611873633 0.0040110922403187839 0.017688438209636202 -0.011624871406528759 6.0023046971764414e-05 -0.010987239215874158 0.0034686631058749645 0.014149113343996723 7.8259398308523314e-05 0.0041920275164728255 -0.0011342388912387728 0.0062270239428393447 -0.011370844871221222 -0.025931345706217385 0.006215595351008232 0.00092593570750285645 -0.010596318284895019 0.00059087998110009113 -0.0021979123771373637 -0.00091541999982930854 -0.0010795595571458949 0.010479906976879158 0.0065563864155479198 0.0047537066831620537 0.016397880223487201 0.00041332487079743591 -0.021668263400898322
leaf_weight=2172 1788 167 176 3392 1243 237 341 332 895 5704 875 221831 4181 7923 1275 444 284 380 18850 423 9291 37340 55905 444 1895 139 901 1533 358 266
leaf_count=2172 1788 167 176 3392 1243 237 341 332 895 5704 875 221831 4181 7923 1275 444 284 380 18850 423 9291 37340 55905 444 1895 139 901 1533 358 266
internal_value=1.95254e-06 -5.56086e-05 -0.000155261 0.000231234 -0.000978464 0.00222862 0.0051382 0.00819928 0.000259946 0.00212447 0.00497319 0.000111646 0.000156052 0.000435783 -0.000890725 -0.0101395 -0.0136604 -0.00190329 -0.000974527 0.000536901 0.00108375 -0.00198814 -0.000446974 0.00530543 0.00816791 -0.00652339 0.0109351 0.0136801 -0.00753895 -0.0146565
internal_weight=380985 376858 361248 245592 115656 15610 5659 3487 245159 17894 6579 227265 226012 11315 114613 1043 867 721 113338 9951 9528 38583 74755 4127 2339 583 2766 1865 1253 433
internal_count=380985 376858 361248 245592 115656 15610 5659 3487 245159 17894 6579 227265 226012 11315 114613 1043 867 721 113338 9951 9528 38583 74755 4127 2339 583 2766 1865 1253 433
is_linear=0
shrinkage=0.03


Tree=10
num_leaves=31
num_cat=0
split_feature=56 38 17 40 60 29 27 48 35 58 26 3 33 116 34 5 36 38 24 26 126 1 81 139 37 39 8 119 27 35
split_gain=118.125 107.43 149.71 128.031 134.35 132.441 121.031 120.55 110.811 105.373 98.6567 92.6761 84.3634 70.5089 76.7896 68.0701 67.7059 67.3264 67.1155 66.1053 64.0657 85.7306 63.8602 59.7067 59.697 49.0488 48.317 47.1687 46.5261 46.5143
threshold=1.1804987788200381 -0.015565030742436646 0.74951386451721203 -0.046395618468523019 0.74232456088066112 -0.0015494996332563458 0.072482060641050353 0.94386580586433422 0.86033383011817943 0.92648246884346019 0.061918910592794425 0.024605113081634048 0.97743725776672374 0.76650527119636547 0.23446183651685717 0.0048602637834846982 0.82490471005439769 0.020238649100065235 0.026556886732578281 0.037100108340382583 -0.26021519303321833 0.065133091062307372 0.21666666865348819 0.92140084505081188 0.42941340804100042 -0.045984949916601174 -0.78947120904922474 0.69696959853172313 0.049124747514724738 0.75559026002883922
decision_type=10 8 8 8 8 8 10 10 10 10 10 10 10 10 10 10 10 10 10 10 10 10 2 10 10 10 10 10 10 10
left_child=1 2 8 6 22 9 -3 -8 13 24 15 -12 20 14 26 -7 -9 -11 -18 29 21 27 -5 -21 -6 -16 -1 -2 -24 -4
right_child=12 3 19 4 5 10 7 16 -10 17 11 -13 -14 -15 25 -17 18 -19 -20 23 -22 -23 28 -25 -26 -27 -28 -29 -30 -31
leaf_value=0.018436023271534329 0.0097346272384065992 0 -0.0058646143219076626 0 -0.029787908893547013 0.00057289976599701612 -0.0060951784343621935 0.0067801657626372176 -0.024706512721380792 -0.00092443707833878941 0.0019976117421355586 0.012231983282256123 -0.013942088036956738 0.013852430786619978 -0.00014747974473556329 -0.00054503484109053946 0 0.0034657119765496942 0.024060145684104462 -0.0033792082747784876 -3.3302254258053311e-06 0.015133592867776147 0 0.0027913182838894229 -0.0059078503357131969 -0.016197420747638684 -0.0038967725258082782 0.001798659077774364 -0.022281372568120041 0.0089148534204286974
leaf_weight=109 1030 4736 2946 253 147 138059 542 3716 396 118184 16806 833 197 112 267 75778 148 3184 426 2221 1647 886 123 3740 354 783 215 2285 427 172
leaf_count=109 1030 4736 2946 253 147 138059 542 3716 396 118184 16806 833 197 112 267 75778 148 3184 426 2221 1647 886 123 3740 354 783 215 2285 427 172
internal_value=-2.2401e-05 -9.04099e-05 -0.00301393 -1.32061e-06 -9.47494e-05 -6.56929e-05 0.00341853 0.00674858 -0.0106918 -0.00086679 0.000354816 0.00251122 0.00412981 -0.0064793 -0.00852679 0.000175318 0.00846163 -0.000806241 0.0182473 -0.00136941 0.00483517 0.0067942 -0.0122037 0.00043848 -0.0143649 -0.0124756 0.00337938 0.00439798 -0.0177726 -0.0049021
internal_weight=380722 374677 10961 363716 354148 353345 9568 4832 1882 121869 231476 17639 6045 1486 1374 213837 4290 121368 574 9079 5848 4201 803 5961 501 1050 324 3315 550 3118
internal_count=380722 374677 10961 363716 354148 353345 9568 4832 1882 121869 231476 17639 6045 1486 1374 213837 4290 121368 574 9079 5848 4201 803 5961 501 1050 324 3315 550 3118
is_linear=0
shrinkage=0.03


Tree=11
num_leaves=31
num_cat=0
split_feature=41 36 25 78 54 30 38 17 86 24 21 26 6 26 49 47 35 122 138 59 0 42 38 5 92 36 87 33 140 13
split_gain=132.67 139.59 95.3937 94.0003 89.4233 84.9953 79.5218 204.193 94.2351 108.081 106.091 94.1612 93.2507 83.2264 71.6611 84.5957 63.4683 58.6902 56.1665 55.9683 55.7453 50.4172 53.0115 46.7589 61.3219 46.0915 46.2914 45.8042 45.1528 38.1481
threshold=-0.066257402300834642 0.68360811471939098 0.012364850845187904 0.70000001788139354 1.0899796485900881 0.013046772684901954 -0.015565030742436646 0.74246636033058178 0.84999999403953563 0.018866796977818016 0.80221697688102733 0.057690478861331947 0.4833343923091889 0.061014553532004363 0.88296934962272655 1.1177685856819155 0.88953819870948803 0.27320991456508642 0.62872180342674266 0.99047622084617626 -0.0087240883149206621 -0.11807193607091902 -0.0082331122830510122 0.014270740095525982 0.70581161975860607 0.77671602368354808 0.80833333730697643 0.92857086658477794 0.76182371377944957 0.99635338783264171
decision_type=8 10 10 10 8 10 8 8 2 10 8 10 10 8 10 10 10 10 10 10 10 10 10 10 10 10 2 10 10 8
left_child=1 21 -2 19 6 25 7 16 10 11 20 -10 -11 -12 15 -9 17 -4 -16 -3 -8 23 -23 -1 -25 -5 27 -27 -6 -30
right_child=2 3 4 5 28 -7 8 14 9 12 13 -13 -14 -15 18 -17 -18 -19 -20 -21 -22 22 -24 24 -26 26 -28 -29 29 -31
leaf_value=0.0019773748954070975 0.0010977429947982315 0.0047494238861413166 0.0086583046184519341 0.0035446073918893374 -0.003868896197508174 -0.012788371675108609 0.0035404481908951238 -0.0027402590878588175 -0.00012899241717599717 0.0041365768008132077 -0.00057286100198766776 -0.014047281760248586 -0.0024512850811027383 0.0012831286480232238 -0.0093491710222006683 0.010255842993023848 -0.026438823433213514 -0.011630859324294768 -0.0013236178865560458 0.031398520160050486 -0.015652431131161722 -0.0049242341040398735 0.0018561795166957204 0.006234314954432588 0.030123657450733827 0.02320500610075156 0 0 -0.010958413563979167 0.0051920758395715633
leaf_weight=1560 50552 145 112 835 578 151 136 781 11521 12591 255628 437 2210 23661 936 945 271 1170 5319 261 598 1513 3153 552 121 431 188 121 106 4365
leaf_count=1560 50552 145 112 835 578 151 136 781 11521 12591 255628 437 2210 23661 936 945 271 1170 5319 261 598 1513 3153 552 121 431 188 121 106 4365
internal_value=-2.40057e-05 0.0035637 -0.000112117 0.0102586 -0.000303423 0.00679832 -0.00036761 -0.00306617 -0.000282574 0.00141498 -0.000445953 -0.000685282 0.00313069 -0.000414469 -0.0010752 0.00423937 -0.0129635 -0.00952214 -0.00259834 0.023255 -0.0116988 0.00142774 -0.000290054 0.00512105 0.0117077 0.00900105 0.0145079 0.0187749 0.00364429 0.00469528
internal_weight=380948 9031 371917 2132 321365 1726 316316 9534 306782 26759 280023 11958 14801 279289 7981 1726 1553 1282 6255 406 734 6899 4666 2233 673 1575 740 552 5049 4471
internal_count=380948 9031 371917 2132 321365 1726 316316 9534 306782 26759 280023 11958 14801 279289 7981 1726 1553 1282 6255 406 734 6899 4666 2233 673 1575 740 552 5049 4471
is_linear=0
shrinkage=0.03


Tree=12
num_leaves=31
num_cat=0
split_feature=40 27 84 60 34 29 57 38 61 25 17 20 58 92 40 36 41 38 73 1 58 19 1 34 14 158 81 0 2 18
split_gain=118.439 96.7123 101.725 87.0623 95.6999 86.0007 95.7856 100.419 105.408 144.878 105.028 77.1678 85.0837 72.9686 68.5971 68.4851 77.2966 64.4756 68.8076 67.7742 61.5981 56.15 55.5394 63.0544 53.2028 78.3482 55.5008 49.3677 46.9018 44.2659
threshold=-0.048549711704254143 0.072482060641050353 0.65000000596046459 0.74232456088066112 0.8553220033645631 -0.0015494996332563458 1.1696498990058901 -0.015565030742436646 0.79052129387855541 0.048926111310720451 0.81197765469551098 1.09085088968277 0.92648246884346019 0.47436213493347174 -0.028879229910671707 0.79740875959396373 -0.052806362509727471 0.020238649100065235 0.30000000447034841 0.017402929253876213 0.93951010704040538 1.0132164359092715 0.054401578381657607 0.93944981694221508 0.81933182477951061 0.077810965478420271 0.45000000298023229 -0.035162376239895814 0.45455287396907812 0.94993403553962719
decision_type=8 10 2 8 10 8 10 8 8 10 10 10 10 10 8 10 10 10 10 10 10 10 10 10 10 8 2 10 10 10
left_child=1 -1 15 4 29 11 7 10 9 -9 20 12 13 -5 -10 24 -17 19 -19 -14 -7 -12 23 -13 26 28 -3 -4 -26 -2
right_child=3 2 27 5 -6 6 -8 8 14 -11 21 22 17 -15 -16 16 -18 18 -20 -21 -22 -23 -24 -25 25 -27 -28 -29 -30 -31
leaf_value=-4.8084635579837623e-05 -0.018502598543533706 0 -0.019087769835677049 -0.0043906245162796355 0.0080115053639053663 0.0031550547104660124 0.0041913501303223362 0.017629825455407169 0.0032702203215021772 0.0024045217219908588 0.0013463058389778736 0.00012606818165069531 -0.00011186958055254264 -0.028149531047913384 0.00011500760446567272 0.017600723987201125 0.00040174512575536512 0 0.0093204585414919574 -0.0015476421049845583 -0.010051508976055036 -0.0080018898899805666 0.0095349940408421992 0.015025658425243038 0.0043640394842061336 -0.0038632232427491565 0.026878685206627242 0.0017806987869061575 0.015947033643392641 -0.0031569508007211543
leaf_weight=5317 526 127 199 465 215 323 5504 674 6377 3424 3130 3473 56153 163 217103 847 374 2052 1124 63688 2209 685 949 260 3669 938 173 141 359 336
leaf_count=5317 526 127 199 465 215 323 5504 674 6377 3424 3130 3473 56153 163 217103 847 374 2052 1124 63688 2209 685 949 260 3669 938 173 141 359 336
internal_value=1.84247e-05 0.00293169 0.00528957 -7.68363e-05 -0.0085174 -5.08399e-05 0.000284138 0.000190573 0.000295726 0.00505495 -0.00352177 -0.000678117 -0.000823363 -0.0116988 0.000206668 0.00616431 0.0126657 -0.000763514 0.00342328 -0.000877527 -0.00823771 -0.000286954 0.00308102 0.00131829 0.0045579 0.00369874 0.0167224 -0.00998203 0.00554419 -0.0130684
internal_weight=380977 12144 6827 368833 1077 367756 239429 233925 227578 4098 6347 128327 123645 628 223480 6487 1221 123017 3176 119841 2532 3815 4682 3733 5266 4966 300 340 4028 862
internal_count=380977 12144 6827 368833 1077 367756 239429 233925 227578 4098 6347 128327 123645 628 223480 6487 1221 123017 3176 119841 2532 3815 4682 3733 5266 4966 300 340 4028 862
is_linear=0
shrinkage=0.03


Tree=13
num_leaves=31
num_cat=0
split_feature=25 158 1 25 26 1 31 19 62 60 123 43 46 11 58 35 35 84 0 127 1 84 13 80 86 117 96 48 6 26
split_gain=100.585 114.865 136.902 101.998 102.897 95.3102 89.8237 129.981 89.2837 84.2517 64.013 79.5141 60.8373 60.7866 55.954 98.5234 55.8898 54.4492 62.5751 53.8948 69.2422 61.0625 72.9382 83.1843 53.2443 67.5877 50.8705 61.0368 47.7629 46.4866
threshold=0.041921831667423255 0.15129521489143374 0.045234451070427902 0.01333036692813039 0.10312818735837938 0.039999930188059814 0.0082678846083581465 1.0304394960403445 0.66632303595542919 0.89922362565994274 0.78571718931198131 1.1034280061721804 1.0040276050567629 0.96719178557395946 0.91939395666122448 0.70254340767860424 0.6108403503894807 0.45000000298023229 0.010101073887199165 -0.31523582339286799 0.054401578381657607 0.84999999403953563 0.90514370799064647 0.37500000000000006 0.91666665673255932 0.63555559515953075 0.38829085230827337 0.8988763988018037 0.29032273590564733 0.10312818735837938
decision_type=8 8 10 8 10 10 10 8 10 10 8 10 8 10 8 10 10 2 10 10 10 2 10 2 2 10 10 10 10 10
left_child=3 2 6 -1 12 14 8 16 -2 -9 11 28 13 24 15 -3 -8 29 -19 20 -4 26 -23 -24 -5 -26 -21 -28 -7 -13
right_child=1 5 19 4 -6 10 7 9 -10 -11 -12 17 -14 -15 -16 -17 -18 18 -20 21 -22 22 23 -25 25 -27 27 -29 -30 -31
leaf_value=0.00092760748521200306 -0.010177861708541524 -0.006581645478702873 -0.00087399324620182205 0.0030201514069190536 0.013850438699478579 -0.013211789510076779 -0.00044675496408384184 0.0037296138387962669 0.00069243449792182141 0.027622042218489306 0 0 -0.00056584844447361696 0.00058767034341332533 0.00013338696637287624 0.024161376032500848 0.0072180968945785703 0 -0.019100661689065736 0.0020567312249743699 0.017587047509201686 -0.0047314328827985355 0.0066115945844612946 0.028310462562181053 0.00065143340324774442 0.023075678494081708 -0.0034270676798519814 0.010720751907205768 -0.0023221005636106852 0.02302631045258801
leaf_weight=61521 671 123 215 1598 432 1580 1919 275 35045 337 1706 148 245394 11617 4928 217 1432 576 177 6714 595 166 483 280 239 308 295 1369 574 122
leaf_count=61521 671 123 215 1598 432 1580 1919 275 35045 337 1706 148 245394 11617 4928 217 1432 576 177 6714 595 166 483 280 239 308 295 1369 574 122
internal_value=4.08401e-05 0.00116933 0.00176518 -0.00016896 -0.000430048 -0.00172185 0.000960302 0.00524121 0.000474236 0.0178185 -0.00474362 -0.00724776 -0.000456077 0.0014775 0.0010297 0.0124585 0.0027631 -5.07202e-05 -0.00448584 0.00488419 0.0124225 0.00417072 0.0115266 0.0154774 0.00610815 0.0141756 0.00329383 0.00802351 -0.0104959 0.0107402
internal_weight=381056 59947 49796 321109 259588 10151 39679 3963 35716 612 4883 3177 259156 13762 5268 340 3351 1023 753 10117 810 9307 929 763 2145 547 8378 1664 2154 270
internal_count=381056 59947 49796 321109 259588 10151 39679 3963 35716 612 4883 3177 259156 13762 5268 340 3351 1023 753 10117 810 9307 929 763 2145 547 8378 1664 2154 270
is_linear=0
shrinkage=0.03


end of trees

feature_importances:
KLEN=17
RESI5=17
STD30=13
ROC30=11
BETA20=11
RSQR5=11
RSQR20=11
RESI20=11
STD20=9
STD60=9
RSQR30=9
RESI30=9
ROC10=7
ROC60=7
RSQR60=7
RESI10=7
QTLD60=7
KUP=6
LOW0=6
ROC5=6
BETA10=6
MIN10=6
QTLD20=6
IMIN30=6
IMXD10=6
IMXD30=6
SUMP30=6
ORC_TREND_PATH_CROWD_20=6
KLOW=5
MA5=5
BETA60=5
RSQR10=5
QTLD5=5
KMID=4
MA30=4
MA60=4
BETA5=4
BETA30=4
MIN5=4
MIN60=4
QTLU30=4
IMIN10=4
IMIN60=4
SUMP60=4
KMID2=3
KLOW2=3
HIGH0=3
ROC20=3
MAX10=3
MAX30=3
QTLU5=3
QTLU60=3
IMAX5=3
IMIN5=3
CNTD10=3
SUMN10=3
WVMA20=3
ORC_TREND_RSQR_STRESS_20=3
KSFT=2
OPEN0=2
MA10=2
STD10=2
RESI60=2
MIN20=2
MIN30=2
QTLU10=2
QTLD10=2
QTLD30=2
RSV30=2
IMAX10=2
IMAX20=2
IMAX30=2
CORR20=2
CORR60=2
CNTP10=2
SUMP10=2
SUMN30=2
SUMD5=2
SUMD30=2
WVMA5=2
KUP2=1
KSFT2=1
VWAP0=1
MA20=1
STD5=1
MAX5=1
MAX60=1
QTLU20=1
RANK20=1
RANK60=1
RSV10=1
RSV60=1
IMAX60=1
IMIN20=1
IMXD60=1
CORD30=1
SUMP5=1
SUMN60=1
SUMD20=1
SUMD60=1
VMA5=1
VSTD5=1
VSTD30=1
WVMA10=1
WVMA60=1
ORC_TREND_STREAK_EXHAUST_12=1

parameters:
[boosting: gbdt]
[objective: regression]
[metric: l2]
[tree_learner: serial]
[device_type: cpu]
[data_sample_strategy: bagging]
[data: ]
[valid: ]
[num_iterations: 500]
[learning_rate: 0.03]
[num_leaves: 31]
[num_threads: 12]
[seed: 20260814]
[deterministic: 1]
[force_col_wise: 1]
[force_row_wise: 0]
[histogram_pool_size: -1]
[max_depth: 7]
[min_data_in_leaf: 100]
[min_sum_hessian_in_leaf: 0.001]
[bagging_fraction: 0.8]
[pos_bagging_fraction: 1]
[neg_bagging_fraction: 1]
[bagging_freq: 1]
[bagging_seed: 20260814]
[bagging_by_query: 0]
[feature_fraction: 0.8]
[feature_fraction_bynode: 1]
[feature_fraction_seed: 20260814]
[extra_trees: 0]
[extra_seed: 17475]
[early_stopping_round: 0]
[early_stopping_min_delta: 0]
[first_metric_only: 0]
[max_delta_step: 0]
[lambda_l1: 10]
[lambda_l2: 20]
[linear_lambda: 0]
[min_gain_to_split: 0]
[drop_rate: 0.1]
[max_drop: 50]
[skip_drop: 0.5]
[xgboost_dart_mode: 0]
[uniform_drop: 0]
[drop_seed: 29730]
[top_rate: 0.2]
[other_rate: 0.1]
[min_data_per_group: 100]
[max_cat_threshold: 32]
[cat_l2: 10]
[cat_smooth: 10]
[max_cat_to_onehot: 4]
[top_k: 20]
[monotone_constraints: ]
[monotone_constraints_method: basic]
[monotone_penalty: 0]
[feature_contri: ]
[forcedsplits_filename: ]
[refit_decay_rate: 0.9]
[cegb_tradeoff: 1]
[cegb_penalty_split: 0]
[cegb_penalty_feature_lazy: ]
[cegb_penalty_feature_coupled: ]
[path_smooth: 0]
[interaction_constraints: ]
[verbosity: 1]
[saved_feature_importance_type: 0]
[use_quantized_grad: 0]
[num_grad_quant_bins: 4]
[quant_train_renew_leaf: 0]
[stochastic_rounding: 1]
[linear_tree: 0]
[max_bin: 255]
[max_bin_by_feature: ]
[min_data_in_bin: 3]
[bin_construct_sample_cnt: 200000]
[data_random_seed: 20260812]
[is_enable_sparse: 1]
[enable_bundle: 1]
[use_missing: 1]
[zero_as_missing: 0]
[feature_pre_filter: 1]
[pre_partition: 0]
[two_round: 0]
[header: 0]
[label_column: ]
[weight_column: ]
[group_column: ]
[ignore_column: ]
[categorical_feature: ]
[forcedbins_filename: ]
[precise_float_parser: 0]
[parser_config_file: ]
[objective_seed: 27057]
[num_class: 1]
[is_unbalance: 0]
[scale_pos_weight: 1]
[sigmoid: 1]
[boost_from_average: 1]
[reg_sqrt: 0]
[alpha: 0.9]
[fair_c: 1]
[poisson_max_delta_step: 0.7]
[tweedie_variance_power: 1.5]
[lambdarank_truncation_level: 30]
[lambdarank_norm: 1]
[label_gain: ]
[lambdarank_position_bias_regularization: 0]
[eval_at: ]
[multi_error_top_k: 1]
[auc_mu_weights: ]
[num_machines: 1]
[local_listen_port: 12400]
[time_out: 120]
[machine_list_filename: ]
[machines: ]
[gpu_platform_id: -1]
[gpu_device_id: -1]
[gpu_device_id_list: ]
[gpu_use_dp: 0]
[num_gpu: 1]

end of parameters

pandas_categorical:null
