tree
version=v4
num_class=1
num_tree_per_iteration=1
label_index=0
max_feature_idx=162
objective=regression
feature_names=KMID KLEN KMID2 KUP KUP2 KLOW KLOW2 KSFT KSFT2 OPEN0 HIGH0 LOW0 VWAP0 ROC5 ROC10 ROC20 ROC30 ROC60 MA5 MA10 MA20 MA30 MA60 STD5 STD10 STD20 STD30 STD60 BETA5 BETA10 BETA20 BETA30 BETA60 RSQR5 RSQR10 RSQR20 RSQR30 RSQR60 RESI5 RESI10 RESI20 RESI30 RESI60 MAX5 MAX10 MAX20 MAX30 MAX60 MIN5 MIN10 MIN20 MIN30 MIN60 QTLU5 QTLU10 QTLU20 QTLU30 QTLU60 QTLD5 QTLD10 QTLD20 QTLD30 QTLD60 RANK5 RANK10 RANK20 RANK30 RANK60 RSV5 RSV10 RSV20 RSV30 RSV60 IMAX5 IMAX10 IMAX20 IMAX30 IMAX60 IMIN5 IMIN10 IMIN20 IMIN30 IMIN60 IMXD5 IMXD10 IMXD20 IMXD30 IMXD60 CORR5 CORR10 CORR20 CORR30 CORR60 CORD5 CORD10 CORD20 CORD30 CORD60 CNTP5 CNTP10 CNTP20 CNTP30 CNTP60 CNTN5 CNTN10 CNTN20 CNTN30 CNTN60 CNTD5 CNTD10 CNTD20 CNTD30 CNTD60 SUMP5 SUMP10 SUMP20 SUMP30 SUMP60 SUMN5 SUMN10 SUMN20 SUMN30 SUMN60 SUMD5 SUMD10 SUMD20 SUMD30 SUMD60 VMA5 VMA10 VMA20 VMA30 VMA60 VSTD5 VSTD10 VSTD20 VSTD30 VSTD60 WVMA5 WVMA10 WVMA20 WVMA30 WVMA60 VSUMP5 VSUMP10 VSUMP20 VSUMP30 VSUMP60 VSUMN5 VSUMN10 VSUMN20 VSUMN30 VSUMN60 VSUMD5 VSUMD10 VSUMD20 VSUMD30 VSUMD60 ORC_GAP_CONFIRMATION_20 ORC_GAP_ABSORPTION_20 ORC_OVERNIGHT_DOMINANCE_20 ORC_CLOSE_PRESSURE_VOLUME_20 ORC_INTRADAY_RANGE_RETURN_10
feature_infos=[-0.15450645983219147:0.33106967806816101] [0:0.33106967806816101] [-1:1] [0:0.27153289318084717] [0:1] [0:0.19577737152576447] [0:1] [-0.31147539615631104:0.33106967806816101] [-1:1] [0.75127547979354858:1.1827411651611328] [1:1.365384578704834] [0.75127547979354858:1] [0.90894031524658203:1.0877940654754639] [0.62103557586669922:1.6790908575057983] [0.58417785167694092:1.8924485445022583] [0.46860837936401367:2.2146341800689697] [0.45439684391021729:2.740487813949585] [0.36440131068229675:2.649662971496582] [0.8043818473815918:1.3455072641372681] [0.71110033988952637:1.4951817989349365] [0.61736243963241577:1.7117466926574707] [0.56646168231964111:1.9959673881530762] [0.4937971830368042:1.8649090528488159] [0:0.26957115530967712] [0:0.32280367612838745] [0:0.36472421884536743] [0:0.57258552312850952] [0:0.50059491395950317] [-0.16409091651439667:0.17131471633911133] [-0.11732283234596252:0.17131471633911133] [-0.11732283234596252:0.17131471633911133] [-0.11732283234596252:0.17131471633911133] [-0.11732283234596252:0.17131471633911133] [0:1] [0:1] [0:1] [0:1] [0:1] [-0.11478264629840851:0.13264167308807373] [-0.24554997682571411:0.20802642405033112] [-0.40848860144615173:0.27287426590919495] [-0.44566619396209717:0.27581575512886047] [-0.96870207786560059:0.33257237076759338] [1:1.6472727060317993] [1:1.9298244714736938] [1:2.2439024448394775] [1:3.3160974979400635] [1:3.3160974979400635] [0.58144122362136841:1] [0.54045307636260986:1] [0.4660193920135498:1] [0.43721681833267212:1] [0.33789625763893127:1] [0.86334514617919922:1.4843636751174927] [0.78309857845306396:1.7869091033935547] [0.69682848453521729:2.054157018661499] [0.62161809206008911:2.423609733581543] [0.56576049327850342:2.3250908851623535] [0.70860719680786133:1.2689855098724365] [0.58504855632781982:1.4057971239089966] [0.49352750182151794:1.5574545860290527] [0.47533980011940002:1.5740000009536743] [0.38890489935874939:1.5950908660888672] [0.20000000298023224:1] [0.10000000149011612:1] [0.05000000074505806:1] [0.033333335071802139:1] [0.01666666753590107:1] [0:1] [0:1] [0:1] [0:1] [0:1] [0.20000000298023224:1] [0.10000000149011612:1] [0.05000000074505806:1] [0.033333335071802139:1] [0.01666666753590107:1] [0.20000000298023224:1] [0.10000000149011612:1] [0.05000000074505806:1] [0.033333335071802139:1] [0.01666666753590107:1] [-0.80000001192092896:0.80000001192092896] [-0.89999997615814209:0.89999997615814209] [-0.94999998807907104:0.94999998807907104] [-0.96666663885116577:0.96666663885116577] [-0.98333334922790527:0.98333334922790527] [-1:1] [-1:1] [-1:1] [-1:1] [-1:1] [-1:1] [-1:1] [-1:1] [-1:1] [-1:1] [0:1] [0:1] [0:0.89999997615814209] [0:0.8888888955116272] [0:0.8888888955116272] [0:1] [0:1] [0:0.89999997615814209] [0:0.8571428656578064] [0:0.8571428656578064] [-1:1] [-1:1] [-0.83333331346511841:0.8888888955116272] [-0.83333331346511841:0.8888888955116272] [-0.83333331346511841:0.8888888955116272] [0:1] [0:1] [0:1] [0:1] [0:1] [0:1] [0:1] [0:1] [0:1] [0:1] [-1:1] [-1:1] [-1:1] [-1:1] [-1:1] [0.20013266801834106:26452.083984375] [0.10012400150299072:23627.859375] [0.050104878842830658:26698.134765625] [0.033777147531509399:28136.5] [0.017187755554914474:26107.111328125] [0.00080492562847211957:59102.5] [0.0021778203081339598:49210.34375] [0.0021778203081339598:56418.4921875] [0.0021778203081339598:57003.12109375] [0.0021778203081339598:42065.70703125] [0:2.2360680103302002] [0:3.1615598201751709] [0:4.4708261489868164] [0:5.4656624794006348] [0:7.5986995697021484] [0:1] [0:1] [0:1] [0:1] [0:1] [0:1] [0:1] [0:1] [0:1] [0:1] [-1:1] [-1:1] [-1:1] [-1:1] [-1:1] [-6.6416220664978027:0.87598508596420288] [-13908019:28.931533813476562] [-1925766528:4419.23388671875] [-1204.24951171875:4676.52978515625] [-754.3636474609375:737.33990478515625]
tree_sizes=3117 3095 3008 3069 3095 3050 3036 3102 3105 3108 3070 3021 3107 3002 3118 3120 3039 3039 3042 3021 3077 3103 3103 3071

Tree=0
num_leaves=31
num_cat=0
split_feature=56 26 39 27 86 49 113 86 84 21 49 3 23 72 60 86 59 4 32 7 70 15 119 24 158 86 48 121 103 24
split_gain=144.549 97.1071 94.4465 80.6604 59.5197 66.8592 55.4247 54.9206 84.0037 59.7258 57.0393 52.0109 65.6534 57.0466 44.793 42.5023 61.8741 54.1545 46.852 62.5278 42.4285 41.3372 39.4124 38.0239 37.2589 34.1314 31.1744 36.5136 30.4898 28.9687
threshold=1.1791024804115298 0.019933737814426426 0.01746934745460749 0.075317058712244048 -0.74999999999999989 0.92314630746841442 0.56756743788719188 -0.58333334326744068 -0.55000001192092884 1.0783501267433169 0.97357806563377391 0.0067682443186640748 0.009887981694191696 0.10857155174016954 1.040544927120209 0.84999999403953563 0.87291401624679577 0.35294283926486975 0.000947510066907853 -1.0000000180025095e-35 0.93750038743019115 0.88770312070846569 0.8277413845062257 0.055742703378200538 0.0010969198774546387 -0.81666666269302357 0.91092899441719066 0.31764705479145056 0.90000000596046459 0.03562521934509278
decision_type=10 10 10 10 2 10 8 2 2 10 10 10 8 10 10 2 10 10 10 10 10 8 8 10 10 2 10 10 2 10
left_child=1 6 3 11 5 -2 -1 8 29 10 -9 22 21 -14 -7 16 24 26 23 -20 -10 -13 25 -18 -4 -3 27 -17 -6 -5
right_child=4 2 15 7 28 14 -8 9 20 -11 -12 12 13 -15 -16 17 18 -19 19 -21 -22 -23 -24 -25 -26 -27 -28 -29 -30 -31
leaf_value=9.4088712442215504e-05 0.018714966272941676 -0.0019150944164998758 -0.0011751504586172907 -0.0036293012322615391 0.0022698206145044426 -3.5002504666995755e-05 0.0018079926847434943 4.4143326217389785e-10 0.0060019003837589631 -0.0079515395668178033 0.0042535583917352997 -0.013375781822666957 -0.0033781449729831416 4.2152684539537534e-05 0.008360877270094989 4.4143326217389785e-10 -0.0018262108400394846 0.013985505339558307 -0.013282943764619061 -0.0035090791528256025 0.024770108596870132 -0.0028293289841029587 0.0020720725184849749 0.0075270700688480777 -0.027319288709726785 -0.00010920587929613546 -0.0042431446703111502 0.016560006920986223 -0.010957234740745185 0.0046637268123764239
leaf_weight=42244 433 10555 114 1261 2498 769 28834 12488 3401 681 3648 343 5327 23582 1624 466 16127 273 695 4881 107 12961 6682 370 130 91042 759 151 142 499
leaf_count=42244 433 10555 114 1261 2498 769 28834 12488 3401 681 3648 343 5327 23582 1624 466 16127 273 695 4881 107 12961 6682 370 130 91042 759 151 142 499
internal_value=-5.47161e-05 -0.000154607 -0.000499197 -0.000252048 0.00476411 0.00779886 0.000793896 0.00143668 0.00411302 0.0005766 0.000964486 -0.000502024 -0.00139585 -0.000579628 0.00556057 -0.00226469 -0.00261463 0.00226605 -0.00242373 -0.00482404 0.00679657 -0.00314342 -0.000150598 -0.00158941 -0.0172552 -0.000300113 -1.12606e-05 0.00469339 0.00136855 -0.00108352
internal_weight=273087 267621 196543 172577 5466 2826 71078 22085 5268 16817 16136 150492 42213 28909 2393 23966 22317 1649 22073 5576 3508 13304 108279 16497 244 101597 1376 617 2640 1760
internal_count=273087 267621 196543 172577 5466 2826 71078 22085 5268 16817 16136 150492 42213 28909 2393 23966 22317 1649 22073 5576 3508 13304 108279 16497 244 101597 1376 617 2640 1760
is_linear=0
shrinkage=1


Tree=1
num_leaves=31
num_cat=0
split_feature=32 81 39 86 35 138 11 46 1 27 40 71 58 18 19 137 38 50 41 117 85 41 161 36 110 1 159 87 87 27
split_gain=133.022 91.0578 79.8474 66.8874 91.0657 65.5868 88.4273 60.8452 57.2413 57.1198 54.7406 74.0585 67.5073 64.659 51.987 50.4344 40.9921 37.5988 89.6811 58.4419 37.1849 36.1096 35.2024 34.6579 34.2099 34.1666 49.1383 32.7338 52.4808 52.7719
threshold=-0.0049950752872973672 0.61666667461395275 0.019643191248178486 -0.81666666269302357 0.54433420300483715 0.67646577954292308 0.97029706835746776 1.2303305864334109 0.016824356280267242 0.023991339839994911 -0.02971203904598951 0.57792210578918468 0.99976566433906566 1.024536728858948 1.0388434529304507 1.02280730009079 -0.02034240402281284 0.943324774503708 -0.0374193787574768 0.56666669249534618 0.67499998211860668 0.010621271561831238 0.053276093676686294 0.22674896568059924 -0.35147058963775629 0.019933534786105159 -0.0064035255927592507 -0.60833334922790516 -0.69166666269302357 0.071622952818870558
decision_type=8 2 10 2 10 10 10 10 10 10 8 10 10 8 8 10 10 10 8 10 2 10 10 10 2 10 10 2 2 10
left_child=1 -1 3 4 8 6 -3 25 -2 -4 11 20 -13 17 21 16 -7 18 -12 -19 -5 -15 -14 -10 -8 -6 -27 28 -11 -30
right_child=2 5 9 10 7 15 24 -9 23 27 13 12 22 14 -16 -17 -18 19 -20 -21 -22 -23 -24 -25 -26 26 -28 -29 29 -31
leaf_value=3.0244224223585253e-05 -0.00084344724179032712 0.012059925832606479 0.005006385704823901 0.00086713048387141865 0.00064201731323831695 0.023004706373992316 -0.012844065991502852 0.0063093627489207967 0.00027372130966902549 -0.0018633949481459311 -0.0099448571425435357 0 0.0090451624714460097 -0.0068447373154235415 0.00034423977685620207 0.00015390521048027652 0.0086918163498780811 0.000176207456600282 -0.00030414900113279756 0.0021070475896671249 -0.0050327361592763034 0.00548227358326715 0.003116815382612445 -0.0065598358218133639 -0.00015940918690665699 0.0036931479348831352 -0.0035882452326173263 -0.0031486733276513321 5.6562934059956333e-05 0.013446449795139766
leaf_weight=3808 3842 401 968 12677 8091 217 279 1233 673 4882 862 2213 2368 2723 1874 633 2793 106190 71062 16344 1012 190 1813 4974 675 949 4896 13261 794 416
leaf_count=3808 3842 401 968 12677 8091 217 279 1233 673 4882 862 2213 2368 2723 1874 633 2793 106190 71062 16344 1012 190 1813 4974 675 949 4896 13261 794 416
internal_value=-1.37335e-05 0.00360804 -0.0001358 1.35295e-05 -0.00146591 0.0062632 0.000382592 -3.16803e-06 -0.00376775 -0.00194174 0.000181342 0.00167363 0.00433875 2.92675e-05 -0.00340583 0.00835454 0.00996772 0.000115714 -0.000426594 0.000436499 0.000402376 -0.00590652 0.00657295 -0.00569439 -0.00436465 -0.000591412 -0.00234632 -0.00230956 -0.000429592 0.00504772
internal_weight=273113 8806 264307 243986 24658 4998 1355 15169 9489 20321 219328 20083 6394 199245 4787 3643 3010 194458 71924 122534 13689 2913 4181 5647 954 13936 5845 19353 6092 1210
internal_count=273113 8806 264307 243986 24658 4998 1355 15169 9489 20321 219328 20083 6394 199245 4787 3643 3010 194458 71924 122534 13689 2913 4181 5647 954 13936 5845 19353 6092 1210
is_linear=0
shrinkage=0.03


Tree=2
num_leaves=31
num_cat=0
split_feature=32 25 86 33 53 56 86 1 74 126 122 151 51 53 33 14 8 53 3 12 55 0 34 132 46 65 162 120 13 1
split_gain=122.757 90.2327 78.1208 70.3588 67.8078 59.5888 78.4979 64.5456 52.6733 49.6312 63.5968 45.4198 45.2059 57.9874 44.9662 57.5441 68.1529 58.3944 53.91 69.3992 48.5855 44.0175 41.0198 38.14 41.8808 36.1129 46.0431 34.9929 34.3954 34.9131
threshold=-0.0049950752872973672 0.012410786934196951 -0.58333334326744068 0.9329836666584016 0.98100265860557567 1.1575869321823122 -0.81666666269302357 0.017797594889998439 0.35000000894069677 -0.4583336859941482 0.61016955971717846 0.51277312636375438 0.93558284640312206 1.0453006625175478 0.37253709137439733 0.88698756694793712 0.73913049697875988 1.0359762310981753 0.016814567148685459 0.98964703083038341 0.93731585144996654 -0.0051168114878237239 0.82837975025177013 2.024117231369019 1.1018201112747195 0.32426470518112188 -0.58904260396957386 0.58571437001228344 0.9993380904197694 0.019933534786105159
decision_type=8 10 2 10 10 10 2 10 2 10 10 10 10 10 8 8 10 10 10 10 10 10 10 10 10 10 10 10 8 8
left_child=2 28 3 4 -1 6 7 -3 9 -7 11 -11 23 -14 15 16 -8 -17 20 -20 -16 -15 -12 24 -6 26 -9 -10 -2 -30
right_child=1 5 -4 -5 12 8 14 25 27 10 22 -13 13 21 18 17 -18 -19 19 -21 -22 -23 -24 -25 -26 -27 -28 -29 29 -31
leaf_value=-0.0045476675254758443 0.002433832595460793 -9.7872463357500509e-05 0.00078914233213713014 -0.0047336265187556499 0 0.0072131108965425676 0.01289338274148575 0.00051486064159249941 -0.0050081218161273653 -0.00013251338578918715 -0.01005848021990372 0.0079888533683289287 0.00087542530515960916 0.016724334531459155 -0.0048214121090438917 -0.00072320830101809406 -0.0058005327326827684 -0.0061829713428425389 -0.011460815619740805 0.0041287266322863284 0.00010450590102027308 0 0.00071849156279504584 0 0.016174463231794826 0 -0.0047720310028733538 0.010608541907368542 0.0010217358037476808 -0.0026319044936742022
leaf_weight=316 14930 9730 4662 401 132 986 551 1618 109 1966 770 841 1098 494 1809 72033 214 1806 244 4628 119219 165 446 170 1294 2524 9998 954 16331 2700
leaf_count=316 14930 9730 4662 401 132 986 551 1618 109 1966 770 841 1098 494 1809 72033 214 1806 244 4628 119219 165 446 170 1294 2524 9998 954 16331 2700
internal_value=2.47632e-05 -8.98293e-05 0.00352121 0.00655815 0.00789257 -0.000303675 -0.000384296 -0.00201115 0.00261768 0.00124483 -0.000172187 0.0022339 0.00917394 0.00545199 -0.000188941 -0.000773138 0.00726726 -0.000862446 0.00015492 0.00324298 2.76156e-05 0.0123851 -0.00591536 0.0129675 0.0145487 -0.00330453 -0.00401022 0.00866729 0.00135174 0.000485414
internal_weight=273139 264407 8732 4070 3669 230446 224374 23870 6072 5009 4023 2807 3353 1757 200504 74604 765 73839 125900 4872 121028 659 1216 1596 1426 14140 11616 1063 33961 19031
internal_count=273139 264407 8732 4070 3669 230446 224374 23870 6072 5009 4023 2807 3353 1757 200504 74604 765 73839 125900 4872 121028 659 1216 1596 1426 14140 11616 1063 33961 19031
is_linear=0
shrinkage=0.03


Tree=3
num_leaves=31
num_cat=0
split_feature=16 26 39 50 120 160 0 33 65 33 87 35 44 114 57 30 22 140 36 160 87 87 27 23 2 86 59 82 23 1
split_gain=146.052 89.133 80.9932 104.895 108.605 101.884 74.7536 63.325 51.8265 46.3491 45.3357 62.2599 44.635 53.9002 48.0317 44.0313 42.5355 41.86 41.4849 38.6189 36.9219 56.0488 48.214 43.082 42.3368 41.1943 73.777 41.5859 36.3889 34.7718
threshold=1.2206377983093264 0.020061248913407329 0.01746934745460749 0.86872366070747387 0.25574485957622534 0.55556523799896251 0.01519756391644478 0.35019074380397802 0.48749999701976782 0.97826865315437328 0.37500000000000006 0.58330023288726818 1.0398517251014712 0.48360675573349005 1.1642888784408572 -0.0055436731781810513 1.15047824382782 0.81745141744613659 0.77266499400138866 -1.8753323554992674 -0.60833334922790516 -0.65833333134651173 0.068975195288658156 0.023301763460040096 0.88888832926750194 0.78333333134651195 0.87291401624679577 0.92500001192092907 0.016831624321639541 0.020583174191415313
decision_type=10 10 10 10 10 10 10 8 8 10 2 10 10 10 10 10 10 10 10 10 2 2 10 10 10 2 10 2 10 10
left_child=1 8 3 4 19 6 -6 12 -1 15 11 -9 14 -14 -5 16 -2 -18 -19 -3 21 24 -23 -24 -4 26 -22 -28 -20 -12
right_child=9 2 20 7 5 -7 -8 10 -10 -11 29 -13 13 -15 -16 -17 17 18 28 -21 25 22 23 -25 -26 -27 27 -29 -30 -31
leaf_value=-1.5660032573960255e-05 -0.0013677045791409908 -0.01049479332430972 -0.0023365110025254741 -0.0007969710036376498 0.00041982749006008193 0.0096224731003993168 0.006208521746077225 -0.0011542699544929069 0.0015837351370240318 -0.010850924843392016 6.8543175189358514e-05 0.00063740084755943224 -0.0015361433968891967 -0.0053719360077294498 0.0051335543172568599 8.4024113309976914e-05 0.0017921217405673815 0.0048332171847294044 0 -0.00087783633906126767 -0.022246983796114308 0 0.023556784784691146 0.0033744837591632645 0.0042757071790870491 0.00083868691454331071 -0.0038087743220668862 0.00078965484808931794 0.016438848527213543 0.0021234322272976353
leaf_weight=34538 325 413 5641 33161 6540 2108 2964 41194 37755 117 17106 30041 16257 4278 1246 889 620 734 152 3798 171 516 194 262 986 2230 12192 1941 1166 13499
leaf_count=34538 325 413 5641 33161 6540 2108 2964 41194 37755 117 17106 30041 16257 4278 1246 889 620 734 152 3798 171 516 194 262 986 2230 12192 1941 1166 13499
internal_value=1.44197e-07 -8.35954e-05 -0.000415616 -0.000185994 0.00213729 0.00364141 0.00226589 -0.000422624 0.000815682 0.00567507 1.73707e-05 -0.000394515 -0.00124336 -0.00235429 -0.000570634 0.00630245 0.0080348 0.00929155 0.0113735 -0.00193709 -0.002044 -0.000268058 0.00633396 0.0132201 -0.00129767 -0.00284079 -0.00343573 -0.00315581 0.0146649 0.000985487
internal_weight=273034 269031 196738 172605 15823 11612 9504 156782 72293 4003 101840 71235 54942 20535 34407 3886 2997 2672 2052 4211 24133 7599 972 456 6627 16534 14304 14133 1318 30605
internal_count=273034 269031 196738 172605 15823 11612 9504 156782 72293 4003 101840 71235 54942 20535 34407 3886 2997 2672 2052 4211 24133 7599 972 456 6627 16534 14304 14133 1318 30605
is_linear=0
shrinkage=0.03


Tree=4
num_leaves=31
num_cat=0
split_feature=16 29 42 120 60 1 115 16 26 42 5 1 55 10 0 35 78 76 44 60 80 90 49 102 33 38 23 76 14 114
split_gain=124.254 82.121 73.454 64.4919 79.3966 62.2094 60.2845 58.5982 63.8091 58.4489 87.0601 81.1061 57.1255 55.0666 54.6238 53.7269 53.1861 58.7193 52.9745 48.1738 46.9413 45.4138 44.5142 69.7891 54.4465 72.6371 57.2513 43.0161 40.032 39.3728
threshold=1.2206377983093264 -0.00062755055841989804 0.067746125161647811 0.25574485957622534 0.91727331280708324 0.019216537475585941 0.63013699650764476 1.133943557739258 0.021769763901829723 -0.077859010547399507 0.0030272328294813637 0.018544884398579601 0.95988973975181591 1.0355787277221682 0.029829532839357856 0.48206175863742834 0.5000000149011613 0.45000000298023229 1.0041861534118655 0.98799675703048717 0.27500000596046453 0.17672984302043918 0.94080999493598949 0.41742423176765447 0.62609195709228527 -0.00030258299375418568 0.037717495113611228 0.083333335816860213 0.91430118680000316 0.59047600626945507
decision_type=10 8 10 8 8 10 10 10 10 10 10 10 10 10 8 10 10 2 10 10 2 10 10 2 10 10 10 2 10 10
left_child=1 2 9 14 5 -5 -4 8 13 10 -1 27 18 -6 -3 -10 -13 -18 -7 -12 -16 -21 23 -2 -24 -26 -27 -11 -14 -9
right_child=22 3 6 4 7 12 -8 29 15 11 19 16 28 -15 20 -17 17 -19 -20 21 -22 -23 24 -25 25 26 -28 -29 -30 -31
leaf_value=-0.0024955208884544183 0.018795535039497852 -0.00098000218667270204 0 -0.0018783262528714638 0.0011776093118587776 0.0057488391771957888 0.019184236969418924 0.0064231592622046125 -0.001119254705344277 0.0013000238957442693 -0.011156029899494123 -0.0035753601544779357 0.0080225994996434864 -0.012033822986971032 -0.010312967869755612 0.00057878043628873201 -0.0020676929484604672 0.00012672382145218969 -0.0023748611668006924 0.0019541851999989833 0.0045134520306765926 0.0076425906535594846 -0.002249789836065465 0.0036367979949841816 0.011225905915188718 0.0054784902108700141 -0.011042747452383402 -0.00055228946527369086 0.0033618826207172151 -0.0014559261190792731
leaf_weight=2872 485 10106 308 2042 46863 1059 284 2275 36784 14813 157 10906 2829 262 1033 30549 28216 17544 2143 3270 192 2284 1057 764 1034 456 288 46817 5036 675
leaf_count=2872 485 10106 308 2042 46863 1059 284 2275 36784 14813 157 10906 2829 262 1033 30549 28216 17544 2143 3270 192 2284 1057 764 1034 456 288 46817 5036 675
internal_value=0 -7.96592e-05 -0.000633155 0.000415641 0.0006059 0.00282178 0.00970366 0.000355497 0.000244728 -0.000685271 0.00169082 -0.000860461 0.00371789 0.00109272 -0.00174665 -0.000344458 -0.00167981 -0.00122013 0.000237794 0.0038498 -0.00771301 0.00436631 0.00517999 0.00996296 0.00291267 0.00613943 -0.000645818 -0.000101936 0.00509246 0.00452164
internal_weight=273403 269319 127471 141848 130517 13109 592 117408 114458 126879 8583 118296 11067 47125 11331 67333 56666 45760 3202 5711 1225 5554 4084 1249 2835 1778 744 61630 7865 2950
internal_count=273403 269319 127471 141848 130517 13109 592 117408 114458 126879 8583 118296 11067 47125 11331 67333 56666 45760 3202 5711 1225 5554 4084 1249 2835 1778 744 61630 7865 2950
is_linear=0
shrinkage=0.03


Tree=5
num_leaves=31
num_cat=0
split_feature=16 26 33 64 25 0 51 55 58 33 37 2 40 45 53 41 86 32 34 5 83 34 1 69 36 24 53 130 156 140
split_gain=132.37 74.3131 67.235 65.4803 63.7007 93.9922 74.7594 88.0163 66.6172 63.5964 63.5774 72.3216 68.1634 65.1188 59.0393 51.7761 52.5886 54.2634 47.3364 46.5835 42.7055 42.3188 39.7182 56.7608 45.0627 44.4391 40.9393 38.8112 37.8629 36.9616
threshold=1.2206377983093264 0.021648212336003784 0.26178121566772466 0.47499999403953558 0.036322500556707389 -0.0068886289373040191 0.85217860341072094 0.96604916453361522 0.90896162390708934 0.68726712465286266 0.73129728436470043 0.88000121712684642 -0.030343431979417797 1.1193639039993288 1.0465302467346194 0.049065001308918006 -0.81666666269302357 -0.0052159116603434077 0.88303968310356151 0.0074231147300452003 0.70000001788139354 0.10512199252843858 0.055469902232289321 0.39037415385246282 0.80770382285118114 0.045104321092367179 1.0051237940788271 1.8390844464302065 -0.059952154755592339 0.75763434171676647
decision_type=10 10 8 10 10 10 10 10 10 10 10 10 10 10 10 8 2 10 10 10 10 10 10 10 10 10 10 10 10 10
left_child=1 3 10 -1 15 6 7 -6 19 -8 14 12 -12 -14 -3 16 17 -4 22 -7 -17 -10 23 29 -24 -26 -25 -28 -18 -2
right_child=18 2 4 -5 5 8 9 -9 21 -11 11 -13 13 -15 -16 20 28 -19 -20 -21 -22 -23 24 26 25 -27 27 -29 -30 -31
leaf_value=-0.00025877558942817439 -0.012295428543139744 -0.0018270761857339033 0.01440308860909237 0.0014004798664440257 -0.0020209041496023197 -0.015772032519285051 -0.00093204699827316364 0.010124629520062241 0.0031150569559684638 0.0040380628596690601 0.007834272574421694 0.0079884238417113895 0 -0.0067156525598810468 -0.014243657615341852 -0.00049976774699836835 0.0013342327843506238 -0.0023577542486876539 0.014021581869212173 -0.00013288261534920496 -0.0065828127843188516 -0.00031993958979899002 0.0026382943859326823 0.001411650263992771 0 0.021307524789019788 0.024110886175698093 0 -0.00033979537817946902 0.00039659412138679922
leaf_weight=38496 213 38213 152 47462 642 385 4094 2286 3817 5074 860 1027 10565 1453 336 2172 15122 12343 510 367 2205 19864 609 401 135 335 198 109 61680 1510
leaf_count=38496 213 38213 152 47462 642 385 4094 2286 3817 5074 860 1027 10565 1453 336 2172 15122 12343 510 367 2205 19864 609 401 135 335 198 109 61680 1510
internal_value=8.03128e-06 -7.19268e-05 -0.000415228 0.000654011 -4.74536e-05 0.00101225 0.00317308 0.00736416 -4.69596e-05 0.0017888 -0.00132205 0.000398727 -0.000194729 -0.000806261 -0.00195041 -0.000464024 -0.000303794 -0.0021072 0.00539896 -0.0087294 -0.00364845 0.000223231 0.00398878 0.00167899 0.00879451 0.0157259 0.00875447 0.0167552 -6.0194e-06 -0.00112338
internal_weight=272635 268615 182657 85958 130203 36529 12096 2928 24433 9168 52454 13905 12878 12018 38549 93674 89297 12495 4020 752 4377 23681 3510 2431 1079 470 708 307 76802 1723
internal_count=272635 268615 182657 85958 130203 36529 12096 2928 24433 9168 52454 13905 12878 12018 38549 93674 89297 12495 4020 752 4377 23681 3510 2431 1079 470 708 307 76802 1723
is_linear=0
shrinkage=0.03


Tree=6
num_leaves=31
num_cat=0
split_feature=26 38 25 86 25 62 72 39 26 138 112 42 24 40 4 50 51 40 71 18 81 27 94 55 110 126 85 6 10 51
split_gain=101.907 112.219 74.3031 64.4709 61.9529 58.4901 54.2039 49.1853 65.9108 46.26 59.9254 45.6817 49.8822 45.4957 76.4539 58.597 43.4996 41.2517 74.5866 46.6467 39.8446 38.8324 41.23 38.6575 37.5538 38.7785 34.5265 32.6706 32.0912 31.4051
threshold=0.074481844902038588 -0.0013872470008209346 0.012543265242129566 0.88333332538604747 0.042319050058722503 1.0805779099464419 0.037878938019275672 0.019643191248178486 0.020184718072414402 0.78973722457885753 -0.17047223448753354 0.10417669266462327 0.018554405309259895 0.055059770122170455 0.16666584461927417 0.84742298722267162 0.78793534636497509 -0.030343431979417797 0.57792210578918468 1.024536728858948 0.083333335816860213 0.11249004304409028 0.46691815555095678 0.93731585144996654 -0.36038962006568903 -0.27642263472080225 0.075000001117587103 0.57143047451972973 1.0246002078056338 0.80077409744262706
decision_type=10 10 10 2 10 10 10 10 10 10 2 10 10 10 10 10 10 10 10 10 2 10 10 10 2 10 2 10 10 10
left_child=2 4 -1 7 16 -3 -7 13 -9 24 28 12 29 17 15 -15 -2 18 -4 -19 26 22 -12 -22 -6 -26 -10 -14 -11 -5
right_child=1 5 3 11 9 6 -8 8 20 10 21 -13 27 14 -16 -17 -18 19 -20 -21 23 -23 -24 -25 25 -27 -28 -29 -30 -31
leaf_value=0.0012022141049408549 -0.017746484765961561 -0.0018965062904905789 0 -0.013522603401619636 -0.0059420463915914297 -0.0061877849628217511 0.0087765407489919442 0.0040095177213273952 -0.010905802871124092 0.010230867382954596 0.007037450644996987 -0.0062390559328780893 0.005347441318244322 0.027149341733925716 -0.00050171102710640215 0.00041780364641798496 0.0017712117545306682 -0.00032048177796109172 0.0042879318165160293 -0.0028557202879405698 -0.0087532551077767924 0.0012988907944861739 0.021100240458107117 -0.0015411644372086476 0.014156037107385899 0.0021408307573959969 -0.0015461260996220401 -0.0024467385492128566 0.028691324059000631 0.00060542983223120051
leaf_weight=35442 126 3781 15581 127 280 238 991 1526 887 302 1029 515 4705 196 488 149 266 171555 4745 6813 706 727 274 14781 337 1049 734 472 223 3756
leaf_count=35442 126 3781 15581 127 280 238 991 1526 887 302 1029 515 4705 196 488 149 266 171555 4745 6813 706 727 274 14781 337 1049 734 472 223 3756
internal_value=3.62585e-05 0.00306602 -7.36081e-05 -0.000273567 0.00643159 0 0.00558578 -0.000380554 -0.00185613 0.00751757 0.0101058 0.00212853 0.00264991 -0.000241073 0.00665885 0.0170818 -0.00433112 -0.000272177 0.00100336 -0.00041931 -0.00240092 0.00739318 0.0104957 -0.00190015 0.00329753 0.00543546 -0.00692099 0.00457242 0.0193878 0
internal_weight=272801 9623 263178 227736 4613 5010 1229 218161 18634 4221 2555 9575 9060 199527 833 345 392 198694 20326 178368 17108 2030 1303 15487 1666 1386 1621 5177 525 3883
internal_count=272801 9623 263178 227736 4613 5010 1229 218161 18634 4221 2555 9575 9060 199527 833 345 392 198694 20326 178368 17108 2030 1303 15487 1666 1386 1621 5177 525 3883
is_linear=0
shrinkage=0.03


Tree=7
num_leaves=31
num_cat=0
split_feature=16 29 115 25 55 51 81 41 1 12 42 138 16 36 26 1 78 42 78 43 1 60 108 44 55 47 41 18 23 10
split_gain=118.485 72.7142 74.3435 92.1167 85.9315 94.7932 74.6366 63.5588 104.513 60.8951 55.7376 53.9133 53.4913 63.481 54.0891 58.2154 51.4234 47.8191 46.0728 50.0565 59.7875 44.5628 44.2091 43.7279 44.1109 40.6865 39.1958 39.1208 38.0876 37.9829
threshold=1.2394970059394839 -0.001253698661457747 0.74207225441932689 0.041502594947814948 0.93731585144996654 0.83511987328529369 0.61666667461395275 -0.030035963281989094 0.018348633311688903 0.98570287227630626 0.065921377390623107 1.0657664537429812 1.1159341931343081 0.60601997375488292 0.021392118185758594 0.036224953830242164 0.30000000447034841 -0.10349908098578452 0.70000001788139354 1.1307523846626284 0.053465308621525771 0.89853191375732433 -1.0000000180025095e-35 1.0666666626930239 1.0997244715690615 1.0096055865287783 0.026705933734774593 1.0016823410987856 0.022786561399698261 1.0230359435081484
decision_type=10 8 10 8 8 8 2 10 10 10 10 10 10 10 10 10 10 10 10 10 10 10 2 10 10 10 10 10 10 10
left_child=1 7 3 12 11 6 -6 18 -9 21 17 25 14 -14 15 -3 -15 28 23 20 -20 -4 -7 27 -25 -5 -16 -1 -10 -19
right_child=-2 2 9 4 5 22 -8 8 10 -11 -12 -13 13 16 26 -17 -18 29 19 -21 -22 -23 -24 24 -26 -27 -28 -29 -30 -31
leaf_value=-0.0039460042059845596 0.0058988785662191295 0.001070173548163281 -0.010939047462167397 0 0.0042636477189963379 0.0038453939992503733 0.012928297471527897 -7.9799769122782538e-05 0.011872095959009185 -0.0011478516031163191 0.0090478637010951313 0.0044103086711682745 -0.0021753340254708786 0.00021157172165617085 6.4223293335410796e-05 -0.0057981260654297361 0.010328220923295264 -0.0020755562372122465 0.00095396872344275549 -0.0052420946684027482 0.0075102259566433814 0.0018041050223510334 -0.0006837039926269158 -0.0068357746178158429 0.00075833996042547365 -0.020525217765041778 -0.0014787564186147511 0.0050058722168325144 -0.0039462158741286743 -0.0049551114829546562
leaf_weight=674 2997 50125 1023 119 5774 2980 1115 44583 359 10458 362 159 918 753 54176 1104 1410 33495 22834 1054 1326 267 5260 2058 924 274 20206 1101 166 4932
leaf_count=674 2997 50125 1023 119 5774 2980 1115 44583 359 10458 362 159 918 753 54176 1104 1410 33495 22834 1054 1326 267 5260 2058 924 274 20206 1101 166 4932
internal_value=-1.20641e-05 -7.92214e-05 0.000339962 0.000528425 0.00269985 0.00314235 0.00574283 -0.000656544 -0.00108128 -0.00194756 -0.00220873 -0.00858926 0.00026113 0.00415751 0.000162524 0.000914101 0.00697797 -0.00232563 0.000522322 0.00104148 0.00133212 -0.00808523 0.000923272 -0.00215947 -0.00439336 -0.0145339 -0.000351183 0.00143346 0.00635877 -0.00245533
internal_weight=272986 269989 156121 144373 15681 15129 6889 113868 83897 11748 39314 552 128692 3081 125611 51229 2163 38952 29971 25214 24160 1290 8240 4757 2982 393 74382 1775 525 38427
internal_count=272986 269989 156121 144373 15681 15129 6889 113868 83897 11748 39314 552 128692 3081 125611 51229 2163 38952 29971 25214 24160 1290 8240 4757 2982 393 74382 1775 525 38427
is_linear=0
shrinkage=0.03


Tree=8
num_leaves=31
num_cat=0
split_feature=16 46 27 13 86 40 25 15 125 86 67 73 30 33 53 77 20 61 120 60 1 33 12 77 30 121 1 138 76 91
split_gain=123.193 66.656 60.6914 67.6722 67.0941 57.1709 63.2199 57.0303 54.1953 59.4499 56.6532 49.3971 48.7626 53.4182 44.0651 35.1435 58.1736 63.9703 45.3341 85.5117 34.6257 33.5493 32.4638 32.064 37.396 31.7276 54.4581 43.6281 30.9573 37.2076
threshold=1.2206377983093264 1.0748502612113955 0.090825200080871596 0.96443602442741405 -0.58333334326744068 -0.030343431979417797 0.013636420015245678 1.0903903245925906 -0.44852939248085016 -0.81666666269302357 0.1157280206680298 0.90000000596046459 -0.0071641574613749972 0.96601486206054699 0.99357688426971447 0.17500000447034839 0.9055108129978181 0.85450080037117015 0.25574485957622534 0.91337412595748912 0.053465308621525771 0.80216467380523693 0.98570287227630626 0.42499999701976782 -0.0079546812921762449 0.64285698533058178 0.055469902232289321 0.8039069175720216 0.88333332538604747 0.62942525744438182
decision_type=10 8 10 8 2 8 10 10 10 2 10 10 10 10 10 2 10 10 10 8 8 10 10 2 10 10 10 10 2 10
left_child=1 5 3 23 7 -1 -7 11 20 10 -10 -4 13 25 -11 16 -8 -18 22 -20 -5 -13 -17 -3 -25 -2 27 -27 29 -6
right_child=12 2 4 8 28 6 15 -9 9 14 -12 21 -14 -15 -16 18 17 -19 19 -21 -22 -23 -24 24 -26 26 -28 -29 -30 -31
leaf_value=0.002957912562496477 0.00037150858551935858 -0.0024342614547353436 0.013876747207713846 0.00079740876784854375 5.4911995412725593e-07 0.0012129560407411115 -0.011833656826465061 0.0012873837262389822 -0.003533221409797904 -0.0042624640694168998 0.0004517066153888832 0.0073933026705165963 0.00028407723156941196 -0.0081908360489825957 -0.00036439224418382979 -0.0071682070048495273 0.0092723198190642498 -0.00090974068092012598 0.0036434454073163156 0.00010716818456790804 0.0091209304212429218 -0.0080404305129195552 -0.001165684847889929 0.004562394035473768 -0.0096689322951881568 0.00046614729622155004 0.017829579256133977 0.011142518784002981 0.0074306216936427111 -0.0076380973192254229
leaf_weight=7019 429 2745 907 11612 4252 40620 416 1656 12999 2738 4087 322 1346 149 57544 937 539 38653 6808 64660 459 172 7158 146 1399 687 615 828 409 630
leaf_count=7019 429 2745 907 11612 4252 40620 416 1656 12999 2738 4087 322 1346 149 57544 937 539 38653 6808 64660 459 172 7158 146 1399 687 615 828 409 630
internal_value=1.80096e-05 -5.93324e-05 -0.000664009 -0.000884541 0.0017724 0.000308928 0.000190336 0.00529937 -0.000703464 -0.000997255 -0.00256307 0.0097456 0.00519657 0.00750834 -0.000547772 -0.000155858 -0.000887217 -0.0007574 0.000204589 0.000449153 0.00115329 0.00133219 -0.0019134 -0.00456928 -0.00809128 0.0085952 0.0100931 0.00656575 -0.000221179 -0.000951126
internal_weight=272941 268887 102077 93729 8348 166810 159791 3057 89439 77368 17086 1401 4054 2708 60282 119171 39608 39192 79563 71468 12071 494 8095 4290 1545 2559 2130 1515 5291 4882
internal_count=272941 268887 102077 93729 8348 166810 159791 3057 89439 77368 17086 1401 4054 2708 60282 119171 39608 39192 79563 71468 12071 494 8095 4290 1545 2559 2130 1515 5291 4882
is_linear=0
shrinkage=0.03


Tree=9
num_leaves=31
num_cat=0
split_feature=16 26 36 23 140 27 33 28 13 60 120 69 10 18 11 49 33 108 24 35 80 48 120 31 123 18 17 1 78 54
split_gain=101.46 60.414 57.3806 68.0571 67.2954 57.2628 61.0132 63.7117 54.2711 56.4675 77.3481 53.4944 90.2653 48.613 64.1381 63.9099 101.569 60.6994 45.7049 44.7646 42.585 42.4657 41.7458 32.1133 30.9981 30.4308 25.2589 25.2111 24.791 26.5917
threshold=1.2206377983093264 0.018406318500638012 0.80461445450782787 0.016831624321639541 0.74113187193870556 0.075317058712244048 0.26178121566772466 -0.0028968804981559511 0.96967065334320079 0.92236316204071056 0.26712341606616979 0.6428574025630952 1.0176715254783633 0.94259545207023632 0.97153580188751232 0.8330044448375703 0.90932521224021923 -0.22500000149011609 0.049329595640301711 0.8209669589996339 0.27500000596046453 0.98983368277549755 0.31617666780948644 -0.0018459421698935328 0.10526307299733163 0.97806948423385631 0.90572595596313488 0.050069035962224014 0.30000000447034841 1.0614877343177798
decision_type=10 10 10 10 10 10 8 10 8 10 10 10 10 10 10 10 10 2 10 10 2 10 10 10 8 10 10 10 10 10
left_child=1 24 -2 -4 -5 6 7 23 11 10 -10 -8 -13 20 17 16 -16 -15 -19 -11 -7 25 -17 -3 -1 -9 -26 -22 -6 -30
right_child=2 5 3 4 28 13 8 21 9 19 -12 12 -14 14 15 22 -18 18 -20 -21 27 -23 -24 -25 26 -27 -28 -29 29 -31
leaf_value=0.0001811579639500271 0.00099642499023430307 -0.0015373896240703044 -0.0041356783916617363 -0.0024682200944430889 0.024538910471926932 -0.021159016197252301 -0.0065150029035305592 0.0033390805446145361 -0.0031398720294741724 -0.00020989013714998203 0.0066648447692909066 -0.0015938094360324101 0.0042280976879193397 0.012960958839476122 0.015752549623443839 0.0041383722999414636 -0.01129633423523046 0.0040935565426423945 -0.0039246666491700348 0.0016936872854942206 -0.012228886340069406 0.00081733733953824085 -0.00029330115494296378 -0.0068365097010182835 6.9410387352063691e-06 -0.0016107938781880285 0.0021821990694481084 0.0038491452251220542 0.00096291189166783754 0.013180370355534831
leaf_weight=33284 2014 1939 288 251 191 141 1685 1096 949 86664 2538 22952 2635 612 515 2091 134 4006 707 12727 111 8911 19959 2734 6925 37429 18038 218 260 980
leaf_count=33284 2014 1939 288 251 191 141 1685 1096 949 86664 2538 22952 2635 612 515 2091 134 4006 707 12727 111 8911 19959 2734 6925 37429 18038 218 260 980
internal_value=6.81232e-06 -6.2642e-05 0.00474819 0.00838443 0.0107279 -0.000300037 -0.000496657 -0.00136462 -0.000146685 0.000166198 0.00390822 -0.00133722 -0.000979708 0.000946569 0.00111906 0.000407774 0.00954855 0.00408209 0.00281585 3.11365e-05 -0.00835202 -0.00102614 0.00011673 -0.00471756 0.000790973 -0.00146053 0.00159126 -0.00110569 0.0132513 0.0109127
internal_weight=272984 269000 3984 1970 1682 210753 182259 52109 130150 102878 3487 27272 25587 28494 28024 22699 649 5325 4713 99391 470 47436 22050 4673 58247 38525 24963 329 1431 1240
internal_count=272984 269000 3984 1970 1682 210753 182259 52109 130150 102878 3487 27272 25587 28494 28024 22699 649 5325 4713 99391 470 47436 22050 4673 58247 38525 24963 329 1431 1240
is_linear=0
shrinkage=0.03


Tree=10
num_leaves=31
num_cat=0
split_feature=16 25 29 57 41 3 12 55 14 36 1 71 76 37 35 35 52 36 140 23 121 138 24 25 88 37 6 76 6 30
split_gain=102.838 73.4502 54.5778 72.3302 68.8197 63.0403 77.5612 52.6608 73.0898 54.3666 51.2659 47.3947 57.6272 47.4625 46.4563 43.0192 62.3089 41.3149 60.6974 40.6517 35.4445 33.9289 33.8166 52.6799 49.9458 31.6887 30.7526 35.1762 28.6285 28.0506
threshold=1.2206377983093264 0.012410786934196951 -0.00062755055841989804 1.1707749962806704 -0.02948500961065292 0.01792514976114035 0.98710510134696972 0.93731585144996654 0.89384698867797863 0.79486623406410228 0.022371339611709121 0.22988544404506686 0.11666667088866235 0.85078144073486339 0.12371099367737771 0.80519810318946849 0.96697780489921581 0.80770382285118114 0.82000133395195018 0.017329806461930278 0.73777782917022716 0.51432242989540111 0.02959345001727343 0.06174908950924874 0.1372332498431206 0.65855157375335704 0.058824747800827033 0.15000000596046451 0.068967077881097807 -0.0041775035206228486
decision_type=10 10 10 10 10 10 10 10 8 10 10 10 2 10 10 10 10 10 10 10 10 10 10 10 10 10 10 2 10 10
left_child=1 25 4 5 20 7 -7 9 -9 -4 15 12 -12 -13 -8 -6 -17 28 -19 -20 22 -5 23 -3 -24 -1 29 -28 -2 -23
right_child=17 2 3 21 10 6 14 8 -10 -11 11 13 -14 -15 -16 16 -18 18 19 -21 -22 26 24 -25 -26 -27 27 -29 -30 -31
leaf_value=0.00064122876508778575 0.00682058230775031 0.00087196090730872248 -0.0087272576392913876 -0.005993027491113672 -0.0010898121618458962 -0.015820427505628148 -0.0018090051047880244 0.0046041956611467399 -0.00015038277611348591 0.0016769793713608614 -0.0057799245619957976 -0.0017514307852309573 -0.0015882669673304125 0.003357865832493838 0.0061842121442678257 -0.0026009137989027971 0.0024320335085318248 0 0 0.013353143002561784 0.0085015360254364625 -0.0071338879848427423 0.00036591137880853609 0.01608043106372601 -0.0039060888722731576 0.0027373796391506732 0.008676957230453107 0.001029547748599388 -0.00061465717490854133 0.0041275092890306593
leaf_weight=25320 629 19606 1237 233 44562 150 746 2970 107813 630 6011 13263 6323 1814 3172 3017 7840 581 219 1179 466 305 7329 190 3611 9016 1945 886 1443 491
leaf_count=25320 629 19606 1237 233 44562 150 746 2970 107813 630 6011 13263 6323 1814 3172 3017 7840 581 219 1179 466 305 7329 190 3611 9016 1945 886 1443 491
internal_value=-1.94992e-05 -9.22209e-05 -0.000282948 0.000159973 -0.00075387 2.34288e-05 0.00368514 -0.00010677 -1.94009e-05 -0.00507691 -0.0012071 -0.00227258 -0.00366141 -0.0011132 0.00458464 -0.00067406 0.00100366 0.00471154 0.0078306 0.0111789 0.000439684 0.00419005 0.000302252 0.00104915 -0.00102134 0.00120164 0.00495575 0.00641283 0.00154269 0
internal_weight=272997 268946 234610 120578 114032 116718 4068 112650 110783 1867 82830 27411 12334 15077 3918 55419 10857 4051 1979 1398 31202 3860 30736 19796 10940 34336 3627 2831 2072 796
internal_count=272997 268946 234610 120578 114032 116718 4068 112650 110783 1867 82830 27411 12334 15077 3918 55419 10857 4051 1979 1398 31202 3860 30736 19796 10940 34336 3627 2831 2072 796
is_linear=0
shrinkage=0.03


Tree=11
num_leaves=31
num_cat=0
split_feature=16 25 40 36 18 73 20 41 36 140 110 55 36 14 33 85 49 92 22 51 36 33 11 120 1 4 83 10 1 142
split_gain=120.574 72.1902 61.4255 74.7282 53.0974 69.8312 48.6208 56.9463 48.5069 60.7043 45.964 44.7518 82.9327 80.1568 68.2908 68.1041 50.6082 45.2448 44.0415 61.3496 42.0313 41.315 40.7272 37.7501 55.6587 31.8057 29.7947 27.316 27.1353 26.6139
threshold=1.2394970059394839 0.012410786934196951 -0.030343431979417797 0.82335302233695995 1.024536728858948 0.5000000149011613 1.072277903556824 -0.0029200392309576269 0.80461445450782787 0.72613099217414867 0.29705883562564855 0.93731585144996654 0.79486623406410228 0.88698756694793712 0.83287483453750621 0.82500001788139354 0.8330044448375703 0.50118210911750805 0.8598712980747224 0.86556467413902294 0.78832495212554943 0.9329836666584016 0.99580019712448131 0.69607850909233104 0.055469902232289321 0.47368504106998449 -0.3000000044703483 1.0191387534141543 0.039877237752079971 1.635336756706238
decision_type=10 10 10 8 10 10 10 10 10 10 2 10 10 8 10 2 10 10 10 10 10 10 10 10 10 10 10 10 10 10
left_child=1 27 3 18 11 6 7 -6 -2 -10 25 12 15 14 -13 -4 -15 -14 20 22 -3 -8 -20 -11 28 29 -21 -1 -25 -5
right_child=8 2 4 10 5 -7 21 -9 9 23 -12 13 17 16 -16 -17 -18 -19 19 26 -22 -23 -24 24 -26 -27 -28 -29 -30 -31
leaf_value=0.0013532595977285801 0.001959598086752209 -0.016452027130015624 -0.0038175560897431423 0.013299520064215175 -0.0046817322036258437 -0.0089460640305343148 0.005553526488883311 0.0062757087848671613 -0.0044072097675574538 0.019930779887563484 0.0001480085220166736 0.007718706742020116 0.010060491585739829 0.0075126615704393558 -0.0029747370460149391 -0.018044415290297239 -0.0004133857838029473 -0.004407001806320537 0.0072684309630529353 0.00051022133478075514 0.0027968953589492655 -0.0047690967842526242 -0.00032860275451355124 0.0064559236180561416 0.018020673168529653 0 -0.0040660199958204371 -0.0029830312046782276 -0.006565614111270132 0
leaf_weight=33059 1610 241 1051 1030 3425 1424 1255 448 194 422 772 1959 408 704 678 467 200707 307 1963 15889 121 434 824 378 291 205 1368 1302 192 176
leaf_count=33059 1610 241 1051 1030 3425 1424 1255 448 194 422 772 1959 408 704 678 467 200707 307 1963 15889 121 434 824 378 291 205 1368 1302 192 176
internal_value=-3.53117e-05 -0.00010396 -0.000292166 0.00119113 -0.000450778 -0.00302513 -0.00142887 -0.00331147 0.0058392 0.00978506 0.00645503 -0.000361855 -0.00457676 -0.000313815 0.00485471 -0.00856712 -0.000383449 0.00348952 0.00060755 0.00081287 -0.00942308 0.00270075 0.00492909 0.012196 0.00769804 0.00964584 0.000125802 0.00117858 0.00148737 0.0114869
internal_weight=273304 270217 235856 22589 213267 6986 5562 3873 3087 1477 2183 206281 2233 204048 2637 1518 201411 715 20406 20044 362 1689 2787 1283 861 1411 17257 34361 570 1206
internal_count=273304 270217 235856 22589 213267 6986 5562 3873 3087 1477 2183 206281 2233 204048 2637 1518 201411 715 20406 20044 362 1689 2787 1283 861 1411 17257 34361 570 1206
is_linear=0
shrinkage=0.03


Tree=12
num_leaves=31
num_cat=0
split_feature=32 47 42 6 138 81 38 31 25 40 84 12 159 13 1 122 8 41 31 15 58 112 33 33 53 16 34 115 11 16
split_gain=79.4291 66.4866 60.7377 58.718 57.2749 48.3058 49.1779 44.7732 44.4379 63.4961 70.0617 60.396 57.7642 53.2594 45.8724 53.1897 40.6985 38.6812 63.3811 39.8325 37.7655 37.0135 49.1085 36.0309 41.3963 45.1067 35.6181 63.3886 69.1138 68.9641
threshold=-0.0049950752872973672 1.0944131016731264 -0.077859010547399507 0.15384439378976825 0.50348633527755748 0.61666667461395275 -0.02792282588779926 -0.0075392194557934991 0.021421742625534538 -0.028458484448492524 0.84999999403953563 1.013124465942383 0.015203368850052358 1.0327028632164004 0.036666689440608032 0.43413670361042028 -0.33333481848239893 -0.036639105528593056 0.0062919335905462512 0.94542327523231517 0.97752636671066295 0.1651515141129494 0.4807694554328919 0.92703846096992504 0.97813132405281078 1.0675209164619448 0.24009247869253161 0.65234178304672252 0.98563537001609813 1.1063319444656374
decision_type=8 8 8 10 8 2 10 10 10 10 2 10 10 8 10 8 10 10 10 10 10 2 10 10 10 10 10 10 10 10
left_child=4 8 3 7 -1 -6 -7 -3 14 13 17 12 -12 -10 15 16 -2 19 -19 -11 -17 -5 -23 24 -8 -26 27 29 -29 -4
right_child=1 2 26 21 5 6 23 -9 9 10 11 -13 -14 -15 -16 20 -18 18 -20 -21 -22 22 -24 -25 25 -27 -28 28 -30 -31
leaf_value=-0.0046634837037478546 0.0045396422255211625 0.0067759642014668013 -0.00085305642616867428 0.0047577858547233716 0.00085482825878510854 0.022319322076166069 -0.0050127098944268362 -0.0021303765188843897 0.0047299152127697293 -0.012967503997751257 0.0032520136614753959 -0.013009227929126043 -0.0075580123497393159 -0.00038327038587499337 -0.003514739168249396 0.00275885861198684 0.0014086853914881789 -0.0012611384655452193 0.002794352405930004 -0.0019827182387156137 0.00021290195769704766 -0.011145636635737239 0.0032820624840867087 -0.0026123541491367649 -0.0016508988105978061 0.0080100564975451923 -0.0011927882471988176 0.014139064259138212 -0.00041843877257489846 0.0028050623782534217
leaf_weight=788 5264 556 29212 4655 3514 146 247 3834 3894 475 6850 207 442 3255 2125 5824 14644 40761 3732 981 55422 310 536 443 439 3169 74854 564 511 5476
leaf_count=788 5264 556 29212 4655 3514 146 247 3834 3894 475 6850 207 442 3255 2125 5824 14644 40761 3732 981 55422 310 536 443 439 3169 74854 564 511 5476
internal_value=-2.48705e-06 -9.67293e-05 -0.000617382 0.00162263 0.00280587 0.00359293 0.00567729 -0.000908734 0.000337301 -0.000277077 -0.00063689 0.00203437 0.00253686 0.00236542 0.000787906 0.000905104 0.00225534 -0.00108007 -0.000913128 -0.00589676 0.00046072 0.00369307 -0.00179357 0.00494173 0.00589624 0.00674926 -0.000820645 -3.31135e-05 0.00706395 -0.000265643
internal_weight=273130 264384 120508 9891 8746 7958 4444 4390 143876 60597 53448 7499 7292 7149 83279 81154 19908 45949 44493 1456 61246 5501 846 4298 3855 3608 110617 35763 1075 34688
internal_count=273130 264384 120508 9891 8746 7958 4444 4390 143876 60597 53448 7499 7292 7149 83279 81154 19908 45949 44493 1456 61246 5501 846 4298 3855 3608 110617 35763 1075 34688
is_linear=0
shrinkage=0.03


Tree=13
num_leaves=31
num_cat=0
split_feature=16 37 45 59 33 78 41 115 53 51 18 115 50 82 158 21 117 14 53 49 10 44 30 140 111 158 36 23 18 84
split_gain=95.4299 57.7309 63.497 89.3042 83.5228 51.0554 64.456 61.8635 50.2343 55.6585 49.7669 49.0403 48.2414 48.1727 46.344 49.9097 60.0853 46.3209 55.2655 42.029 109.692 96.8618 41.6704 41.9304 41.2918 40.7959 39.7165 39.5246 38.8248 38.7012
threshold=1.2206377983093264 0.71386143565177929 1.0269461274147036 0.9433082938194276 0.50590261816978466 0.30000000447034841 0.046067330986261375 0.66071423888206493 0.9897623360157014 0.87290439009666454 0.98232558369636547 0.30601087212562567 0.77039915323257457 0.57499998807907116 0.0028377451235428457 1.0568758249282839 0.33217075467109686 0.88698756694793712 1.0465302467346194 0.8330044448375703 1.010131359100342 1.0208520293235781 -0.0069329803809523574 0.81745141744613659 0.23205128312110904 0.0054981897119432696 0.78500786423683178 0.017329806461930278 1.0003985762596133 -0.35000000894069666
decision_type=10 8 8 10 8 10 10 10 10 10 10 10 10 2 10 10 10 8 10 10 10 10 10 10 2 10 10 10 8 2
left_child=1 2 3 5 11 6 13 -8 -6 12 -5 28 -10 -1 15 19 -17 -13 -19 20 24 -22 23 -2 -3 -7 -25 -28 -4 -18
right_child=22 14 4 10 8 25 7 -9 9 -11 -12 17 -14 -15 -16 16 29 18 -20 -21 21 -23 -24 26 -26 -27 27 -29 -30 -31
leaf_value=0.0010972226799954162 0 0.021689071798240978 -0.0019047533993622075 0.003086924174930456 -0.0039012886925079925 -0.00047314960975091639 -0.0031575039012325277 -0.012117490716128105 -0.010423613335770458 -6.4407225700025193e-05 0.00049812009492343934 0.007804644244553691 0.0043150576500265072 -0.0062113348940548542 -0.0020702653757816523 0.0035930165029119973 -0.0033764442077490963 -0.0017344636366415742 -0.009925161700073409 0.0011123356886666984 -0.020048056215258136 0.008836688388147251 0 0.0026775874013444134 0 0.0088112299072519787 0 0.013837670419499494 0.0029697430749377309 0.0027305475056451168
leaf_weight=2790 648 371 2340 7849 2852 2130 1911 1220 181 63611 48091 420 3896 1101 5120 1822 6094 57860 749 52969 166 206 1242 796 105 498 187 1150 3706 1032
leaf_count=2790 648 371 2340 7849 2852 2130 1911 1220 181 63611 48091 420 3896 1101 5120 1822 6094 57860 749 52969 166 206 1242 796 105 498 187 1150 3706 1032
internal_value=-3.33772e-05 -0.000103195 -0.000359393 0.000403909 -0.00073078 -0.0022498 -0.00359309 -0.00679874 -1.13404e-05 0.000149234 0.000867692 -0.00150579 0.00353981 -0.000915293 0.000651616 0.000879018 -0.00117671 -0.00177123 -0.0018476 0.0012267 0.00783447 -0.00365267 0.0045398 0.00656793 0.017202 0.00122619 0.0085819 0.0117848 0.00103364 -0.00244487
internal_weight=273113 269090 201205 65590 135615 9650 7022 3131 70540 67688 55940 65075 4077 3891 67885 62765 8948 59029 58609 53817 848 372 4023 2781 476 2628 2133 1337 6046 7126
internal_count=273113 269090 201205 65590 135615 9650 7022 3131 70540 67688 55940 65075 4077 3891 67885 62765 8948 59029 58609 53817 848 372 4023 2781 476 2628 2133 1337 6046 7126
is_linear=0
shrinkage=0.03


Tree=14
num_leaves=31
num_cat=0
split_feature=16 47 120 162 61 79 9 158 32 83 8 137 35 42 73 70 46 23 36 140 38 39 37 40 1 86 40 1 27 87
split_gain=97.1718 51.2821 54.7739 74.0925 60.7029 54.747 47.9723 46.1117 59.7476 49.8225 48.8573 48.3338 47.4322 52.4129 46.734 42.7633 41.6521 39.3274 47.7038 51.5885 38.7147 57.2113 37.2795 54.6701 38.8511 35.1567 32.3458 37.5601 32.2554 34.1011
threshold=1.2206377983093264 1.0944131016731264 0.25574485957622534 0.40467123687267309 0.78155454993247997 0.15000000223517421 0.97113367915153515 0.0029387004906311636 -0.0049950752872973672 0.5000000149011613 0.58139359951019298 0.5905255675315858 0.7827739715576173 0.0013303373707458379 0.30000000447034841 0.90432447195053112 1.0208333134651186 0.017193889245390895 0.80461445450782787 0.76384052634239208 -0.02034240402281284 -0.013173008803278206 0.68480640649795543 -0.041960727423429482 0.014124250039458277 -0.516666680574417 0.012080202344805004 0.050069035962224014 0.077740181237459197 0.82499998807907116
decision_type=10 8 8 8 10 2 10 10 8 10 10 10 10 10 8 10 10 10 10 10 8 8 10 10 10 2 10 10 10 2
left_child=1 2 6 4 -4 20 28 8 10 -9 15 12 13 -10 -14 25 -11 -2 -19 -20 -5 -22 24 -24 -6 -3 -8 -28 -1 -30
right_child=17 7 3 5 22 -7 26 9 11 16 -12 -13 14 -15 -16 -17 -18 18 19 -21 21 -23 23 -25 -26 -27 27 -29 29 -31
leaf_value=-0.0041110046049910873 -0.0016285370048498896 0.00453612883325761 0.016238644610382092 -0.011617491115280923 0.00062170213924734262 0.00024377625094179557 -0.0020150790781550301 -0.0012425631762952628 -0.0019342080493780368 0.0025035254042172295 0.0080624017415939705 0.00056199699019135853 0.0022229443077972301 -0.0002293362596348486 -0.0011336496449031491 -0.014222513327179264 -0.0086226868079704814 0.0021141047259279752 -0.00031791051367958012 0.012053290264575089 0.0090705651710010493 0.0028425948728393003 0.0086700044918207233 0.00094910929594022324 -0.00063242420137531175 -0.0013063854066562976 0.0028024840142185322 -0.011156216623572012 -0.025518105491928889 -0.001051127885482
leaf_weight=951 672 1939 193 121 39103 7714 7156 5984 37767 310 1226 29260 8054 29223 6803 134 1717 1694 327 1374 1605 9724 850 23023 51290 1634 2541 160 147 116
leaf_count=951 672 1939 193 121 39103 7714 7156 5984 37767 310 1226 29260 8054 29223 6803 134 1717 1694 327 1374 1605 9724 850 23023 51290 1634 2541 160 147 116
internal_value=2.9963e-05 -3.87467e-05 0.000343733 0.000513536 0.000221396 0.00224068 -0.0016759 -0.000487276 -0.000332112 -0.00269105 0.0028833 -0.000478065 -0.000853595 -0.00119526 0.000666341 0.00105588 -0.0067667 0.00462163 0.00594892 0.00952468 0.00355709 0.00376579 0.00018888 0.0012436 -8.65676e-05 0.00178834 -0.000940687 0.00178943 -0.00729033 -0.0166236
internal_weight=272812 268745 144694 133623 114459 19164 11071 124051 116040 8011 4933 111107 81847 66990 14857 3707 2027 4067 3395 1701 11450 11329 114266 23873 90393 3573 9857 2701 1214 263
internal_count=272812 268745 144694 133623 114459 19164 11071 124051 116040 8011 4933 111107 81847 66990 14857 3707 2027 4067 3395 1701 11450 11329 114266 23873 90393 3573 9857 2701 1214 263
is_linear=0
shrinkage=0.03


Tree=15
num_leaves=31
num_cat=0
split_feature=22 26 0 50 39 82 35 1 126 35 34 34 49 22 74 37 64 81 30 58 40 60 68 24 73 40 86 159 119 39
split_gain=68.1069 61.8666 55.3404 119.804 70.1712 63.0635 57.1238 54.9981 107.235 53.4576 51.6801 51.5513 61.8561 50.4959 48.861 54.0518 47.3051 40.2506 62.1466 45.0145 40.9531 46.2525 45.7783 36.2564 36.1326 40.2241 35.5403 33.8003 38.9767 37.083
threshold=1.1661723852157595 0.021769763901829723 -0.0073067413177341214 0.87559667229652416 0.020109895616769794 0.92500001192092907 0.86066958308219921 0.064701750874519362 -0.29957355558872217 0.81136345863342296 0.41535013914108282 0.93883177638053905 0.93890735507011425 0.9795236885547639 0.15000000223517421 0.62849655747413646 0.4083333313465119 0.083333335816860213 -0.00041884022357407952 0.93480259180068981 0.02751889452338219 0.94102954864501964 0.85245883464813244 0.051143486052751548 0.30000000447034841 -0.014097350183874367 0.88333332538604747 -0.0081220823340117914 0.4394677877426148 -0.012462081387639044
decision_type=10 10 10 10 10 2 10 10 10 10 10 10 10 10 2 10 10 2 10 10 10 10 10 10 8 8 2 10 10 10
left_child=1 16 3 6 9 -6 27 11 -9 13 17 12 -2 -5 15 -14 24 18 -4 -20 21 -19 -22 -8 -1 -26 -12 28 -3 -29
right_child=7 2 10 4 5 -7 23 8 -10 -11 26 -13 14 -15 -16 -17 -18 20 19 -21 22 -23 -24 -25 25 -27 -28 29 -30 -31
leaf_value=0.00063880325806580198 0.0085666844626328398 -0.0031505850288088737 -0.006209134181000847 0.001515813555488456 -0.017447001623255357 0.0011265275399182065 0.0013636245749305523 0.017141684487186882 -0.00090566409772261974 0.0025913959454669259 -0.0014378359967712835 0.01763457647134092 0.0049000179339987382 -0.00088655485101116899 0.0032238327666629534 -0.0068105624389132279 0.0012089170450824509 0.0035566402361253556 0.014070266010540147 -0.00083493529021369062 0.0011138971129116806 0.00038363857345508935 -0.0029945032758411441 -0.013237561947449152 -0.0034036310912147721 -0.00022333573012685087 0.0011210736493332185 0.011592087664632404 0.011302987306881755 0.0041386863717423096
leaf_weight=20715 758 544 2201 10418 371 231 1070 640 480 6731 66528 157 420 31559 1451 1463 49406 4826 166 7015 3942 30656 6035 156 5254 11875 5124 1539 214 1299
leaf_count=20715 758 544 2201 10418 371 231 1070 640 480 6731 66528 157 420 31559 1451 1463 49406 4826 166 7015 3942 30656 6035 156 5254 11875 5124 1539 214 1299
internal_value=8.3869e-06 -5.7684e-05 -0.000375562 0.000423559 -1.25473e-05 -0.0100306 0.00492679 0.0033485 0.00926375 0.000109179 -0.000719926 0.00168292 0.000915146 -0.000282745 -0.00077573 -0.00401685 0.000596885 -2.11748e-05 -0.00181314 -0.000410596 0.000342697 0.000825418 -0.00134225 -0.000436164 -0.000194426 -0.00121916 -0.00125039 0.00683046 0.000730037 0.00833835
internal_weight=273244 267875 180625 54132 49310 602 4822 5369 1120 48708 126493 4249 4092 41977 3334 1883 87250 54841 9382 7181 45459 35482 9977 1226 37844 17129 71652 3596 758 2838
internal_count=273244 267875 180625 54132 49310 602 4822 5369 1120 48708 126493 4249 4092 41977 3334 1883 87250 54841 9382 7181 45459 35482 9977 1226 37844 17129 71652 3596 758 2838
is_linear=0
shrinkage=0.03


Tree=16
num_leaves=31
num_cat=0
split_feature=16 25 38 58 24 26 138 117 25 33 62 46 78 40 34 28 86 13 80 97 6 160 24 129 10 82 38 10 32 100
split_gain=81.0842 52.2031 55.595 64.0174 67.9914 63.4198 64.2034 49.2823 48.5309 48.087 44.646 40.0222 62.6369 41.5133 40.8296 34.9837 34.4835 32.7588 31.178 55.0591 28.7453 29.1528 27.4366 27.4175 27.2945 29.0893 26.7744 51.2612 43.4343 26.3636
threshold=1.2394970059394839 0.012410786934196951 -0.00081632685032673169 0.90896162390708934 0.038074484094977386 0.069893267005682005 0.75289461016654979 0.66942158341407787 0.035480223596096046 0.97387737035751354 1.0852662920951845 1.0045803189277651 0.5000000149011613 -0.020191867835819718 0.025704671628773216 0.0043681715615093717 0.91666665673255932 0.95134663581848156 0.12500000372529033 0.20008553564548495 0.47368632256984716 1.1319391131401064 0.019326104782521728 1.0793563127517702 1.0176715254783633 0.19166667014360431 -0.014964751433581112 1.0167364478111269 0.0029931190656498079 0.39444445073604589
decision_type=10 10 10 10 10 10 10 10 10 10 10 10 10 10 10 8 2 8 2 10 10 10 10 10 10 2 8 10 10 2
left_child=1 24 5 4 -4 16 18 8 -8 10 -2 15 13 -13 -14 -5 26 -17 22 -20 21 -18 -7 -9 -1 -26 27 -3 -28 -6
right_child=9 2 3 11 29 6 7 23 -10 -11 -12 12 14 -15 -16 17 20 -19 19 -21 -22 -23 -24 -25 25 -27 28 -29 -30 -31
leaf_value=0.0012460329831057403 0.0005387109249772457 -0.0090243295724316604 0.0089330511140629995 -0.0016839004551932081 0 -0.0075312293568790389 -0.0056487691370953972 -0.0092746234184855388 0.0086442430350626986 -0.012640934993960257 0.0084964673512478196 -0.0088886940657477605 0.0019156708917580545 -0.0016517918115942962 -0.00049146323844014017 0 0.0063606430856195037 0.0043105498009946962 0 -0.015379621638395524 -0.0024192825009488111 -0.00085323244845025837 0.0068352165059407475 0.0042017209945666252 0.0014393985511752586 -0.0059800825671432536 -2.4510790590336809e-05 -0.00077344958411329999 0.0024966443548543665 -0.017180812522145809
leaf_weight=32411 1092 778 111 2373 102 116 193 250 2638 107 1851 732 6865 33397 75850 2687 1973 3757 754 275 581 576 549 223 798 980 88512 5373 6573 456
leaf_count=32411 1092 778 111 2373 102 116 193 250 2638 107 1851 732 6865 33397 75850 2687 1973 3757 754 275 581 576 549 223 798 980 88512 5373 6573 456
internal_value=1.25715e-06 -5.27871e-05 -0.000212778 -0.000642152 -0.00979026 0.00028049 0.00357694 0.00601386 0.00753182 0.00485034 0.00566856 -0.000589512 -0.000738295 -0.00182091 -0.00028764 0.00134544 0.000119096 0.00250917 -0.00101574 -0.00439082 0.00321087 0.00461979 0.00374451 -0.00239986 0.00104088 -0.00250426 1.99273e-05 -0.00189153 0.000147105 -0.014214
internal_weight=272933 269883 235694 126330 669 109364 4998 3304 2831 3050 2943 125661 116844 34129 82715 8817 104366 6444 1694 1029 3130 2549 665 473 34189 1778 101236 6151 95085 558
internal_count=272933 269883 235694 126330 669 109364 4998 3304 2831 3050 2943 125661 116844 34129 82715 8817 104366 6444 1694 1029 3130 2549 665 473 34189 1778 101236 6151 95085 558
is_linear=0
shrinkage=0.03


Tree=17
num_leaves=31
num_cat=0
split_feature=16 33 44 32 48 39 72 15 34 60 86 41 28 86 10 3 49 52 70 34 161 11 78 102 119 43 33 36 1 110
split_gain=79.7676 51.1258 80.8721 66.6853 56.9045 51.0311 55.991 51.9213 51.7472 65.4881 89.6396 50.1411 51.9464 44.2885 42.8395 52.9432 84.6169 46.0368 55.4936 39.4419 38.2663 37.6432 37.0741 44.4566 36.218 35.9714 62.2017 43.3848 41.1796 35.4836
threshold=1.2206377983093264 0.37253709137439733 1.0405647158622744 -0.0034855571575462814 0.98794132471084606 0.024417052976787094 0.93749985098838817 1.1418217420578005 0.40017513930797582 0.92070510983467113 0.48333333432674414 0.0077224869746714839 -0.0090477885678410513 -0.68333333730697621 1.0176715254783633 0.012251112144440414 0.8330044448375703 0.96805116534233104 0.90432447195053112 0.87956127524375927 -0.051484290510416024 0.99109789729118358 0.30000000447034841 0.38529014587402349 0.84615358710289013 1.0755487084388735 0.921093910932541 0.64114472270011913 0.053465308621525771 0.24264705926179889
decision_type=10 8 8 10 10 10 10 10 10 8 2 8 8 2 8 10 10 8 10 10 10 10 10 2 10 10 10 10 10 2
left_child=1 2 3 -1 -5 8 7 -7 9 10 -3 13 -13 -11 15 16 -10 18 -16 22 -17 -12 23 -2 -21 -24 27 -27 -28 -8
right_child=19 5 -4 4 -6 6 29 -9 14 11 21 12 -14 -15 17 20 -18 -19 -20 24 -22 -23 25 -25 -26 26 28 -29 -30 -31
leaf_value=0.0040348149992030643 0.023096602728785297 0.017340823414429923 -0.0018240887497147065 -0.00077042196560907336 0.0012269737743108931 -0.0037970154442830755 -0.00063705420834410712 0.0065966886719479485 0.0098472892999073806 -0.002566364267657635 0 0.011269974408248397 0.0017585771781103527 0.00058036430329185234 0.0030220242130366507 0.0020498492263695987 -0.00028852191647300862 -0.00037856097976242875 -0.013237454930337813 0.019498288624556052 -0.0051665433812208995 0.010249001831635076 -0.0021955476689405448 0.0033998121337965128 0.0026385175829664385 0 -0.011853948571677908 0.012263429891673172 0.0053003979692717793 0.0084581713730528529
leaf_weight=3488 152 489 31963 46265 17682 6609 792 425 728 4454 1188 524 22022 38681 9388 751 71227 7958 167 266 3238 398 1294 405 284 408 273 757 177 641
leaf_count=3488 152 489 31963 46265 17682 6609 792 425 728 4454 1188 524 22022 38681 9388 751 71227 7958 167 266 3238 398 1294 405 284 408 273 757 177 641
internal_value=2.12479e-05 -4.04362e-05 -0.000581633 3.1879e-06 -0.000213221 0.000274859 -0.00198672 -0.00310957 0.000395731 0.00102709 0.00627194 0.000854967 0.00200272 0.000247451 -5.89137e-05 -0.000370474 -0.000179098 0.00127392 0.00267946 0.00420822 -0.00372965 0.0024989 0.00287027 0.00990907 0.0117169 0.00136164 0.00438727 0.00810314 -0.00452985 0.00328532
internal_weight=273094 269078 99398 67435 63947 169680 8467 7034 161213 67756 2075 65681 22546 43135 93457 75944 71955 17513 9555 4016 3989 1586 3466 557 550 2909 1615 1165 450 1433
internal_count=273094 269078 99398 67435 63947 169680 8467 7034 161213 67756 2075 65681 22546 43135 93457 75944 71955 17513 9555 4016 3989 1586 3466 557 550 2909 1615 1165 450 1433
is_linear=0
shrinkage=0.03


Tree=18
num_leaves=31
num_cat=0
split_feature=16 25 40 71 18 18 19 123 24 42 23 29 22 137 4 41 113 33 17 1 100 138 110 1 23 16 13 47 87 36
split_gain=64.5141 51.0232 54.9896 69.5745 48.2902 47.9293 64.1195 41.7717 40.8018 38.7962 69.6002 46.0549 75.975 62.5148 37.4083 35.5358 34.1861 33.6633 38.9524 37.9044 36.9517 35.2996 29.3771 33.2952 28.0845 26.8247 45.7952 33.2228 26.6243 26.5133
threshold=1.2206377983093264 0.012543265242129566 -0.030343431979417797 0.57792210578918468 1.0271549224853518 1.024536728858948 1.0398405194282534 -0.11111133918166159 0.041798783466219909 -0.077859010547399507 0.0087148095481097716 -0.00029134574288036669 1.092613756656647 0.53467729687690746 0.42105157673358923 0.0020894365152344112 0.43511456251144415 0.97387737035751354 1.2522040009498598 0.064701750874519362 0.39444445073604589 0.64176785945892345 0.29705883562564855 0.03812129236757756 0.017329806461930278 1.1604010462760928 1.1029161214828493 1.2659233212471011 -0.94166666269302357 0.88444122672081005
decision_type=10 10 10 10 10 8 10 8 10 10 8 10 10 10 10 10 10 10 8 10 2 10 2 10 10 8 8 10 2 10
left_child=1 -1 3 7 8 9 15 25 29 10 -4 13 -13 -11 -12 -7 -10 18 -2 21 -21 -20 23 -6 -23 26 -3 -27 -26 -5
right_child=17 2 5 4 22 6 -8 -9 16 11 14 12 -14 -15 -16 -17 -18 -19 19 20 -22 24 -24 -25 28 27 -28 -29 -30 -31
leaf_value=0.0010509976363176229 0.00051873517820678417 0.00045848000426170393 0.016486971085918539 0.0021650607926723664 0.0050506695279340565 -0.0063872495499257831 0.00041710819288985358 -0.012349034001892205 -0.019917061730920699 -0.0013512011258271879 0.0031568253125444875 -1.5055603562492044e-05 0.0047385780738634269 0.00029495453449526277 -0.0035371136315930766 0.0022669083722793326 0.00025822713491471859 -0.009973971673508884 -0.0036408701882158453 0.0194525809516942 0.0014348375722082383 -0.0015593217331984072 0.00081671634812717552 0.016965277829687448 0 0 -0.0053719559792763097 0.0073583813381416473 0.010471562009417332 0.0099471893946591183
leaf_weight=35430 1600 12350 286 4172 545 3420 2978 215 111 60922 2946 105414 3092 31080 953 422 113 123 341 356 198 254 393 517 210 1081 1322 1017 979 455
leaf_count=35430 1600 12350 286 4172 545 3420 2978 215 111 60922 2946 105414 3092 31080 953 422 113 123 341 356 198 254 393 517 210 1081 1322 1017 979 455
internal_value=4.72244e-05 -8.40938e-06 -0.000170308 0.0012435 0.00390884 -0.000320829 -0.00279527 0.000169721 0.00236626 -0.000236654 0.00260798 -0.000297778 0.000118488 -0.000791896 0.00143443 -0.00535219 -0.00932291 0.00379108 0.00434504 0.00680972 0.01381 0.00434055 0.00874663 0.0113345 0.00645571 0.00037482 -9.04008e-05 0.00352039 0.00841353 0.0030344
internal_weight=273295 269234 233804 22291 6306 211513 6820 15985 4851 204693 4185 200508 108506 92002 3899 3842 224 4061 3938 2338 554 1784 1455 1062 1443 15770 13672 2098 1189 4627
internal_count=273295 269234 233804 22291 6306 211513 6820 15985 4851 204693 4185 200508 108506 92002 3899 3842 224 4061 3938 2338 554 1784 1455 1062 1443 15770 13672 2098 1189 4627
is_linear=0
shrinkage=0.03


Tree=19
num_leaves=31
num_cat=0
split_feature=16 26 86 3 55 49 3 69 39 0 123 45 25 11 41 123 42 5 81 85 83 4 29 80 106 17 108 11 119 115
split_gain=65.7988 54.9113 44.1957 86.297 55.5455 64.6662 73.5253 61.4621 58.1773 49.7299 41.6043 75.0404 44.5287 39.4449 38.777 37.9995 35.3706 73.7678 38.2379 34.5616 36.4583 33.6879 31.7853 31.6824 38.7256 31.3155 31.3086 31.0837 39.1785 31.0055
threshold=1.2394970059394839 0.019809450022876266 0.81666666269302379 0.01792514976114035 0.93731585144996654 0.8330044448375703 0.0074946356471627959 0.92207804322242748 0.025249272584915165 0.025147275999188427 0.18181890994310382 1.0383422970771792 0.035754250362515456 0.99118515849113475 -0.012987495865672825 0.18181890994310382 -0.077859010547399507 0.0034014376578852539 0.083333335816860213 0.87500000000000011 0.70000001788139354 0.375000610947609 -0.015768441371619698 0.52500000596046459 0.36939570307731634 1.150704085826874 -0.63333335518836964 0.98638841509819042 0.68585437536239635 0.39884418249130255
decision_type=10 10 2 10 10 10 10 10 10 10 10 10 10 10 10 8 10 10 2 2 10 10 10 2 2 8 2 10 10 10
left_child=1 15 4 10 19 6 8 -8 -6 23 12 14 -4 -14 -12 -1 17 -7 -18 20 -3 -13 25 24 -5 -2 -27 -24 29 -29
right_child=22 2 3 9 5 16 7 -9 -10 -11 11 21 13 -15 -16 -17 18 -19 -20 -21 -22 -23 27 -25 -26 26 -28 28 -30 -31
leaf_value=0.00010385446875676863 -0.0024629855486533497 0.0044118468651523973 0.00082312293889460271 0.0059972904590004745 0.018408777289538995 -0.0021760599395604764 0.0048338524259514308 -0.016191288336951815 -0.0019274677170921634 -0.0082715008709952232 -0.0074328866699444685 -0.0057907013139957197 0.01120946711791113 0.00078415087283218734 0.0005870934772964179 0.0015524148296995476 -0.0018008048549741896 0.003339274658783573 -0.00039755316913616382 -0.015862689570863252 -0.0086451493502174917 -0.024415648906947085 -0.0017865738538481914 -0.0024547576006562983 0.019251570416292031 0 0.014319762069270383 0.016628218072891318 0 0.00051031655678973316
leaf_weight=43588 131 284 3430 551 477 3351 402 155 131 105 552 548 873 624 10054 26496 19961 5972 151378 301 435 116 916 102 448 160 627 333 648 214
leaf_count=43588 131 284 3430 551 477 3351 402 155 131 105 552 548 873 624 10054 26496 19961 5972 151378 301 435 116 916 102 448 160 627 333 648 214
internal_value=-1.46405e-05 -6.51572e-05 -0.00031911 0.00111971 -0.000457802 -0.000416464 0.00655234 -0.000855441 0.0136276 0.00880976 0.000518465 -0.000464737 0.00282087 0.00712923 0.000128248 0.000656064 -0.000463783 0.00132435 -0.000562974 -0.00738872 -0.00310195 -0.0101018 0.00436637 0.0108249 0.0124967 0.00907357 0.0113791 0.00211264 0.00532862 0.011092
internal_weight=273363 270334 200250 17403 182847 181827 1165 557 608 1206 16197 11270 4927 1497 10606 70084 180662 9323 171339 1020 719 664 3029 1101 999 918 787 2111 1195 547
internal_count=273363 270334 200250 17403 182847 181827 1165 557 608 1206 16197 11270 4927 1497 10606 70084 180662 9323 171339 1020 719 664 3029 1101 999 918 787 2111 1195 547
is_linear=0
shrinkage=0.03


Tree=20
num_leaves=31
num_cat=0
split_feature=32 138 81 33 44 41 78 86 3 141 12 4 17 53 110 17 114 57 20 82 5 24 32 1 1 30 1 33 53 70
split_gain=58.1078 53.0559 61.2609 47.1696 91.2 47.7793 55.676 46.67 60.2298 46.5322 50.406 49.6709 46.4259 53.3878 45.3257 41.0704 40.7582 44.0143 37.6228 36.5421 79.186 41.2126 36.1296 39.4185 35.5226 58.6914 75.4486 35.2229 52.4477 44.8376
threshold=-0.0049950752872973672 0.50348633527755748 0.61666667461395275 0.37253709137439733 1.0405647158622744 0.049065001308918006 0.30000000447034841 0.68333333730697643 0.017324396409094337 0.98158955574035656 1.0033889412879946 0.076922725886106505 1.1340674161911013 1.0374999642372134 0.14642857760190967 0.76144650578498851 0.47727282345294958 1.1176471114158633 0.99069043993949901 0.24166666716337207 0.015243907924741508 0.055742703378200538 -0.0034855571575462814 0.014204510953277351 0.033147407695651061 -0.0045634668786078683 0.057770330458879478 0.90089738368988048 1.0551006197929385 0.31775718927383428
decision_type=8 8 2 8 8 10 10 2 10 10 10 10 10 10 2 8 10 10 8 2 10 10 10 10 10 10 10 10 10 10
left_child=1 -1 -3 4 22 7 9 24 12 -7 11 -11 13 -9 -10 -6 19 18 -18 20 -17 -21 -2 -24 -5 26 -26 28 29 -4
right_child=3 2 27 5 15 6 -8 8 14 10 -12 -13 -14 -15 -16 16 17 -19 -20 21 -22 -23 23 -25 25 -27 -28 -29 -30 -31
leaf_value=-0.0047275609645301064 0.0034201617955688019 0.00010363776367033668 0.00087074175955667913 0.00027086113145973828 0.0031884656039136874 0 0.0013624590830608014 0.00090788334124787963 0.014484493098460043 -0.0014519751368870192 0.0028181396947094726 -0.0095013208907148722 -0.0089607218290101501 0.0064082764508816784 0.0026015483322654504 -0.00062553860551319582 -0.0031110552427728744 0.0023132640086186143 -0.008551975543938899 -0.0025846915378944786 0.01212531122480961 0.0071291666393427499 0.00078015919383530685 -0.00074216149107677785 -0.00044930107660165063 -0.0025946368213994519 0.0092339067645910607 -0.00069094298772589061 0.016326682883955074 0.0081009679602686846
leaf_weight=807 2651 3535 1460 118643 1268 2030 2940 21906 531 1145 503 2229 375 1724 797 6108 3092 690 2132 16833 451 368 25093 38949 3182 9832 899 624 448 1919
leaf_count=807 2651 3535 1460 118643 1268 2030 2940 21906 531 1145 503 2229 375 1724 797 6108 3092 690 2132 16833 451 368 25093 38949 3182 9832 899 624 448 1919
internal_value=-1.77366e-05 0.0023773 0.00314275 -9.87042e-05 -0.000623073 0.000206587 -0.0019314 0.000328514 0.00150867 -0.00362048 -0.00553917 -0.00688274 0.00114642 0.00132695 0.0077199 -0.00196862 -0.00220108 -0.00445619 -0.00541294 -0.00162388 0.000239812 -0.00235141 0 -0.000140944 0.000100517 -0.00132886 0.00164528 0.00547806 0.00656027 0.0050887
internal_weight=273164 8793 7986 264371 97635 166736 8847 157889 25333 5907 3877 3374 24005 23630 1328 30942 29674 5914 5224 23760 6559 17201 66693 64042 132556 13913 4081 4451 3827 3379
internal_count=273164 8793 7986 264371 97635 166736 8847 157889 25333 5907 3877 3374 24005 23630 1328 30942 29674 5914 5224 23760 6559 17201 66693 64042 132556 13913 4081 4451 3827 3379
is_linear=0
shrinkage=0.03


Tree=21
num_leaves=31
num_cat=0
split_feature=16 26 33 32 42 39 15 33 25 120 45 17 86 17 0 41 93 6 38 15 24 24 20 7 23 14 4 59 37 73
split_gain=66.8116 50.2402 54.4732 51.6288 81.0024 50.0924 54.3606 59.8169 54.0219 52.2529 68.4601 51.0532 48.2933 42.1763 42.0358 40.6511 39.8488 43.1497 38.5247 37.3846 37.3216 35.8505 35.514 34.9872 34.931 33.588 31.1414 30.3701 29.1026 29.0053
threshold=1.2394970059394839 0.021648212336003784 0.2562058717012406 -0.0034201989183202382 -0.0016465605585835872 0.01746934745460749 1.1475881934165957 0.83901411294937145 0.033671133220195777 0.25574485957622534 1.1101068854331972 1.0503394007682803 0.81666666269302379 0.7380579710006715 -0.0025608373107388611 0.049065001308918006 0.22878384590148929 0.30555716156959539 -0.0011431621387600897 1.1321045756340029 0.03562521934509278 0.059231083840131767 1.0621626973152163 -0.030769309028983113 0.043943552300333984 1.0713627934455874 0.063830245286226286 1.0015810132026675 0.84093749523162853 0.30000000447034841
decision_type=10 10 8 10 10 10 10 10 10 10 10 10 2 8 10 10 10 10 10 10 10 10 10 8 10 10 10 8 10 8
left_child=1 23 3 4 21 8 7 14 11 24 -11 15 -9 26 -7 -4 -6 -18 -13 20 -15 -3 -8 -1 -10 -21 -5 -25 -28 -29
right_child=-2 2 5 13 16 6 22 12 9 10 -12 18 -14 19 -16 -17 17 -19 -20 25 -22 -23 -24 27 -26 -27 28 29 -30 -31
leaf_value=-0.0067945844793504588 0.0043931452909372563 -0.0059984140505638991 0.00054593169067047474 -0.0024568911155165973 0.00061333368839227393 -0.0090386037261047103 0.013652184186674176 -0.00064130830452759579 -0.001342977016857258 0.0029261615534092599 0.00016824832281790356 -2.659758281358912e-05 0.0068498061596144258 -0.0015893510580196647 -0.0025680613000947541 -0.0047715497578302455 0.0092405140861816417 0 -0.0021686860741878026 0.0078773059587832674 -0.0056308275632970485 0.010218872774332281 2.4614846475742522e-05 0.00093954796451493233 -0.014803684438260174 -0.0011208652719676307 0.014008986624469172 0.00056539396133965553 0.0019693126368195367 -0.0016524100344051424
leaf_weight=552 3077 1364 46676 410 2315 1043 307 4409 3686 16580 16304 14600 909 40988 9389 1302 1490 665 16311 671 2223 104 460 64087 170 698 326 12509 548 9058
leaf_count=552 3077 1364 46676 410 2315 1043 307 4409 3686 16580 16304 14600 909 40988 9389 1302 1490 665 16311 671 2223 104 460 64087 170 698 326 12509 548 9058
internal_value=1.10164e-05 -3.81063e-05 -0.000319206 -0.00114357 0.0014596 1.80404e-06 -0.00154029 -0.00193708 0.000224906 0.00117603 0.00156883 -0.000214435 0.000603806 -0.00148763 -0.00325975 0.000393451 0.00350355 0.00643624 -0.0011673 -0.00164726 -0.00180671 -0.00452598 0.00606872 0.000558165 -0.00208714 0.00312342 0.00376474 0.000610627 0.00700859 -0.00035284
internal_weight=273231 270154 183948 51802 5938 132146 16517 15750 115629 36740 32884 78889 5318 45864 10432 47978 4470 2155 30911 44580 43211 1468 767 86206 3856 1369 1284 85654 874 21567
internal_count=273231 270154 183948 51802 5938 132146 16517 15750 115629 36740 32884 78889 5318 45864 10432 47978 4470 2155 30911 44580 43211 1468 767 86206 3856 1369 1284 85654 874 21567
is_linear=0
shrinkage=0.03


Tree=22
num_leaves=31
num_cat=0
split_feature=32 138 1 137 46 120 13 81 141 40 1 13 77 41 15 120 14 28 45 81 10 118 76 14 71 79 47 36 139 38
split_gain=53.7795 48.7558 85.6023 49.1778 47.724 54.6917 46.4196 45.9124 58.0361 45.828 42.5351 42.1214 40.6392 55.7627 56.0978 49.2687 63.4967 94.2395 54.3618 48.1939 40.2933 42.9328 39.7625 55.4648 38.3959 38.2623 36.5508 33.8021 36.3731 32.9226
threshold=-0.0046467320062220088 0.8068063259124757 0.070059292018413558 0.98083889484405529 1.0748502612113955 0.7078249752521516 1.1147735714912417 0.28333334624767309 1.1036381125450136 -0.030343431979417797 0.053465308621525771 0.96219399571418773 0.091666668653488173 0.026705933734774593 0.88047227263450634 0.26159188151359564 0.88698756694793712 0.013333334121853115 1.0269461274147036 0.31666667759418493 1.0058479905128481 0.53608214855194103 0.48333333432674414 1.0409497022628786 0.68181821703910839 0.84999999403953563 1.2073624730110171 0.33215264976024633 0.74385890364646923 -0.022880334407091137
decision_type=10 8 10 8 10 10 10 2 10 10 8 8 2 10 8 10 8 10 10 2 8 10 2 10 10 2 10 10 8 10
left_child=1 2 20 29 9 6 11 8 -8 -2 -7 24 13 14 19 27 17 -17 -18 -11 -1 -22 23 -13 -6 -24 -16 -14 -29 -3
right_child=4 3 -4 -5 5 10 7 -9 -10 12 -12 22 15 -15 26 16 18 -19 -20 -21 21 -23 25 -25 -26 -27 -28 28 -30 -31
leaf_value=0.0029154656510036146 0.0025906071129553287 0.017816211294116719 0.012387369554316876 0.00035602652872416467 -0.0045234623312216705 0.00058260591454209552 -0.026921323994931298 -0.0022465070704020037 0 0.012165770698970547 0.008034088134384651 -0.00041652231692216517 0.0045622113975548068 -0.0034662267668423867 -0.00030100650278016644 0.013923532572725762 0.0011738465865047778 -0.001015929704850234 -0.00016965981237167276 -0.00013888063712124674 -0.0085827213231005114 -0.00085567825717632376 -0.0010593594171559222 -0.0024098631551733229 0.0083080260191435145 0.0016579165061837325 -0.0063441755537430259 0.0017599047587463505 -0.0030287710306641067 0.0048518704572855943
leaf_weight=1132 6952 190 404 2824 3945 15842 180 620 116 577 712 37196 687 5766 30283 761 51939 668 55971 460 1015 2020 8079 19341 188 10763 917 1658 7604 4052
leaf_count=1132 6952 190 404 2824 3945 15842 180 620 116 577 712 37196 687 5766 30283 761 51939 668 55971 460 1015 2020 8079 19341 188 10763 917 1658 7604 4052
internal_value=-1.14058e-05 0.00198103 -0.000374175 0.00354371 -0.000101458 -0.000629852 -0.000954893 -0.00763957 -0.0171294 0.00020876 0.000930508 -0.000872209 0.000101264 -0.000750209 -0.000253266 0.000375122 0.000561159 0.00681527 0.000474312 0.00652441 -0.00173635 -0.00357732 -0.000705064 -0.00110435 -0.00383035 0.000477021 -0.000492181 -0.00163635 -0.00213728 0.00558382
internal_weight=272862 11637 4571 7066 261225 96982 80428 916 296 164243 16554 79512 157291 38003 32237 119288 109339 1429 107910 1037 4167 3035 75379 56537 4133 18842 31200 9949 9262 4242
internal_count=272862 11637 4571 7066 261225 96982 80428 916 296 164243 16554 79512 157291 38003 32237 119288 109339 1429 107910 1037 4167 3035 75379 56537 4133 18842 31200 9949 9262 4242
is_linear=0
shrinkage=0.03


Tree=23
num_leaves=31
num_cat=0
split_feature=16 26 10 39 33 5 14 102 25 17 9 33 41 14 139 38 41 24 39 87 15 33 59 0 94 133 68 39 83 30
split_gain=52.4114 47.6679 59.9012 49.5157 50.1581 49.9974 64.7154 59.0624 48.5946 56.3165 50.048 54.7353 42.7363 53.6473 39.449 36.5991 35.4237 34.8691 34.3245 33.1192 31.1036 32.2412 47.2486 54.3004 40.6144 40.213 38.4355 36.3717 29.8548 29.2923
threshold=1.2394970059394839 0.021769763901829723 1.0355787277221682 0.01746934745460749 0.26178121566772466 0.018456339836120609 0.99480676651000988 0.4470884650945664 0.033671133220195777 1.0503394007682803 1.0052910447120669 0.9329836666584016 0.033541494980454452 0.91430118680000316 1.1880877614021303 -0.0018368525197729466 0.046067330986261375 0.03562521934509278 0.0061392856296151885 0.39166666567325598 1.1475881934165957 0.84461951255798351 0.88965931534767162 -0.0019979919306933876 0.55549365282058727 0.23457992821931842 0.77419397234916698 0.036363625898957259 0.30000000447034841 -0.0071641574613749972
decision_type=10 8 10 10 8 10 8 2 10 10 10 10 10 8 10 10 10 8 10 2 10 10 10 10 10 10 10 10 10 10
left_child=1 2 18 4 5 12 -7 -8 9 16 14 -12 17 -14 -10 -11 -6 -3 19 -1 21 22 24 -24 -5 26 -23 -27 -22 -2
right_child=29 3 -4 20 8 6 7 -9 10 15 11 -13 13 -15 -16 -17 -18 -19 -20 -21 28 25 23 -25 -26 27 -28 -29 -30 -31
leaf_value=-0.00012115127069142048 0.0058983268467938622 -0.0012055579993550396 -0.0094544953323707388 -0.022737118199746095 0.00061753217710062373 -0.0013481399134195641 -0.00025693990367072806 0.018024342748528092 0.00091140184696911848 0 0.0030400405882730565 -0.0025232599503701904 0.0096946627674245611 0.0001291023927990968 -0.0021213099665470607 -0.0020914628386181047 -0.0037379261111164467 -0.0056204531772043051 0.0016852014128747532 0.0014055517966631197 0 0.01842720167511808 -0.0075361336483968271 -0.0016495409726573638 0 -0.00056430000680132871 0.0018456339544258495 -0.010006584333820625 0.0094686774759194306 -0.0001514087599002002
leaf_weight=47471 2098 38709 510 174 45999 651 201 412 15694 13020 14051 1720 644 2908 5079 17465 1709 1709 21063 17345 929 120 1585 15173 133 2086 2453 450 395 947
leaf_count=47471 2098 38709 510 174 45999 651 201 412 15694 13020 14051 1720 644 2908 5079 17465 1709 1709 21063 17345 929 120 1585 15173 133 2086 2453 450 395 947
internal_value=2.89788e-05 -1.42185e-05 0.00056559 -0.000288896 -9.79238e-05 -0.000945053 0.00484823 0.0117373 0.000233541 -0.000185272 0.00113749 0.00241188 -0.00112054 0.00199196 0.000154148 -0.00119475 0.000453724 -0.00140234 0.000630775 0.000283081 -0.00157506 -0.00185049 -0.00247717 -0.00223251 -0.0139616 0.000185719 0.00287083 -0.00242234 0.00277342 0.00393026
internal_weight=272903 269858 86389 183469 159971 45234 1264 613 114737 78193 36544 15771 43970 3552 20773 30485 47708 40418 85879 64816 23498 22174 17065 16758 307 5109 2573 2536 1324 3045
internal_count=272903 269858 86389 183469 159971 45234 1264 613 114737 78193 36544 15771 43970 3552 20773 30485 47708 40418 85879 64816 23498 22174 17065 16758 307 5109 2573 2536 1324 3045
is_linear=0
shrinkage=0.03


end of trees

feature_importances:
KLEN=29
RSQR5=27
ROC30=21
IMXD30=20
RESI30=17
STD20=16
RSQR30=16
STD10=14
RESI20=14
STD30=13
RESI10=13
STD5=12
BETA60=12
HIGH0=11
QTLU5=11
SUMN20=11
ROC10=10
MA5=10
RESI5=10
RESI60=10
WVMA5=10
RSQR10=9
RSQR20=9
MIN10=9
QTLU20=9
IMIN30=9
KMID=8
ROC5=8
ROC20=8
ROC60=8
STD60=8
BETA20=8
QTLD20=8
IMIN5=8
IMXD60=8
KUP=7
KUP2=7
LOW0=7
RSQR60=7
MIN30=7
WVMA20=7
KLOW2=6
VWAP0=6
MAX10=6
MAX30=6
IMAX30=6
CNTD20=6
SUMP20=6
KLOW=5
MA60=5
BETA10=5
MAX20=5
MAX60=5
MIN20=5
QTLD5=5
QTLD10=5
RSV30=5
IMAX5=5
IMIN60=5
IMXD5=5
MA20=4
BETA5=4
RSV20=4
IMIN20=4
IMXD20=4
SUMN10=4
SUMD5=4
VSTD60=4
ORC_GAP_CONFIRMATION_20=4
KSFT2=3
BETA30=3
MIN5=3
QTLU60=3
RSV10=3
RSV60=3
IMAX60=3
IMXD10=3
CNTP60=3
CNTD5=3
SUMP10=3
SUMP60=3
SUMN30=3
SUMD30=3
ORC_GAP_ABSORPTION_20=3
ORC_OVERNIGHT_DOMINANCE_20=3
KMID2=2
KSFT=2
OPEN0=2
MA10=2
MA30=2
MAX5=2
MIN60=2
QTLU30=2
QTLD30=2
QTLD60=2
RANK10=2
RANK20=2
RSV5=2
IMAX10=2
IMIN10=2
CORD10=2
CNTP20=2
CNTD60=2
SUMP5=2
SUMN60=2
WVMA10=2
WVMA30=2
ORC_CLOSE_PRESSURE_VOLUME_20=2
ORC_INTRADAY_RANGE_RETURN_10=2
QTLU10=1
RANK60=1
CORR5=1
CORR20=1
CORR30=1
CORR60=1
CORD5=1
CORD60=1
CNTN5=1
CNTN30=1
CNTD30=1
SUMN5=1
SUMD20=1
VMA10=1
VMA20=1
VMA60=1
VSTD5=1
WVMA60=1
VSUMN30=1
VSUMD30=1

parameters:
[boosting: gbdt]
[objective: regression]
[metric: l2]
[tree_learner: serial]
[device_type: cpu]
[data_sample_strategy: bagging]
[data: ]
[valid: ]
[num_iterations: 500]
[learning_rate: 0.03]
[num_leaves: 31]
[num_threads: 12]
[seed: 20260813]
[deterministic: 1]
[force_col_wise: 1]
[force_row_wise: 0]
[histogram_pool_size: -1]
[max_depth: 7]
[min_data_in_leaf: 100]
[min_sum_hessian_in_leaf: 0.001]
[bagging_fraction: 0.8]
[pos_bagging_fraction: 1]
[neg_bagging_fraction: 1]
[bagging_freq: 1]
[bagging_seed: 20260813]
[bagging_by_query: 0]
[feature_fraction: 0.8]
[feature_fraction_bynode: 1]
[feature_fraction_seed: 20260813]
[extra_trees: 0]
[extra_seed: 13549]
[early_stopping_round: 0]
[early_stopping_min_delta: 0]
[first_metric_only: 0]
[max_delta_step: 0]
[lambda_l1: 10]
[lambda_l2: 20]
[linear_lambda: 0]
[min_gain_to_split: 0]
[drop_rate: 0.1]
[max_drop: 50]
[skip_drop: 0.5]
[xgboost_dart_mode: 0]
[uniform_drop: 0]
[drop_seed: 11866]
[top_rate: 0.2]
[other_rate: 0.1]
[min_data_per_group: 100]
[max_cat_threshold: 32]
[cat_l2: 10]
[cat_smooth: 10]
[max_cat_to_onehot: 4]
[top_k: 20]
[monotone_constraints: ]
[monotone_constraints_method: basic]
[monotone_penalty: 0]
[feature_contri: ]
[forcedsplits_filename: ]
[refit_decay_rate: 0.9]
[cegb_tradeoff: 1]
[cegb_penalty_split: 0]
[cegb_penalty_feature_lazy: ]
[cegb_penalty_feature_coupled: ]
[path_smooth: 0]
[interaction_constraints: ]
[verbosity: 1]
[saved_feature_importance_type: 0]
[use_quantized_grad: 0]
[num_grad_quant_bins: 4]
[quant_train_renew_leaf: 0]
[stochastic_rounding: 1]
[linear_tree: 0]
[max_bin: 255]
[max_bin_by_feature: ]
[min_data_in_bin: 3]
[bin_construct_sample_cnt: 200000]
[data_random_seed: 20260812]
[is_enable_sparse: 1]
[enable_bundle: 1]
[use_missing: 1]
[zero_as_missing: 0]
[feature_pre_filter: 1]
[pre_partition: 0]
[two_round: 0]
[header: 0]
[label_column: ]
[weight_column: ]
[group_column: ]
[ignore_column: ]
[categorical_feature: ]
[forcedbins_filename: ]
[precise_float_parser: 0]
[parser_config_file: ]
[objective_seed: 16743]
[num_class: 1]
[is_unbalance: 0]
[scale_pos_weight: 1]
[sigmoid: 1]
[boost_from_average: 1]
[reg_sqrt: 0]
[alpha: 0.9]
[fair_c: 1]
[poisson_max_delta_step: 0.7]
[tweedie_variance_power: 1.5]
[lambdarank_truncation_level: 30]
[lambdarank_norm: 1]
[label_gain: ]
[lambdarank_position_bias_regularization: 0]
[eval_at: ]
[multi_error_top_k: 1]
[auc_mu_weights: ]
[num_machines: 1]
[local_listen_port: 12400]
[time_out: 120]
[machine_list_filename: ]
[machines: ]
[gpu_platform_id: -1]
[gpu_device_id: -1]
[gpu_device_id_list: ]
[gpu_use_dp: 0]
[num_gpu: 1]

end of parameters

pandas_categorical:null
