tree
version=v4
num_class=1
num_tree_per_iteration=1
label_index=0
max_feature_idx=157
objective=regression
feature_names=KMID KLEN KMID2 KUP KUP2 KLOW KLOW2 KSFT KSFT2 OPEN0 HIGH0 LOW0 VWAP0 ROC5 ROC10 ROC20 ROC30 ROC60 MA5 MA10 MA20 MA30 MA60 STD5 STD10 STD20 STD30 STD60 BETA5 BETA10 BETA20 BETA30 BETA60 RSQR5 RSQR10 RSQR20 RSQR30 RSQR60 RESI5 RESI10 RESI20 RESI30 RESI60 MAX5 MAX10 MAX20 MAX30 MAX60 MIN5 MIN10 MIN20 MIN30 MIN60 QTLU5 QTLU10 QTLU20 QTLU30 QTLU60 QTLD5 QTLD10 QTLD20 QTLD30 QTLD60 RANK5 RANK10 RANK20 RANK30 RANK60 RSV5 RSV10 RSV20 RSV30 RSV60 IMAX5 IMAX10 IMAX20 IMAX30 IMAX60 IMIN5 IMIN10 IMIN20 IMIN30 IMIN60 IMXD5 IMXD10 IMXD20 IMXD30 IMXD60 CORR5 CORR10 CORR20 CORR30 CORR60 CORD5 CORD10 CORD20 CORD30 CORD60 CNTP5 CNTP10 CNTP20 CNTP30 CNTP60 CNTN5 CNTN10 CNTN20 CNTN30 CNTN60 CNTD5 CNTD10 CNTD20 CNTD30 CNTD60 SUMP5 SUMP10 SUMP20 SUMP30 SUMP60 SUMN5 SUMN10 SUMN20 SUMN30 SUMN60 SUMD5 SUMD10 SUMD20 SUMD30 SUMD60 VMA5 VMA10 VMA20 VMA30 VMA60 VSTD5 VSTD10 VSTD20 VSTD30 VSTD60 WVMA5 WVMA10 WVMA20 WVMA30 WVMA60 VSUMP5 VSUMP10 VSUMP20 VSUMP30 VSUMP60 VSUMN5 VSUMN10 VSUMN20 VSUMN30 VSUMN60 VSUMD5 VSUMD10 VSUMD20 VSUMD30 VSUMD60
feature_infos=[-0.17333331704139709:0.24100260436534882] [0:0.49935737252235413] [-1:1] [0:0.2583547830581665] [0:1] [0:0.19577737152576447] [0:1] [-0.21737830340862274:0.22217290103435516] [-1:1] [0.80580008029937744:1.2096774578094482] [1:1.2203390598297119] [0.79261672496795654:1] [0.89535439014434814:1.0984309911727905] [0.56168830394744873:1.5347062349319458] [0.53571426868438721:1.8924485445022583] [0.50147104263305664:2.0343248844146729] [0.45439684391021729:2.7393617630004883] [0.3651520311832428:2.6507797241210938] [0.73896104097366333:1.2064073085784912] [0.6396104097366333:1.4220441579818726] [0.58701300621032715:1.7117466926574707] [0.56915587186813354:1.7925502061843872] [0.52184808254241943:1.6932493448257446] [0:0.19015249609947205] [0:0.2603875994682312] [0:0.35442706942558289] [0:0.5104140043258667] [0:0.46013948321342468] [-0.11732283234596252:0.10957792401313782] [-0.11732283234596252:0.060255382210016251] [-0.11732283234596252:0.048169590532779694] [-0.11732283234596252:0.048169590532779694] [-0.11732283234596252:0.048169590532779694] [0:1] [0:1] [0:1] [0:1] [0:1] [-0.15930634737014771:0.075157612562179565] [-0.19312354922294617:0.18788224458694458] [-0.29853948950767517:0.28541278839111328] [-0.40098747611045837:0.33911812305450439] [-0.77570861577987671:0.41112944483757019] [1:1.5713194608688354] [1:1.9298244714736938] [1:2.1563692092895508] [1:3.0132980346679688] [1:3.0132980346679688] [0.56493508815765381:1] [0.5292208194732666:1] [0.47760707139968872:1] [0.44164761900901794:1] [0.35305655002593994:1] [0.86623376607894897:1.3299539089202881] [0.72197312116622925:1.6361554861068726] [0.5753246545791626:2.054157018661499] [0.54870128631591797:2.0762412548065186] [0.57493376731872559:2.000354528427124] [0.59188312292098999:1.1686868667602539] [0.53538960218429565:1.227020263671875] [0.5237005352973938:1.3664377927780151] [0.48244524002075195:1.5493515729904175] [0.43922850489616394:1.5099923610687256] [0.20000000298023224:1] [0.10000000149011612:1] [0.05000000074505806:1] [0.033333335071802139:1] [0.01666666753590107:1] [0:1] [0:1] [0:1] [0:1] [0:1] [0.20000000298023224:1] [0.10000000149011612:1] [0.05000000074505806:1] [0.033333335071802139:1] [0.01666666753590107:1] [0.20000000298023224:1] [0.10000000149011612:1] [0.05000000074505806:1] [0.033333335071802139:1] [0.01666666753590107:1] [-0.80000001192092896:0.80000001192092896] [-0.89999997615814209:0.89999997615814209] [-0.94999998807907104:0.94999998807907104] [-0.96666663885116577:0.96666663885116577] [-0.98333334922790527:0.98333334922790527] [-1:1] [-1:1] [-1:1] [-1:1] [-1:1] [-1:1] [-1:1] [-1:1] [-1:1] [-1:1] [0:1] [0:1] [0:0.94999998807907104] [0:0.92307692766189575] [0:0.92307692766189575] [0:1] [0:1] [0:0.89999997615814209] [0:0.8571428656578064] [0:0.8571428656578064] [-1:1] [-1:1] [-0.83333331346511841:0.92307692766189575] [-0.83333331346511841:0.92307692766189575] [-0.83333331346511841:0.92307692766189575] [0:1] [0:1] [0:1] [0:1] [0:1] [0:1] [0:1] [0:1] [0:1] [0:1] [-1:1] [-1:1] [-1:1] [-1:1] [-1:1] [0.20013266801834106:15222.455078125] [0.10012400150299072:19018.634765625] [0.050104878842830658:17437.12890625] [0.034610312432050705:22716.572265625] [0.017187755554914474:26107.111328125] [0.00080492562847211957:21624.73828125] [0.0021778203081339598:58684.484375] [0.0021778203081339598:44502.63671875] [0.0021778203081339598:36894.8125] [0.0021778203081339598:26550.70703125] [0:2.2360680103302002] [0:3.1615598201751709] [0:4.4708261489868164] [0:5.4658303260803223] [0:7.5986995697021484] [0:1] [0:1] [0:1] [0:1] [0:1] [0:1] [0:1] [0:1] [0:1] [0:1] [-1:1] [-1:1] [-1:1] [-1:1] [-1:1]
tree_sizes=3065 3088 3092 3072 3104 3099 3039 3127 3074 3084

Tree=0
num_leaves=31
num_cat=0
split_feature=16 46 41 36 22 29 55 23 14 81 114 28 44 5 45 11 25 19 32 23 127 35 85 30 86 40 48 1 41 28
split_gain=200.476 143.217 167.94 208.468 86.0442 81.109 78.9913 74.9565 67.1175 119.56 86.3831 61.6165 61.2872 56.7927 69.1905 64.4365 93.062 58.8548 56.6149 54.2167 51.4212 59.6803 58.8876 50.9461 67.4056 50.6883 74.8307 44.6472 44.6363 53.5188
threshold=1.2143616676330569 1.0362715721130373 -0.061722295358777039 0.77885299921035778 0.77822953462600719 -0.0034549008123576637 1.092548191547394 0.044257931411266334 0.89315879344940197 0.050000002607703216 0.55405405163764965 0.017108741216361526 1.037075996398926 0.0048308961559087047 1.0049180388450625 0.96684160828590404 0.054049959406256683 0.9554559886455537 0.0012598469038493933 0.024789126589894298 0.21649470180273059 0.75863370299339306 0.22500000149011615 -0.0069124242290854445 -0.78333333134651173 -0.026754193007946011 0.83903196454048168 0.054347816854715354 0.05538649111986161 0.022741337306797508
decision_type=10 10 8 10 8 10 10 10 8 2 8 8 10 10 10 10 8 10 8 10 10 10 2 10 2 10 10 10 10 10
left_child=1 13 3 20 12 6 11 19 9 -7 -10 -6 -4 -1 15 16 17 -15 -18 -5 21 -3 -22 24 27 -14 -27 -2 -16 -30
right_child=23 2 4 7 5 8 -8 -9 10 -11 -12 -13 25 14 28 -17 18 -19 -20 -21 22 -23 -24 -25 -26 26 -28 -29 29 -31
leaf_value=0.0011128867478648503 0.0089845219855942751 2.4959405752899898e-10 0.0071241947272675374 0.010363738140255803 -0.0018996158726174329 -0.011216717172163531 0.00075803543072711197 -0.0024666480662474438 0.00015742532054902639 0.0064777495488829509 -0.001442195315860132 -0.014287878516971737 -0.0016465797877426773 0.016283530072168283 -0.00049520395436040868 0.00084240460910771006 -0.013049059265740333 0.002029925354551443 0.0060207986036932516 0.029750903915068808 0.017724954630544524 0.0094004842988823934 0.0029229946865486881 0.0016110838366057852 0.0020396688918465694 2.4959405752899898e-10 -0.02344186264680934 0.021006897584004328 -0.010693514602712659 0.00059232348922287842
leaf_weight=90199 1298 6517 144 342 57374 366 11108 112 90568 2621 45500 352 342 839 37128 6234 251 458 250 363 352 650 922 1382 932 161 436 457 839 587
leaf_count=90199 1298 6517 144 342 57374 366 11108 112 90568 2621 45500 352 342 839 37128 6234 251 458 250 363 352 650 922 1382 932 161 436 457 839 587
internal_value=-9.9271e-06 -8.68288e-05 -0.000564602 0.00337919 -0.000741064 -0.000695093 -0.00153813 0.0177069 -0.000275461 0.00414968 -0.000375403 -0.00198527 -0.00912098 0.0006732 -0.00017179 0.00234918 0.00734168 0.0115853 -0.00309152 0.0213052 0.00191839 0.000874401 0.00745529 0.00659388 0.00901502 -0.0120217 -0.017233 0.0124856 -0.000705709 -0.0058964
internal_weight=359084 355015 218230 9258 208972 207889 68834 817 139055 2987 136068 57726 1083 136785 46586 8032 1798 1297 501 705 8441 7167 1274 4069 2687 939 597 1755 38554 1426
internal_count=359084 355015 218230 9258 208972 207889 68834 817 139055 2987 136068 57726 1083 136785 46586 8032 1798 1297 501 705 8441 7167 1274 4069 2687 939 597 1755 38554 1426
is_linear=0
shrinkage=1


Tree=1
num_leaves=31
num_cat=0
split_feature=16 46 41 71 50 39 29 57 28 77 29 17 77 60 28 30 60 122 36 33 68 50 28 83 85 12 39 84 86 53
split_gain=176.685 140.96 144.603 165.09 79.856 77.4933 74.441 108.929 71.1067 103.9 75.3753 67.6915 88.0147 59.3197 66.7223 57.0608 54.3552 76.1333 53.7686 51.4254 51.2024 77.0634 67.3332 94.0975 68.4379 53.9887 58.8205 48.3776 46.3581 46.1988
threshold=1.2143616676330569 1.0274916887283327 -0.065046347677707658 0.61111125349998485 0.71171173453331005 0.012611797079443933 -0.0035255964612588282 1.168366074562073 0.014947527553886177 0.34166666865348821 -0.014904940966516731 1.0826563239097597 0.32500000298023229 1.0167996287345888 -0.010422775987535713 -0.0069124242290854445 0.89320516586303722 0.38827474415302282 0.70410513877868663 0.89733082056045543 0.92941144108772289 0.95434522628784191 0.020756043493747715 0.70000001788139354 0.67499998211860668 1.0062025189399721 0.0050182249397039422 -0.84999999403953541 -0.78333333134651173 0.97851935029029857
decision_type=10 10 8 10 8 10 10 10 10 2 8 8 2 10 10 10 10 10 10 10 10 10 10 10 2 10 10 2 2 8
left_child=1 4 3 16 18 -5 8 13 10 -10 -4 12 -9 14 -8 28 -3 -18 -1 -13 21 25 -22 -24 -25 29 -27 -19 -2 -6
right_child=15 2 6 5 20 -7 7 11 9 -11 -12 19 -14 -15 -16 -17 17 27 -20 -21 22 -23 23 24 -26 26 -28 -29 -30 -31
leaf_value=-0.020182152873098637 0.011612808774248326 -0.015740960891559429 0.0054455417148467824 0.017103559702381713 -0.0061950303086023483 -0.0074094686381419601 0.0027028343933226729 0.027643669787066755 0.0013133087022579276 -0.021113731563397631 -0.0014849051972162844 0.003832169366129064 1.427738842639056e-05 -0.0034497418549844752 -0.0004290918873390398 0.00090010457001982798 0.010667251172857526 0.0055315247723412894 0.0014361620508134365 -0.0058079749456914935 0.0016358399789577957 0.0018121342011879671 0.018586909162228969 -0.0034343275332302426 0.010426258536316138 0.0012556313442435958 0.010188173910563501 -0.00066670148152925485 0.0027702752127357409 -0.00023416183706424662
leaf_weight=252 1771 133 1406 968 1184 102 6340 220 300 379 67235 4578 222 5582 151426 1349 815 1489 124 518 22093 27874 504 643 570 3444 840 4318 926 51604
leaf_count=252 1771 133 1406 968 1184 102 6340 220 300 379 67235 4578 222 5582 151426 1349 815 1489 124 518 22093 27874 504 643 570 3444 840 4318 926 51604
internal_value=-6.89303e-06 -7.89104e-05 -0.000477723 0.00352429 0.00081736 0.0143985 -0.000610732 -0.000268706 -0.00143937 -0.0110216 -0.00133703 0.00385634 0.0150172 -0.00041085 -0.000301004 0.00621039 0.0017201 0.00216231 -0.0125827 0.00277475 0.000868751 0.00051917 0.00210186 0.00783769 0.00289905 -0.000107473 0.00311602 0.000884661 0.00872993 -0.000375837
internal_weight=359209 355163 246031 7825 109132 1070 238206 168886 69320 679 68641 5538 442 163348 157766 4046 6755 6622 376 5096 108756 84946 23810 1717 1213 57072 4284 5807 2697 52788
internal_count=359209 355163 246031 7825 109132 1070 238206 168886 69320 679 68641 5538 442 163348 157766 4046 6755 6622 376 5096 108756 84946 23810 1717 1213 57072 4284 5807 2697 52788
is_linear=0
shrinkage=0.03


Tree=2
num_leaves=31
num_cat=0
split_feature=16 46 54 50 62 23 38 122 51 50 79 3 49 23 38 39 118 34 81 57 39 35 121 35 1 25 7 17 26 15
split_gain=185.394 103.415 89.2191 86.4893 77.0955 65.4825 64.86 217.111 102.349 89.5224 97.9469 133.024 69.8092 63.3627 62.7398 89.4397 62.0788 59.3127 58.5156 69.1076 55.7627 53.2346 52.4902 49.17 66.4531 48.1929 74.8415 66.5121 116.174 53.9287
threshold=1.23911988735199 1.0274916887283327 1.0771454572677615 0.71171173453331005 0.85378503799438488 0.051622867584228523 -0.016666687093675133 0.3520954847335816 0.90291264653205883 0.87519913911819469 0.15000000223517421 0.015350876376032831 0.96834582090377819 0.015855494886636737 0.0031527092214673762 -0.0047613787464797488 0.42857177555561071 0.20634251832962039 0.050000002607703216 0.88288757205009472 -0.039497122168540948 0.54535406827926647 0.2361068204045296 0.62217015027999889 0.056666675955057151 0.0160676958039403 0.034220501780509956 0.74518537521362316 0.074994582682847991 0.86288520693779003
decision_type=10 10 10 8 10 10 8 10 10 10 2 10 10 10 10 10 8 10 2 10 8 10 10 10 10 10 10 10 10 10
left_child=1 3 6 -1 5 -4 7 18 17 10 11 -8 -12 -2 20 -16 -6 -9 19 -3 -11 -15 -20 -18 -25 -5 -27 29 -29 -28
right_child=13 2 4 25 16 -7 9 8 -10 14 12 -13 -14 21 15 -17 23 -19 22 -21 -22 -23 -24 24 -26 26 27 28 -30 -31
leaf_value=-0.013219020524665111 -0.0033687238970628026 -0.037560562924004906 0.010306855411673586 0.0015132398096531353 -0.018293003519453729 -0.008656963800475391 0.0022452109692664285 0.010413610697335604 -0.0056166489470552538 0.0078534662606478314 -0.00096975388650987642 0.012872598798825005 0.0099812768716415166 0.0015072334661354659 0.0012272583134375749 -0.0018829803933369256 -0.00025552295468528671 0.00028755385318782759 0.0084509055115720641 -0.012273347143348842 -0.00030718586982819029 0.012278581384449351 -0.011871214420908712 0.002226192797590842 0.012891544902771652 -7.8470522168074227e-05 0.0045919027200935518 0.0025368784818161801 -0.023356914632367314 0.01722357181328037
leaf_weight=377 350 185 1441 45726 124 152 4990 701 2195 735 8221 1370 538 635 9731 53093 6268 2119 111 356 150125 1739 534 3873 618 57749 1095 3458 142 482
leaf_count=377 350 185 1441 45726 124 152 4990 701 2195 735 8221 1370 538 635 9731 53093 6268 2119 111 356 150125 1739 534 3873 618 57749 1095 3458 142 482
internal_value=7.76159e-06 -5.11893e-05 -0.00039111 0.00071756 0.00207425 0.00822648 -0.000523433 -0.00355278 -0.000738349 -0.000439718 0.00178474 0.00461464 -0.000241735 0.00777654 -0.000598664 -0.00139622 0.00113276 0.00296595 -0.0149953 -0.0224861 -0.000264403 0.00955942 -0.00777381 0.001418 0.00381099 0.000771102 0.000226742 0.00367628 0.00130924 0.00880789
internal_weight=359233 356509 247480 109029 12476 1593 235004 6201 5015 228803 15119 6360 8759 2724 213684 62824 10883 2820 1186 541 150860 2374 645 10759 4491 108652 62926 5177 3600 1577
internal_count=359233 356509 247480 109029 12476 1593 235004 6201 5015 228803 15119 6360 8759 2724 213684 62824 10883 2820 1186 541 150860 2374 645 10759 4491 108652 62926 5177 3600 1577
is_linear=0
shrinkage=0.03


Tree=3
num_leaves=31
num_cat=0
split_feature=16 29 42 57 38 122 18 31 36 50 6 13 28 1 1 51 69 3 73 17 57 50 117 109 14 1 31 1 28 76
split_gain=165.8 117.819 115.499 95.4864 102.716 171.703 95.4617 95.2458 89.9706 87.3642 87.1784 86.8774 76.2252 74.1409 72.8198 77.5183 115.302 68.9783 66.0677 76.1635 65.4645 63.9766 61.7441 60.8327 56.9064 55.1201 53.6259 52.5599 51.5882 50.3192
threshold=1.2143616676330569 -0.00037621137744281436 -0.10211594775319098 1.168366074562073 -0.017809609882533547 0.3520954847335816 0.9524848759174348 0.009065166115760805 0.78180941939353954 0.71171173453331005 0.33333678543567663 0.99390822649002086 0.020756043493747715 0.020183457061648372 0.016895440407097343 0.84483674168586742 0.26771649718284612 0.013066587038338186 0.70000001788139354 1.0826563239097597 1.2256256341934206 0.74476817250251781 0.44656999409198767 0.11805555596947671 0.97721144556999218 0.059184322133660323 -0.008273282088339327 0.044658780097961433 0.0069124386645853528 0.083333335816860213
decision_type=10 8 10 10 8 10 10 10 10 8 10 10 10 10 10 10 10 10 10 8 10 10 10 2 8 10 10 10 10 2
left_child=1 2 13 4 5 10 26 9 25 -6 23 21 -11 -1 29 16 -16 -13 19 -5 -2 -9 -15 -3 -17 -7 -4 -10 -24 -8
right_child=20 3 6 18 7 8 14 11 27 12 -12 17 -14 22 15 24 -18 -19 -20 -21 -22 -23 28 -25 -26 -27 -28 -29 -30 -31
leaf_value=-0.0043563635478434575 -0.00066270700598593864 -0.00043028713274907205 0.0012446480784054897 0.028663798726965926 -0.014889625668716879 -0.0054610844061935325 0.0014696008978077042 -0.0049370525113017231 0 0.00029591292465948413 0.0020973580075564599 0.0057137331952566931 0.0049580202828020696 -0.0046266626505810614 0.0093342002290517662 -0.0066816188725573834 -0.00089165876743223888 0.022656774332018612 0.00058037034511481496 0.0068291003455008617 0.0081190676547821077 0.0049500502585765735 0.0067689790213843921 -0.022183057429110333 -0.0014839309085879463 0.0047385438953478354 -0.018958865611503523 0.019711831289260261 -0.011396691377295235 -0.00048613140617110364
leaf_weight=856 925 172 126 153 317 1951 14895 766 269 181770 198 665 3203 489 1447 1966 2926 379 1630 1822 3119 2138 4219 718 73483 582 385 254 116 57122
leaf_count=856 925 172 126 153 317 1951 14895 766 269 181770 198 665 3203 489 1447 1966 2926 379 1630 1822 3119 2138 4219 718 73483 582 385 254 116 57122
internal_value=1.74522e-05 -5.06785e-05 -0.000661563 0.00043789 0.000345765 -0.00430832 -0.00081993 0.000449712 -0.000534258 0.000349446 -0.0144373 0.00505435 0.000378791 0.00352151 -0.000773323 -0.00139747 0.00245082 0.0124567 0.00526777 0.00894137 0.00604318 0.00222356 0.00499356 -0.0184107 -0.00162508 -0.00298127 -0.013553 0.010438 0.00616389 -7.71746e-05
internal_weight=359061 355017 158030 196987 193382 4144 152350 189238 3056 185290 1088 3948 184973 5680 151839 79822 4373 1044 3605 1975 4044 2904 4824 890 75449 2533 511 523 4335 72017
internal_count=359061 355017 158030 196987 193382 4144 152350 189238 3056 185290 1088 3948 184973 5680 151839 79822 4373 1044 3605 1975 4044 2904 4824 890 75449 2533 511 523 4335 72017
is_linear=0
shrinkage=0.03


Tree=4
num_leaves=31
num_cat=0
split_feature=41 36 29 29 38 117 22 58 26 27 40 31 24 64 42 35 18 118 26 37 48 38 68 43 6 62 128 138 123 116
split_gain=152.309 171.649 126.417 110.277 107.547 147.127 92.9099 85.0967 69.5016 68.4531 84.4455 68.3855 115.36 92.5585 64.3529 64.2038 70.386 61.1568 60.6747 59.6411 56.1899 53.0195 50.2483 46.8604 45.3943 49.331 44.3483 44.3111 41.5346 39.9917
threshold=-0.065046347677707658 0.68039068579673778 -0.0001869841507868841 -0.014904940966516731 -0.017809609882533547 0.6469303071498872 1.0945568084716799 0.93896615505218517 0.018415388651192192 0.067782606929540648 0.0010368990479037168 0.009065166115760805 0.09879480674862863 0.47499999403953558 -0.11656101047992705 0.76200509071350109 0.94604137539863598 0.43589745461940771 0.015470853075385095 0.84801870584487926 0.98248744010925304 0.010271027684211733 0.39999841153621679 1.1234674453735354 0.31578813493251806 0.80062615871429454 1.2194564342498782 0.972729653120041 0.076921675354242339 0.2788566946983338
decision_type=10 10 10 10 10 8 10 10 10 10 10 10 10 10 8 10 10 10 10 10 8 10 10 10 10 10 10 10 10 10
left_child=1 14 3 17 5 9 11 -7 28 23 -11 12 18 -13 -1 16 -10 -2 -6 -18 26 -15 -17 27 25 -9 -3 -4 -5 -8
right_child=2 20 4 8 6 7 29 24 15 10 -12 13 -14 21 -16 22 19 -19 -20 -21 -22 -23 -24 -25 -26 -27 -28 -29 -30 -31
leaf_value=0.0059245568404375894 -0.011740607185607873 0.010384579843867127 -0.011382603956315377 -0.00018993841979525334 0.0015926000607063787 0.0026445409219176723 -0.0087707436109821374 -0.024765394327754715 -0.016881035027190058 -0.0013862309370330651 0.013388906745327623 0.022202688892645869 -0.017694337088375995 0.0050110470694292725 -7.6241822632532613e-05 0.0013737410795363007 -0.0017373360823963136 0.0074664688202555054 0.0001417801808807727 0.00076917364687378073 0.0072773645800867093 -0.0042903227439757049 -0.0013298409269112174 0.0067487865878788173 -0.001347736894324535 -0.0013847459460477401 0.028325831742944899 -0.00044892375271865184 0.0022587668829593325 0.0061837858873585311
leaf_weight=2208 132 416 858 31584 31641 194 136 579 252 913 512 235 297 2674 5442 13995 83464 1991 147243 9331 1300 643 11011 224 165 129 282 637 7702 3265
leaf_count=2208 132 416 858 31584 31641 194 136 579 252 913 512 235 297 2674 5442 13995 83464 1991 147243 9331 1300 643 11011 224 165 129 282 637 7702 3265
internal_value=1.58704e-05 0.00373104 -8.59472e-05 -0.000709707 0.000435053 -0.00428665 0.000543935 -0.0138217 -0.00080336 -0.000888944 0.00382667 0.00045039 0.000366589 0.00456802 0.00162757 -0.00116754 -0.0015305 0.00603383 0.000400227 -0.00148195 0.0115402 0.00310317 0.000171162 -0.00496962 -0.0177941 -0.0210725 0.018638 -0.00698935 0.000283402 0.00545031
internal_weight=359455 9648 349807 159462 190345 4211 186134 1067 157339 3144 1425 182733 179181 3552 7650 118053 93047 2123 178884 92795 1998 3317 25006 1719 873 708 698 1495 39286 3401
internal_count=359455 9648 349807 159462 190345 4211 186134 1067 157339 3144 1425 182733 179181 3552 7650 118053 93047 2123 178884 92795 1998 3317 25006 1719 873 708 698 1495 39286 3401
is_linear=0
shrinkage=0.03


Tree=5
num_leaves=31
num_cat=0
split_feature=16 46 41 36 53 38 17 6 29 57 41 53 125 30 61 23 36 27 99 119 117 110 34 56 86 15 48 122 5 114
split_gain=165.234 118.297 115.691 176.125 81.8279 79.9804 177.95 80.7552 80.0746 84.0546 79.5511 65.1918 63.91 61.2317 59.2292 58.3972 67.3147 51.8061 56.6219 50.9748 48.7745 65.836 47.0444 46.8499 73.1212 45.9405 65.4677 58.8326 55.75 53.7736
threshold=1.2143616676330569 1.0270610451698305 -0.061722295358777039 0.78180941939353954 1.0910723209381106 -0.017809609882533547 0.74518537521362316 0.31578813493251806 -0.0035255964612588282 1.168366074562073 -0.034469444304704659 1.0016433000564577 -0.40909098088741297 -0.0052849273197352878 0.78846105933189403 0.025155183859169487 0.8256688416004182 0.067782606929540648 0.78888890147209179 0.26348300278186804 0.61461046338081371 0.29705883562564855 0.78381764888763439 1.1745963692665102 -0.78333333134651173 0.76670557260513317 0.92205879092216503 0.36609202623367315 0.0048308961559087047 0.74358984827995311
decision_type=10 10 8 10 10 8 8 10 8 10 10 10 8 10 8 10 10 10 2 10 10 2 10 10 2 8 8 8 8 10
left_child=1 22 3 20 15 6 7 -4 10 14 11 -7 -12 -11 -10 -5 -17 18 -8 -19 -3 -22 25 -2 -25 -1 27 29 -28 -27
right_child=23 2 5 4 -6 8 17 -9 9 13 12 -13 -14 -15 -16 16 -18 19 -20 -21 21 -23 -24 24 -26 26 28 -29 -30 -31
leaf_value=-0.0096791093484820644 0.00086183065470030813 0.0005697560476549189 -0.019447387368994144 0.0088259932235814614 -0.0049951598620511422 -0.0087031079867723547 -0.0060038668618721969 0.00088468266651034347 0.0048250930964751759 -0.00072723614675560184 5.9382482687799935e-05 0.00081991148930120534 -0.0025019403603061224 0.005892257238433546 -0.00032350413513192438 0.0085053681437464706 0.039449815245993107 0.016972091537618052 0.0079153597813060549 0.00045686040351140415 0.011398072621796707 -0.0048853283886556523 -0.00029994372277564207 0.012198042173656734 0.0019083867120268342 0.013227662833031076 0.0014986468874609029 0.0016384017927969729 -0.00026927492537573287 0.0028207740089563234
leaf_weight=327 1233 7348 824 334 111 651 2075 185 2011 1835 10929 16088 40085 3497 157689 146 210 178 266 1434 853 258 27936 1656 1124 1050 51361 2833 22956 942
leaf_count=327 1233 7348 824 334 111 651 2075 185 2011 1835 10929 16088 40085 3497 157689 146 210 178 266 1434 853 258 27936 1656 1124 1050 51361 2833 22956 942
internal_value=-1.01125e-05 -7.96535e-05 -0.000441832 0.00283898 0.0161454 -0.000571107 -0.00433998 -0.0154832 -0.000489115 -0.000130539 -0.00135781 0.000421705 -0.00194753 0.00356391 -0.000256197 0.0200137 0.0286844 -0.00135655 -0.00424155 0.00264997 0.00150847 0.00733192 0.00075041 0.00602702 0.00818825 0.0011234 0.00117426 0.00456998 0.000948587 0.0085324
internal_weight=358425 354412 247007 9260 801 237747 4962 1009 232785 165032 67753 16739 51014 5332 159700 690 356 3953 2341 1612 8459 1111 107405 4013 2780 79469 79142 4825 74317 1992
internal_count=358425 354412 247007 9260 801 237747 4962 1009 232785 165032 67753 16739 51014 5332 159700 690 356 3953 2341 1612 8459 1111 107405 4013 2780 79469 79142 4825 74317 1992
is_linear=0
shrinkage=0.03


Tree=6
num_leaves=31
num_cat=0
split_feature=16 46 41 71 53 24 38 17 29 42 42 5 79 29 28 85 8 20 140 126 31 7 27 16 15 84 82 38 81 61
split_gain=145.429 115.021 120.885 130.974 84.7253 83.8714 76.2999 215.937 97.0524 92.5207 85.407 80.0347 64.7611 63.217 58.149 80.0519 89.0123 62.0829 55.2715 54.789 63.4124 53.7673 53.1484 58.0544 52.6988 52.5006 50.8367 60.0763 48.3083 47.3528
threshold=1.2143616676330569 1.0270610451698305 -0.061722295358777039 0.61111125349998485 1.049180328845978 0.075475085526704802 -0.017809609882533547 0.74518537521362316 0.0088909254409372824 0.012515320908278229 0.13004022836685183 0.018999688327312473 0.15000000223517421 -0.0035255964612588282 0.022741337306797508 0.57500001788139354 0.70000469684600841 0.89515522122383129 1.7977305650711062 0.44250874221324926 0.0075730858370661744 -0.041802182793617242 0.067782606929540648 1.005004405975342 0.88033887743949901 0.45000000298023229 0.37500000000000006 0.013136034831404688 0.48333333432674414 0.81877860426902782
decision_type=10 10 8 10 10 10 8 8 10 10 10 10 2 8 10 2 10 8 10 10 10 10 10 8 10 2 2 10 2 8
left_child=1 5 3 21 24 14 7 11 10 -10 13 -4 -11 -8 17 25 -17 19 -18 -1 -21 -3 23 -9 -5 -16 27 -23 -24 -19
right_child=-2 2 6 4 -6 -7 8 22 9 12 -12 -13 -14 -15 15 16 18 29 -20 20 -22 26 28 -25 -26 -27 -28 -29 -30 -31
leaf_value=-0.012299088091329314 0.0056254656312055172 -0.0039745087708767807 -0.019760532873478467 0.012721234161562669 0.021510637381561393 -0.012667116852738499 -0.0013638473114838522 0 -0.0045752681445035059 0.0078638579632358159 -0.020875179325716513 0.0023611306952541758 0.00138494262731525 -0.00026573660069486872 0.0084175581113494768 0.00090982777026570028 0.0221698554032124 0.0061539396092628604 0 0.0053259447472884533 -0.0090679484703365502 0.0064405663389602713 -0.00081504000224539945 -0.0096036472043096854 -0.0016787965381430564 -0.0076272943685575184 -0.00030514159592500849 -0.0045357201112095607 0.0095064418088000417 0.0006916626118686108
leaf_weight=583 4021 1333 883 400 488 397 67852 1376 1164 2768 168 143 3056 158071 262 535 526 1445 133 611 462 3156 970 932 426 477 2936 475 629 102017
leaf_count=583 4021 1333 883 400 488 397 67852 1376 1164 2768 168 143 3056 158071 262 535 526 1445 133 611 462 3156 970 932 426 477 2936 475 629 102017
internal_value=-3.23108e-05 -9.76134e-05 -0.000454513 0.00290796 0.0116354 0.000720713 -0.000586176 -0.004279 -0.000506372 0.00296338 -0.000615194 -0.0164043 0.00453192 -0.000596954 0.000775521 0.00592501 0.010699 0.000676865 0.0179435 -0.0050277 -0.000649662 0.00139275 -0.000951108 -0.00390799 0.00507586 -0.00147169 0.00253652 0.00490552 0.00312711 0.000772025
internal_weight=358695 354674 247226 9214 1314 107448 238012 4933 233079 6988 226091 1026 5824 225923 107051 1933 1194 105118 659 1656 1073 7900 3907 2308 826 739 6567 3631 1599 103462
internal_count=358695 354674 247226 9214 1314 107448 238012 4933 233079 6988 226091 1026 5824 225923 107051 1933 1194 105118 659 1656 1073 7900 3907 2308 826 739 6567 3631 1599 103462
is_linear=0
shrinkage=0.03


Tree=7
num_leaves=31
num_cat=0
split_feature=41 36 44 22 99 56 53 33 39 117 73 33 86 41 26 39 26 35 82 41 42 82 24 46 124 69 42 11 126 124
split_gain=131.628 206.606 104.103 105.321 96.3738 123.304 74.336 74.1901 73.4028 71.9988 65.1412 71.0775 60.9777 59.897 65.7834 78.0463 69.1368 60.2512 85.0132 84.3796 53.7444 46.6471 46.3482 45.6608 61.5903 43.4491 40.4637 39.5108 39.0039 37.3988
threshold=-0.061722295358777039 0.7726314663887025 1.0374332070350649 1.1686274409294131 0.76388889551162731 0.9359058439731599 0.99498054385185253 0.36890189349651342 -0.06390300020575522 0.48460125923156744 0.90000000596046459 0.79424458742141735 -0.74999999999999989 -0.036895094439387315 0.061292326077818877 0.058543978258967407 0.015208478085696699 0.19285756349563601 0.075000002980232253 -0.00045799696817994112 -0.11656101047992705 0.37500000000000006 0.025563491508364681 1.0046229958534243 0.081632543355226531 0.037736313417553909 0.01810137648135424 0.92932400107383739 0.30171833932399755 -0.61953863501548756
decision_type=8 10 10 10 2 10 10 8 10 10 10 10 2 8 10 10 10 10 2 10 10 2 10 10 8 10 10 10 10 10
left_child=1 20 13 4 5 10 9 -8 -3 -7 -4 -12 22 -2 16 17 26 19 -19 -16 29 -22 -5 27 -25 -10 -15 -18 -23 -1
right_child=2 8 3 12 -6 6 7 -9 25 -11 11 -13 -14 14 15 -17 23 18 -20 -21 21 28 -24 24 -26 -27 -28 -29 -30 -31
leaf_value=0.009093210517703865 -0.0058577693198934204 -0.0045122851848379891 -0.0049675890822531025 -0.0051857626027289466 0.0068317162392673714 -0.00015537335379287303 -0.0018695416905813336 -0.00025025424426924718 0.0029898613047771505 -0.0078720369240152643 -0.03068728357420436 -0.0026659083653383115 -0.0013206867439077446 0.00076809848638408279 -0.0005282615794743778 -0.011957749397118741 -0.0098450739999405221 0.0069583834819462714 0.00031364172556542819 0.013188261021080281 0.0028914886949848433 -0.0032483209611133342 0.0090820344878258293 0.00047799425676317087 -0.00078006224689648306 0.021457808656822629 0.0031226196003110531 0.0015976005985923573 0.0083486116477669292 0.0012953092549860127
leaf_weight=1287 1411 114 817 189 1378 1960 39028 74774 188 2680 232 164 951 40763 574 299 250 2311 7185 1070 3210 2965 1866 56870 90357 785 7996 15831 255 1151
leaf_count=1287 1411 114 817 189 1378 1960 39028 74774 188 2680 232 164 951 40763 574 299 250 2311 7185 1070 3210 2965 1866 56870 90357 785 7996 15831 255 1151
internal_value=-3.52687e-05 0.00336156 -0.00013322 -0.000831458 -0.000971578 -0.00106508 -0.000963866 -0.00080845 0.0156195 -0.00469145 -0.0105285 -0.0204897 0.00468027 0.000250556 0.000290981 0.00250691 0.000169813 0.00294276 0.0019735 0.00827008 0.00179352 0.000300642 0.0075879 -0.000124542 -0.000292071 0.0183237 0.00116149 0.00138907 -0.00219147 0.0055743
internal_weight=358911 9955 348956 124039 121033 119655 118442 113802 1087 4640 1213 396 3006 224917 223506 11439 212067 11140 9496 1644 8868 6430 2055 163308 147227 973 48759 16081 3220 2438
internal_count=358911 9955 348956 124039 121033 119655 118442 113802 1087 4640 1213 396 3006 224917 223506 11439 212067 11140 9496 1644 8868 6430 2055 163308 147227 973 48759 16081 3220 2438
is_linear=0
shrinkage=0.03


Tree=8
num_leaves=31
num_cat=0
split_feature=54 29 57 41 1 38 127 25 28 77 36 68 138 42 51 5 71 35 62 72 117 59 116 126 15 51 53 139 52 69
split_gain=135.554 121.84 106.961 98.6367 118.559 95.1036 91.7966 86.6096 79.5213 106.385 73.0016 76.9961 79.722 68.2564 65.9884 60.4208 59.9941 56.0852 53.5122 51.8877 51.6334 49.7834 48.5432 48.4223 47.8142 47.6242 47.4186 47.1006 45.3605 43.4039
threshold=1.0876560807228091 -0.0035255964612588282 1.168366074562073 -0.061722295358777039 0.036689737811684615 -0.024172487668693062 0.29976712167263037 0.013436455745249988 0.014395839534699919 0.34166666865348821 0.63633441925048839 0.11904612556099893 0.67765152454376232 -0.10211594775319098 0.83292108774185192 0.0075821471400558957 0.93764701485633861 0.76544305682182323 0.84067225456237804 0.58823505043983471 0.59549909830093395 1.0042236447334292 0.47721181809902197 0.29745030403137213 1.0325203537940981 0.97593834996223461 0.99249127507209789 0.76202157139778148 0.97695389389991771 0.10465139523148538
decision_type=8 8 10 8 10 8 10 10 8 2 10 8 10 10 10 10 10 10 8 10 10 10 8 10 10 10 10 10 8 10
left_child=1 8 3 4 23 6 27 25 13 -10 18 12 -12 15 -15 20 -9 24 -2 -6 -1 -19 28 -3 -16 -7 -11 -5 -20 -24
right_child=10 2 -4 5 19 7 -8 16 9 26 11 -13 -14 14 17 -17 -18 21 22 -21 -22 -23 29 -25 -26 -27 -28 -29 -30 -31
leaf_value=-0.0028917754664370431 0.0096974177364078859 -0.0050045901668728347 0.0040093580268952302 -0.018544759282158863 -0.00026233577491858832 0.0015962662475194451 -0.018176815417074201 -0.00041860910488008933 0.00027619565360766221 -0.028803277306855144 -0.008877490924183027 0.011915488045016926 0.0062450542750640218 0.0045219820207843108 -0.001007232114743998 0.010517497411921928 0.0011078072656302775 -0.0013950984275080916 0.0046727955012014245 0.019503819535307689 0.0095863486072283108 0.0020081513768659518 -0.0090869777640871282 0.0078575847769179231 -0.0028974904402985528 -0.00010907792242665699 -0.0062787086062442354 0 -0.0010457334955413576 0.0011381063783147301
leaf_weight=1124 655 593 6402 119 110 44319 468 176830 406 247 392 1577 1201 1677 25639 795 26575 8546 2790 621 382 7012 734 438 23929 21597 203 1013 2109 643
leaf_count=1124 655 593 6402 119 110 44319 468 176830 406 247 392 1577 1201 1677 25639 795 26575 8546 2790 621 382 7012 734 438 23929 21597 203 1013 2109 643
internal_value=8.81741e-08 -9.8314e-05 0.0001814 9.01401e-05 0.00712615 4.27498e-05 -0.00720208 8.74357e-05 -0.00121817 -0.0102431 0.00342354 0.007209 0.00227383 -0.00109911 -0.00127788 0.00392817 -0.000217618 -0.00143318 0.00163328 0.0162022 0.000160892 0.000120099 0.000715879 0.000219753 -0.00192661 0.00103311 -0.0199801 -0.0021676 0.00215576 -0.00414962
internal_weight=359146 349045 279085 272683 1762 270921 1600 269321 69960 856 10101 3170 1593 69104 66803 2301 203405 65126 6931 731 1506 15558 6276 1031 49568 65916 450 1132 4899 1377
internal_count=359146 349045 279085 272683 1762 270921 1600 269321 69960 856 10101 3170 1593 69104 66803 2301 203405 65126 6931 731 1506 15558 6276 1031 49568 65916 450 1132 4899 1377
is_linear=0
shrinkage=0.03


Tree=9
num_leaves=31
num_cat=0
split_feature=15 46 40 36 35 38 58 1 122 51 116 24 32 39 14 31 35 86 73 49 73 68 40 5 39 28 35 39 36 5
split_gain=134.589 106.902 78.1024 135.456 117.642 83.1246 82.6072 75.4438 81.4004 73.7522 71.0783 69.4154 62.5383 71.8309 57.671 54.9086 52.9821 52.1266 64.7053 51.4555 49.4334 47.8957 73.7109 64.3092 63.4326 60.6098 114.171 59.3332 49.5125 49.2047
threshold=1.1472690105438235 1.0358549952507021 -0.043515978381037705 0.82254397869110119 0.80191415548324596 -0.024172487668693062 1.0234250426292422 0.059184322133660323 0.59928545355796825 0.96210056543350231 0.38461540639400488 0.09879480674862863 -0.005031964508816599 0.019327206537127498 0.83154666423797619 -0.005490861600264906 0.47549882531166082 -0.58333334326744068 0.90000000596046459 0.94611307978630077 0.30000000447034841 0.94444540143013012 0.039230501279234893 0.0053262291476130494 0.0015479621943086388 0.020756043493747715 0.6790580451488496 0.046753738075494773 0.15388929098844531 0.0038363338680937891
decision_type=10 10 8 10 10 10 10 10 10 10 10 10 8 8 10 10 10 2 10 10 10 8 10 10 10 10 10 10 10 10
left_child=1 11 3 5 -5 -3 -6 8 9 -2 -9 21 17 15 -7 -14 -11 18 -4 -10 -16 22 23 -1 28 -23 29 -26 -24 -27
right_child=7 2 12 4 6 14 -8 10 19 16 -12 -13 13 -15 20 -17 -18 -19 -20 -21 -22 25 24 -25 27 26 -28 -29 -30 -31
leaf_value=0.00092165656919076242 -3.706784219892318e-05 -0.0083490894122995457 0.010801332895996369 0.017002244556074339 0.0070175164088498764 0.014828492341912351 -0.019801878702755158 0.014808816893278808 0.0067771041438516016 -0.0068067049897718628 0 -0.018171526875102231 0.0024777080739327721 -0.002682299466869641 -0.00064704385696622284 -0.00066848555563949993 0.0092879442994714418 0.00020673658541131898 -0.00099722874414667415 -0.0036950045911869488 0.0035197689384977378 0.0013890630382593005 -0.0031866095756413414 -0.00064658669004023252 -0.0077547029441148753 -0.0051723631041596524 0.018404840985904374 0.010912002812965862 0.020282216780618124 0.0069839789363407012
leaf_weight=77921 1491 823 1176 880 273 264 136 933 492 163 405 157 5081 15988 6227 176820 2441 3015 571 2138 4227 19811 124 33472 2119 489 547 135 133 671
leaf_count=77921 1491 823 1176 880 273 264 136 933 492 163 405 157 5081 15988 6227 176820 2441 3015 571 2138 4227 19811 124 33472 2119 489 547 135 133 671
internal_value=-1.76455e-05 -0.000106594 -0.000522548 0.00173918 0.0109007 0.000672899 -0.00170853 0.00380869 0.00243915 0.00509259 0.010334 0.000552265 -0.000667377 -0.000750418 0.00140787 -0.000578692 0.00812195 0.00270943 0.0068076 -0.00158639 0.00101264 0.000578867 0.000330288 0.000447698 -0.0047221 0.00187925 0.00731253 -0.00641862 0.0084632 0.0016044
internal_weight=359123 351060 215481 12830 1289 11541 409 8063 6725 4095 1338 135579 202651 197889 10718 181901 2604 4762 1747 2630 10454 135422 113904 111393 2511 21518 1707 2254 257 1160
internal_count=359123 351060 215481 12830 1289 11541 409 8063 6725 4095 1338 135579 202651 197889 10718 181901 2604 4762 1747 2630 10454 135422 113904 111393 2511 21518 1707 2254 257 1160
is_linear=0
shrinkage=0.03


end of trees

feature_importances:
RESI30=11
BETA5=10
BETA10=10
RSQR30=10
RESI5=10
RSQR20=9
RESI10=9
KLEN=8
ROC30=7
RESI60=7
MAX30=7
KLOW=6
MIN20=6
QTLU5=6
QTLU60=6
ROC20=5
ROC60=5
STD5=5
STD30=5
BETA30=5
MIN30=5
IMXD30=5
SUMP60=5
SUMN60=5
STD10=4
RESI20=4
RSV5=4
IMAX5=4
KLOW2=3
ROC10=3
MA60=3
STD20=3
STD60=3
BETA20=3
RSQR5=3
MIN5=3
QTLD60=3
RSV10=3
RSV30=3
IMAX60=3
IMIN30=3
IMIN60=3
IMXD20=3
SUMP30=3
SUMD30=3
KUP=2
KSFT=2
LOW0=2
MA5=2
BETA60=2
RSQR10=2
MAX10=2
MIN10=2
QTLU10=2
QTLU30=2
QTLD5=2
QTLD20=2
QTLD30=2
IMIN10=2
IMXD10=2
CNTP10=2
SUMP10=2
SUMN5=2
SUMD10=2
SUMD60=2
WVMA5=2
KSFT2=1
VWAP0=1
ROC5=1
MA10=1
MA20=1
RSQR60=1
MAX5=1
MAX20=1
MIN60=1
QTLU20=1
QTLD10=1
RANK10=1
RSV60=1
IMAX30=1
IMXD5=1
CNTD10=1
CNTD20=1
SUMN10=1
SUMN30=1
SUMD5=1
SUMD20=1
VMA5=1
WVMA10=1
WVMA20=1

parameters:
[boosting: gbdt]
[objective: regression]
[metric: l2]
[tree_learner: serial]
[device_type: cpu]
[data_sample_strategy: bagging]
[data: ]
[valid: ]
[num_iterations: 500]
[learning_rate: 0.03]
[num_leaves: 31]
[num_threads: 12]
[seed: 20260812]
[deterministic: 1]
[force_col_wise: 1]
[force_row_wise: 0]
[histogram_pool_size: -1]
[max_depth: 7]
[min_data_in_leaf: 100]
[min_sum_hessian_in_leaf: 0.001]
[bagging_fraction: 0.8]
[pos_bagging_fraction: 1]
[neg_bagging_fraction: 1]
[bagging_freq: 1]
[bagging_seed: 20260812]
[bagging_by_query: 0]
[feature_fraction: 0.8]
[feature_fraction_bynode: 1]
[feature_fraction_seed: 20260812]
[extra_trees: 0]
[extra_seed: 9622]
[early_stopping_round: 0]
[early_stopping_min_delta: 0]
[first_metric_only: 0]
[max_delta_step: 0]
[lambda_l1: 10]
[lambda_l2: 20]
[linear_lambda: 0]
[min_gain_to_split: 0]
[drop_rate: 0.1]
[max_drop: 50]
[skip_drop: 0.5]
[xgboost_dart_mode: 0]
[uniform_drop: 0]
[drop_seed: 26770]
[top_rate: 0.2]
[other_rate: 0.1]
[min_data_per_group: 100]
[max_cat_threshold: 32]
[cat_l2: 10]
[cat_smooth: 10]
[max_cat_to_onehot: 4]
[top_k: 20]
[monotone_constraints: ]
[monotone_constraints_method: basic]
[monotone_penalty: 0]
[feature_contri: ]
[forcedsplits_filename: ]
[refit_decay_rate: 0.9]
[cegb_tradeoff: 1]
[cegb_penalty_split: 0]
[cegb_penalty_feature_lazy: ]
[cegb_penalty_feature_coupled: ]
[path_smooth: 0]
[interaction_constraints: ]
[verbosity: -1]
[saved_feature_importance_type: 0]
[use_quantized_grad: 0]
[num_grad_quant_bins: 4]
[quant_train_renew_leaf: 0]
[stochastic_rounding: 1]
[linear_tree: 0]
[max_bin: 255]
[max_bin_by_feature: ]
[min_data_in_bin: 3]
[bin_construct_sample_cnt: 200000]
[data_random_seed: 20260812]
[is_enable_sparse: 1]
[enable_bundle: 1]
[use_missing: 1]
[zero_as_missing: 0]
[feature_pre_filter: 1]
[pre_partition: 0]
[two_round: 0]
[header: 0]
[label_column: ]
[weight_column: ]
[group_column: ]
[ignore_column: ]
[categorical_feature: ]
[forcedbins_filename: ]
[precise_float_parser: 0]
[parser_config_file: ]
[objective_seed: 6428]
[num_class: 1]
[is_unbalance: 0]
[scale_pos_weight: 1]
[sigmoid: 1]
[boost_from_average: 1]
[reg_sqrt: 0]
[alpha: 0.9]
[fair_c: 1]
[poisson_max_delta_step: 0.7]
[tweedie_variance_power: 1.5]
[lambdarank_truncation_level: 30]
[lambdarank_norm: 1]
[label_gain: ]
[lambdarank_position_bias_regularization: 0]
[eval_at: ]
[multi_error_top_k: 1]
[auc_mu_weights: ]
[num_machines: 1]
[local_listen_port: 12400]
[time_out: 120]
[machine_list_filename: ]
[machines: ]
[gpu_platform_id: -1]
[gpu_device_id: -1]
[gpu_device_id_list: ]
[gpu_use_dp: 0]
[num_gpu: 1]

end of parameters

pandas_categorical:null
