tree
version=v4
num_class=1
num_tree_per_iteration=1
label_index=0
max_feature_idx=157
objective=regression
feature_names=KMID KLEN KMID2 KUP KUP2 KLOW KLOW2 KSFT KSFT2 OPEN0 HIGH0 LOW0 VWAP0 ROC5 ROC10 ROC20 ROC30 ROC60 MA5 MA10 MA20 MA30 MA60 STD5 STD10 STD20 STD30 STD60 BETA5 BETA10 BETA20 BETA30 BETA60 RSQR5 RSQR10 RSQR20 RSQR30 RSQR60 RESI5 RESI10 RESI20 RESI30 RESI60 MAX5 MAX10 MAX20 MAX30 MAX60 MIN5 MIN10 MIN20 MIN30 MIN60 QTLU5 QTLU10 QTLU20 QTLU30 QTLU60 QTLD5 QTLD10 QTLD20 QTLD30 QTLD60 RANK5 RANK10 RANK20 RANK30 RANK60 RSV5 RSV10 RSV20 RSV30 RSV60 IMAX5 IMAX10 IMAX20 IMAX30 IMAX60 IMIN5 IMIN10 IMIN20 IMIN30 IMIN60 IMXD5 IMXD10 IMXD20 IMXD30 IMXD60 CORR5 CORR10 CORR20 CORR30 CORR60 CORD5 CORD10 CORD20 CORD30 CORD60 CNTP5 CNTP10 CNTP20 CNTP30 CNTP60 CNTN5 CNTN10 CNTN20 CNTN30 CNTN60 CNTD5 CNTD10 CNTD20 CNTD30 CNTD60 SUMP5 SUMP10 SUMP20 SUMP30 SUMP60 SUMN5 SUMN10 SUMN20 SUMN30 SUMN60 SUMD5 SUMD10 SUMD20 SUMD30 SUMD60 VMA5 VMA10 VMA20 VMA30 VMA60 VSTD5 VSTD10 VSTD20 VSTD30 VSTD60 WVMA5 WVMA10 WVMA20 WVMA30 WVMA60 VSUMP5 VSUMP10 VSUMP20 VSUMP30 VSUMP60 VSUMN5 VSUMN10 VSUMN20 VSUMN30 VSUMN60 VSUMD5 VSUMD10 VSUMD20 VSUMD30 VSUMD60
feature_infos=[-0.17333331704139709:0.24100260436534882] [0:0.49935737252235413] [-1:1] [0:0.2583547830581665] [0:1] [0:0.19577737152576447] [0:1] [-0.21737830340862274:0.22217290103435516] [-1:1] [0.80580008029937744:1.2096774578094482] [1:1.2203390598297119] [0.79261672496795654:1] [0.89535439014434814:1.0984309911727905] [0.56168830394744873:1.5347062349319458] [0.53571426868438721:1.8924485445022583] [0.50147104263305664:2.0343248844146729] [0.45439684391021729:2.7393617630004883] [0.3651520311832428:2.6507797241210938] [0.73896104097366333:1.2064073085784912] [0.6396104097366333:1.4220441579818726] [0.58701300621032715:1.7117466926574707] [0.56915587186813354:1.7925502061843872] [0.52184808254241943:1.6932493448257446] [0:0.19015249609947205] [0:0.2603875994682312] [0:0.35442706942558289] [0:0.5104140043258667] [0:0.46013948321342468] [-0.11732283234596252:0.10957792401313782] [-0.11732283234596252:0.060255382210016251] [-0.11732283234596252:0.048169590532779694] [-0.11732283234596252:0.048169590532779694] [-0.11732283234596252:0.048169590532779694] [0:1] [0:1] [0:1] [0:1] [0:1] [-0.15930634737014771:0.075157612562179565] [-0.19312354922294617:0.18788224458694458] [-0.29853948950767517:0.28541278839111328] [-0.40098747611045837:0.33911812305450439] [-0.77570861577987671:0.41112944483757019] [1:1.5713194608688354] [1:1.9298244714736938] [1:2.1563692092895508] [1:3.0132980346679688] [1:3.0132980346679688] [0.56493508815765381:1] [0.5292208194732666:1] [0.47760707139968872:1] [0.44164761900901794:1] [0.35305655002593994:1] [0.86623376607894897:1.3299539089202881] [0.72197312116622925:1.6361554861068726] [0.5753246545791626:2.054157018661499] [0.54870128631591797:2.0762412548065186] [0.57493376731872559:2.000354528427124] [0.59188312292098999:1.1686868667602539] [0.53538960218429565:1.227020263671875] [0.5237005352973938:1.3664377927780151] [0.48244524002075195:1.5493515729904175] [0.43922850489616394:1.5099923610687256] [0.20000000298023224:1] [0.10000000149011612:1] [0.05000000074505806:1] [0.033333335071802139:1] [0.01666666753590107:1] [0:1] [0:1] [0:1] [0:1] [0:1] [0.20000000298023224:1] [0.10000000149011612:1] [0.05000000074505806:1] [0.033333335071802139:1] [0.01666666753590107:1] [0.20000000298023224:1] [0.10000000149011612:1] [0.05000000074505806:1] [0.033333335071802139:1] [0.01666666753590107:1] [-0.80000001192092896:0.80000001192092896] [-0.89999997615814209:0.89999997615814209] [-0.94999998807907104:0.94999998807907104] [-0.96666663885116577:0.96666663885116577] [-0.98333334922790527:0.98333334922790527] [-1:1] [-1:1] [-1:1] [-1:1] [-1:1] [-1:1] [-1:1] [-1:1] [-1:1] [-1:1] [0:1] [0:1] [0:0.94999998807907104] [0:0.92307692766189575] [0:0.92307692766189575] [0:1] [0:1] [0:0.89999997615814209] [0:0.8571428656578064] [0:0.8571428656578064] [-1:1] [-1:1] [-0.83333331346511841:0.92307692766189575] [-0.83333331346511841:0.92307692766189575] [-0.83333331346511841:0.92307692766189575] [0:1] [0:1] [0:1] [0:1] [0:1] [0:1] [0:1] [0:1] [0:1] [0:1] [-1:1] [-1:1] [-1:1] [-1:1] [-1:1] [0.20013266801834106:15222.455078125] [0.10012400150299072:19018.634765625] [0.050104878842830658:17437.12890625] [0.034610312432050705:22716.572265625] [0.017187755554914474:26107.111328125] [0.00080492562847211957:21624.73828125] [0.0021778203081339598:58684.484375] [0.0021778203081339598:44502.63671875] [0.0021778203081339598:36894.8125] [0.0021778203081339598:26550.70703125] [0:2.2360680103302002] [0:3.1615598201751709] [0:4.4708261489868164] [0:5.4658303260803223] [0:7.5986995697021484] [0:1] [0:1] [0:1] [0:1] [0:1] [0:1] [0:1] [0:1] [0:1] [0:1] [-1:1] [-1:1] [-1:1] [-1:1] [-1:1]
tree_sizes=3073 3050 2994 3070 3099 3067 3077 3124 3091 3039 3070 3093 3087 3072 3109 3051 3079

Tree=0
num_leaves=31
num_cat=0
split_feature=16 46 40 36 39 48 110 27 24 48 68 28 16 1 25 48 22 56 86 7 51 44 14 15 53 16 24 48 143 30
split_gain=202.51 156.07 95.438 140.159 101.327 92.1314 88.371 102.254 84.342 75.7737 72.6892 81.3719 97.7106 81.4125 75.9233 72.225 69.1342 68.3011 65.9146 65.1766 62.034 60.9312 55.6209 95.6891 55.1622 52.6233 45.6903 44.7619 43.441 39.6018
threshold=1.2143616676330569 1.0362715721130373 -0.047430165112018578 0.7879355549812318 -0.06390300020575522 0.94801875948905956 0.34166666865348821 0.085130546241998686 0.09879480674862863 0.9851190745830537 0.92941144108772289 0.020756043493747715 0.71430641412734996 0.066367637366056456 0.0160676958039403 0.95583161711692821 0.77822953462600719 1.164693355560303 -0.74999999999999989 -0.012970171403139828 0.6696164906024934 1.037075996398926 0.90330758690834057 0.88396430015563976 0.99359998106956493 0.83964586257934581 0.09879480674862863 0.98758867383003246 0.63631784915924083 -0.005567579995840787
decision_type=10 10 8 10 10 10 2 10 10 10 8 10 8 10 10 10 8 10 2 10 10 10 8 8 10 8 10 10 10 10
left_child=1 8 3 6 -5 -6 7 25 10 -7 14 -12 -13 -14 -1 -9 21 -2 29 -16 -18 -4 23 -22 -24 -3 28 -21 -23 -19
right_child=17 2 16 4 5 9 -8 15 -10 -11 11 12 13 -15 19 -17 20 18 -20 27 22 26 24 -25 -26 -27 -28 -29 -30 -31
leaf_value=0.0012870520611586991 2.4959405752899898e-10 0.010859465595254952 0.0062971592012658912 -0.013412490956219571 -0.0062935131617678627 0.024704557161000243 -0.010514406266192286 -0.003707280285250161 -0.019675878252309639 0.0086818362881977452 0.001700218065921743 0.028225372914224469 0.0095187774329128071 -0.0049316505064303847 0.0024246826045213059 0.0082458884471717994 0.018421743137271386 0.013247800190367476 0.0020717299481721012 -0.00098710450517628463 -0.00091298596840970133 -0.0086796131194747557 -0.0024887185942407955 0.0096552794188653236 -0.00060240851134368812 -0.001584732648372987 2.4959405752899898e-10 0.0015460336598656845 -0.029395597995117036 -0.00018672575981332063
leaf_weight=50002 1024 301 153 120 170 507 564 509 161 790 24237 185 1244 441 6993 2415 132 1878 977 46777 1852 327 15202 1246 187898 5272 214 7152 183 171
leaf_count=50002 1024 301 153 120 170 507 564 509 161 790 24237 185 1244 441 6993 2415 132 1878 977 46777 1852 327 15202 1246 187898 5272 214 7152 183 171
internal_value=1.34061e-05 -6.20279e-05 -0.000561924 0.00219861 0.0103784 0.0126804 0.00071321 0.00151662 0.000729566 0.015453 0.000758597 0.00218497 0.00822457 0.00554736 0.00041985 0.00605217 -0.000705429 0.00666792 0.00892127 -0.000287176 -0.000667662 -0.00904331 -0.000683123 0.00327597 -0.000745307 -0.000822549 -0.0127705 -0.000645153 -0.0175078 0.0119907
internal_weight=359097 355047 217855 10648 1587 1467 9061 8497 137192 1297 137031 26107 1870 1685 110924 2924 207207 4050 3026 60922 206330 877 206198 3098 203100 5573 724 53929 510 2049
internal_count=359097 355047 217855 10648 1587 1467 9061 8497 137192 1297 137031 26107 1870 1685 110924 2924 207207 4050 3026 60922 206330 877 206198 3098 203100 5573 724 53929 510 2049
is_linear=0
shrinkage=1


Tree=1
num_leaves=31
num_cat=0
split_feature=16 46 41 36 53 38 17 29 28 77 57 24 55 57 5 27 61 35 17 83 42 126 68 42 84 40 28 35 15 74
split_gain=178.178 131.784 158.859 200.304 90.0438 87.7769 226.211 90.5079 104.433 88.2005 87.276 86.4981 78.3747 76.9077 76.157 70.4714 62.8454 60.9569 57.8132 54.9153 53.7249 50.8912 50.8055 107.101 67.8902 64.2807 58.5022 112.295 53.5854 50.3917
threshold=1.2143616676330569 1.0266635417938235 -0.061722295358777039 0.77885299921035778 1.0910723209381106 -0.017809609882533547 0.74518537521362316 -0.0034549008123576637 0.014395839534699919 0.34166666865348821 1.168366074562073 0.09879480674862863 1.092548191547394 1.2256256341934206 0.018999688327312473 0.067782606929540648 0.78846105933189403 0.84603190422058117 1.0843767523765566 0.70000001788139354 -0.11656101047992705 0.30171833932399755 0.94444540143013012 0.10839208215475084 0.75000000000000011 0.039230501279234893 0.020756043493747715 0.63738760352134716 0.97240185737609874 0.35000000894069677
decision_type=10 10 8 10 10 8 8 10 10 2 10 10 10 10 10 10 10 10 8 10 10 10 10 10 2 10 10 10 10 2
left_child=1 11 3 20 29 6 14 8 12 -10 16 22 -7 -2 -4 19 -9 -17 -12 -8 -3 -22 23 25 -25 28 -24 -28 -1 -5
right_child=13 2 5 4 -6 7 15 10 9 -11 18 -13 -14 -15 -16 17 -18 -19 -20 -21 21 -23 26 24 -26 -27 27 -29 -30 -31
leaf_value=0.00026540685653421431 -0.001111626115373138 0.0062094041039584156 -0.020230868895152243 0.0048169084157324536 -0.0055698293611584678 -0.0017432840189610839 -0.0030135652334221728 0.0049307045657430038 0 -0.021207618251238985 0.014017615912388398 -0.020210306430395161 0.0010380942116810421 0.0084654592592204175 0.0010945048366121188 0.0061752895808471209 -0.00034076105303535001 -0.0098105175791930437 0.0025949260028045535 -0.020932476951353945 -0.00016778880239268375 0.010228353807689553 0.001692682010855733 0 -0.013207745825577714 -0.0052574163247494574 0.001491173456466959 0.018070003570231009 0.0019234747348233949 0.02578206967056933
leaf_weight=57924 917 2004 885 186 106 58164 2125 2036 333 423 437 155 10656 3132 147 1349 158008 224 4801 157 5898 433 18006 634 804 1589 1076 581 25497 541
leaf_count=57924 917 2004 885 186 106 58164 2125 2036 333 423 437 155 10656 3132 147 1349 158008 224 4801 157 5898 433 18006 634 804 1589 1076 581 25497 541
internal_value=-1.31557e-05 -8.54949e-05 -0.000463826 0.00340254 0.0172969 -0.000613201 -0.00459244 -0.000528738 -0.00143676 -0.0124284 -0.00014456 0.00079779 -0.00130808 0.00622795 -0.016945 -0.00113779 -0.000271218 0.00361595 0.00365466 -0.00454785 0.00193995 0.000525975 0.000835107 0.000517232 -0.00752869 0.000658601 0.00221545 0.00762934 0.000776118 0.0210924
internal_weight=359228 355179 248913 9168 833 239745 4887 234858 69576 756 165282 106266 68820 4049 1032 3855 160044 1573 5238 2282 8335 6331 106111 86448 1438 85010 19663 1657 83421 727
internal_count=359228 355179 248913 9168 833 239745 4887 234858 69576 756 165282 106266 68820 4049 1032 3855 160044 1573 5238 2282 8335 6331 106111 86448 1438 85010 19663 1657 83421 727
is_linear=0
shrinkage=0.03


Tree=2
num_leaves=31
num_cat=0
split_feature=22 41 29 71 38 28 77 133 86 60 22 26 23 35 24 25 122 35 99 59 72 43 82 5 82 54 78 115 117 58
split_gain=168.301 129.653 161.585 158.861 104.304 103.293 112.085 93.0476 84.9314 77.0165 82.405 80.4972 73.3932 64.8772 68.8491 63.1345 73.0867 71.3289 56.3815 56.2167 54.575 60.9719 52.8718 52.8362 49.5649 46.5321 46.0606 45.2588 43.8935 43.1456
threshold=1.1686274409294131 -0.069111481308937059 -0.003386740572750568 0.61111125349998485 -0.024172487668693062 0.014395839534699919 0.34166666865348821 0.3289714008569718 -0.74999999999999989 1.0167996287345888 1.1024735569953921 0.015609113965183498 0.02776433248072863 0.76544305682182323 0.045619405806064613 0.093589287251234068 0.38827474415302282 0.66394454240798961 0.52777779102325451 1.0042236447334292 0.15753404796123507 1.026474177837372 0.25833334028720861 0.0054200249724090108 0.67500001192092907 1.0876560807228091 0.70000001788139354 0.43558277189731603 0.43982493877410894 0.94222766160964977
decision_type=10 8 8 10 8 8 2 10 2 10 10 10 10 10 10 10 8 10 2 10 10 10 2 10 2 10 10 10 10 10
left_child=1 3 5 15 7 13 -7 18 20 10 11 -6 -5 14 22 16 26 -18 -4 27 25 -22 -3 -21 -20 -2 -1 -15 -19 -8
right_child=8 2 4 12 9 6 29 -9 -10 -11 -12 -13 -14 19 -16 -17 17 28 24 23 21 -23 -24 -25 -26 -27 -28 -29 -30 -31
leaf_value=0.024786045571309652 0.0006078058257995069 -0.00076229044005160561 -0.00075807761087229373 0.0079184011575237113 0.0012891439047460962 0.00035568274381183983 -0.029812729872843311 0 0 -0.0032100127818319151 0.0047050802467003393 -9.7342336183266918e-06 0.02801919374136631 -0.0015703447344319864 0.0033183223474414375 -0.011703761416529096 -6.9960012963035499e-05 -0.0041430863389756833 -0.022598514892677304 0.00039648471119296217 0.0028607168215582712 0.02822619545265807 -0.0027260647344033717 0.0056793623842406847 0 0.010015954107494635 0.0062079310984320367 0.012050293399857534 0.013367850849337609 -0.0079764204691037659
leaf_weight=182 792 20556 265 489 53802 339 254 855 1424 5654 3787 210241 311 9044 2246 248 3755 122 503 5156 173 253 32931 2635 127 1507 532 201 606 210
leaf_count=182 792 20556 265 489 53802 339 254 855 1424 5654 3787 210241 311 9044 2246 248 3755 122 503 5156 173 253 32931 2635 127 1507 532 201 606 210
internal_value=1.02542e-05 -5.92706e-05 -0.000136925 0.0042167 0.00019598 -0.00138612 -0.0119995 -0.00705753 0.00600355 0.000244004 0.000318274 0.00025387 0.0165912 -0.00126162 -0.00175761 0.00228963 0.0030572 0.00153583 -0.0137067 0.000343599 0.00908771 0.019188 -0.00197753 0.00223159 -0.0185009 0.00693743 0.0118986 -0.00121646 0.00999994 -0.0212877
internal_weight=359200 355051 348806 6245 275234 73572 803 1750 4149 273484 267830 264043 800 72769 55733 5445 5197 4483 895 17036 2725 426 53487 7791 630 2299 714 9245 728 464
internal_count=359200 355051 348806 6245 275234 73572 803 1750 4149 273484 267830 264043 800 72769 55733 5445 5197 4483 895 17036 2725 426 53487 7791 630 2299 714 9245 728 464
is_linear=0
shrinkage=0.03


Tree=3
num_leaves=31
num_cat=0
split_feature=16 46 50 38 40 71 122 48 16 29 115 57 30 17 61 60 78 30 25 7 40 58 25 51 30 33 75 140 16 86
split_gain=158.496 120.855 105.594 94.0869 125.929 138.136 107.504 83.4762 99.3448 61.2948 85.4048 67.0826 60.755 58.4591 57.6907 54.8098 58.5185 53.8546 52.7216 49.392 89.9289 73.8625 72.6837 58.5454 92.9733 68.1375 58.5533 51.044 50.4856 49.1083
threshold=1.2143616676330569 1.0266635417938235 0.71171173453331005 -0.024172487668693062 -0.047430165112018578 0.57657691836357128 0.3520954847335816 0.94801875948905956 0.81678512692451488 -0.0035255964612588282 0.29321797192096716 1.168366074562073 -0.0052849273197352878 1.1009641289711001 0.78846105933189403 0.91557526588439953 0.30000000447034841 -0.0069124242290854445 0.039175018668174751 0.034220501780509956 0.039230501279234893 0.9301920235157014 0.020830937661230568 0.8568721115589143 0.0043978313915431508 0.84064272046089183 0.82500001788139354 1.0808097720146181 0.80184003710746776 -0.74999999999999989
decision_type=10 10 8 8 8 10 10 10 10 10 8 10 10 10 10 10 10 10 10 10 10 8 10 10 10 10 2 10 10 2
left_child=1 2 -1 6 5 -5 15 -7 -9 10 18 14 -13 -12 -11 16 -3 29 -6 20 21 28 -23 24 26 -26 -21 -22 -4 -2
right_child=17 3 19 4 9 7 -8 8 -10 11 13 12 -14 -15 -16 -17 -18 -19 -20 23 27 22 -24 -25 25 -27 -28 -29 -30 -31
leaf_value=-0.014641936717869277 0.010867492945019267 -0.011041977850053364 0.0216738944439499 0.00069196440719894339 -0.00059430655260757478 -0.002787771249756545 -0.0027498723805521306 0.020101190275204423 0.0061853557227569515 0.0046081434543701885 -0.0012229782160867249 -0.0010990169330488441 0.0054376282856760973 -0.0034908577218769029 -0.00038755769474577872 0 -0.036986592603150195 0.00077907571394462136 0.0032183046338991697 -0.00010314177715157547 -0.0095812613259323564 0.0013883273194082895 -0.00030063537621598848 -0.00048761905642526459 -0.00049266898187097985 0.00987267666068232 0.017275684819711513 -0.0008513686807309495 0 0.0012031477622695286
leaf_weight=377 1936 275 238 6931 8482 423 2048 746 1490 2080 41558 1903 3477 13941 159925 101 159 1367 5190 179 1127 61379 36187 1883 1733 796 788 1459 179 728
leaf_count=377 1936 275 238 6931 8482 423 2048 746 1490 2080 41558 1903 3477 13941 159925 101 159 1367 5190 179 1127 61379 36187 1883 1733 796 788 1459 179 728
internal_value=-1.51138e-05 -8.32637e-05 0.000762158 -0.000445897 -0.000384565 0.00297734 -0.00612741 0.00877283 0.0110981 -0.000522365 -0.0012743 -0.000209724 0.00307444 -0.00179911 -0.000321005 -0.0179512 -0.0224185 0.00588431 0.000833667 0.000822556 0.00066868 0.000817431 0.000758888 0.00363081 0.00592454 0.00270398 0.0138179 -0.00481538 0.0131668 0.0083669
internal_weight=359085 355054 106325 248729 246146 9590 2583 2659 2236 236556 69171 167385 5380 55499 162005 535 434 4031 13672 105948 100569 97983 97566 5379 3496 2529 967 2586 417 2664
internal_count=359085 355054 106325 248729 246146 9590 2583 2659 2236 236556 69171 167385 5380 55499 162005 535 434 4031 13672 105948 100569 97983 97566 5379 3496 2529 967 2586 417 2664
is_linear=0
shrinkage=0.03


Tree=4
num_leaves=31
num_cat=0
split_feature=16 46 41 36 38 122 18 29 29 28 57 24 32 87 122 110 49 109 32 23 74 69 25 78 39 33 35 7 81 36
split_gain=153.772 133.412 113.472 168.754 94.1398 178.168 93.7996 86.6409 68.5426 85.2036 74.6753 66.6835 63.9518 64.4627 60.7356 68.558 60.034 74.1057 54.0798 53.5069 52.4418 50.5945 58.0617 59.6569 73.8686 60.004 48.1252 45.1235 44.8795 44.045
threshold=1.2143616676330569 1.0270610451698305 -0.061722295358777039 0.77885299921035778 -0.017809609882533547 0.3520954847335816 1.057570278644562 0.010714978910982611 -0.0035255964612588282 0.012646644376218321 1.168366074562073 0.09879480674862863 0.0054110412020236262 0.82499998807907116 0.38827474415302282 0.29705883562564855 0.87863606214523327 -0.10555555671453475 0.0027770374435931449 0.016997303813695911 0.35000000894069677 0.99173545837402355 0.020718036219477657 0.30000000447034841 -0.012828576378524302 0.92981472611427318 0.75519460439682018 0.034220501780509956 0.083333335816860213 0.80372503399848949
decision_type=10 8 8 10 8 10 10 10 8 8 10 10 10 2 10 2 10 2 10 10 2 10 10 10 10 10 10 10 2 10
left_child=1 11 3 14 5 18 20 8 9 -6 -10 21 -9 -14 15 -3 -7 -18 -4 -2 -5 22 -1 24 -24 -25 -16 -23 -29 -21
right_child=19 2 4 6 7 16 -8 12 10 -11 -12 -13 13 -15 26 -17 17 -19 -20 29 -22 27 23 25 -26 -27 -28 28 -30 -31
leaf_value=0.0012758924640155973 -0.00099103442967804489 0.011574453163070477 0.00042232850136665194 0.0026885503495071568 -0.0012311102681046859 0.0049324234533186856 -0.0047603382911721734 0.0052989496871895551 -0.00035426338277543142 -0.009591806770224932 0.0033427012747431371 -0.017670001011775356 -0.01084411129269197 0.0077257236017853276 -0.00034206329845442831 -0.0049820861047011437 0.0029193923841086553 -0.0069572053898937797 -0.018510104617410206 0.0040604285606925571 0.024704896271057902 0.0017838995933523898 0.0042581088963054179 0.00072571472796737423 -0.0016971078959293663 0.0090958324524969703 0.0079738073592078278 0.014116812084491052 0.0034628234422807332 0.011465441181186949
leaf_weight=60065 770 926 123 164 67027 892 138 3655 156316 1108 5046 154 466 222 6641 254 950 2078 874 1860 525 4278 2010 16733 21556 799 667 628 1067 1445
leaf_count=60065 770 926 123 164 67027 892 138 3655 156316 1108 5046 154 466 222 6641 254 950 2078 874 1860 525 4278 2010 16733 21556 799 667 628 1067 1445
internal_value=-4.59959e-06 -7.20377e-05 -0.000455081 0.00278421 -0.000582939 -0.00468983 0.0155924 -0.000494906 -0.000575608 -0.00137425 -0.000236396 0.000810744 0.00368394 -0.0043794 0.00146731 0.00773695 -0.00169189 -0.00376129 -0.0159171 0.00577474 0.0201112 0.000843401 0.00068091 -0.000181562 -0.00117327 0.00113419 0.000395677 0.00353395 0.00770366 0.00743774
internal_weight=359437 355362 248072 9315 238757 4917 827 233840 229497 68135 161362 107290 4343 688 8488 1180 3920 3028 997 4075 689 107136 101163 41098 23566 17532 7308 5973 1695 3305
internal_count=359437 355362 248072 9315 238757 4917 827 233840 229497 68135 161362 107290 4343 688 8488 1180 3920 3028 997 4075 689 107136 101163 41098 23566 17532 7308 5973 1695 3305
is_linear=0
shrinkage=0.03


Tree=5
num_leaves=31
num_cat=0
split_feature=16 29 42 18 38 122 36 6 61 38 78 37 1 10 82 1 38 5 57 22 47 49 122 73 127 30 35 19 28 28
split_gain=167.945 113.73 114.597 96.3552 74.8205 207.61 114.617 84.0373 82.5777 170.143 120.871 116.044 91.0402 74.3322 71.1342 72.4191 84.2029 69.9702 68.0385 66.3763 61.5051 71.6136 60.8767 60.3454 62.2982 58.8107 58.8097 58.7171 58.5194 58.6599
threshold=1.2143616676330569 -0.00037621137744281436 -0.11656101047992705 0.94604137539863598 -0.016666687093675133 0.3520954847335816 0.78467795252799999 0.33333678543567663 0.8000847101211549 0.0092882262542843836 0.30000000447034841 0.67328599095344555 0.022335015237331394 1.0355670452117922 0.22500000149011615 0.018363967537879947 0.019379149191081527 0.014771056827157738 1.168366074562073 0.77822953462600719 1.1183786392211916 0.91809451580047619 0.40803381800651556 0.70000001788139354 -0.057626919820904725 -0.0072051505558192721 0.83215707540512096 1.0544926524162295 -0.0050847548991441718 -0.015505020041018723
decision_type=10 8 10 10 8 10 10 10 10 10 10 10 10 10 2 10 10 10 10 10 10 10 10 10 10 10 10 10 10 10
left_child=1 2 22 -4 5 7 20 -3 9 10 -6 -11 -12 -8 17 26 -17 27 19 -10 -7 -22 28 24 -20 -2 -16 -5 29 -1
right_child=25 4 3 14 8 6 13 -9 18 11 12 -13 -14 -15 15 16 -18 -19 23 -21 21 -23 -24 -25 -26 -27 -28 -29 -30 -31
leaf_value=0.0041072719093318633 0.0087635889321974175 -0.017727829614708365 -0.016785041256116101 -0.00029816158749019188 0.0026235206899621836 -0.0056774089290966443 0 0.00021546189207583664 -0.011614896195568814 -0.0094089616558484385 0.001532549550354404 0.0062857158760317843 0.01811499729556677 0.020262905497238727 -0.00081108154662877269 -0.0023744439150950726 0.0032066698002385049 0.0046448676894992082 0.0060653916289796321 0.00034873532555695864 0.0086957851751195622 -0.0044060436971947205 0.0025960111689570776 0 0.025523395079222778 0.00093140301090436663 0.0023480685595148759 0.0062003511611999984 -0.00061394375990647329 0.026963998948748538
leaf_weight=219 2598 977 320 49277 1973 1867 309 264 397 1092 453 646 1207 360 47271 45114 2510 2901 1742 182230 771 666 2548 1505 161 1431 5919 1262 170 278
leaf_count=219 2598 977 320 49277 1973 1867 309 264 397 1092 453 646 1207 360 47271 45114 2510 2901 1742 182230 771 666 2548 1505 161 1431 5919 1262 170 278
internal_value=-1.74091e-07 -7.04145e-05 -0.000670995 -0.000789525 0.000410049 -0.00312088 0.000169985 -0.0137299 0.000508117 0.0041744 0.00787864 -0.00339959 0.0138405 0.0113733 -0.000752226 -0.00122148 -0.00207277 0.000127535 0.000400218 0.000319817 -0.00206301 0.00244051 0.00490473 0.00459422 0.00811594 0.00607423 -0.000453142 -0.000127566 0.0129553 0.0180211
internal_weight=358438 354409 157789 154574 196620 5214 3973 1241 191406 5371 3633 1738 1660 669 154254 100814 47624 53440 186035 182627 3304 1437 3215 3408 1903 4029 53190 50539 667 497
internal_count=358438 354409 157789 154574 196620 5214 3973 1241 191406 5371 3633 1738 1660 669 154254 100814 47624 53440 186035 182627 3304 1437 3215 3408 1903 4029 53190 50539 667 497
is_linear=0
shrinkage=0.03


Tree=6
num_leaves=31
num_cat=0
split_feature=16 29 42 38 122 6 1 26 42 1 41 38 4 28 5 53 1 25 22 85 127 16 5 76 23 42 14 81 127 37
split_gain=139.569 108.248 114.888 105.455 190.544 88.9802 80.702 78.7861 104.616 77.0523 104.41 69.0182 67.6736 81.3501 75.4688 67.5707 67.3891 61.658 63.9797 61.543 58.487 58.2669 55.7471 55.6334 54.6325 53.2956 52.0815 49.6395 61.9239 42.6267
threshold=1.2143616676330569 -0.0001869841507868841 -0.10211594775319098 -0.016666687093675133 0.3520954847335816 0.33333678543567663 0.020183457061648372 0.06035194173455239 0.15367597341537478 0.016895440407097343 -0.036895094439387315 0.007122838171198965 0.40625114738941198 0.019278005696833137 0.014771056827157738 1.0013018250465395 0.054347816854715354 0.014270837418735029 1.0996974706649782 0.52500000596046459 -0.12812960147857663 0.76243332028388988 0.013232362456619741 0.083333335816860213 0.017131569795310501 0.065366085618734374 0.91674599051475536 0.050000002607703216 0.22298829257488254 0.36826969683170324
decision_type=10 8 10 8 10 10 10 10 10 10 10 10 10 10 10 10 10 10 10 2 10 8 10 2 10 10 8 2 10 10
left_child=1 2 6 4 5 26 -1 17 12 23 15 -10 13 -9 -14 -11 -6 -5 -19 -18 -8 -12 -17 -4 -2 -23 -3 -22 -29 -21
right_child=24 3 9 7 16 -7 20 8 11 10 21 -13 14 -15 -16 22 19 18 -20 29 27 25 -24 -25 -26 -27 -28 28 -30 -31
leaf_value=-0.0045980600630112379 -0.0012508454915588552 -0.024321786140845642 0.0014676393083427948 0.0012628433602382423 -0.0026989765736795488 0.00055204327326190616 -0.005134872012370304 0.0009782277964833345 0.0040003832314813243 -0.0097369630826770522 -0.015940223682681911 -0.016389095274096127 0.0050740246004150761 0.0099245433875702529 0.02183890732764469 9.0362981769103744e-05 -0.00024176933177043008 -9.7196939225615734e-05 0.0072219119786918057 0 -0.001955438009583184 -0.0020622950087882345 0.0046020837240627679 -0.0005381079739703162 0.0072006162254841808 0.00529460697564517 -0.008799241689131489 0.0057799562665810187 0.017963479554107254 0.020858685066672406
leaf_weight=870 791 547 15671 44998 2993 269 410 10900 188 536 256 408 3875 995 256 15036 504 123123 1064 151 526 62949 2964 59748 3270 858 471 3341 450 286
leaf_count=870 791 547 15671 44998 2993 269 410 10900 188 536 256 408 3875 995 256 15036 504 123123 1064 151 526 62949 2964 59748 3270 858 471 3341 450 286
internal_value=-3.21776e-05 -9.64816e-05 -0.00066345 0.000387574 -0.00380251 -0.0137348 0.00354305 0.000507322 0.00247951 -0.000814773 -0.001448 -0.00954944 0.00295691 0.00176716 0.00628544 0.00052163 -0.000424283 0.000311516 -3.09207e-05 0.00640416 0.00511768 -0.00202256 0.000854224 -0.000117087 0.00548287 -0.00195704 -0.0177369 0.00617976 0.00739157 0.0144006
internal_weight=358704 354643 163615 191028 5221 1287 5597 185807 16622 158018 82599 596 16026 11895 4131 18536 3934 169185 124187 941 4727 64063 18000 75419 4061 63807 1018 4317 3791 437
internal_count=358704 354643 163615 191028 5221 1287 5597 185807 16622 158018 82599 596 16026 11895 4131 18536 3934 169185 124187 941 4727 64063 18000 75419 4061 63807 1018 4317 3791 437
is_linear=0
shrinkage=0.03


Tree=7
num_leaves=31
num_cat=0
split_feature=16 30 16 41 24 44 28 52 5 16 118 50 56 74 58 17 29 39 51 48 41 50 17 29 75 27 77 7 16 134
split_gain=140.465 100.901 116.711 112.631 104.393 75.0997 97.8333 110.097 100.461 96.5709 93.0579 79.9716 72.837 71.4797 90.3848 61.1088 58.0178 66.5894 72.4398 54.6161 79.7748 59.4976 53.7748 65.8687 48.7301 56.5514 47.0828 43.5427 41.9466 41.1588
threshold=1.23911988735199 -0.00037341637653298671 0.89053282141685497 -0.073977660387754426 0.053789217025041587 1.0352941155433657 -0.0035838851472362872 0.66416409611701976 0.024343631230294708 0.86503309011459362 0.088886752724647536 0.71171173453331005 0.89631104469299328 0.35000000894069677 1.0096684098243716 0.66280981898307811 -0.014904940966516731 0.01886026002466679 0.86498007178306591 0.91748729348182689 0.025097782723605636 0.95912107825279247 0.83350953459739696 0.008353570010513069 0.075000001117587103 0.021746972575783733 0.7916666865348817 -0.01945525128394365 1.0057592988014223 0.23653556406497958
decision_type=10 8 8 8 10 10 8 10 10 8 8 8 10 2 10 8 10 10 10 8 8 10 10 10 2 10 2 10 8 10
left_child=1 2 22 4 13 11 9 8 -8 12 -9 29 -7 -3 -15 -11 28 18 -18 20 -13 -21 23 -1 -19 -26 -20 -16 -4 -5
right_child=-2 3 16 5 -6 6 7 10 -10 15 -12 19 -14 14 27 -17 17 24 26 21 -22 -23 -24 -25 25 -27 -28 -29 -30 -31
leaf_value=0.00087930991988828663 0.0068180685593616508 0.0030659392062044265 -0.0076225637809670841 0.0028448603967309838 -0.011595191996893845 -0.015259815784437317 -0.012111189448414087 0.0099182955606032484 0.013642954600753484 0.016077296214070225 -0.0018961435624030914 0.0090034117764666438 0.0058677945272312274 0.028826183870430684 0.011599814449997177 -0.00027007310659863678 0.0069015350359570944 0.00037856577624123213 -0.00056396887575545381 0.00023377475010213591 0.0015051614834426556 0.0016438635353549307 -0.012432831377599469 -0.018428331054543841 0.0067550046519077199 -0.0038626617436566123 0.0019739462071858222 -0.0058499045402114437 0.004741837620286282 -0.015786366923396293
leaf_weight=855 2713 1002 236 104 212 127 1453 592 123 187 19897 1679 3587 294 619 27948 1201 3914 123836 102842 5800 36806 1047 169 433 11102 6884 123 2749 378
leaf_count=855 2713 1002 236 104 212 127 1453 592 123 187 19897 1679 3587 294 619 27948 1201 3914 123836 102842 5800 36806 1047 169 433 11102 6884 123 2749 378
internal_value=4.26785e-05 -8.46423e-06 -0.000593049 0.000427359 0.0070795 0.000350904 -0.000604216 -0.00214102 -0.00976744 0.000451741 -0.00153082 0.000701827 0.00498713 0.00926169 0.0147985 -0.000139421 -0.000492958 -0.000578786 -0.000357706 0.000744428 0.00324801 0.000607752 -0.00764198 -0.00231184 -0.00244432 -0.00342713 -0.000427741 0.00823589 0.00362022 -0.0112156
internal_weight=358912 356199 152426 203773 2250 201523 53914 22065 1576 31849 20489 147609 3714 2038 1036 28135 150355 147370 131921 147127 7479 139648 2071 1024 15449 11535 130720 742 2985 482
internal_count=358912 356199 152426 203773 2250 201523 53914 22065 1576 31849 20489 147609 3714 2038 1036 28135 150355 147370 131921 147127 7479 139648 2071 1024 15449 11535 130720 742 2985 482
is_linear=0
shrinkage=0.03


Tree=8
num_leaves=31
num_cat=0
split_feature=21 29 82 5 77 57 38 127 19 33 41 97 38 68 16 81 37 126 73 112 62 33 77 1 52 38 76 134 28 59
split_gain=130.857 101.729 78.7849 97.6449 95.7283 78.2865 78.5337 116.655 78.2366 75.2587 65.227 64.834 73.1844 68.9138 93.9064 81.4132 61.5389 57.9195 53.2328 52.67 48.1385 48.5007 47.1016 59.5161 46.5055 49.421 46.3705 48.5478 46.2663 43.1199
threshold=1.1380177736282351 -0.0001869841507868841 0.22500000149011615 0.015986522659659389 0.55833333730697643 1.168366074562073 -0.024172487668693062 0.29976712167263037 1.0495640039443972 0.97590366005897533 -0.061722295358777039 0.14898887276649478 0.020931132137775425 0.32353129982948309 0.79334276914596569 0.11666667088866235 0.63063195347785961 -0.22841056436300275 0.70000001788139354 0.11884584277868272 0.81690713763237011 0.73476949334144603 0.35833333432674414 0.032009938731789596 0.60019087791442882 -0.014315945096313952 0.18333333730697635 0.95145303010940563 0.022741337306797508 0.9469798505306245
decision_type=10 8 2 10 2 10 8 10 10 10 8 10 8 10 8 2 10 10 10 2 10 10 2 10 8 10 2 10 10 10
left_child=1 2 3 8 -5 6 7 -3 22 17 16 -4 13 14 -13 -15 -8 -2 26 -6 21 -10 -1 -24 25 -12 27 -7 -26 -14
right_child=9 5 11 4 19 18 10 -9 20 -11 24 12 29 15 -16 -17 -18 -19 -20 -21 -22 -23 23 -25 28 -27 -28 -29 -30 -31
leaf_value=0.0013546684700090582 0.0097509301466700039 -0.00051985592460779826 -0.00050878661004109598 -0.0021179572364498096 0.015441881761842576 0.012240089041267119 0.0004614034738846212 -0.017792036809463917 0.021278992158313425 -0.01594718105318706 -0.021608447608634618 0.020610183469553508 -0.009809290863107889 -0.0071751202182443368 -0.0011979068586876619 -0.0024523611646114114 0.016872017357065252 -0.00058677611814647753 0.00061371840466009154 0.0044321255595066176 0.0028550772815339135 0.00034642843070358448 -0.00036990246519555652 -0.0041744242518328128 0.00029745260999257335 -0.0027668352173029751 0.00011070753737819938 -0.0032030890049769521 0.0041359898598785777 0.008665943611228695
leaf_weight=12127 2129 1162 65169 844 829 1406 484 511 275 103 139 158 100 4306 20657 15641 399 559 1874 958 2424 197 35785 4148 181339 947 606 168 2866 819
leaf_count=12127 2129 1162 65169 844 829 1406 484 511 275 103 139 158 100 4306 20657 15641 399 559 1874 958 2424 197 35785 4148 181339 947 606 168 2866 819
internal_value=-2.3709e-05 -7.53977e-05 -0.000623648 0.000266581 0.00589018 0.000392842 0.000301867 -0.00612052 0 0.00642245 0.000361842 -0.00110621 -0.00203239 -0.00222761 -0.000998344 -0.00349306 0.00841852 0.00750185 0.00451249 0.00982002 0.00477719 0.0135213 -0.000272431 -0.000774494 0.000320925 -0.00579681 0.00769159 0.0103841 0.000359246 0.00616998
internal_weight=359129 356338 164437 57587 2631 191901 187847 1673 54956 2791 186174 106850 41681 40762 20815 19947 883 2688 4054 1787 2896 472 52060 39933 185291 1086 2180 1574 184205 919
internal_count=359129 356338 164437 57587 2631 191901 187847 1673 54956 2791 186174 106850 41681 40762 20815 19947 883 2688 4054 1787 2896 472 52060 39933 185291 1086 2180 1574 184205 919
is_linear=0
shrinkage=0.03


Tree=9
num_leaves=31
num_cat=0
split_feature=41 71 29 46 23 42 38 17 49 38 5 50 38 26 26 12 41 83 33 86 31 27 41 13 102 20 109 86 72 72
split_gain=129.583 125.447 102.572 110.291 81.7299 75.608 72.0068 147.149 85.5316 89.3017 78.5564 63.6424 60.7335 71.231 68.7798 57.8743 69.341 68.2781 67.3902 77.146 57.8584 53.7201 59.0573 53.6112 52.752 52.2272 49.9563 45.6679 46.6222 45.1491
threshold=-0.065046347677707658 0.61111125349998485 -0.016666666604578492 1.0266635417938235 0.02776433248072863 -0.12892319262027738 -0.017809609882533547 0.74518537521362316 0.83292523026466381 0.0126851131208241 0.018999688327312473 0.71171173453331005 -1.0000000180025095e-35 0.069129839539527907 0.022237950004637245 0.98652952909469616 0.046036807820200927 0.70000001788139354 0.83755198121070873 0.91666665673255932 0.0085994512774050253 0.067782606929540648 0.038825202733278281 1.0544945597648623 0.59632253646850597 0.89515522122383129 0.58571431040763866 -0.55000001192092884 0.61666697263717662 0.22122281044721606
decision_type=8 10 8 8 10 10 8 8 8 10 10 10 8 10 8 8 10 8 10 2 10 10 10 10 2 10 2 2 10 10
left_child=1 5 29 11 -3 27 7 10 9 23 -5 20 13 -10 -14 18 -17 -18 25 -20 -4 26 -23 -8 -6 -13 -9 -1 -29 -2
right_child=2 4 3 6 24 -7 8 21 12 -11 -12 15 14 -15 -16 16 17 -19 19 -21 -22 22 -24 -25 -26 -27 -28 28 -30 -31
leaf_value=0.012645179988758172 0.01242401187202772 0.0061330460256413064 -0.019120518950640687 -0.017301243271310621 0.031099021065295957 0.00042735795441865875 0.0073291390306910991 -0.0059977295619526088 -9.7685193059855453e-05 -0.0051854832415418068 0.0044712657964026386 -0.0061367095000477885 0.00018119915126595156 0.0031812354840793358 -0.0013869031783504333 0.00078086788314161786 0.0013416044776144989 -0.0062964507269309515 0.0046211122591432452 0.019431889776422299 0.0029010075501275136 -0.00025173404009737929 0.012329729150808181 0.026864149327988602 0.0030896140340326435 0.0030360374274301357 0.0072287197103318955 0 0.015880132818156287 0
leaf_weight=838 833 700 255 891 274 5683 1170 2090 114456 419 145 649 36455 6266 79076 95711 1706 2499 1408 436 134 1505 397 148 114 3053 256 908 182 436
leaf_count=838 833 700 255 891 274 5683 1170 2090 114456 419 145 649 36455 6266 79076 95711 1706 2499 1408 436 134 1505 397 148 114 3053 256 908 182 436
internal_value=4.75833e-05 0.00366061 -4.14627e-05 -7.3498e-05 0.0131524 0.00223352 -0.000425996 -0.00388879 -0.000347532 0.00623701 -0.0139429 0.000733732 -0.000397737 7.05193e-05 -0.000889557 0.000782051 0.000612473 -0.00313495 0.00377006 0.00845488 -0.0110303 -0.00131267 0.00231925 0.0101157 0.0241596 0.00132302 -0.00437873 0.00734433 0.00284432 0.00840368
internal_weight=359093 8699 350394 349125 1088 7611 243274 5284 237990 1737 1036 105851 236253 120722 115531 105462 99916 4205 5546 1844 389 4248 1902 1318 388 3702 2346 1928 1090 1269
internal_count=359093 8699 350394 349125 1088 7611 243274 5284 237990 1737 1036 105851 236253 120722 115531 105462 99916 4205 5546 1844 389 4248 1902 1318 388 3702 2346 1928 1090 1269
is_linear=0
shrinkage=0.03


Tree=10
num_leaves=31
num_cat=0
split_feature=21 46 41 36 50 33 32 86 53 29 13 119 74 35 57 35 55 126 1 47 17 27 61 83 28 18 5 7 3 11
split_gain=113.619 93.4955 80.438 154.813 76.4824 74.3252 71.4924 74.0545 65.4881 64.4513 69.6264 67.3423 68.7139 54.2241 52.5209 49.0566 48.6849 48.384 44.6444 41.9729 42.9398 41.1558 41.1301 40.7408 99.0206 54.7576 54.4989 52.3003 86.1986 92.5676
threshold=1.1380177736282351 1.0270610451698305 -0.061722295358777039 0.76651740074157726 0.71171173453331005 0.97590366005897533 -0.005031964508816599 -0.58333334326744068 1.0910723209381106 -0.0035255964612588282 0.98636922240257274 0.44285701215267187 0.45000000298023229 0.86648252606391918 1.168366074562073 0.83215707540512096 1.092548191547394 -0.24210545420646665 0.056666675955057151 1.1945112347602846 0.79902902245521557 0.05374590493738652 1.0271499752998354 0.70000001788139354 0.019278005696833137 0.96981343626976024 0.0048308961559087047 -0.013215853367000817 0.010184878483414652 0.97605553269386303
decision_type=10 10 8 10 8 10 8 2 10 10 8 10 2 10 10 10 10 10 10 10 8 10 10 10 10 10 10 10 10 10
left_child=1 4 3 15 13 17 7 -4 18 10 22 12 -11 21 -13 19 -12 -2 -5 20 -3 -1 -8 24 26 -26 -6 -25 -29 -30
right_child=5 2 6 8 23 -7 9 -9 -10 11 16 14 -14 -15 -16 -17 -18 -19 -20 -21 -22 -23 -24 27 25 -27 -28 28 29 -31
leaf_value=-0.0022292273784613741 0.0092342931560989994 0.0064318044934750665 0.0068684304132604025 0.012048501217931874 0.0014838681732963805 -0.015779721354849119 -0.0043518789060030712 0 -0.0055366585973474223 -0.0035454031639150876 -0.0015075423085797381 4.7681695871772246e-05 -0.00066110103674831857 0.0029743949645489919 0.0039621027694686645 0.017350622936414935 0.00075235964850535128 0 0.032123354417655396 -0.003079661173606659 0.00029936642888857306 -0.028933679094730779 -0.018093134109666082 0.0048230841081154741 0.011714359307673573 -0.0025801501567052172 -0.00020719743614267138 6.1253232764827315e-05 -0.013824525518839104 -0.0021188264484802702
leaf_weight=117 2069 1410 2326 689 50084 109 3842 3593 107 8751 52441 103085 52419 108 3167 142 10053 643 150 2007 4079 154 208 1703 1152 255 25634 24841 802 2729
leaf_count=117 2069 1410 2326 689 50084 109 3842 3593 107 8751 52441 103085 52419 108 3167 142 10053 643 150 2007 4079 154 208 1703 1152 255 25634 24841 802 2729
internal_value=-4.65926e-05 -9.5098e-05 -0.000415708 0.0024283 0.000642547 0.00592741 -0.000518922 0.00272264 0.0137683 -0.000602436 -0.00139326 -0.000286193 -0.00107966 -0.0124289 0.000167904 0.000952326 -0.00113908 0.0070188 0.0166512 0.000556428 0.00194674 -0.019381 -0.00521675 0.000693868 0.00105972 0.00891359 0.000907501 -0.000234438 -0.000551761 -0.00492493
internal_weight=358869 356048 248469 8584 107579 2821 239885 5919 946 233966 66544 167422 61170 379 106252 7638 62494 2712 839 7496 5489 271 4050 107200 77125 1407 75718 30075 28372 3531
internal_count=358869 356048 248469 8584 107579 2821 239885 5919 946 233966 66544 167422 61170 379 106252 7638 62494 2712 839 7496 5489 271 4050 107200 77125 1407 75718 30075 28372 3531
is_linear=0
shrinkage=0.03


Tree=11
num_leaves=31
num_cat=0
split_feature=16 46 41 36 53 38 17 49 12 63 50 36 8 49 29 12 59 18 126 50 37 38 86 79 41 17 13 25 23 42
split_gain=115.199 98.4403 98.6722 124.845 75.097 69.2869 140.656 71.3804 99.4742 66.6033 61.431 66.7324 57.9332 55.6041 54.3908 49.7866 63.4299 69.9614 71.4671 63.5614 61.9814 72.2429 57.9397 69.9188 62.7151 52.8393 48.9172 48.9095 46.1253 44.9214
threshold=1.23911988735199 1.0274916887283327 -0.061722295358777039 0.78180941939353954 1.0910723209381106 -0.017809609882533547 0.74518537521362316 0.83292523026466381 0.98989978432655346 0.72499999403953563 0.71171173453331005 0.71404078602790844 -0.49999411404132837 0.87863606214523327 -0.0035965826828032728 0.98652952909469616 0.94464510679245006 0.98241192102432262 0.30599850416183477 0.95510882139205944 0.82244122028350841 -0.0073853801004588595 0.91666665673255932 0.15000000223517421 0.021957899443805221 0.69677415490150463 1.0404040217399599 0.041637025773525245 0.015855494886636737 0.02807497046887875
decision_type=10 8 8 10 10 8 8 8 10 8 10 10 10 10 8 10 10 10 10 10 10 10 2 2 10 8 8 10 10 10
left_child=1 10 3 -3 -5 6 12 8 -7 27 11 -1 -4 -8 -11 22 20 18 -18 -19 25 -22 -12 -24 -25 -17 -10 -9 -2 -14
right_child=28 2 5 4 -6 7 13 9 26 14 15 -13 29 -15 -16 16 17 19 -20 -21 21 -23 23 24 -26 -27 -28 -29 -30 -31
leaf_value=-0.019164792415998586 -0.0032101295904360988 0.0015572362859006103 -0.018554291847558337 0.017801297207744551 -0.0058919757684178431 -0.0056754900646451651 0.0049463998132010401 -0.00027191131528814277 0.0070987836857879299 -0.0027020812928510371 0.0017292571710165025 0.0054972610200810079 0.011145481750030408 -0.003352577895103309 -0.00073707132543614933 -0.015634635450473677 0.0050181996034235864 -5.3196853132113325e-05 -0.00024884018367721467 0.0016981891526029094 0.011707662498677159 0.000140319631845108 0.001756774586241145 0.00095286517245068145 0.022321612035313233 -0.0019826269922599976 0.024670220733199074 0.0014147987343675875 0.0077131454122813838 -0.010968081980640773
leaf_weight=263 354 8539 706 678 114 440 919 139109 980 16445 4342 116 112 2985 58847 250 6857 48214 3336 30073 579 2877 695 214 435 10546 184 17366 2359 186
leaf_count=263 354 8539 706 678 114 440 919 139109 980 16445 4342 116 112 2985 58847 250 6857 48214 3336 30073 579 2877 695 214 435 10546 184 17366 2359 186
internal_value=2.89532e-05 -1.72567e-05 -0.000348566 0.00266968 0.0139603 -0.000468234 -0.00399522 -0.000392437 0.00586255 -0.000437522 0.000733937 -0.0109674 -0.0139245 -0.0013073 -0.00117085 0.000779623 0.000624439 0.000925568 0.0032679 0.000616008 -0.0012227 0.00222077 0.00351883 0.00897023 0.0159631 -0.00235483 0.0104996 -8.2642e-05 0.00616501 -0.00153529
internal_weight=359120 356407 247610 9331 792 238279 4908 233371 1604 231767 108797 379 1004 3904 75292 108418 102732 88480 10193 78287 14252 3456 5686 1344 649 10796 1164 156475 2713 298
internal_count=359120 356407 247610 9331 792 238279 4908 233371 1604 231767 108797 379 1004 3904 75292 108418 102732 88480 10193 78287 14252 3456 5686 1344 649 10796 1164 156475 2713 298
is_linear=0
shrinkage=0.03


Tree=12
num_leaves=31
num_cat=0
split_feature=54 29 57 41 5 33 57 36 68 79 41 42 46 55 10 54 7 122 52 52 119 33 30 2 73 126 96 82 117 115
split_gain=101.287 120.505 80.1522 74.7821 75.5707 75.4165 75.0766 67.5084 69.1301 60.2688 70.0117 61.4964 58.9999 76.2306 58.0997 54.8431 51.1396 48.7472 71.477 51.9056 47.3776 46.8588 45.6534 65.0558 49.3029 44.0194 42.2972 42.0542 40.9028 43.0394
threshold=1.0876560807228091 -0.0035255964612588282 1.168366074562073 -0.069111481308937059 0.0048308961559087047 0.89988926053047191 0.92703235149383556 0.79755941033363353 0.11538417264819147 0.84999999403953563 -0.036120390519499772 0.042271280661225326 1.0266635417938235 0.93328610062599193 1.017183303833008 0.99926802515983593 -0.022222260013222691 0.38127179443836218 0.76176384091377269 0.65296900272369396 0.64150944352149974 0.89733082056045543 -0.0049035258125513783 -0.63636329770088185 0.5000000149011613 -0.23165906965732572 0.15047253668308261 0.19166667014360431 0.4703753143548966 0.40000002086162573
decision_type=10 8 10 8 8 8 8 10 10 2 10 8 10 10 10 10 10 8 10 10 10 10 10 10 10 10 10 2 10 10
left_child=1 9 3 14 12 -6 -7 -2 26 15 -11 -12 -5 -14 -3 -1 20 19 -19 -18 -17 22 23 24 -4 -25 -9 -22 -24 -30
right_child=7 2 21 4 5 6 -8 8 -10 10 11 -13 13 -15 -16 16 17 18 -20 -21 27 -23 28 25 -26 -27 -28 -29 29 -31
leaf_value=-0.017426127727560664 0.0019630067635938433 -0.0005117216823181431 0.0019426905766050232 0.0011389694760029611 -0.00086359511874589136 0.0074428659267572672 0.00063777050552294118 0.0058685199493094175 0.016178864674960273 0.0013758851322278071 -0.0014289048943191807 0.010404799822166792 -0.014131581388300809 5.5224823264769668e-05 0.013783254758736773 -0.014932449976184401 -0.010569964005868427 -0.0099067102484845099 -0.0017942534673880089 0.005662653110454826 0.0025354712529678564 -0.0040388040836381763 0.0053198892331610906 0.0061379427823077147 -0.017066848358569042 -0.0037368235074475148 -0.012205512860512479 -0.0087644630096244472 0.028944662001757125 0.0046771869500927951
leaf_weight=201 8554 360 168 69676 88583 1755 9009 548 653 12542 30798 375 322 102360 618 514 176 1026 22052 1280 499 612 3059 1471 258 503 121 597 139 191
leaf_count=201 8554 360 168 69676 88583 1755 9009 548 653 12542 30798 375 322 102360 618 514 176 1026 22052 1280 499 612 3059 1471 258 503 121 597 139 191
internal_value=5.1708e-07 -8.34733e-05 0.000194869 0.000115709 8.44785e-05 -0.000573104 0.00178686 0.00299429 0.00931499 -0.00119627 -0.000503995 -0.00127035 0.000465271 5.07212e-06 0.00831589 -0.00233235 -0.0021916 -0.0018317 -0.00217617 0.00338058 -0.00740227 0.00350949 0.00437028 0.00104048 -0.00914654 0.00345903 0.00190471 -0.00339764 0.00662042 0.016826
internal_weight=359020 349144 279084 272683 271705 99347 10764 9876 1322 70060 43715 31173 172358 102682 978 26345 26144 24534 23078 1456 1610 6401 5789 2400 426 1974 669 1096 3389 330
internal_count=359020 349144 279084 272683 271705 99347 10764 9876 1322 70060 43715 31173 172358 102682 978 26345 26144 24534 23078 1456 1610 6401 5789 2400 426 1974 669 1096 3389 330
is_linear=0
shrinkage=0.03


Tree=13
num_leaves=31
num_cat=0
split_feature=54 29 41 60 57 5 58 72 28 117 42 26 36 35 76 68 37 59 14 25 23 113 37 116 52 116 30 0 138 4
split_gain=105.587 93.5767 75.8178 77.2568 92.3251 64.6323 90.6066 62.6577 61.1901 81.2694 74.1185 63.8415 58.1856 56.1884 63.6176 55.919 54.8104 52.3772 50.3554 46.0557 45.6296 45.3262 56.606 49.3702 61.8402 45.2945 49.2423 47.9892 45.1357 43.8916
threshold=1.0876560807228091 -0.0035255964612588282 -0.069111481308937059 1.0181123018264773 1.168366074562073 0.0048308961559087047 0.92360371351242077 0.60455322265625011 0.013036832679063083 0.49624063074588781 -0.10211594775319098 0.074994582682847991 0.80372503399848949 0.75863370299339306 0.48333333432674414 0.10344968363642694 0.63443037867546093 1.0042236447334292 1.0701365470886233 0.015860188752412799 0.024452820420265201 0.12422375008463861 0.66163632273674022 0.47058831155300146 0.97889181971549999 0.38461540639400488 -0.0047816014848649493 -0.0090217809192836267 0.77246809005737316 0.19999762624502185
decision_type=10 8 8 10 10 10 8 10 8 8 10 10 10 10 2 10 10 10 10 8 10 10 10 10 10 10 10 10 10 10
left_child=1 8 7 4 5 19 -7 -3 10 -10 29 13 21 14 -12 16 -14 -15 -5 -4 -9 23 -23 24 -2 27 -27 -6 -24 -1
right_child=12 2 3 18 25 6 -8 20 9 -11 11 -13 15 17 -16 -17 -18 -19 -20 -21 -22 22 28 -25 -26 26 -28 -29 -30 -31
leaf_value=0.0086970874432021564 0.0063759791371105585 -0.0014062589791137726 0.0010497920859053951 -0.0026753173887396854 0 0.005555300720999936 -0.00064945130574752853 0.0048679772640667944 -0.00039204604987076719 -0.017228023461236551 -0.0028321860889720545 0.0038261335925986141 0.012416165825330986 -0.0013730857006904881 -0.00064009458429275341 0.015034123544668501 -0.0052907870524218411 0.0021185757813345714 -0.015892025041587959 4.2601359529425885e-05 0.022739562902611705 0.0016661775181441038 0.0021105250414872644 -0.0060960758010821974 -0.0016545211749806723 -0.0063217629985621764 0.0032828385270208334 0.0082128661584644647 0.013679441656505528 0.00012687406650734552
leaf_weight=1066 1440 320 69866 5053 933 2138 95469 339 625 472 26213 2195 245 8248 22634 663 347 7201 268 99970 287 2754 590 927 2005 633 1742 2544 836 1212
leaf_count=1066 1440 320 69866 5053 933 2138 95469 339 625 472 26213 2195 245 8248 22634 663 347 7201 268 99970 287 2754 590 927 2005 633 1742 2544 836 1212
internal_value=-1.09268e-05 -9.80029e-05 0.000146497 0.000116307 0.000187169 0.000104307 -0.000509358 0.00854091 -0.0010804 -0.00808331 -0.000962009 -0.00114834 0.00305499 -0.00132396 -0.00182326 0.00911127 0.00171334 0.000235669 -0.00345418 0.000458774 0.0139762 0.00211206 0.00433786 0 0.00163305 0.00390969 0.000566284 0.00609135 0.00919573 0.00430868
internal_weight=359235 349428 279562 278616 273295 267443 97607 946 69866 1097 68769 66491 9807 64296 48847 1255 592 15449 5321 169836 626 8552 4180 4372 3445 5852 2375 3477 1426 2278
internal_count=359235 349428 279562 278616 273295 267443 97607 946 69866 1097 68769 66491 9807 64296 48847 1255 592 15449 5321 169836 626 8552 4180 4372 3445 5852 2375 3477 1426 2278
is_linear=0
shrinkage=0.03


Tree=14
num_leaves=31
num_cat=0
split_feature=16 29 58 32 38 127 28 36 38 41 36 53 11 12 26 35 32 57 57 38 37 138 14 47 81 113 5 27 25 12
split_gain=96.0867 83.5454 92.3107 82.22 67.2313 105.737 81.9826 85.0128 70.0271 62.1531 112.596 60.683 63.1116 59.3786 58.8852 59.9927 57.635 56.2039 53.1932 51.3419 50.971 49.5597 51.8975 55.1637 51.0954 47.8428 46.4879 49.6942 46.0549 57.3119
threshold=1.2143616676330569 -0.0013831955147907136 0.9301920235157014 -0.00066012426395900537 -0.024172487668693062 0.29976712167263037 -0.013249028008431194 0.53543797135353099 0.013136034831404688 -0.038698868826031678 0.82254397869110119 1.0010758042335512 0.98531964421272289 0.99333009123802196 0.02009484171867371 0.82554742693901073 0.0025106121320277457 1.2149502038955691 1.168366074562073 0.019379149191081527 0.77203536033630382 0.98325932025909435 0.90696820616722118 1.1112288236618044 0.11666667088866235 0.62500038743019115 0.010763186030089857 0.082968298345804228 0.013436455745249988 0.99069139361381542
decision_type=10 8 10 10 8 10 8 10 10 10 10 10 10 10 10 10 10 10 10 8 10 10 8 10 2 10 10 10 10 10
left_child=1 2 3 -1 5 21 7 26 -9 10 11 -4 -13 -5 25 19 -17 -2 28 -16 -7 22 23 -3 -24 -11 27 -6 -8 -30
right_child=17 4 9 13 6 20 18 8 -10 14 -12 12 -14 -15 15 16 -18 -19 -20 -21 -22 -23 24 -25 -26 -27 -28 -29 29 -31
leaf_value=-0.0011558186215655654 -0.0029584757346142422 -0.010050299203163649 -0.009599364448440055 -0.034732014743343649 -0.00079334470889801101 -0.00038588229623412229 0.00099188633051144979 0.013435588409345183 -0.0034454802576317843 -0.00014578868527689715 0.014114691805126136 0.003526358427788577 -0.00018301097523084763 -0.0033998880195228948 -0.0019404646781815335 0.00076008380080053108 -0.016479279575207992 0.0062047844190307282 0.0037330750245840303 0.0026629197234147462 -0.022617754755149544 0.0081098196855933398 0.00019708138540576976 0.0090008840198097552 -0.020285777423330011 0.0044020972811145411 -0.0076032400083811897 0.012410693630663445 0.001612535479251608 -0.00021929858548107829
leaf_weight=353 672 199 504 161 656 161 52290 1199 229 28970 539 5389 16886 118 58542 12349 156 3363 3934 2194 360 378 137 329 249 2217 447 364 17122 148325
leaf_count=353 672 199 504 161 656 161 52290 1199 229 28970 539 5389 16886 118 58542 12349 156 3363 3934 2194 360 378 137 329 249 2217 447 364 17122 148325
internal_value=5.0441e-06 -4.66029e-05 -0.000658626 -0.0119429 0.000299174 -0.00541327 0.000347106 0.0053512 0.0105111 -0.00059859 0.000794418 0.000453968 0.000703301 -0.0235976 -0.000912603 -0.00137782 0.0004951 0.00459766 0.000279923 -0.00176841 -0.0165704 -0.000501472 -0.00448141 0.00116842 -0.0126254 0.000170509 5.29201e-05 0.00377827 0.000215818 -2.77383e-05
internal_weight=358792 354757 128378 632 226379 1813 224566 2895 1428 127746 23318 22779 22275 279 104428 73241 12505 4035 221671 60736 521 1292 914 528 386 31187 1467 1020 217737 165447
internal_count=358792 354757 128378 632 226379 1813 224566 2895 1428 127746 23318 22779 22275 279 104428 73241 12505 4035 221671 60736 521 1292 914 528 386 31187 1467 1020 217737 165447
is_linear=0
shrinkage=0.03


Tree=15
num_leaves=31
num_cat=0
split_feature=42 29 38 122 18 36 31 22 24 78 38 57 85 10 18 24 26 36 1 37 22 8 76 114 72 75 27 107 35 28
split_gain=90.2516 86.5521 75.8772 153.068 95.1745 84.0624 77.1916 76.8458 72.9418 69.434 105.669 66.0806 59.5317 56.2168 55.2601 74.5613 55.5802 69.331 60.4909 74.535 72.7244 54.485 54.0687 53.7394 86.0166 55.524 50.2952 48.9696 47.6796 47.6041
threshold=-0.11656101047992705 -0.0001869841507868841 -0.017809609882533547 0.3520954847335816 0.96981343626976024 0.7879355549812318 0.009065166115760805 1.0945568084716799 0.09879480674862863 0.30000000447034841 0.013136034831404688 0.94208079576492321 0.72499999403953563 1.0342108607292178 0.94604137539863598 0.053789217025041587 0.090576656162738814 0.76959535479545604 0.014336896128952505 0.8446948528289796 0.93211251497268688 0.40741059184074407 0.18333333730697635 0.315789744257927 0.63207563757896434 0.27500000596046453 0.091447852551937117 0.39827586710453039 0.64114555716514599 0.020756043493747715
decision_type=8 8 8 10 10 10 10 10 10 10 10 10 2 10 10 10 10 10 10 10 10 10 2 10 10 2 10 2 10 10
left_child=23 14 3 4 -3 -5 7 8 29 27 11 -11 -12 -7 15 -2 18 21 -16 20 -20 28 -9 24 -1 -25 -21 -8 -18 -4
right_child=1 2 6 5 -6 13 9 22 -10 10 12 -13 -14 -15 16 -17 17 -19 19 26 -22 -23 -24 25 -26 -27 -28 -29 -30 -31
leaf_value=0.0044359543225621929 -0.022210943987112 0.0066578017674077394 0.00028323642675365739 -0.0024387620499972161 -0.016848957605896359 -0.0010432888875381641 0.0054422665791473519 0.0071661466482095199 -0.01450485429322027 0.017238369251626962 0.0026316209512244676 0.0044262867540275294 -0.020892109280002527 0.017126212683767079 0.00021990991466365993 0.0039308297846818692 0.0077570120812417084 0.011193394118831242 -0.0047760378188128217 0 -0.0010767136668165256 -0.0068018963249108829 -0.0011156003794508473 -0.0089122111767050722 0.022209057778971818 0.0072052438661960698 0.0043429725980578772 -0.0039468518236733773 -0.005840510007908529 0.0038879909050486892
leaf_weight=3213 222 154 176364 2681 927 206 938 2487 277 909 230 750 125 355 56000 128 882 783 5105 8320 87475 584 901 477 261 279 3343 1011 271 3357
leaf_count=3213 222 154 176364 2681 927 206 938 2487 277 909 230 750 125 355 56000 128 882 783 5105 8320 87475 584 901 477 261 279 3343 1011 271 3357
internal_value=3.20582e-05 -1.91575e-05 0.000412202 -0.00349944 -0.0131676 -0.000122793 0.000504427 0.000412845 0.000326524 0.00464367 0.0085306 0.0117467 -0.00552387 0.0101317 -0.00052787 -0.012144 -0.000499559 0.00388866 -0.000570918 -0.000998593 -0.00128493 0.000335169 0.00488206 0.00437816 0.00597658 -0.0025451 0.00124693 0.000428891 0.00426022 0.000352664
internal_weight=359015 354785 191672 4323 1081 3242 187349 183386 179998 3963 2014 1659 355 561 163113 350 162763 2520 160243 104243 92580 1737 3388 4230 3474 756 11663 1949 1153 179721
internal_count=359015 354785 191672 4323 1081 3242 187349 183386 179998 3963 2014 1659 355 561 163113 350 162763 2520 160243 104243 92580 1737 3388 4230 3474 756 11663 1949 1153 179721
is_linear=0
shrinkage=0.03


Tree=16
num_leaves=31
num_cat=0
split_feature=41 36 14 46 32 86 53 42 39 15 86 29 24 24 73 50 50 38 28 80 8 80 20 36 14 85 62 25 41 117
split_gain=92.2907 102.603 90.5708 86.762 89.9528 81.043 67.7008 77.9539 77.1517 70.5193 65.0808 60.4165 59.4806 55.6405 55.3641 73.2734 48.714 45.6488 44.9684 86.3656 88.4457 74.9016 52.4731 49.6888 48.9413 35.4878 43.4003 57.5933 43.4512 42.3258
threshold=-0.065046347677707658 0.77572068572044384 0.96673059463500988 1.045770049095154 -0.0047597468364983788 -0.58333334326744068 0.99634286761283886 -0.053191445767879479 0.016650686040520671 0.72930517792701732 0.94999998807907116 -0.014904940966516731 0.049899416044354446 0.09879480674862863 0.90000000596046459 0.93556731939315807 0.71171173453331005 -0.021190037019550797 0.022741337306797508 0.42499999701976782 0.70000469684600841 0.77500000596046459 0.89515522122383129 0.76347345113754284 0.86748021841049205 -0.82500001788139332 0.85058823227882396 0.085643555968999877 -0.080699548125267015 0.43750001490116125
decision_type=10 10 8 10 10 2 10 10 10 8 2 10 10 10 10 10 10 10 10 2 10 2 10 10 8 2 8 10 10 10
left_child=1 25 -3 13 5 14 7 8 -6 -9 11 -8 -11 17 15 -5 -13 -2 22 20 -20 -21 23 -19 -24 29 27 28 -27 -1
right_child=3 2 -4 4 6 -7 10 9 -10 12 -12 16 -14 -15 -16 -17 -18 18 19 21 -22 -23 24 -25 -26 26 -28 -29 -30 -31
leaf_value=-0.0011588784771902839 -0.01044731354025071 -0.0066291034379549509 0.016147413962469413 0.014846003246113409 0.0033788190576862168 -0.00019688418211019973 0.0061714535010052984 -0.019205959107593765 -0.012406256521027687 -0.0018539969427425144 -0.018166257260327643 0.0077034757813715113 0.0095497411530772059 -0.015537122282726995 0 0.0038974177381072778 -0.00054835330415085057 -0.0098887584126368493 0.00093441753155706117 -0.0080268170589553513 0.015353307556381722 0.012327959082170348 0.0087452285906083477 -0.00011677223126240498 0.00040701416401017358 0.012254466385713517 -0.00024556634029510309 -0.0075577993514889391 0.0021962113314690042 0.011403426963954934
leaf_weight=306 325 161 816 972 316 3879 1200 190 1202 16448 168 622 395 176 934 1518 158653 839 795 659 821 187 620 1172 157189 763 5712 253 963 661
leaf_count=306 325 161 816 972 316 3879 1200 190 1202 16448 168 622 395 176 934 1518 158653 839 795 659 821 187 620 1172 157189 763 5712 253 963 661
internal_value=-2.63215e-05 0.00286593 0.0120355 -0.000107124 -0.000549514 0.00270143 -0.000683966 -0.00240304 -0.00892403 -0.00179451 -0.000483306 -0.000460663 -0.00155776 0.000397876 0.00605407 0.00837509 -0.000513282 0.000418877 0.000443771 0.00446227 0.00854137 -0.00300037 0.000379439 -0.00439864 0.000442778 0.00177128 0.00103531 0.00484785 0.00690385 0.0071813
internal_weight=358915 9635 977 349280 186497 7303 179194 18551 1518 17033 160643 160475 16843 162783 3424 2490 159275 162607 162282 2462 1616 846 159820 2011 157809 8658 7691 1979 1726 967
internal_count=358915 9635 977 349280 186497 7303 179194 18551 1518 17033 160643 160475 16843 162783 3424 2490 159275 162607 162282 2462 1616 846 159820 2011 157809 8658 7691 1979 1726 967
is_linear=0
shrinkage=0.03


end of trees

feature_importances:
RESI5=23
RESI30=19
ROC30=18
BETA10=18
RSQR30=16
BETA5=15
QTLU60=13
KLOW=12
RESI60=12
RSQR20=11
STD10=10
STD20=10
KLEN=9
ROC60=9
MAX30=9
MIN20=9
IMXD30=9
SUMN60=9
BETA20=8
RSQR5=8
RSQR60=8
MA60=7
STD30=7
STD60=7
QTLU5=7
KSFT=6
ROC10=6
MA5=6
STD5=6
BETA60=6
MIN5=6
VWAP0=5
MIN10=5
MIN60=5
QTLD5=5
RSV5=5
RSV60=5
IMAX60=5
IMIN5=5
IMIN60=5
SUMD30=5
SUMD60=5
RESI10=4
RESI20=4
QTLU10=4
QTLD10=4
QTLD30=4
IMAX5=4
IMAX10=4
IMAX30=4
IMIN30=4
SUMP60=4
KSFT2=3
HIGH0=3
ROC5=3
ROC20=3
MAX60=3
MIN30=3
QTLU20=3
QTLD20=3
RSV30=3
IMAX20=3
IMXD5=3
IMXD20=3
SUMP20=3
KUP2=2
KLOW2=2
LOW0=2
MA10=2
MA20=2
MA30=2
BETA30=2
MAX10=2
QTLU30=2
QTLD60=2
IMIN10=2
IMIN20=2
CNTD10=2
CNTD20=2
SUMP5=2
SUMP30=2
SUMN10=2
VSTD10=2
WVMA5=2
KMID=1
KMID2=1
KUP=1
MAX5=1
RANK5=1
RSV10=1
IMXD10=1
IMXD60=1
CORD30=1
CORD60=1
CNTP10=1
CNTP60=1
CNTN60=1
CNTD60=1
SUMP10=1
SUMN5=1
VSTD5=1
WVMA20=1
VSUMP5=1

parameters:
[boosting: gbdt]
[objective: regression]
[metric: l2]
[tree_learner: serial]
[device_type: cpu]
[data_sample_strategy: bagging]
[data: ]
[valid: ]
[num_iterations: 500]
[learning_rate: 0.03]
[num_leaves: 31]
[num_threads: 12]
[seed: 20260814]
[deterministic: 1]
[force_col_wise: 1]
[force_row_wise: 0]
[histogram_pool_size: -1]
[max_depth: 7]
[min_data_in_leaf: 100]
[min_sum_hessian_in_leaf: 0.001]
[bagging_fraction: 0.8]
[pos_bagging_fraction: 1]
[neg_bagging_fraction: 1]
[bagging_freq: 1]
[bagging_seed: 20260814]
[bagging_by_query: 0]
[feature_fraction: 0.8]
[feature_fraction_bynode: 1]
[feature_fraction_seed: 20260814]
[extra_trees: 0]
[extra_seed: 17475]
[early_stopping_round: 0]
[early_stopping_min_delta: 0]
[first_metric_only: 0]
[max_delta_step: 0]
[lambda_l1: 10]
[lambda_l2: 20]
[linear_lambda: 0]
[min_gain_to_split: 0]
[drop_rate: 0.1]
[max_drop: 50]
[skip_drop: 0.5]
[xgboost_dart_mode: 0]
[uniform_drop: 0]
[drop_seed: 29730]
[top_rate: 0.2]
[other_rate: 0.1]
[min_data_per_group: 100]
[max_cat_threshold: 32]
[cat_l2: 10]
[cat_smooth: 10]
[max_cat_to_onehot: 4]
[top_k: 20]
[monotone_constraints: ]
[monotone_constraints_method: basic]
[monotone_penalty: 0]
[feature_contri: ]
[forcedsplits_filename: ]
[refit_decay_rate: 0.9]
[cegb_tradeoff: 1]
[cegb_penalty_split: 0]
[cegb_penalty_feature_lazy: ]
[cegb_penalty_feature_coupled: ]
[path_smooth: 0]
[interaction_constraints: ]
[verbosity: -1]
[saved_feature_importance_type: 0]
[use_quantized_grad: 0]
[num_grad_quant_bins: 4]
[quant_train_renew_leaf: 0]
[stochastic_rounding: 1]
[linear_tree: 0]
[max_bin: 255]
[max_bin_by_feature: ]
[min_data_in_bin: 3]
[bin_construct_sample_cnt: 200000]
[data_random_seed: 20260812]
[is_enable_sparse: 1]
[enable_bundle: 1]
[use_missing: 1]
[zero_as_missing: 0]
[feature_pre_filter: 1]
[pre_partition: 0]
[two_round: 0]
[header: 0]
[label_column: ]
[weight_column: ]
[group_column: ]
[ignore_column: ]
[categorical_feature: ]
[forcedbins_filename: ]
[precise_float_parser: 0]
[parser_config_file: ]
[objective_seed: 27057]
[num_class: 1]
[is_unbalance: 0]
[scale_pos_weight: 1]
[sigmoid: 1]
[boost_from_average: 1]
[reg_sqrt: 0]
[alpha: 0.9]
[fair_c: 1]
[poisson_max_delta_step: 0.7]
[tweedie_variance_power: 1.5]
[lambdarank_truncation_level: 30]
[lambdarank_norm: 1]
[label_gain: ]
[lambdarank_position_bias_regularization: 0]
[eval_at: ]
[multi_error_top_k: 1]
[auc_mu_weights: ]
[num_machines: 1]
[local_listen_port: 12400]
[time_out: 120]
[machine_list_filename: ]
[machines: ]
[gpu_platform_id: -1]
[gpu_device_id: -1]
[gpu_device_id_list: ]
[gpu_use_dp: 0]
[num_gpu: 1]

end of parameters

pandas_categorical:null
