tree
version=v4
num_class=1
num_tree_per_iteration=1
label_index=0
max_feature_idx=157
objective=regression
feature_names=KMID KLEN KMID2 KUP KUP2 KLOW KLOW2 KSFT KSFT2 OPEN0 HIGH0 LOW0 VWAP0 ROC5 ROC10 ROC20 ROC30 ROC60 MA5 MA10 MA20 MA30 MA60 STD5 STD10 STD20 STD30 STD60 BETA5 BETA10 BETA20 BETA30 BETA60 RSQR5 RSQR10 RSQR20 RSQR30 RSQR60 RESI5 RESI10 RESI20 RESI30 RESI60 MAX5 MAX10 MAX20 MAX30 MAX60 MIN5 MIN10 MIN20 MIN30 MIN60 QTLU5 QTLU10 QTLU20 QTLU30 QTLU60 QTLD5 QTLD10 QTLD20 QTLD30 QTLD60 RANK5 RANK10 RANK20 RANK30 RANK60 RSV5 RSV10 RSV20 RSV30 RSV60 IMAX5 IMAX10 IMAX20 IMAX30 IMAX60 IMIN5 IMIN10 IMIN20 IMIN30 IMIN60 IMXD5 IMXD10 IMXD20 IMXD30 IMXD60 CORR5 CORR10 CORR20 CORR30 CORR60 CORD5 CORD10 CORD20 CORD30 CORD60 CNTP5 CNTP10 CNTP20 CNTP30 CNTP60 CNTN5 CNTN10 CNTN20 CNTN30 CNTN60 CNTD5 CNTD10 CNTD20 CNTD30 CNTD60 SUMP5 SUMP10 SUMP20 SUMP30 SUMP60 SUMN5 SUMN10 SUMN20 SUMN30 SUMN60 SUMD5 SUMD10 SUMD20 SUMD30 SUMD60 VMA5 VMA10 VMA20 VMA30 VMA60 VSTD5 VSTD10 VSTD20 VSTD30 VSTD60 WVMA5 WVMA10 WVMA20 WVMA30 WVMA60 VSUMP5 VSUMP10 VSUMP20 VSUMP30 VSUMP60 VSUMN5 VSUMN10 VSUMN20 VSUMN30 VSUMN60 VSUMD5 VSUMD10 VSUMD20 VSUMD30 VSUMD60
feature_infos=[-0.15450645983219147:0.33106967806816101] [0:0.33106967806816101] [-1:1] [0:0.27153289318084717] [0:1] [0:0.19577737152576447] [0:1] [-0.31147539615631104:0.33106967806816101] [-1:1] [0.75127547979354858:1.1827411651611328] [1:1.365384578704834] [0.75127547979354858:1] [0.90894031524658203:1.0877940654754639] [0.62103557586669922:1.6790908575057983] [0.58417785167694092:1.8924485445022583] [0.46860837936401367:2.2146341800689697] [0.45439684391021729:2.740487813949585] [0.36440131068229675:2.649662971496582] [0.8043818473815918:1.3455072641372681] [0.71110033988952637:1.4951817989349365] [0.61736243963241577:1.7117466926574707] [0.56646168231964111:1.9959673881530762] [0.4937971830368042:1.8649090528488159] [0:0.26957115530967712] [0:0.32280367612838745] [0:0.36472421884536743] [0:0.57258552312850952] [0:0.50059491395950317] [-0.16409091651439667:0.17131471633911133] [-0.11732283234596252:0.17131471633911133] [-0.11732283234596252:0.17131471633911133] [-0.11732283234596252:0.17131471633911133] [-0.11732283234596252:0.17131471633911133] [0:1] [0:1] [0:1] [0:1] [0:1] [-0.11478264629840851:0.13264167308807373] [-0.24554997682571411:0.20802642405033112] [-0.40848860144615173:0.27287426590919495] [-0.44566619396209717:0.27581575512886047] [-0.96870207786560059:0.33257237076759338] [1:1.6472727060317993] [1:1.9298244714736938] [1:2.2439024448394775] [1:3.3160974979400635] [1:3.3160974979400635] [0.58144122362136841:1] [0.54045307636260986:1] [0.4660193920135498:1] [0.43721681833267212:1] [0.33789625763893127:1] [0.86334514617919922:1.4843636751174927] [0.78309857845306396:1.7869091033935547] [0.69682848453521729:2.054157018661499] [0.62161809206008911:2.423609733581543] [0.56576049327850342:2.3250908851623535] [0.70860719680786133:1.2689855098724365] [0.58504855632781982:1.4057971239089966] [0.49352750182151794:1.5574545860290527] [0.47533980011940002:1.5740000009536743] [0.38890489935874939:1.5950908660888672] [0.20000000298023224:1] [0.10000000149011612:1] [0.05000000074505806:1] [0.033333335071802139:1] [0.01666666753590107:1] [0:1] [0:1] [0:1] [0:1] [0:1] [0.20000000298023224:1] [0.10000000149011612:1] [0.05000000074505806:1] [0.033333335071802139:1] [0.01666666753590107:1] [0.20000000298023224:1] [0.10000000149011612:1] [0.05000000074505806:1] [0.033333335071802139:1] [0.01666666753590107:1] [-0.80000001192092896:0.80000001192092896] [-0.89999997615814209:0.89999997615814209] [-0.94999998807907104:0.94999998807907104] [-0.96666663885116577:0.96666663885116577] [-0.98333334922790527:0.98333334922790527] [-1:1] [-1:1] [-1:1] [-1:1] [-1:1] [-1:1] [-1:1] [-1:1] [-1:1] [-1:1] [0:1] [0:1] [0:0.89999997615814209] [0:0.8888888955116272] [0:0.8888888955116272] [0:1] [0:1] [0:0.89999997615814209] [0:0.8571428656578064] [0:0.8571428656578064] [-1:1] [-1:1] [-0.83333331346511841:0.8888888955116272] [-0.83333331346511841:0.8888888955116272] [-0.83333331346511841:0.8888888955116272] [0:1] [0:1] [0:1] [0:1] [0:1] [0:1] [0:1] [0:1] [0:1] [0:1] [-1:1] [-1:1] [-1:1] [-1:1] [-1:1] [0.20013266801834106:26452.083984375] [0.10012400150299072:23627.859375] [0.050104878842830658:26698.134765625] [0.033777147531509399:28136.5] [0.017187755554914474:26107.111328125] [0.00080492562847211957:59102.5] [0.0021778203081339598:49210.34375] [0.0021778203081339598:56418.4921875] [0.0021778203081339598:57003.12109375] [0.0021778203081339598:42065.70703125] [0:2.2360680103302002] [0:3.1615598201751709] [0:4.4708261489868164] [0:5.4656624794006348] [0:7.5986995697021484] [0:1] [0:1] [0:1] [0:1] [0:1] [0:1] [0:1] [0:1] [0:1] [0:1] [-1:1] [-1:1] [-1:1] [-1:1] [-1:1]
tree_sizes=3097 3024 3094 3054 3076 3022 3083 3094 3067 3090 3102 3068 3100 3066 3088 3107 3059 3108 2980 3122 3084 3128 3054

Tree=0
num_leaves=31
num_cat=0
split_feature=16 26 25 74 115 34 1 44 64 2 51 1 36 102 19 138 110 12 29 123 80 51 11 82 1 0 23 36 1 81
split_gain=171.283 94.8206 70.1975 80.6051 130.046 76.8506 73.4617 71.7978 69.2497 59.559 56.663 55.5367 77.2455 53.3602 66.6124 50.3225 54.4201 46.4381 46.2677 42.0672 45.4359 41.6931 42.3548 39.2397 36.2738 34.9045 34.3129 51.133 59.0543 33.564
threshold=1.2206377983093264 0.021769763901829723 0.033671133220195777 0.25000000745058065 0.74207225441932689 0.7025708556175233 0.034994691610336311 1.1359903812408449 0.44722221791744238 -0.12499399855732916 0.92515000700950634 0.055469902232289321 0.79826858639717113 0.53923079371452343 0.96026745438575756 0.64176785945892345 -0.35147058963775629 0.98570287227630626 -0.00019537544721970332 0.6708083748817445 0.77500000596046459 0.74469912052154552 0.99611195921897899 0.24166666716337207 0.036666689440608032 0.028719866648316387 0.016129424795508388 0.80461445450782787 0.039276529103517539 0.31666667759418493
decision_type=10 10 10 2 10 10 10 10 10 10 10 10 10 2 10 10 2 10 10 10 2 10 10 2 10 10 10 10 10 2
left_child=1 8 13 5 6 18 9 -8 24 -5 -7 15 -13 14 19 16 -2 -6 25 -3 -21 -16 -23 -12 -1 -4 -17 -28 -29 -19
right_child=11 2 3 4 17 10 7 -9 -10 -11 23 12 -14 -15 21 26 -18 29 -20 20 -22 22 -24 -25 -26 -27 27 28 -30 -31
leaf_value=-7.6673923066870108e-05 -0.013972058360248247 0.00015456788788855739 -0.0037422413377124061 0.0028158305599002022 -0.00875589686453687 0.0094201543319791647 0.0050103564484972043 -0.0040452650156387049 0.0014749739614362462 -0.00031099695488535158 0.0043770989546983814 0.0041304044270620878 0.020356103494857444 0.00061419961605418526 -0.014503077532833437 -0.0011388456563390199 0.0033204771132117087 4.4143326217389785e-10 0.0014573415912138405 -0.0084449341885085086 0.0050274905513770013 -0.0013793370902133544 -6.3545402082316822e-06 -0.00056680706610607982 -0.0064683284325513894 0.0016949975447061894 0.0019553114418010501 0.016941630056495804 4.4143326217389785e-10 -0.0054851683973159565
leaf_weight=37241 252 850 10615 9508 981 651 8739 814 49317 12559 1753 664 515 17764 189 438 352 3696 2177 2348 207 69756 29094 7541 800 1089 882 683 244 1385
leaf_count=37241 252 850 10615 9508 981 651 8739 814 49317 12559 1753 664 515 17764 189 438 352 3696 2177 2348 207 69756 29094 7541 800 1089 882 683 244 1385
internal_value=1.28322e-05 -7.82314e-05 -0.0004697 0.000351033 0.00121796 -0.00100735 0.00199523 0.00420056 0.000732562 0.00102401 0.00098303 0.00613737 0.0116895 -0.000892136 -0.00115633 0.00367142 -0.0036301 -0.00278026 -0.0024543 -0.00529106 -0.00720635 -0.00101011 -0.000978352 0.000340881 -0.0002223 -0.00320872 0.00578114 0.00761478 0.0125277 -0.00153791
internal_weight=273104 269074 181716 61508 37682 23826 31620 9553 87358 22067 9945 4030 1179 120208 102444 2851 604 6062 13881 3405 2555 99039 98850 9294 38041 11704 2247 1809 927 5081
internal_count=273104 269074 181716 61508 37682 23826 31620 9553 87358 22067 9945 4030 1179 120208 102444 2851 604 6062 13881 3405 2555 99039 98850 9294 38041 11704 2247 1809 927 5081
is_linear=0
shrinkage=1


Tree=1
num_leaves=31
num_cat=0
split_feature=16 25 39 27 49 91 33 4 42 6 29 22 4 42 6 87 87 27 2 36 140 86 2 33 70 48 17 48 26 13
split_gain=179.464 95.8348 64.5635 70.02 64.4758 100.003 109.915 78.4554 57.879 76.9079 71.6551 81.9475 59.5994 50.0797 49.6053 47.7395 61.0589 69.9822 45.6845 45.4132 77.0651 41.2652 40.8869 38.8059 82.7925 38.4533 32.5124 32.2117 30.1518 27.92
threshold=1.2206377983093264 0.012410786934196951 0.019643191248178486 0.023181465454399589 0.8330044448375703 0.27119196951389318 0.88040038943290722 0.13157836347818377 -0.077859010547399507 0.10526738315820695 -0.00043847461347468192 1.0944202542304995 0.4255331158638001 0.067746125161647811 0.12000354006886484 -0.60833334922790516 -0.7083333134651183 0.071622952818870558 -0.64285776019096363 0.80461445450782787 0.76384052634239208 0.78333333134651195 0.88000121712684642 0.65570032596588146 0.10294099152088167 0.96668818593025219 0.92114830017089855 0.89662820100784313 0.081169772893190398 0.99881747364997875
decision_type=10 10 10 10 10 10 10 10 10 10 10 10 10 10 10 2 2 10 10 10 10 2 10 10 10 10 10 10 10 8
left_child=1 29 4 26 5 6 -3 -8 9 -6 13 -12 -11 -10 -7 16 22 -18 -17 -2 25 -20 -5 24 -22 -21 -4 -16 -26 -1
right_child=19 2 3 15 8 14 7 -9 10 12 11 -13 -14 -15 27 18 17 -19 21 20 23 -23 -24 -25 28 -27 -28 -29 -30 -31
leaf_value=0.002368862276295354 0.0028319316660794548 0.019491419357433856 -0.00032782553846891313 -0.0030224915327072255 -0.0017667598798504823 -0.016858477326646699 0.012478926263627685 -0.019439143707285396 -0.00096639259682408879 0.0059528789796194758 6.032711580269261e-05 0.0050321006310216077 -0.0016955698636371853 0.0098245660009706626 -0.0053017806052230295 -0.018094474452280091 0 0.012729817669544565 -0.0037007699074321707 0.0096940491551865491 -0.0090673301413676938 0.0010669610923118036 0.0039401952891435291 0.016619761405474553 0 -0.0091571595896418924 0.011262876629517603 0.011891974479086319 0.016347355249353442 0.00060771815585568875
leaf_weight=14435 2063 593 293 4302 2717 157 107 123 95450 4284 105237 3056 1084 364 178 174 982 607 11713 123 195 1781 870 908 129 252 493 157 400 19892
leaf_count=14435 2063 593 293 4302 2717 157 107 123 95450 4284 105237 3056 1084 364 178 174 982 607 11713 123 195 1781 870 908 129 252 493 157 400 19892
internal_value=-2.44717e-05 -0.000120369 -0.000337947 -0.00191703 -0.000179472 0.00638535 0.012756 -0.0035799 -0.000222168 0.00225955 -0.000322154 0.000204302 0.00435213 -0.000920225 -0.00376723 -0.00226825 -0.000158315 0.00489925 -0.00328827 0.00621109 0.00947433 -0.00304866 -0.00178283 0.0122936 0.00616374 -0.0020367 0.00666904 0.00212712 0.0124504 0.00135799
internal_weight=273119 269049 234722 21215 213507 1315 823 230 212192 8085 204107 108293 5368 95814 492 20429 6761 1589 13668 4070 2007 13494 5172 1632 724 375 786 335 529 34327
internal_count=273119 269049 234722 21215 213507 1315 823 230 212192 8085 204107 108293 5368 95814 492 20429 6761 1589 13668 4070 2007 13494 5172 1632 724 375 786 335 529 34327
is_linear=0
shrinkage=0.03


Tree=2
num_leaves=31
num_cat=0
split_feature=16 26 27 33 42 86 13 26 45 18 49 3 111 14 23 36 140 80 1 15 44 10 23 38 26 80 14 134 50 114
split_gain=150.298 94.7797 75.2238 82.5008 66.0735 69.5733 66.5655 55.6791 54.6739 52.4752 83.7949 94.3543 68.4302 62.2969 50.9553 54.8884 80.8606 48.6091 48.2404 55.7905 47.2085 44.8019 40.8113 39.1899 35.2452 34.2494 31.9646 33.4441 29.8247 26.7035
threshold=1.2206377983093264 0.019933737814426426 0.0761079676449299 0.26178121566772466 0.12005405128002168 0.75000000000000011 0.96653175354003917 0.061982734128832824 1.0296058058738711 0.94259545207023632 0.8330044448375703 0.0086580403149127978 0.21583850681781772 0.92682483792305004 0.017329806461930278 0.80461445450782787 0.76692378520965587 0.27500000596046453 0.034584961831569679 1.0921131968498232 1.0409234166145327 1.018489718437195 0.010676630306988956 -0.0025771305663511153 0.025278614833951 0.17500000447034839 1.0287081599235537 0.19161570072174075 0.96666672825813305 0.62686589360237133
decision_type=10 10 10 8 10 2 8 10 10 10 10 10 2 8 10 10 10 2 10 8 10 10 10 10 10 2 10 10 10 10
left_child=1 8 3 20 5 6 -5 25 -1 17 11 12 -11 -13 -2 -16 28 -4 22 -20 23 -7 -12 -3 -25 -6 -22 -28 -17 -19
right_child=14 2 9 4 7 21 -8 -9 -10 10 18 13 -14 -15 15 16 -18 29 19 -21 26 -23 -24 24 -26 -27 27 -29 -30 -31
leaf_value=0.001673526644320096 -0.0014063945642505886 0.00050213320243449949 -0.022586709145599831 -0.002175869467674904 -0.02508659900838716 0.0010004711923145477 -0.00010285060447176555 0.00042232446514840104 2.4184992102578297e-06 0.022957070529663368 0.0027522280774204188 -0.0061853509525974073 -0.0014902824408582541 0.018407426968743628 0.0031019781973457955 0.0089642656974497793 0.014295519649900376 -0.0075202341211237471 0.0039978549350749345 -0.0013156641099410502 -0.0046860651842151792 0.0055131620446083442 -0.00084289325730922432 8.5694491921259406e-05 -0.0025712795042114236 -0.005343120989941259 -0.0043725296032232769 -0.0008145660205607254 -0.0081945633576386828 0.009132992400224943
leaf_weight=37103 676 10594 136 16571 196 12381 89680 263 34227 440 3603 365 101 102 1702 119 1370 225 6885 2283 6216 2414 13104 6306 13950 224 3551 8040 221 107
leaf_count=37103 676 10594 136 16571 196 12381 89680 263 34227 440 3603 365 101 102 1702 119 1370 225 6885 2283 6216 2414 13104 6306 13950 224 3551 8040 221 107
internal_value=2.59277e-05 -5.99132e-05 -0.000399131 -0.000634682 -0.000214397 -0.000158588 -0.000429332 -0.00939247 0.000876092 0.00105669 0.00124256 0.00967342 0.0179678 0 0.00572168 0.00722131 0.0110647 -0.00861904 0.000895324 0.00264206 -0.00167946 0.00176347 -4.72774e-05 -0.000953969 -0.00173006 -0.0159601 -0.00291704 -0.00193607 -0.00119127 -0.00108684
internal_weight=273155 269067 197737 170386 121729 121046 106251 683 71330 27351 26883 1008 541 467 4088 3412 1710 468 25875 9168 48657 14795 16707 30850 20256 420 17807 11591 340 332
internal_count=273155 269067 197737 170386 121729 121046 106251 683 71330 27351 26883 1008 541 467 4088 3412 1710 468 25875 9168 48657 14795 16707 30850 20256 420 17807 11591 340 332
is_linear=0
shrinkage=0.03


Tree=3
num_leaves=31
num_cat=0
split_feature=16 26 27 42 120 86 1 64 51 12 93 58 1 5 23 36 45 75 1 117 140 38 85 55 124 11 28 120 50 29
split_gain=158.054 74.7872 80.5693 69.2184 58.3602 72.4965 68.0266 55.1308 51.115 50.7391 44.8937 47.082 45.2118 44.7154 42.4097 41.3606 40.7027 37.9525 52.9449 58.4868 38.485 47.7279 31.3762 28.3984 48.685 32.3019 26.9033 21.9868 53.5934 20.8982
threshold=1.2394970059394839 0.019933737814426426 0.075317058712244048 0.12005405128002168 0.7423311471939088 -0.81666666269302357 0.017612541094422344 0.47499999403953558 0.75565457344055187 1.0012583136558535 0.8090224862098695 0.90896162390708934 0.060804652050137527 0.0070858802646398553 0.047230407595634467 0.43717427551746374 1.1115537285804751 0.22500000149011615 0.055469902232289321 0.41522492468357092 0.76384052634239208 -0.0026490167947486039 0.77500000596046459 1.0930447578430178 -0.44000063836574549 0.98355266451835643 0.011158046312630178 0.24915347993373874 0.82272112369537365 0.0034753404324874286
decision_type=10 10 10 10 8 2 10 10 10 10 10 10 10 10 10 10 10 2 10 10 10 10 2 10 10 10 10 10 10 10
left_child=1 7 3 4 5 6 -3 -1 -5 -7 11 13 16 -4 -14 -12 -13 18 20 -20 -2 -22 -10 25 -25 -6 29 -17 -29 -9
right_child=17 2 10 8 23 9 -8 26 22 -11 15 12 14 -15 -16 27 -18 -19 19 -21 21 -23 -24 24 -26 -27 -28 28 -30 -31
leaf_value=-0.0001653409219076927 -0.0058085129844645655 -9.7939821813205133e-05 -0.018339540125553808 -0.00020659759630883384 -0.0076609060821558337 -0.00096863045763212127 -0.003980946325743571 0.0017084074443248236 -0.0055299969748052397 0.00017041871010157865 -0.00017412735000734442 0.0013148805093031288 0.0075849682626777937 0 -0.0030251634503792152 -0.0030311409037574876 -0.0013573701072721223 0.00040600047941629264 0.021648822143774608 0.0025579136361421543 0.012677243459021588 0.00094239662790750244 -0.025710425892645227 0.0021973572751334313 0.012001231757386288 0.0011127618374031588 0.0058239722673019152 0.023543696088555652 0.0059516407853244784 0
leaf_weight=31554 205 6700 205 336 389 82524 10963 30356 195 60673 937 16703 1519 238 377 123 7295 738 474 267 671 685 190 2836 562 4484 1282 177 1588 7752
leaf_count=31554 205 6700 205 336 389 82524 10963 30356 195 60673 937 16703 1519 238 377 123 7295 738 474 267 671 685 190 2836 562 4484 1282 177 1588 7752
internal_value=1.45418e-06 -7.42906e-05 -0.00037343 -0.000624677 -0.000582635 -0.00071042 -0.00252677 0.000760505 -0.00979985 -0.000483961 0.00107908 0.000678436 0.000857909 -0.00874802 0.00530912 0.00467777 0.000489615 0.0067823 0.00867618 0.0154121 0.00513438 0.00706713 -0.0170078 0.00186213 0.00396734 0.000322618 0.00150949 0.00721955 0.00812793 0.0013535
internal_weight=272998 269958 199014 169852 169131 160860 17663 70944 721 143197 29162 26337 25894 443 1896 2825 23998 3040 2302 741 1561 1356 385 8271 3398 4873 39390 1888 1765 38108
internal_count=272998 269958 199014 169852 169131 160860 17663 70944 721 143197 29162 26337 25894 443 1896 2825 23998 3040 2302 741 1561 1356 385 8271 3398 4873 39390 1888 1765 38108
is_linear=0
shrinkage=0.03


Tree=4
num_leaves=31
num_cat=0
split_feature=16 26 27 45 40 41 38 18 44 83 1 138 1 18 84 72 40 34 76 64 18 4 50 36 58 86 86 121 86 53
split_gain=120.555 82.9175 75.6377 54.3201 83.4069 68.8179 54.0558 51.7189 50.3164 109.426 48.7184 48.5654 48.5381 48.4959 47.5361 49.5056 47.5009 46.0823 45.0375 44.5882 41.021 40.5742 38.0134 44.6362 39.1261 38.3463 37.1939 35.8719 34.3195 34.1702
threshold=1.2206377983093264 0.021769763901829723 0.074487730860710158 1.1177077889442446 -0.02971203904598951 -0.036639105528593056 -0.00094621704192832101 1.0076925158500674 1.0485029220581057 -0.3000000044703483 0.0177074084058404 0.94960880279541027 0.036224953830242164 0.94259545207023632 0.84999999403953563 0.3333334773778916 0.034699970856308944 0.87956127524375927 0.41666667163372045 0.4083333313465119 1.0396255850791933 0.58620762825012218 0.97357246279716503 0.80137315392494213 1.043700158596039 -0.88333332538604725 0.55000001192092907 0.44052861630916601 0.58333334326744091 1.0886206626892092
decision_type=10 10 10 10 10 10 10 10 10 10 10 10 10 10 2 10 10 10 2 10 10 10 10 10 10 2 2 8 2 10
left_child=1 12 6 4 20 -6 8 14 -3 11 -11 -10 19 -7 16 -16 -8 22 -9 -1 28 27 23 -2 29 -25 -20 -5 -4 -24
right_child=17 2 3 21 5 13 7 18 9 10 -12 -13 -14 -15 15 -17 -18 -19 26 -21 -22 -23 24 25 -26 -27 -28 -29 -30 -31
leaf_value=-1.359928076438422e-05 0.0020188675686541304 0.00047933528047165236 0.00080008749527295145 -0.0064004387566862584 -0.0068358908062219883 -0.0092244989724457258 -0.0016609718603786659 -0.0011945210639631159 -0.0008932514532076632 -0.00029614962136072893 -0.0056335316013324237 0.0025462374499671892 -0.0036590749870855218 0.0015897785512418009 -0.011198397997215809 0.0015744332696713602 -0.0046059369730329985 0.01320184562057683 0.0031398605549018341 0.001363616011558927 0.014266055307559812 -0.0080223605306058224 0.00018574106456380594 0 0.010359507337239393 0.014718362216877617 -0.00080299109377386191 0.00024001170122982309 0.0075875782952737848 -0.011171096983680857
leaf_weight=37067 1191 44105 1393 796 954 355 51373 11528 12513 2291 5597 5208 2257 16425 264 5394 5609 548 5599 47983 483 693 969 229 249 680 3315 6546 1517 277
leaf_count=37067 1191 44105 1393 796 954 355 51373 11528 12513 2291 5597 5208 2257 16425 264 5394 5609 548 5599 47983 483 693 969 229 249 680 3315 6546 1517 277
internal_value=-3.75175e-05 -0.000116924 -0.000482516 0.000912488 0.00171632 0.000868906 -0.000750809 -0.00126802 -0.000129932 -0.0011905 -0.00412594 0.000102396 0.000641515 0.00133242 -0.00169559 0.000888277 -0.00195764 0.00502701 2.78845e-05 0.000760001 0.0060265 -0.00116285 0.00363176 0.00621519 0 0.0112286 0.00164147 -0.00045461 0.00446847 -0.00223864
internal_weight=273408 269265 181958 29162 21127 17734 152796 83082 69714 25609 7888 17721 87307 16780 62640 5658 56982 4143 20442 85050 3393 8035 3595 2100 1495 909 8914 7342 2910 1246
internal_count=273408 269265 181958 29162 21127 17734 152796 83082 69714 25609 7888 17721 87307 16780 62640 5658 56982 4143 20442 85050 3393 8035 3595 2100 1495 909 8914 7342 2910 1246
is_linear=0
shrinkage=0.03


Tree=5
num_leaves=31
num_cat=0
split_feature=16 26 27 33 18 11 49 10 42 142 86 13 123 18 33 54 80 44 26 49 56 122 23 36 60 4 17 71 37 76
split_gain=132.621 61.4461 71.7763 64.3976 59.1426 68.1368 59.8504 74.3818 53.5217 51.4829 49.0525 60.5106 48.679 46.9296 45.2113 43.4832 68.7902 43.2015 48.7453 40.7306 47.1828 39.8897 38.6118 50.8607 35.0928 34.5613 30.4743 27.1034 27.0651 26.4579
threshold=1.2394970059394839 0.019933737814426426 0.075317058712244048 0.2562058717012406 0.94259545207023632 0.97421732544898998 0.8330044448375703 1.0094231367111208 0.11121570691466333 1.3242022395133974 0.75000000000000011 0.983251452445984 0.10526307299733163 0.98299643397331249 0.96601486206054699 0.97246387600898754 0.17500000447034839 1.0387821793556216 0.026869329623878006 0.85446846485137951 1.1033197641372683 0.39478890597820288 0.016468620859086517 0.80461445450782787 0.91727331280708324 0.43749804794788366 1.1118319034576418 0.17482576519250873 0.744307041168213 0.11666667088866235
decision_type=10 10 10 10 10 10 10 10 10 10 2 8 8 10 10 10 2 8 10 10 10 10 10 10 10 10 8 10 10 2
left_child=1 12 3 17 19 9 7 -7 10 21 11 -5 -1 -8 22 16 -10 18 -3 20 28 -6 -2 26 -12 -20 -24 29 -4 -19
right_child=14 2 4 8 5 6 13 -9 15 -11 24 -13 -14 -15 -16 -17 -18 27 25 -21 -22 -23 23 -25 -26 -27 -28 -29 -30 -31
leaf_value=-1.0669414052804054e-05 -0.0011501560519646965 0.0007030825969546379 -0.0035461482429527675 -0.0015325728023171425 0.00043373957184647999 0.021696104266974693 -0.0030819743291891481 0 -0.018596090500081614 0 0.0039489445145901589 4.9611942181146575e-05 0.0015720307086225394 0.00072678943771582792 -0.0085485451475094329 0.00089282324609674026 0 -0.0035061721678124962 -0.0011325727737846701 0.0044628085081178442 0 0.0072776433684349079 -0.0047643962977239962 0.012983717803990701 0.00054634193739386576 -0.0046338741528158672 0.0062105592603049781 -0.0034589047637432575 -0.028230842718207354 0.0004788046892237049
leaf_weight=40777 376 11487 100 30299 1115 243 3446 367 420 2010 3777 75824 30124 18011 143 384 344 2314 14200 113 130 3395 241 1198 10738 3207 1066 12761 157 3904
leaf_count=40777 376 11487 100 30299 1115 243 3446 367 420 2010 3777 75824 30124 18011 143 384 344 2314 14200 113 130 3395 241 1198 10738 3207 1066 12761 157 3904
internal_value=-2.73958e-05 -9.87775e-05 -0.00037023 -0.000607403 0.00100232 0.00119319 0.000380655 0.00949987 -0.000237939 0.00388777 -0.000173479 -0.000399492 0.000657803 9.88321e-05 0.00619792 -0.00663598 -0.010729 -0.00154054 -0.000794367 -0.00895961 -0.0136426 0.00566125 0.00708717 0.00844171 0.0014566 -0.00179943 0.00391949 -0.00265871 -0.0206585 -0.00096258
internal_weight=272671 269647 198746 169659 29087 28587 22067 610 121786 6520 120638 106123 70901 21457 3024 1148 764 47873 28894 500 387 4510 2881 2505 14515 17407 1307 18979 257 6218
internal_count=272671 269647 198746 169659 29087 28587 22067 610 121786 6520 120638 106123 70901 21457 3024 1148 764 47873 28894 500 387 4510 2881 2505 14515 17407 1307 18979 257 6218
is_linear=0
shrinkage=0.03


Tree=6
num_leaves=31
num_cat=0
split_feature=16 25 29 42 22 41 137 55 36 25 10 39 86 120 85 18 33 35 33 2 33 70 5 10 69 54 31 27 32 140
split_gain=139.557 77.6445 63.3022 80.4894 78.4314 74.6654 70.8959 64.1635 74.0501 70.4554 106.148 63.0253 61.484 56.8205 52.5554 45.9035 43.7428 60.4585 41.3427 42.7943 41.2507 50.5626 35.2332 34.8985 33.9715 33.3323 32.0064 30.3376 29.3229 28.847
threshold=1.2206377983093264 0.012410786934196951 -0.00053336820565164078 0.067746125161647811 1.092613756656647 -0.02948500961065292 0.54424685239791881 0.93731585144996654 0.80770382285118114 0.041887732222676284 1.0198371410369875 -0.028852198272943493 -0.516666680574417 0.36910438537597662 0.82500001788139354 1.0214814543724062 0.96601486206054699 0.63186684250831615 0.60438761115074169 -0.20000106841325757 0.64705893397331249 0.2096771374344826 0.0012376202503219249 1.0191387534141543 0.95370346307754528 1.0958923101425173 0.00078220220166258525 0.05681752227246762 -0.00099785346537828424 0.70503294467926036
decision_type=10 10 10 10 10 10 10 10 10 10 10 10 2 10 2 10 10 10 10 10 10 10 10 10 10 10 8 10 10 10
left_child=1 23 3 5 7 18 15 8 14 11 -11 -9 22 -5 -4 -7 17 28 27 -20 21 25 -6 -1 -10 -19 -25 -3 -2 -22
right_child=16 2 4 13 12 6 -8 9 24 10 -12 -13 -14 -15 -16 -17 -18 20 19 -21 29 -23 -24 26 -26 -27 -28 -29 -30 -31
leaf_value=0.0014987885495870805 0.0024661983448754543 0.00033092063796977598 -0.0040787086588094422 0.019176559635096336 -0.00051423612036234059 -0.0016198752411496697 -5.3257001434147663e-07 -0.0050334695436649729 -0.0022872288920357821 0.00053355209799041674 0.0063246869290314667 4.7121514193956848e-05 -0.00072096918231537624 0.00016081009611335336 -0.016394595498260989 -0.0049817574263031723 -0.0072966527232962942 -0.0045498902411296206 0.002157672332163298 -0.00070898185114581672 0 0.012623566005059157 0.0087243762913197572 -0.0066687021286059838 0.010789620637527255 0.0085242789942000449 0.0028547628171073564 -0.0029292384382143691 -0.012608710123300552 0.014085889028363611
leaf_weight=32973 1226 5577 1032 288 374 52086 27597 2227 355 10252 4002 96638 1238 323 514 4033 188 513 14272 6765 111 411 2124 892 285 241 421 4525 105 1228
leaf_count=32973 1226 5577 1032 288 374 52086 27597 2227 355 10252 4002 96638 1238 323 514 4033 188 513 14272 6765 111 411 2124 892 285 241 421 4525 105 1228
internal_value=5.11833e-05 -3.09172e-05 -0.000227 -0.000728085 0.000256558 -0.000789077 -0.00125646 0.000114898 -0.00494669 0.000216221 0.00218709 -6.52833e-05 0.00452489 0.0099232 -0.00852204 -0.00186851 0.00558387 0.0063277 0.000457838 0.00122178 0.00907152 0.00442236 0.00722893 0.00130084 0.00323201 0 -0.00339303 -0.00110267 0.000885858 0.0127712
internal_weight=272816 268793 234507 115466 119041 114855 83716 115305 2186 113119 14254 98865 3736 611 1546 56119 4023 3835 31139 21037 2504 1165 2498 34286 640 754 1313 10102 1331 1339
internal_count=272816 268793 234507 115466 119041 114855 83716 115305 2186 113119 14254 98865 3736 611 1546 56119 4023 3835 31139 21037 2504 1165 2498 34286 640 754 1313 10102 1331 1339
is_linear=0
shrinkage=0.03


Tree=7
num_leaves=31
num_cat=0
split_feature=16 26 33 86 113 39 59 32 3 110 32 0 40 50 58 22 38 64 30 42 44 17 40 3 73 119 57 40 140 38
split_gain=115.161 64.8693 77.5162 58.2552 68.9944 68.2908 83.886 57.1494 56.4068 75.7771 51.1033 49.865 56.7465 49.4176 77.0089 45.2074 43.8599 43.2364 42.2058 39.589 39.4629 43.2345 39.3134 35.9055 34.8091 32.9188 32.8253 30.7106 29.6381 32.8671
threshold=1.2394970059394839 0.021392118185758594 0.2562058717012406 0.81666666269302379 0.60714283585548412 0.01746934745460749 0.87291401624679577 -0.0042591560631990424 0.017324396409094337 0.19375000149011615 0.00060861313249915849 0.019395615905523304 0.049120288342237479 0.87112483382225048 1.0037153959274294 0.89809256792068493 0.00088977612904272984 0.44722221791744238 -0.010216695722192524 -0.077859010547399507 1.0387821793556216 0.75055271387100231 0.0094032441265881079 0.014516175724565985 0.30000000447034841 0.65384611487388622 1.1503722667694094 -0.013816244434565304 0.72613099217414867 -0.001645433949306607
decision_type=10 10 8 2 10 10 10 10 10 2 10 10 10 10 10 10 10 10 10 10 10 8 10 10 8 10 10 8 10 10
left_child=1 17 7 5 15 13 -7 11 22 -10 -8 -3 25 14 -4 16 -5 24 -2 -15 26 -22 -6 -23 -1 -13 -9 -26 -20 -30
right_child=18 2 3 4 8 6 10 20 9 -11 -12 12 -14 19 -16 -17 -18 -19 28 -21 21 23 -24 -25 27 -27 -28 -29 29 -31
leaf_value=0.00072153219635787472 0.0097759524361933966 7.464338006012455e-05 0.0013839532654882779 0.017018924334356339 -0.0027065382856910564 -0.019258322967545073 -0.00058705545502359894 -0.0010181332800798261 0.02105362188931216 0.0010689541054914023 -0.0045625998110989888 0.016208898901705692 -0.0051051294175748791 0.0020750311999326141 0.011925833472625198 0.0033823408975420361 0.001962261245902523 0.0012578171650591539 -0.0092905457882655092 -0.00026633318716039916 0.0037290082344508622 -0.0024811246230382875 0.0014663383717821478 -0.0075149010002684806 -0.0030621374930125287 0 0.0048812208918186115 -0.00023373839334450428 0.0077057502360223188 -0.00071674145305384814
leaf_weight=20012 1365 2340 8325 527 3227 235 10371 27510 255 551 4158 516 176 6973 669 2446 336 47399 145 90015 882 18714 5390 1434 5137 183 841 11299 838 691
leaf_count=20012 1365 2340 8325 527 3227 235 10371 27510 255 551 4158 516 176 6973 669 2446 336 47399 145 90015 882 18714 5390 1434 5137 183 841 11299 838 691
internal_value=3.30913e-05 -3.13973e-05 -0.000344645 3.75849e-05 0.00196782 -0.000163756 -0.00207478 -0.00132002 0.000618964 0.00811152 -0.00175013 0.00250912 0.00853726 9.99733e-05 0.00222609 0.00569203 0.0116737 0.000660105 0.00582173 -9.4514e-05 -0.0015763 -0.00256743 -6.42861e-05 -0.00286137 -0.00010923 0.012436 -0.000829244 -0.00113862 0.00234297 0.0037456
internal_weight=272960 269921 186074 133478 12732 120746 14764 52596 9423 806 14529 3215 875 105982 8994 3309 863 83847 3039 96988 49381 21030 8617 20148 36448 699 28351 16436 1674 1529
internal_count=272960 269921 186074 133478 12732 120746 14764 52596 9423 806 14529 3215 875 105982 8994 3309 863 83847 3039 96988 49381 21030 8617 20148 36448 699 28351 16436 1674 1529
is_linear=0
shrinkage=0.03


Tree=8
num_leaves=31
num_cat=0
split_feature=16 25 29 57 35 41 137 42 79 3 9 116 33 55 36 49 33 30 45 54 4 86 48 13 51 17 85 137 140 1
split_gain=105.673 76.4141 59.4162 88.9547 61.9005 62.4458 59.0319 55.9451 48.3361 45.9928 53.4649 86.9221 60.9216 49.8826 76.1461 65.863 42.7639 50.1969 38.7071 36.1234 56.2318 38.7413 41.3475 35.3393 35.2403 42.4966 33.4571 32.205 36.9085 31.0789
threshold=1.2394970059394839 0.012543265242129566 -0.0011563174775801597 1.1707749962806704 0.82423430681228649 -0.031841535121202462 0.55369007587432872 0.065921377390623107 0.84999999403953563 0.01792514976114035 0.97750338912010204 0.5517241656780244 0.37253709137439733 0.93731585144996654 0.79486623406410228 0.84550160169601452 0.97387737035751354 -0.0069329803809523574 1.0742049813270571 0.99127179384231578 0.33333723247051245 -0.55000001192092884 0.9967356026172639 1.1147735714912417 0.97402599453926098 1.3258052468299868 -0.57500001788139332 1.0012832880020144 0.76384052634239208 0.046382918953895576
decision_type=10 10 10 10 10 10 10 10 2 10 10 10 10 10 10 10 10 10 10 10 10 2 10 10 10 10 2 10 10 10
left_child=1 -1 4 9 5 8 7 -7 18 13 11 -11 -12 14 -4 -15 17 27 -3 20 -5 22 -21 -10 29 -26 -23 28 -2 -6
right_child=16 2 3 19 24 6 -8 -9 23 10 12 -13 -14 15 -16 -17 -18 -19 -20 21 -22 26 -24 -25 25 -27 -28 -29 -30 -31
leaf_value=0.0012165999945364986 0 0.0014226169773124916 -0.0091436552016191646 0.0039802526295038849 -0.0024392939385533014 -0.002336422742184516 -0.00028315073512445179 0.0098902617712938456 0.0011236098371197089 0.012178903258221983 -0.0012824281978497238 -0.015492239364273025 0.0068402999430357513 0.006900262259500153 0.0033402415888831223 -9.4331160647981898e-05 -0.010927203524763517 0 -0.0042665489598688591 0.0098620423735508739 -0.012209098252783258 -0.0086392131142335321 -0.0065250801202604795 -0.0042554292544868177 0.0020142246251981179 -0.010521154878430129 0.0038307849847182365 0.00032526748551225119 0.01255225120582297 0.0049282261187142485
leaf_weight=35404 259 1455 1266 585 3742 43301 20966 311 19066 122 1127 297 2595 1204 612 117140 106 886 3430 1792 259 198 114 1128 11712 222 1276 398 1403 557
leaf_count=35404 259 1455 1266 585 3742 43301 20966 311 19066 122 1127 297 2595 1204 612 117140 106 886 3430 1792 259 198 114 1128 11712 222 1276 398 1403 557
internal_value=-1.64718e-05 -8.05387e-05 -0.000277762 0.000153646 -0.000804402 -0.00111451 -0.00160817 -0.00223786 0.000144976 5.47646e-06 0.00310858 -0.00656409 0.00430691 -9.94131e-05 -0.00492503 -1.94816e-05 0.0055148 0.00627723 -0.00251197 0.00442477 -0.000808201 0.00581677 0.00866857 0.000804392 0.000889173 0.00173873 0.00186168 0.00882655 0.0106559 -0.00139686
internal_weight=272933 269881 234477 128587 105890 89657 64578 43612 25079 124363 4141 419 3722 120222 1878 118344 3052 2946 4885 4224 844 3380 1906 20194 16233 11934 1474 2060 1662 4299
internal_count=272933 269881 234477 128587 105890 89657 64578 43612 25079 124363 4141 419 3722 120222 1878 118344 3052 2946 4885 4224 844 3380 1906 20194 16233 11934 1474 2060 1662 4299
is_linear=0
shrinkage=0.03


Tree=9
num_leaves=31
num_cat=0
split_feature=32 46 40 42 86 33 53 6 115 57 45 31 11 86 0 38 14 138 13 51 1 138 35 49 50 50 14 58 40 10
split_gain=88.3052 72.2111 79.5587 72.099 64.0136 84.7721 66.8451 62.543 61.5834 81.613 57.6531 54.8423 50.4279 57.8798 48.7759 48.1773 47.9126 46.2411 44.9804 44.2351 45.0484 43.7285 42.8839 39.8741 39.6288 36.2291 34.5616 31.5703 31.2012 29.9023
threshold=-0.0049950752872973672 1.0748502612113955 -0.030343431979417797 -0.075341708958148942 -0.58333334326744068 0.92703846096992504 0.97968986630439769 0.1428572088479996 0.74207225441932689 0.92394757270812999 1.0281129479408266 -0.0075392194557934991 0.99318185448646557 0.78333333134651195 0.029829532839357856 -0.0096560725942254049 1.0669555664062502 0.8238414227962495 0.93799662590026867 0.82800868153572094 0.077984511852264418 0.6824336349964143 0.82423430681228649 0.91467267274856578 0.943324774503708 0.92512744665145885 0.89384698867797863 1.0296891331672671 -0.013816244434565304 1.0205997824668886
decision_type=8 8 8 8 2 10 10 10 10 10 10 10 8 2 10 8 8 10 8 10 10 10 8 10 10 8 8 10 10 10
left_child=4 2 -2 7 5 6 -1 11 9 18 24 -3 13 27 28 16 17 -14 -4 -8 21 -21 25 -20 -11 -17 -12 -5 -10 -30
right_child=1 3 8 12 -6 -7 19 -9 14 10 26 -13 15 -15 -16 22 -18 -19 23 20 -22 -23 -24 -25 -26 -27 -28 -29 29 -31
leaf_value=-0.0055478128710140778 0.0034370626673696685 0.0075240676533221348 0.00058064001792792412 -0.0019280190934249644 0.00049795551779254009 -0.0059384148276803439 0.019887477072291781 0.0034673945023903333 -0.0063552239792138638 0.00018632193957923137 0.009663057663470323 -0.0022690334402132905 -0.0046249111576689974 0.0071566995707552936 -0.0075036726447552842 0.0040482135444343953 -0.0071679753067197217 0.0012400977942671127 0.011678574498505951 -3.9488524300164528e-05 0.019557727771821652 0.0080675879006877442 0.0025317128163103077 0 0.0016072401553707798 -0.00054442231498368879 -0.00042093437891923494 0.0078516576726785081 -0.0011753488122731963 0.0050922476819308619
leaf_weight=295 6937 558 1033 43956 4711 457 296 6419 958 40165 285 4193 1994 618 1272 1602 1600 2894 1133 736 247 2076 5682 312 32310 29465 71402 268 8417 714
leaf_count=295 6937 558 1033 43956 4711 457 296 6419 958 40165 285 4193 1994 618 1272 1602 1600 2894 1133 736 247 2076 5682 312 32310 29465 71402 268 8417 714
internal_value=9.36366e-06 -8.82085e-05 0.000295235 -0.000728391 0.00296015 0.00569566 0.00725848 0.00152958 0.000154977 0.000321686 0.00022633 -0.00102924 -0.00101843 -0.00172438 -0.00196721 -0.000278875 -0.00266027 -0.00110043 0.0057029 0.00849961 0.00717822 0.00585445 0.000134617 0.009102 0.000824187 -0.000295496 -0.000373977 -0.00185845 -0.00122605 -0.000642412
internal_weight=273005 264187 164938 99249 8818 4107 3650 11170 158001 146640 144162 4751 88079 44842 11361 43237 6488 4888 2478 3355 3059 2812 36749 1445 72475 31067 71687 44224 10089 9131
internal_count=273005 264187 164938 99249 8818 4107 3650 11170 158001 146640 144162 4751 88079 44842 11361 43237 6488 4888 2478 3355 3059 2812 36749 1445 72475 31067 71687 44224 10089 9131
is_linear=0
shrinkage=0.03


Tree=10
num_leaves=31
num_cat=0
split_feature=16 29 41 57 40 18 71 115 55 49 36 83 33 69 46 34 10 132 33 38 52 34 36 55 74 119 55 24 2 119
split_gain=86.9439 60.145 71.5551 65.8267 64.0177 119.243 56.1883 55.0526 51.5766 82.9901 73.151 49.4578 49.0885 44.2968 43.3108 41.0159 40.4702 39.3003 38.9154 38.4987 55.6289 37.7735 37.285 36.7305 41.6918 35.4647 36.1937 34.361 67.901 34.3257
threshold=1.2206377983093264 -0.0034353286027908321 -0.02948500961065292 1.1642888784408572 -0.030343431979417797 1.024536728858948 0.57792210578918468 0.29447847604751592 0.93731585144996654 0.8330044448375703 0.79486623406410228 -0.3000000044703483 0.42246724665164953 0.18867859989404681 1.0602428913116457 0.87956127524375927 1.0226897597312929 1.5526266098022463 0.89541471004486095 -0.0011431621387600897 0.97945204377174389 0.48296573758125311 0.79826858639717113 1.0783651471138003 0.45000000298023229 0.72190207242965709 1.0974084138870241 0.028495193459093574 -0.90909138321876515 0.44444431364536291
decision_type=10 8 10 10 10 10 10 8 10 8 10 10 8 10 10 10 10 10 10 10 10 10 10 10 2 10 10 10 10 10
left_child=1 2 11 4 6 8 12 25 10 -10 -6 22 -3 14 -8 19 17 29 23 -2 -21 -13 27 -5 -25 26 -4 -1 -29 -9
right_child=15 3 7 18 5 -7 13 16 9 -11 -12 21 -14 -15 -16 -17 -18 -19 -20 20 -22 -23 -24 24 -26 -27 -28 28 -30 -31
leaf_value=0.0017645637421856728 0.0058895463983159408 -0.0088084737388343798 0.00081458817216588473 0.005270946802885393 -0.0083924797549733057 -0.0063556970911593956 0.0034711683155132914 -0.011982026414943074 0.009733643863226343 6.3378147336354409e-05 0.0031324703903811819 -0.0097785348384717991 0.0010868902513522381 0.0028617231394317596 0.015449124263427174 0.012083074945729876 -0.006487290383077016 5.2301560856940331e-05 -0.003055079319243004 0.0025644936004840966 -0.010553388367523439 -0.0012747824510320085 0.0069044256490425763 -0.003869057762519845 0.0074331806297303661 -0.00066811387710377006 0.0087538422379809661 -0.0093807026134116282 3.9394401782707666e-05 -0.0023065658060731431
leaf_weight=11478 1890 504 1784 4499 1452 2632 663 332 783 178640 688 616 3141 4066 592 540 1883 6957 742 1256 355 2300 884 932 402 7669 775 718 9422 24393
leaf_count=11478 1890 504 1784 4499 1452 2632 663 332 783 178640 688 616 3141 4066 592 540 1883 6957 742 1256 355 2300 884 932 402 7669 775 718 9422 24393
internal_value=-1.41085e-05 -8.09842e-05 -0.00084375 0.00018188 7.96491e-05 -3.9367e-05 0.00255271 -0.00157982 5.12345e-05 0.000108331 -0.00455368 0.000412883 -0.000240104 0.00451576 0.00951033 0.00434138 -0.00216788 -0.00189777 0.00313039 0.00300023 -0.000236191 -0.00322774 0.000900433 0.00397623 -0.000182083 0.000321204 0.00338458 0.0006349 -0.000615256 -0.00245819
internal_weight=272988 268947 69211 199736 193161 184195 8966 43793 181563 179423 2140 25418 3645 5321 1255 4041 33565 31682 6575 3501 1611 2916 22502 5833 1334 10228 2559 21618 10140 24725
internal_count=272988 268947 69211 199736 193161 184195 8966 43793 181563 179423 2140 25418 3645 5321 1255 4041 33565 31682 6575 3501 1611 2916 22502 5833 1334 10228 2559 21618 10140 24725
is_linear=0
shrinkage=0.03


Tree=11
num_leaves=31
num_cat=0
split_feature=16 25 86 3 0 24 38 82 69 42 23 4 86 1 117 16 58 51 68 36 52 33 59 37 111 38 61 115 2 40
split_gain=101.276 62.0485 54.5546 98.4326 72.8849 55.0126 49.8416 45.2698 42.8934 42.7227 59.6946 52.5501 47.0582 52.1448 76.1419 51.6122 66.4351 66.2125 43.1377 41.7186 63.5859 80.8626 70.5481 35.4735 34.7655 32.1432 30.6689 28.6649 28.6279 28.3927
threshold=1.2206377983093264 0.012410786934196951 0.81666666269302379 0.01792514976114035 0.025147275999188427 0.051143486052751548 -0.0096560725942254049 0.52500000596046459 0.74509695172309887 -0.077859010547399507 0.0083423661999404448 0.42857222259044653 -0.81666666269302357 0.017797594889998439 0.34581495821475988 0.92525342106819164 1.004284203052521 0.83511987328529369 0.044776212424039848 0.80461445450782787 0.91451451182365429 0.57761007547378551 0.99895527958869945 0.6357841193675996 0.23205128312110904 0.010280042886734011 1.060475289821625 0.74207225441932689 0.73333385586738598 -0.018119224347174164
decision_type=10 10 2 10 10 10 10 2 10 10 8 10 2 10 10 8 10 10 10 10 10 10 10 10 2 10 10 10 10 10
left_child=1 23 9 5 24 7 -7 27 -9 10 -3 18 13 29 -15 16 -14 -17 -12 -2 -21 22 -22 -1 -5 -23 -24 -4 -8 -11
right_child=19 2 3 4 -6 6 28 8 -10 12 11 -13 15 14 -16 17 -18 -19 -20 20 21 25 26 -25 -26 -27 -28 -29 -30 -31
leaf_value=0.00046020909747929043 0.0014414684425681351 0.015746241951128465 0.0022723532963217726 0.017482432491514755 -0.011675106555950351 -0.017214370194868951 0.0059182848788079728 -0.0091820189142641662 -0.00015891858720293832 -0.0040387592778842185 -0.0018363549229749795 -0.0034876527311260182 -0.0022405099387455161 0.0031501947218839123 -0.0036825785410247104 0.0034563388879667073 0.0028428067405084829 -0.00025038548022709376 0.0036097032758368886 0.018996264384508986 0.0063798678312313685 0.01136013195858617 -0.021093924764894169 0.0026167915895137605 0.0055001749384124797 -0.002689900817598441 0 -0.0012121273443096588 -0.010042407390435595 0.00060583551308714123
leaf_weight=24534 2069 244 12179 547 103 266 229 646 1901 1359 1630 1710 20534 1595 12780 4435 2541 155292 5413 367 252 988 182 9789 556 125 107 2439 149 8329
leaf_count=24534 2069 244 12179 547 103 266 229 646 1901 1359 1630 1710 20534 1595 12780 4435 2541 155292 5413 367 252 988 182 9789 556 125 107 2439 149 8329
internal_value=-3.16831e-05 -0.000104122 -0.00027927 0.00125648 0.00949804 0.000671518 -0.00775124 0.00101363 -0.00261804 -0.000416046 0.00159753 0.00113392 -0.000505216 -0.0017548 -0.00290027 -0.000338914 -0.00166577 -0.000145166 0.00230519 0.00464046 0.00772222 0.00484438 -0.0041916 0.00108517 0.0119151 0.00949777 -0.0141968 0.00166961 0 -2.17685e-05
internal_weight=273290 269200 234877 19015 1206 17809 644 17165 2547 215862 8997 8753 206865 24063 14375 182802 23075 159727 7043 4090 2021 1654 541 34323 1103 1113 289 14618 378 9688
internal_count=273290 269200 234877 19015 1206 17809 644 17165 2547 215862 8997 8753 206865 24063 14375 182802 23075 159727 7043 4090 2021 1654 541 34323 1103 1113 289 14618 378 9688
is_linear=0
shrinkage=0.03


Tree=12
num_leaves=31
num_cat=0
split_feature=29 31 29 57 40 46 18 41 115 137 41 1 1 13 76 42 86 149 31 142 127 83 124 15 73 41 12 142 43 58
split_gain=69.1303 81.3765 55.6763 93.9959 63.1939 80.4773 76.7529 52.3681 54.2562 50.6583 58.7699 66.2257 61.1745 60.9361 46.6086 46.254 44.9855 42.7964 41.8902 40.8002 39.9433 37.0032 35.0078 59.8773 34.7598 42.2408 33.6752 32.7247 32.6233 30.0881
threshold=-0.015768441371619698 -0.0012052902602590618 -0.0013969257706776259 1.1784172654151919 -0.030343431979417797 1.1096516847610476 1.024536728858948 -0.039904868230223649 0.74207225441932689 0.54424685239791881 -0.031841535121202462 0.060804652050137527 0.018348633311688903 1.1029161214828493 0.68333333730697643 0.065921377390623107 -0.516666680574417 0.48848707973957067 0.0062919335905462512 1.4472699165344241 -0.3303470760583877 -0.3000000044703483 0.17647016793489459 0.95093730092048656 0.5000000149011613 -0.0034073904389515515 0.99342110753059398 1.4559525847435 1.0339142084121706 1.018216133117676
decision_type=8 10 8 10 8 10 10 8 10 10 10 10 10 8 2 10 2 10 10 10 10 10 10 10 10 10 10 10 10 10
left_child=1 -1 9 4 5 22 7 18 -9 10 11 13 -12 21 -13 20 17 -5 -6 29 -14 -2 23 -4 25 -8 -17 -19 -24 -7
right_child=2 -3 3 16 6 19 24 8 -10 -11 12 14 15 -15 -16 26 -18 27 -20 -21 -22 -23 28 -25 -26 -27 -28 -29 -30 -31
leaf_value=0.0068025454463996422 0.0010524627010004351 -0.0047461143229522154 0.0096182769255630223 0.0013885343831638427 -0.0018361628332770881 -0.00085495958432792456 -0.0053148865521727385 0.0003781322067407854 -0.0017625709780461263 0.00037771321692992412 -0.0004318566909886542 0.014006883408517089 0.0027106459085775507 -0.0073448319514443005 -0.0032595649288435064 0.018245658705200618 0.0002689673931770423 0.011407401749448516 -0.018490999231551172 0.0020942324734128572 -0.0027942751357122393 -0.0032916017906373975 0.010463027667586061 0.001162155880923923 -0.011758498117460225 0.0091972693048612865 -0.00086488881779057307 0.00016026788087649928 -0.0010448565857331137 -0.021878180397531161
leaf_weight=2583 14903 649 2003 978 446 138 961 136030 11509 35785 26885 508 1169 913 148 147 1512 1532 217 184 27567 1960 241 1351 630 191 107 339 1319 175
leaf_count=2583 14903 649 2003 978 446 138 961 136030 11509 35785 26885 508 1169 913 148 147 1512 1532 217 184 27567 1960 241 1351 630 191 107 339 1319 175
internal_value=2.79509e-05 0.00437635 -2.33391e-05 0.000333206 0.00020898 0.00338957 9.17968e-05 0.000168573 0.000208894 -0.000543417 -0.000991037 0.000465198 -0.00147678 9.75388e-05 0.00968643 -0.00243452 0.00467008 0.00688309 -0.00810837 -0.00768686 -0.00255817 0.000526478 0.00459726 0.00632812 -0.00605788 -0.00253693 0.00962476 0.00955147 0.00065303 -0.0141181
internal_weight=273080 3232 269848 159756 155395 5411 149984 148202 147539 110092 74307 18432 55875 17776 656 28990 4361 2849 663 497 28736 16863 4914 3354 1782 1152 254 1871 1560 313
internal_count=273080 3232 269848 159756 155395 5411 149984 148202 147539 110092 74307 18432 55875 17776 656 28990 4361 2849 663 497 28736 16863 4914 3354 1782 1152 254 1871 1560 313
is_linear=0
shrinkage=0.03


Tree=13
num_leaves=31
num_cat=0
split_feature=16 46 40 25 27 86 35 114 86 35 48 86 33 52 36 91 33 99 25 29 41 115 18 118 57 33 36 117 1 141
split_gain=102.169 54.8429 68.9042 59.6141 46.4494 69.9691 68.7072 62.0111 60.0334 67.2613 47.8298 50.229 43.4313 43.3621 42.3485 45.0181 41.3326 40.0882 45.8099 50.0774 43.172 41.9518 37.5825 35.8601 35.7528 40.437 45.6413 33.4733 33.0812 32.8566
threshold=1.2206377983093264 1.0748502612113955 -0.029080298729240891 0.013636420015245678 0.090825200080871596 -0.58333334326744068 0.80519810318946849 0.55489152669906627 -0.81666666269302357 0.4955908209085465 0.97365650534629833 -0.68333333730697621 0.88617849349975597 0.76428544521331798 0.79826858639717113 0.62942525744438182 0.96268773078918468 0.5634920895099641 0.025473547168076042 0.012057486455887558 -0.039029836654663079 0.74207225441932689 1.0287619233131411 0.25490124523639685 1.2167533040046694 0.96601486206054699 0.65265765786170971 0.34184628725051885 0.044294539839029319 1.1157651543617251
decision_type=10 8 10 10 10 2 10 10 2 10 10 2 10 10 10 10 10 2 10 10 10 10 10 10 10 10 10 10 10 10
left_child=1 2 -1 -4 7 6 12 8 9 16 11 -10 23 -12 15 -7 -3 18 28 -20 -19 -22 -16 -6 -2 26 -26 -11 -5 -24
right_child=24 4 3 17 5 14 -8 -9 10 27 13 -13 -14 -15 22 -17 -18 20 19 -21 21 -23 29 -25 25 -27 -28 -29 -30 -31
leaf_value=0.0028656554245925833 -0.0027452074558069733 -0.0051800204816329198 0.0011180754455300122 -0.00016453927444256652 0.015072537690379815 -0.00036570279335241873 -0.003629112786224728 -0.003009349469883499 0.001361440979416346 0.0035567974393550463 0.012817487406036101 -0.0025477650375555785 -0.0010644926941761597 0.00034750345991597714 0 -0.0094635410539927415 0.0042753620613165842 -0.012260984434979036 -0.002526927845697447 0.0064151623243171915 0.00083915070232125713 -0.0014116759057620043 0.02370179232630152 0.0058816053059924786 0.00054896245069741489 -0.0071708695070265092 0.00853148185533858 -0.0012565812916454082 -0.0059251630590885845 0
leaf_weight=8665 455 5857 40095 49253 659 4161 600 10332 3892 1385 234 11208 402 46121 285 549 398 220 14502 550 43793 8883 144 1446 976 172 2542 14327 899 105
leaf_count=8665 455 5857 40095 49253 659 4161 600 10332 3892 1385 234 11208 402 46121 285 549 398 220 14502 550 43793 8883 144 1446 976 172 2542 14327 899 105
internal_value=0 -7.13561e-05 0.000262481 0.000117653 -0.000619794 0.00150921 0.00507113 -0.000812913 -0.000536628 -0.00188233 -5.02733e-05 -0.00151986 0.00728432 0.000422422 -0.000555435 -0.00152511 -0.00451887 -0.000219582 -0.000718937 -0.0021722 0.000390334 0.000453499 0.00720207 0.00901491 0.00466354 0.00566782 0.0064173 -0.000809234 -0.000276102 0.0152501
internal_weight=273110 268965 166860 158195 102105 8351 3107 93754 83422 21967 61455 15100 2507 46355 5244 4710 6255 118100 65204 15052 52896 52676 534 2105 4145 3690 3518 15712 50152 249
internal_count=273110 268965 166860 158195 102105 8351 3107 93754 83422 21967 61455 15100 2507 46355 5244 4710 6255 118100 65204 15052 52896 52676 534 2105 4145 3690 3518 15712 50152 249
is_linear=0
shrinkage=0.03


Tree=14
num_leaves=31
num_cat=0
split_feature=16 25 39 27 38 7 102 27 86 35 67 86 43 36 125 1 29 38 33 37 41 32 0 78 6 59 77 37 77 46
split_gain=81.3136 63.1775 47.1299 50.9772 55.8446 50.0392 48.9424 43.8457 43.3946 63.023 42.1577 78.1578 55.4161 41.8422 49.1582 67.02 39.9642 39.1437 36.1091 34.1571 52.2169 38.5792 30.8652 30.1056 27.7509 27.4855 26.1009 23.643 23.5989 23.5801
threshold=1.2394970059394839 0.012410786934196951 0.023679794743657116 0.073694020509719863 -0.022880334407091137 -0.057653678581118577 0.59824562072753917 0.023800524882972244 -0.81666666269302357 0.69832882285118114 0.049390243366360671 -0.58333334326744068 1.0803003907203677 0.80461445450782787 -0.39047603309154505 0.064701750874519362 -0.015768441371619698 0.0015488890348933639 0.37253709137439733 0.84724488854408275 0.062723249197006239 0.000947510066907853 -0.0021977900760248299 0.30000000447034841 0.066667936742305769 0.98262846469879161 0.44166666269302374 0.65855157375335704 0.19166667014360431 1.0841500759124758
decision_type=10 10 10 10 8 10 2 10 2 10 10 2 10 10 10 10 10 10 8 10 10 10 10 10 10 10 2 10 2 8
left_child=1 27 3 4 -3 6 25 23 9 -6 12 -12 -7 24 15 28 22 -16 -10 21 -21 -18 -9 -4 -2 -5 -25 29 -15 -1
right_child=13 2 7 5 8 10 -8 16 18 -11 11 -13 -14 14 17 -17 19 -19 -20 20 -22 -23 -24 26 -26 -27 -28 -29 -30 -31
leaf_value=0.00094202049416031598 0.0071041818404832483 -0.0080709657295544562 -0.0021285896199314219 0.028900621851992811 -0.0029761360770598076 -0.0054457395217246268 -0.0038666207632890208 -0.0072920947135120193 -0.00061907318668029724 0.00032573801508448239 0.0047811562096608095 0.00049001916955230358 0.002977122572734134 -0.0053461439841058648 0.024568826602794264 0.017543187624569544 -0.0020708140665822278 0.0047599104934512885 0.00027760127006921259 0.0031556852808777912 -0.0082287188059959413 -0.0061445631266540584 0.0078212585145912058 0.0015669411400530758 -0.0011131263450067652 0.0076398629655751536 0.021500955492331851 0.0025246557971276991 0.0049535123320588181 -0.0029160954549742836
leaf_weight=23784 502 800 151 109 11619 1913 113 117 64462 9132 4842 18874 1039 384 253 234 7947 218 107991 1770 429 3060 565 159 1121 238 137 8994 375 1465
leaf_count=23784 502 800 151 109 11619 1913 113 117 64462 9132 4842 18874 1039 384 253 234 7947 218 107991 1770 429 3060 565 159 1121 238 137 8994 375 1465
internal_value=4.42979e-05 -1.01805e-05 -0.000186408 -7.68512e-05 -0.000248481 0.00113878 0.0108021 -0.00185307 -0.000213706 -0.00150971 0.000952884 0.00138205 -0.00238016 0.00487004 0.00855318 0.00419819 -0.00217091 0.0165787 -5.58643e-05 -0.00255326 0.000745373 -0.00323963 0.00466726 0.00704956 0.00130146 0.0163468 0.0125194 0.00119227 0 0.000704161
internal_weight=272797 269710 235467 221132 194004 27128 460 14335 193204 20751 26668 23716 2952 3087 1464 993 13888 471 172453 13206 2199 11007 682 447 1623 347 296 34243 759 25249
internal_count=272797 269710 235467 221132 194004 27128 460 14335 193204 20751 26668 23716 2952 3087 1464 993 13888 471 172453 13206 2199 11007 682 447 1623 347 296 34243 759 25249
is_linear=0
shrinkage=0.03


Tree=15
num_leaves=31
num_cat=0
split_feature=16 26 39 25 115 42 33 5 9 59 54 30 33 56 15 78 27 86 86 32 33 39 77 59 7 64 83 32 24 137
split_gain=72.0195 52.5297 56.4568 56.3184 57.1675 74.8743 63.5008 61.54 45.6722 43.7015 43.0838 40.5363 38.3236 38.1466 43.4484 41.5983 46.4826 37.7152 37.4558 60.0508 41.5348 62.2817 42.764 41.4814 37.2986 35.5876 35.2671 34.3732 28.6283 22.4492
threshold=1.2394970059394839 0.019933737814426426 0.01746934745460749 0.037187490612268455 0.74207225441932689 0.02955726254731417 0.69462656974792492 0.010362695902585985 1.0069605708122256 0.87291401624679577 0.98435896635055553 -0.0069329803809523574 0.96601486206054699 0.98715078830719005 1.1475881934165957 0.30000000447034841 0.05056689307093621 0.78333333134651195 -0.81666666269302357 -0.0052159116603434077 0.33333569765090948 -0.031674748286604874 0.10833333432674409 0.99642264842987072 0.028052812442183498 0.47499999403953558 0.30000000447034841 0.0011022583930753174 0.0374524723738432 1.0012832880020144
decision_type=10 10 10 10 10 10 8 10 10 10 10 10 10 10 10 10 10 2 2 10 8 10 2 10 10 10 10 10 10 10
left_child=1 25 3 18 5 6 -5 24 -7 17 -9 12 29 15 27 16 -11 -4 19 -3 21 -20 -22 -21 -6 -1 -16 -15 -17 -2
right_child=11 2 9 4 7 8 -8 10 -10 13 -12 -13 -14 14 26 28 -18 -19 20 23 22 -23 -24 -25 -26 -27 -28 -29 -30 -31
leaf_value=-8.6094285407181456e-05 0.0094243498130395127 0.014578630592928229 -0.019625404287210626 -0.00088254163080444452 -0.0031379618891239944 0.0020471102524636125 0.0023441318009227332 -0.0032869777348258989 0.0063991688572012807 -0.0060075806974183819 0.0077342196138981975 -0.00047129557730948276 -0.0074757262712842974 -0.0017763340991265577 0 0.0046455832221102807 0.0016998685250448299 -0.00087040486242455828 -0.012800104035018011 0.001557682708644503 -0.00096112233774053239 -0.00084350379539094951 0.0006279909239798948 -0.0026313859250147544 -0.01313800236285651 0.0012551266000293592 0.010536497736239429 -0.0051393826189414021 -0.006788179839425014 0.00049988025706946193
leaf_weight=31784 1637 176 210 14273 2648 7718 8840 487 3229 1234 745 896 122 13897 918 2269 1503 232 380 2417 20698 42213 56954 13472 406 39346 378 3608 178 388
leaf_count=31784 1637 176 210 14273 2648 7718 8840 487 3229 1234 745 896 122 13897 918 2269 1503 232 380 2417 20698 42213 56954 13472 406 39346 378 3608 178 388
internal_value=4.13925e-06 -4.66104e-05 -0.000297669 -0.000106819 0.000906208 0.00132295 0.000339551 -0.00232668 0.00336751 -0.0016488 0.0031551 0.00457944 0.00681059 -0.00145699 -0.00208916 0.000777301 -0.00168466 -0.0108943 -0.00039409 -0.00175624 -0.000209347 -0.000963174 0.000200415 -0.00197414 -0.00464179 0.000651738 0.00307514 -0.00249169 0.00364397 0.00788269
internal_weight=273256 270213 199083 174656 38346 34060 23113 4286 10947 24427 1232 3043 2147 23985 18801 5184 2737 442 136310 16065 120245 42593 77652 15889 3054 71130 1296 17505 2447 2025
internal_count=273256 270213 199083 174656 38346 34060 23113 4286 10947 24427 1232 3043 2147 23985 18801 5184 2737 442 136310 16065 120245 42593 77652 15889 3054 71130 1296 17505 2447 2025
is_linear=0
shrinkage=0.03


Tree=16
num_leaves=31
num_cat=0
split_feature=29 126 74 57 120 47 57 1 12 27 5 0 140 41 0 38 82 5 33 20 45 10 81 152 85 38 37 53 38 115
split_gain=59.7823 74.7446 48.5862 118.868 50.2395 70.6998 57.8218 49.398 47.5955 46.0135 43.7149 41.1908 40.7461 39.5854 72.3287 53.9722 36.8294 40.8387 41.9432 39.0049 37.0501 36.3365 33.8997 33.3616 31.3908 48.8436 31.3319 31.1446 30.6096 29.3879
threshold=-0.015768441371619698 -0.14218554645776746 0.35000000894069677 1.1707749962806704 0.25574485957622534 1.0944131016731264 0.92394757270812999 0.011789191048592331 0.98570287227630626 0.077740181237459197 0.012594470754265787 -0.013412239030003546 0.93441906571388256 0.027232518419623378 -0.01647656504064798 -0.010318157728761433 0.14166667312383655 0.017129376530647281 0.23470094054937365 1.0442329645156863 1.1101068854331972 1.0162225365638735 0.94999998807907116 0.50648641586303722 -0.82500001788139332 -0.0061612804420292369 0.92799362540245067 1.0790681242942812 0.020350651815533641 0.20155028253793719
decision_type=8 10 2 10 10 8 10 8 10 8 10 10 10 10 10 8 2 10 8 10 8 10 2 10 2 10 10 10 10 10
left_child=1 24 7 4 8 6 12 -2 9 -4 -8 -5 -6 15 -15 -7 17 19 -19 20 -9 -3 -23 -21 25 -1 27 29 -27 -18
right_child=2 21 3 11 5 13 10 16 -10 -11 -12 -13 -14 14 -16 -17 26 18 -20 23 -22 22 -24 -25 -26 28 -28 -29 -30 -31
leaf_value=0.02424057625934755 0.00076828014527699018 0.0029096248260032554 -0.0036207512312571976 0.0081996209396937806 0 -0.0034420883757028081 0.00085224245071767717 -0.00013337986777177497 -0.001067796372714362 -0.018045339671956057 -0.0019124672043777117 0.002605775070771533 0.0077066743433107949 0.0080528947108188097 -0.0025080452388491206 0.00030701682522070976 0.0027798149315832726 0.016675559524377482 0.0016918398382851695 0.0052418955977481642 -0.0057271026997056237 -0.016696895801642242 0 -0.0013561427897395735 0.0035938180349476354 0.0012493673121512724 0.0054383094934526283 -0.0068801793109255814 0.014401003609837615 -0.0012058116382377556
leaf_weight=198 22199 353 911 1923 960 3836 81267 14907 9448 277 5416 3773 1812 581 12528 32965 1644 249 614 2107 1140 234 219 917 1533 484 614 854 275 68684
leaf_count=198 22199 353 911 1923 960 3836 81267 14907 9448 277 5416 3773 1812 581 12528 32965 1644 249 614 2107 1140 234 219 917 1533 484 614 854 275 68684
internal_value=2.5728e-05 0.0040298 -2.24018e-05 0.000320904 0.000157008 0.000310613 0.000816672 -0.000494174 -0.00182435 -0.00747548 0.000675641 0.00456885 0.00508299 -0.000590365 -0.00200557 -7.72859e-05 -0.000803064 0.000325887 0.0066346 1.80402e-05 -0.000556071 -0.00360873 -0.00923066 0.00314678 0.00663093 0.0110158 -0.0011207 -0.001183 0.00664695 -0.00110761
internal_weight=272922 3296 269626 155697 150001 139365 89455 113929 10636 1188 86683 5696 2772 49910 13109 36801 91730 19934 863 19071 16047 806 453 3024 2490 957 71796 71182 759 70328
internal_count=272922 3296 269626 155697 150001 139365 89455 113929 10636 1188 86683 5696 2772 49910 13109 36801 91730 19934 863 19071 16047 806 453 3024 2490 957 71796 71182 759 70328
is_linear=0
shrinkage=0.03


Tree=17
num_leaves=31
num_cat=0
split_feature=16 37 17 12 39 27 33 60 36 16 53 35 118 11 84 138 25 18 56 45 29 23 36 140 23 38 82 40 38 84
split_gain=63.0722 53.323 52.8955 60.1965 58.7081 51.0228 59.2929 65.4634 65.3687 58.8291 54.7037 49.2779 47.276 43.6528 52.9325 42.829 42.6861 41.9302 40.167 43.105 39.0285 39.2017 38.532 51.481 42.1513 38.3632 37.4034 39.8392 65.2509 70.3313
threshold=1.2206377983093264 0.71386143565177929 1.0816192030906679 0.98911425471305858 0.01106140296906233 0.025671835057437423 0.37827691435813909 0.85410505533218395 0.77916947007179271 0.7852524220943452 1.0465302467346194 0.77968367934227001 0.44250321388244634 0.99145302176475536 0.84999999403953563 1.0608848333358767 0.042319050058722503 0.9957660734653474 1.0996676683425906 1.0207829475402834 -0.0062781546730548135 0.024433665908873085 0.80461445450782787 0.76384052634239208 0.017329806461930278 -0.0058345696888864032 0.87500000000000011 -0.030343431979417797 -0.017462593503296372 0.55000001192092907
decision_type=10 8 10 10 10 8 10 10 10 8 10 10 10 10 2 10 10 10 10 8 10 10 10 10 10 10 2 8 8 2
left_child=1 5 26 4 -4 12 10 8 15 25 18 -12 -1 14 17 -8 -11 -5 19 -7 -15 -22 -2 -24 -25 -9 27 -3 29 -29
right_child=22 2 3 13 -6 6 7 9 -10 16 11 -13 -14 20 -16 -17 -18 -19 -20 -21 21 -23 23 24 -26 -27 -28 28 -30 -31
leaf_value=0.0015681184216315073 0.00062007156505518627 0.0040569386593495571 0.01204992922787263 0.00026159082298815714 0.0015283783892941498 0.00019753722564009031 -0.014650443609331499 0.023565218705033895 0.0016977293572207931 -0.00032527370599312534 -0.015711543461127967 0.004981220123590902 -0.00025075646127384148 -0.0028143499808667657 -0.012313297177921524 -0.0012084347287429835 0.0016090551789759674 -0.0032718513020172303 0.0012683595497011947 -0.0019679499340266209 0.00055334080863773071 0.0069602177643145512 -0.0024607824719275295 -0.0010742718179032882 0.011125423178807055 0.0034683564686336754 0.0054925190522894622 0.001600649779928582 0.0010183735053980552 -0.019801051971584788
leaf_weight=21712 2036 3955 606 5549 2461 10115 704 129 578 79115 409 100 30961 2873 421 381 11763 6252 4971 40010 13268 916 389 255 1363 336 1986 218 28990 264
leaf_count=21712 2036 3955 606 5549 2461 10115 704 129 578 79115 409 100 30961 2873 421 381 11763 6252 4971 40010 13268 916 389 255 1363 336 1986 218 28990 264
internal_value=-2.2635e-06 -5.93824e-05 0.000667038 -0.000201867 0.00376908 -0.000305452 -0.000590714 -0.000123743 -0.00598708 -1.24239e-05 -0.00136606 -0.0110444 0.000493608 -0.000630355 -0.00200085 -0.0103091 -7.13001e-05 -0.00158737 -0.00126723 -0.00152508 0.000335284 0.000997434 0.00370648 0.00665248 0.00902994 0.010404 0.00146882 0.00121765 0.000823968 -0.00984571
internal_weight=273086 269043 67759 32346 3067 201284 148611 93006 1663 91343 55605 509 52673 29279 12222 1085 90878 11801 55096 50125 17057 14184 4043 2007 1618 465 35413 33427 29472 482
internal_count=273086 269043 67759 32346 3067 201284 148611 93006 1663 91343 55605 509 52673 29279 12222 1085 90878 11801 55096 50125 17057 14184 4043 2007 1618 465 35413 33427 29472 482
is_linear=0
shrinkage=0.03


Tree=18
num_leaves=31
num_cat=0
split_feature=16 58 46 29 6 102 53 14 85 1 122 54 14 28 124 152 1 41 15 41 17 68 24 25 138 146 81 22 85 34
split_gain=70.733 48.8429 50.9423 54.3204 50.6732 44.9743 43.9348 42.7244 42.5578 42.3566 55.812 41.2509 39.6495 93.9163 79.5212 47.3388 42.5631 48.9407 47.974 37.9592 38.1441 35.7976 33.4708 32.3207 31.8963 44.4339 30.7077 26.9984 26.6937 26.6708
threshold=1.2394970059394839 0.90896162390708934 1.0094449520111086 0.0064252831507474193 0.07142979279160501 0.54201978445053112 0.97018611431121837 0.86524444818496715 0.57500001788139354 0.055469902232289321 0.56041851639747631 0.97059071063995372 0.9111917018890382 0.012923020869493486 0.58000001311302196 0.53193822503089916 0.014285720419138672 -0.031841535121202462 0.94542327523231517 0.022107684053480629 1.0188223123550417 0.97872266173362743 0.045104321092367179 0.041887732222676284 0.63178235292434703 0.48574566841125494 0.84999999403953563 1.1394862532615664 -0.62499999999999989 0.45421439409255987
decision_type=10 8 8 10 10 2 8 8 2 10 10 10 8 10 10 10 8 8 8 10 10 10 10 10 10 10 2 10 2 10
left_child=1 4 3 19 23 7 26 8 -5 24 -11 -9 13 15 -15 -8 18 -18 -14 29 -21 -6 -12 -1 25 -2 -4 -26 -24 -3
right_child=9 2 6 5 21 -7 12 11 -10 10 22 -13 16 14 -16 -17 17 -19 -20 20 -22 -23 28 -25 27 -27 -28 -29 -30 -31
leaf_value=0 0.0081121230360708743 0.0026720311516925787 -0.011038920956143079 0.021423352503217755 0.0034653274348682215 0.0016817967543911112 0.0058281470444678154 -0.010347603078711952 -0.00095777321209358725 0 0 -0.0022621107499667128 -0.0027733302034928537 -0.011010722572984719 0.0013375501918654552 -0.0063078922658982893 0.00061151519353622142 -0.00075256633002831314 0.00053569341210132752 0.0057840886337661651 -0.00055236109082990536 -0.012604934827171212 0.021746275578684551 -0.02021143379859601 -0.0049531852222684464 -0.011952152695429456 0 0.0053842065106032341 0.0035691514782803624 -9.829162451061958e-06
leaf_weight=112 113 6067 551 100 426 2843 3711 773 144 331 150 2651 4134 704 1229 274 28458 134714 70918 3781 991 150 394 273 225 284 305 1393 151 6901
leaf_count=112 113 6067 551 100 426 2843 3711 773 144 331 150 2651 4134 704 1229 274 28458 134714 70918 3781 991 150 394 273 225 284 305 1393 151 6901
internal_value=-4.60725e-05 -9.85227e-05 -7.30456e-05 0.00123623 -0.00678375 -0.00107473 -0.000203958 -0.00329014 0.00800654 0.0044866 0.00945859 -0.00422408 -0.000178618 0.00223798 -0.00307279 0.00489146 -0.000240094 -0.00051278 0.00034874 0.00210155 0.00440878 -0.00049883 0.0141822 -0.0149569 0.00173947 -0.00540658 -0.00691962 0.00372061 0.0175456 0.00122395
internal_weight=273251 270210 269249 24251 961 6511 244998 3668 244 3041 1026 3424 244142 5918 1933 3985 238224 163172 75052 17740 4772 576 695 385 2015 397 856 1618 545 12968
internal_count=273251 270210 269249 24251 961 6511 244998 3668 244 3041 1026 3424 244142 5918 1933 3985 238224 163172 75052 17740 4772 576 695 385 2015 397 856 1618 545 12968
is_linear=0
shrinkage=0.03


Tree=19
num_leaves=31
num_cat=0
split_feature=16 34 29 22 40 18 71 38 42 1 40 6 24 38 37 56 120 60 35 52 25 40 124 76 69 27 68 6 76 77
split_gain=64.5628 55.1035 43.4838 60.0856 56.6206 71.9726 66.9977 69.6176 47.0816 57.7985 55.566 49.0459 65.0642 45.5494 44.8175 46.5639 44.1868 63.8732 43.104 46.247 38.8956 38.5356 36.5009 34.9473 33.8706 42.7885 34.1826 33.863 32.6632 32.0254
threshold=1.2206377983093264 0.88303968310356151 -0.0015410915948450563 1.092613756656647 -0.028458484448492524 1.0224276185035708 0.54929596185684215 -0.017462593503296372 -0.091821700334548936 0.022371339611709121 -0.02677898574620485 0.15555725246667865 0.029893642291426662 0.016846278682351116 0.83796432614326488 1.0948565602302553 0.25574485957622534 0.91337412595748912 0.82754081487655651 0.96857303380966198 0.026339831762015823 0.049120288342237479 -0.66315743327140797 0.11666667088866235 0.19565226882696155 0.051452010869979865 0.47058847546577459 0.058824747800827033 0.18333333730697635 0.058333335444331176
decision_type=10 10 8 10 8 10 10 10 10 10 10 10 10 8 10 10 8 8 10 10 8 10 10 2 10 10 10 10 2 2
left_child=2 -2 8 4 6 16 7 -4 11 18 14 28 -13 23 15 -11 20 -18 29 -20 -6 -15 -3 -12 25 -8 -26 -5 -1 -10
right_child=1 22 3 27 5 -7 24 -9 9 10 13 12 -14 21 -16 -17 17 -19 19 -21 -22 -23 -24 -25 26 -27 -28 -29 -30 -31
leaf_value=0.0055669433803460823 0.0022984749509556389 0.0049608730577182228 -0.016463211148173923 -0.0014527401850086747 0.00092231541948190792 -0.0050721459329620437 0.0021741447400197571 0.00020487409432543745 -0.0018251545108654208 0.00063071588705161197 -0.0044098365315010119 0.013378042643958265 0.0022124453240786475 0.0020919867067908673 0.0051619876994658453 -0.0041580767969337656 0.002568709343978022 0.00010089345359945755 -0.0017529636747664215 0.0029972321605520698 -0.0028736742452231782 -0.0081571910812978776 0.023204827934769648 -0.0018983780911389539 0.0022137109449918164 0.015631274258487232 0.011650078530817625 0.0048971329994257871 -0.0029290988009796305 -4.3612734430427751e-05
leaf_weight=502 3550 323 242 852 3393 2404 463 1387 11572 7259 8232 643 1984 2948 1403 2395 10206 127631 2392 7076 7659 345 190 14633 3635 516 391 3740 1694 43680
leaf_count=502 3550 323 242 852 3393 2404 463 1387 11572 7259 8232 643 1984 2948 1403 2395 10206 127631 2392 7076 7659 345 190 14633 3635 516 391 3740 1694 43680
internal_value=2.20498e-05 0.00376687 -3.36158e-05 0.000274161 0.000173574 5.24265e-05 0.00288288 -0.00225901 -0.000504922 -0.000644435 -0.00158669 0.00237226 0.00513917 -0.00234072 0.000171051 -0.000532435 0.000137854 0.000286143 -9.76654e-05 0.00176436 -0.00168164 0.00088489 0.0128979 -0.00281874 0.00461846 0.00973821 0.00325736 0.00365274 -0.000818832 -0.000422693
internal_weight=273340 4063 269277 162519 157927 151293 6634 1629 106758 101935 37215 4823 2627 26158 11057 9654 148889 137837 64720 9468 11052 3293 513 22865 5005 979 4026 4592 2196 55252
internal_count=273340 4063 269277 162519 157927 151293 6634 1629 106758 101935 37215 4823 2627 26158 11057 9654 148889 137837 64720 9468 11052 3293 513 22865 5005 979 4026 4592 2196 55252
is_linear=0
shrinkage=0.03


Tree=20
num_leaves=31
num_cat=0
split_feature=32 81 38 140 46 53 117 40 43 42 4 12 109 42 138 71 35 13 11 86 13 1 1 43 73 8 70 77 41 87
split_gain=57.8741 54.8153 59.0881 51.2706 47.0487 61.404 57.8188 52.2003 48.0856 46.8812 54.7717 41.7649 41.7218 44.0591 57.1824 39.741 39.4606 55.73 60.6281 52.9042 41.7229 40.7819 37.1463 36.518 35.5844 48.6965 46.301 34.8464 45.5527 45.182
threshold=-0.0049950752872973672 0.61666667461395275 -0.022880334407091137 0.78127467632293712 1.0773737430572512 0.99357688426971447 0.42857141792774206 -0.028458484448492524 1.0332779288291933 -0.091821700334548936 0.42857025563716894 0.98191726207733165 0.47222222387790685 0.0092031816020607966 1.12373822927475 0.39130429923534399 0.7669273614883424 1.0678136348724367 0.98140046000480663 -0.81666666269302357 1.1147735714912417 0.017797594889998439 0.032503688707947738 1.0098249316215517 0.90000000596046459 0.90909579396247875 0.29787309467792517 0.091666668653488173 0.026705933734774593 -0.67500001192092884
decision_type=8 2 10 10 8 10 8 10 10 10 10 10 2 10 10 10 10 8 10 2 8 10 8 10 10 10 10 2 10 2
left_child=1 -1 -3 -4 7 6 15 -2 11 10 -7 23 13 -10 -15 22 19 18 -18 21 -21 -11 -6 -9 26 -26 -5 28 -13 -29
right_child=4 2 3 24 5 9 -8 8 12 16 -12 27 -14 14 -16 -17 17 -19 -20 20 -22 -23 -24 -25 25 -27 -28 29 -30 -31
leaf_value=-0.00022254582214659789 0.0023372227712497051 0.017759909211149946 -0.0034235178735759104 0.0032496035205709958 -0.00063179606038559963 0.0035459301564467528 -0.0059143276148898374 -0.0014584441754172718 -0.0005043885736242034 -0.00047391024904718573 -0.00362512908272959 0 0.0062425119741176599 -0.005124189215779465 0.0017312538372380581 -0.0047281685695758791 -0.0040803764500650782 0.0075175831468631792 0.00088883596705809195 -0.00042353605736591347 -0.01036507536101015 -0.0039053880926683106 0.0096199462171979548 -0.010269022842007813 -0.0025222543804504019 0.014816867113867073 0.011422443923635095 0.0034441324391106202 -0.0029992694357928876 0.00048861863544213101
leaf_weight=3810 9885 277 730 1711 614 4861 3607 2314 12076 5265 1137 28292 599 4961 1317 751 2541 969 15850 49921 366 8497 542 539 899 153 1145 4913 5381 99231
leaf_count=3810 9885 277 730 1711 614 4861 3607 2314 12076 5265 1137 28292 599 4961 1317 751 2541 969 15850 49921 366 8497 542 539 899 153 1145 4913 5381 99231
internal_value=2.86459e-06 0.00240506 0.00449537 0.00356589 -7.54389e-05 -0.00061097 -0.00368465 0.000222714 8.96134e-05 -0.000417271 0.00212918 0.00028255 -0.00132535 -0.00159519 -0.00363749 0.00039462 -0.00060445 0.000572284 0.000182281 -0.00096489 -0.000505948 -0.00261695 0.00400157 -0.00328729 0.00495865 0 0.00668714 0.000359094 -0.000474561 0.00063156
internal_weight=273154 8725 4915 4638 264429 94921 5514 169508 159623 89407 5998 140670 18953 18354 6278 1907 83409 19360 18391 64049 50287 13762 1156 2853 3908 1052 2856 137817 33673 104144
internal_count=273154 8725 4915 4638 264429 94921 5514 169508 159623 89407 5998 140670 18953 18354 6278 1907 83409 19360 18391 64049 50287 13762 1156 2853 3908 1052 2856 137817 33673 104144
is_linear=0
shrinkage=0.03


Tree=21
num_leaves=31
num_cat=0
split_feature=16 40 71 44 26 10 16 30 63 5 42 23 18 39 14 16 71 73 41 113 38 7 83 102 18 52 151 40 69 38
split_gain=69.23 44.784 65.7948 64.1681 41.5125 61.4701 52.9629 45.2584 41.3769 41.2501 39.8366 61.623 43.681 43.1554 81.0936 70.5431 39.7988 39.0526 52.1489 36.564 35.8372 44.5542 35.0288 33.2314 33.2176 31.8332 43.776 41.9081 31.4403 53.4293
threshold=1.2394970059394839 -0.030343431979417797 0.57792210578918468 1.0370433330535891 0.021892795339226726 1.0234098434448244 1.1159341931343081 0.00064689392456784855 0.38750000298023229 0.0057554407976567754 -0.075341708958148942 0.0083423661999404448 1.0234243273735049 -0.024151667021214959 0.94014963507652294 0.90527644753456127 0.92105278372764599 0.5000000149011613 -1.0000000180025095e-35 0.46236562728881841 -0.0032786626834422346 0.048187775537371642 -0.50000001490116108 0.54316771030426036 0.99938461184501659 0.84895494580268871 0.43683177232742315 -0.034799998626112931 0.71428617835044872 0.001890328247100115
decision_type=10 10 10 8 10 10 10 10 10 10 10 10 10 10 10 8 10 10 10 10 10 10 10 2 10 10 10 10 10 10
left_child=1 2 -1 4 9 6 23 -8 25 -3 11 -5 13 14 -12 -15 -11 18 -14 22 -2 -22 -10 -6 -24 26 -4 -28 -7 -30
right_child=20 3 8 10 5 28 7 -9 19 16 12 -13 17 15 -16 -17 -18 -19 -20 -21 21 -23 24 -25 -26 -27 27 -29 29 -31
leaf_value=0.00017716543207601821 0.0079254530969384302 0.0011404151354570766 -0.0042006489073203217 0.015533779728882782 -0.00086927382168184273 0.00079385192172304179 0.0038759870849324612 -0.0069320562181103594 0.003291607823374568 -0.0012153701164162129 0.010255695429587965 0.00078565453388566658 -0.0029394859768665182 -0.0049847944268786607 -0.00094703805439949466 -0.00069898065220848284 0.0045836092818528412 -0.0075714312793420061 0.0074648208762358136 0.0076683225486222795 -0.00085022086190987068 0.012233038997156141 -0.014700591960930933 0.00058638194534320516 -0.0016197299563186665 0.0020453264572374515 0.011370057555821055 0.00076954768991060053 0.0094948102281738628 -0.0033607048670823737
leaf_weight=16778 1435 52503 202 251 65640 1848 3848 347 871 12423 887 5928 4894 3648 1499 70712 1130 1527 443 519 1363 256 218 17709 973 1577 1705 498 1292 323
leaf_count=16778 1435 52503 202 251 65640 1848 3848 347 871 12423 887 5928 4894 3648 1499 70712 1130 1527 443 519 1363 256 218 17709 973 1577 1705 498 1292 323
internal_value=-8.29114e-06 -6.03142e-05 0.00119347 -0.000180168 0.000183988 -0.000228997 -0.000387514 0.00288215 0.00373762 0.000757405 -0.000820406 0.00148132 -0.000994411 -0.000783695 0.00314354 -0.000914554 -0.000703728 -0.00329771 -0.00199523 0.000637799 0.00446714 0.00115953 -0.00104434 -0.000556329 -0.00446501 0.00565863 0.00786781 0.00913719 0.00367137 0.00673056
internal_weight=273247 270193 23341 246852 157063 91007 87544 4195 6563 66056 89789 6179 83610 76746 2386 74360 13553 6864 5337 2581 3054 1619 2062 83349 1191 3982 2405 2203 3463 1615
internal_count=273247 270193 23341 246852 157063 91007 87544 4195 6563 66056 89789 6179 83610 76746 2386 74360 13553 6864 5337 2581 3054 1619 2062 83349 1191 3982 2405 2203 3463 1615
is_linear=0
shrinkage=0.03


Tree=22
num_leaves=31
num_cat=0
split_feature=16 39 49 91 33 3 27 40 18 36 73 99 1 20 3 23 45 27 3 15 82 35 36 140 23 2 16 23 15 29
split_gain=54.8086 44.6356 48.5188 70.4958 70.0777 82.0683 44.942 38.4945 78.7827 75.7544 69.7851 43.144 49.0769 42.8437 35.4884 71.7593 34.4639 45.8725 31.8287 31.0656 32.1057 33.121 31.0159 56.2131 33.7636 30.2755 29.1054 29.7741 29.0562 27.4036
threshold=1.2206377983093264 0.019195813685655597 0.8330044448375703 0.30777296423912054 0.88040038943290722 0.005229378119111062 0.023800524882972244 -0.030343431979417797 1.024536728858948 0.82335302233695995 0.5000000149011613 0.58571431040763866 0.050069035962224014 1.072277903556824 0.0068336832337081441 0.014482550323009493 1.1177077889442446 0.053764592856168754 0.027917472645640377 1.1366883516311648 0.92500001192092907 0.86742243170738231 0.80770382285118114 0.82233694195747387 0.017596901394426826 -0.45453947782516474 0.7852524220943452 0.030868193134665493 1.0903903245925906 -0.0066437402274459592
decision_type=10 10 8 10 10 10 10 10 10 10 10 2 10 10 10 8 8 10 10 10 2 10 10 10 10 10 8 10 10 10
left_child=1 2 3 4 -1 -6 -3 9 14 16 13 12 -11 -10 -9 -16 17 -4 19 25 -21 -22 -2 -24 -25 -8 27 -5 -27 -18
right_child=22 6 7 26 5 -7 18 8 10 11 -12 -13 -14 -15 15 -17 29 -19 -20 20 21 -23 23 24 -26 28 -28 -29 -30 -31
leaf_value=0.016217474190281571 0.0007429919882312718 0.0047168713406304406 0.00011271040229004566 0.0014547452747394316 0.0131518486947955 -0.019637283501638608 -0.0087951709692416762 0.00028147536547514418 -0.0032939339644799471 0.0071125839096650434 -0.0092099844406993495 0.000730292798840511 0.024954292469510905 0.0024476760177967456 -0.0014210962918420702 0.00090398346157448178 -0.00016059089457401556 0.0036163288341881706 -0.012191072571440599 -0.0029707046649213331 0.010254677330839596 -0.00081567449899033382 -0.001040808909218337 0 0.011645272435989352 -0.0011027559075684516 0.0052566175450266773 -0.015872529349585131 -0.0048601534438436995 -0.0054060612109910061
leaf_weight=613 2060 1026 8882 102 118 112 535 162930 3960 1141 1383 803 170 1581 34452 18106 5001 5584 240 490 596 320 599 250 1138 17014 176 185 2145 1110
leaf_count=613 2060 1026 8882 102 118 112 535 162930 3960 1141 1383 803 170 1581 34452 18106 5001 5584 240 490 596 320 599 250 1138 17014 176 185 2145 1110
internal_value=4.83928e-05 -2.79563e-06 0.0001126 0.00583892 0.0109948 -0.00190867 -0.00128648 8.03898e-05 -3.84331e-05 0.00125728 -0.00318444 0.0066542 0.00999175 -0.00159884 6.15475e-05 -0.000614372 0.000682336 0.00148897 -0.00159331 -0.00144713 0.0027521 0.006132 0.00350505 0.00618316 0.00948428 -0.00176463 -0.00299398 -0.00904361 -0.0015437 -0.00117684
internal_weight=272822 268775 246409 1306 843 230 22366 245103 222412 22691 6924 2114 1311 5541 215488 52558 20577 14466 21340 21100 1406 916 4047 1987 1388 19694 463 287 19159 6111
internal_count=272822 268775 246409 1306 843 230 22366 245103 222412 22691 6924 2114 1311 5541 215488 52558 20577 14466 21340 21100 1406 916 4047 1987 1388 19694 463 287 19159 6111
is_linear=0
shrinkage=0.03


end of trees

feature_importances:
RSQR5=25
KLEN=24
ROC30=24
IMXD30=23
RESI5=21
RSQR30=19
RESI20=19
STD60=16
RESI60=16
MA5=15
BETA10=15
RESI30=14
STD20=13
STD5=12
STD30=12
RSQR20=10
WVMA20=10
RESI10=9
KUP=8
HIGH0=8
ROC5=8
BETA60=8
MAX20=8
MIN10=8
QTLU60=8
SUMP20=8
KMID=7
KMID2=7
KUP2=7
KLOW2=7
ROC10=7
RSQR60=7
MAX30=7
QTLD5=7
WVMA5=7
KLOW=6
LOW0=6
VWAP0=6
ROC20=6
ROC60=6
RSQR10=6
MAX10=6
MIN20=6
MIN30=6
QTLU5=6
QTLU20=6
RSV30=6
IMXD20=6
MA60=5
STD10=5
MIN60=5
QTLU10=5
QTLD10=5
RANK10=5
RSV10=5
IMAX5=5
IMAX30=5
IMAX60=5
IMIN60=5
IMXD5=5
SUMN20=5
VSTD60=5
BETA20=4
BETA30=4
MAX5=4
MIN5=4
QTLU30=4
IMIN20=4
IMIN30=4
CNTP60=4
SUMP60=4
SUMD10=4
KSFT=3
QTLD20=3
RSV5=3
RSV20=3
IMAX10=3
IMXD10=3
IMXD60=3
CORR30=3
SUMN10=3
WVMA60=3
OPEN0=2
MA20=2
BETA5=2
IMIN5=2
CNTP10=2
CNTD20=2
CNTD30=2
SUMP5=2
SUMP10=2
SUMN5=2
SUMN60=2
SUMD5=2
VSUMN60=2
KSFT2=1
MA10=1
MAX60=1
QTLD30=1
RANK5=1
RANK60=1
RSV60=1
IMAX20=1
IMIN10=1
CORD5=1
CNTD10=1
SUMP30=1
SUMN30=1
SUMD20=1
SUMD30=1
SUMD60=1
VMA60=1
VSTD10=1
WVMA30=1
VSUMP30=1
VSUMN10=1
VSUMN30=1

parameters:
[boosting: gbdt]
[objective: regression]
[metric: l2]
[tree_learner: serial]
[device_type: cpu]
[data_sample_strategy: bagging]
[data: ]
[valid: ]
[num_iterations: 500]
[learning_rate: 0.03]
[num_leaves: 31]
[num_threads: 12]
[seed: 20260812]
[deterministic: 1]
[force_col_wise: 1]
[force_row_wise: 0]
[histogram_pool_size: -1]
[max_depth: 7]
[min_data_in_leaf: 100]
[min_sum_hessian_in_leaf: 0.001]
[bagging_fraction: 0.8]
[pos_bagging_fraction: 1]
[neg_bagging_fraction: 1]
[bagging_freq: 1]
[bagging_seed: 20260812]
[bagging_by_query: 0]
[feature_fraction: 0.8]
[feature_fraction_bynode: 1]
[feature_fraction_seed: 20260812]
[extra_trees: 0]
[extra_seed: 9622]
[early_stopping_round: 0]
[early_stopping_min_delta: 0]
[first_metric_only: 0]
[max_delta_step: 0]
[lambda_l1: 10]
[lambda_l2: 20]
[linear_lambda: 0]
[min_gain_to_split: 0]
[drop_rate: 0.1]
[max_drop: 50]
[skip_drop: 0.5]
[xgboost_dart_mode: 0]
[uniform_drop: 0]
[drop_seed: 26770]
[top_rate: 0.2]
[other_rate: 0.1]
[min_data_per_group: 100]
[max_cat_threshold: 32]
[cat_l2: 10]
[cat_smooth: 10]
[max_cat_to_onehot: 4]
[top_k: 20]
[monotone_constraints: ]
[monotone_constraints_method: basic]
[monotone_penalty: 0]
[feature_contri: ]
[forcedsplits_filename: ]
[refit_decay_rate: 0.9]
[cegb_tradeoff: 1]
[cegb_penalty_split: 0]
[cegb_penalty_feature_lazy: ]
[cegb_penalty_feature_coupled: ]
[path_smooth: 0]
[interaction_constraints: ]
[verbosity: 1]
[saved_feature_importance_type: 0]
[use_quantized_grad: 0]
[num_grad_quant_bins: 4]
[quant_train_renew_leaf: 0]
[stochastic_rounding: 1]
[linear_tree: 0]
[max_bin: 255]
[max_bin_by_feature: ]
[min_data_in_bin: 3]
[bin_construct_sample_cnt: 200000]
[data_random_seed: 20260812]
[is_enable_sparse: 1]
[enable_bundle: 1]
[use_missing: 1]
[zero_as_missing: 0]
[feature_pre_filter: 1]
[pre_partition: 0]
[two_round: 0]
[header: 0]
[label_column: ]
[weight_column: ]
[group_column: ]
[ignore_column: ]
[categorical_feature: ]
[forcedbins_filename: ]
[precise_float_parser: 0]
[parser_config_file: ]
[objective_seed: 6428]
[num_class: 1]
[is_unbalance: 0]
[scale_pos_weight: 1]
[sigmoid: 1]
[boost_from_average: 1]
[reg_sqrt: 0]
[alpha: 0.9]
[fair_c: 1]
[poisson_max_delta_step: 0.7]
[tweedie_variance_power: 1.5]
[lambdarank_truncation_level: 30]
[lambdarank_norm: 1]
[label_gain: ]
[lambdarank_position_bias_regularization: 0]
[eval_at: ]
[multi_error_top_k: 1]
[auc_mu_weights: ]
[num_machines: 1]
[local_listen_port: 12400]
[time_out: 120]
[machine_list_filename: ]
[machines: ]
[gpu_platform_id: -1]
[gpu_device_id: -1]
[gpu_device_id_list: ]
[gpu_use_dp: 0]
[num_gpu: 1]

end of parameters

pandas_categorical:null
