tree
version=v4
num_class=1
num_tree_per_iteration=1
label_index=0
max_feature_idx=157
objective=regression
feature_names=KMID KLEN KMID2 KUP KUP2 KLOW KLOW2 KSFT KSFT2 OPEN0 HIGH0 LOW0 VWAP0 ROC5 ROC10 ROC20 ROC30 ROC60 MA5 MA10 MA20 MA30 MA60 STD5 STD10 STD20 STD30 STD60 BETA5 BETA10 BETA20 BETA30 BETA60 RSQR5 RSQR10 RSQR20 RSQR30 RSQR60 RESI5 RESI10 RESI20 RESI30 RESI60 MAX5 MAX10 MAX20 MAX30 MAX60 MIN5 MIN10 MIN20 MIN30 MIN60 QTLU5 QTLU10 QTLU20 QTLU30 QTLU60 QTLD5 QTLD10 QTLD20 QTLD30 QTLD60 RANK5 RANK10 RANK20 RANK30 RANK60 RSV5 RSV10 RSV20 RSV30 RSV60 IMAX5 IMAX10 IMAX20 IMAX30 IMAX60 IMIN5 IMIN10 IMIN20 IMIN30 IMIN60 IMXD5 IMXD10 IMXD20 IMXD30 IMXD60 CORR5 CORR10 CORR20 CORR30 CORR60 CORD5 CORD10 CORD20 CORD30 CORD60 CNTP5 CNTP10 CNTP20 CNTP30 CNTP60 CNTN5 CNTN10 CNTN20 CNTN30 CNTN60 CNTD5 CNTD10 CNTD20 CNTD30 CNTD60 SUMP5 SUMP10 SUMP20 SUMP30 SUMP60 SUMN5 SUMN10 SUMN20 SUMN30 SUMN60 SUMD5 SUMD10 SUMD20 SUMD30 SUMD60 VMA5 VMA10 VMA20 VMA30 VMA60 VSTD5 VSTD10 VSTD20 VSTD30 VSTD60 WVMA5 WVMA10 WVMA20 WVMA30 WVMA60 VSUMP5 VSUMP10 VSUMP20 VSUMP30 VSUMP60 VSUMN5 VSUMN10 VSUMN20 VSUMN30 VSUMN60 VSUMD5 VSUMD10 VSUMD20 VSUMD30 VSUMD60
feature_infos=[-0.15450645983219147:0.33106967806816101] [0:0.33106967806816101] [-1:1] [0:0.27153289318084717] [0:1] [0:0.19577737152576447] [0:1] [-0.31147539615631104:0.33106967806816101] [-1:1] [0.75127547979354858:1.1827411651611328] [1:1.365384578704834] [0.75127547979354858:1] [0.90894031524658203:1.0877940654754639] [0.62103557586669922:1.6790908575057983] [0.58417785167694092:1.8924485445022583] [0.46860837936401367:2.2146341800689697] [0.45439684391021729:2.740487813949585] [0.36440131068229675:2.649662971496582] [0.8043818473815918:1.3455072641372681] [0.71110033988952637:1.4951817989349365] [0.61736243963241577:1.7117466926574707] [0.56646168231964111:1.9959673881530762] [0.4937971830368042:1.8649090528488159] [0:0.26957115530967712] [0:0.32280367612838745] [0:0.36472421884536743] [0:0.57258552312850952] [0:0.50059491395950317] [-0.16409091651439667:0.17131471633911133] [-0.11732283234596252:0.17131471633911133] [-0.11732283234596252:0.17131471633911133] [-0.11732283234596252:0.17131471633911133] [-0.11732283234596252:0.17131471633911133] [0:1] [0:1] [0:1] [0:1] [0:1] [-0.11478264629840851:0.13264167308807373] [-0.24554997682571411:0.20802642405033112] [-0.40848860144615173:0.27287426590919495] [-0.44566619396209717:0.27581575512886047] [-0.96870207786560059:0.33257237076759338] [1:1.6472727060317993] [1:1.9298244714736938] [1:2.2439024448394775] [1:3.3160974979400635] [1:3.3160974979400635] [0.58144122362136841:1] [0.54045307636260986:1] [0.4660193920135498:1] [0.43721681833267212:1] [0.33789625763893127:1] [0.86334514617919922:1.4843636751174927] [0.78309857845306396:1.7869091033935547] [0.69682848453521729:2.054157018661499] [0.62161809206008911:2.423609733581543] [0.56576049327850342:2.3250908851623535] [0.70860719680786133:1.2689855098724365] [0.58504855632781982:1.4057971239089966] [0.49352750182151794:1.5574545860290527] [0.47533980011940002:1.5740000009536743] [0.38890489935874939:1.5950908660888672] [0.20000000298023224:1] [0.10000000149011612:1] [0.05000000074505806:1] [0.033333335071802139:1] [0.01666666753590107:1] [0:1] [0:1] [0:1] [0:1] [0:1] [0.20000000298023224:1] [0.10000000149011612:1] [0.05000000074505806:1] [0.033333335071802139:1] [0.01666666753590107:1] [0.20000000298023224:1] [0.10000000149011612:1] [0.05000000074505806:1] [0.033333335071802139:1] [0.01666666753590107:1] [-0.80000001192092896:0.80000001192092896] [-0.89999997615814209:0.89999997615814209] [-0.94999998807907104:0.94999998807907104] [-0.96666663885116577:0.96666663885116577] [-0.98333334922790527:0.98333334922790527] [-1:1] [-1:1] [-1:1] [-1:1] [-1:1] [-1:1] [-1:1] [-1:1] [-1:1] [-1:1] [0:1] [0:1] [0:0.89999997615814209] [0:0.8888888955116272] [0:0.8888888955116272] [0:1] [0:1] [0:0.89999997615814209] [0:0.8571428656578064] [0:0.8571428656578064] [-1:1] [-1:1] [-0.83333331346511841:0.8888888955116272] [-0.83333331346511841:0.8888888955116272] [-0.83333331346511841:0.8888888955116272] [0:1] [0:1] [0:1] [0:1] [0:1] [0:1] [0:1] [0:1] [0:1] [0:1] [-1:1] [-1:1] [-1:1] [-1:1] [-1:1] [0.20013266801834106:26452.083984375] [0.10012400150299072:23627.859375] [0.050104878842830658:26698.134765625] [0.033777147531509399:28136.5] [0.017187755554914474:26107.111328125] [0.00080492562847211957:59102.5] [0.0021778203081339598:49210.34375] [0.0021778203081339598:56418.4921875] [0.0021778203081339598:57003.12109375] [0.0021778203081339598:42065.70703125] [0:2.2360680103302002] [0:3.1615598201751709] [0:4.4708261489868164] [0:5.4656624794006348] [0:7.5986995697021484] [0:1] [0:1] [0:1] [0:1] [0:1] [0:1] [0:1] [0:1] [0:1] [0:1] [-1:1] [-1:1] [-1:1] [-1:1] [-1:1]
tree_sizes=3100 3120 3064 2985 3079 3063 3053 3109 3051 3060 3034 3079 3114 3103 3049 3083 3126 3101 3053 3109 3104 3111 3083 3077 2989 2995

Tree=0
num_leaves=31
num_cat=0
split_feature=16 26 33 14 41 44 32 56 86 3 56 113 24 35 14 53 48 27 35 140 80 138 5 136 2 136 14 6 118 23
split_gain=162.121 92.5042 83.6497 85.1058 121.84 61.8571 72.0957 60.3057 69.5497 81.0277 74.4712 55.4247 54.2498 53.5512 53.1447 52.8316 52.7755 51.1305 49.9317 51.9743 47.343 71.2983 45.2749 43.3583 40.5069 38.3597 35.8808 34.4552 64.0556 33.3081
threshold=1.2394970059394839 0.019933737814426426 0.37253709137439733 0.91430118680000316 0.015269131865352394 1.0405647158622744 -0.0034855571575462814 0.90283629298210155 0.68333333730697643 0.017324396409094337 0.9553913176059724 0.56756743788719188 0.051143486052751548 0.74746352434158336 0.98209422826766979 1.0374999642372134 0.98698025941848766 0.090825200080871596 0.5664317011833192 0.81006559729576122 0.42499999701976782 0.65451234579086315 0.01023019850254059 0.33440291881561285 0.36538454890251165 0.8720492720603944 0.88698756694793712 0.20689524710178378 0.08620683848857881 0.016468620859086517
decision_type=10 10 8 8 10 10 10 10 2 10 10 8 10 10 10 10 10 10 10 10 2 10 10 10 10 10 8 10 10 10
left_child=1 11 3 4 12 6 14 27 10 15 26 -1 -3 -12 -5 -10 -8 25 -2 -20 22 -22 -6 -19 -11 -7 -9 28 -4 -21
right_child=18 2 7 5 20 17 16 8 9 24 13 -13 -14 -15 -16 -17 -18 23 19 29 21 -23 -24 -25 -26 -27 -28 -29 -30 -31
leaf_value=9.4088712442215504e-05 0.00063762223490548982 -0.00092932529742422668 -0.0033265659007613588 -0.00062431516790961011 4.4143326217389785e-10 -0.0033841641172029026 -0.0017131030278437814 0.00109767079075959 0.00061160244817283374 0.010577780761120729 -0.00048306725807006152 0.0018079926847434943 -0.021634783817854185 0.0011927189096859576 0.0071236140346366394 0.0060834082560750824 0.00086000709822869588 0.0052083316801251993 0.00011956724671322127 4.4143326217389785e-10 -0.0039920133381686181 0.020198033858072648 0.013678939521117652 -0.0021694655541476533 -0.0038947464664181621 0.00015940832851032343 -0.0069722107866387259 4.4143326217389785e-10 -0.024813764232956208 0.013624588203255525
leaf_weight=42244 924 719 392 1337 690 22893 29195 560 17840 1216 79866 28834 125 21796 1730 1751 9323 1318 486 216 106 515 301 1463 159 2940 2117 429 204 1398
leaf_count=42244 924 719 392 1337 690 22893 29195 560 17840 1216 79866 28834 125 21796 1730 1751 9323 1318 486 216 106 515 301 1463 159 2940 2117 429 204 1398
internal_value=-5.47161e-05 -0.000133397 -0.000466182 -0.00127711 0.00415923 -0.00147271 -0.00072333 4.41433e-10 6.01715e-05 0.00163794 -0.000254247 0.000793896 -0.00477293 -0.00012067 0.00366671 0.00112166 -0.00108239 -0.00255005 0.00682811 0.00937871 0.00902087 0.0156052 0.00437102 0.00123221 0.00865733 -0.00296946 -0.00517722 -0.00717661 -0.0117351 0.0119476
internal_weight=273087 270063 198985 72655 2456 70199 41585 126330 125305 20966 104339 71078 844 101662 3067 19591 38518 28614 3024 2100 1612 621 991 2781 1375 25833 2677 1025 596 1614
internal_count=273087 270063 198985 72655 2456 70199 41585 126330 125305 20966 104339 71078 844 101662 3067 19591 38518 28614 3024 2100 1612 621 991 2781 1375 25833 2677 1025 596 1614
is_linear=0
shrinkage=1


Tree=1
num_leaves=31
num_cat=0
split_feature=16 29 57 40 46 120 0 57 5 42 49 87 54 45 38 42 24 33 30 86 30 17 140 51 69 140 111 38 86 144
split_gain=158.154 78.1174 99.9194 82.2217 79.3727 56.5248 72.8354 62.605 60.9999 55.2422 60.99 67.6256 64.1123 69.9493 57.0342 55.8046 53.3172 48.142 46.7285 46.3882 47.282 46.7209 45.2431 37.6603 53.931 36.1519 43.2688 39.8024 35.8185 37.4385
threshold=1.2394970059394839 -0.0015410915948450563 1.1707749962806704 -0.02971203904598951 1.1140133738517763 0.25574485957622534 0.029829532839357856 0.92394757270812999 0.0086074038408696669 0.065921377390623107 0.97327396273612987 0.37500000000000006 1.0839074254035952 1.0630630850791933 0.018904543481767181 -0.075341708958148942 0.039420317858457572 0.97387737035751354 -0.0069329803809523574 -0.81666666269302357 -0.0054263304919004432 1.2859484553337099 0.93441906571388256 0.90246409177780162 0.19230712205171588 0.82000133395195018 -0.13484849035739896 -0.0083671929314732534 -0.516666680574417 0.51118752360343944
decision_type=10 8 10 8 10 8 8 8 8 10 10 2 10 10 10 10 10 10 10 2 10 10 10 10 10 10 2 10 2 10
left_child=1 9 3 4 23 6 -5 22 -9 10 12 19 13 -1 -15 16 -13 18 25 20 -12 -21 -7 24 -3 -2 27 -27 29 -4
right_child=17 2 28 5 -6 7 -8 8 -10 -11 11 15 -14 14 -16 -17 -18 -19 -20 21 -22 -23 -24 -25 -26 26 -28 -29 -30 -31
leaf_value=-0.00031602417598242946 0.0020105175559733341 0.01479886831788748 0.0093076677385007089 -0.001104322588089586 -0.0080199218747633721 -0.0002817185281504256 -0.008904559425415794 0.00039610818593547204 -0.0013834963531817253 0.010142298484850192 0.0012450674988034732 0.0067957367729400897 0.002908238174395185 -0.004360713645289606 0.0010195670689125357 0.00040378644178349368 -0.0014221362760031943 -0.010933863727784737 0.0012688804793637245 -0.00017591837802507709 -0.0028758614657911378 -0.0076695884962252507 0.0078120714831434951 0.00075705951717758616 0.0046272567705434708 0.023724422154607693 0.0032980770564272691 0.010126863376824355 0.00098783264288191059 0.0016721300415315453
leaf_weight=9063 495 592 1853 9897 446 880 1215 118130 20261 396 2906 2573 2124 13587 1931 17180 894 103 880 41717 14473 746 1642 1686 3171 389 456 752 1671 1004
leaf_count=9063 495 592 1853 9897 446 880 1215 118130 20261 396 2906 2573 2124 13587 1931 17180 894 103 880 41717 14473 746 1642 1686 3171 389 456 752 1671 1004
internal_value=-1.35873e-05 -9.1961e-05 0.000322006 0.000193742 0.00366471 5.67129e-05 -0.00199863 0.00022118 0.000133237 -0.000719732 -0.000764542 -0.00034763 -0.00200869 -0.00244777 -0.00367145 0.00112579 0.00459464 0.00672816 0.00750953 -0.000861214 -0.00216891 -0.000318179 0.0048899 0.00470178 0.00637655 0.00995574 0.0121776 0.0153499 0.00470887 0.00675896
internal_weight=273113 270038 162448 157920 5895 152025 11112 140913 138391 107590 107194 80489 26705 24581 15518 20647 3467 3075 2972 59842 17379 42463 2522 5449 3763 2092 1597 1141 4528 2857
internal_count=273113 270038 162448 157920 5895 152025 11112 140913 138391 107590 107194 80489 26705 24581 15518 20647 3467 3075 2972 59842 17379 42463 2522 5449 3763 2092 1597 1141 4528 2857
is_linear=0
shrinkage=0.03


Tree=2
num_leaves=31
num_cat=0
split_feature=16 26 27 18 49 3 11 33 14 42 36 52 33 44 64 140 86 13 85 142 3 69 52 58 40 36 49 114 68 58
split_gain=152.711 87.1768 77.5878 83.076 82.106 89.4857 73.3001 66.5221 74.3653 68.7605 62.4356 78.4272 103.108 61.2464 60.435 58.2748 57.8356 50.3463 48.586 47.6934 47.5708 47.2415 42.5156 42.2924 39.9791 38.4384 33.3858 33.0197 29.7902 29.7455
threshold=1.2206377983093264 0.020061248913407329 0.075317058712244048 0.94259545207023632 0.8330044448375703 0.0054263612255454072 0.97421732544898998 0.37253709137439733 0.88698756694793712 0.11121570691466333 0.80461445450782787 0.93919816613197338 0.58642137050628673 1.0409234166145327 0.4083333313465119 0.76384052634239208 0.75000000000000011 0.98126468062400829 -0.37499999999999994 1.3242022395133974 0.01792514976114035 0.92207804322242748 0.79027262330055248 0.99913614988327037 -0.043705966323614114 0.64495155215263378 0.85446846485137951 0.90476140379905712 0.8968901038169862 0.95259615778923046
decision_type=10 10 10 10 10 10 10 8 8 10 10 10 10 10 10 10 2 8 2 10 10 10 10 10 10 10 10 10 10 10
left_child=1 14 7 26 5 25 19 8 -3 16 -2 28 23 22 -1 -14 17 -9 -15 -6 -18 -7 -10 -13 -8 -5 -4 -11 -12 -16
right_child=10 2 3 4 6 21 24 9 13 27 11 12 15 18 29 -17 20 -19 -20 -21 -22 -23 -24 -25 -26 -27 -28 -29 -30 -31
leaf_value=-0.00015887132569723442 0.0018850615487957393 0.011355699724552512 -0.015226747740686943 0.026145993311714268 0.0057035950844605164 0.008010824127546088 0.0035821770709813724 -0.0014792877026435071 -0.0044987336442722844 -0.010599367477806739 0.023726522827833302 0.0013621123338336332 -0.0010994927879389241 -0.0015159026597885334 0.0095443990653603632 0.014744201548624571 0.001323657399505816 6.8870459164434416e-05 -0.0043799514187664581 0 0.0096983712728198786 -0.0085646422123497826 -0.00049215551958222033 -0.01533346613882006 -0.00037670826049116847 0.0038719801879095205 0.00096584049751982084 0.00018448007455275904 0.0015659512732608997 0.0014933564876736067
leaf_weight=31116 2076 382 370 283 4063 387 2598 26146 2567 817 390 289 229 12997 413 823 12287 66952 9655 1806 640 221 35858 196 18360 146 112 290 101 40569
leaf_count=31116 2076 382 370 283 4063 387 2598 26146 2567 817 390 289 229 12997 413 823 12287 66952 9655 1806 640 221 35858 196 18360 146 112 290 101 40569
internal_value=2.48549e-05 -6.18593e-05 -0.000389646 0.00105809 0.00128478 0.00951874 0.000948463 -0.000634936 -0.00142226 -0.000180286 0.00575482 0.0095126 0.00575752 -0.00151078 0.000829196 0.0110593 -9.90473e-05 -0.000362923 -0.00275267 0.00390714 0.00177579 0.00142727 -0.000769821 -0.00513096 0.000102691 0.0197438 -0.010978 -0.007555 0.0199948 0.00158642
internal_weight=273139 269035 196937 28346 27864 1037 26827 168591 61459 107132 4104 2028 1537 61077 72098 1052 106025 93098 22652 5869 12927 608 38425 485 20958 429 482 1107 491 40982
internal_count=273139 269035 196937 28346 27864 1037 26827 168591 61459 107132 4104 2028 1537 61077 72098 1052 106025 93098 22652 5869 12927 608 38425 485 20958 429 482 1107 491 40982
is_linear=0
shrinkage=0.03


Tree=3
num_leaves=31
num_cat=0
split_feature=16 25 86 3 0 55 14 49 53 94 42 33 33 36 1 115 33 58 82 119 29 0 29 133 110 23 17 39 45 80
split_gain=141.141 88.7043 66.3489 100.046 94.0654 84.3442 94.5171 60.2469 108.258 55.7564 52.3179 50.4405 45.5099 42.4506 54.8108 49.3965 43.5845 39.1308 38.2812 47.1023 43.4208 35.4848 34.5248 32.6844 31.4875 35.3478 29.4332 28.4802 27.9587 26.8531
threshold=1.2206377983093264 0.012543265242129566 0.81666666269302379 0.01792514976114035 0.025147275999188427 0.93731585144996654 0.88698756694793712 0.8330044448375703 0.98100265860557567 0.10292061790823938 -0.077859010547399507 0.82699483633041393 0.97826865315437328 0.80461445450782787 0.055469902232289321 0.30044198036193853 0.62609195709228527 0.99765950441360485 0.52500000596046459 0.25848878920078283 0.015139978844672443 0.025147275999188427 0.013813925441354515 0.16333156824111941 0.29705883562564855 0.015690250322222713 1.3258052468299868 -0.012000935617834328 1.1519579887390139 0.42499999701976782
decision_type=10 10 2 10 10 10 8 8 10 10 10 10 10 10 10 10 10 10 2 10 10 10 10 10 2 10 8 8 10 2
left_child=1 27 5 18 24 21 9 8 -8 -7 -9 -11 13 -2 15 16 17 -15 20 22 -4 -3 -20 -22 25 -5 -18 -1 -17 -23
right_child=12 2 3 4 -6 6 7 10 -10 11 -12 -13 -14 14 -16 28 26 -19 19 -21 23 29 -24 -25 -26 -27 -28 -29 -30 -31
leaf_value=-0.0020308382214516696 0.0028260795715085059 -0.0020860201604532887 0.0017440777513182163 0.002957729524818107 -0.013845361349674372 -0.0023806122720481742 -0.011127643499212922 0.0017303973309953724 0.015316750292051866 0.012568625821959754 -0.00059610342293186472 0 -0.010792536707798929 0.0027161157808321362 0.018202597187370422 4.8066693807727304e-05 0.011877903069601025 -0.016022274380583051 0 -0.0063700273843437221 0.005725228146786665 -0.017427071060909426 0.015681374743580816 -0.0096030657278892203 0.0048285306792317344 0.020918141982076442 -0.00076361213882562644 0.0015301531593799272 0.017192584967637703 0
leaf_weight=2064 1960 476 14619 183 110 445 160 9012 506 1038 201901 377 117 150 493 154 338 176 1135 1359 123 434 118 510 435 490 228 33426 387 110
leaf_count=2064 1960 476 14619 183 110 445 160 9012 506 1038 201901 377 117 150 493 154 338 176 1135 1359 123 434 118 510 435 490 228 33426 387 110
internal_value=4.58429e-07 -8.18427e-05 -0.000295277 0.0013952 0.00966539 -0.000447205 -0.000404167 -0.000464951 0.00838722 0.00628197 -0.000495119 0.00921052 0.00557918 0.00620164 0.00941828 0.00598075 0.00118891 -0.00687464 0.000804368 -0.00249822 0.00139213 -0.00898371 0.00149957 -0.00608104 0.0124696 0.0166936 0.00642135 0.00131358 0.0130227 -0.0141993
internal_weight=273034 269031 233541 19082 1218 214459 213439 211579 666 1860 210913 1415 4003 3886 1926 1433 892 326 17864 2612 15252 1020 1253 633 1108 673 566 35490 541 544
internal_count=273034 269031 233541 19082 1218 214459 213439 211579 666 1860 210913 1415 4003 3886 1926 1433 892 326 17864 2612 15252 1020 1253 633 1108 673 566 35490 541 544
is_linear=0
shrinkage=0.03


Tree=4
num_leaves=31
num_cat=0
split_feature=16 25 39 27 86 1 33 53 11 35 115 87 13 15 49 102 33 33 72 120 87 72 25 67 27 55 37 55 5 127
split_gain=119.824 77.6528 59.9374 61.0092 60.0992 58.8506 54.3584 59.9309 53.7392 99.9864 63.8372 55.5149 48.0828 44.6987 44.2819 70.1602 51.7097 52.0796 49.556 44.0587 43.343 59.5333 50.3424 43.2556 43.9282 43.1054 34.7951 34.115 34.093 32.2608
threshold=1.2206377983093264 0.012410786934196951 0.023679794743657116 0.0761079676449299 -0.81666666269302357 0.017891236580908302 0.37827691435813909 1.0359762310981753 0.97153580188751232 0.90670192241668712 0.68303591012954723 0.5416666865348817 0.91056081652641307 1.1093785762786867 0.94080999493598949 0.41742423176765447 0.62609195709228527 0.88321134448051464 0.010694944299757482 0.20224711298942569 -0.60833334922790516 0.93749985098838817 0.054269555956125266 0.10822072252631189 0.023396749980747703 0.98487019538879406 0.65855157375335704 1.1106904745101931 0.021395324729382995 -0.32083728909492487
decision_type=10 10 10 10 2 10 8 10 10 10 10 2 8 10 10 2 10 10 10 10 2 10 10 10 10 10 8 10 10 10
left_child=1 26 3 4 5 13 7 -6 9 11 25 -5 -8 -3 15 -2 -16 18 -18 -12 -4 23 -23 -22 -25 -10 -1 -7 29 -19
right_child=14 2 20 8 6 27 12 -9 10 -11 19 -13 -14 -15 16 -17 17 28 -20 -21 21 22 -24 24 -26 -27 -28 -29 -30 -31
leaf_value=0.0006398463940380754 0.018703630683427251 -0.00061990831529703931 0.0001225289138095277 0.0093789178450873981 -0.00068723191714251911 -0.0038867655003919756 -0.0062141527621935788 -0.0072008949688073158 -0.0045595204998275119 -0.015181678878379635 -0.0051100716678533263 0.0012434660505077696 0.00033059816986054255 0.007863625837282567 -0.002198920320479678 0.0035204675629211123 0.021848659575616158 -0.010799343380409495 0.0057125002377713683 0.0072551356197992547 0.0022915670730222471 0.0038442793427349397 -0.010218555985484271 0.0056570023327367379 -0.0056845929839730875 0.00054981037190443376 0.0027902508743598629 0.00089606361415659743 0.012555422084988095 0.0021765877480253611
leaf_weight=24759 485 9029 4732 1893 65008 10169 996 1289 1609 187 257 1414 108349 575 1057 764 252 266 770 1859 704 1474 244 280 6782 16664 9621 1425 136 354
leaf_count=24759 485 9029 4732 1893 65008 10169 996 1289 1609 187 257 1414 108349 575 1057 764 252 266 770 1859 704 1474 244 280 6782 16664 9621 1425 136 354
internal_value=0 -7.80521e-05 -0.000273997 -0.000150834 -0.000325817 -0.00183515 -0.000141762 -0.000820533 0.00127787 0.00471895 0.000669434 0.00601894 0.000267115 -6.55334e-05 0.00508697 0.00985452 0.00282716 0.00597319 0.0103222 0.00557908 -0.0021623 -0.00333173 0.00157978 -0.00445805 -0.00517785 7.90235e-05 0.00125162 -0.00327255 0 -0.00308526
internal_weight=273403 269319 234939 220723 196840 21198 175642 66297 23883 3494 20389 3307 109345 9604 4084 1249 2835 1778 1022 2116 14216 9484 1718 7766 7062 18273 34380 11594 756 620
internal_count=273403 269319 234939 220723 196840 21198 175642 66297 23883 3494 20389 3307 109345 9604 4084 1249 2835 1778 1022 2116 14216 9484 1718 7766 7062 18273 34380 11594 756 620
is_linear=0
shrinkage=0.03


Tree=5
num_leaves=31
num_cat=0
split_feature=16 26 27 64 18 49 3 12 35 47 0 45 40 4 30 140 86 36 77 40 84 30 82 5 24 46 23 37 10 85
split_gain=128.376 76.076 75.5905 66.6944 59.5212 81.2115 88.5823 58.7133 61.109 83.4443 58.4256 51.5481 89.4011 52.4919 44.1501 48.3172 42.3236 41.8518 41.404 40.3289 39.9321 38.8921 38.4909 36.6739 34.6553 33.324 31.5095 29.875 29.3855 27.4032
threshold=1.2206377983093264 0.021648212336003784 0.075317058712244048 0.47499999403953558 0.94259545207023632 0.8330044448375703 0.0054263612255454072 1.0010165572166445 0.7827739715576173 1.0469396710395815 -0.010059737600386141 1.1193639039993288 -0.043705966323614114 0.58620762825012218 -0.0069329803809523574 0.81253799796104442 -0.81666666269302357 0.80137315392494213 0.058333335444331176 0.03885683789849282 0.75000000000000011 0.0064719635993242272 0.19166667014360431 0.0054181008599698552 0.036824531853199012 1.0059580206871035 0.015372977592051031 0.86851248145103466 1.0311891436576845 0.82500001788139354
decision_type=10 10 10 10 10 10 10 10 10 10 10 10 10 10 10 10 2 10 2 10 2 10 2 10 10 10 10 10 10 2
left_child=1 3 7 -1 21 6 22 18 9 24 23 12 -7 -13 15 -2 -11 -17 27 25 -8 -4 -6 -10 -9 -20 -19 -3 -5 -21
right_child=14 2 4 28 5 11 20 8 10 16 -12 13 -14 -15 -16 17 -18 26 19 29 -22 -23 -24 -25 -26 -27 -28 -29 -30 -31
leaf_value=-0.00025716692031060195 0 -0.0029264384566811763 -0.0026918514146950846 0.0014761410497197017 0.0013409294553753668 0.0085303106737929339 0.0073522483145510506 0.0016782941119759039 0.0021915743749254869 -0.0031873961040705147 -0.00011328571221785011 -0.00040104135051117752 0.001055015410438754 -0.0093153299135664402 0.00033484960708912275 0.0039349110394670461 -0.00061168833387647832 0 0.0013791063796187923 -0.0026518338615016579 -0.0083028026740876552 -0.023118019149971327 0.024566794220979016 0.0071391867683965231 0.0094136790263750526 -0.00090054302206052806 0.014668510427322706 0.0023335002833826698 -0.0087586222600373551 -0.010561388882224836
leaf_weight=38496 625 15102 337 47236 117 1570 363 7689 5273 6810 7759 6683 17679 644 1238 895 39993 124 6307 4689 210 120 322 1970 567 57039 1138 960 226 454
leaf_count=38496 625 15102 337 47236 117 1570 363 7689 5273 6810 7759 6683 17679 644 1238 895 39993 124 6307 4689 210 120 322 1970 567 57039 1138 960 226 454
internal_value=8.29089e-06 -7.04345e-05 -0.000417776 0.000664087 0.00101039 0.00120089 0.0094882 -0.000678868 -3.21894e-05 -0.000498949 0.00165928 0.000867136 0.00168851 -0.00124861 0.00531726 0.00740917 -0.000994071 0.00952003 -0.00121104 -0.000882396 0.00102237 -0.00942875 0.0193585 0.00359452 0.00226725 -0.000668473 0.0131238 -0.00259089 0.00141742 -0.00344637
internal_weight=272635 268615 182657 85958 28045 27588 1012 154612 70061 55059 15002 26576 19249 7327 4020 2782 46803 2157 84551 68489 573 457 439 7243 8256 63346 1262 16062 47462 5143
internal_count=272635 268615 182657 85958 28045 27588 1012 154612 70061 55059 15002 26576 19249 7327 4020 2782 46803 2157 84551 68489 573 457 439 7243 8256 63346 1262 16062 47462 5143
is_linear=0
shrinkage=0.03


Tree=6
num_leaves=31
num_cat=0
split_feature=26 121 25 24 86 98 12 125 121 39 27 24 62 1 32 86 17 86 35 40 87 82 25 124 2 32 53 2 120 75
split_gain=101.095 79.5297 72.1503 69.0537 59.0849 57.0468 56.5165 79.6028 55.1906 54.051 66.7884 49.1943 61.1487 48.556 44.9192 62.7724 52.3126 48.2075 70.6873 53.6338 44.7858 48.7119 44.1839 41.1441 36.0061 34.2957 46.9667 36.8106 34.2208 33.9307
threshold=0.074481844902038588 0.63200011849403392 0.012543265242129566 0.055742703378200538 0.88333332538604747 1.0000000180025095e-35 0.98710510134696972 0.39337265491485601 0.23642712086439135 0.019643191248178486 0.023800524882972244 0.039420317858457572 0.95239192247390758 0.025900864042341713 -0.0049950752872973672 -0.58333334326744068 1.3589206337928774 -0.81666666269302357 0.56197729706764232 -0.028458484448492524 -0.60833334922790516 0.65833333134651195 0.041097883135080344 0.53229880332946788 -0.52173838019371022 0.0037928093224763875 1.0214298367500307 0.068967029452323927 0.24161569029092791 0.22500000149011615
decision_type=10 10 10 10 2 2 10 10 10 10 10 10 10 10 10 2 10 2 10 10 2 2 10 10 10 10 10 10 10 2
left_child=2 6 -1 13 9 -5 11 22 -9 14 -11 -2 -13 -3 15 16 -4 18 -16 -19 21 -12 -8 28 -22 -6 27 -27 -10 -7
right_child=1 3 4 5 25 29 7 8 23 10 20 12 -14 -15 17 -17 -18 19 -20 -21 24 -23 -24 -25 -26 26 -28 -29 -30 -31
leaf_value=0.0011841668258293573 0.0025912141609286902 0.009041505203406526 0.0099734406096200195 -0.00013557574442271049 0.0012007366637956413 0.020091308948280678 -0.010433824943387794 0 -0.0040692017639783855 0.0061934628408426215 0.015742127615874294 -0.01886320686912929 -0.00087194464958238055 0.00047508331951050259 -0.0038256353891481885 9.1389815413769548e-05 -0.0052997054194192051 0.0013521396876522143 -0.00027919268929742919 -0.00031595658604560803 -0.014451051866131354 -0.00070125454066787744 0.001104394935394366 0.024856469571642965 -0.0031250748788067806 -0.0025881525742419572 0.018292397255625793 0.0074867557229810946 0.011398337593959917 0.0011166728191310538
leaf_weight=35442 427 1001 1297 177 8073 625 308 390 122 833 146 330 408 1630 8197 2956 198 19500 13702 153677 257 6088 3307 206 11310 476 235 791 552 140
leaf_count=35442 427 1001 1297 177 8073 625 308 390 122 833 146 330 408 1630 8197 2956 198 19500 13702 153677 257 6088 3307 206 11310 476 235 791 552 140
internal_value=3.64124e-05 0.00305409 -7.30115e-05 0.00660343 -0.000270067 0.0136287 0.000893645 0.002353 0.0087515 -0.000372533 -0.001919 -0.0049089 -0.00959804 0.00389108 -0.000226425 0.00274025 0.00770936 -0.000295927 -0.00162263 -0.00012626 -0.00232199 -0.000219071 0 0.012844 -0.00342712 0.0020292 0.00621064 0.00348721 0.00812972 0.0171179
internal_weight=272801 9623 263178 3573 227736 942 6050 4885 1270 218161 18634 1165 738 2631 199527 4451 1495 195076 21899 173177 17801 6234 3615 880 11567 9575 1502 1267 674 765
internal_count=272801 9623 263178 3573 227736 942 6050 4885 1270 218161 18634 1165 738 2631 199527 4451 1495 195076 21899 173177 17801 6234 3615 880 11567 9575 1502 1267 674 765
is_linear=0
shrinkage=0.03


Tree=7
num_leaves=31
num_cat=0
split_feature=16 29 22 40 41 115 50 41 1 46 12 42 3 42 33 6 76 76 78 44 55 25 30 36 84 140 10 23 13 81
split_gain=111.555 73.1641 80.5173 72.5029 83.9625 65.9256 72.783 64.2354 111.605 59.8876 58.8016 55.9781 49.6347 48.2952 47.8882 47.6203 50.2741 46.457 46.167 43.8526 43.5469 40.7418 40.6987 40.5882 39.1414 38.7936 38.119 37.7134 37.4225 69.2608
threshold=1.2394970059394839 -0.001253698661457747 1.092613756656647 -0.028458484448492524 -0.039029836654663079 0.74207225441932689 0.86872366070747387 -0.030035963281989094 0.018348633311688903 1.1140133738517763 0.98570287227630626 0.065921377390623107 0.015890445560216907 -0.10349908098578452 0.74581253528594982 0.064515102654695525 0.15000000596046451 0.083333335816860213 0.70000001788139354 1.0666666626930239 1.0997244715690615 0.020552018657326702 -0.01239182101562619 0.8265923559665681 -0.55000001192092884 0.79211232066154491 1.0230359435081484 0.022786561399698261 1.1147735714912417 0.51666668057441723
decision_type=10 8 10 10 10 10 10 10 10 10 10 10 10 10 10 10 2 2 10 10 10 10 10 10 2 10 10 10 10 2
left_child=1 7 3 9 21 6 -6 18 17 12 -7 13 14 27 -3 -4 24 -9 19 -1 -21 -5 -2 28 -17 -25 -15 -10 -20 -30
right_child=22 2 15 4 5 10 -8 8 11 -11 -12 -13 -14 26 -16 16 -18 -19 23 20 -22 -23 -24 25 -26 -27 -28 -29 29 -31
leaf_value=0.0014432971289648588 0.011208019208209899 0.0012341951876300959 -0.0015798227369060039 0.00047578260125196044 0.0026851359175285184 -0.0080945331968282023 0.00011450341784108135 0.0015144033417352396 0.011846938985768498 -0.0076457943496368733 -0.0012367838051954572 0.0090314368765888955 0.012444693008152654 -0.002114583850409012 0.0072791842758795208 -0.0058893505687389021 0.00062865970861428059 -0.00065158292383237632 0.0010853725557057297 -0.0068185604286592197 0.00072393967736989926 -0.013410593385310277 0.0032053203151811665 -0.0028443680908274622 0.0094388227723194631 0.010985949343520204 -0.0050001799528620987 -0.0038855629217165013 -0.015347768028875068 1.2241464133184304e-05
leaf_weight=1775 884 4246 893 215 10807 1280 121699 12271 359 393 10170 362 568 33495 1716 123 1205 32312 23164 2058 924 594 2113 198 2212 656 4932 166 339 857
leaf_count=1775 884 4246 893 215 10807 1280 121699 12271 359 393 10170 362 568 33495 1716 123 1205 32312 23164 2058 924 594 2113 198 2212 656 4932 166 339 857
internal_value=-1.15268e-05 -7.67229e-05 0.000343764 0.000224924 7.91601e-05 0.000136019 0.000326798 -0.000655834 -0.00108282 0.00322073 -0.00204235 -0.00224777 0.00394187 -0.00236487 0.00304275 0.0043236 0.00589758 -4.82803e-05 0.00052935 -0.00215509 -0.00439226 -0.00943582 0.0057239 0.00104901 0.00846084 0.00744443 -0.00249515 0.00636197 0.000806569 -0.00427559
internal_weight=272986 269989 156121 151688 144765 143956 132506 113868 83897 6923 11450 39314 6530 38952 5962 4433 3540 44583 29971 4757 2982 809 2997 25214 2335 854 38427 525 24360 1196
internal_count=272986 269989 156121 151688 144765 143956 132506 113868 83897 6923 11450 39314 6530 38952 5962 4433 3540 44583 29971 4757 2982 809 2997 25214 2335 854 38427 525 24360 1196
is_linear=0
shrinkage=0.03


Tree=8
num_leaves=31
num_cat=0
split_feature=16 46 27 86 35 13 40 25 125 86 67 53 34 53 49 38 33 36 98 24 84 41 61 72 115 20 1 4 36 33
split_gain=118.653 67.3685 61.3796 71.0049 71.1087 67.3937 58.2219 64.1284 52.9814 61.273 57.3287 47.8917 45.2823 44.6297 38.9342 52.6345 53.6069 44.951 43.5879 40.2312 38.6543 50.3738 43.1759 39.5795 47.2296 36.4677 35.3016 32.2432 31.9583 30.9378
threshold=1.2206377983093264 1.0748502612113955 0.090825200080871596 -0.58333334326744068 0.80519810318946849 0.96443602442741405 -0.030343431979417797 0.013636420015245678 -0.44852939248085016 -0.81666666269302357 0.1157280206680298 0.98206180334091198 0.88303968310356151 0.99357688426971447 0.97846159338951122 -0.00019804034673143176 0.57761007547378551 0.80461445450782787 0.36666667461395269 0.042756585404276855 0.84999999403953563 0.049065001308918006 0.85450080037117015 0.3982303142547608 0.78143301606178295 1.0950385928153994 0.053465308621525771 0.13482959568500522 0.64877736568450939 0.88617849349975597
decision_type=10 8 10 2 10 8 8 10 10 2 10 10 10 10 10 10 10 10 2 10 2 8 10 10 10 10 8 10 10 10
left_child=1 6 5 4 11 -3 -1 -8 26 10 -10 -4 14 -11 17 16 25 -2 -18 -19 21 22 -9 -22 -25 -16 -7 -23 -14 -13
right_child=12 2 3 -5 -6 8 7 20 9 13 -12 29 28 -15 15 -17 18 19 -20 -21 23 27 -24 24 -26 -27 -28 -29 -30 -31
leaf_value=0.002986471215929903 0.0019493757363922156 -0.004563902307248676 -0.0029362852828821442 -0.00026725134885268728 -0.003463212414170479 0.00077076997950433076 0.0012235192755738909 0.0029840904304831647 -0.0035617082784518217 -0.0042782777914390502 0.00044712442514806597 0.010734615022770263 0 -0.00035574573342873157 -0.015311678491783578 -0.0098866990218389652 0.0019941447899734089 0.0025476985215209425 0.018304602090687471 0.016151107912516158 -0.0056607170295509919 -0.00050224703074950206 -0.00031749284573567046 0.0027922558826492276 -0.0023809041923978543 0.0035306357316273662 0.0091713775340360754 -0.0057546349212076187 0.017123062391491976 0
leaf_weight=7019 1181 4290 285 5291 595 11612 40620 3666 12999 2738 4087 1847 105 57544 173 352 517 394 225 570 622 2072 99233 9285 1837 127 459 2456 410 330
leaf_count=7019 1181 4290 285 5291 595 11612 40620 3666 12999 2738 4087 1847 105 57544 173 352 517 394 225 570 622 2072 99233 9285 1837 127 459 2456 410 330
internal_value=1.89019e-05 -5.69809e-05 -0.000664884 0.00178541 0.00541425 -0.000886654 0.000313253 0.000193593 -0.000705938 -0.000996423 -0.00258585 0.00769119 0.00510113 -0.000540241 0.00372762 0 0.00321971 0.00624716 0.00768436 0.0110609 -0.000155092 -0.000336091 -0.000196395 0.00147283 0.00190815 -0.00667547 0.00112966 -0.0034299 0.0134868 0.00923309
internal_weight=272941 268887 102077 8348 3057 93729 166810 159791 89439 77368 17086 2462 4054 60282 3539 1394 1042 2145 742 964 119171 107427 102899 11744 11122 300 12071 4528 515 2177
internal_count=272941 268887 102077 8348 3057 93729 166810 159791 89439 77368 17086 2462 4054 60282 3539 1394 1042 2145 742 964 119171 107427 102899 11744 11122 300 12071 4528 515 2177
is_linear=0
shrinkage=0.03


Tree=9
num_leaves=31
num_cat=0
split_feature=22 26 36 1 37 27 33 15 42 86 1 123 1 38 93 25 25 14 15 36 85 40 24 68 123 141 122 82 58 110
split_gain=81.7244 64.518 63.7847 75.3832 70.9605 62.7614 58.0873 55.6131 55.349 56.6454 56.5575 49.8987 43.5017 39.2915 39.2432 40.7141 39.9364 36.0487 40.1779 33.6041 40.934 33.5484 43.6635 33.2142 32.4233 30.6324 28.4496 26.5058 24.1401 23.8896
threshold=1.1661723852157595 0.018406318500638012 0.79826858639717113 0.064701750874519362 0.82884052395820629 0.075317058712244048 0.26178121566772466 1.1821399927139284 0.10417669266462327 -0.81666666269302357 0.018544884398579601 0.4000000804662705 0.012958961073309185 -0.0052254390902817241 0.8090224862098695 0.038166018202900893 0.10755652561783792 0.87782910466194164 0.88770312070846569 0.86652216315269481 0.82500001788139354 -0.045480052009224885 0.034564550966024406 0.06451632454991342 0.10526307299733163 0.89661994576454174 0.6606060564517976 0.25833334028720861 0.95872631669044506 -0.35147058963775629
decision_type=10 10 10 10 10 10 8 10 10 2 10 10 10 10 10 10 10 8 10 10 2 10 10 10 8 10 10 2 10 2
left_child=1 24 -2 4 13 6 12 -6 9 10 -8 -11 -3 25 16 28 21 -14 -19 20 -10 22 -7 -23 -1 -4 -5 -26 -16 -9
right_child=2 5 3 26 7 14 8 29 19 11 -12 -13 17 -15 15 -17 -18 18 -20 -21 -22 23 -24 -25 27 -27 -28 -29 -30 -31
leaf_value=0.00019301173163914417 0.00030685219770544358 0.00033189211494936125 0.0010353770954534412 0.0061811797177186234 0.0049032991260892769 0.0081250219334720718 0.00015567074110457984 -0.012102074131007836 -0.002178295221789135 0.00059837763104109837 -0.0033152156937235767 -0.00074135214166889843 0.010396971126885287 0.0047297731487146522 -0.0065796841145932391 0.007947818677545548 -0.0092556782291262994 -0.0053623083425017757 -0.0016017239603406577 0.0052665069633955827 -0.012799664142443736 -0.0048152010449851413 0 0.00067084145922374446 0.00064377826777641499 0.024363757989817082 0.024233894896932649 0.0026394622618814835 0.0027876989912270912 0
leaf_weight=33284 2701 10585 100 205 745 1207 7546 343 819 73818 9141 37715 190 558 298 1416 338 2815 38551 181 651 1014 1198 20878 12731 240 276 12232 1032 176
leaf_count=33284 2701 10585 100 205 745 1207 7546 343 819 73818 9141 37715 190 558 298 1416 338 2815 38551 181 651 1014 1198 20878 12731 240 276 12232 1032 176
internal_value=7.33345e-06 -6.50426e-05 0.00367475 0.00697575 0.00431367 -0.000311752 -0.000514314 -6.2472e-05 -0.000172009 -9.89145e-05 -0.00172939 0.000142606 -0.00136077 0.0106674 0.0010232 0.00443 0.000627998 -0.00179909 -0.00186735 -0.0056 -0.00719206 0.000785328 0.00414701 0.000398883 0.00081651 0.0187745 0.0176926 0.00163501 0.000400237 -0.00766463
internal_weight=272984 267640 5344 2643 2162 209393 182012 1264 129871 128220 16687 111533 52141 898 27381 2746 24635 41556 41366 1651 1470 24297 2405 21892 58247 340 481 24963 1330 519
internal_count=272984 267640 5344 2643 2162 209393 182012 1264 129871 128220 16687 111533 52141 898 27381 2746 24635 41556 41366 1651 1470 24297 2405 21892 58247 340 481 24963 1330 519
is_linear=0
shrinkage=0.03


Tree=10
num_leaves=31
num_cat=0
split_feature=16 25 86 55 14 49 53 19 18 18 33 80 7 33 17 72 3 0 86 139 36 1 138 45 38 115 96 37 13 10
split_gain=101.185 72.5869 56.6584 61.8998 90.9931 66.8105 74.4312 63.6624 61.2238 77.741 58.0225 88.3817 50.748 41.1513 41.6419 39.7594 38.3188 63.3795 53.1123 38.2448 38.0425 43.5967 42.5587 37.7992 35.2662 34.9827 33.9348 28.3167 27.257 24.6144
threshold=1.2206377983093264 0.012410786934196951 0.68333333730697643 0.93731585144996654 0.89384698867797863 0.8330044448375703 0.98301157355308544 0.95909300446510326 1.0271549224853518 1.056722164154053 0.86280933022499096 0.27500000596046453 0.024474009871482853 0.96268773078918468 1.2522040009498598 0.72410574555397045 0.017324396409094337 0.026838989928364757 0.75000000000000011 1.1721019744873049 0.69349604845047008 0.055469902232289321 0.65134173631668102 1.0797011256217959 -0.0080537144094705564 0.31111119687557226 0.035568663850426681 0.65855157375335704 0.91056081652641307 1.0176715254783633
decision_type=10 8 2 8 8 8 10 10 10 10 10 2 10 10 8 10 10 10 2 10 10 10 10 10 10 10 10 10 8 10
left_child=1 27 3 24 10 6 -6 -7 16 15 11 -5 -12 14 -2 -10 19 18 -18 23 -16 22 -22 -4 -3 -24 -17 29 -26 -1
right_child=13 2 8 4 5 7 -8 -9 9 -11 12 -13 -14 -15 20 26 17 -19 -20 -21 21 -23 25 -25 28 -27 -28 -29 -30 -31
leaf_value=0.00089359347079106394 0.0013636022553239052 0.0026558410388423837 0.0010467814441834629 -0.0015557501459383827 -0.0055628956715368851 -0.0036745485020095534 0.016118687182616564 -0.00045070809718989038 0.0046556379534928062 -0.011593876543244527 -0.0099074787742932102 0.012952051034115611 0.011036329542960417 -0.0069346009900327771 0.0012139573583659841 0 -0.0041205108255155448 -0.012190150629619464 0.0091704969267521735 -0.0015992471275347224 -0.0030146764627387449 0.018296547830632118 0.0042860953755279284 -0.0055025624285182017 -0.018631557294463908 0.01748932989531788 0.020052267802807573 0.002663888576576773 -0.0031573228922340719 -0.0034550702089883004
leaf_weight=23391 1537 128 24946 503 173 5692 421 189593 1079 166 322 1142 121 220 640 130 290 150 1355 7468 259 482 574 787 310 339 370 8978 241 1190
leaf_count=23391 1537 128 24946 503 173 5692 421 189593 1079 166 322 1142 121 220 640 130 290 150 1355 7468 259 482 574 787 310 339 370 8978 241 1190
internal_value=-1.87196e-05 -9.08634e-05 -0.000278021 -0.000479143 -0.00044604 -0.000514114 0.00933991 -0.000546577 0.000800885 0.00626819 0.00574212 0.00837035 -0.00330936 0.00467414 0.00545124 0.00845517 0.000516277 0.00477121 0.00662587 0.000274471 0.00802489 0.0104351 0.00669758 0.000830714 -0.0094126 0.00977986 0.0155832 0.00121233 -0.0127364 0.000668236
internal_weight=272997 268946 235387 198646 197967 195879 594 195285 36741 1745 2088 1645 443 4051 3831 1579 34996 1795 1645 33201 2294 1654 1172 25733 679 913 500 33559 551 24581
internal_count=272997 268946 235387 198646 197967 195879 594 195285 36741 1745 2088 1645 443 4051 3831 1579 34996 1795 1645 33201 2294 1654 1172 25733 679 913 500 33559 551 24581
is_linear=0
shrinkage=0.03


Tree=11
num_leaves=31
num_cat=0
split_feature=22 25 38 26 28 49 36 86 49 132 43 93 26 18 86 54 24 5 42 24 25 54 149 116 57 0 40 74 140 5
split_gain=109.964 73.6208 55.2013 90.9005 55.7083 58.8063 56.5081 47.1113 49.0627 46.1085 44.1545 43.2707 41.7759 45.4534 40.7901 39.845 38.0405 54.9751 39.3495 34.167 36.9552 33.4628 32.2075 32.194 32.0413 31.847 31.6719 30.3615 28.5745 27.8561
threshold=1.1661723852157595 0.012410786934196951 -0.00081632685032673169 0.069893267005682005 0.027443927712738517 0.81136205792427074 0.28055121004581457 -0.74999999999999989 0.91467267274856578 0.83173328638076793 1.0265486836433413 0.79631781578063976 0.022012331523001197 1.007531523704529 0.91666665673255932 1.0873062014579775 0.030516575090587143 0.017730520106852058 -0.091821700334548936 0.059231083840131767 0.042319050058722503 0.98498362302780162 0.41024617850780493 0.36428558826446539 1.3778617382049563 -1.0000000180025095e-35 0.0027834255015477542 0.35000000894069677 0.76384052634239208 0.0072837122716009626
decision_type=10 10 10 10 10 10 10 2 10 10 10 10 10 10 2 10 10 10 10 10 10 10 10 10 10 10 10 2 10 10
left_child=1 -1 3 14 5 6 -4 8 10 -8 -2 19 -7 -14 16 29 18 -18 -3 20 -5 25 -21 28 27 -16 -23 -9 -17 -10
right_child=7 2 4 11 -6 12 9 24 15 -11 -12 -13 13 -15 21 23 17 -19 -20 22 -22 26 -24 -25 -26 -27 -28 -29 -30 -31
leaf_value=0.0011727721715012612 0.0026382720174068317 0.0064816834992874172 0.027702501264468927 -0.0027568667688095514 -0.01177601685528171 0.00017833878721481791 -0.0086705281529032788 -0.004716146799183028 0.0038837733722331242 0.012160478297462862 0.024034674626353687 0.012300440525075449 -0.001455887697502926 6.4335966355795162e-05 -0.010839217025769066 -0.00017825869221856156 -0.0023250011901812186 0.005077814714924354 3.5109051941178814e-05 -0.013951453304310378 0.0053609401348507111 0.0014002566343532753 0.0011135529702784675 -0.0046284960961417735 0.0065276890730011283 0.0027891165900662124 0.0084042301970689813 0.0048062478641782832 0.0099729943452268616 -0.005687242249597959
leaf_weight=34361 190 842 103 535 394 32170 143 1034 690 192 243 539 69077 23295 245 228 10928 943 87656 170 3151 1360 290 142 536 301 1204 378 1540 424
leaf_count=34361 190 842 103 535 394 32170 143 1034 690 192 243 539 69077 23295 245 228 10928 943 87656 170 3151 1360 290 142 536 301 1204 378 1540 424
internal_value=-3.48043e-05 -0.000121513 -0.000313313 0.000181017 -0.00074214 -0.000703077 0.00998282 0.00419222 0.00629029 0.00243585 0.0158392 0.00425927 -0.000744663 -0.00106933 -1.51402e-06 0.00472937 -0.000109561 -0.00170416 0.000101284 0.00308783 0.00409322 0.00336807 -0.00417828 0.00733878 0.000290378 -0.00296305 0.00484487 -0.00192593 0.00850876 0
internal_weight=273304 267899 233538 108164 125374 124980 438 5405 3457 335 433 4685 124542 92372 103479 3024 100369 11871 88498 4146 3686 3110 460 1910 1948 546 2564 1412 1768 1114
internal_count=273304 267899 233538 108164 125374 124980 438 5405 3457 335 433 4685 124542 92372 103479 3024 100369 11871 88498 4146 3686 3110 460 1910 1948 546 2564 1412 1768 1114
is_linear=0
shrinkage=0.03


Tree=12
num_leaves=31
num_cat=0
split_feature=32 47 42 138 81 38 25 40 12 84 13 1 122 120 4 146 8 29 42 77 77 51 38 2 51 78 7 83 11 31
split_gain=81.6993 67.258 60.2527 59.8626 51.3051 51.4585 44.4236 64.115 68.756 76.8563 54.4662 48.7876 55.1344 45.7428 44.0706 41.9219 40.3323 39.1527 37.7694 36.6357 68.1737 54.1448 43.9812 42.014 35.0307 34.2238 34.1287 32.1592 31.114 30.3293
threshold=-0.0049950752872973672 1.0944131016731264 -0.091821700334548936 0.50348633527755748 0.61666667461395275 -0.02792282588779926 0.021421742625534538 -0.028458484448492524 1.0204320549964907 0.84999999403953563 1.0327028632164004 0.036666689440608032 0.43413670361042028 0.30944025516510015 0.42857222259044653 0.49516095221042639 -0.33333481848239893 -0.015768441371619698 -0.0029584130970761176 0.35833333432674414 0.091666668653488173 0.76602396368980419 -0.01138774026185274 0.5294095277786256 0.9150197207927705 0.70000001788139354 -0.047225514426827424 -0.50000001490116108 0.97266373038291942 0.0062919335905462512
decision_type=8 8 8 8 2 10 10 10 10 2 8 10 8 10 10 10 10 8 8 2 2 8 8 10 10 10 10 10 10 10
left_child=3 6 14 28 -5 -6 11 10 9 29 26 12 16 -11 15 -3 -2 -4 -14 20 21 -19 -21 -24 -22 -12 -8 -28 -1 -9
right_child=1 2 17 4 5 -7 7 8 -10 13 25 -13 18 -15 -16 -17 -18 19 -20 22 24 -23 23 -25 -26 -27 27 -29 -30 -31
leaf_value=0.0039410506028429845 0.0045600717421875958 0.0067256549336201137 0.0061255193475007619 0.00083331127520389721 0.022808276592664063 0.0050475536745516166 0.020205612128518301 -0.0012592743049484947 -0.015612212540126284 0 -0.0086790372272254907 -0.0036489810420393979 -0.00035144406399227688 0.0047479927762642381 -0.0029089895004644328 0.00097099675995095331 0.0014418460582466244 0.0082940543912635445 0.0011385811496369823 -0.0052762635150143218 0.0026518391634926114 -0.001457446679513606 -0.00077458912423631688 -0.003554484238789186 6.1265153355402654e-05 0.00064272031134025821 0.0078454756017681971 0.0018464936791129189 -0.0084742257550346339 0.0014478249131113074
leaf_weight=209 5264 2120 705 3514 146 4298 116 41788 256 3937 380 2125 27764 3495 1114 2766 14644 491 33482 2770 5516 39288 26781 6124 32833 2875 1360 2418 579 3972
leaf_count=209 5264 2120 705 3514 146 4298 116 41788 256 3937 380 2125 27764 3495 1114 2766 14644 491 33482 2770 5516 39288 26781 6124 32833 2875 1360 2418 579 3972
internal_value=-1.68332e-06 -9.72477e-05 -0.000620907 0.00284655 0.00365084 0.00579783 0.000339301 -0.000274969 -0.000636517 -0.000552964 0.00238046 0.000789827 0.000910623 0.00226029 0.00229224 0.00354629 0.00228516 -0.000776544 0.000458333 -0.000823006 -0.000453725 -0.00132544 -0.00162262 -0.00130292 0.000442892 -0.000400287 0.00477171 0.00411493 -0.00479401 -0.00101721
internal_weight=273130 264384 120508 8746 7958 4444 143876 60597 53448 53192 7149 83279 81154 7432 6000 4886 19908 114508 61246 113803 78128 39779 35675 32905 38349 3255 3894 3778 788 45760
internal_count=273130 264384 120508 8746 7958 4444 143876 60597 53448 53192 7149 83279 81154 7432 6000 4886 19908 114508 61246 113803 78128 39779 35675 32905 38349 3255 3894 3778 788 45760
is_linear=0
shrinkage=0.03


Tree=13
num_leaves=31
num_cat=0
split_feature=16 29 115 50 12 33 22 55 26 43 55 1 42 1 41 42 5 24 3 25 5 11 72 13 12 38 35 52 48 36
split_gain=94.9834 58.6214 70.03 77.3448 133.99 83.7213 61.3088 58.6067 54.663 48.9378 52.3947 45.9864 45.1948 59.5513 83.3787 47.1231 46.7761 50.1959 44.8739 39.4224 48.1011 41.167 51.4939 38.6318 48.7145 38.8721 37.7062 40.4252 36.0326 35.1891
threshold=1.2206377983093264 -0.0012057631975039838 0.74207225441932689 0.86872366070747387 1.0082396864891054 0.20727509260177615 1.0944202542304995 0.95988973975181591 0.021392118185758594 1.0021098852157595 0.93731585144996654 0.036224953830242164 -0.091821700334548936 0.018544884398579601 -0.031841535121202462 0.065921377390623107 0.0064220244530588397 0.030200156383216385 0.016334997490048412 0.025901361368596557 0.0095133255235850828 0.97212126851081859 0.7738693654537202 1.1147735714912417 1.005184054374695 0.022298360243439678 0.81460022926330578 0.96378591656684887 0.99737074971199047 0.80461445450782787
decision_type=10 8 10 8 10 10 10 10 10 10 10 10 10 10 10 10 10 10 10 8 10 10 10 10 10 10 10 10 10 10
left_child=1 12 3 4 9 -6 8 -7 11 -3 -11 -5 16 26 23 -16 -1 -18 -10 -4 21 -21 -23 25 -25 -15 -14 -28 -8 -2
right_child=29 2 19 6 5 7 28 -9 18 10 -12 -13 13 14 15 -17 17 -19 -20 20 -22 22 -24 24 -26 -27 27 -29 -30 -31
leaf_value=-0.00039771175426590936 0.0015144541893095458 0.0067581230954788622 0.00071010911056861633 0.001024562802711592 0.00051775609369147479 -0.0026067026812062765 0.0050717028853918553 0.017417406686380955 -0.00053228758112404515 -0.0075873862934303198 0.0012658262194796424 -0.0049099698405545887 -0.00038639030613423652 0.00036268974126654199 -0.0023052089813643322 0.0080497005976227689 0.013665611744657365 0.0026465369572135334 0.0033676054837698329 -0.0093362036496943794 0.00080832755885218595 -0.011387906228397134 -0.0018439475645672455 -0.019789254559186915 0 0.01075909941201595 -0.0018916546723631105 0.0028844696521389259 -0.0050907323029675371 0.0073644596217613892
leaf_weight=2644 2015 1362 3383 50187 574 116 3270 1024 72527 617 9357 1168 45320 15621 38518 368 506 1703 2720 1245 2044 582 4455 171 241 314 1991 6760 302 2008
leaf_count=2644 2015 1362 3383 50187 574 116 3270 1024 72527 617 9357 1168 45320 15621 38518 368 506 1703 2720 1245 2044 582 4455 171 241 314 1991 6760 302 2008
internal_value=-3.19274e-05 -0.000101585 0.000277153 0.000461299 0.00266358 0.0104595 0.000237839 0.0151114 0.000125717 0.00144208 0.000674053 0.000881892 -0.00061819 -0.000746146 -0.00143893 -0.00219542 0.00219343 0.00540516 -0.000386473 -0.00194668 -0.00306124 -0.00436647 -0.0030467 0.000342732 -0.00846498 0.000599584 -3.26552e-05 0.00176178 0.00410543 0.00453056
internal_weight=273113 269090 154933 143224 13050 1714 130174 1140 126602 11336 9974 51355 114157 109304 55233 38886 4853 2209 75247 11709 8326 6282 5037 16347 412 15935 54071 8751 3572 4023
internal_count=273113 269090 154933 143224 13050 1714 130174 1140 126602 11336 9974 51355 114157 109304 55233 38886 4853 2209 75247 11709 8326 6282 5037 16347 412 15935 54071 8751 3572 4023
is_linear=0
shrinkage=0.03


Tree=14
num_leaves=31
num_cat=0
split_feature=16 29 57 42 115 120 50 10 33 26 35 10 9 35 17 78 45 52 61 9 15 23 36 140 17 86 97 54 112 23
split_gain=96.8401 54.6125 65.9359 60.4729 59.7769 54.385 83.7322 80.7603 61.3254 52.4778 57.3094 54.676 50.07 49.446 52.6583 63.8329 74.6212 45.9628 63.1632 45.3715 45.0896 40.303 48.2749 54.489 39.4638 38.5598 37.2441 35.6198 29.9109 29.548
threshold=1.2206377983093264 -0.00053336820565164078 1.1707749962806704 0.067746125161647811 0.63013699650764476 0.25574485957622534 0.87112483382225048 1.0226897597312929 0.21852251887321475 0.021769763901829723 0.47288516163825994 1.0311891436576845 0.98481673002243053 0.82754081487655651 1.0601355433464053 0.5000000149011613 1.0619850158691408 0.97684207558631908 1.060475289821625 0.97113367915153515 0.9279364049434663 0.017193889245390895 0.80461445450782787 0.76384052634239208 1.3258052468299868 -0.516666680574417 0.01513184327632189 0.97888773679733287 -0.11715686321258544 0.025815514847636226
decision_type=10 8 10 10 10 8 8 10 10 10 10 10 10 10 10 10 10 10 10 10 8 10 10 10 10 2 10 10 2 8
left_child=1 3 5 13 -5 19 7 12 -9 11 -11 -8 -7 14 15 16 -1 18 -15 -3 28 -2 -23 -24 29 27 -22 -4 -16 -19
right_child=21 2 25 4 -6 6 9 8 -10 10 -12 -13 -14 17 20 -17 -18 24 -20 -21 26 22 23 -25 -26 -27 -28 -29 -30 -31
leaf_value=-0.0003240584176304561 -0.0017183044956555599 -0.0071651974301378471 -0.0031733790339996248 0 0.017753359978389064 0.0042125180544202098 0.0010618162587891309 0 0.010809725781647309 -0.0012176714512693811 0.00055590789076556668 -0.0095039503398286554 -4.6784736535310773e-05 -0.0015588844754718168 0.016714306825521188 0.00026381075991852872 -0.004495847700712978 0.003151539990492047 0.010598327655224473 -0.0010178762109423023 -0.00064301872500821078 0.0021040779991154729 -0.00058609063998777257 0.012158242278283734 -0.010850156074438832 0.00022109136368174965 -0.002472538517373063 0.0078878560650666018 0 -0.0037831665927597832
leaf_weight=10893 672 1225 246 319 304 3926 45750 698 1685 34089 31302 420 6337 6512 175 53051 6112 8561 385 10145 18165 1694 327 1374 170 1484 23915 2127 213 536
leaf_count=10893 672 1225 246 319 304 3926 45750 698 1685 34089 31302 420 6337 6512 175 53051 6112 8561 385 10145 18165 1694 327 1374 170 1484 23915 2127 213 536
internal_value=3.14547e-05 -3.71353e-05 0.00037347 -0.000482194 0.00866875 0.00026076 0.000444555 0.00275774 0.00774212 0.000179208 -0.00036418 0.000955133 0.00155842 -0.000530166 -0.000754591 -0.000244082 -0.00184464 0.00101261 -0.000808199 -0.00171794 -0.00158916 0.00461525 0.00595947 0.00955562 0.00239888 0.00423617 -0.00169058 0.00659888 0.00821837 0.00270264
internal_weight=272812 268745 139434 129311 623 135577 124207 12646 2383 111561 65391 46170 10263 128688 112524 70056 17005 16164 6897 11370 42468 4067 3395 1701 9267 3857 42080 2373 388 9097
internal_count=272812 268745 139434 129311 623 135577 124207 12646 2383 111561 65391 46170 10263 128688 112524 70056 17005 16164 6897 11370 42468 4067 3395 1701 9267 3857 42080 2373 388 9097
is_linear=0
shrinkage=0.03


Tree=15
num_leaves=31
num_cat=0
split_feature=16 26 0 50 35 39 38 138 43 13 42 34 16 20 115 1 26 82 42 24 29 22 140 36 38 1 114 93 39 41
split_gain=76.2125 57.2026 50.5991 122.418 57.5204 55.704 56.8268 71.5897 49.7875 48.1742 58.4055 44.5183 48.8589 45.7914 44.5616 43.0181 41.7677 39.6721 39.0633 36.4261 34.521 32.9232 35.7576 34.4665 33.7632 37.7334 32.8392 31.5215 74.5015 31.0052
threshold=1.2394970059394839 0.021769763901829723 -0.0073067413177341214 0.87559667229652416 0.86066958308219921 0.022993783466517929 -0.0083671929314732534 0.8495805859565736 1.0105710029602053 1.1147735714912417 -0.10349908098578452 0.41535013914108282 1.123005270957947 0.96229061484336864 0.23076934367418292 0.036224953830242164 0.065034933388233199 0.058333335444331176 -0.091821700334548936 0.051143486052751548 -0.003308762214146554 1.1300894618034365 0.72613099217414867 0.78500786423683178 -0.0025771305663511153 0.060804652050137527 0.24347841739654544 0.33542840182781225 -0.012462081387639044 0.0098216966725885885
decision_type=10 10 10 10 10 10 8 10 8 10 10 10 10 10 10 10 10 2 10 10 10 10 10 10 10 10 10 10 10 10
left_child=1 8 3 4 27 6 7 -5 -1 11 -11 12 13 -4 26 -10 -7 -16 -8 29 -14 -2 -23 -24 -25 -26 -13 -3 -29 -6
right_child=21 2 9 5 19 16 18 -9 15 10 -12 14 20 -15 17 -17 -18 -19 -20 -21 -22 22 23 24 25 -27 -28 28 -30 -31
leaf_value=0.001523391291091563 -0.0055481721134856346 0.00399936804397206 0.0023149688305477084 -0.0033036566858812137 0.0057476449414442278 -0.017327664251794519 0.0052339709642157117 0.00049191901055709595 0.0001790788449147084 0 -0.021121882449908744 0.00082615765849167351 -0.0019034283705507452 -0.00057354824053549712 0.00052491504461654238 -0.0049874130309201566 0.0010455868323333561 -0.0015493747584090208 0.00055536439813193359 -0.013192233746778614 0.0045248603974865432 -0.0043703493026309992 0.002735052235063594 0.015630767449488742 2.9784331010726604e-06 0.01542327183251142 0.0096827512935002361 0.017089898888461807 0.0036136352884191068 -0.0042963182384434641
leaf_weight=32296 214 1949 5503 8412 638 271 1699 9271 53484 195 209 1798 883 45143 9371 1470 130 60464 31021 157 3327 241 1226 600 523 200 494 744 879 432
leaf_count=32296 214 1949 5503 8412 638 271 1699 9271 53484 195 209 1798 883 45143 9371 1470 130 60464 31021 157 3327 241 1226 600 523 200 494 744 879 432
internal_value=9.89193e-06 -4.20027e-05 -0.000344417 0.000407202 0.00497719 -2.03696e-05 6.44596e-05 -0.00129842 0.000588749 -0.000674858 -0.0108158 -0.000638534 1.51717e-07 -0.000252982 -0.00112831 3.36557e-05 -0.010892 -0.00126667 0.000810515 -0.000396961 0.00310305 0.00474694 0.00567723 0.00677061 0.0101905 0.00497273 0.00293205 0.00689869 0.0101067 0.00141286
internal_weight=273244 270240 182990 55603 4799 50804 50403 17683 87250 127387 404 126983 54856 50646 72127 54954 401 69835 32720 1227 4210 3004 2790 2549 1323 723 2292 3572 1623 1070
internal_count=273244 270240 182990 55603 4799 50804 50403 17683 87250 127387 404 126983 54856 50646 72127 54954 401 69835 32720 1227 4210 3004 2790 2549 1323 723 2292 3572 1623 1070
is_linear=0
shrinkage=0.03


Tree=16
num_leaves=31
num_cat=0
split_feature=32 138 137 38 1 38 26 26 78 55 115 21 44 33 30 122 120 84 32 89 102 18 11 14 37 34 69 38 119 14
split_gain=77.2598 60.4103 63.7861 71.7347 58.5076 50.6294 76.0223 62.5002 49.941 79.4699 69.5067 61.4738 46.2705 63.1577 56.512 45.8773 73.3408 72.5501 58.8749 44.2486 44.111 52.6673 42.3802 55.7521 42.1902 41.9106 54.8815 44.1168 39.9721 39.9427
threshold=-0.0049950752872973672 0.66711628437042247 0.98083889484405529 -0.02034240402281284 0.064701750874519362 -0.00081632685032673169 0.022390120662748817 0.068551946431398406 0.30000000447034841 0.99129727482795726 0.74840733408927929 0.91787809133529674 1.0380771160125735 0.36764404177665716 0.0023814630694687371 0.33376622200012213 0.30944025516510015 0.65000000596046459 0.0030846828594803814 0.17102021723985675 0.54465711116790783 0.96858155727386486 0.98273876309394848 1.0027188658714297 0.2565379291772843 0.10913672670722009 0.2499995902180672 0.01364605547860265 0.78688517212867748 0.87782910466194164
decision_type=10 8 8 10 10 10 10 10 10 10 10 10 10 8 10 10 10 2 10 10 2 10 10 8 10 10 10 10 10 8
left_child=1 4 3 -3 -1 7 -7 12 19 10 11 -10 -2 22 24 -9 18 -18 -17 29 21 -21 23 -14 -15 27 -27 -11 -24 -8
right_child=5 2 -4 -5 -6 6 8 15 9 25 -12 -13 13 14 -16 16 17 -19 -20 20 -22 -23 28 -25 -26 26 -28 -29 -30 -31
leaf_value=-0.0037538223991078223 0.00071555700647248641 0.021164737841584912 0.00054097795178747153 0.0051369674210453818 0.011122721219173726 0.00045352229736435253 0.0088511208976356538 -0.0026057886479832972 0.0093397411355682705 -2.7777641746268511e-05 -0.0033450491580868571 0.001983132764941737 -0.0040867867579978262 -0.00189362786521212 0.0034403961253199949 0.020041926798639597 0.0043490778597110981 -0.0095615841954427416 0.0019295048458173427 -0.010446302487208747 -0.00032104373115047211 -0.0036606834680565884 -0.0028959253664777012 0.010376032235784621 0.0006031478334435214 -0.00022027634731817654 -0.0022020863661049812 0.0057315628907967228 0.0018330119622631627 -0.0012504013290176507
leaf_weight=1829 67906 268 3100 4045 247 50365 342 833 1312 10921 1605 5303 372 9066 4385 452 3260 346 313 1342 2621 5834 14120 533 18267 22324 29908 1311 1721 8682
leaf_count=1829 67906 268 3100 4045 247 50365 342 833 1312 10921 1605 5303 372 9066 4385 452 3260 346 313 1342 2621 5834 14120 533 18267 22324 29908 1311 1721 8682
internal_value=2.30946e-06 0.00266001 0.00393718 0.00629523 -0.00175146 -9.24743e-05 -0.00047834 0.000355346 -0.000994508 -0.000631878 0.00213119 0.00351119 0.000208462 -0.000495874 0.000282917 0.00356911 0.00482071 0.00288622 0.0132514 -0.00237685 -0.00377971 -0.00499687 -0.00198743 0.00414695 -0.000214811 -0.00098941 -0.00136121 0.000573359 -0.00236159 -0.000815666
internal_weight=272933 9489 7413 4313 2076 263444 141870 121574 91505 72684 8220 6615 116370 48464 31718 5204 4371 3606 765 18821 9797 7176 16746 905 27333 64464 52232 12232 15841 9024
internal_count=272933 9489 7413 4313 2076 263444 141870 121574 91505 72684 8220 6615 116370 48464 31718 5204 4371 3606 765 18821 9797 7176 16746 905 27333 64464 52232 12232 15841 9024
is_linear=0
shrinkage=0.03


Tree=17
num_leaves=31
num_cat=0
split_feature=16 29 22 40 41 60 42 60 41 1 71 33 51 54 34 20 1 15 38 71 115 124 79 45 43 33 6 124 146 113
split_gain=81.1405 48.2307 68.5386 56.9708 73.8659 56.2438 55.0733 54.7528 62.1922 94.6454 53.2335 63.8736 51.2214 48.1224 39.8722 39.4865 40.5199 39.3733 38.5311 42.2627 37.5345 35.3856 35.2582 40.8376 37.548 35.1857 32.9497 33.4338 32.7527 30.9937
threshold=1.2206377983093264 -0.0011563174775801597 1.0944202542304995 -0.030343431979417797 -0.039029836654663079 1.0181221365928652 0.067746125161647811 0.92957946658134472 -0.031841535121202462 0.018348633311688903 0.54929596185684215 0.43357877433300024 0.76602396368980419 1.0409544110298159 0.87956127524375927 0.93896448612213146 0.037599999457597739 0.90722215175628673 -0.0024419323308393355 0.065934121608734145 0.74207225441932689 -0.70212748646736134 0.84999999403953563 1.0735774636268618 1.1307523846626284 0.874626785516739 0.064515102654695525 0.11440974101424219 0.47863480448722845 0.19277103245258334
decision_type=10 8 10 10 10 10 10 10 10 10 10 8 10 10 10 10 10 8 10 10 10 10 2 8 10 10 10 10 10 10
left_child=1 6 3 10 12 26 7 28 22 -10 11 -3 -5 20 18 -12 -17 -8 -2 -20 -6 -16 23 -9 -24 -11 -4 -28 -1 -15
right_child=14 2 5 4 13 -7 17 8 9 25 15 -13 -14 29 21 16 -18 -19 19 -21 -22 -23 24 -25 -26 -27 27 -29 -30 -31
leaf_value=0.0052771070847461975 0.0060073360396756328 -0.014193776407289275 -0.00024869707973463131 -0.022173105599906515 0.00031966412671525807 -0.010280690282816068 0.020351900452509016 0.0028142182876352792 3.6286983476695757e-05 -0.0016221618348793287 -0.0039964582068537629 0.001130128267832025 -0.0039133345920784879 -0.00045157441777471255 0.0025003220897396 0.0036318316013709954 0.010709410922468772 0.0013774953571658941 -0.0080913662374395377 0.0024707717292708916 -0.0014611359023839474 0.019217457528016842 0.0015619715908106319 -0.0033002549234321349 -0.0043328134927997529 -0.0045577016483777906 0.0083392099848858779 0.000558312657476681 -0.0094135371027387459 -0.015758644699927701
leaf_weight=119 1753 271 720 184 131021 196 171 1309 46806 35879 361 1396 670 284 274 2808 1114 290 441 1272 11536 276 21119 3427 976 4253 2242 750 916 260
leaf_count=119 1753 271 720 184 131021 196 171 1309 46806 35879 361 1396 670 284 274 2808 1114 290 441 1272 11536 276 21119 3427 976 4253 2242 750 916 260
internal_value=2.31134e-05 -3.91084e-05 0.00030736 0.000202725 8.14795e-05 0.00422315 -0.000504021 -0.000548842 -0.000482847 -0.000874099 0.0030758 -0.00132195 -0.00860814 0.000136629 0.00424593 0.00485537 0.00576238 0.00959301 0.00290107 -0.000137266 0.000173269 0.0117955 0.000773422 -0.00154245 0.00128433 -0.00194284 0.00512035 0.00650504 -0.00737209 -0.00859876
internal_weight=273094 269078 153813 149905 143955 3908 115265 114804 113769 86938 5950 1667 854 143101 4016 4283 3922 461 3466 1713 142557 550 26831 4736 22095 40132 3712 2992 1035 544
internal_count=273094 269078 153813 149905 143955 3908 115265 114804 113769 86938 5950 1667 854 143101 4016 4283 3922 461 3466 1713 142557 550 26831 4736 22095 40132 3712 2992 1035 544
is_linear=0
shrinkage=0.03


Tree=18
num_leaves=31
num_cat=0
split_feature=16 47 9 137 27 11 142 86 35 84 34 17 35 48 86 1 40 24 61 33 17 1 100 138 27 69 42 54 84 12
split_gain=65.3173 48.6198 49.0244 45.8558 43.1383 66.8323 58.2023 50.2989 81.5419 43.5936 38.994 36.5124 35.5393 47.123 39.4736 39.6688 36.7367 34.6663 42.8912 34.3595 39.9528 37.5998 36.4128 35.2516 31.9611 79.0457 65.5663 43.5076 42.9528 58.7904
threshold=1.2206377983093264 1.0944131016731264 0.96343693137168895 0.58506944775581371 0.082353774458169951 0.97153580188751232 1.2913700938224795 -0.58333334326744068 0.13202194124460223 0.75000000000000011 0.82495227456092846 0.75055271387100231 0.80202254652977001 0.96862152218818676 -0.81666666269302357 0.017797594889998439 -0.02971203904598951 0.036824531853199012 0.90884834527969371 0.97387737035751354 1.2522040009498598 0.064701750874519362 0.39444445073604589 0.64176785945892345 0.067807160317897811 0.27631631493568426 0.12005405128002168 0.97059071063995372 0.75000000000000011 1.013124465942383
decision_type=10 10 8 10 10 10 8 2 10 2 10 10 10 10 2 10 8 10 10 10 8 10 2 10 10 10 10 10 2 10
left_child=1 2 10 4 12 6 -6 8 -7 -9 11 17 14 -14 15 -3 -16 18 -1 20 -2 23 -23 -22 26 -26 28 -28 -4 -30
right_child=19 3 24 -5 5 7 -8 9 -10 -11 -12 -13 13 -15 16 -17 -18 -19 -20 -21 21 22 -24 -25 25 -27 27 -29 29 -31
leaf_value=0.015438756743992707 0.00050342677347685414 -0.00051297301919957542 0.00011172856814100348 0.0005005132618599549 0.0081401411775791355 0.011599246849360435 -0.00334646589559087 -0.00092721425286954279 0 -0.0091255934274425167 -0.012997479084777096 -0.0048590362111301886 -0.0034262367455036619 0.0012924579446033193 0.0010694563456674934 -0.0039644104766446012 -0.0012321812373788856 -0.0051972647496403143 -0.00090695958314541752 -0.01009902644335859 -0.0035651829079344321 0.019458371526264444 0.0015294834392982613 0.0065192108608843405 0.0098624941463948089 0.0011361526273326169 -0.022397098075794545 0 0.0018978125356164963 -0.0095506440617609753
leaf_weight=273 1600 4887 111884 33382 1758 688 457 3863 2484 697 345 1453 2294 10399 7032 8759 47396 242 218 123 341 356 198 1443 1030 10047 170 105 18986 385
leaf_count=273 1600 4887 111884 33382 1758 688 457 3863 2484 697 345 1453 2294 10399 7032 8759 47396 242 218 123 341 356 198 1443 1030 10047 170 105 18986 385
internal_value=4.86052e-05 -7.38042e-06 0.000364241 -0.000444421 -0.000795489 0.00105231 0.00562725 -0.000230722 0.00261744 -0.00228022 -0.00374576 -0.00204503 -0.00102697 0.000412004 -0.00129973 -0.00275287 -0.00092902 0.00311556 0.00784286 0.00381567 0.00437491 0.00687038 0.0138498 0.00440719 0.000439804 0.00199092 0.000306611 -0.0137967 0.000340542 0.00164519
internal_weight=273295 269234 145138 124096 90714 9947 2215 7732 3172 4560 2531 2186 80767 12693 68074 13646 54428 733 491 4061 3938 2338 554 1784 142607 11077 131530 275 131255 19371
internal_count=273295 269234 145138 124096 90714 9947 2215 7732 3172 4560 2531 2186 80767 12693 68074 13646 54428 733 491 4061 3938 2338 554 1784 142607 11077 131530 275 131255 19371
is_linear=0
shrinkage=0.03


Tree=19
num_leaves=31
num_cat=0
split_feature=16 26 37 40 2 29 35 49 40 52 140 127 44 25 29 32 113 84 34 67 14 117 56 33 62 34 93 27 48 49
split_gain=65.3202 54.0858 44.6412 62.7139 55.6686 52.6756 51.1747 93.8921 73.8298 62.6941 54.647 53.3991 49.8924 45.2938 65.7011 40.3597 40.0146 38.847 38.6192 34.4665 33.5441 33.2154 32.5112 31.6226 33.9924 28.417 26.6593 25.8996 25.8422 22.4981
threshold=1.2394970059394839 0.019809450022876266 0.73783451318740856 -0.056817302480339997 0.90476143360137951 -0.0039488547481596461 0.54433420300483715 0.87457564473152172 0.031416650861501701 0.80540287494659435 1.3533244729042055 -0.052631461992859833 1.1304935812950136 0.041887732222676284 0.0084611950442194956 -0.0034855571575462814 0.58974376320838939 0.75000000000000011 0.22109007090330127 0.053812742233276374 0.98507466912269603 0.33217075467109686 1.1347715854644778 0.97387737035751354 1.0852662920951845 0.51552367210388195 -0.15609968453645703 0.040883250534534461 0.91444790363311779 0.87900975346565258
decision_type=10 10 10 10 10 10 10 10 10 10 10 10 10 10 10 10 10 2 10 10 10 10 10 10 10 10 10 10 10 10
left_child=1 16 6 12 5 21 7 10 13 18 11 -3 26 17 -15 -6 -1 -8 -9 -11 -7 -5 27 24 25 -2 -4 -10 -26 -17
right_child=23 2 3 4 15 20 8 9 22 19 -12 -13 -14 14 -16 29 -18 -19 -20 -21 -22 -23 -24 -25 28 -27 -28 -29 -30 -31
leaf_value=9.4503177197317677e-05 0.0040854846512585847 0.0012095989660044167 0.0057556688325914101 0.0016957816439579756 0.011117896145314478 -0.00030676332403674643 -0.00047473374264389985 -0.00067022844512128297 -0.0005801553912303148 -0.0030825616530181375 -0.0031996350461466995 0.013530253795618744 0 0.0026403981248778827 -0.0022054151179503934 -0.0063173011787068991 0.0015868520734760856 0.001960485201460309 -0.0061636274532802767 -0.00080903591763694651 0.0015656480123846521 -0.0023269825406134793 0.0010074914180051703 -0.0099435603000284714 0.017042136760482694 -0.0059995875920945572 0.019441361341272088 -0.0061100069195027772 0.0056837840490355559 0.0035709989955331105
leaf_weight=44146 721 623 413 2147 662 16092 47033 1870 1191 6782 436 788 491 12534 3067 209 25938 6698 3676 61601 17962 10287 1066 102 238 353 291 3018 1615 1313
leaf_count=44146 721 623 413 2147 662 16092 47033 1870 1191 6782 436 788 491 12534 3067 209 25938 6698 3676 61601 17962 10287 1066 102 238 353 291 3018 1615 1313
internal_value=-1.40396e-05 -6.43765e-05 -0.000316422 0.000457955 0.00028336 5.59358e-05 -0.000575227 -0.0011243 -1.33772e-05 -0.00129506 0.00549073 0.00839288 0.00720056 0.000243285 0.00166695 0.00494369 0.000651394 -0.000164966 -0.00437433 -0.00103974 0.000672387 -0.00160667 -0.00343166 0.00435101 0.00501505 0.000447439 0.0122078 -0.00462633 0.00746922 0.00195427
internal_weight=273363 270334 200250 49867 48672 46488 150383 75776 74607 73929 1847 1411 1195 69332 15601 2184 70084 53731 5546 68383 34054 12434 5275 3029 2927 1074 704 4209 1853 1522
internal_count=273363 270334 200250 49867 48672 46488 150383 75776 74607 73929 1847 1411 1195 69332 15601 2184 70084 53731 5546 68383 34054 12434 5275 3029 2927 1074 704 4209 1853 1522
is_linear=0
shrinkage=0.03


Tree=20
num_leaves=31
num_cat=0
split_feature=32 138 81 26 33 113 29 10 69 30 86 15 60 42 73 10 71 120 37 15 53 56 38 113 44 33 53 70 53 74
split_gain=59.5161 53.0391 65.6187 49.5703 74.2913 52.2282 84.0491 72.5513 74.3549 70.8701 62.9242 62.759 62.6644 99.5728 51.2336 46.3275 45.9645 42.48 42.1489 55.9256 42.3453 43.9087 41.4791 40.3663 40.2902 37.0226 55.475 45.4502 47.8002 33.896
threshold=-0.0049950752872973672 0.50348633527755748 0.61666667461395275 0.021769763901829723 0.26178121566772466 0.66666674613952648 -0.00058132092817686487 1.019370496273041 0.6428574025630952 -0.0054263304919004432 -0.81666666269302357 0.86055734753608715 0.92070510983467113 0.065921377390623107 0.30000000447034841 1.0355787277221682 0.96836698055267345 0.35454550385475164 0.73129728436470043 1.0999037027359011 1.0465302467346194 1.0979622006416323 -0.018661867827177044 0.58974376320838939 1.0387821793556216 0.90089738368988048 1.0551006197929385 0.31775718927383428 0.97968986630439769 0.35000000894069677
decision_type=8 8 2 8 8 10 10 8 8 8 2 8 10 10 10 10 10 10 10 10 8 10 10 8 10 10 10 10 10 2
left_child=1 -1 -3 15 18 6 9 16 17 14 -11 -10 13 -8 -6 23 22 -9 20 -20 21 24 -7 -2 -5 26 27 -4 -29 -23
right_child=3 2 25 4 5 7 12 8 11 10 -12 -13 -14 -15 -16 -17 -18 -19 19 -21 -22 29 -24 -25 -26 -27 -28 28 -30 -31
leaf_value=-0.004695907369226599 3.2687725339433807e-05 3.1210490436595762e-05 0.0009404978616327532 -0.001279196498100169 0.0034415509016275415 -0.014365625295233971 0.01007970628269781 0.0061535283942091264 -0.0025650983352291708 -0.0026195493716877315 -6.9807155573604445e-05 0.0073826780548692968 0.0013028939062713796 -0.00086364990473617213 -0.00075236836645127016 -0.0084964353471134648 0.0010220258638088495 -0.010240329269211963 0.00074488599995673767 -0.0065370577608903887 -0.01161816582511893 -0.00021542331024476251 -0.0015906055653690564 0.0013838643929347935 -0.0034707346002255512 -0.00074846341913381239 0.016729769805201494 -0.0031010141876657198 0.01005841748203058 0.0062513250032789078
leaf_weight=807 52864 3535 1460 20852 7301 217 1912 157 682 11555 36274 2417 22607 1139 3914 489 6607 494 11574 1012 387 3446 32718 32358 12515 624 448 243 1676 880
leaf_count=807 52864 3535 1460 20852 7301 217 1912 157 682 11555 36274 2417 22607 1139 3914 489 6607 494 11574 1012 387 3446 32718 32358 12515 624 448 243 1676 880
internal_value=-1.71931e-05 0.00240672 0.00317186 -9.91232e-05 -0.000384587 0 0.000433589 -0.000847072 0.00310783 -0.000184869 -0.000692906 0.00509487 0.0018675 0.00591762 0.00195245 0.000492363 -0.0012311 -0.005774 -0.00135667 0.000126128 -0.00185444 -0.00174013 -0.00169255 0.000549441 -0.00211175 0.00558778 0.00669742 0.00518842 0.00822254 0.00105374
internal_weight=273164 8793 7986 264371 178660 127994 84702 43292 3750 59044 47829 3099 25658 3051 11215 85711 39542 651 50666 12586 38080 37693 32935 85222 33367 4451 3827 3379 1919 4326
internal_count=273164 8793 7986 264371 178660 127994 84702 43292 3750 59044 47829 3099 25658 3051 11215 85711 39542 651 50666 12586 38080 37693 32935 85222 33367 4451 3827 3379 1919 4326
is_linear=0
shrinkage=0.03


Tree=21
num_leaves=31
num_cat=0
split_feature=16 48 6 74 57 47 120 49 131 0 124 31 81 39 37 35 69 33 26 36 140 38 31 57 8 2 43 24 38 33
split_gain=66.8564 49.7223 58.0669 44.1718 82.0727 53.4329 56.6643 54.0207 39.0196 38.1097 36.6269 37.2621 45.7377 54.1327 50.2926 35.3403 43.0837 36.4595 33.6247 43.9373 38.1901 40.6991 33.2359 44.8411 31.2556 46.5999 31.0118 28.4884 24.9057 23.924
threshold=1.2206377983093264 0.85566958785057079 0.066667936742305769 0.35000000894069677 1.1707749962806704 1.0944131016731264 0.25574485957622534 0.81136205792427074 0.5946187973022462 0.029829532839357856 -0.70212748646736134 -0.0025667016161605711 0.050000002607703216 -0.0044775947462767354 0.52564305067062389 0.46341206133365637 0.41176472604274755 0.91546145081520092 0.076355919241905226 0.80461445450782787 0.82000133395195018 -0.0032786626834422346 -0.0040207665879279366 1.1259952187538149 0.88235351443290722 -0.037271477282047265 1.1174971461296084 0.04390272684395314 -0.0022325438912957902 0.58642137050628673
decision_type=10 8 10 2 10 8 10 10 10 10 10 10 2 10 10 10 10 8 10 10 10 10 8 10 10 10 10 10 10 10
left_child=1 2 -1 10 5 6 9 -8 -4 -5 -3 15 13 -13 -14 16 -12 -17 29 -20 -21 -22 23 -7 25 -6 -24 -10 -29 -2
right_child=18 3 8 4 24 22 7 -9 27 -11 11 12 14 -15 -16 17 -18 -19 19 20 21 -23 26 -25 -26 -27 -28 28 -30 -31
leaf_value=-0.019162447674028662 -0.005387663446206805 0.0012969362521554834 -0.012415327222650529 -0.00088215660460312249 0.0057682973470318177 -0.00084521252614751913 0.021041113220824626 0.00079434029025091612 -0.0083306007703677527 -0.0070966783682210712 -0.0059196320151720253 0.0016351149977795252 -0.00062881961748637027 -0.0032715419877855957 0.0011271270513040937 -0.00073131271436690116 -0.00017080434859477592 -0.0053528116808578673 0.0016052706257082962 0.00037294201841650082 0.019580034759017113 0.0059893773286562616 -0.00078679247775427573 0.0043193702523932264 0.012954396059716027 -0.00031705919180231808 -0.0067992538564862854 0.01430861778190951 -0.00029006950904195215 0.0028225526732386162
leaf_weight=241 469 9522 193 9062 2767 3219 100 89610 106 995 3209 2586 37301 8146 24147 24949 2018 1651 1358 367 440 551 43412 2709 342 1754 782 191 133 901
leaf_count=241 469 9522 193 9062 2767 3219 100 89610 106 995 3209 2586 37301 8146 24147 24949 2018 1651 1358 367 440 551 43412 2709 342 1754 782 191 133 901
internal_value=1.09322e-05 -4.59231e-05 -0.00715021 -2.13943e-05 0.000307129 0.000180321 0.00058331 0.000824938 -0.00158535 -0.00153963 -0.000471824 -0.000636859 -0.000254615 -0.00206048 5.64701e-05 -0.00149362 -0.00376646 -0.00103323 0.00381104 0.00573214 0.00955811 0.0125883 -0.000615752 0.00147107 0.00413747 0.00335032 -0.000902994 0.00294463 0.0077754 0
internal_weight=273231 269145 864 268281 154752 149889 99767 89710 623 10057 113529 104007 72180 10732 61448 31827 5227 26600 4086 2716 1358 991 50122 5928 4863 4521 44194 430 324 1370
internal_count=273231 269145 864 268281 154752 149889 99767 89710 623 10057 113529 104007 72180 10732 61448 31827 5227 26600 4086 2716 1358 991 50122 5928 4863 4521 44194 430 324 1370
is_linear=0
shrinkage=0.03


Tree=22
num_leaves=31
num_cat=0
split_feature=32 86 33 53 47 35 86 5 13 20 52 36 142 67 9 24 50 125 130 19 61 51 33 31 34 40 9 118 58 14
split_gain=53.2415 46.8229 69.1128 46.9357 43.9643 55.5239 54.4241 56.4494 56.251 46.6853 60.2416 41.279 40.6684 39.8965 39.5818 49.887 61.0016 64.539 50.4997 37.7319 41.3472 37.178 37.1735 61.8395 48.0805 36.7294 81.413 48.6235 59.7663 41.2109
threshold=-0.0049950752872973672 -0.58333334326744068 0.93002739548683178 0.97813132405281078 1.0944131016731264 0.46341206133365637 -0.81666666269302357 0.010504228994250299 1.1147735714912417 0.92925935983657848 0.78372988104820263 0.32755373418331152 1.1163480281829836 0.1157280206680298 0.96343693137168895 0.038074484094977386 0.89775463938713085 0.4843753874301911 0.72203749418258678 0.93593209981918346 0.983288735151291 0.82800868153572094 0.54940342903137218 -0.0072037959471344939 0.093499321490526213 -0.02971203904598951 1.0383662581443789 0.55128201842308056 0.99755385518074047 0.89384698867797863
decision_type=10 2 10 10 10 10 2 10 10 10 10 10 10 10 10 10 10 10 10 10 10 10 8 10 10 10 10 10 10 8
left_child=1 2 3 -1 14 6 7 13 19 -7 -11 -9 -10 -6 15 16 17 -2 -17 -8 -21 -5 24 -24 -12 27 29 -16 -29 -27
right_child=4 -3 -4 21 5 9 8 11 12 10 22 -13 -14 -15 25 18 -18 -19 -20 20 -22 -23 23 -25 -26 26 -28 28 -30 -31
leaf_value=-0.0051723302671530047 0.0079313013821605809 0.00032259498867236787 -0.0064304027172491056 0.017311353612675256 -0.0041005232919672646 -0.0079137908890908153 0.0087043636451589867 0 -0.020006316896706344 0.0057398028541127176 0.0018163411139620685 -0.014044588636957771 -0.0026399751140132716 0.0011791113688055964 0.0088565459186892587 -0.0017106236009400519 -0.007559264429430927 -0.0070556279998586586 -0.019678241907714361 -0.0018774628726328231 -8.5549190297375843e-05 0.0058012260166005964 0.0069027030268656517 0.00046406458695001879 -0.0012573872044066515 0.0037097514864596498 -0.012919844091417439 -0.0063616333074645063 0.0023597200145890193 0.00016761003480965364
leaf_weight=267 826 5474 412 302 4286 627 354 223 215 1687 5497 710 369 1717 896 346 737 336 285 19404 29671 3046 1402 28319 25501 3018 403 758 6625 129149
leaf_count=267 826 5474 412 302 4286 627 354 223 215 1687 5497 710 369 1717 896 346 737 336 285 19404 29671 3046 1402 28319 25501 3018 403 758 6625 129149
internal_value=-1.05818e-05 0.00219208 0.00464503 0.00601825 -9.13443e-05 -0.000515865 -0.00119504 -0.00369456 -0.000841063 9.31814e-05 0.000180944 -0.0105882 -0.00998085 -0.00254171 0.000261832 -0.00343225 -0.000794313 0.00329787 -0.010642 -0.000723017 -0.000800649 0.00702518 1.97195e-05 0.000782313 -0.000701819 0.000330795 0.000207068 0.00227058 0.00140902 0.000251313
internal_weight=272862 9501 4027 3615 263361 119982 56949 6936 50013 63033 62406 933 584 6003 143379 2530 1899 1162 631 49429 49075 3348 60719 29721 30998 140849 132570 8279 7383 132167
internal_count=272862 9501 4027 3615 263361 119982 56949 6936 50013 63033 62406 933 584 6003 143379 2530 1899 1162 631 49429 49075 3348 60719 29721 30998 140849 132570 8279 7383 132167
is_linear=0
shrinkage=0.03


Tree=23
num_leaves=31
num_cat=0
split_feature=42 4 6 29 57 20 14 5 47 58 32 1 49 35 56 122 54 41 4 38 7 123 23 81 39 120 55 33 55 125
split_gain=49.6862 73.4292 69.1508 47.4927 65.212 44.2425 49.6446 46.9497 43.8275 48.9437 43.6359 42.767 40.4561 50.4629 71.8945 41.7351 40.0796 49.5264 47.1227 46.4404 40.5081 38.7424 57.8843 38.1822 38.0031 37.9807 37.5839 39.5916 37.084 36.7301
threshold=-0.077859010547399507 0.4255331158638001 0.10526198148727418 -0.0034353286027908321 1.1642888784408572 0.89574658870697033 0.89384698867797863 0.0095133255235850828 1.0995352268218996 1.0153329372406008 0.0054468777962028989 0.033827567473053939 0.98119038343429577 0.68111485242843639 1.0964034199714663 0.65629231929779064 0.99201574921607982 0.037412092089653022 0.34210497140884405 -0.012047171592712401 -0.017250088974833485 0.82978704571723949 0.03326059132814408 0.58333334326744091 -0.0088268653489649278 0.26159188151359564 0.97064009308815014 0.93596476316452037 1.2361597418785097 -0.32027666270732874
decision_type=8 10 10 10 10 10 8 10 10 10 10 10 10 10 10 8 10 10 10 10 10 10 10 2 8 8 10 10 10 10
left_child=1 2 28 12 5 7 10 21 25 -10 11 -7 15 14 -14 24 18 19 -6 29 -19 22 -5 -16 -2 -8 27 -9 -1 -18
right_child=3 -3 -4 4 16 6 8 26 9 -11 -12 -13 13 -15 23 -17 17 20 -20 -21 -22 -23 -24 -25 -26 -27 -28 -29 -30 -31
leaf_value=-0.0016328421852483887 -0.0081205949680728685 -0.002962822478165642 0.0051218059608724806 -0.0033796919035099884 0.0016412500213863778 0.0014484970231451158 -0.0014113652426700157 -0.0048159711677176146 -0.00043274674320290608 -0.0047412583640016864 -0.0082858423201111753 0.0092762773894258539 -0.00032443283849942716 0.0013385055502161795 -0.012703327574496761 0.0025038887450407853 -0.01369884253934698 0.018146130656751209 -0.011056238707647589 0.0034379322356670214 0.005656082061300814 -0.0012672127487063341 -0.021581856888938277 -0.0034934310601855067 -0.001796244900097235 0.00052118455445853687 0.01652254110140618 0.010510657509190164 0.0093595809482541845 0
leaf_weight=2670 905 2077 5836 391 850 1528 9837 670 56086 2480 206 1209 22292 13286 519 1878 246 302 343 3423 1697 566 326 2617 22231 117431 101 169 285 446
leaf_count=2670 905 2077 5836 391 850 1528 9837 670 56086 2480 206 1209 22292 13286 519 1878 246 302 343 3423 1697 566 326 2617 22231 117431 101 169 285 446
internal_value=2.8841e-05 0.0020153 0.00322956 -5.25509e-05 0.000175186 6.70242e-05 0.000118324 -0.00411781 5.5253e-05 -0.000621869 0.0039724 0.00505724 -0.000765754 -0.000149426 -0.000939092 -0.00170678 0.00295361 0.00394956 -0.00188419 0.00195213 0.00785267 -0.00782729 -0.0124238 -0.00518355 -0.00206339 0.000369256 0.000690335 -0.00120664 -0.000416025 -0.00486619
internal_weight=272903 10868 8791 262035 198307 191000 188777 2223 185834 58566 2943 2737 63728 38714 25428 25014 7307 6114 1193 4115 1999 1283 717 3136 23136 127268 940 839 2955 692
internal_count=272903 10868 8791 262035 198307 191000 188777 2223 185834 58566 2943 2737 63728 38714 25428 25014 7307 6114 1193 4115 1999 1283 717 3136 23136 127268 940 839 2955 692
is_linear=0
shrinkage=0.03


Tree=24
num_leaves=31
num_cat=0
split_feature=25 16 102 62 33 29 10 40 28 35 14 7 7 59 26 1 34 132 49 33 98 137 52 24 65 1 75 24 45 39
split_gain=46.6018 47.7341 42.2852 51.3481 44.0442 56.2889 55.2426 52.6027 44.8125 42.7829 57.167 78.3611 47.2855 40.9548 66.2368 42.7237 36.1435 32.4875 31.1885 45.0759 58.9796 41.7966 41.5843 34.9394 53.8644 32.5583 30.4682 29.5466 27.3152 42.6063
threshold=0.012410786934196951 1.207893490791321 0.51887464523315441 0.69107174873352062 0.66364404559135448 0.017475886270403865 1.016392767429352 0.014185842126607897 0.014843738637864591 0.47288516163825994 0.91430118680000316 -0.026408454403281208 0.043844679370522506 0.93379428982734691 0.076355919241905226 0.057770330458879478 0.93883177638053905 0.76095038652420055 0.93890735507011425 0.64705893397331249 0.36666667461395269 0.65563669800758373 0.99591976404190075 0.04390272684395314 0.14852941781282428 0.053465308621525771 0.37500000000000006 0.04019532352685929 1.0755258202552798 0.036363625898957259
decision_type=10 10 2 10 10 10 10 10 10 10 8 10 10 10 10 10 10 10 10 10 2 10 10 10 10 10 2 10 10 10
left_child=-1 2 3 -2 8 6 26 -8 28 10 11 -5 -12 14 -11 -15 18 -7 21 23 25 -3 -22 24 -20 -21 -6 -10 29 -4
right_child=1 16 4 9 5 17 7 -9 27 13 12 -13 -14 15 -16 -17 -18 -19 19 20 22 -23 -24 -25 -26 -27 -28 -29 -30 -31
leaf_value=0.0010067499709810379 -0.019731544158160686 0.010438206086163238 0.00026099962487754531 0.022515602397084559 -0.0011744656121509419 -0.016612677086049167 0.003052112976070056 0.011662537558320621 0 -0.0049086676522015881 -0.00098515312666505941 0.0018596331071261327 -0.008271692324638787 3.6671984581769604e-05 0.0072969008588400861 0.0054881849868626759 0.015835992708573089 0 -0.013645994403249088 -0.0029820700650707624 0.0049113979772506932 0 0.023684046745728601 0.0027814937928988502 0 0.0061861364860762193 0.0017714587010293503 -0.020163215148814431 -0.0018065679127369867 0.015602019602263515
leaf_weight=34397 105 776 24319 164 4128 214 3302 842 114 2943 82882 2335 802 90584 427 1295 169 188 477 973 423 571 167 488 526 515 12126 147 6497 145
leaf_count=34397 105 776 24319 164 4128 214 3302 842 114 2943 82882 2335 802 90584 427 1295 169 188 477 973 423 571 167 488 526 515 12126 147 6497 145
internal_value=-2.39823e-05 -0.000173876 -0.000237762 -0.000454721 0.00051346 0.00158381 0.00181882 0.00492128 -0.000190557 -0.000439738 -0.000923961 0.00350231 -0.00106053 0 -0.00323972 0.000117951 0.00269115 -0.00915128 0.00211615 0.000543778 0.00345713 0.00599391 0.0113191 -0.00331002 -0.00656347 3.20872e-05 0.00100433 -0.0121237 -7.25154e-05 0.00037685
internal_weight=273041 238644 233559 181537 52022 20800 20398 4144 31222 181432 86183 2499 83684 95249 3370 91879 5085 402 4916 3569 2078 1347 590 1491 1003 1488 16254 261 30961 24464
internal_count=273041 238644 233559 181537 52022 20800 20398 4144 31222 181432 86183 2499 83684 95249 3370 91879 5085 402 4916 3569 2078 1347 590 1491 1003 1488 16254 261 30961 24464
is_linear=0
shrinkage=0.03


Tree=25
num_leaves=31
num_cat=0
split_feature=16 25 40 18 73 72 49 113 13 40 34 50 122 16 45 14 1 86 120 54 105 52 119 102 24 127 39 78 92 19
split_gain=53.6156 40.8218 43.2022 55.9324 70.2956 52.0553 65.5955 65.3501 47.5023 45.5527 39.4708 40.3528 39.3325 38.6397 80.7115 43.6167 59.6624 43.1499 40.8745 39.8986 36.3319 36.3053 34.8843 33.4669 32.8857 30.6537 30.538 28.2572 42.0382 29.3704
threshold=1.2206377983093264 0.012410786934196951 -0.030343431979417797 1.024536728858948 0.5000000149011613 0.72410574555397045 0.97846159338951122 0.43750149011611944 1.070549547672272 -0.040444051846861832 0.87956127524375927 0.97689294815063488 0.3828920871019364 0.92217156291008007 1.076174318790436 0.89384698867797863 0.03868034482002259 0.81666666269302379 0.4740061759948731 0.96190047264099132 0.34166666865348821 0.99554565548896801 0.84615358710289013 0.39339827001094824 0.034564550966024406 -0.16387954354286191 -0.012000935617834328 0.5000000149011613 -0.06334857270121573 1.0123329758644106
decision_type=10 10 10 10 10 10 10 10 8 10 10 10 10 8 10 8 10 2 10 10 2 10 10 2 10 10 8 10 10 10
left_child=1 26 5 13 8 27 7 24 -5 12 11 23 -8 14 17 16 -15 -4 -16 -17 -9 -13 -12 -2 -7 -10 -1 28 -3 -29
right_child=10 2 3 4 -6 6 9 20 25 -11 22 21 -14 15 18 19 -18 -19 -20 -21 -22 -23 -24 -25 -26 -27 -28 29 -30 -31
leaf_value=-0.0026522493329685327 0.01085982104924107 0.0033946268531084142 -0.0017912019423145639 -0.0027116423265225688 -0.0089624598953990005 0 0.0024591650692866993 0 0 0.0049833046181582547 0.01894312615704942 -0.006043804101193667 0.02549281608818614 0.00080331192112243551 -0.003036074113245967 -0.00588123909435289 0.013675300040177772 0.00052751626619320984 -0.01303880745999543 -2.0973360863063234e-05 0.013471882079379415 0.0035528255187144333 0.00235282189400651 0.002150708163360339 -0.011193855459628824 0.010605353643872162 0.0011892630003622659 0.0068462193723969845 -0.0094273425791997975 0.00051986223553100112
leaf_weight=1913 587 317 16509 4406 1388 1092 134 238 603 643 252 776 262 1135 983 1033 470 12543 711 172289 469 585 291 1573 272 401 32419 679 579 17580
leaf_count=1913 587 317 16509 4406 1388 1092 134 238 603 643 252 776 262 1135 983 1033 470 12543 711 172289 469 585 291 1573 272 401 32419 679 579 17580
internal_value=5.09336e-05 0 -0.00014219 -0.000275101 -0.00295135 0.00111181 0.00471071 0.00142176 -0.00132654 0.0108325 0.0034625 0.00216227 0.0189127 -0.000184908 -0.00116545 -1.07354e-05 0.00487921 -0.000780118 -0.00751257 -5.83058e-05 0.00878058 -0.00170993 0.0109845 0.00473302 -0.00224753 0.00439315 0.000965059 0.000507541 -0.00458842 0.000778767
internal_weight=273132 269068 234736 212471 6798 22265 3110 2071 5410 1039 4064 3521 396 205673 30746 174927 1605 29052 1694 173322 707 1361 543 2160 1364 1004 34332 19155 896 18259
internal_count=273132 269068 234736 212471 6798 22265 3110 2071 5410 1039 4064 3521 396 205673 30746 174927 1605 29052 1694 173322 707 1361 543 2160 1364 1004 34332 19155 896 18259
is_linear=0
shrinkage=0.03


end of trees

feature_importances:
RSQR5=32
IMXD30=24
KLEN=23
ROC30=20
RESI5=19
RESI60=19
RESI20=18
STD10=17
STD20=17
STD30=17
RSQR20=17
RSQR30=16
MIN10=16
ROC10=14
BETA10=14
STD60=11
QTLU5=11
WVMA20=11
KLOW=10
ROC5=10
BETA60=10
RSQR10=10
QTLU20=10
SUMP20=10
SUMN20=10
RESI10=9
RESI30=9
KMID=8
KUP=8
HIGH0=8
ROC60=8
RSQR60=8
MAX20=8
MIN60=8
QTLU10=8
IMXD10=8
VWAP0=7
ROC20=7
MA5=7
STD5=7
BETA20=7
QTLU60=7
WVMA5=7
KMID2=6
LOW0=6
MA60=6
MAX10=6
MAX60=6
MIN20=6
QTLD5=6
RSV10=6
RSV60=6
SUMP5=6
KUP2=5
KLOW2=5
KSFT=5
OPEN0=5
MA20=5
MAX5=5
MIN5=5
MIN30=5
QTLU30=5
IMIN5=5
IMIN30=5
IMIN60=5
SUMN60=5
BETA30=4
MAX30=4
QTLD30=4
RANK60=4
IMXD60=4
CORD5=4
CNTP60=4
SUMD10=4
SUMD20=4
MA10=3
QTLD20=3
QTLD60=3
RSV30=3
IMAX10=3
IMAX60=3
IMIN20=3
IMXD20=3
CNTP5=3
SUMN10=3
SUMD5=3
SUMD60=3
VSTD60=3
WVMA60=3
KSFT2=2
BETA5=2
RANK10=2
RSV5=2
IMAX5=2
IMAX20=2
IMAX30=2
CNTD20=2
SUMP10=2
SUMN5=2
SUMN30=2
VMA60=2
VSTD30=2
VSUMP30=2
MA30=1
QTLD10=1
RANK20=1
RSV20=1
IMIN10=1
IMXD5=1
CORR10=1
CORR60=1
CORD10=1
CORD30=1
CORD60=1
CNTP20=1
CNTN20=1
CNTD30=1
CNTD60=1
SUMP30=1
SUMP60=1
VMA20=1
VMA30=1
VSTD5=1
WVMA10=1
WVMA30=1
VSUMP10=1
VSUMN10=1

parameters:
[boosting: gbdt]
[objective: regression]
[metric: l2]
[tree_learner: serial]
[device_type: cpu]
[data_sample_strategy: bagging]
[data: ]
[valid: ]
[num_iterations: 500]
[learning_rate: 0.03]
[num_leaves: 31]
[num_threads: 12]
[seed: 20260813]
[deterministic: 1]
[force_col_wise: 1]
[force_row_wise: 0]
[histogram_pool_size: -1]
[max_depth: 7]
[min_data_in_leaf: 100]
[min_sum_hessian_in_leaf: 0.001]
[bagging_fraction: 0.8]
[pos_bagging_fraction: 1]
[neg_bagging_fraction: 1]
[bagging_freq: 1]
[bagging_seed: 20260813]
[bagging_by_query: 0]
[feature_fraction: 0.8]
[feature_fraction_bynode: 1]
[feature_fraction_seed: 20260813]
[extra_trees: 0]
[extra_seed: 13549]
[early_stopping_round: 0]
[early_stopping_min_delta: 0]
[first_metric_only: 0]
[max_delta_step: 0]
[lambda_l1: 10]
[lambda_l2: 20]
[linear_lambda: 0]
[min_gain_to_split: 0]
[drop_rate: 0.1]
[max_drop: 50]
[skip_drop: 0.5]
[xgboost_dart_mode: 0]
[uniform_drop: 0]
[drop_seed: 11866]
[top_rate: 0.2]
[other_rate: 0.1]
[min_data_per_group: 100]
[max_cat_threshold: 32]
[cat_l2: 10]
[cat_smooth: 10]
[max_cat_to_onehot: 4]
[top_k: 20]
[monotone_constraints: ]
[monotone_constraints_method: basic]
[monotone_penalty: 0]
[feature_contri: ]
[forcedsplits_filename: ]
[refit_decay_rate: 0.9]
[cegb_tradeoff: 1]
[cegb_penalty_split: 0]
[cegb_penalty_feature_lazy: ]
[cegb_penalty_feature_coupled: ]
[path_smooth: 0]
[interaction_constraints: ]
[verbosity: 1]
[saved_feature_importance_type: 0]
[use_quantized_grad: 0]
[num_grad_quant_bins: 4]
[quant_train_renew_leaf: 0]
[stochastic_rounding: 1]
[linear_tree: 0]
[max_bin: 255]
[max_bin_by_feature: ]
[min_data_in_bin: 3]
[bin_construct_sample_cnt: 200000]
[data_random_seed: 20260812]
[is_enable_sparse: 1]
[enable_bundle: 1]
[use_missing: 1]
[zero_as_missing: 0]
[feature_pre_filter: 1]
[pre_partition: 0]
[two_round: 0]
[header: 0]
[label_column: ]
[weight_column: ]
[group_column: ]
[ignore_column: ]
[categorical_feature: ]
[forcedbins_filename: ]
[precise_float_parser: 0]
[parser_config_file: ]
[objective_seed: 16743]
[num_class: 1]
[is_unbalance: 0]
[scale_pos_weight: 1]
[sigmoid: 1]
[boost_from_average: 1]
[reg_sqrt: 0]
[alpha: 0.9]
[fair_c: 1]
[poisson_max_delta_step: 0.7]
[tweedie_variance_power: 1.5]
[lambdarank_truncation_level: 30]
[lambdarank_norm: 1]
[label_gain: ]
[lambdarank_position_bias_regularization: 0]
[eval_at: ]
[multi_error_top_k: 1]
[auc_mu_weights: ]
[num_machines: 1]
[local_listen_port: 12400]
[time_out: 120]
[machine_list_filename: ]
[machines: ]
[gpu_platform_id: -1]
[gpu_device_id: -1]
[gpu_device_id_list: ]
[gpu_use_dp: 0]
[num_gpu: 1]

end of parameters

pandas_categorical:null
