tree
version=v4
num_class=1
num_tree_per_iteration=1
label_index=0
max_feature_idx=157
objective=regression
feature_names=KMID KLEN KMID2 KUP KUP2 KLOW KLOW2 KSFT KSFT2 OPEN0 HIGH0 LOW0 VWAP0 ROC5 ROC10 ROC20 ROC30 ROC60 MA5 MA10 MA20 MA30 MA60 STD5 STD10 STD20 STD30 STD60 BETA5 BETA10 BETA20 BETA30 BETA60 RSQR5 RSQR10 RSQR20 RSQR30 RSQR60 RESI5 RESI10 RESI20 RESI30 RESI60 MAX5 MAX10 MAX20 MAX30 MAX60 MIN5 MIN10 MIN20 MIN30 MIN60 QTLU5 QTLU10 QTLU20 QTLU30 QTLU60 QTLD5 QTLD10 QTLD20 QTLD30 QTLD60 RANK5 RANK10 RANK20 RANK30 RANK60 RSV5 RSV10 RSV20 RSV30 RSV60 IMAX5 IMAX10 IMAX20 IMAX30 IMAX60 IMIN5 IMIN10 IMIN20 IMIN30 IMIN60 IMXD5 IMXD10 IMXD20 IMXD30 IMXD60 CORR5 CORR10 CORR20 CORR30 CORR60 CORD5 CORD10 CORD20 CORD30 CORD60 CNTP5 CNTP10 CNTP20 CNTP30 CNTP60 CNTN5 CNTN10 CNTN20 CNTN30 CNTN60 CNTD5 CNTD10 CNTD20 CNTD30 CNTD60 SUMP5 SUMP10 SUMP20 SUMP30 SUMP60 SUMN5 SUMN10 SUMN20 SUMN30 SUMN60 SUMD5 SUMD10 SUMD20 SUMD30 SUMD60 VMA5 VMA10 VMA20 VMA30 VMA60 VSTD5 VSTD10 VSTD20 VSTD30 VSTD60 WVMA5 WVMA10 WVMA20 WVMA30 WVMA60 VSUMP5 VSUMP10 VSUMP20 VSUMP30 VSUMP60 VSUMN5 VSUMN10 VSUMN20 VSUMN30 VSUMN60 VSUMD5 VSUMD10 VSUMD20 VSUMD30 VSUMD60
feature_infos=[-0.15450645983219147:0.33106967806816101] [0:0.33106967806816101] [-1:1] [0:0.27153289318084717] [0:1] [0:0.19577737152576447] [0:1] [-0.31147539615631104:0.33106967806816101] [-1:1] [0.75127547979354858:1.1827411651611328] [1:1.365384578704834] [0.75127547979354858:1] [0.90894031524658203:1.0877940654754639] [0.62103557586669922:1.6790908575057983] [0.58417785167694092:1.8924485445022583] [0.46860837936401367:2.2146341800689697] [0.45439684391021729:2.740487813949585] [0.36440131068229675:2.649662971496582] [0.8043818473815918:1.3455072641372681] [0.71110033988952637:1.4951817989349365] [0.61736243963241577:1.7117466926574707] [0.56646168231964111:1.9959673881530762] [0.4937971830368042:1.8649090528488159] [0:0.26957115530967712] [0:0.32280367612838745] [0:0.36472421884536743] [0:0.57258552312850952] [0:0.50059491395950317] [-0.16409091651439667:0.17131471633911133] [-0.11732283234596252:0.17131471633911133] [-0.11732283234596252:0.17131471633911133] [-0.11732283234596252:0.17131471633911133] [-0.11732283234596252:0.17131471633911133] [0:1] [0:1] [0:1] [0:1] [0:1] [-0.11478264629840851:0.13264167308807373] [-0.24554997682571411:0.20802642405033112] [-0.40848860144615173:0.27287426590919495] [-0.44566619396209717:0.27581575512886047] [-0.96870207786560059:0.33257237076759338] [1:1.6472727060317993] [1:1.9298244714736938] [1:2.2439024448394775] [1:3.3160974979400635] [1:3.3160974979400635] [0.58144122362136841:1] [0.54045307636260986:1] [0.4660193920135498:1] [0.43721681833267212:1] [0.33789625763893127:1] [0.86334514617919922:1.4843636751174927] [0.78309857845306396:1.7869091033935547] [0.69682848453521729:2.054157018661499] [0.62161809206008911:2.423609733581543] [0.56576049327850342:2.3250908851623535] [0.70860719680786133:1.2689855098724365] [0.58504855632781982:1.4057971239089966] [0.49352750182151794:1.5574545860290527] [0.47533980011940002:1.5740000009536743] [0.38890489935874939:1.5950908660888672] [0.20000000298023224:1] [0.10000000149011612:1] [0.05000000074505806:1] [0.033333335071802139:1] [0.01666666753590107:1] [0:1] [0:1] [0:1] [0:1] [0:1] [0.20000000298023224:1] [0.10000000149011612:1] [0.05000000074505806:1] [0.033333335071802139:1] [0.01666666753590107:1] [0.20000000298023224:1] [0.10000000149011612:1] [0.05000000074505806:1] [0.033333335071802139:1] [0.01666666753590107:1] [-0.80000001192092896:0.80000001192092896] [-0.89999997615814209:0.89999997615814209] [-0.94999998807907104:0.94999998807907104] [-0.96666663885116577:0.96666663885116577] [-0.98333334922790527:0.98333334922790527] [-1:1] [-1:1] [-1:1] [-1:1] [-1:1] [-1:1] [-1:1] [-1:1] [-1:1] [-1:1] [0:1] [0:1] [0:0.89999997615814209] [0:0.8888888955116272] [0:0.8888888955116272] [0:1] [0:1] [0:0.89999997615814209] [0:0.8571428656578064] [0:0.8571428656578064] [-1:1] [-1:1] [-0.83333331346511841:0.8888888955116272] [-0.83333331346511841:0.8888888955116272] [-0.83333331346511841:0.8888888955116272] [0:1] [0:1] [0:1] [0:1] [0:1] [0:1] [0:1] [0:1] [0:1] [0:1] [-1:1] [-1:1] [-1:1] [-1:1] [-1:1] [0.20013266801834106:26452.083984375] [0.10012400150299072:23627.859375] [0.050104878842830658:26698.134765625] [0.033777147531509399:28136.5] [0.017187755554914474:26107.111328125] [0.00080492562847211957:59102.5] [0.0021778203081339598:49210.34375] [0.0021778203081339598:56418.4921875] [0.0021778203081339598:57003.12109375] [0.0021778203081339598:42065.70703125] [0:2.2360680103302002] [0:3.1615598201751709] [0:4.4708261489868164] [0:5.4656624794006348] [0:7.5986995697021484] [0:1] [0:1] [0:1] [0:1] [0:1] [0:1] [0:1] [0:1] [0:1] [0:1] [-1:1] [-1:1] [-1:1] [-1:1] [-1:1]
tree_sizes=3079 3034 3116 3126 3049 3085 3053 3105 3092 3091 3074 3078 3100 3071 3133 3044 3097 3111 2993 3030 3081 3017 3088 3081 3006

Tree=0
num_leaves=31
num_cat=0
split_feature=16 25 36 1 134 86 40 36 35 32 49 19 18 33 4 13 83 30 94 67 39 24 82 37 138 23 1 113 10 110
split_gain=168.056 96.7345 68.0863 69.736 71.1727 57.0917 61.3722 80.5155 59.0772 62.6587 52.9555 99.3779 52.2103 51.5272 50.5054 47.5944 57.456 48.9269 47.1249 46.5514 44.8539 41.6913 41.0414 39.9598 38.3713 46.1654 37.1581 33.0695 29.676 29.223
threshold=1.2206377983093264 0.012410786934196951 0.80461445450782787 0.055469902232289321 0.27218288183212286 -0.81666666269302357 -0.02971203904598951 0.82335302233695995 0.67354199290275585 -0.0052159116603434077 0.8330044448375703 0.91697111725807201 1.024536728858948 0.30106356739997869 0.31250144541263586 1.1029161214828493 -0.50000001490116108 -0.0051135527901351443 0.61848318576812755 0.10084745660424234 0.022993783466517929 0.045104321092367179 0.95833331346511852 0.82256013154983532 0.64176785945892345 0.016831624321639541 0.039276529103517539 0.16666557639837268 1.0191387534141543 0.24264705926179889
decision_type=10 10 10 10 10 2 10 10 10 10 10 10 10 10 10 8 10 10 10 10 10 10 2 10 10 10 10 10 8 2
left_child=1 28 -2 4 24 8 7 15 9 22 11 18 20 -14 -13 16 -7 -17 -8 23 -12 -5 -3 -11 -4 -26 -27 -10 -1 -9
right_child=2 5 3 21 -6 6 10 29 27 19 12 14 13 -15 -16 17 -18 -19 -20 -21 -22 -23 -24 -25 25 26 -28 -29 -30 -31
leaf_value=0.0016154427581926418 0.0020342694323024582 -0.001131855414690546 -0.0081945798128737809 0.0014290754460438055 0.014504221547337099 0.0024530410201935144 -0.0091260677652017803 0.010555450722781679 0.0022314342418291717 -0.0057900867871918185 -0.00013083380439612364 0.015037550771712045 -0.012602861655026649 -0.0022574824545517173 0.0011081536909424742 0.0013493863137067805 -0.0013003098568968579 -0.0087804379777730989 0.0081553723050306996 -0.00076262117401307338 -0.0020566748716124143 0.024399607349168656 0.01683577374179672 -0.00079506667009264672 -0.0098543489505036729 0.014192146010219406 -0.00092820108316453952 -0.001136315004546713 -0.0026457244484809207 0.0026829677771877062
leaf_weight=32715 2075 165 263 124 564 11705 481 1080 3724 6599 170077 708 485 4484 423 726 5213 882 164 4385 11656 389 212 2038 119 364 176 8688 1471 925
leaf_count=32715 2075 165 263 124 564 11705 481 1080 3724 6599 170077 708 485 4484 423 726 5213 882 164 4385 11656 389 212 2038 119 364 176 8688 1471 925
internal_value=2.35294e-05 -6.71706e-05 0.0060568 0.0100222 0.00627457 -0.000285332 -0.000119329 0.00143499 -0.00161683 -0.00299752 -0.000290367 0.00482554 -0.000341151 -0.00337385 0.0101983 0.000795 0.00127863 -0.00406223 -0.00416778 -0.0033676 -0.000256217 0.0196721 0.00855543 -0.00465067 0.000720845 0.00485729 0.00887117 -9.97861e-05 0.00142188 0.00713402
internal_weight=273080 269006 4074 1999 1486 234820 209009 20531 25811 13399 188478 1776 186702 4969 1131 18526 16918 1608 645 13022 181733 513 377 8637 922 659 540 12412 34186 2005
internal_count=273080 269006 4074 1999 1486 234820 209009 20531 25811 13399 188478 1776 186702 4969 1131 18526 16918 1608 645 13022 181733 513 377 8637 922 659 540 12412 34186 2005
is_linear=0
shrinkage=1


Tree=1
num_leaves=31
num_cat=0
split_feature=16 25 29 42 41 137 22 86 3 12 23 26 55 36 14 33 30 78 6 15 25 140 60 113 36 35 36 10 140 31
split_gain=169.26 90.4398 67.4905 95.8545 84.7743 79.5852 76.5735 71.065 64.9995 68.3908 61.4442 57.568 55.0132 65.6734 63.6037 52.8446 60.8165 52.3467 51.3367 42.3535 40.7868 37.8578 48.3724 67.2571 65.4207 34.3295 33.4322 32.4211 32.1899 27.911
threshold=1.2206377983093264 0.012410786934196951 -0.00058132092817686487 0.067746125161647811 -0.030035963281989094 0.60820999741554271 1.092613756656647 -0.516666680574417 0.017324396409094337 0.98710510134696972 0.015690250322222713 0.030101267620921138 0.93731585144996654 0.79486623406410228 0.89384698867797863 0.97826865315437328 -0.0069329803809523574 0.70000001788139354 0.064515102654695525 0.90958526730537426 0.024810298345983032 0.76384052634239208 1.0328003168106081 0.33333173394203192 0.81698989868164074 0.42036238312721258 0.8265923559665681 1.0182828307151797 1.1935285329818728 5.8255922340322293e-05
decision_type=10 10 10 10 10 10 10 2 10 10 10 10 10 10 8 10 10 10 10 8 10 10 10 10 10 10 10 8 10 8
left_child=1 27 3 4 17 11 8 18 12 -10 -11 -6 13 -4 -14 16 21 20 25 -5 -3 -2 23 -23 -25 -8 -19 -1 -20 -29
right_child=15 2 6 19 5 -7 7 -9 9 10 -12 -13 14 -15 -16 -17 -18 26 28 -21 -22 22 -24 24 -26 -27 -28 29 -30 -31
leaf_value=0.0015787085397554646 0 0.0021508516300541495 -0.0090707001914688643 0.01995115361565335 -0.0010976441917377039 9.7770951938967276e-05 0.0068554591681874756 -0.0011477165535705093 -0.01353818070537113 0 0.0072551615351105977 -0.0029847428940274054 0.004259152888820587 0.0024699729903542443 -0.0001079477376882326 -0.011497823591578563 0.00087286349994319544 0.00080611662485376232 0.011535576424748669 0.0028930212834354053 -0.0040072330499937503 -0.006890847453836205 0.014628993599059986 0 0.016944955353042298 -0.0088327009155550022 0.0068755162482771496 -0.0063571808883226295 0.0017092857856976494 0.00087007024556516046
leaf_weight=32633 389 1238 1260 253 33289 23544 204 1267 174 1749 2635 26933 3068 615 106590 119 1221 24732 1550 365 3594 263 1301 325 449 249 843 863 474 914
leaf_count=32633 389 1238 1260 253 33289 23544 204 1267 174 1749 2635 26933 3068 615 106590 119 1221 24732 1550 365 3594 263 1301 325 449 249 843 863 474 914
internal_value=1.44255e-05 -7.65162e-05 -0.000288247 -0.000808587 -0.000875668 -0.00136903 0.00020774 0.00442023 6.85631e-05 0.0035734 0.00437908 -0.0019473 -7.25943e-05 -0.00514093 1.22536e-05 0.00607464 0.0067352 0.000473599 0.0073748 0.0107531 -0.00236529 0.00922535 0.0106582 0.00521011 0.00976977 -0.00114244 0.00102311 0.00135779 0.00942037 -0.00250459
internal_weight=273103 269036 234626 114791 114173 83766 119835 3744 116091 4558 4384 60222 111533 1875 109658 4067 3948 30407 2477 618 4832 2727 2338 1037 774 453 25575 34410 2024 1777
internal_count=273103 269036 234626 114791 114173 83766 119835 3744 116091 4558 4384 60222 111533 1875 109658 4067 3948 30407 2477 618 4832 2727 2338 1037 774 453 25575 34410 2024 1777
is_linear=0
shrinkage=0.03


Tree=2
num_leaves=31
num_cat=0
split_feature=16 26 27 33 40 86 35 64 33 30 67 75 18 49 10 36 16 25 140 111 1 2 60 74 18 83 33 41 10 28
split_gain=169.461 85.8502 81.7199 99.3303 66.9512 75.4187 65.3113 62.0894 54.0765 60.4873 50.8447 59.4006 55.7293 79.7306 71.1011 53.1679 42.7129 41.3192 36.2814 48.0126 40.7863 35.9851 45.3108 35.5447 34.6241 34.3666 56.3823 44.2099 33.159 32.0731
threshold=1.2206377983093264 0.021769763901829723 0.0761079676449299 0.2562058717012406 0.025925688445568088 -0.81666666269302357 0.47288516163825994 0.44722221791744238 0.97826865315437328 -0.0069329803809523574 0.058578431606292732 0.52500000596046459 0.94259545207023632 0.8330044448375703 1.0095137953758242 0.81396800279617321 1.1372029185295107 0.033914688974618919 0.81253799796104442 -0.16954023391008374 0.055469902232289321 -0.060605488717555993 0.87789130210876476 0.35000000894069677 0.97996482253074657 0.70000001788139354 0.96601486206054699 0.0044965599663555631 1.0311891436576845 -0.0068012704141437999
decision_type=10 10 10 8 10 2 8 10 10 10 10 2 10 10 10 10 10 10 10 2 10 10 10 2 10 10 10 10 10 10
left_child=1 7 3 21 5 6 -5 -1 9 18 11 23 -12 14 -14 -15 -13 -7 -2 20 -20 29 -23 -4 -24 27 -27 -6 -9 -3
right_child=8 2 10 4 25 17 -8 28 -10 -11 12 16 13 15 -16 -17 -18 -19 19 -21 -22 22 24 -25 -26 26 -28 -29 -30 -31
leaf_value=-0.00022055269405945691 0.0019140036420684146 -0.016480056920630825 -0.006140377486787506 -0.0054418430333473414 -0.0086636148828307252 1.4302593379049209e-05 -0.00070707750837947694 0.0014474055572884898 -0.011931535218814935 0.00096159845266868696 -0.0084096605366558701 -0.0039528578066414122 0.017955706676162066 0.0005895357688635262 0.0014777197268443529 0.0042320964250978366 0.014983254674696654 0.0015833492433911013 0.010101285752363305 0.0037169219969711838 0.022671877569561124 -0.013854356985676157 0.0019426672420911212 0.0024161715069215164 -0.0028778311605577342 -0.0043216760073331644 0.0050707182446546829 -0.00021830169121617944 -0.0092533396963194441 -0.00088858771740738527
leaf_weight=38041 587 102 2052 3631 581 60059 10036 49051 116 1248 469 132 491 18045 526 4585 251 20341 1024 676 422 320 1341 485 21492 6793 583 9229 235 20180
leaf_count=38041 587 102 2052 3631 581 60059 10036 49051 116 1248 469 132 491 18045 526 4585 251 20341 1024 676 422 320 1341 485 21492 6793 583 9229 235 20180
internal_value=2.64436e-06 -8.84146e-05 -0.000460876 -0.000727997 -0.000249769 6.18504e-05 -0.00199303 0.000683155 0.00606208 0.00672235 0.00105579 -0.0026337 0.00151677 0.00173326 0.00991533 0.00134387 0.00784027 0.000415293 0.00923983 0.0110895 0.0142338 -0.00194533 -0.00276073 -0.00438119 -0.00258014 -0.00197093 -0.00352703 -0.000765606 0.00138657 -0.000997933
internal_weight=273124 269051 181724 154688 111253 94067 13667 87327 4073 3957 27036 2920 24116 23647 1017 22630 383 80400 2709 2122 1446 43435 23153 2537 22833 17186 7376 9810 49286 20282
internal_count=273124 269051 181724 154688 111253 94067 13667 87327 4073 3957 27036 2920 24116 23647 1017 22630 383 80400 2709 2122 1446 43435 23153 2537 22833 17186 7376 9810 49286 20282
is_linear=0
shrinkage=0.03


Tree=3
num_leaves=31
num_cat=0
split_feature=16 29 57 120 25 1 39 120 0 61 48 1 13 29 46 13 15 105 87 1 75 86 33 30 5 16 8 72 23 35
split_gain=150.507 91.4868 108.861 54.307 92.1036 77.8702 66.2884 63.7126 56.5045 54.1108 52.5541 48.4161 79.6809 39.986 53.3103 61.2444 42.7818 44.973 39.8671 39.2543 49.8612 37.1215 36.8176 40.1385 36.7969 36.6952 33.9687 36.8901 33.9467 33.3309
threshold=1.2394970059394839 -0.00096381019102409471 1.1707749962806704 0.25574485957622534 0.04367318935692311 0.021390388719737533 -0.028852198272943493 0.48989899456501013 0.03806229121983052 0.95253321528434765 0.98122841119766246 0.018544884398579601 1.0450013875961306 -0.0065214321948587886 1.0687960982322695 0.98087960481643688 1.0235608220100405 0.54772728681564342 -0.60833334922790516 0.060804652050137527 0.42499999701976782 -0.516666680574417 0.97387737035751354 -0.0055436731781810513 0.0025542452931404118 0.93535402417182933 0.80000406503677379 0.75174823403358471 0.016468620859086517 0.81460022926330578
decision_type=10 8 10 8 8 10 10 10 8 10 10 10 10 10 10 10 8 2 2 10 2 2 10 10 10 8 10 10 10 10
left_child=1 11 3 8 6 -6 9 -7 -3 -5 -8 29 13 16 18 -16 17 -13 -15 26 -21 24 23 28 -4 -18 27 -14 -2 -1
right_child=22 2 21 4 5 7 10 -9 -10 -11 -12 12 19 14 15 -17 25 -19 -20 20 -22 -23 -24 -25 -26 -27 -28 -29 -30 -31
leaf_value=-0.00028032560185898257 -0.00063610841370659104 -0.001026605499736354 0.0010839776328506489 0.0012990477973629836 -0.001078886009150971 0.005845145330431796 -0.00010317056448843544 -0.00076027997495275762 -0.0097693025046606246 -0.0077693374347955159 0.0011725256573072041 0.00059938599521066639 0.00021940626422538458 0.0030159172039580548 -0.0079414330482328304 -0.0027098258834471361 -0.017416770154237746 0.010979663447466339 -0.0015582986973354312 0.010626760142461179 -0.0014439074514703335 0.001304587732530738 -0.0087572190384380515 0.00034160891513508883 0.0095865264831058346 -0.00087070133137351737 -0.0053105745076504392 0.01113068010075135 0.010439723037760525 0.0016979366994531655
leaf_weight=48857 223 10575 714 842 2808 6844 71989 1524 705 1610 48298 1359 16091 1975 2346 18248 105 541 11083 716 455 1542 100 659 1941 8521 962 266 2074 9065
leaf_count=48857 223 10575 714 842 2808 6844 71989 1524 705 1610 48298 1359 16091 1975 2346 18248 105 541 11083 716 455 1542 100 659 1941 8521 962 266 2074 9065
internal_value=9.41001e-05 1.78054e-05 0.000515017 0.000374735 0.000544867 0.00315256 0.000304504 0.00460744 -0.0016159 -0.00454864 0.000406667 -0.000595657 -0.00117353 -0.00186672 -0.00237223 -0.00332747 -0.00022071 0.00379487 -0.000839963 0.000466704 0.00573924 0.00527213 0.00669288 0.00737169 0.00743732 -0.00114663 8.66973e-05 0.000428542 0.00923876 2.45811e-05
internal_weight=273038 269982 149392 145195 133915 11176 122739 8368 11280 2452 120287 120590 62668 44178 33652 20594 10526 1900 13058 18490 1171 4197 3056 2956 2655 8626 17319 16357 2297 57922
internal_count=273038 269982 149392 145195 133915 11176 122739 8368 11280 2452 120287 120590 62668 44178 33652 20594 10526 1900 13058 18490 1171 4197 3056 2956 2655 8626 17319 16357 2297 57922
is_linear=0
shrinkage=0.03


Tree=4
num_leaves=31
num_cat=0
split_feature=16 25 40 71 29 22 35 41 49 10 18 86 137 24 6 34 25 49 33 38 102 53 16 22 47 26 72 141 77 61
split_gain=137.75 78.1133 68.2199 85.2037 61.6 76.0242 71.0153 69.5714 61.7757 53.6202 52.7448 51.742 47.811 47.3664 43.1312 42.4486 41.7114 41.2756 51.1081 57.6364 46.7025 37.1514 36.3218 48.2965 44.8746 36.1084 34.4552 34.0648 38.2762 33.8638
threshold=1.2206377983093264 0.012410786934196951 -0.030343431979417797 0.57792210578918468 -0.00043847461347468192 1.0944202542304995 0.80202254652977001 -0.0374193787574768 0.97739955782890331 1.0174682140350344 1.0271549224853518 -0.55000001192092884 0.55369007587432872 0.03872248716652394 0.090913083404302611 0.87956127524375927 0.021307645365595821 0.9738503396511079 0.56393426656723034 -0.0021642983192577954 0.39339827001094824 1.0605050325393679 1.1604010462760928 1.1574864387512209 1.2774967551231386 0.028791460208594803 0.8376964032649995 1.1157651543617251 0.92500001192092907 1.0644010305404665
decision_type=10 10 10 10 10 10 10 10 10 10 10 2 10 10 10 10 10 10 10 10 2 10 8 10 10 10 10 10 2 10
left_child=1 -1 3 22 6 7 12 16 29 -9 13 14 25 26 -7 17 -6 20 -19 -20 -2 -10 23 -3 -24 -4 -5 28 -12 -8
right_child=15 2 4 10 5 11 8 9 21 -11 27 -13 -14 -15 -16 -17 -18 18 19 -21 -22 -23 24 -25 -26 -27 -28 -29 -30 -31
leaf_value=0.001287449911361097 0.014475804144772083 -9.5418205475210807e-05 -0.0011387995039404322 0.0024922117976236388 0.002329236684856005 0 -0.0024306787601431033 -0.00027866101306122125 0.0020489337082531946 0.0016098915939516656 0.0051946258982571662 -0.0002416903620295757 -0.00029404574753141518 -0.007731794279787158 0.0096621777884003893 0.013421902856811422 -0.012593728898324451 -0.0089197005295389396 0.0092278310294181473 -0.0040835688758295392 0.0037474627154062239 -0.0081376299801195276 0 -0.011274940008368902 0.0086971750619345683 -0.0027292095734157448 0.011104519631436998 0.003650838084743693 0.020282321872942204 0.0073663648758870454
leaf_weight=34237 545 13495 29272 4069 180 526 5660 93236 13222 15806 369 1207 26401 330 1626 545 608 377 665 459 1459 300 1249 339 920 24401 485 678 402 304
leaf_count=34237 545 13495 29272 4069 180 526 5660 93236 13222 15806 369 1207 26401 330 1626 545 608 377 665 459 1459 300 1249 339 920 24401 485 678 402 304
internal_value=3.21631e-05 -4.95113e-05 -0.000245591 0.00132774 -0.00041229 6.40037e-05 -0.000956702 -6.96557e-05 0.000656638 -1.91329e-06 0.00426892 0.00449762 -0.00135312 0.00266972 0.00727165 0.00551072 -0.00884036 0.00412631 0.000147215 0.00355335 0.00692753 0.0017891 0.000141201 -0.000406906 0.00374588 -0.00186817 0.00351955 0.00934522 0.0137546 -0.00185821
internal_weight=273372 269322 235085 22336 212749 113189 99560 109830 19486 109042 6333 3359 80074 4884 2152 4050 788 3505 1501 1124 2004 13522 16003 13834 2169 53673 4554 1449 771 5964
internal_count=273372 269322 235085 22336 212749 113189 99560 109830 19486 109042 6333 3359 80074 4884 2152 4050 788 3505 1501 1124 2004 13522 16003 13834 2169 53673 4554 1449 771 5964
is_linear=0
shrinkage=0.03


Tree=5
num_leaves=31
num_cat=0
split_feature=16 26 39 25 120 51 81 15 113 102 5 30 140 3 33 24 83 59 38 71 84 122 13 10 38 33 106 38 75 1
split_gain=116.227 84.7278 61.005 76.5772 72.8664 79.5332 86.0197 62.4246 56.9669 56.9034 50.5263 46.2963 42.9623 42.6728 42.1536 41.9304 39.4931 39.0125 70.5377 48.0835 48.4925 47.4016 35.4531 34.4322 32.7231 30.7662 27.5789 29.7088 35.8543 35.1867
threshold=1.2394970059394839 0.019933737814426426 0.01746934745460749 0.03038082737475634 0.25574485957622534 0.83511987328529369 0.61666667461395275 1.1475881934165957 0.58974376320838939 0.53529900312423717 0.011970939114689829 -0.0069329803809523574 0.82000133395195018 0.0080000609159469622 0.61297926306724559 0.020748429000377658 0.30000000447034841 0.87291401624679577 0.0012806751765310766 0.89409139752388012 0.45000000298023229 0.49825921654701238 1.0425068140029909 1.0178599357604983 0.0015488890348933639 0.32257997989654547 0.5962963104248048 -0.0058345696888864032 0.17500000447034839 0.070059292018413558
decision_type=10 10 10 10 10 10 2 10 8 2 10 10 10 10 8 10 10 10 10 10 2 10 8 10 10 10 2 10 2 10
left_child=1 8 3 9 10 6 -6 17 -1 13 23 12 -2 15 -7 -3 -9 18 -4 21 -21 -19 -15 -5 -12 -11 -14 28 -28 -29
right_child=11 2 7 4 5 14 -8 16 -10 25 24 -13 26 22 -16 -17 -18 19 -20 20 -22 -23 -24 -25 -26 -27 27 29 -30 -31
leaf_value=0.00015122594857525692 0.00010416770601295866 -0.00025422644335247743 0.0075856813061982381 -0.0052454111279990412 0.0023872653797705422 -0.00036165117533761199 0.011517810889133014 0.00066004244309450207 0.0019102896279308075 -0.00079222062991627816 0.0061954770344590021 0 0.003942420550005086 -0.0027976850010396556 0.0014082063534576544 -0.0019656091505393337 0.012242025065508375 -0.0048434137750417439 -0.018361984813543543 0.0047842614464946752 -0.0017343884994856903 -0.0015410113439445273 0.00096323531265736853 0.0011171040440720289 -0.0053763054123492507 0.0019940422428696763 0.024259255630110957 0.0030817644140699514 0.00066457775039751015 0.020292974549811334
leaf_weight=44152 524 60195 100 3729 8864 26091 1051 935 26916 5309 810 875 534 15560 22276 16585 390 6014 310 1706 2441 12474 2497 862 256 10096 348 491 102 148
leaf_count=44152 524 60195 100 3729 8864 26091 1051 935 26916 5309 810 875 534 15560 22276 16585 390 6014 310 1706 2441 12474 2497 862 256 10096 348 491 102 148
internal_value=0 -6.54098e-05 -0.000384611 -0.000185899 0.000637548 0.000957057 0.00340655 -0.00179126 0.000822017 -0.000666237 -0.00259316 0.00583158 0.00818332 -0.000942584 0.000447523 -0.000628219 0.00442347 -0.00216512 -0.0112771 -0.00197701 0.000885362 -0.00263554 -0.00226052 -0.00398607 0.00309244 0.00101459 0.0105761 0.0134288 0.0198053 0.00801821
internal_weight=272641 269619 198551 174181 63939 58282 9915 24370 71068 110242 5657 3022 2147 94837 48367 76780 1325 23045 410 22635 4147 18488 18057 4591 1066 15405 1623 1089 450 639
internal_count=272641 269619 198551 174181 63939 58282 9915 24370 71068 110242 5657 3022 2147 94837 48367 76780 1325 23045 410 22635 4147 18488 18057 4591 1066 15405 1623 1089 450 639
is_linear=0
shrinkage=0.03


Tree=6
num_leaves=31
num_cat=0
split_feature=16 25 29 22 42 42 6 86 3 4 55 3 49 115 86 9 137 41 33 30 6 141 140 16 140 137 38 60 67 37
split_gain=120.944 78.8947 61.0594 86.2096 85.287 76.9755 72.1247 58.6133 57.5362 56.4698 56.299 54.3178 53.8397 51.2973 51.0733 87.5649 44.091 63.1605 40.9401 51.3473 36.5377 32.3811 29.8069 29.6718 29.059 31.806 30.2305 28.8013 28.0469 26.9432
threshold=1.2206377983093264 0.012410786934196951 -0.00043847461347468192 1.092613756656647 0.065921377390623107 -0.077859010547399507 0.099999841302633299 -0.516666680574417 0.01792514976114035 0.41666708886623388 0.93731585144996654 0.010440859943628313 0.8330044448375703 0.63013699650764476 0.81666666269302379 0.9814843237400056 0.54424685239791881 -0.031841535121202462 0.97826865315437328 -0.0071641574613749972 0.055553914979100234 0.85209980607032787 1.3054736852645876 0.93253320455551159 0.79480016231536876 0.56366702914237987 -0.0032786626834422346 1.0328003168106081 0.69198718667030346 0.65855157375335704
decision_type=10 10 10 10 10 10 10 2 10 10 10 10 10 10 2 10 10 10 10 10 10 8 10 8 10 10 10 10 10 10
left_child=1 29 4 8 5 6 -3 20 10 -8 11 -4 -12 -6 21 -16 17 -7 19 24 -5 -10 -22 -18 -2 26 -26 -28 -15 -1
right_child=18 2 3 7 13 16 9 -9 14 -11 12 -13 -14 28 15 -17 23 -19 -20 -21 22 -23 -24 -25 25 -27 27 -29 -30 -31
leaf_value=0.0007727622478094138 0.00098771317451980234 -0.0020252695461996412 -0.0025134683171215348 -0.00011558281541099104 0.00056615388058125972 0.00024900167893597628 0.0052922807564323212 -0.00034271332035322325 0.0099574655306970943 -0.0019576410160589337 0.0076086821007858296 -0.016176211363941418 -1.406704882206696e-05 0.023013707197424925 -0.0106344932603265 0.012224183862333798 -0.0028389637556938195 -0.0018967851826998405 -0.010972760506194289 0.00069480305991447911 0.010556118384968944 4.3376608594445916e-05 0 0.0001430540561733757 0.017417077742033209 0.0031401874191384531 0 0.011659999688028406 0.0006597697106190026 0.0027160115103338047
leaf_weight=25319 507 2721 1535 404 355 15410 4686 1243 325 1137 820 323 107076 238 147 1005 3288 57513 107 1347 1734 2576 306 31517 648 611 318 524 100 8968
leaf_count=25319 507 2721 1535 404 355 15410 4686 1243 325 1137 820 323 107076 238 147 1005 3288 57513 107 1347 1734 2576 306 31517 648 611 318 524 100 8968
internal_value=2.5506e-05 -5.12308e-05 -0.000248899 0.00023219 -0.000734686 -0.000800367 0.00192541 0.00473589 8.28419e-05 0.00382346 -4.43831e-05 -0.00519536 4.24846e-05 0.00957786 0.00358501 0.00891965 -0.00101965 -0.00143928 0.00515136 0.00571607 0.0074224 0.00131733 0.00904747 -0.000131509 0.00817032 0.00973648 0.0121653 0.00746521 0.0176444 0.00129106
internal_weight=272808 268746 234459 117494 116965 116272 8544 3687 113807 5823 109754 1858 107896 693 4053 1152 107728 72923 4062 3955 2444 2901 2040 34805 2608 2101 1490 842 338 34287
internal_count=272808 268746 234459 117494 116965 116272 8544 3687 113807 5823 109754 1858 107896 693 4053 1152 107728 72923 4062 3955 2444 2901 2040 34805 2608 2101 1490 842 338 34287
is_linear=0
shrinkage=0.03


Tree=7
num_leaves=31
num_cat=0
split_feature=16 26 40 36 33 27 44 60 25 14 86 32 53 43 109 72 16 1 151 35 24 1 127 117 39 57 74 5 96 138
split_gain=107.205 70.0257 75.0104 83.146 52.4257 67.7679 56.3672 55.1914 81.5906 62.0399 54.7196 53.4657 52.722 52.223 50.4139 49.7238 51.0864 48.1467 48.074 47.3493 46.7604 46.7131 77.8895 43.9562 44.7204 39.7372 39.3416 37.4704 36.6213 34.2509
threshold=1.2394970059394839 0.021392118185758594 -0.030976872891187664 0.8202866017818452 0.2562058717012406 0.094099003821611418 1.0431923866271975 0.85410505533218395 0.037823783233761794 0.9111917018890382 -0.58333334326744068 -0.0034855571575462814 1.042962968349457 1.0308222174644472 0.18333333730697635 0.085714738816022887 1.1561278104782107 0.055469902232289321 0.45330078899860388 0.81770354509353649 0.059231083840131767 0.055469902232289321 -0.26997081935405726 0.55070719122886669 -0.052596222609281533 0.90855976939201366 0.15000000223517421 0.0058027741033583888 0.043770350515842445 0.64176785945892345
decision_type=10 10 10 10 8 10 10 10 10 8 2 10 10 8 2 10 8 10 10 10 10 10 10 10 10 10 2 10 10 10
left_child=1 13 3 15 5 6 11 18 12 -10 19 -4 -9 -1 17 16 28 -5 -6 -7 -8 29 -23 24 -17 -20 -18 -12 -3 -2
right_child=21 2 4 14 7 10 20 8 9 -11 27 -13 -14 -15 -16 23 26 -19 25 -21 -22 22 -24 -25 -26 -27 -28 -29 -30 -31
leaf_value=0.00096330280540192113 -0.0044671407123117171 -0.0009029874675722349 0.0038306588092671986 0.0076724836189184841 -0.0099208776142837973 0.014125706515241736 -0.0033554942647201686 -0.00048041711640292014 0.0049766124569540189 0.00069561756153566231 0.0045785570227301038 -0.0012894919324758372 -0.0048763863884007316 -0.00096922289132278343 0.00048764576475568259 -0.0091379266938702627 -0.0035517954562920089 0.025857799531652608 0.00195059472236553 -0.0012585343177063571 0.01080296701477731 0.02093408950794089 0.003490832876316758 -0.001102202325373483 0.0029167670654571981 -0.008174861743041436 0.006766638513084457 -0.0036027059823328859 -0.0084553454635206936 0.0047031519131242204
leaf_weight=68636 426 1227 1914 1185 962 569 16086 87091 3627 20339 956 29232 2527 15246 803 255 527 159 1044 206 184 400 650 4099 9506 484 752 1010 1282 1591
leaf_count=68636 426 1227 1914 1185 962 569 16086 87091 3627 20339 956 29232 2527 15246 803 255 527 159 1044 206 184 400 650 4099 9506 484 752 1010 1282 1591
internal_value=-4.50318e-05 -0.000109692 -0.000435104 0.00130475 -0.000644225 -0.00145601 -0.00172551 -0.00029067 -0.000190645 0.00135962 0.00307624 -0.000962964 -0.000608779 0.000608333 0.00686443 0.000604389 -0.00240385 0.0103914 -0.00469602 0.00973033 -0.00316389 0.00551202 0.0106833 0.00145045 0.00255313 -0.00112707 0.00229485 0.000230556 -0.00491692 0.00259422
internal_weight=272975 269908 186026 19795 166231 50157 47416 116074 113584 23966 2741 31146 89618 83882 2147 17648 3788 1344 2490 775 16270 3067 1050 13860 9761 1528 1279 1966 2509 2017
internal_count=272975 269908 186026 19795 166231 50157 47416 116074 113584 23966 2741 31146 89618 83882 2147 17648 3788 1344 2490 775 16270 3067 1050 13860 9761 1528 1279 1966 2509 2017
is_linear=0
shrinkage=0.03


Tree=8
num_leaves=31
num_cat=0
split_feature=16 46 40 27 120 34 16 18 17 74 56 45 50 82 15 33 36 38 79 14 43 77 23 36 141 12 42 93 1 59
split_gain=113.336 68.4866 67.397 57.5614 57.7568 44.7661 58.8706 79.2185 46.7696 43.6077 79.294 43.4162 55.2219 42.8803 66.0584 52.3514 43.2492 56.1634 45.8937 40.7838 40.3704 42.8236 38.144 49.2887 52.1105 37.0549 36.9754 34.8304 33.125 32.9877
threshold=1.2206377983093264 1.0773737430572512 -0.030343431979417797 0.090825200080871596 0.7078249752521516 0.23513375222682956 1.0962284207344057 0.99878841638565075 1.1359897851943972 0.35000000894069677 1.1469861865043642 1.0296058058738711 0.94222691655159008 0.80833333730697643 1.0903903245925906 0.88617849349975597 0.71091732382774364 -0.00513406260870397 0.84999999403953563 1.0395836234092715 1.0032941699028017 0.19166667014360431 0.017329806461930278 0.80461445450782787 0.84492331743240368 0.98191726207733165 -0.091821700334548936 -0.19620541483163831 0.060804652050137527 0.91469532251358043
decision_type=10 8 8 10 10 8 8 10 8 2 10 10 10 2 10 10 10 10 2 8 10 2 10 10 10 10 8 10 10 10
left_child=1 2 -1 4 5 8 7 -7 19 -6 -11 12 20 16 15 -15 18 27 29 -3 -4 -22 -2 -24 28 -13 -8 -18 -25 -5
right_child=22 3 11 13 9 6 26 -9 -10 10 -12 25 -14 14 -16 -17 17 -19 -20 -21 21 -23 23 24 -26 -27 -28 -29 -30 -31
leaf_value=0.003044032254643812 -0.0010230945457348839 -0.00045470760231036998 0.001545528807329534 0.006134949388465467 -6.572140603418745e-05 -0.0033928417282492757 0.0028933809191783221 -0.00018695089873488463 0.0018521813948320198 0.0014744629197901787 0.013987746549152059 -0.0075403460124694672 0.0014916711206889215 0.011547242581081474 5.1144936781808684e-05 -0.0030442497971249214 0.00088375755370809477 -0.0002714500400097162 0.0025431607456572582 -0.0050164032080506548 -0.0018095068924283554 0.00022984693752718102 0.0023888687683383419 -0.0045404969498582881 0.012995514797085449 -0.00030504853433825749 -0.0036366777285315377 0.019303272126384375 0.01255391791519918 -0.0050930736382436516
leaf_weight=7650 703 13230 11523 222 13109 9634 757 25467 7054 2635 554 627 37196 1228 1575 223 188 616 1533 2058 13998 26753 1695 303 1258 73407 15080 282 127 2290
leaf_count=7650 703 13230 11523 222 13109 9634 757 25467 7054 2635 554 627 37196 1228 1575 223 188 616 1533 2058 13998 26753 1695 303 1258 73407 15080 282 127 2290
internal_value=7.21139e-06 -6.72185e-05 0.000293341 -0.000701632 -0.000923579 -0.0012842 -0.00177568 -0.00107683 -0.000149657 0.000679054 0.00381541 0.000162451 0.00060836 0.00169533 0.00451503 0.00908987 0 0.00528098 -0.00140979 -0.00109413 -1.47615e-05 -0.000463859 0.00495478 0.00628387 0.00994562 -0.000372396 -0.00330237 0.0128845 0.000175212 -0.00394168
internal_weight=272975 268889 171154 97735 89578 73280 50938 35101 22342 16298 3189 163504 89470 8157 3026 1451 5131 1086 4045 15288 52274 40751 4086 3383 1688 74034 15837 470 430 2512
internal_count=272975 268889 171154 97735 89578 73280 50938 35101 22342 16298 3189 163504 89470 8157 3026 1451 5131 1086 4045 15288 52274 40751 4086 3383 1688 74034 15837 470 430 2512
is_linear=0
shrinkage=0.03


Tree=9
num_leaves=31
num_cat=0
split_feature=22 86 1 39 50 48 42 1 116 33 23 27 33 44 19 86 32 86 21 35 3 38 28 22 127 34 77 104 43 48
split_gain=86.5652 70.2362 63.2976 55.3931 68.9696 70.6897 61.3774 54.8277 90.7913 55.8675 54.6915 52.815 47.9381 64.9572 53.7867 54.3282 48.6054 45.8106 71.458 79.1902 57.5104 64.489 56.8898 43.7705 41.1316 40.9751 49.2925 44.599 42.0576 40.9642
threshold=1.1661723852157595 -0.81666666269302357 0.018544884398579601 0.024417052976787094 0.77039915323257457 0.90708911418914806 0.12005405128002168 0.060804652050137527 0.34285710752010351 0.96601486206054699 0.012699852231889965 0.023396749980747703 0.37253709137439733 1.0409234166145327 0.97405013442039501 -0.58333334326744068 -0.0037869409425184126 0.68333333730697643 0.93595576286315929 0.8209669589996339 0.01792514976114035 -0.001645433949306607 -0.013876122888177632 1.0312215685844424 -0.31216201186180109 0.93883177638053905 0.17500000447034839 0.68333333730697643 1.0776746273040774 0.98794132471084606
decision_type=10 2 10 10 10 10 10 10 10 10 10 10 8 8 8 2 10 2 8 10 10 10 10 10 10 10 2 2 10 10
left_child=1 2 -1 12 -5 6 -6 9 -9 25 -4 -7 13 16 -15 -16 -3 18 19 -14 22 -22 -19 -13 -12 26 27 28 -2 -18
right_child=7 3 10 4 5 11 -8 8 -10 -11 24 23 17 14 15 -17 29 20 -20 -21 21 -23 -24 -25 -26 -27 -28 -29 -30 -31
leaf_value=3.6182868763605069e-05 -0.00074504793737480157 0.0043918446089667943 -0.0056721566466571803 -0.015062576336967747 0.0055031827592737096 0.008218059029569914 -0.009192740377227334 0.016365057671317108 0 -0.010057564207818358 0.0047320054008188183 -0.0050698752025494821 -9.3731200356824313e-05 0.007496308341255262 0.0010381980682276385 -0.0026126919897194508 -0.00051398745893103232 0.0081567883376655551 0.0004262588269217173 -0.0083904802264764874 0.013110794683357485 -0.00022003658000154024 0.0010117049363157278 -0.00028256692673251651 -0.0021769348132383267 0.018729479261517724 0.0060639936780177203 -0.0052261290381443093 0.011443774750659939 0.0012074552169502582
leaf_weight=12520 633 2308 4378 339 1771 339 267 696 589 292 800 4924 2694 528 4396 19098 43799 1047 112663 1742 787 475 22798 2850 9697 129 1674 1024 364 17345
leaf_count=12520 633 2308 4378 339 1771 339 267 696 589 292 800 4924 2694 528 4396 19098 43799 1047 112663 1742 787 475 22798 2850 9697 129 1674 1024 364 17345
internal_value=1.63172e-06 -7.33043e-05 -0.00151251 8.9722e-05 -0.00203765 -0.00154442 0.00336146 0.00375587 0.00918284 0.00195284 -0.00283445 -0.0028189 0.000188359 -0.000362168 -0.00169107 -0.00191651 0.000136584 0.000529113 0.000276588 -0.00344219 0.00169379 0.00793408 0.00134458 -0.00335854 -0.00161387 0.00299555 0.00226762 -0.000758543 0.00354758 -2.05179e-05
internal_weight=272966 267565 27395 240170 10490 10151 2038 5401 1285 4116 14875 8113 229680 87474 24022 23494 63452 142206 117099 4436 25107 1262 23845 7774 10497 3824 3695 2021 997 61144
internal_count=272966 267565 27395 240170 10490 10151 2038 5401 1285 4116 14875 8113 229680 87474 24022 23494 63452 142206 117099 4436 25107 1262 23845 7774 10497 3824 3695 2021 997 61144
is_linear=0
shrinkage=0.03


Tree=10
num_leaves=31
num_cat=0
split_feature=32 26 86 33 39 25 115 72 83 53 12 102 113 1 33 59 86 1 14 48 81 86 9 115 5 12 54 49 18 136
split_gain=86.9375 74.0496 62.7799 93.9297 62.7295 71.6064 66.1684 70.4164 66.4791 51.3912 50.6099 45.878 45.4444 44.0543 39.5337 36.2564 34.6436 61.9239 42.2022 32.8593 67.7211 57.3835 48.8409 38.7467 32.4286 30.6808 33.693 30.1904 48.8955 35.3179
threshold=-0.0049950752872973672 0.019933737814426426 -0.58333334326744068 0.9329836666584016 0.01746934745460749 0.041502594947814948 0.74840733408927929 0.8293837606906892 -0.50000001490116108 0.97813132405281078 0.98570287227630626 0.53529900312423717 0.58974376320838939 0.03421308100223542 0.70222830772399913 0.87291401624679577 -0.81666666269302357 0.017891236580908302 0.97896850109100353 0.91444790363311779 0.050000002607703216 0.84999999403953563 1.017922103404999 0.70000013709068309 0.011589958798140289 0.98938328027725231 0.99498924612998974 0.93619096279144298 1.0374777317047121 0.91280296444892894
decision_type=10 8 2 10 10 10 10 10 10 10 10 2 8 10 10 10 2 10 10 10 2 2 10 10 10 8 8 10 10 10
left_child=2 12 3 9 5 11 7 8 -7 -1 -8 16 -2 -9 -13 -6 17 -3 -18 21 -21 -17 -22 -23 -12 -4 -27 29 -29 -11
right_child=1 4 25 -5 15 6 10 13 -10 27 24 14 -14 -15 -16 19 18 -19 -20 20 22 23 -24 -25 -26 26 -28 28 -30 -31
leaf_value=-0.0047988201394323663 0.00010765368347379811 0 0.006507273399709931 -0.0072533315122952809 -0.010520416589736353 0.003021525890375801 -0.013404760368704182 0.0027742649020151243 -0.00048464789989915009 0.012837558552656142 -0.003377951276118671 -0.00011573745958789043 0.0016975820658953532 0.0098337352700280951 0.0025799756389380704 -0.00080028832541516315 -0.0014034844439241533 -0.0036500983201728891 -0.0001075355228835995 -0.0076752129315525103 -0.0014071285544810866 0.01683679247538461 -0.016029569069317108 0.0010230647200488879 0.0035614640035093359 -0.0082096442204958025 0.00053935325245199942 0.0018922488922842652 0.013742371603604942 0
leaf_weight=254 43354 7501 675 418 425 8543 345 2255 10996 1455 2062 14422 26227 1401 7245 3243 33112 9147 73111 1866 16669 284 193 345 803 414 4300 1331 431 172
leaf_count=254 43354 7501 675 418 425 8543 345 2255 10996 1455 2062 14422 26227 1401 7245 3243 33112 9147 73111 1866 16669 284 193 345 803 414 4300 1331 431 172
internal_value=-2.37255e-05 -0.000126284 0.00279904 0.00561563 -0.00042843 -0.000228329 0.00120436 0.00177125 0.00103453 0.00720566 -0.00278469 -0.000492266 0.000711567 0.00559989 0.000773368 -0.00189952 -0.000717977 -0.00199595 -0.000514523 -0.00171498 -0.00223882 0.000740098 -0.00161106 0.0089242 -0.00131778 0.000608167 -0.000197081 0.00821625 0.00508094 0.0113266
internal_weight=272999 263549 9450 4061 193968 170943 26405 23195 19539 3643 3210 144538 69581 3656 21667 23025 122871 16648 106223 22600 18728 3872 16862 629 2865 5389 4714 3389 1762 1627
internal_count=272999 263549 9450 4061 193968 170943 26405 23195 19539 3643 3210 144538 69581 3656 21667 23025 122871 16648 106223 22600 18728 3872 16862 629 2865 5389 4714 3389 1762 1627
is_linear=0
shrinkage=0.03


Tree=11
num_leaves=31
num_cat=0
split_feature=16 25 86 55 14 16 33 36 85 5 33 49 122 1 78 86 56 33 23 92 116 49 43 38 38 42 38 42 15 21
split_gain=106.593 58.1321 51.0618 51.7411 81.849 99.3389 118.183 73.0036 74.2931 55.0248 54.7813 61.0139 48.4293 52.5331 43.9655 43.5603 39.8553 50.668 39.1993 34.1923 32.2055 73.7911 54.0897 46.6972 32.473 28.0045 24.5459 30.1495 24.4012 30.0451
threshold=1.2206377983093264 0.012543265242129566 -0.81666666269302357 0.93731585144996654 0.89384698867797863 0.7394753396511079 0.83901411294937145 0.80770382285118114 0.87500000000000011 0.0097402441315352934 0.61297926306724559 0.8330044448375703 0.6606060564517976 0.017891236580908302 0.30000000447034841 -0.71666666865348805 1.1637761592864992 0.96601486206054699 0.010140225756913425 0.72404792904853832 0.33832040429115301 0.93687298893928539 1.0670440196990969 -0.0013245306327007709 -0.010560782626271246 -0.091821700334548936 0.0027472738875076179 0.0027046955656260256 1.1093785762786867 1.0707568526268008
decision_type=10 10 2 10 8 8 10 10 2 10 8 10 10 10 10 2 10 10 10 10 10 10 10 10 10 10 10 10 10 10
left_child=1 -1 12 7 5 9 -7 8 14 -5 15 -12 13 28 -4 -6 -2 20 -15 -9 21 -18 24 -24 -23 -20 -14 -28 29 -3
right_child=16 2 3 4 10 6 -8 19 -10 -11 11 -13 26 18 -16 -17 17 -19 25 -21 -22 22 23 -25 -26 -27 27 -29 -30 -31
leaf_value=0.0010421967705460215 -0.00059970777302023755 -0.00010553645664826597 -0.0071152999691932511 -0.021349786060852756 0.0015206361028464465 0.0092618184620209491 -0.0038161181127547485 0.0072128215232154236 -0.019914949308657125 0.0019168522465999609 0.012682726394049231 0.00037867152874823987 0.00052720182915178178 -0.0067531674435439785 0.0062865638155066824 -0.00072659409467321404 0.021612061923357795 -0.0076154267088523863 0.0033907572777811873 -0.0087273929613002101 0.0019896044240036571 -0.013111580576627485 0.014662374477792331 0.0019259529615544336 0.0027601031358598879 -0.0026777930034733058 0.0028051402189737686 0.019397585661998683 0.0052878192520174738 -0.0077391495837771098
leaf_weight=35496 862 8294 966 176 8274 2480 778 516 363 126 346 86609 1290 2220 244 106999 369 183 668 124 875 135 732 497 398 11559 404 148 667 478
leaf_count=35496 862 8294 966 176 8274 2480 778 516 363 126 346 86609 1290 2220 244 106999 369 183 668 124 875 135 732 497 398 11559 404 148 667 478
internal_value=-1.30281e-05 -8.69717e-05 -0.000259814 -0.000102254 -5.14889e-05 0.00444262 0.0060431 -0.00464583 -0.00815032 -0.0111947 -0.000132518 0.000433985 -0.00152091 -0.00189071 -0.0041106 -0.000562456 0.00480377 0.00635248 -0.00302761 0.00349898 0.00734668 0.0093679 0.00642158 0.00986535 -0.00104624 -0.00231676 0.00308207 0.008301 -0.000116164 -0.000572285
internal_weight=273276 269225 233729 208001 205788 3560 3258 2213 1573 302 202228 86955 25728 23886 1210 115273 4051 3189 14447 640 3006 2131 1762 1229 533 12227 1842 552 9439 8772
internal_count=273276 269225 233729 208001 205788 3560 3258 2213 1573 302 202228 86955 25728 23886 1210 115273 4051 3189 14447 640 3006 2131 1762 1229 533 12227 1842 552 9439 8772
is_linear=0
shrinkage=0.03


Tree=12
num_leaves=31
num_cat=0
split_feature=26 38 46 40 77 41 25 51 15 45 117 36 140 24 86 34 35 27 86 54 38 29 52 1 21 8 23 50 98 73
split_gain=68.6439 77.5375 61.9781 58.9524 56.2584 55.6055 53.9576 57.2623 49.9722 68.4431 49.8422 59.0848 61.0716 52.2053 45.6871 48.5716 45.3926 60.0692 68.7234 47.953 47.1537 52.841 44.4869 43.9126 42.855 42.7731 42.0095 41.8097 39.7738 38.527
threshold=0.074481844902038588 -0.0013245306327007709 1.0748502612113955 -0.030343431979417797 0.091666668653488173 0.026705933734774593 0.042319050058722503 0.78793534636497509 0.92459937930107128 1.0277463197708132 0.66942158341407787 0.80461445450782787 0.78404998779296886 0.018878442235291008 0.88333332538604747 0.44013407826423651 0.82423430681228649 0.090825200080871596 -0.58333334326744068 0.99127179384231578 -0.022880334407091137 -0.00039027821912895883 0.76852816343307506 0.03868034482002259 0.90699493885040294 0.33333949744701391 0.013268251437693836 0.89633530378341686 0.55000001192092907 0.90000000596046459
decision_type=10 10 8 8 2 10 10 10 10 10 10 10 10 10 2 10 8 10 2 10 8 10 10 10 10 10 10 10 2 10
left_child=2 6 3 22 5 -5 7 -2 14 -10 11 -8 -13 -14 15 -6 17 19 29 -4 28 -22 -1 27 -25 -18 -16 -7 -21 -19
right_child=1 -3 16 4 8 23 10 -9 9 -11 -12 12 13 -15 26 -17 25 18 -20 20 21 -23 -24 24 -26 -27 -28 -29 -30 -31
leaf_value=0.0105608149051438 -0.019940631121117623 -7.7879802792107941e-05 -0.0049722250907235444 -0.0003355132819281352 0.00062001848207392902 -0.0080720331956899549 0.0037141631763991058 0.0026465140136757068 0.001626039359667748 8.1242034064842139e-06 -0.0018595764888690927 -0.00038514952059301194 -0.0006239207264967262 0.015957239237587639 -0.0028786567938769297 -0.002541313625340511 0.0019798217868319317 0.0088310636612108345 -0.0003721606362383352 -0.0027697536872385948 -0.0013918442261920104 0.00044181726721949388 0.0021535285536489457 -0.013661248457663861 0.0050390791282507764 -0.0015779878510311402 0.0037600705841891531 -0.0023158629403077554 -0.019679698042776184 -0.0004044097326581646
leaf_weight=641 130 4931 2887 33868 6602 1936 2031 246 45358 49661 532 273 155 1306 1102 12184 9839 1509 3556 428 57164 18486 5910 102 809 4293 3203 3288 203 469
leaf_count=641 130 4931 2887 33868 6602 1936 2031 246 45358 49661 532 273 155 1306 1102 12184 9839 1509 3556 428 57164 18486 5910 102 809 4293 3203 3288 203 469
internal_value=0 0.00248918 -9.03114e-05 0.000264826 0.000147101 -0.00082225 0.00525067 -0.00501798 0.000478037 0.000783784 0.00623779 0.007465 0.0115948 0.0140109 -0.000766716 -0.00141489 -0.000684963 -0.000949276 0.00204791 -0.00116304 -0.00101367 -0.000939804 0.00305146 -0.0034507 0.00237457 0.000877134 0.00198586 -0.00452894 -0.00910818 0.00650898
internal_weight=273102 9604 263498 164664 158113 40003 4673 376 118110 95019 4297 3765 1734 1461 23091 18786 98834 84702 5534 79168 76281 75650 6551 6135 911 14132 4305 5224 631 1978
internal_count=273102 9604 263498 164664 158113 40003 4673 376 118110 95019 4297 3765 1734 1461 23091 18786 98834 84702 5534 79168 76281 75650 6551 6135 911 14132 4305 5224 631 1978
is_linear=0
shrinkage=0.03


Tree=13
num_leaves=31
num_cat=0
split_feature=56 13 81 26 27 12 11 115 12 39 53 86 64 35 72 140 10 120 56 46 19 10 6 56 38 60 72 46 28 18
split_gain=64.8453 60.564 54.6711 51.6204 83.506 62.5138 59.3614 103.802 63.4422 54.3735 51.8852 50.3377 49.4661 47.4477 71.7456 46.2484 46.1434 42.6659 34.4847 31.5222 41.0238 29.3961 31.0085 28.8478 26.2664 32.9295 37.1189 32.2598 23.2102 22.9318
threshold=1.1791024804115298 1.1147735714912417 0.28333334624767309 0.021648212336003784 0.075317058712244048 1.0010165572166445 0.97421732544898998 0.7554721236228944 0.98512974381446849 0.025249272584915165 0.97813132405281078 -0.74999999999999989 0.47499999403953558 0.78593879938125621 0.76056352257728588 0.81253799796104442 1.0459563732147219 0.31617666780948644 1.1575869321823122 1.0041038393974306 0.9546838402748109 1.0311891436576845 0.4666662216186524 0.97597649693489086 -0.0024419323308393355 1.0315961241722109 0.037878938019275672 1.2675706148147585 0.004099117126315833 1.0076925158500674
decision_type=10 10 2 10 8 10 10 10 10 10 10 2 10 10 10 10 10 10 10 10 10 10 10 10 10 10 10 10 10 10
left_child=1 3 -3 12 5 19 7 10 -9 17 -6 15 -1 14 -7 -2 -15 -8 -11 28 -21 22 29 -24 27 -26 -27 -17 -5 -14
right_child=11 2 -4 4 6 13 9 8 -10 18 -12 -13 21 16 -16 24 -18 -19 -20 20 -22 -23 23 -25 25 26 -28 -29 -30 -31
leaf_value=-0.0001736971583817946 -0.00043697075152426563 -0.018185637757452751 -0.001766208640462254 -0.0026634638572811532 -0.00048696183237536736 -0.00071067945345630319 0.004962871161339125 -0.019771766681203316 0.00035736760659651318 -0.0074913741847709358 0.0063647102467309829 0.00017604356561528336 0.0015465389942416177 0.0013490972835862325 0.0024855632842405071 0.0040439696011984414 0.012257870954616192 0.00035923270064536184 0.007887880318144809 -0.0043095216768817193 -0.0010998762807052935 -0.0088260049803926422 0.008216810793772511 -0.00063011696484634226 -0.0014020673823542892 0 0.013573005452860424 0.016584985152425721 0.001859430275935712 0.0057638362170045181
leaf_weight=38658 664 288 581 1218 1158 47596 2032 232 255 1079 4674 2631 37195 14074 7246 397 347 17477 114 3830 74324 231 323 8463 430 287 454 585 5030 1242
leaf_count=38658 664 288 581 1218 1158 47596 2032 232 255 1079 4674 2631 37195 14074 7246 397 347 17477 114 3830 74324 231 323 8463 430 287 454 585 5030 1242
internal_value=5.06867e-05 -1.4264e-05 -0.00783202 1.06603e-05 -0.000276269 -0.000548101 0.00125777 0.00380472 -0.00904183 0.000462951 0.00495597 0.00328504 0.000616123 0.000115948 -0.000282155 0.00606131 0.00164897 0.000858687 -0.00566863 -0.00109649 -0.00126207 0.00126566 0.0013251 -0.000252886 0.00818905 0.00459661 0.00841721 0.0119963 0.000924179 0.00169354
internal_weight=273115 267667 869 266798 180686 153665 27021 6319 487 20702 5832 5448 86112 69263 54842 2817 14421 19509 1193 84402 78154 47454 47223 8786 2153 1171 741 982 6248 38437
internal_count=273115 267667 869 266798 180686 153665 27021 6319 487 20702 5832 5448 86112 69263 54842 2817 14421 19509 1193 84402 78154 47454 47223 8786 2153 1171 741 982 6248 38437
is_linear=0
shrinkage=0.03


Tree=14
num_leaves=31
num_cat=0
split_feature=16 26 33 33 14 41 88 138 3 80 86 56 117 38 39 12 35 39 22 5 54 11 30 37 25 23 28 118 81 82
split_gain=80.3948 63.9335 47.2677 44.9894 77.4707 84.2865 57.0584 63.0311 55.6177 64.9911 48.4011 75.4375 55.852 57.7965 51.4972 48.0959 47.7785 58.6761 48.681 45.1223 43.6014 50.4866 39.2432 37.1788 37.1415 35.9506 34.7436 33.4264 33.2189 32.6782
threshold=1.2394970059394839 0.018406318500638012 0.97387737035751354 0.37253709137439733 0.91430118680000316 0.016932987608015541 0.1447148993611336 0.70043230056762706 0.0072231567464768895 0.12500000372529033 0.68333333730697643 0.95272973179817211 0.44756554067134863 -0.022880334407091137 -0.015732801519334313 1.0066829919815066 0.73188582062721264 0.024417052976787094 0.93326634168624889 0.018456339836120609 1.0292166471481325 0.99616298079490673 -0.0071641574613749972 0.081547189503908171 0.027388261631131176 0.011086058337241413 0.001837667135987431 0.44250321388244634 0.25000000745058065 0.25833334028720861
decision_type=10 10 10 8 8 10 10 10 10 2 2 10 10 10 10 10 10 10 10 10 10 10 10 10 10 10 10 10 2 2
left_child=1 27 22 4 5 -3 7 -7 20 19 11 15 28 -14 -15 24 17 -13 -18 -10 21 -6 -2 -8 -5 -22 -11 29 -12 -1
right_child=2 3 -4 10 8 6 23 -9 9 26 12 16 13 14 -16 -17 18 -19 -20 -21 25 -23 -24 -25 -26 -27 -28 -29 -30 -31
leaf_value=0.00056510445991454382 0.0079245696119107471 -0.0028334540780725875 -0.012882592821890701 0.0044986569337532398 -0.00072443599687871505 -0.011833660826349342 -5.5030257958504892e-05 0.0076182843487771594 -0.006419727184269323 -0.0024025754344194046 -0.0075922241884527116 -0.00023500242518322974 -0.014177528424096284 0.0052137393022891314 0.0011403147048324011 0.0091928456890006983 -0.0041115020022910861 -0.0035544431269347049 0.0014002717897588467 0.0099032488735202612 -0.00012874421922366483 0.0016023922632557631 0.00012994806515794413 0.015794726893173607 -0.007675944831317563 -0.0036602513363341535 0.00088700377960261264 0.00020273661319565969 0.0066873330701715666 0.0027913799971790751
leaf_weight=12512 2038 864 102 206 34558 193 115 462 4026 10265 906 78906 182 3379 18091 158 1494 5110 23378 127 4553 11032 922 778 2175 6632 3848 33610 136 12043
leaf_count=12512 2038 864 102 206 34558 193 115 462 4026 10265 906 78906 182 3379 18091 158 1494 5110 23378 127 4553 11032 922 778 2175 6632 3848 33610 136 12043
internal_value=2.50825e-06 -5.14355e-05 0.00482138 -0.000294656 -0.000870383 0.00437641 0.00857666 0.0012614 -0.00104415 -0.00248813 3.56616e-05 -0.000219288 0.00129976 0.00163851 0.00179962 -0.00531289 -9.68097e-05 -0.000441264 0.0010541 -0.0058036 -0.000573583 -0.00015435 0.00561449 0.0134685 -0.00646897 -0.00225227 -0.00148444 0.000827917 -0.00535516 0.00167057
internal_weight=272801 269739 3062 211574 77453 2412 1548 655 75041 18266 134121 111427 22694 21652 21470 2539 108888 84016 24872 4153 56775 45590 2960 893 2381 11185 14113 58165 1042 24555
internal_count=272801 269739 3062 211574 77453 2412 1548 655 75041 18266 134121 111427 22694 21652 21470 2539 108888 84016 24872 4153 56775 45590 2960 893 2381 11185 14113 58165 1042 24555
is_linear=0
shrinkage=0.03


Tree=15
num_leaves=31
num_cat=0
split_feature=16 26 38 58 49 3 36 49 3 62 10 58 78 71 34 26 15 25 42 10 24 44 33 36 52 33 38 113 33 24
split_gain=82.9964 52.7897 73.4593 65.3062 82.4227 60.5831 87.0238 57.5685 79.9612 66.9071 41.3685 41.3322 40.505 82.8408 48.3275 35.6823 47.156 54.1405 46.8451 54.914 36.5779 34.9552 34.6193 34.4753 65.3501 90.4685 41.9927 34.3409 33.6162 31.69
threshold=1.2206377983093264 0.021392118185758594 -0.00088038985268212844 0.90896162390708934 0.85446846485137951 0.02461957931518555 0.52188491821289074 0.8330044448375703 0.010563364718109371 0.82430094480514537 1.0355787277221682 0.99365940690040599 0.5000000149011613 0.93288603425025951 0.15576718747615817 0.068551946431398406 0.78758910298347484 0.036322500556707389 0.082661904394626631 1.0198371410369875 0.049329595640301711 1.0512062311172488 0.63495838642120372 0.80461445450782787 0.94112420082092296 0.64307919144630443 0.010280042886734011 0.59259378910064708 0.93596476316452037 0.04390272684395314
decision_type=10 10 10 10 10 10 10 10 10 10 10 10 10 10 10 10 10 10 10 10 10 10 10 10 10 10 10 8 10 10
left_child=1 10 5 4 -4 15 11 8 9 -5 27 -7 13 -9 -14 18 20 -18 21 -20 -17 -3 -10 -2 -25 29 28 -1 -27 -26
right_child=23 2 3 7 -6 6 -8 12 22 -11 -12 -13 14 -15 -16 16 17 -19 19 -21 -22 -23 -24 24 25 26 -28 -29 -30 -31
leaf_value=0.00012046566406081329 0.0012874787668880963 0.00065340917706434613 -0.016922107026242941 -0.0001421691560989014 0.0053543303798692272 0.0073893197626723845 0.014575646586449458 -0.0027122668268834507 0.0031618839341860548 0.019632307267722693 -0.0077961279996591254 -0.0086450157292790458 0.00099717434409783484 0.00081974725972815273 -0.0009342265086495819 0.001824810131622504 -0.006927435968333619 0.0047061406025633952 -0.0058629290188566266 0.0033242431306532245 -0.014202541723810136 -0.00067937984727277345 -0.01711243166365254 0.016104095811868051 -0.010549567878038343 0.014570196208864437 -0.0065551658030956108 0.0013840163141285377 0 0.0052774264525311688
leaf_weight=52085 2049 49373 467 197 179 227 619 23431 110 397 507 310 14899 7853 51736 197 358 4025 2341 719 230 27448 122 525 392 645 104 31366 232 115
leaf_count=52085 2049 49373 467 197 179 227 619 23431 110 397 507 310 14899 7853 51736 197 358 4025 2341 719 230 27448 122 525 392 645 104 31366 232 115
internal_value=-1.39549e-05 -7.94231e-05 -0.000363218 -0.000919065 -0.0103237 0.000276895 0.00704604 -0.000852423 0.00689941 0.0127945 0.000543083 -0.00130645 -0.000922273 -0.00181611 -0.000497712 0.000179315 0.00268388 0.00366063 2.41158e-05 -0.00359927 -0.00638625 0.000173249 -0.00682111 0.00423037 0.0070362 0.00346675 0.00885298 0.000599197 0.01112 -0.00632632
internal_weight=273258 269196 185238 99391 646 85847 1156 98745 826 594 83958 537 97919 31284 66635 84691 4810 4383 79881 3060 427 76821 232 4062 2013 1488 981 83451 877 507
internal_count=273258 269196 185238 99391 646 85847 1156 98745 826 594 83958 537 97919 31284 66635 84691 4810 4383 79881 3060 427 76821 232 4062 2013 1488 981 83451 877 507
is_linear=0
shrinkage=0.03


Tree=16
num_leaves=31
num_cat=0
split_feature=16 29 57 35 42 41 26 40 41 71 38 125 57 103 1 25 12 52 13 39 36 139 86 156 78 70 22 53 30 11
split_gain=80.8204 48.5109 86.6194 59.0698 55.1797 54.093 80.9196 50.1234 93.051 56.3032 53.9251 47.1762 65.4417 45.4069 44.8681 44.3341 44.0734 39.829 63.6033 52.2034 39.328 38.1649 36.5133 38.2738 36.0651 41.4217 35.8743 31.1209 27.8198 27.2564
threshold=1.2394970059394839 -0.0011563174775801597 1.1707749962806704 0.82423430681228649 0.067746125161647811 -0.038226187229156487 0.030101267620921138 -0.030343431979417797 -0.039029836654663079 0.54477620124816906 -0.015660735778510567 0.49697594344615942 0.92394757270812999 0.36666667461395269 0.040460437536239631 0.020552018657326702 0.98570287227630626 0.97578206658363353 1.0478630661964419 -0.01747992821037769 0.05603845231235028 1.1567410230636599 -0.516666680574417 -0.025130630470812317 0.70000001788139354 0.046728927642107017 0.98360165953636181 1.0002185702323916 -0.010216695722192524 0.98799082636833202
decision_type=10 8 10 10 10 10 10 8 8 10 8 10 8 2 10 10 10 10 10 10 10 10 2 10 10 10 10 10 10 10
left_child=1 3 7 4 5 24 14 9 15 10 -3 12 -10 -8 -7 -9 -13 18 -5 -19 -11 -17 23 -4 -1 -26 -22 -25 -2 -30
right_child=28 2 22 17 -6 6 13 8 11 20 -12 16 -14 -15 -16 21 -18 19 -20 -21 26 -23 -24 27 25 -27 -28 -29 29 -31
leaf_value=-0.0026276235060976108 0.0080375468335668453 -0.013744510474168015 0.012412476495195579 -0.0015641175455056006 0.0095383873337414101 -0.00035076113208472873 -0.0067197691494995018 0.00041732492632068249 0.0048736636084862721 0.018873863769647451 0.00083861409360143759 -0.0072892682944329648 0.00015989199729651477 -0.0021255182905621168 -0.0062802096045964616 -0.01689168501716257 -0.0010912408463959059 -0.0063086705499782077 0.0079017661046831209 0.0029172930752542603 0.0054763466808223351 0 0.00065785261289607558 -0.00093746385018128044 -0.0011717257072116917 0.0021580926302161691 -0.001456474266384218 0.0067242730242531882 -0.0022063570180915872 0.0053376588887940465
leaf_weight=2613 1376 276 763 6365 436 50779 2157 235 2693 163 855 1181 130360 26600 1164 529 9210 550 685 9144 3034 117 1612 644 4690 11028 771 1293 705 931
leaf_count=2613 1376 276 763 6365 436 50779 2157 235 2693 163 855 1181 130360 26600 1164 529 9210 550 685 9144 3034 117 1612 644 4690 11028 771 1293 705 931
internal_value=-2.18907e-05 -7.76859e-05 0.000270656 -0.000541057 -0.000820304 -0.000870855 -0.0012062 0.000147319 4.17324e-05 0.00306545 -0.00263648 0.000104154 0.000258272 -0.00248498 -0.000491775 -0.00956553 -0.00183715 0.0010989 -0.000582199 0.00235105 0.00477097 -0.013551 0.004455 0.00659024 0.00058881 0.00114524 0.00399286 0.00404011 0.00484727 0.00191818
internal_weight=272959 269947 153736 116211 99467 99031 80700 149424 144325 5099 1131 143444 133053 28757 51943 881 10391 16744 7050 9694 3968 646 4312 2700 18331 15718 3805 1937 3012 1636
internal_count=272959 269947 153736 116211 99467 99031 80700 149424 144325 5099 1131 143444 133053 28757 51943 881 10391 16744 7050 9694 3968 646 4312 2700 18331 15718 3805 1937 3012 1636
is_linear=0
shrinkage=0.03


Tree=17
num_leaves=31
num_cat=0
split_feature=31 140 119 29 22 3 12 55 36 113 41 1 42 78 13 43 44 55 24 33 27 76 39 78 50 6 69 51 13 1
split_gain=59.1999 60.8663 57.1984 53.3839 65.4535 54.2365 59.4276 58.9496 72.2084 52.5245 51.1021 85.1865 50.507 49.1084 52.2814 43.9595 43.7215 56.0638 43.7083 42.8718 52.6211 41.8874 41.5342 41.1443 42.3987 40.7409 69.7359 40.5145 39.7904 38.4978
threshold=-0.0075392194557934991 0.81253799796104442 0.46728996932506567 -0.0011563174775801597 1.092613756656647 0.01792514976114035 0.98710510134696972 0.93731585144996654 0.79486623406410228 0.91666629910469066 -0.028886320069432255 0.018348633311688903 0.065921377390623107 0.70000001788139354 1.1147735714912417 1.0223809480667116 1.0659341216087344 1.0930447578430178 0.055742703378200538 0.15984327346086505 0.036788588389754302 0.083333335816860213 0.0051287170499563226 0.30000000447034841 0.97389742732048046 0.37096759676933294 0.68325799703598034 0.95808383822441112 0.98209500312805187 0.053465308621525771
decision_type=8 8 10 8 10 10 10 8 10 10 10 10 10 10 10 10 10 10 10 8 8 2 10 10 10 10 10 10 8 10
left_child=1 -1 15 10 5 7 -7 8 9 -5 13 21 -13 16 29 -3 22 -18 23 20 -9 -12 -2 24 -4 -8 -27 -16 -21 -15
right_child=3 2 18 4 -6 6 25 19 -10 -11 11 12 -14 14 27 -17 17 -19 -20 28 -22 -23 -24 -25 -26 26 -28 -29 -30 -31
leaf_value=-0.0024537909867264236 0.0048561796462446892 -0.010659193216823041 0.013617775268786844 -0.015991813719404526 0.0043092538380436708 -0.012922443200893741 0.0032963051779584121 0.00038867276518109417 0.0030866695635248967 -0.0030548712178788363 0.0014177980867509919 -0.0021354866165765804 0.0084749923830901037 0.0010012811016686868 -0.013497048186159025 0.0041987468095836585 -0.0071549712132501758 0.00089252470734237901 0.011062356895835431 -0.00014543534940169973 -0.0020178659458782561 -0.00063345895646883831 -0.003773432553414632 0.0018897756677178153 -0.0032210790882352741 -0.00047023856911923068 0.025749971258573898 -0.0011943506541013916 0.00099198771263254732 0.0062181890841884416
leaf_weight=1442 1187 355 588 566 3577 162 3859 16549 588 707 12308 36670 378 24126 339 292 2145 1115 1058 51300 15821 32641 811 2657 130 126 182 953 59088 1357
leaf_count=1442 1187 355 588 566 3577 162 3859 16549 588 707 12308 36670 378 24126 339 292 2145 1115 1058 51300 15821 32641 811 2657 130 126 182 953 59088 1357
internal_value=8.40407e-06 0.00282879 0.00439086 -5.96862e-05 0.000306125 0.00020741 0.00351054 0.000105989 -0.00516502 -0.00919729 -0.000551589 -0.000949666 -0.00201462 0.000457992 0.000986447 -0.00357899 -0.00216973 -0.00432241 0.00563229 0.000177517 -0.000778793 -6.47288e-05 0.00120202 0.00378656 0.0101578 0.00427972 0.0147343 -0.00480758 0.000460752 0.00129551
internal_weight=273077 6522 5080 266555 152525 148948 4329 144619 1861 1273 114030 81997 37048 32033 26775 647 5258 3260 4433 142758 32370 44949 1998 3375 718 4167 308 1292 110388 25483
internal_count=273077 6522 5080 266555 152525 148948 4329 144619 1861 1273 114030 81997 37048 32033 26775 647 5258 3260 4433 142758 32370 44949 1998 3375 718 4167 308 1292 110388 25483
is_linear=0
shrinkage=0.03


Tree=18
num_leaves=31
num_cat=0
split_feature=16 25 86 39 49 3 10 82 62 40 27 24 24 51 47 87 42 5 42 87 2 36 1 115 24 1 77 78 79 10
split_gain=69.7649 52.8626 41.947 47.7392 90.2148 91.4981 87.079 72.4502 62.1327 44.3612 53.1135 45.2769 39.6994 107.329 38.0192 41.5583 37.4674 61.0956 41.6638 37.4586 59.2737 36.5283 51.2354 67.0922 46.1605 39.3968 43.5001 33.1265 32.6693 29.7785
threshold=1.2206377983093264 0.012410786934196951 0.88333332538604747 0.024417052976787094 0.8330044448375703 0.0084951412864029425 1.0191387534141543 0.92500001192092907 0.81051743030548107 -0.041960727423429482 0.097846109420061125 0.065308053046464934 0.018554405309259895 0.78137633204460155 1.0310750603675845 -0.60833334922790516 -0.077859010547399507 0.0031779714627191429 -0.0019962945953011508 -0.72499999403953541 0.86486473679542553 0.80461445450782787 0.055469902232289321 0.29752089083194738 0.045104321092367179 0.030520171858370308 0.19166667014360431 0.30000000447034841 0.25000000745058065 1.0111940503120425
decision_type=10 10 2 10 10 10 10 2 10 10 10 10 10 8 10 2 8 10 10 2 10 10 10 10 10 10 2 10 2 10
left_child=1 -1 3 4 5 8 -7 14 -3 10 -4 12 13 -11 27 -16 17 -6 -18 20 -9 -2 23 25 -24 -23 -27 -5 -14 -25
right_child=21 2 9 7 16 6 -8 19 -10 11 -12 -13 28 -15 15 -17 18 -19 -20 -21 -22 22 24 29 -26 26 -28 -29 -30 -31
leaf_value=0.0010269201596597513 0.00084203452363906795 0 0 -0.0043045680756872177 -0.0017438537452442533 -0.012103295148189516 0.011169709782219596 -0.0038496083288765037 0.020749827829513599 -0.025643280452117324 0.026950476973742133 -0.014492426738378745 0.0013483779460402895 0.0001649131980082867 0.00063606371662424093 -0.0059731344662845446 -0.00078032758924891858 0.0035523343532269476 7.8002806147955671e-05 0.0042295996342339021 0.0064737148113072655 0.0048700074455402314 0 0.0010323658861408505 0.019915946670652676 -0.014571887045470066 0.0019854918855105944 0.00396814569306401 0.0061002405232105971 0.016746826359411746
leaf_weight=34313 2016 172 132 797 2927 287 250 2057 478 130 116 138 3946 3811 921 5291 99876 5539 102599 1797 627 448 127 217 385 280 212 912 2123 357
leaf_count=34313 2016 172 132 797 2927 287 250 2057 478 130 116 138 3946 3811 921 5291 99876 5539 102599 1797 627 448 127 217 385 280 212 912 2123 357
internal_value=-1.1082e-05 -7.10447e-05 -0.000232763 -0.000320191 -0.000212746 0.00795784 -0.000717935 -0.00213052 0.0153806 0.00162368 0.013792 0.00127026 0.00154594 -0.000735852 -0.00385887 -0.00494621 -0.000260895 0.00168611 -0.000343944 0.000861595 -0.00129702 0.00388988 0.00673818 0.00360264 0.0149622 -0.00107476 -0.0070526 0 0.00307448 0.0115458
internal_weight=273281 269239 234926 224530 212128 1187 537 12402 650 10396 248 10148 10010 3941 7921 6212 210941 8466 202475 4481 2684 4042 2026 1514 512 940 492 1709 6069 574
internal_count=273281 269239 234926 224530 212128 1187 537 12402 650 10396 248 10148 10010 3941 7921 6212 210941 8466 202475 4481 2684 4042 2026 1514 512 940 492 1709 6069 574
is_linear=0
shrinkage=0.03


Tree=19
num_leaves=31
num_cat=0
split_feature=16 55 36 46 113 38 78 26 138 20 1 34 26 34 76 34 15 31 20 36 140 85 24 26 80 17 6 33 70 26
split_gain=61.9566 47.8871 55.9557 47.5825 46.4164 41.8761 70.5058 62.4469 52.5221 49.7441 45.72 50.2188 45.4936 44.1966 43.6612 40.6 36.3768 35.3897 35.081 32.2353 57.7562 26.439 26.002 63.7658 54.6849 26.3367 25.9507 22.9677 56.2999 24.8585
threshold=1.2206377983093264 0.92227786779403698 0.79486623406410228 1.0098422169685366 0.91666629910469066 -0.00081632685032673169 0.5000000149011613 0.069893267005682005 0.80969810485839855 1.0494689345359804 0.014285720419138672 0.77338486909866344 0.02312923222780228 0.18313195556402209 0.25000000745058065 0.78668355941772472 0.94542327523231517 -0.0025667016161605711 0.95731770992279064 0.80461445450782787 0.74450546503067028 0.82500001788139354 0.026391438208520416 0.032705772668123252 0.32500000298023229 1.032143831253052 0.26086981594562536 0.65570032596588146 0.10294099152088167 0.081169772893190398
decision_type=10 8 10 8 10 10 10 10 10 10 8 8 10 10 2 10 8 10 10 10 10 2 10 10 2 8 10 10 10 10
left_child=1 2 4 15 26 7 9 10 -9 12 16 -12 -7 18 -10 -3 -5 -15 -8 -2 -21 -6 -17 25 -25 -24 -1 28 -22 -30
right_child=19 3 -4 5 21 6 13 8 14 -11 11 -13 -14 17 -16 22 -18 -19 -20 20 27 -23 23 24 -26 -27 -28 -29 29 -31
leaf_value=-0.025853155990057119 0.00090734649153693296 0.0021112054565107252 0.0037629756175674629 -0.002609375764967226 0.00066267967150923201 -0.00039768268642033697 0.0076515410209481828 0 0.011890534443556292 0.0065390997729427138 -0.00059249812991140651 0.0013710466094674773 -0.0026682063291358898 -0.0015134271672812779 0.0033785036357190778 0.0006944632020624747 0.0013575551238121097 0 0.00084381117212075632 -0.0045840212492362017 -0.0084392360504689928 -0.013375376851286693 -0.012710954143592971 -0.0028169931666531035 0.0088017970165011547 0 -0.0027175946987699714 0.011968882818409059 -0.00033955045344445531 0.012564167794137939
leaf_weight=200 2078 16805 300 2163 312 13337 697 1851 901 623 64567 14248 20972 19621 1754 5497 31183 48257 23066 312 198 146 620 1361 474 201 100 938 129 421
leaf_count=200 2078 16805 300 2163 312 13337 697 1851 901 623 64567 14248 20972 19621 1754 5497 31183 48257 23066 312 198 146 620 1361 474 201 100 938 129 421
internal_value=4.85041e-05 -6.08921e-06 -0.00631721 1.81579e-05 -0.0106865 -0.000108743 -0.000487522 0.00029964 0.00375743 -0.00163419 0.000157406 -0.00023347 -0.00179507 -4.68981e-05 0.0064466 0.00126604 0.00108984 -0.000439853 0.00106237 0.00371054 0.00643942 -0.00355712 -0.000440219 -0.00288836 8.50783e-05 -0.00973494 -0.0197306 0.00868502 0.00397194 0.00910562
internal_weight=273332 269256 1058 268198 758 243240 126573 116667 4506 34932 112161 78815 34309 91641 2655 24958 33346 67878 23763 4076 1998 458 8153 2656 1835 821 300 1686 748 550
internal_count=273332 269256 1058 268198 758 243240 126573 116667 4506 34932 112161 78815 34309 91641 2655 24958 33346 67878 23763 4076 1998 458 8153 2656 1835 821 300 1686 748 550
is_linear=0
shrinkage=0.03


Tree=20
num_leaves=31
num_cat=0
split_feature=16 26 33 1 27 13 57 10 69 53 120 44 32 30 1 114 3 43 48 38 15 34 49 33 98 36 68 10 26 41
split_gain=58.5782 54.2931 62.3389 54.2678 51.3367 47.416 110.518 82.1176 84.7676 59.7989 48.0697 46.9154 53.7511 46.7009 46.7853 44.4948 41.3327 38.7088 38.3196 37.324 36.7184 36.6387 40.0641 44.6266 67.4193 47.3272 41.5079 40.8573 34.4944 34.1788
threshold=1.2206377983093264 0.021769763901829723 0.2562058717012406 0.036224953830242164 0.094099003821611418 0.96653175354003917 0.94218316674232494 1.0198371410369875 0.64705970883369457 0.98602780699729931 0.26159188151359564 1.0387821793556216 -0.0034201989183202382 0.0025293247308582072 0.02150536980479956 0.55725216865539562 0.012251112144440414 1.012975335121155 0.95416668057441723 -0.011702119838446377 0.95192882418632518 0.88303968310356151 0.96853992342948925 0.58173102140426647 0.36666667461395269 0.77601164579391491 0.15384746342897418 1.0343461632728579 0.02701603434979916 -0.028351320885121819
decision_type=10 10 8 10 10 8 10 10 10 10 10 10 10 10 10 10 10 10 8 8 10 10 10 10 2 10 10 10 10 10
left_child=1 3 4 18 11 7 10 -4 -9 -10 -7 12 15 19 -15 -3 -13 -6 -1 -8 -5 22 -2 25 27 -24 -26 29 -14 -25
right_child=21 2 5 20 17 6 13 8 9 -11 -12 16 28 14 -16 -17 -18 -19 -20 -21 -22 -23 23 24 26 -27 -28 -29 -30 -31
leaf_value=0.0034083016060013141 0.0054270902354224618 0.008427432772889187 -0.0017123552997372893 0.00097338697528253303 0.0099933110847852599 2.2755024478818378e-05 -0.0031008965360016134 -0.0076219249929358268 -0.005665417386685908 0.0073348846879859476 0.010280576554440752 -0.0020888077546670353 0.00052141711463202494 0.00011581423833396756 0.0029785566150729308 -0.00051104699502491297 -0.0064226060608381834 0.00081153408053197642 0.00050302581891625224 -5.7285158791821046e-05 -0.0067600831923198745 0.010993028575520364 0.0013187242078747336 -0.016639775626797308 0.019981282864585517 -0.0159880995620316 -0.00010887062215546437 0.0034132358159397439 -0.0018028079666109482 0
leaf_weight=4336 1808 1003 24776 766 496 665 3805 488 327 2322 1386 18310 8252 12073 9234 863 2314 2613 80850 75105 1493 519 206 215 230 286 101 493 17644 198
leaf_count=4336 1808 1003 24776 766 496 665 3805 488 327 2322 1386 18310 8252 12073 9234 863 2314 2613 80850 75105 1493 519 206 215 230 286 101 493 17644 198
internal_value=-2.746e-05 -8.26057e-05 -0.000379182 0.000530079 -0.00126267 -2.72609e-05 0.00026953 -0.0011248 0.00340211 0.00558726 0.00713186 -0.00150683 -0.000686114 0.000124701 0.00137216 0.00417286 -0.00259534 0.00242676 0.000655192 -0.000208596 -0.00402059 0.00354038 0.00230682 -0.000809241 0.00205168 -0.00838736 0.0133395 -0.00194728 -0.00105077 -0.00890109
internal_weight=273177 269121 181676 87445 51495 130181 102268 27913 3137 2649 2051 48386 27762 100217 21307 1866 20624 3109 85186 78910 2259 4056 3537 1729 1237 492 331 906 25896 413
internal_count=273177 269121 181676 87445 51495 130181 102268 27913 3137 2649 2051 48386 27762 100217 21307 1866 20624 3109 85186 78910 2259 4056 3537 1729 1237 492 331 906 25896 413
is_linear=0
shrinkage=0.03


Tree=21
num_leaves=31
num_cat=0
split_feature=32 47 42 9 29 127 6 8 138 43 38 37 86 84 12 25 40 13 27 14 94 77 14 77 6 41 37 25 86 78
split_gain=72.1717 55.8672 60.1877 54.1599 64.7528 55.1815 53.004 49.1019 59.1692 44.5989 41.3964 45.1112 40.5982 38.7432 91.6182 52.0942 74.1725 78.6804 43.1661 42.3352 37.2627 36.0251 45.0056 37.658 35.9085 35.4885 34.5812 31.6711 30.94 45.9396
threshold=-0.0049950752872973672 1.0944131016731264 -0.075341708958148942 0.96343693137168895 0.010921885725110771 0.31645566225051885 0.1428572088479996 0.85714098811149608 0.50915876030921947 1.1174971461296084 -0.02034240402281284 0.73783451318740856 0.91666665673255932 0.75000000000000011 1.014830529689789 0.021638273261487487 -0.027883775532245633 1.0361576676368716 0.063861351460218443 0.89384698867797863 0.59878244996070873 0.35833333432674414 0.86524444818496715 0.091666668653488173 0.20000012218952182 0.047472089529037483 0.6958906650543214 0.033914688974618919 -0.58333334326744068 0.30000000447034841
decision_type=8 8 8 10 10 8 10 10 8 10 8 10 2 2 10 10 10 8 10 10 10 2 8 2 10 10 8 10 2 10
left_child=7 3 6 4 5 25 -3 8 -1 21 11 -10 20 15 -15 18 17 -17 -5 -18 -6 22 24 -24 -4 -2 -11 -27 29 -12
right_child=1 2 9 13 12 -7 -8 -9 10 26 28 -13 -14 14 -16 16 19 -19 -20 -21 -22 -23 23 -25 -26 27 -28 -29 -30 -31
leaf_value=-0.0063222485874233044 -0.0069022055454434949 -0.00087584878329998708 0.021219563074109622 0.0004947603132772607 -0.024304171811586166 0.0084030337761225246 0.0033100335300609942 0.0085107661773642547 2.2696755177940917e-05 -0.012842239719046447 0.01024576549824037 0.019742009888618038 0 0.0018194906041091965 -0.012062568474502768 0.0046315855868713897 0.0036550056948173775 -0.0017995008184154935 0.004791915619074015 -0.0014277140966116925 -0.0012365982798423539 -0.0016140113437230154 -0.0010991838553497536 0.0002205870598326025 0 -0.0038135336087549354 0.00047134498901211852 0.010455467254451291 0 0.0016349670796065136
leaf_weight=706 1106 4613 135 73189 262 385 6298 1123 227 468 808 240 172 21098 412 4360 1489 2714 2168 35637 121 31787 39616 37612 114 269 207 227 3569 2101
leaf_count=706 1106 4613 135 73189 262 385 6298 1123 227 468 808 240 172 21098 412 4360 1489 2714 2168 35637 121 31787 39616 37612 114 269 207 227 3569 2101
internal_value=-3.32267e-05 -0.000123209 -0.000599264 0.000275341 -0.00403809 -0.00128962 0.0015145 0.00263894 0.00171803 -0.000812012 0.00259425 0.0111674 -0.0129693 0.000355756 0.0015287 0.000141997 -0.000672232 0.00212384 0.000623607 -0.00121393 -0.018184 -0.00076066 -0.000406353 -0.000452648 0.0118029 -0.00387885 -0.00843168 0.00228758 0.00189757 0.00418274
internal_weight=273233 264459 120850 143609 2542 1987 10911 8774 7651 109939 6945 467 555 141067 21510 119557 44200 7074 75357 37126 383 109264 77477 77228 249 1602 675 496 6478 2909
internal_count=273233 264459 120850 143609 2542 1987 10911 8774 7651 109939 6945 467 555 141067 21510 119557 44200 7074 75357 37126 383 109264 77477 77228 249 1602 675 496 6478 2909
is_linear=0
shrinkage=0.03


Tree=22
num_leaves=31
num_cat=0
split_feature=32 26 38 26 125 20 78 81 48 37 140 81 73 21 34 43 1 43 38 7 76 24 5 26 25 21 126 38 108 32
split_gain=72.393 51.9127 60.1501 51.4786 46.1481 60.6285 60.8633 52.8743 48.1158 43.2919 41.3255 47.882 38.6068 39.729 56.8063 36.0434 42.071 35.8103 35.5129 36.0485 35.3468 35.0454 32.6263 35.3352 32.0559 42.0055 35.8248 31.8533 45.7139 43.8546
threshold=-0.0049950752872973672 0.021392118185758594 -0.00075378685141913582 0.068551946431398406 0.49697594344615942 0.9630529284477235 0.30000000447034841 0.38333334028720861 0.97961786389350902 0.92799362540245067 0.78127467632293712 0.61666667461395275 0.90000000596046459 1.0530912280082705 0.87956127524375927 1.0147854685783388 0.034584961831569679 1.0019882917404177 -0.015660735778510567 -0.047225514426827424 0.31666667759418493 0.051143486052751548 0.022913970984518531 0.044699225574731834 0.042319050058722503 0.98671150207519542 0.5512642264366151 -0.01138774026185274 0.22500000149011615 0.003412215039134026
decision_type=8 10 10 10 10 8 10 2 10 10 8 2 10 10 10 10 10 10 10 10 2 10 10 10 10 10 10 8 2 10
left_child=10 15 3 22 5 6 7 -4 21 -8 -1 -12 13 -13 -15 -2 -17 -14 19 -5 -10 -7 27 -24 25 -20 -26 28 -3 -29
right_child=1 2 4 18 -6 8 9 -9 20 -11 11 12 17 14 -16 16 -18 -19 24 -21 -22 -23 23 -25 26 -27 -28 29 -30 -31
leaf_value=-0.0019546062430316909 0.001158842451159187 -0.002289173201856383 0.0016412659956243638 0.0055741780695860227 -0.0037095804553973718 -0.0019314308697531072 0.0035630231387913051 -0.0037751136302093483 -0.0011900471235352106 -0.010463938666328502 0.00069738775838233658 0.013617890082996832 0.012934552859801112 0.0034398210270527069 0.019113264313160589 9.1309462092010953e-05 -0.005139379402623068 -0.0016403301608603918 -0.0095333587060224319 -0.0042273511009585417 0.00066961854219077044 0.0026609263685477727 0 0.010384701364982195 0.0070123068105825016 0.0056416720962927987 -0.0027400602902130085 6.9869710298574396e-07 0.002778580560724568 0.0031621385141851642
leaf_weight=1357 42174 10064 3314 484 4952 39202 6623 3069 18156 175 3182 746 159 2168 228 39552 1412 910 290 960 18429 1484 529 546 2805 313 327 63188 1838 4206
leaf_count=1357 42174 10064 3314 484 4952 39202 6623 3069 18156 175 3182 746 159 2168 228 39552 1412 910 290 960 18429 1484 529 546 2805 313 327 63188 1838 4206
internal_value=1.18674e-05 -7.60696e-05 -0.000362156 0.000212609 -0.000880635 -0.000721656 0.00114683 -0.000919779 -0.00104448 0.00312829 0.0026943 0.00359106 0.0056931 0.00736803 0.00520133 0.000542941 -8.40887e-05 0.00044975 0.00310615 -0.000705887 -0.000245226 -0.00175533 2.16948e-05 0.00516724 0.00465574 -0.00124665 0.005888 -4.55653e-05 -0.00147806 0.000203331
internal_weight=272842 264092 180954 85550 95404 90452 13181 6383 77271 6798 8750 7393 4211 3142 2396 83138 40964 1069 5179 1444 36585 40686 80371 1075 3735 603 3132 79296 11902 67394
internal_count=272842 264092 180954 85550 95404 90452 13181 6383 77271 6798 8750 7393 4211 3142 2396 83138 40964 1069 5179 1444 36585 40686 80371 1075 3735 603 3132 79296 11902 67394
is_linear=0
shrinkage=0.03


Tree=23
num_leaves=31
num_cat=0
split_feature=16 29 120 50 0 84 43 30 42 5 1 22 53 9 90 39 52 37 5 12 78 15 117 13 7 33 35 112 10 116
split_gain=60.9953 45.147 55.0209 80.0136 119.98 68.2748 60.2077 56.0205 54.7421 67.0573 57.2691 53.174 52.4685 50.0592 48.2265 54.2922 42.944 69.5704 47.1506 41.0008 40.2295 38.9215 54.508 51.155 38.2106 38.142 37.5465 36.8327 36.6116 41.8922
threshold=1.2394970059394839 -0.0014438008074648676 0.25574485957622534 0.86872366070747387 -0.0082031176425516588 0.65000000596046459 1.0101117491722109 0.0091509842313826101 -0.075341708958148942 0.0031153031159192328 0.018639719113707546 1.0983040928840639 0.98301157355308544 0.97113367915153515 -0.012360340449959038 0.018718654289841655 0.80540287494659435 0.37411285936832434 0.003861011355184019 0.99226191639900219 0.5000000149011613 1.0320916771888735 0.33217075467109686 1.1147735714912417 -0.018613453023135659 0.97387737035751354 0.81136345863342296 0.13270440697669986 1.0223557353019717 0.41767065227031713
decision_type=10 8 8 8 10 2 10 10 10 10 10 10 10 10 10 10 10 10 10 10 10 10 10 10 10 10 10 2 10 10
left_child=1 8 13 4 5 24 19 -7 9 -1 26 16 -8 -3 -11 27 17 -5 -18 -6 -12 23 -23 -22 -4 -2 -10 -16 29 -13
right_child=25 2 3 11 6 7 12 -9 10 14 20 28 -14 -15 15 -17 18 -19 -20 -21 21 22 -24 -25 -26 -27 -28 -29 -30 -31
leaf_value=-0.0018011462518033828 0.0049284836156404232 -0.0074050576503733 0.017548863327506697 -0.0053764048318682483 0.006087133470374954 0.0064430353831951464 -0.010510317731576018 -0.0073218153590693998 -0.00037673378818497977 0.00034688029814482105 -0.0032909291171155206 0.007224020591984185 0 -0.00099178055610631317 0.0089936848634498585 -0.003824430511878996 0.00080604485559475185 -0.00012937694839692702 -0.00038564701966923128 0 0.00018467172082715447 0.0041638335879517355 -0.0021951358045189636 -0.016446904605171377 0.0064477705035109502 -0.0117652940582484 0.0018209534574546173 0.00090351086403836554 -0.001460369510780419 -0.0040386141365049933
leaf_weight=3223 2946 1241 767 3207 2707 1077 439 316 42066 2733 8871 2202 5664 10144 2376 415 67839 8131 52997 1672 17487 1235 22048 148 664 100 8370 757 755 294
leaf_count=3223 2946 1241 767 3207 2707 1077 439 316 42066 2733 8871 2202 5664 10144 2376 415 67839 8131 52997 1672 17487 1235 22048 148 664 100 8370 757 755 294
internal_value=7.82426e-07 -4.59212e-05 0.00027408 0.000429633 0.00264964 0.0081326 0.00113122 0.00304875 -0.000515564 0.00164858 -0.000724064 0.000208935 -0.000754168 -0.00172891 0.00346647 0.00576997 0.000113071 -0.00164679 0.000280926 0.00381855 -0.00144565 -0.00103685 -0.00184168 9.62718e-06 0.0127645 0.00420941 -5.49823e-06 0.0071522 0.00399018 0.00575662
internal_weight=272891 269845 160116 148731 13306 2824 10482 1393 109729 9504 100225 135425 6103 11385 6281 3548 132174 11338 120836 4379 49789 40918 23283 17635 1431 3046 50436 3133 3251 2496
internal_count=272891 269845 160116 148731 13306 2824 10482 1393 109729 9504 100225 135425 6103 11385 6281 3548 132174 11338 120836 4379 49789 40918 23283 17635 1431 3046 50436 3133 3251 2496
is_linear=0
shrinkage=0.03


Tree=24
num_leaves=31
num_cat=0
split_feature=16 23 29 86 3 49 3 69 16 63 43 71 14 77 85 75 0 85 23 138 7 39 86 52 28 17 73 62 49 101
split_gain=54.0789 46.3482 61.0707 54.1548 97.6996 61.8071 107.4 49.1983 49.1362 53.6342 49.8432 43.4292 73.7391 43.5342 38.9283 38.172 36.0573 34.1111 39.2565 32.8607 33.8627 41.3919 56.9012 38.1207 29.5845 32.7122 31.9867 29.0727 40.0135 57.2044
threshold=1.2394970059394839 0.047230407595634467 0.017475886270403865 0.81666666269302379 0.01792514976114035 0.8330044448375703 0.0074946356471627959 0.92207804322242748 0.92368978261947643 0.27500000596046453 1.071631193161011 0.46715334057807928 0.9784286916255952 0.091666668653488173 0.57500001788139354 0.57500001788139354 0.019395615905523304 0.47499999403953558 0.015588666312396528 1.1876382231712344 0.054637411609292037 0.0075543564744293698 -0.81666666269302357 0.78709506988525402 -0.013462799601256846 1.0613343715667727 0.30000000447034841 0.99674886465072643 0.91977819800376903 0.3964285701513291
decision_type=10 10 10 2 10 8 10 10 8 10 10 8 8 2 2 2 10 2 10 10 10 10 2 10 10 10 10 10 10 2
left_child=1 3 19 5 24 6 14 -8 9 15 -11 12 -10 -13 -1 -7 17 -6 -19 20 21 23 -23 -3 26 -26 -5 -2 29 -29
right_child=27 2 -4 4 16 8 7 -9 11 10 -12 13 -14 -15 -16 -17 -18 18 -20 -21 -22 22 -24 -25 25 -27 -28 28 -30 -31
leaf_value=0.019025675759642615 -0.0067270336447534367 -0.01881617680263634 -0.018750483233557002 0 -0.0013670494589348172 -0.0024530955991354055 0.0038579393054597676 -0.014157730337925429 -0.0034600148644260047 -0.0018926532906244286 -0.011114210859937145 -0.00059481384684592447 -0.00021205380206937348 0.0008861786134620219 0 0.0037103967247066002 -0.0035889337886530989 0.002039869302687129 0.017806706164345383 0.0038147945999166101 -0.015730877984065694 -0.011183817839094747 0.0092353927525256792 -0.0028103493997420634 0.0010332410467301526 -0.0050621727026137868 0.014985483852231921 0.022005111592208602 0.0026626710734354788 0.0026167336811306714
leaf_weight=480 175 175 221 169 109 1290 319 195 6620 17962 541 24377 127960 64918 117 2658 113 246 643 509 204 142 419 681 17889 796 257 257 2245 366
leaf_count=480 175 175 221 169 109 1290 319 195 6620 17962 541 24377 127960 64918 117 2658 113 246 643 509 204 142 419 681 17889 796 257 257 2245 366
internal_value=-4.16793e-06 -5.0227e-05 -0.00422657 -1.211e-05 0.00147855 -0.000135258 0.00685548 -0.00268927 -0.00016856 -0.0015062 -0.00219018 -3.29536e-05 -0.00037454 0.000478475 0.0153803 0.00161867 0.010075 0.0119569 0.0139147 -0.00241969 -0.0045828 -0.00257248 0.00334347 -0.00677992 0.000953119 0.000752397 0.0086559 0.00395842 0.00475638 0.0115171
internal_weight=273053 270010 2351 267659 20222 247437 1111 514 246326 22451 18503 223875 134580 89295 597 3948 1111 998 889 2130 1621 1417 561 856 19111 18685 426 3043 2868 623
internal_count=273053 270010 2351 267659 20222 247437 1111 514 246326 22451 18503 223875 134580 89295 597 3948 1111 998 889 2130 1621 1417 561 856 19111 18685 426 3043 2868 623
is_linear=0
shrinkage=0.03


end of trees

feature_importances:
RSQR5=29
KLEN=26
ROC30=26
IMXD30=26
RESI5=23
STD30=21
STD20=20
RSQR30=19
HIGH0=15
RESI10=14
RESI60=14
MIN10=14
KUP=13
STD10=13
RSQR20=12
VWAP0=11
ROC5=11
BETA10=11
RESI30=11
MAX5=11
IMIN5=11
WVMA20=11
KLOW=10
ROC20=10
MA60=10
STD5=10
STD60=10
BETA20=10
RSQR10=10
KLOW2=9
ROC10=9
RESI20=9
BETA60=8
IMAX60=8
MA5=7
RSQR60=7
QTLU5=7
SUMP5=7
SUMN20=7
MAX30=6
MIN5=6
QTLU20=6
QTLU30=6
RSV60=6
IMIN30=6
WVMA5=6
MA30=5
BETA5=5
MAX10=5
MIN20=5
MIN60=5
QTLU60=5
QTLD20=5
RSV30=5
SUMP20=5
OPEN0=4
MIN30=4
IMAX20=4
IMIN60=4
IMXD5=4
IMXD20=4
SUMP60=4
VSTD60=4
KMID=3
KSFT=3
KSFT2=3
LOW0=3
ROC60=3
MA10=3
MA20=3
BETA30=3
MAX60=3
QTLU10=3
QTLD10=3
QTLD60=3
RANK60=3
RSV10=3
IMAX5=3
IMAX10=3
IMAX30=3
IMXD10=3
IMXD60=3
CNTP60=3
SUMP30=3
SUMD60=3
WVMA30=3
KMID2=2
KUP2=2
MAX20=2
QTLD5=2
QTLD30=2
RANK10=2
RSV20=2
IMIN10=2
IMIN20=2
CORD10=2
CNTP5=2
SUMN60=2
SUMD20=2
RANK5=1
RSV5=1
CORR5=1
CORR20=1
CORR60=1
CORD5=1
CORD30=1
CNTP30=1
CNTN5=1
CNTN10=1
CNTN20=1
CNTN30=1
CNTD5=1
CNTD10=1
CNTD20=1
CNTD30=1
CNTD60=1
SUMP10=1
SUMN5=1
SUMN10=1
SUMD30=1
VSTD10=1
VSTD30=1
WVMA10=1
VSUMN30=1
VSUMD30=1

parameters:
[boosting: gbdt]
[objective: regression]
[metric: l2]
[tree_learner: serial]
[device_type: cpu]
[data_sample_strategy: bagging]
[data: ]
[valid: ]
[num_iterations: 500]
[learning_rate: 0.03]
[num_leaves: 31]
[num_threads: 12]
[seed: 20260814]
[deterministic: 1]
[force_col_wise: 1]
[force_row_wise: 0]
[histogram_pool_size: -1]
[max_depth: 7]
[min_data_in_leaf: 100]
[min_sum_hessian_in_leaf: 0.001]
[bagging_fraction: 0.8]
[pos_bagging_fraction: 1]
[neg_bagging_fraction: 1]
[bagging_freq: 1]
[bagging_seed: 20260814]
[bagging_by_query: 0]
[feature_fraction: 0.8]
[feature_fraction_bynode: 1]
[feature_fraction_seed: 20260814]
[extra_trees: 0]
[extra_seed: 17475]
[early_stopping_round: 0]
[early_stopping_min_delta: 0]
[first_metric_only: 0]
[max_delta_step: 0]
[lambda_l1: 10]
[lambda_l2: 20]
[linear_lambda: 0]
[min_gain_to_split: 0]
[drop_rate: 0.1]
[max_drop: 50]
[skip_drop: 0.5]
[xgboost_dart_mode: 0]
[uniform_drop: 0]
[drop_seed: 29730]
[top_rate: 0.2]
[other_rate: 0.1]
[min_data_per_group: 100]
[max_cat_threshold: 32]
[cat_l2: 10]
[cat_smooth: 10]
[max_cat_to_onehot: 4]
[top_k: 20]
[monotone_constraints: ]
[monotone_constraints_method: basic]
[monotone_penalty: 0]
[feature_contri: ]
[forcedsplits_filename: ]
[refit_decay_rate: 0.9]
[cegb_tradeoff: 1]
[cegb_penalty_split: 0]
[cegb_penalty_feature_lazy: ]
[cegb_penalty_feature_coupled: ]
[path_smooth: 0]
[interaction_constraints: ]
[verbosity: 1]
[saved_feature_importance_type: 0]
[use_quantized_grad: 0]
[num_grad_quant_bins: 4]
[quant_train_renew_leaf: 0]
[stochastic_rounding: 1]
[linear_tree: 0]
[max_bin: 255]
[max_bin_by_feature: ]
[min_data_in_bin: 3]
[bin_construct_sample_cnt: 200000]
[data_random_seed: 20260812]
[is_enable_sparse: 1]
[enable_bundle: 1]
[use_missing: 1]
[zero_as_missing: 0]
[feature_pre_filter: 1]
[pre_partition: 0]
[two_round: 0]
[header: 0]
[label_column: ]
[weight_column: ]
[group_column: ]
[ignore_column: ]
[categorical_feature: ]
[forcedbins_filename: ]
[precise_float_parser: 0]
[parser_config_file: ]
[objective_seed: 27057]
[num_class: 1]
[is_unbalance: 0]
[scale_pos_weight: 1]
[sigmoid: 1]
[boost_from_average: 1]
[reg_sqrt: 0]
[alpha: 0.9]
[fair_c: 1]
[poisson_max_delta_step: 0.7]
[tweedie_variance_power: 1.5]
[lambdarank_truncation_level: 30]
[lambdarank_norm: 1]
[label_gain: ]
[lambdarank_position_bias_regularization: 0]
[eval_at: ]
[multi_error_top_k: 1]
[auc_mu_weights: ]
[num_machines: 1]
[local_listen_port: 12400]
[time_out: 120]
[machine_list_filename: ]
[machines: ]
[gpu_platform_id: -1]
[gpu_device_id: -1]
[gpu_device_id_list: ]
[gpu_use_dp: 0]
[num_gpu: 1]

end of parameters

pandas_categorical:null
