tree
version=v4
num_class=1
num_tree_per_iteration=1
label_index=0
max_feature_idx=157
objective=regression
feature_names=KMID KLEN KMID2 KUP KUP2 KLOW KLOW2 KSFT KSFT2 OPEN0 HIGH0 LOW0 VWAP0 ROC5 ROC10 ROC20 ROC30 ROC60 MA5 MA10 MA20 MA30 MA60 STD5 STD10 STD20 STD30 STD60 BETA5 BETA10 BETA20 BETA30 BETA60 RSQR5 RSQR10 RSQR20 RSQR30 RSQR60 RESI5 RESI10 RESI20 RESI30 RESI60 MAX5 MAX10 MAX20 MAX30 MAX60 MIN5 MIN10 MIN20 MIN30 MIN60 QTLU5 QTLU10 QTLU20 QTLU30 QTLU60 QTLD5 QTLD10 QTLD20 QTLD30 QTLD60 RANK5 RANK10 RANK20 RANK30 RANK60 RSV5 RSV10 RSV20 RSV30 RSV60 IMAX5 IMAX10 IMAX20 IMAX30 IMAX60 IMIN5 IMIN10 IMIN20 IMIN30 IMIN60 IMXD5 IMXD10 IMXD20 IMXD30 IMXD60 CORR5 CORR10 CORR20 CORR30 CORR60 CORD5 CORD10 CORD20 CORD30 CORD60 CNTP5 CNTP10 CNTP20 CNTP30 CNTP60 CNTN5 CNTN10 CNTN20 CNTN30 CNTN60 CNTD5 CNTD10 CNTD20 CNTD30 CNTD60 SUMP5 SUMP10 SUMP20 SUMP30 SUMP60 SUMN5 SUMN10 SUMN20 SUMN30 SUMN60 SUMD5 SUMD10 SUMD20 SUMD30 SUMD60 VMA5 VMA10 VMA20 VMA30 VMA60 VSTD5 VSTD10 VSTD20 VSTD30 VSTD60 WVMA5 WVMA10 WVMA20 WVMA30 WVMA60 VSUMP5 VSUMP10 VSUMP20 VSUMP30 VSUMP60 VSUMN5 VSUMN10 VSUMN20 VSUMN30 VSUMN60 VSUMD5 VSUMD10 VSUMD20 VSUMD30 VSUMD60
feature_infos=[-0.16749253869056702:0.23587034642696381] [0:0.33308270573616028] [-1:1] [0:0.27153289318084717] [0:1] [0:0.21718749403953552] [0:1] [-0.31147539615631104:0.23587034642696381] [-1:1] [0.80914634466171265:1.2011904716491699] [1:1.365384578704834] [0.7725520133972168:1] [0.90894031524658203:1.0927579402923584] [0.57777780294418335:1.6790908575057983] [0.54954206943511963:1.8924485445022583] [0.46860837936401367:2.2146341800689697] [0.46312057971954346:2.740487813949585] [0.36440131068229675:2.649662971496582] [0.74611109495162964:1.3455072641372681] [0.65066665410995483:1.4951817989349365] [0.60133224725723267:1.7117466926574707] [0.56646168231964111:1.9959673881530762] [0.4937971830368042:1.8649090528488159] [0:0.26957115530967712] [0:0.32280367612838745] [0:0.36472421884536743] [0:0.57258552312850952] [0:0.50059491395950317] [-0.16409091651439667:0.12254486232995987] [-0.11048160493373871:0.12254486232995987] [-0.11048160493373871:0.12254486232995987] [-0.11048160493373871:0.12254486232995987] [-0.11048160493373871:0.12254486232995987] [0:1] [0:1] [0:1] [0:1] [0:1] [-0.15193372964859009:0.13264167308807373] [-0.24554997682571411:0.20802642405033112] [-0.40848860144615173:0.27864286303520203] [-0.44566619396209717:0.33016127347946167] [-0.96870207786560059:0.3971981406211853] [1:1.6472727060317993] [1:1.9298244714736938] [1:2.2439024448394775] [1:3.3160974979400635] [1:3.3160974979400635] [0.5718809962272644:1] [0.54045307636260986:1] [0.4660193920135498:1] [0.43721681833267212:1] [0.33789625763893127:1] [0.86334514617919922:1.4843636751174927] [0.72140765190124512:1.7869091033935547] [0.59200000762939453:2.054157018661499] [0.56569522619247437:2.423609733581543] [0.56576049327850342:2.3250908851623535] [0.60694897174835205:1.2689855098724365] [0.54922223091125488:1.4057971239089966] [0.49352750182151794:1.5574545860290527] [0.47533980011940002:1.5740000009536743] [0.38890489935874939:1.5950908660888672] [0.20000000298023224:1] [0.10000000149011612:1] [0.05000000074505806:1] [0.033333335071802139:1] [0.01666666753590107:1] [0:1] [0:1] [0:1] [0:1] [0:1] [0.20000000298023224:1] [0.10000000149011612:1] [0.05000000074505806:1] [0.033333335071802139:1] [0.01666666753590107:1] [0.20000000298023224:1] [0.10000000149011612:1] [0.05000000074505806:1] [0.033333335071802139:1] [0.01666666753590107:1] [-0.80000001192092896:0.80000001192092896] [-0.89999997615814209:0.89999997615814209] [-0.94999998807907104:0.94999998807907104] [-0.96666663885116577:0.96666663885116577] [-0.98333334922790527:0.98333334922790527] [-1:1] [-1:1] [-1:1] [-1:1] [-1:1] [-1:1] [-1:1] [-1:1] [-1:1] [-1:1] [0:1] [0:1] [0:0.90909093618392944] [0:0.90909093618392944] [0:0.90909093618392944] [0:1] [0:1] [0:0.89999997615814209] [0:0.8571428656578064] [0:0.8571428656578064] [-1:1] [-1:1] [-0.8571428656578064:0.90909093618392944] [-0.8571428656578064:0.90909093618392944] [-0.8571428656578064:0.90909093618392944] [0:1] [0:1] [0:1] [0:1] [0:1] [0:1] [0:1] [0:1] [0:1] [0:1] [-1:1] [-1:1] [-1:1] [-1:1] [-1:1] [0.20013266801834106:26452.083984375] [0.10012400150299072:23627.859375] [0.050104878842830658:16692.724609375] [0.034610312432050705:22716.572265625] [0.017187755554914474:26107.111328125] [0.00080492562847211957:59102.5] [0.0021778203081339598:49210.34375] [0.0021778203081339598:42161.07421875] [0.0021778203081339598:37016.7265625] [0.0021778203081339598:26455.013671875] [0:2.2360680103302002] [0:3.1615598201751709] [0:4.4708261489868164] [0:5.4611344337463379] [0:7.5986995697021484] [0:1] [0:1] [0:1] [0:1] [0:1] [0:1] [0:1] [0:1] [0:1] [0:1] [-1:1] [-1:1] [-1:1] [-1:1] [-1:1]
tree_sizes=3073 3086 3100 3059

Tree=0
num_leaves=31
num_cat=0
split_feature=16 26 40 86 16 14 29 22 25 55 16 75 84 15 26 140 71 69 32 1 117 22 104 14 5 86 59 28 23 10
split_gain=148.368 144.474 133.579 144.254 96.3332 236.334 107.232 92.9879 82.8267 82.4071 80.9948 103.932 64.2284 62.7116 59.4303 69.1535 58.584 80.4089 59.7692 56.9494 80.6133 53.0639 50.3755 60.0462 49.6968 49.1186 45.3474 54.2026 55.3637 52.6672
threshold=1.2094843387603762 0.019737851805984977 -0.041046023368835442 0.75000000000000011 0.74632793664932262 0.92362433671951305 -0.00041346153011545533 1.0943030714988711 0.042701559141278274 1.0203769803047182 0.93633824586868297 0.27500000596046453 0.84999999403953563 0.85969001054763805 0.10491143912076951 1.6554898619651797 0.6116510033607484 0.35294058918952947 0.0013926438987255099 0.055442480370402343 0.36474870145320898 0.93203601241111766 0.35416667163372045 0.86374950408935558 0.0058613950386643418 -0.516666680574417 0.99647244811058056 -0.008124321233481167 0.038916040211915977 1.0137931704521181
decision_type=10 10 10 2 8 8 8 10 8 10 8 2 2 10 10 10 10 10 10 10 10 10 2 10 10 2 10 10 10 10
left_child=1 9 3 22 5 12 10 8 -8 -1 11 -6 13 -4 -7 -16 -5 18 -18 26 -21 -12 -3 -24 -14 -9 29 28 -28 -2
right_child=19 2 4 16 6 14 7 25 -10 -11 21 -13 24 -15 15 -17 17 -19 -20 20 -22 -23 23 -25 -26 -27 27 -29 -30 -31
leaf_value=0.0016558605212957515 0.0022189606815924243 -0.0066568157242907645 -0.016179595678557986 0.0029905602299230456 -0.010295743443147778 -0.0017245633301622 -0.00042326466464428293 0.0075023374281751537 0.0018350054708734073 -0.00041282663499015554 -0.0062231570041617161 -0.0023596759781633167 -0.013474034562016388 9.0121740029887164e-10 0.017366361397463437 9.0121740029887164e-10 0.0031985607033464367 0.0038691565694550082 0.026518305894247238 0.020306442808774632 0.004118727635934594 -0.0008510552332550485 0.012480566065146598 0.0011613402083953403 0.0038775053656632421 9.0121740029887164e-10 0.0068943524198652279 -0.0058939696789513992 -0.0043958229430455121 0.016030644058810221
leaf_weight=55734 687 672 1567 760 1790 832 94621 2253 17255 24839 1687 9623 205 246 422 344 169 467 484 479 793 90094 426 11686 385 1104 1321 734 502 443
leaf_count=55734 687 672 1567 760 1790 832 94621 2253 17255 24839 1687 9623 205 246 422 344 169 467 484 479 793 90094 426 11686 385 1104 1321 734 502 443
internal_value=-2.4343e-07 -8.17087e-05 -0.000455549 0.00231144 -0.000639507 -0.00524979 -0.000553213 7.3376e-05 -7.20175e-05 0.00101446 -0.00125569 -0.00364643 -0.0111902 -0.0139948 0.0035256 0.00950859 0.0100456 0.0144334 0.0212032 0.00513739 0.0106667 -0.000954401 0.00113671 0.0016041 -0.00190372 0.00497935 0.0031016 0.000739873 0.00360863 0.00807912
internal_weight=322624 317665 237092 14664 222428 4001 218427 115233 111876 80573 103194 11413 2403 1813 1598 766 1880 1120 653 4959 1272 91781 12784 12112 590 3357 3687 2557 1823 1130
internal_count=322624 317665 237092 14664 222428 4001 218427 115233 111876 80573 103194 11413 2403 1813 1598 766 1880 1120 653 4959 1272 91781 12784 12112 590 3357 3687 2557 1823 1130
is_linear=0
shrinkage=1


Tree=1
num_leaves=31
num_cat=0
split_feature=16 25 74 28 71 81 55 57 39 81 16 91 26 57 33 13 86 61 46 36 140 39 136 19 22 45 101 62 68 4
split_gain=149.718 150.282 95.2551 113.698 135.416 98.0076 90.4448 86.8119 76.8064 69.414 63.9584 56.8498 82.1547 54.5625 54.7774 52.4646 50.4535 46.7443 46.7173 45.1681 53.3596 42.6467 41.487 46.89 40.3561 39.9946 39.6143 32.7442 29.9794 29.8351
threshold=1.2094843387603762 0.013180138077586891 0.35000000894069677 -0.011362724006175993 0.62944158911705028 0.050000002607703216 0.96640750765800487 1.1654434800148012 -0.0030618500895798202 0.083333335816860213 0.93040236830711376 0.84218531847000133 0.10491143912076951 1.2104690074920657 0.97666493058204662 0.93855023384094249 -0.81666666269302357 0.98949128389358532 1.0591095089912417 0.80896523594856273 0.81973990797996532 -0.018261663615703579 0.28595867753028875 0.96057489514350902 1.1352941989898684 1.1617431640625002 0.5313725769519807 0.92756798863410961 0.57142826914787304 0.26666824519634252
decision_type=10 10 2 10 10 2 10 10 10 2 8 10 10 10 10 8 2 8 10 10 10 10 10 10 10 10 2 8 10 10
left_child=1 17 5 4 22 8 -7 11 -3 26 28 12 -5 -2 19 -13 -8 18 -1 -15 -21 -18 24 -24 -4 -22 -6 -19 -10 -9
right_child=13 2 3 7 9 6 16 29 10 -11 -12 15 -14 14 -16 -17 21 27 -20 20 25 -23 23 -25 -26 -27 -28 -29 -30 -31
leaf_value=0.0027792015727300967 -0.0022060787227890844 1.5984297480997783e-05 -0.00187435177768644 -0.00025389251602698197 0 -0.02005639810786879 -0.0020640312999578043 0.0064202993746056165 -0.012047767179808544 0.0029660149939139016 -0.0028357631958882217 -0.010903885108336002 0.0071885484083699901 0.0036635993655405137 -0.010743763023827051 -0.0014064745354930397 -0.0035508968526586238 0.0079215465554978767 -0.0025960537181357905 0.0019207712465611829 0.0014243197556029843 -0.00020936928682900843 -0.013320560633646153 0.003411453984938763 0.0079914431548235507 0.015605770452391622 0.019083572672768886 0.00036569128504478868 -0.0057038532355036323 0.0010343279623252128
leaf_weight=21630 713 3278 3523 137364 124 199 19722 2308 1415 647 4329 824 1326 2080 131 1640 3600 513 1487 589 270 76819 128 6855 391 1224 766 24938 1958 1802
leaf_count=21630 713 3278 3523 137364 124 199 19722 2308 1415 647 4329 824 1326 2080 131 1640 3600 513 1487 589 270 76819 128 6855 391 1224 766 24938 1958 1802
internal_value=-1.3274e-05 -9.55049e-05 -0.0003737 9.88709e-05 0.00285092 -0.00104574 -0.000747135 -0.000134988 -0.00374098 0.0111621 -0.00537471 -0.00026239 -0.000179547 0.00512245 0.00641345 -0.00476555 -0.000701771 0.00143876 0.00241853 0.00707386 0.0102693 -0.00036353 0.00163286 0.00302475 -0.000776905 0.0132937 0.0165945 0.000535869 -0.00850892 0.00414794
internal_weight=322593 317586 269018 157698 12434 111320 100340 145264 10980 1537 7702 141154 138690 5007 4294 2464 100141 48568 23117 4163 2083 80419 10897 6983 3914 1494 890 25451 3373 4110
internal_count=322593 317586 269018 157698 12434 111320 100340 145264 10980 1537 7702 141154 138690 5007 4294 2464 100141 48568 23117 4163 2083 80419 10897 6983 3914 1494 890 25451 3373 4110
is_linear=0
shrinkage=0.03


Tree=2
num_leaves=31
num_cat=0
split_feature=28 72 26 16 1 32 82 72 33 42 38 30 22 15 1 26 16 5 14 86 78 33 122 23 38 17 34 87 42 5
split_gain=132.749 163.594 159.709 122.804 85.1566 78.353 78.2644 68.881 66.3732 65.6541 65.2044 88.4538 108.832 91.8414 128.155 80.2059 60.5941 59.0393 56.4005 56.3927 69.507 50.8728 50.4508 49.7889 48.627 106.453 74.1239 63.8419 59.1526 77.4021
threshold=-0.011362724006175993 0.63793107867240917 0.018651130609214309 1.1719149947166445 0.055442480370402343 -0.0046697328798472873 0.24166666716337207 0.086021572351455702 0.8835047483444215 -0.0014149685739539561 -0.00085025664884597052 -0.00059407512890174974 0.93798971176147472 0.79527980089187633 0.044638061895966537 0.10491143912076951 0.93633824586868297 0.01479852991178632 1.0279970169067385 -0.58333334326744068 0.30000000447034841 0.93270906805992138 0.62638705968856823 0.03408401086926461 -0.011521422769874333 0.72820222377777111 0.79635852575302135 0.95833331346511852 -0.077889394015073762 0.011686125770211222
decision_type=10 10 8 8 10 8 2 10 8 10 8 10 10 8 10 10 8 10 8 2 10 10 8 10 10 8 10 2 10 10
left_child=1 3 9 7 8 19 -3 -1 17 -2 24 12 18 14 -13 -15 -14 -5 -12 20 21 -4 -6 -10 25 27 -27 -7 29 -26
right_child=2 6 5 4 22 10 -8 -9 23 -11 11 13 16 15 -16 -17 -18 -19 -20 -21 -22 -23 -24 -25 28 26 -28 -29 -30 -31
leaf_value=-0.0028948319311872832 9.9472551376819066e-05 0.0038247784688072947 0.012422892863289613 0.0078309331840993451 0.0042933583857181169 -0.011646808192337451 0.012883807169072803 0.0011099385100512601 0.0020593470814349968 0.0019812099689671039 -0.010648338878358268 0.00059697590524921968 -0.0087096867452342158 -0.00019938121015103575 -0.013045814197451398 0.012238445448281707 -0.0015537426720237837 -0.005394774276064709 0.00039315395157807218 0 0.0018125160197067062 -0.0061404455796495745 0.016700124575235394 -0.0070839857708455784 0.0021720796004054007 -0.0017098930661880931 0.0044138348007113542 0.0074323573456067278 3.0294458434627358e-05 0.016000807694218973
leaf_weight=5770 31374 2145 1221 2233 646 1278 1610 11535 1622 36506 1872 1198 1089 58257 1178 450 52539 309 466 3930 2377 114 736 763 2653 12394 2039 146 83820 422
leaf_count=5770 31374 2145 1221 2233 646 1278 1610 11535 1622 36506 1872 1198 1089 58257 1178 450 52539 309 466 3930 2377 114 736 763 2653 12394 2039 146 83820 422
internal_value=2.51368e-05 0.00202392 -0.000159209 0.00108115 0.00465912 -0.000541229 0.00783609 -0.000209855 0.0027093 0.00111618 -0.000646212 -0.0011305 -0.00199296 -0.000334992 -0.00609423 -9.47991e-05 -0.00170784 0.00607659 -0.0083357 0.00243295 0.00507465 0.0105491 0.0112587 -0.000775598 -9.15045e-05 -0.0016201 -0.000819105 -0.00940705 0.000184297 0.00425794
internal_weight=322692 27369 295323 23614 6309 227443 3755 17305 4927 67880 219801 117049 55966 61083 2376 58707 53628 2542 2338 7642 3712 1335 1382 2385 102752 15857 14433 1424 86895 3075
internal_count=322692 27369 295323 23614 6309 227443 3755 17305 4927 67880 219801 117049 55966 61083 2376 58707 53628 2542 2338 7642 3712 1335 1382 2385 102752 15857 14433 1424 86895 3075
is_linear=0
shrinkage=0.03


Tree=3
num_leaves=31
num_cat=0
split_feature=56 26 40 52 28 82 16 120 29 57 65 96 73 12 118 86 35 32 79 42 109 13 45 72 43 54 77 74 11 44
split_gain=144.43 120.135 108.665 106.066 103.079 162.51 94.3039 245.563 94.6911 78.2506 77.8858 76.2872 85.9336 74.0198 71.1406 66.8217 66.2402 61.8282 61.0075 54.282 53.1594 52.4296 50.5432 45.2332 61.9667 43.3689 43.3597 43.212 41.726 36.0587
threshold=1.180202901363373 0.019737851805984977 -0.048224145546555512 0.79462721943855297 -0.0060021488461643449 0.12500000372529033 0.74632793664932262 0.35507245361804968 -0.0016602238174527881 1.1654434800148012 0.48749999701976782 0.48453971743583685 0.30000000447034841 1.0021213293075564 0.89189249277114879 -0.74999999999999989 0.79738640785217296 0.0047785846982151279 0.75000000000000011 -0.069697406142950044 0.15476191043853763 1.0725370049476626 1.0463414788246157 0.13103429973125461 1.0796658396720888 0.99083611369133007 0.075000002980232253 0.45000000298023229 0.97181287407875072 1.1150069832801821
decision_type=10 10 8 10 10 2 8 10 10 10 10 10 10 10 10 2 10 10 2 10 2 8 10 10 10 10 2 2 8 10
left_child=1 10 3 4 5 -3 7 11 16 13 -1 12 -4 -10 -7 23 18 28 -8 -6 -5 -18 -19 24 26 -11 -2 -21 -9 -22
right_child=15 2 6 20 19 14 8 17 9 25 -12 -13 -14 -15 -16 -17 21 22 -20 27 29 -23 -24 -25 -26 -27 -28 -29 -30 -31
leaf_value=-8.1094664143511745e-05 -0.01087283789909777 -9.8070848068675467e-05 0.015146947451386323 0.0012053874044212726 -0.01460011295593666 0.018844561619232765 -0.0031959424281561965 -0.018718215453191078 -0.00065643846777446539 -0.0018021023727297647 0.0017844485514327858 -0.015669589132494863 -0.0073455988602483613 0.00083950552580471514 0.003642848634302912 0.0013180788473582934 2.2968455204186936e-06 0.018427128434763861 -0.0011417369338253831 0.0075221618846134167 0 0.0080187733241779083 0.0033091548407126379 0.015601462392651448 0.0095731410229463448 0.0049939678098366545 0.0037891094046634184 -0.0043511020355265512 0.0046408056170349158 -0.012990929611115221
leaf_weight=37680 247 905 140 4834 188 1280 17798 108 84987 975 42533 1129 1870 45708 433 2691 17030 386 51852 592 316 751 532 603 1365 4150 525 454 104 414
leaf_count=37680 247 905 140 4834 188 1280 17798 108 84987 975 42533 1129 1870 45708 433 2691 17030 386 51852 592 316 751 532 603 1365 4150 525 454 104 414
internal_value=-1.34336e-05 -9.75742e-05 -0.000438157 0.00271106 0.00652421 0.00987772 -0.000570034 -0.00498401 -0.000483847 9.70846e-06 0.00090457 -0.00932701 -0.00549737 -0.000130918 0.0152615 0.00482734 -0.00125382 0.00677182 -0.00167173 -0.000395281 3.5532e-06 0.000366363 0.0102431 0.00813063 0.00575838 0.00364077 -0.000679272 0.00210238 -0.00655376 -0.00737481
internal_weight=322580 317149 236936 9416 3852 2618 227520 4269 223251 135820 80213 3139 2010 130695 1713 5431 87431 1130 69650 1234 5564 17781 918 2740 2137 5125 772 1046 212 730
internal_count=322580 317149 236936 9416 3852 2618 227520 4269 223251 135820 80213 3139 2010 130695 1713 5431 87431 1130 69650 1234 5564 17781 918 2740 2137 5125 772 1046 212 730
is_linear=0
shrinkage=0.03


end of trees

feature_importances:
ROC30=8
STD30=6
IMXD30=5
MA60=4
BETA5=4
KLEN=3
KLOW=3
ROC10=3
BETA60=3
RSQR5=3
RESI60=3
QTLU60=3
RSV60=3
ROC5=2
ROC20=2
STD5=2
STD20=2
BETA10=2
RESI5=2
RESI10=2
RESI20=2
MAX20=2
QTLU20=2
RSV30=2
IMAX10=2
IMIN30=2
IMIN60=2
WVMA20=2
KUP2=1
HIGH0=1
LOW0=1
VWAP0=1
ROC60=1
MA10=1
BETA20=1
RSQR10=1
RSQR20=1
RSQR30=1
MAX5=1
MAX10=1
MAX30=1
MIN60=1
QTLU10=1
QTLU30=1
QTLD10=1
QTLD30=1
QTLD60=1
RANK20=1
RSV5=1
RSV10=1
IMAX5=1
IMAX20=1
IMAX60=1
IMIN5=1
IMIN10=1
IMXD10=1
IMXD60=1
CORR30=1
CORD30=1
CNTP30=1
CNTN10=1
CNTD10=1
SUMP60=1
SUMN5=1
SUMN20=1
SUMN60=1
VSTD30=1

parameters:
[boosting: gbdt]
[objective: regression]
[metric: l2]
[tree_learner: serial]
[device_type: gpu]
[data_sample_strategy: bagging]
[data: ]
[valid: ]
[num_iterations: 500]
[learning_rate: 0.03]
[num_leaves: 31]
[num_threads: 12]
[seed: 20260812]
[deterministic: 0]
[force_col_wise: 1]
[force_row_wise: 0]
[histogram_pool_size: -1]
[max_depth: 7]
[min_data_in_leaf: 100]
[min_sum_hessian_in_leaf: 0.001]
[bagging_fraction: 0.8]
[pos_bagging_fraction: 1]
[neg_bagging_fraction: 1]
[bagging_freq: 1]
[bagging_seed: 20260812]
[bagging_by_query: 0]
[feature_fraction: 0.8]
[feature_fraction_bynode: 1]
[feature_fraction_seed: 20260812]
[extra_trees: 0]
[extra_seed: 9622]
[early_stopping_round: 0]
[early_stopping_min_delta: 0]
[first_metric_only: 0]
[max_delta_step: 0]
[lambda_l1: 10]
[lambda_l2: 20]
[linear_lambda: 0]
[min_gain_to_split: 0]
[drop_rate: 0.1]
[max_drop: 50]
[skip_drop: 0.5]
[xgboost_dart_mode: 0]
[uniform_drop: 0]
[drop_seed: 26770]
[top_rate: 0.2]
[other_rate: 0.1]
[min_data_per_group: 100]
[max_cat_threshold: 32]
[cat_l2: 10]
[cat_smooth: 10]
[max_cat_to_onehot: 4]
[top_k: 20]
[monotone_constraints: ]
[monotone_constraints_method: basic]
[monotone_penalty: 0]
[feature_contri: ]
[forcedsplits_filename: ]
[refit_decay_rate: 0.9]
[cegb_tradeoff: 1]
[cegb_penalty_split: 0]
[cegb_penalty_feature_lazy: ]
[cegb_penalty_feature_coupled: ]
[path_smooth: 0]
[interaction_constraints: ]
[verbosity: 1]
[saved_feature_importance_type: 0]
[use_quantized_grad: 0]
[num_grad_quant_bins: 4]
[quant_train_renew_leaf: 0]
[stochastic_rounding: 1]
[linear_tree: 0]
[max_bin: 63]
[max_bin_by_feature: ]
[min_data_in_bin: 3]
[bin_construct_sample_cnt: 200000]
[data_random_seed: 20260812]
[is_enable_sparse: 1]
[enable_bundle: 1]
[use_missing: 1]
[zero_as_missing: 0]
[feature_pre_filter: 1]
[pre_partition: 0]
[two_round: 0]
[header: 0]
[label_column: ]
[weight_column: ]
[group_column: ]
[ignore_column: ]
[categorical_feature: ]
[forcedbins_filename: ]
[precise_float_parser: 0]
[parser_config_file: ]
[objective_seed: 6428]
[num_class: 1]
[is_unbalance: 0]
[scale_pos_weight: 1]
[sigmoid: 1]
[boost_from_average: 1]
[reg_sqrt: 0]
[alpha: 0.9]
[fair_c: 1]
[poisson_max_delta_step: 0.7]
[tweedie_variance_power: 1.5]
[lambdarank_truncation_level: 30]
[lambdarank_norm: 1]
[label_gain: ]
[lambdarank_position_bias_regularization: 0]
[eval_at: ]
[multi_error_top_k: 1]
[auc_mu_weights: ]
[num_machines: 1]
[local_listen_port: 12400]
[time_out: 120]
[machine_list_filename: ]
[machines: ]
[gpu_platform_id: 0]
[gpu_device_id: 0]
[gpu_use_dp: 1]
[num_gpu: 1]

end of parameters

pandas_categorical:null
