tree
version=v4
num_class=1
num_tree_per_iteration=1
label_index=0
max_feature_idx=162
objective=regression
feature_names=KMID KLEN KMID2 KUP KUP2 KLOW KLOW2 KSFT KSFT2 OPEN0 HIGH0 LOW0 VWAP0 ROC5 ROC10 ROC20 ROC30 ROC60 MA5 MA10 MA20 MA30 MA60 STD5 STD10 STD20 STD30 STD60 BETA5 BETA10 BETA20 BETA30 BETA60 RSQR5 RSQR10 RSQR20 RSQR30 RSQR60 RESI5 RESI10 RESI20 RESI30 RESI60 MAX5 MAX10 MAX20 MAX30 MAX60 MIN5 MIN10 MIN20 MIN30 MIN60 QTLU5 QTLU10 QTLU20 QTLU30 QTLU60 QTLD5 QTLD10 QTLD20 QTLD30 QTLD60 RANK5 RANK10 RANK20 RANK30 RANK60 RSV5 RSV10 RSV20 RSV30 RSV60 IMAX5 IMAX10 IMAX20 IMAX30 IMAX60 IMIN5 IMIN10 IMIN20 IMIN30 IMIN60 IMXD5 IMXD10 IMXD20 IMXD30 IMXD60 CORR5 CORR10 CORR20 CORR30 CORR60 CORD5 CORD10 CORD20 CORD30 CORD60 CNTP5 CNTP10 CNTP20 CNTP30 CNTP60 CNTN5 CNTN10 CNTN20 CNTN30 CNTN60 CNTD5 CNTD10 CNTD20 CNTD30 CNTD60 SUMP5 SUMP10 SUMP20 SUMP30 SUMP60 SUMN5 SUMN10 SUMN20 SUMN30 SUMN60 SUMD5 SUMD10 SUMD20 SUMD30 SUMD60 VMA5 VMA10 VMA20 VMA30 VMA60 VSTD5 VSTD10 VSTD20 VSTD30 VSTD60 WVMA5 WVMA10 WVMA20 WVMA30 WVMA60 VSUMP5 VSUMP10 VSUMP20 VSUMP30 VSUMP60 VSUMN5 VSUMN10 VSUMN20 VSUMN30 VSUMN60 VSUMD5 VSUMD10 VSUMD20 VSUMD30 VSUMD60 ORC_TREND_PATH_CROWD_20 ORC_TREND_ACCEL_UNCROWDED_5_20 ORC_TREND_STREAK_EXHAUST_12 ORC_TREND_RSQR_STRESS_20 ORC_TREND_ACCEL_GAP_10_30
feature_infos=[-0.15450645983219147:0.33106967806816101] [0:0.33106967806816101] [-1:1] [0:0.27153289318084717] [0:1] [0:0.19577737152576447] [0:1] [-0.31147539615631104:0.33106967806816101] [-1:1] [0.75127547979354858:1.1827411651611328] [1:1.365384578704834] [0.75127547979354858:1] [0.90894031524658203:1.0877940654754639] [0.62103557586669922:1.6790908575057983] [0.51279789209365845:1.8924485445022583] [0.43777582049369812:2.2146341800689697] [0.40953221917152405:2.740487813949585] [0.32686084508895874:2.649662971496582] [0.8043818473815918:1.3455072641372681] [0.69517505168914795:1.4951817989349365] [0.58934980630874634:1.7117466926574707] [0.53464740514755249:1.9959673881530762] [0.46012550592422485:1.8649090528488159] [0:0.26957115530967712] [0:0.32280367612838745] [0:0.36472421884536743] [0:0.57258552312850952] [0:0.50059491395950317] [-0.16409091651439667:0.17131471633911133] [-0.11732283234596252:0.17131471633911133] [-0.11732283234596252:0.17131471633911133] [-0.11732283234596252:0.17131471633911133] [-0.11732283234596252:0.17131471633911133] [0:1] [0:1] [0:1] [0:1] [0:1] [-0.11478264629840851:0.13264167308807373] [-0.24554997682571411:0.20802642405033112] [-0.40848860144615173:0.27287426590919495] [-0.44566619396209717:0.27581575512886047] [-0.96870207786560059:0.36147966980934143] [1:1.6472727060317993] [1:1.9298244714736938] [1:2.2439024448394775] [1:3.3160974979400635] [1:3.3160974979400635] [0.58144122362136841:1] [0.49132096767425537:1] [0.42983227968215942:1] [0.39746984839439392:1] [0.31774049997329712:1] [0.86334514617919922:1.4843636751174927] [0.78309857845306396:1.7869091033935547] [0.69679319858551025:2.054157018661499] [0.57799351215362549:2.423609733581543] [0.52150630950927734:2.3250908851623535] [0.70860719680786133:1.2689855098724365] [0.53621649742126465:1.4057971239089966] [0.45107382535934448:1.5574545860290527] [0.43389230966567993:1.5740000009536743] [0.37328624725341797:1.5950908660888672] [0.20000000298023224:1] [0.10000000149011612:1] [0.05000000074505806:1] [0.033333335071802139:1] [0.01666666753590107:1] [0:1] [0:1] [0:1] [0:1] [0:1] [0.20000000298023224:1] [0.10000000149011612:1] [0.05000000074505806:1] [0.033333335071802139:1] [0.01666666753590107:1] [0.20000000298023224:1] [0.10000000149011612:1] [0.05000000074505806:1] [0.033333335071802139:1] [0.01666666753590107:1] [-0.80000001192092896:0.80000001192092896] [-0.89999997615814209:0.89999997615814209] [-0.94999998807907104:0.94999998807907104] [-0.96666663885116577:0.96666663885116577] [-0.98333334922790527:0.98333334922790527] [-1:1] [-1:1] [-1:1] [-1:1] [-1:1] [-1:1] [-1:1] [-1:1] [-1:1] [-1:1] [0:1] [0:1] [0:0.94999998807907104] [0:0.90909093618392944] [0:0.90909093618392944] [0:1] [0:1] [0:0.89999997615814209] [0:0.8571428656578064] [0:0.8571428656578064] [-1:1] [-1:1] [-0.83333331346511841:0.90909093618392944] [-0.83333331346511841:0.90909093618392944] [-0.83333331346511841:0.90909093618392944] [0:1] [0:1] [0:1] [0:1] [0:1] [0:1] [0:1] [0:1] [0:1] [0:1] [-1:1] [-1:1] [-1:1] [-1:1] [-1:1] [0.20013266801834106:26452.083984375] [0.10012400150299072:23627.859375] [0.050104878842830658:26698.134765625] [0.033777147531509399:28136.5] [0.017187755554914474:26107.111328125] [0.00080492562847211957:59102.5] [0.0021778203081339598:49210.34375] [0.0021778203081339598:56418.4921875] [0.0021778203081339598:57003.12109375] [0.0021778203081339598:42065.70703125] [0:2.2360680103302002] [0:3.1615598201751709] [0:4.4708261489868164] [0:5.465825080871582] [0:7.5986995697021484] [0:1] [0:1] [0:1] [0:1] [0:1] [0:1] [0:1] [0:1] [0:1] [0:1] [-1:1] [-1:1] [-1:1] [-1:1] [-1:1] [-0.7596813440322876:2.1748607158660889] [-0.084833331406116486:0.055882301181554794] [-3.7620944976806641:5.0776824951171875] [0:2.056443452835083] [-78937640:33658216]
tree_sizes=3108 3049 3090 3104 3072 3074 3080 3100 3127 3061 3014 2954 3108 3075 3064 3073 3066 3099 3019

Tree=0
num_leaves=31
num_cat=0
split_feature=27 86 25 30 158 74 42 117 84 162 24 138 20 121 57 1 125 137 6 9 15 137 10 115 78 158 162 40 25 34
split_gain=136.105 126.955 94.7822 63.4184 80.143 62.8997 61.5704 55.4838 54.1163 53.3819 51.1595 59.2754 44.8516 44.427 44.4209 63.6912 44.8099 63.8084 42.0396 41.9025 41.1532 38.1789 37.7778 37.7426 65.7231 42.9346 39.5189 37.5974 60.8853 46.8259
threshold=0.092212572693824782 -0.58333334326744068 0.012333759106695654 -0.00042249893886037165 -0.053267942741513245 0.35000000894069677 0.12159738317131998 0.43661977350711828 0.84999999403953563 0.44739344716072088 0.025381463579833511 0.49812923371791845 1.0528079867362978 0.72727236151695263 0.8804721236228944 0.03865334019064904 0.062937248498201384 0.80921244621276867 0.36363442242145544 0.95694369077682506 1.1499549746513369 0.50782451033592235 1.0191977620124819 0.59430602192878734 0.70000001788139354 0.00022422952315537262 -0.18593249469995496 -0.030112487263977524 0.021555510349571708 0.13414874672889712
decision_type=8 2 8 10 8 2 10 10 2 10 10 10 10 10 8 10 10 10 10 10 10 10 10 8 10 10 8 10 10 10
left_child=2 10 22 4 5 7 8 13 27 -8 12 -12 -2 -4 18 23 -17 -18 -3 -10 -9 -6 -1 25 26 -16 -25 29 -29 -5
right_child=1 14 3 6 21 -7 9 20 19 -11 11 -13 -14 -15 15 16 17 -19 -20 -21 -22 -23 -24 24 -26 -27 -28 28 -30 -31
leaf_value=0.0016089609107759223 0.0037763349792154679 -0.013613469060417218 -0.0031616177406383187 0.0044688746968969415 -0.0015857463826132927 0.0085809930233151626 0.0044716511729349399 2.4078637920326876e-11 -0.010084156034770487 -0.010314718256522774 -0.0019061598933674975 0.0092036433999481432 -0.012092515291695236 0.0034594222631219407 6.2753859514427771e-05 0.00089515364980837029 0.010152928225405604 -0.0042098458963780987 0.0029513311877338516 0.0025942954776093275 0.010261902681068281 -0.00033552172560019319 -0.0040418450162386273 -0.0053607298386409413 0.011342262958143716 -0.0061210845588031979 0.0032142043850337909 0.00058513538013531523 -0.0010455260877213226 0.00030734957456876214
leaf_weight=29197 606 338 2720 3478 62546 1153 246 655 212 878 432 3758 195 1319 2556 1816 1575 293 173 9919 810 34962 1058 781 554 1556 1195 39692 42569 8607
leaf_count=29197 606 338 2720 3478 62546 1153 246 655 212 878 432 3758 195 1319 2556 1816 1575 293 173 9919 810 34962 1058 781 554 1556 1195 39692 42569 8607
internal_value=8.50016e-06 0.00270231 -0.000168102 -0.000395656 -0.000921129 0.002244 0.000119906 0.000835937 0.000198453 -0.00679472 0.00666012 0.00798332 2.40786e-11 -0.00091911 0.000842988 0.00130063 0.00445997 0.00772047 -0.00754052 0.00228009 0.00582383 -0.00114071 0.00139891 -0.000414801 0.0024007 -0.00222294 -4.4432e-05 -2.2332e-05 -0.000255114 0.0015352
internal_weight=255849 15828 240021 209766 104165 6657 105601 5504 104477 1124 4991 4190 801 4039 10837 10326 3684 1868 511 10131 1465 97508 30255 6642 2530 4112 1976 94346 82261 12085
internal_count=255849 15828 240021 209766 104165 6657 105601 5504 104477 1124 4991 4190 801 4039 10837 10326 3684 1868 511 10131 1465 97508 30255 6642 2530 4112 1976 94346 82261 12085
is_linear=0
shrinkage=1


Tree=1
num_leaves=31
num_cat=0
split_feature=16 26 40 71 18 73 33 39 114 20 32 36 1 120 45 24 1 20 41 58 151 118 83 15 29 141 160 52 23 75
split_gain=189.366 110.687 83.4855 104.067 63.0887 81.5154 68.4961 104.377 89.8447 64.1543 60.7493 55.9281 58.4038 72.826 54.7064 53.2838 51.7641 46.6268 56.712 44.169 53.1007 48.2265 57.1476 43.95 40.7643 37.8941 37.5735 36.6555 34.7066 34.2153
threshold=1.2241054177284243 0.021455070935189727 -0.030112487263977524 0.58064553141593944 1.0247294902801516 0.5000000149011613 0.25209435820579534 -0.015913747251033779 0.73188430070877086 0.89386713504791271 -0.0045728697441518298 0.80502268671989452 0.054196750745177276 0.69620221853256237 1.0307692885398867 0.044624375179409988 0.036672007292509086 1.0707752108573916 -0.0029679699800908561 0.99975594878196727 0.42994979023933416 0.5416676700115205 -0.50000001490116108 1.122349798679352 -0.0009696944907773285 0.84564810991287243 0.14082683622837069 0.76815778017044078 0.018094280734658245 0.22500000149011615
decision_type=10 10 10 10 10 10 8 10 10 10 8 10 10 10 8 10 10 10 10 10 10 10 10 8 10 10 10 10 10 2
left_child=1 14 3 -3 6 17 10 8 -8 -9 23 -2 13 28 -1 -14 -16 18 -6 21 -21 -5 -23 -4 -18 -15 -12 -22 -13 -19
right_child=11 2 4 19 5 -7 7 9 -10 -11 26 12 15 25 16 -17 24 29 -20 20 27 22 -24 -25 -26 -27 -28 -29 -30 -31
leaf_value=0.0015611165359427364 0.0028256469740023434 -0.00017434703394477368 0.0063273662747026921 0.0086458006740069478 -0.0061759367876924095 -0.011508422613494156 0.0014485428065792044 -0.0063252895906106901 0.0097382892063778322 -0.00039677383852513876 -0.0022171686764203371 0 0 -0.008622547841565683 0.00015905141399608194 0.024336215733116884 -0.0013682647313149124 -0.00030535684237502911 0.0055085245439172531 -0.0069567291306169357 0.012525290775866792 0.0038876563307363127 -0.0069196545095976635 -0.0021502746998287555 -0.0142626511231695 0.0050002815766412136 0.00042288900619633909 0.0052639351187749855 0.020430510766498031 0.0097797206425709344
leaf_weight=41198 1964 13832 1421 535 2437 1038 5906 1661 1496 94057 38206 108 129 230 35445 394 641 1228 398 218 945 829 863 810 379 629 5338 2910 345 361
leaf_count=41198 1964 13832 1421 535 2437 1038 5906 1661 1496 94057 38206 108 129 230 35445 394 641 1228 398 218 945 829 863 810 379 629 5338 2910 345 361
internal_value=-2.67083e-05 -0.000128285 -0.000548634 0.00126183 -0.00078684 -0.00395889 -0.000667948 -0.000235726 0.00318611 -0.000504085 -0.00163456 0.0066021 0.0104083 0.00650034 0.000812168 0.0190587 -2.61604e-05 -0.00207622 -0.0044034 0.00445309 0.00631677 0.000885173 -0.00146579 0.00312439 -0.00663002 0.000898232 -0.0018866 0.00717683 0.0160019 0.00189247
internal_weight=255951 252152 174489 20132 154357 5462 148895 103120 7402 95718 45775 3799 1835 1312 77663 523 36465 4424 2835 6300 4073 2227 1692 2231 1020 859 43544 3855 453 1589
internal_count=255951 252152 174489 20132 154357 5462 148895 103120 7402 95718 45775 3799 1835 1312 77663 523 36465 4424 2835 6300 4073 2227 1692 2231 1020 859 43544 3855 453 1589
is_linear=0
shrinkage=0.03


Tree=2
num_leaves=31
num_cat=0
split_feature=16 30 120 16 39 57 27 0 36 140 33 44 15 1 42 6 38 60 30 23 85 76 16 37 27 161 49 21 11 60
split_gain=160.135 88.05 83.2153 79.8094 79.0828 77.1386 66.5265 64.4425 52.7007 86.5564 52.5658 87.9303 51.0047 50.9905 58.1744 66.8303 48.8378 46.6945 57.286 42.3699 41.4367 40.3649 39.4387 38.9235 38.6528 38.0219 36.53 36.1927 35.9029 35.7226
threshold=1.2241054177284243 -0.00038569678144995118 0.25775530934333807 0.93407893180847179 0.021416815929114822 0.92702656984329235 0.090783946216106429 0.0301642119884491 0.80819529294967662 0.76397109031677257 0.26314339041709905 1.0374479889869692 0.96816477179527294 0.022269345819950107 -0.076609600335359559 0.13043653964996341 -0.023208932019770142 0.85157677531242382 0.0051873340271413335 0.017023563385009769 0.57500001788139354 0.050000002607703216 1.0492656230926516 0.50906667113304149 0.099392190575599684 0.89349776506423961 0.88785049319267284 1.0225551128387453 0.99771162867546093 0.89637815952301036
decision_type=10 8 8 8 10 8 10 8 10 10 8 8 10 10 10 10 10 8 10 10 2 2 10 10 10 10 10 10 10 10
left_child=1 3 7 4 27 16 13 -3 25 -10 11 26 -6 23 15 -15 -4 20 -19 -11 -12 -8 -16 -5 -13 -2 -7 -1 -25 -9
right_child=8 2 5 6 12 10 21 29 9 19 17 24 -14 14 22 -17 -18 18 -20 -21 -22 -23 -24 28 -26 -27 -28 -29 -30 -31
leaf_value=-0.0010162914505836679 0.00012619885536759205 -0.0011478577074638234 -0.0088706007124856115 -0.00078242875057337249 -0.0009901845159249439 0.0092127835373774884 0.0069143550573714284 -0.011250511010818512 -0.0028302095905211335 0 0.004617604992095509 -0.0037300152079040205 -0.019789163854316647 -0.002566951725582905 -0.00091276016223322152 0.0044200052768009748 0.0061343803088019476 0.00080229652555414781 0.0036552174145656089 0.015005727841484092 -0.013332286344496212 0.0009604333211240655 -0.0030763686616448434 7.792388795083617e-05 0.0032816310877456793 0.01035181679344206 0.00028237416347292818 -0.01147712931629551 0.0026944725727268593 6.7308087809139788e-05
leaf_weight=2177 1582 10372 175 45372 228 402 1518 933 349 213 125 7605 466 2096 14760 2836 3151 74149 7002 1274 356 3565 16795 24025 719 415 26905 345 5936 270
leaf_count=2177 1582 10372 175 45372 228 402 1518 933 349 213 125 7605 466 2096 14760 2836 3151 74149 7002 1274 356 3565 16795 24025 719 415 26905 345 5936 270
internal_value=2.75709e-05 -6.39484e-05 0.000469007 -0.000652823 -0.00531058 0.000704142 -0.000521236 -0.00195177 0.00609817 0.00980121 0.000573003 -0.000382192 -0.014234 -0.000676162 -0.00159772 0.00139173 0.00520692 0.000993596 0.00105299 0.0129631 -0.00807063 0.00281745 -0.00207505 -0.000225526 -0.003082 0.00248151 0.000431468 -0.00264435 0.000607784 -0.00850549
internal_weight=256116 252283 132164 120119 3216 120589 116903 11575 3833 1836 117263 35631 694 111820 36487 4932 3326 81632 81151 1487 481 5083 31555 75333 8324 1997 27307 2522 29961 1203
internal_count=256116 252283 132164 120119 3216 120589 116903 11575 3833 1836 117263 35631 694 111820 36487 4932 3326 81632 81151 1487 481 5083 31555 75333 8324 1997 27307 2522 29961 1203
is_linear=0
shrinkage=0.03


Tree=3
num_leaves=31
num_cat=0
split_feature=16 26 33 27 55 36 85 25 10 45 102 78 14 45 15 82 33 30 1 34 44 38 1 10 59 119 36 20 71 37
split_gain=167.357 89.3913 82.484 73.3551 72.0416 96.329 108.569 66.9085 88.3283 110.469 62.2023 73.2857 61.0663 53.9227 53.3269 71.7858 51.5664 54.319 49.8448 44.7085 44.6756 63.5957 48.1164 41.8737 60.0819 52.312 38.2309 37.1906 35.1997 32.6043
threshold=1.2241054177284243 0.021585190668702129 0.31925892829895025 0.084763109683990492 0.93584609031677257 0.79527312517166149 0.82500001788139354 0.03661074489355088 1.0189633965492251 1.116867244243622 0.53390806913375866 0.30000000447034841 0.84237992763519298 1.0296478867530825 1.122349798679352 0.80833333730697643 0.96605226397514354 -0.0068273739889264098 0.035433042794466026 0.69861429929733287 1.0426244139671328 -0.0017291174153797326 0.033894751220941551 1.0154564380645754 0.99719744920730602 0.26436792314052587 0.71040496230125438 0.96468013525009166 0.980707347393036 0.65667176246643078
decision_type=10 10 8 10 10 10 2 10 10 10 2 10 8 8 8 2 10 10 10 8 10 10 10 10 10 10 10 10 10 8
left_child=1 13 3 20 5 6 19 10 12 -10 11 -6 -9 -1 15 26 17 -2 29 -4 21 -3 -23 24 -22 -25 -5 -17 -7 -15
right_child=16 2 4 14 7 28 -8 8 9 -11 -12 -13 -14 18 -16 27 -18 -19 -20 -21 23 22 -24 25 -26 -27 -28 -29 -30 -31
leaf_value=0.0015166837215903151 0.0095238332954397081 0.00052650231651538246 0.0052830232445300121 -0.001067401403130886 -0.0023362387125858237 -0.0014806904167105157 -0.022610981429398033 0.014180718696606094 0.0076385677273410162 0.00087923926218034414 0.001516969932292645 -0.00013106093996589972 3.9434768939069382e-05 -0.00031372420459149938 -0.0048892344351391713 0.026744092085267887 -0.0079850982759484459 0.0011817504191412567 -0.0059449572267727731 -0.0082767698020093251 -0.0037769598059624629 -0.0027655930059913496 0.0014689241027805594 0.010729707073610784 0.00047053034324192358 -0.0054085877520678857 0.005118174512618953 0.0072401862006859601 0.012081406208561891 0.0018517578566707839
leaf_weight=40123 2509 12857 279 2558 18523 384 421 259 3817 5311 13267 51765 21982 29159 873 101 182 1102 1231 658 6593 17006 2703 156 5269 6310 1325 977 249 7916
leaf_count=40123 2509 12857 279 2558 18523 384 421 259 3817 5311 13267 51765 21982 29159 873 101 182 1102 1231 658 6593 17006 2703 156 5269 6310 1325 977 249 7916
internal_value=2.27032e-06 -9.09103e-05 -0.000471639 -0.00141015 -1.3539e-05 -0.00564484 -0.0101622 8.23757e-05 0.00126543 0.00374906 -0.000358383 -0.000716958 0.000230181 0.00074811 0.00174592 0.00298869 0.00624147 0.00708116 -4.94638e-05 -0.00389971 -0.00177836 -0.00109579 -0.00216874 -0.00297233 -0.0018674 -0.00494109 0.000981856 0.00979463 0.00360138 0.000141296
internal_weight=255865 252072 173643 56728 116915 1991 1358 114924 31369 9128 83555 70288 22241 78429 5834 4961 3793 3611 38306 937 50894 32566 19709 18328 11862 6466 3883 1078 633 37075
internal_count=255865 252072 173643 56728 116915 1991 1358 114924 31369 9128 83555 70288 22241 78429 5834 4961 3793 3611 38306 937 50894 32566 19709 18328 11862 6466 3883 1078 633 37075
is_linear=0
shrinkage=0.03


Tree=4
num_leaves=31
num_cat=0
split_feature=16 26 27 33 40 49 45 18 33 30 158 25 25 17 86 44 2 1 38 40 84 158 25 33 22 33 20 10 79 140
split_gain=127.4 96.429 76.6881 79.9934 70.6769 61.7227 59.4121 84.6234 54.879 57.9868 51.2686 63.4483 48.9275 68.227 56.5971 47.4217 52.0987 47.0195 45.4159 45.1821 42.1385 40.6715 39.989 44.0005 51.4492 39.9029 46.6921 37.1676 35.4011 33.5229
threshold=1.2241054177284243 0.021585190668702129 0.074148178100585951 0.37453159689903265 0.026314677670598034 0.88448563218116771 1.1185795664787295 1.0402072072029116 0.97388815879821788 -0.005568938795477151 0.18606730550527575 0.040591789409518249 0.037808155640959747 1.0505280494689944 0.78333333134651195 1.0410753488540652 -0.42856383323669428 0.036247322335839278 0.012876618187874557 0.015336237382143738 -1.0000000180025095e-35 0.011649216525256635 0.030659592710435394 0.54210248589515697 0.86434072256088268 0.9425533413887025 0.89386713504791271 1.0025873780250552 0.15000000223517421 0.76706165075302135
decision_type=10 10 10 8 10 10 10 10 10 10 8 10 10 10 2 10 10 10 10 10 2 8 10 10 10 10 10 10 2 10
left_child=1 17 3 5 12 28 7 10 9 29 11 -4 13 -5 -14 16 -7 20 -12 -17 -1 -19 -8 27 -25 26 -6 -24 -3 -2
right_child=8 2 6 4 25 15 22 -9 -10 -11 18 -13 14 -15 -16 19 -18 21 -20 -21 -22 -23 23 24 -26 -27 -28 -29 -30 -31
leaf_value=0.00015264519487855692 0 0.011503656793552461 0.00039804748203241979 0.00050096128953727953 -0.010512800091966814 0.00082498940069236995 -0.01117135279655394 0.014047167237057829 -0.012414128329001472 -0.0003520660012498398 -0.0018547706848523599 0.0039299771470568418 0.00094554292164945105 -0.0015300958285408589 0.0067103548813211827 -0.0036206669978866837 -0.0018782854249262196 -0.0070393129802789967 -0.020249584238305224 0.00057830314823386828 0.001569596719969895 0.0014211914911805665 0.003369413451254188 -0.0160117982935238 0.0020935574942427342 0.0022065171194908663 -0.002274997567919909 -0.0044363860402209972 0 0.0094490414458395806
leaf_weight=37838 417 466 12511 40100 661 8585 337 475 122 879 715 7412 11706 23555 1787 16799 23851 1256 141 2528 38762 759 602 124 3826 1577 12348 3200 392 2457
leaf_count=37838 417 466 12511 40100 661 8585 337 475 122 879 715 7412 11706 23555 1787 16799 23851 1256 141 2528 38762 759 602 124 3826 1577 12348 3200 392 2457
internal_value=-3.45599e-05 -0.000118832 -0.000514403 -0.000799688 -0.000260838 -0.00173291 0.000878452 0.0017169 0.00534803 0.00606769 0.00140738 0.00172971 9.77038e-05 -0.000246148 0.00174003 -0.0018705 -0.00115349 0.000751267 -0.00562036 -0.0030559 0.000873805 -0.00372239 -0.0012864 -0.000790436 0.00137182 -0.00217531 -0.00273209 -0.00311078 0.00607971 0.00812367
internal_weight=256188 252313 173698 144355 91734 52621 29343 21254 3875 3753 20779 19923 77148 63655 13493 51763 32436 78615 856 19327 76600 2015 8089 7752 3950 14586 13009 3802 858 2874
internal_count=256188 252313 173698 144355 91734 52621 29343 21254 3875 3753 20779 19923 77148 63655 13493 51763 32436 78615 856 19327 76600 2015 8089 7752 3950 14586 13009 3802 858 2874
is_linear=0
shrinkage=0.03


Tree=5
num_leaves=31
num_cat=0
split_feature=16 26 27 18 11 49 84 33 40 49 18 42 23 33 159 36 23 19 33 161 38 133 17 30 46 9 14 26 37 161
split_gain=133.74 78.2235 67.2035 61.6117 68.7635 59.9658 90.8375 53.1509 57.7506 48.8985 48.0648 47.6777 44.9502 44.2205 43.3984 42.6265 56.5696 48.9064 53.211 41.1649 47.1504 40.6659 40.4283 64.5695 33.9993 35.1211 31.8979 34.1692 30.5189 29.2142
threshold=1.2241054177284243 0.019946628250181678 0.074148178100585951 0.94165822863578807 0.9752168357372285 0.83075928688049328 0.75000000000000011 0.25775006413459783 0.025811721570789817 0.85237580537796032 0.98327314853668224 -0.003400894813239574 0.025812382809817794 0.96605226397514354 -0.0040512538980692616 0.80502268671989452 0.022855335846543316 1.0165133476257326 0.59299665689468395 0.38502781093120581 -0.00050313319661654521 0.38382719457149511 1.0505280494689944 -0.0061254054307937613 1.0047988295555117 0.98206350207328807 0.88468468189239513 0.024736619554460052 0.65275800228118908 1.2571638226509096
decision_type=10 10 10 10 10 10 2 10 10 10 10 8 10 10 8 10 10 10 8 10 10 10 10 10 10 10 8 10 10 8
left_child=1 11 7 9 19 6 -6 14 22 -4 -7 28 -13 15 -3 -2 17 -17 -19 21 -21 -5 29 -24 -10 -26 -16 -28 -1 -9
right_child=13 2 3 4 5 10 -8 8 24 -11 -12 12 -14 -15 26 16 -18 18 -20 20 -22 -23 23 -25 25 -27 27 -29 -30 -31
leaf_value=-0.00069560987269387672 0.0029125040580573326 -0.0083273244746788939 -0.015041458738186129 0.007807312193221309 0.018436352684072961 -0.0032067707211033436 -0.0059412272446016639 0.00052650362642319988 0.0015082753066938659 0.0053676973693722553 0.00060847640656960225 0.0013881984835374013 0.014534809909600578 -0.008065910236365062 0.0091137558387033649 0.013451288440855035 0.0136472709557764 -0.012859327991261552 0.008315147436460937 0.0083977963535660505 0 -0.00087770835578062506 0.0030583092680785311 -0.0012786249233655757 -0.0048871009047935909 -0.00151979495706818 0 -0.0019535188171921447 0.0016712428461751025 -0.0041839074724258143
leaf_weight=21539 1867 834 358 2577 362 3543 179 59748 2128 109 17864 37229 221 168 230 193 1145 241 147 710 3250 518 3372 31575 4000 10755 10336 32862 6299 1177
leaf_count=21539 1867 834 358 2577 362 3543 179 59748 2128 109 17864 37229 221 168 230 193 1145 241 147 710 3250 518 3372 31575 4000 10755 10336 32862 6299 1177
internal_value=-2.45989e-05 -0.000109861 -0.000423782 0.000885968 0.00107227 0.000228362 0.00991156 -0.000671596 -0.000322293 -0.00963704 -1.1375e-05 0.000782076 0.0014815 0.0055742 -0.0015541 0.00633613 0.00979183 0.00149329 -0.00408739 0.00364718 0.00150764 0.00626112 -3.40429e-05 -0.000850069 -0.00193943 -0.00245834 -0.00141335 -0.00148054 -0.00014847 0.000429238
internal_weight=255536 251775 186487 29470 29003 21948 541 157017 112755 467 21407 65288 37450 3761 44262 3593 1726 581 388 7055 3960 3095 95872 34947 16883 14755 43428 43198 27838 60925
internal_count=255536 251775 186487 29470 29003 21948 541 157017 112755 467 21407 65288 37450 3761 44262 3593 1726 581 388 7055 3960 3095 95872 34947 16883 14755 43428 43198 27838 60925
is_linear=0
shrinkage=0.03


Tree=6
num_leaves=31
num_cat=0
split_feature=16 25 74 57 55 36 60 120 26 30 140 36 85 42 23 4 16 162 10 81 58 46 69 37 23 162 125 79 58 27
split_gain=147.588 76.6688 55.5545 78.2351 58.3732 81.9702 64.8418 116.049 54.5063 50.3632 52.0055 55.7767 47.3531 46.0168 81.1023 57.5558 43.4359 63.1831 38.6695 36.146 35.3776 35.1707 48.4378 38.7116 32.5894 32.4262 30.4246 29.9255 28.8201 41.2636
threshold=1.2241054177284243 0.01246010744944215 0.25000000745058065 1.1682889461517336 0.93584609031677257 0.80819529294967662 0.91691353917121898 0.25179861485958105 0.021839609369635585 -0.005568938795477151 0.82035279273986828 0.80502268671989452 0.87500000000000011 -0.076609600335359559 0.0083329798653721827 0.39999522268772131 1.1670506596565249 -1.6288121938705442 1.0191977620124819 0.050000002607703216 0.96759968996047985 1.1563021540641787 0.42222218215465551 0.50010347366333019 0.016666632145643238 1.4899374246597292 -0.49999989569187159 0.25000000745058065 0.99904614686965953 0.059655694290995605
decision_type=10 8 2 10 8 10 8 10 8 10 10 10 2 10 8 10 10 10 10 2 10 10 10 10 10 10 10 2 10 10
left_child=1 18 13 4 5 12 7 -6 -8 10 -2 -12 -4 14 -3 25 17 20 -1 -15 -5 23 -23 -21 -13 -16 -19 -7 -18 -30
right_child=9 2 3 16 6 27 8 -9 -10 -11 11 24 -14 19 15 -17 28 26 -20 21 -22 22 -24 -25 -26 -27 -28 -29 29 -31
leaf_value=0.0015430652815475456 1.970606561981658e-06 0.019457325737202567 -0.0053413891317224804 -0.00074480429197470825 -0.002262043116601286 0.0086475504607276335 0.00074840659873656875 0.003288381530327315 -0.00064752039023642678 -0.00015315259783262652 0.0040817114748296305 0 -0.018757569421155255 -0.003334829838607774 0.00024395623469142011 -0.0043680053593996727 0.0026707245841456968 0.0085744619386584897 -0.0040515798739533182 -0.0013389696582075195 0.0088685068705027029 -0.0039819987120229905 0.0011182983543652539 0.00028018369823288583 0.016100239861624677 0.0052649022794703203 -0.0019328631333168254 -0.004645748267577016 -0.00096984799395447008 0.013598365077322597
leaf_weight=30197 672 199 1085 395 4601 401 35718 12265 84349 855 988 163 346 6277 2985 1452 870 247 1108 30134 1233 6571 2126 23294 1088 2025 2690 191 171 814
leaf_count=30197 672 199 1085 395 4601 401 35718 12265 84349 855 988 163 346 6277 2985 1452 870 247 1108 30134 1233 6571 2126 23294 1088 2025 2690 191 171 814
internal_value=3.29779e-05 -5.42543e-05 -0.000252727 8.76286e-05 -6.00562e-05 -0.00509405 1.28568e-05 0.00175559 -0.000229701 0.00591287 0.00778578 0.00996846 -0.00900586 -0.000915743 0.00144159 0.000782183 0.003321 0.00164765 0.00133301 -0.00115004 0.00637327 -0.000923462 -0.0027011 -0.000627584 0.0142442 0.00234589 -0.000895731 0.00385681 0.00721746 0.0108018
internal_weight=255510 251744 220439 145376 138956 2023 136933 16866 120067 3766 2911 2239 1431 75063 6661 6462 6420 4565 31305 68402 1628 62125 8697 53428 1251 5010 2937 592 1855 985
internal_count=255510 251744 220439 145376 138956 2023 136933 16866 120067 3766 2911 2239 1431 75063 6661 6462 6420 4565 31305 68402 1628 62125 8697 53428 1251 5010 2937 592 1855 985
is_linear=0
shrinkage=0.03


Tree=7
num_leaves=31
num_cat=0
split_feature=16 30 120 12 84 16 27 41 81 42 58 33 25 1 42 16 6 158 30 1 111 120 55 41 33 32 112 118 162 18
split_gain=122.253 80.8799 66.3244 70.4321 60.8724 58.703 55.2437 53.7018 71.5837 53.8842 61.4719 51.0316 49.2841 47.4586 68.9042 50.5505 48.4671 47.3538 45.038 43.8122 62.002 47.3714 39.1155 49.9946 100.8 39.6454 37.118 36.6813 68.3349 40.887
threshold=1.2241054177284243 -0.00042249893886037165 0.25775530934333807 0.98555809259414684 0.84999999403953563 0.9327770769596101 0.090783946216106429 0.025733890943229202 0.28333334624767309 0.087431125342845931 0.99501976370811474 0.33557032048702246 0.053325301036238677 0.018339716829359535 -0.076609600335359559 1.0474506020545962 0.16666502505540851 0.014796057716012003 -0.0070404950529336921 0.054196750745177276 -0.13484849035739896 0.7185485064983369 0.93584609031677257 0.057836342602968223 0.77761691808700573 -0.00097368506249040354 -0.03279569931328296 0.21839091926813128 0.66978952288627636 1.0216119885444643
decision_type=10 8 8 10 2 8 10 10 2 10 10 8 8 10 10 8 10 10 10 10 2 10 10 10 10 10 2 10 10 10
left_child=1 5 3 12 7 26 13 9 -9 11 -11 -4 -3 -7 16 -16 -15 -10 19 21 -21 -2 -6 25 -25 -24 -1 -8 29 -29
right_child=18 2 4 -5 22 6 27 8 17 10 -12 -13 -14 14 15 -17 -18 -19 -20 20 -22 -23 23 24 -26 -27 -28 28 -30 -31
leaf_value=-0.01031302167549941 0.0095825986136692781 -0.0037139379690788047 -0.00023322837827935024 -0.00086130134191823415 -0.0073353479828888379 -5.9260439866236817e-05 0.0081786525968014865 0.0035105252435714482 -0.00087721628367848998 0.0099479372984548464 -0.0025956020705425777 0.0011897119570035302 -0.01718594792598608 -0.0010492276425903158 -0.00042740658132308615 -0.0024761179358680913 0.0042935164824198331 -0.0049045756802202139 0.00023191741035648091 0.018224209658440016 0.00074415517772058177 -0.00017112929141551355 -0.00095634589779637744 0.020038238553000881 0 0.0037806093777499328 -0.0025286174838882961 0.00040760261385611971 0.0068926012007985262 -0.008421080458431849
leaf_weight=805 781 842 36749 10444 283 57710 855 2453 9808 1131 448 57952 393 2834 17968 28936 3115 3715 1182 624 309 884 2010 438 424 6140 2245 2370 1330 554
leaf_count=805 781 842 36749 10444 283 57710 855 2453 9808 1131 448 57952 393 2834 17968 28936 3115 3715 1182 624 309 884 2010 438 424 6140 2245 2370 1330 554
internal_value=2.17196e-05 -5.76497e-05 0.000448403 -0.00170201 0.000657736 -0.000628049 -0.000516374 0.000461108 -0.00114143 0.000730319 0.00621347 0.000634436 -0.00844559 -0.000659614 -0.00130919 -0.00169821 0.00170308 -0.00201136 0.00536341 0.00756386 0.0128869 0.00428544 0.00299412 0.00336723 0.0102785 0.00257615 -0.00473471 0.00251546 0.00127409 -0.00120908
internal_weight=255732 251952 133230 11679 121551 118722 115672 112256 15976 96280 1579 94701 1235 110563 52853 46904 5949 13523 3780 2598 933 1665 9295 9012 862 8150 3050 5109 4254 2924
internal_count=255732 251952 133230 11679 121551 118722 115672 112256 15976 96280 1579 94701 1235 110563 52853 46904 5949 13523 3780 2598 933 1665 9295 9012 862 8150 3050 5109 4254 2924
is_linear=0
shrinkage=0.03


Tree=8
num_leaves=31
num_cat=0
split_feature=158 30 48 27 26 67 37 162 74 17 115 57 121 17 86 53 84 48 126 12 10 27 105 24 52 40 118 60 107 45
split_gain=81.1946 89.2597 79.8609 68.07 72.5274 67.1333 72.187 68.0021 57.8417 56.7934 56.3068 56.8607 53.5552 62.4202 50.4244 68.6744 46.3185 49.4899 45.7741 45.6138 43.9177 43.8037 43.0214 43.8956 42.6844 42.4637 40.9839 55.4002 42.0549 39.5119
threshold=-0.053267942741513245 -0.00042249893886037165 0.9204043745994569 0.090783946216106429 0.029273984953761104 0.46720430254936224 0.70995262265205394 -0.58948341012001026 0.35000000894069677 1.1136801838874819 0.74603191018104564 0.92702656984329235 0.7450978457927705 1.1547691226005556 -0.58333334326744068 0.97937640547752391 0.84999999403953563 0.98133751749992382 -0.27927556633949274 0.98555809259414684 1.0567692518234255 0.074148178100585951 0.48684211075305944 0.050025841221213348 0.84211549162864696 -0.0049672767054289571 0.083333741873502745 0.89339011907577526 0.39827586710453039 1.0626959204673769
decision_type=8 8 10 10 10 10 10 10 2 10 10 8 10 10 2 10 2 8 10 10 10 10 2 10 10 8 10 10 2 10
left_child=2 3 18 4 -2 7 24 21 12 -9 11 22 13 -4 15 -5 17 29 -1 26 -15 -6 23 -3 -7 -19 -12 28 -28 -13
right_child=1 10 8 14 5 6 -8 9 -10 -11 19 16 -14 20 -16 -17 -18 25 -20 -21 -22 -23 -24 -25 -26 -27 27 -29 -30 -31
leaf_value=0.022090069650458882 -0.00022132950768977014 0.0046030685977472502 0.0027951229371141447 -0.0078850105633359677 -0.00050142857395888091 -0.010261397300592057 0.0022560311335174071 -0.00099707365872566257 0.0072835154496649493 -0.0039793712507888305 -0.00065578451340769458 -5.6432471834592804e-05 0.006297117316893132 -0.0045554973754893717 -0.00045416741100333386 0.0064434972851555592 0.0025948147364449714 0.00047722110804308327 0.0019114375397049149 -0.00091828731066612764 0.011224602306356246 0.0037986833841363835 0.015785537640303115 -0.0058015361859055986 -0.0041559377078432946 0.0024545029283337171 -0.0005130965361262069 0.00094085104320378553 -0.022886096116430402 -0.0028557941039405424
leaf_weight=281 60692 2798 2630 301 14034 1613 1068 13115 1542 10750 570 50583 1275 2677 2846 2870 8670 41633 212 9827 140 2487 269 378 3831 13011 133 166 336 4994
leaf_count=281 60692 2798 2630 301 14034 1613 1068 13115 1542 10750 570 50583 1275 2677 2846 2870 8670 41633 212 9827 140 2487 269 378 3831 13011 133 166 336 4994
internal_value=-1.5294e-05 -0.000117219 0.00281885 -0.000736034 -0.000911833 -0.00179856 -0.00463975 -0.00133095 0.002058 -0.00235522 0.000407689 0.000594667 0.000796737 -0.00045421 0.00235034 0.00494849 0.00048134 0.000311932 0.0144105 -0.00163593 -0.00359191 0.000131565 0.00439378 0.00324231 -0.00605076 0.000954235 -0.00713295 -0.0122915 -0.0174355 -0.000314308
internal_weight=255732 246975 8757 113607 107590 46898 6512 40386 8264 23865 133368 122336 6722 5447 6017 3171 118891 110221 493 11032 2817 16521 3445 3176 5444 54644 1205 635 469 55577
internal_count=255732 246975 8757 113607 107590 46898 6512 40386 8264 23865 133368 122336 6722 5447 6017 3171 118891 110221 493 11032 2817 16521 3445 3176 5444 54644 1205 635 469 55577
is_linear=0
shrinkage=0.03


Tree=9
num_leaves=31
num_cat=0
split_feature=16 30 120 25 29 162 85 87 1 29 16 53 25 0 102 46 114 14 3 29 15 123 36 140 37 1 115 3 85 23
split_gain=113.654 77.1802 73.2775 82.143 63.4205 75.4723 87.1805 72.2942 60.0693 54.971 48.6081 47.9804 45.8541 43.0508 42.1708 41.305 51.5948 49.3393 41.9831 40.511 39.7893 39.2185 37.0373 68.4177 34.6545 34.6431 48.9553 33.3247 30.3779 29.7073
threshold=1.2241054177284243 -0.00042249893886037165 0.25775530934333807 0.043483210727572448 -0.0007697656110394745 0.33277724683284765 0.82500001788139354 -0.54166668653488148 0.039215717464685447 0.014018505811691286 0.9327770769596101 0.98698130249977123 0.01246010744944215 0.0301642119884491 0.54631218314170849 1.0223798155784609 0.56153830885887157 1.016528904438019 0.016968308016657833 0.001842778758145869 0.95474535226821911 0.72727146744728099 0.80502268671989452 0.7297937572002412 0.61836913228034984 0.054196750745177276 0.29702508449554449 0.012320281472057106 0.27500000596046453 0.035850433632731445
decision_type=10 8 8 10 10 10 2 2 10 8 8 10 10 8 2 10 8 10 10 10 10 8 10 10 10 10 10 10 2 10
left_child=1 9 13 12 7 8 -7 -5 -6 10 11 19 24 -3 21 -12 17 -17 -18 -1 -13 -14 -2 -24 -4 26 -25 -11 -9 -22
right_child=22 2 3 4 5 6 -8 28 -10 27 15 20 14 -15 -16 16 18 -19 -20 -21 29 -23 23 25 -26 -27 -28 -29 -30 -31
leaf_value=-0.02036608146977344 0.0020142912278534059 -0.0011713911321571938 0.00089758417057088488 0.015188684884032549 0.0042168556001101667 0.0033097133576524213 -0.0086267480208443662 -0.013345598301293886 0.011666597178732677 0.019667980351660005 0.0029048574148870148 0.0070060238004527337 1.5253034895343552e-05 -0.0071118700030865364 0.0013434272374013183 0.00059321676092256414 -0.0027387316920119802 -0.00086174795777802676 0.0069186222180781919 0 -0.0050901058664081962 -0.0021811257872434127 -0.0049190167064817854 0.0015483946975341477 0.0037184841503776194 0.018250526027024414 0.0145515323239832 0 -0.0014520946091575429 0.0082583784334817716
leaf_weight=267 1974 10441 15043 197 2985 2977 648 211 1632 172 2954 291 62787 1248 19320 29763 12824 69582 383 126 2196 8224 264 693 5523 430 473 101 1909 127
leaf_count=267 1974 10441 15043 197 2985 2977 648 211 1632 172 2954 291 62787 1248 19320 29763 12824 69582 383 126 2196 8224 264 693 5523 430 473 101 1909 127
internal_value=2.21969e-07 -7.6814e-05 0.000417769 0.000638019 0.00316792 0.00440588 0.00105804 -0.00110739 0.00695382 -0.000633685 -0.000668063 -0.0044357 0.000393903 -0.00184232 9.91542e-05 -0.000566631 -0.000660907 -0.000422801 -0.00242595 -0.0141405 -0.00276645 -0.000235435 0.0051142 0.00818811 0.00167259 0.0105759 0.00723264 0.0122932 -0.00288968 -0.00416803
internal_weight=255765 251931 133145 121456 10559 8242 3625 2317 4617 118786 118513 3007 110897 11689 90331 115506 112552 99345 13207 393 2614 71011 3834 1860 20566 1596 1166 273 2120 2323
internal_count=255765 251931 133145 121456 10559 8242 3625 2317 4617 118786 118513 3007 110897 11689 90331 115506 112552 99345 13207 393 2614 71011 3834 1860 20566 1596 1166 273 2120 2323
is_linear=0
shrinkage=0.03


Tree=10
num_leaves=31
num_cat=0
split_feature=16 25 58 49 3 69 77 139 102 36 140 55 14 16 33 38 37 1 13 159 17 75 42 27 6 17 3 110 160 6
split_gain=92.3109 84.6745 47.9057 79.8701 69.0168 94.2822 82.161 55.5111 50.3521 45.3237 63.0022 43.7554 57.4734 42.6608 42.3292 40.2921 37.1844 37.1626 35.6121 35.3906 33.3053 30.2426 30.0175 29.0582 24.5697 23.8953 22.3572 22.2328 21.1591 20.4712
threshold=1.2241054177284243 0.012333759106695654 0.90760317444801342 0.83075928688049328 0.0096617885865271109 0.89247313141822826 0.30833333730697637 0.79588678479194652 0.54316771030426036 0.80502268671989452 0.72603276371955883 0.94833111763000499 0.88468468189239513 0.81565675139427196 0.70348739624023449 -0.0023240277078002687 0.61836913228034984 0.065656580030918135 0.97714117169380199 0.0041426476091146478 1.0764404535293581 0.37500000000000006 0.1126861982047558 0.084763109683990492 0.12121169269084932 0.75599774718284618 0.0011764842201955619 0.19375000149011615 0.028776782564818863 0.071427959948778166
decision_type=10 10 10 10 10 10 2 10 2 10 10 10 8 8 10 10 10 10 10 10 10 2 10 10 10 10 8 2 10 10
left_child=1 16 7 4 6 27 -4 -3 11 29 -11 13 -13 -5 18 23 20 -17 -10 -7 -1 -16 25 -12 -8 -9 -18 -6 -22 -2
right_child=9 2 3 8 5 19 24 22 14 10 15 12 -14 -15 21 17 26 -19 -20 -21 28 -23 -24 -25 -26 -27 -28 -29 -30 -31
leaf_value=0.00093645789653784561 0.0058333728202415629 -0.020600581874541186 0.019873791700530358 0.0056392385541698875 0.016664160595149607 0 -0.0094354503528711227 0.012790809920592668 -0.0021610909294234779 -0.005177166855868858 0.0026149371680849699 0.0066040558111568008 -0.00052472639733176785 -0.0072568617913764209 -0.00040465862062931282 0.00098193134444220275 0.00080390725403655479 0.016426553340237297 0.00055396614509753428 -0.021962513755693025 -0.0066323982095783801 0.002811924252252831 -0.0093590505598133977 0.018895242225071638 0.0064547225796547135 -0.0017063425200021997 0.0040642557405190134 0 0.0053928100508707751 -0.00058852422020667905
leaf_weight=20975 599 198 490 231 165 102 117 121 5657 239 182 998 178314 1479 3316 651 3148 180 18436 158 816 10309 312 563 218 274 6007 112 113 1371
leaf_count=20975 599 198 490 231 165 102 117 121 5657 239 182 998 178314 1479 3316 651 3148 180 18436 158 816 10309 312 563 218 274 6007 112 113 1371
internal_value=-2.65948e-05 -9.77622e-05 -0.000305031 -0.000274955 0.0069049 -0.000963439 0.0122831 -0.00713113 -0.00032166 0.00460964 0.00803675 -0.000530353 -0.000482645 -0.00529629 0.000671734 0.0102684 0.0013667 0.00498729 -7.23474e-05 -0.0138882 0.000676587 0.00200765 -0.00248331 0.0154825 0 0.00241407 0.00298006 0.0102763 -0.00477075 0.00125237
internal_weight=255851 252066 221007 220102 1362 537 825 905 218740 3785 1815 181022 179312 1710 37718 1576 31059 831 24093 260 21904 13625 707 745 335 395 9155 277 929 1970
internal_count=255851 252066 221007 220102 1362 537 825 905 218740 3785 1815 181022 179312 1710 37718 1576 31059 831 24093 260 21904 13625 707 745 335 395 9155 277 929 1970
is_linear=0
shrinkage=0.03


Tree=11
num_leaves=31
num_cat=0
split_feature=16 26 86 55 49 33 34 40 38 79 42 4 34 14 83 105 52 42 17 38 51 33 65 135 29 24 23 38 137 87
split_gain=100.578 64.3799 61.215 83.608 72.3363 63.6905 65.2952 54.3556 51.8044 57.9435 47.4394 54.2255 47.4212 46.3328 43.7711 45.2302 52.135 43.7691 43.6243 35.6762 47.806 39.2605 65.9154 41.7437 33.338 31.1863 30.4918 30.4568 29.7982 23.8054
threshold=1.2241054177284243 0.019946628250181678 0.81666666269302379 0.93584609031677257 0.83075928688049328 0.92698377370834362 0.53325554728508007 -0.039667485281825059 -0.023208932019770142 0.15000000223517421 -0.079052612185478197 0.42553055286407476 0.87832194566726696 0.89173579216003429 -0.70000001788139332 0.34166666865348821 0.72787463665008556 -0.003400894813239574 1.058002293109894 -0.0016666601877659557 0.97758403420448314 0.54681339859962474 0.15707236528396609 0.23617589473724368 -0.016061522997915741 0.027946667745709423 0.025812382809817794 -0.0071703025605529538 1.0083316564559939 -0.39166666567325586
decision_type=10 10 2 10 10 10 10 10 10 2 10 10 10 8 10 2 10 8 10 10 10 10 10 10 10 10 10 10 10 2
left_child=1 17 3 27 5 6 -5 14 9 -9 11 -6 19 -12 -4 -16 -17 -1 25 21 24 22 23 -2 -21 -10 -19 -3 -24 -20
right_child=12 2 7 4 10 -7 -8 8 18 -11 13 -13 -14 -15 15 16 -18 26 29 20 -22 -23 28 -25 -26 -27 -28 -29 -30 -31
leaf_value=-0.00018188874283242798 -0.022092074979445896 0 -0.0017338788956462675 -0.00061254421274812567 0.0028453906440397947 -0.0073114155212916972 0.015993231741739215 -0.027408953001875368 0.00050123284707504802 0 0.0040970708677561972 -0.0030771604657314588 0.013482862673940598 -0.00073495226215484198 -0.0016939618637053563 0.027332627297233559 0.0061268593683656688 0.0013000263594298467 -0.010076544526597061 0.011287010349678221 -0.008768359177492753 0.0099835850248406084 0.016898897673793916 0 0 0.0034234178926794609 0.012574374595049967 -0.012369322704594699 0 0.00061564189127771309
leaf_weight=28037 108 182 217 269 6743 185 610 102 10466 122 1769 1690 495 157374 120 220 297 37342 449 304 393 1028 195 248 867 4999 204 713 182 226
leaf_count=28037 108 182 217 269 6743 185 610 102 10466 122 1769 1690 495 157374 120 220 297 37342 449 304 393 1028 195 248 867 4999 204 713 182 226
internal_value=-2.68535e-05 -0.000101339 -0.000386344 -0.000560712 -0.000509701 0.00719545 0.0106771 0.00131181 0.000900816 -0.012724 -0.000561266 0.00161853 0.00479021 -0.000678848 0.00864298 0.0125797 0.0163911 0.000705532 0.00112399 0.00333355 0 0.00623695 0.000458439 -0.00813816 0.00307645 0.00146839 0.00137593 -0.0096234 0.00933288 -0.00615029
internal_weight=256156 252336 186753 169535 168640 1064 879 17218 16364 224 167576 8433 3820 159143 854 637 517 65583 16140 3325 1564 1761 733 356 1171 15465 37546 895 377 675
internal_count=256156 252336 186753 169535 168640 1064 879 17218 16364 224 167576 8433 3820 159143 854 637 517 65583 16140 3325 1564 1761 733 356 1171 15465 37546 895 377 675
is_linear=0
shrinkage=0.03


Tree=12
num_leaves=31
num_cat=0
split_feature=16 46 37 162 13 30 38 139 34 86 120 15 116 53 12 57 13 81 76 105 122 15 62 38 52 77 51 3 45 68
split_gain=79.583 60.3924 58.3116 113.453 77.1572 62.2364 62.3606 54.6582 49.2549 49.1215 49.0549 70.6507 51.1617 52.9253 50.9271 45.3341 45.261 41.9586 41.8596 46.8535 41.8293 58.0433 39.6967 38.6224 43.4796 38.4713 55.1791 38.0707 37.553 36.4023
threshold=1.2241054177284243 1.0567441582679751 0.73744836449623119 -0.76783367991447438 0.99114063382148754 -0.0062813381664454928 -0.0095345429144799692 1.0256311893463137 0.87832194566726696 -0.71666666865348805 0.25775530934333807 0.88126870989799511 0.5611940622329713 0.99445149302482616 0.98555809259414684 0.9057862162590028 1.1167117953300478 0.28333334624767309 0.91666665673255932 0.48684211075305944 0.66078558564186107 1.0706266760826113 1.0062604546546938 -0.0014705827343277631 0.97794118523597728 0.091666668653488173 0.94642862677574169 0.011312667746096851 1.0108260512351992 0.039603484794497497
decision_type=10 8 8 10 10 10 8 10 10 2 8 8 10 10 10 10 10 2 2 2 10 10 10 10 10 2 10 10 10 8
left_child=1 10 4 18 9 -6 7 -7 23 -3 14 12 13 -12 -1 -13 -8 -14 19 27 21 -5 -23 -2 -25 26 -17 -4 -27 -21
right_child=8 2 3 20 5 6 16 -9 -10 -11 11 15 17 -15 -16 25 -18 -19 -20 29 -22 22 -24 24 -26 28 -28 -29 -30 -31
leaf_value=-0.0071321816241769996 0.0058893796404187095 0.00025553330778553264 0.0011733998451419123 -8.7604031517999226e-05 0.0022095612575084513 -0.0056611626891910514 -0.00035104063154817395 0 0.013223318135188011 -0.0033837116656603178 0.024868590570376992 0.013839756908407639 0.0047181915005597092 0.005237044413852289 -0.00069538379647049388 -0.0017080511685177869 -0.011594252332893594 -0.0020586507696999531 0.015619696486619825 -0.0040632901354128439 0.0019749108285125093 0.0084166505777587483 -0.0045651465549931096 0.0022083688932180668 -0.0093141395059732762 0.0019261599257976833 0.0009742551149018215 -0.0060194300848482474 0.00040344714006998494 0.0040490501430440256
leaf_weight=1247 1762 4103 3344 8414 7167 4024 60000 2375 488 14911 194 209 2901 467 10240 15701 306 1060 210 475 3379 187 5458 1177 367 19117 12147 801 64820 8867
leaf_count=1247 1762 4103 3344 8414 7167 4024 60000 2375 488 14911 194 209 2901 467 10240 15701 306 1060 210 475 3379 187 5458 1177 367 19117 12147 801 64820 8867
internal_value=3.79925e-05 -2.58877e-05 -0.000498854 0.0006188 -0.000876769 -0.000432908 -0.000721897 -0.00353939 0.00433958 -0.0025832 0.000429673 0.000615779 0.0042505 0.0120005 -0.0014314 0.000462364 -0.000416888 0.00282806 0.00266607 0.00241933 -0.000973293 -0.00170498 -0.00405395 0.00286642 -0.000422733 0.000432198 -0.000527433 -0.000166779 0.000754201 0.00359673
internal_weight=255918 252124 124021 31135 92886 73872 66705 6399 3794 19014 128103 116616 4622 661 11487 111994 60306 3961 13697 13487 17438 14059 5645 3306 1544 111785 27848 4145 83937 9342
internal_count=255918 252124 124021 31135 92886 73872 66705 6399 3794 19014 128103 116616 4622 661 11487 111994 60306 3961 13697 13487 17438 14059 5645 3306 1544 111785 27848 4145 83937 9342
is_linear=0
shrinkage=0.03


Tree=13
num_leaves=31
num_cat=0
split_feature=16 30 120 57 138 23 12 60 16 35 30 140 39 27 10 162 61 125 76 14 55 14 6 60 124 42 101 80 112 59
split_gain=103.654 54.0273 52.6888 60.4525 57.5243 67.8403 47.9287 47.9802 45.5437 48.3357 38.1824 50.089 37.8634 36.1562 45.9617 41.7834 71.6751 38.7813 42.6566 42.9041 35.2783 61.0075 47.1232 41.3683 35.272 47.5312 34.3938 33.8606 32.7942 32.2663
threshold=1.2241054177284243 -0.00042249893886037165 0.25775530934333807 0.92110148072242748 0.58965885639190685 0.038373647257685668 0.98555809259414684 0.90218123793602001 0.93407893180847179 0.2033253759145737 -0.0070404950529336921 0.81279495358467113 -0.00059509617858566333 0.090783946216106429 1.0105065107345583 0.66978952288627636 1.0228459835052492 -0.47008623182773585 0.48333333432674414 1.0472102761268618 0.93584609031677257 0.89173579216003429 0.19444458186626437 0.83868175745010387 0.53246736526489269 0.048315767198801048 0.56594201922416698 0.27500000596046453 0.14415584504604342 1.0201607942581179
decision_type=10 8 8 8 10 10 10 10 8 10 10 10 10 10 10 10 10 8 2 10 8 8 10 8 10 10 2 2 2 10
left_child=1 8 6 4 24 26 7 27 9 -1 11 -2 -7 17 28 16 -16 -10 19 -19 -5 22 -22 -23 25 -4 -6 -3 -15 -17
right_child=10 2 3 20 5 12 -8 -9 13 -11 -12 -13 -14 14 15 29 -18 18 -20 -21 21 23 -24 -25 -26 -27 -28 -29 -30 -31
leaf_value=-0.00068102624603776747 -0.00018443931735451867 -0.012434702413382469 0.00043810437025967983 -0.0084355182369985418 0.017597424447744436 -0.016602161303550626 -0.00086915470467800553 0.0039865097318443074 0.0011800372624780073 -0.0084338336467346692 0.00015990881300115761 0.0090879689768505658 0.0019392484408878798 0.0064886779048088329 0.00012917754912625259 0 -0.012802250955066439 -0.00068093676325272278 0.00046131701826145695 -0.0023795844785274231 0.011678290278179721 -0.015425917921285774 0.00040947702096505169 0.00039729770046641519 0.0054836705301448208 -0.021097228914691971 0.0067317518549277911 0.00033059485852718356 -0.0054778409730373082 0.011110508660815524
leaf_weight=1775 617 846 140 380 392 124 10461 236 10318 1328 1207 2054 239 1998 1584 493 472 61838 20701 17429 751 128 694 117179 162 154 1481 180 187 392
leaf_count=1775 617 846 140 380 392 124 10461 236 10318 1328 1207 2054 239 1998 1584 493 472 61838 20701 17429 751 128 694 117179 162 154 1481 180 187 392
internal_value=0 -7.41409e-05 0.000338211 0.000524977 0.00496433 0.0069885 -0.00157467 -0.00708408 -0.000541304 -0.00412784 0.00485561 0.00684911 -0.00414738 -0.000441578 0.00200397 -0.000353878 -0.00278974 -0.000558307 -0.000740927 -0.00105872 0.000421327 0.00045361 0.00655039 0.000374849 -0.00420755 -0.0105122 0.0093262 -0.00994487 0.00528809 0.00491014
internal_weight=255940 252062 133547 121824 2692 2236 11723 1262 118515 3103 3878 2671 363 115412 5126 2941 2056 110286 99968 79267 119132 118752 1445 117307 456 294 1873 1026 2185 885
internal_count=255940 252062 133547 121824 2692 2236 11723 1262 118515 3103 3878 2671 363 115412 5126 2941 2056 110286 99968 79267 119132 118752 1445 117307 456 294 1873 1026 2185 885
is_linear=0
shrinkage=0.03


Tree=14
num_leaves=31
num_cat=0
split_feature=16 25 74 57 81 8 1 42 11 33 23 35 74 121 46 16 124 3 60 15 60 42 115 30 1 37 30 141 89 162
split_gain=81.9535 67.0326 47.1677 67.3579 45.2966 61.7874 55.3324 40.7697 38.7554 36.5989 37.0086 36.4243 34.8587 36.0087 34.8533 43.6432 34.5707 43.2918 37.0051 33.7799 32.9865 40.8486 72.7519 40.2192 32.9027 32.6637 32.239 31.2674 29.0956 29.0542
threshold=1.2241054177284243 0.012333759106695654 0.25000000745058065 1.1682889461517336 0.11666667088866235 0.27272741496562963 0.036247322335839278 -0.093370448797941194 0.98652058839797985 0.97388815879821788 0.023362913168966774 0.61771145462989818 0.35000000894069677 0.63616314530372631 1.0035392045974734 0.93407893180847179 -0.56451532244682301 0.0056315243709832439 1.0626514554023745 0.83438995480537426 0.95148235559463512 0.069263156503438963 0.62745091319084179 0.0034561363281682138 0.025157164782285694 0.65275800228118908 -0.0014631455414928494 1.0802294015884402 0.33820323646068579 1.5336993932724001
decision_type=10 10 2 10 2 10 10 10 8 10 10 10 2 10 10 8 10 10 10 8 10 10 10 10 10 10 10 10 10 10
left_child=1 25 7 4 5 6 -4 8 27 10 24 -12 13 -5 19 -16 18 -18 -10 -6 21 -9 -23 -22 -2 -1 -7 -3 -14 -15
right_child=9 2 3 12 14 26 -8 20 16 -11 11 -13 28 29 15 -17 17 -19 -20 -21 23 22 -24 -25 -26 -27 -28 -29 -30 -31
leaf_value=0.00068631948943897786 0.0063926043304014376 0.011554530560746576 0.0012873864180599373 -0.006342806830869554 -0.0072286935760682326 -0.0055990504879698966 0.0057669986509786336 -0.0061612514015503723 0.008457177985654844 -0.010213461058092829 0.0014228600135473622 0.0097228890481904414 0.0054733143754642256 0.0059131353956565838 -0.0019990723643168356 -0.00021198171886569159 0.0025857590074301697 -0.0094529635877113657 -0.0016794804228751066 0.0025197966220494835 -0.00094060041828066877 -0.009464704171173937 0.018540745408361051 0.0050988174012997203 -0.003133501017891551 0.0029326318629679543 -0.00019142897048972458 0.00075572760046766646 0 -0.00638836401064644
leaf_weight=22916 528 594 17890 617 307 1074 2944 1971 631 118 807 1637 3948 701 14485 84924 430 564 556 5412 68324 126 157 973 760 8077 12430 508 1016 189
leaf_count=22916 528 594 17890 617 307 1074 2944 1971 631 118 807 1637 3948 701 14485 84924 430 564 556 5412 68324 126 157 973 760 8077 12430 508 1016 189
internal_value=4.36304e-05 -2.17793e-05 -0.000206397 0.000105805 -3.10966e-05 0.000912213 0.0019397 -0.00081911 0.00241441 0.00437651 0.00496976 0.0071378 0.0030936 -0.000728334 -0.000342178 -0.000475748 0 -0.00400093 0.00351139 0.00192085 -0.0009723 -0.00455901 0.00528008 -0.000850026 0.000580288 0.00128291 -0.000651335 0.00694608 0.00431234 0.00288813
internal_weight=255614 251764 220771 145937 139466 34338 20834 74834 3283 3850 3732 2444 6471 1507 105128 99409 2181 994 1187 5719 71551 2254 283 69297 1288 30993 13504 1102 4964 890
internal_count=255614 251764 220771 145937 139466 34338 20834 74834 3283 3850 3732 2444 6471 1507 105128 99409 2181 994 1187 5719 71551 2254 283 69297 1288 30993 13504 1102 4964 890
is_linear=0
shrinkage=0.03


Tree=15
num_leaves=31
num_cat=0
split_feature=56 26 13 61 86 86 39 25 115 158 52 38 17 30 78 25 62 102 83 141 65 26 141 61 115 52 37 44 68 60
split_gain=59.5383 60.7779 53.5342 53.4101 51.3759 56.4697 50.168 60.5551 53.0937 48.4612 41.8517 36.8728 33.4177 33.1621 47.5092 51.5855 44.1677 41.0716 37.4463 32.7279 31.8238 30.3544 27.9351 26.5671 50.5842 31.6404 26.3921 25.5583 24.7348 22.7585
threshold=1.1818349957466128 0.019946628250181678 1.1167117953300478 1.0251103043556216 -0.78333333134651173 -0.84999999403953541 0.016193234361708168 0.042165674269199378 0.20444453507661822 0.15207562595605853 0.96921494603157055 0.022598888725042347 0.94936826825141918 0.00045847431465517735 0.30000000447034841 0.053325301036238677 1.0107057690620425 0.51887464523315441 -0.50000001490116108 1.1002045869827273 0.48749999701976782 0.024869986809790138 0.96350556612014782 1.1184986233711245 0.23348531872034076 0.90639376640319835 0.65275800228118908 1.1274811029434206 0.81395444273948681 1.0329809188842776
decision_type=10 10 10 10 2 2 10 10 10 8 10 8 10 10 10 10 10 2 10 10 10 10 10 10 10 10 10 10 10 8
left_child=1 20 6 19 5 22 7 11 -9 -10 28 12 -3 16 17 -16 21 -15 -18 -4 26 -8 -2 24 27 -26 -1 -6 -7 -28
right_child=4 2 3 -5 23 10 13 8 9 -11 -12 -13 -14 14 15 -17 18 -19 -20 -21 -22 -23 -24 -25 25 -27 29 -29 -30 -31
leaf_value=-0.00046451629328470826 -0.0018231131158285068 0.00030702533668234563 -0.027066866338638394 -0.0019771332230311368 0 0.020949207014025171 -2.2279402112938031e-05 0.011269074982080301 0.0015810793826882181 -0.002853598346860547 0.0032833279944398954 0.01217536497275744 -0.00069433702866357591 -0.0058196794651736595 0.0035515500742343861 -0.0065727432078262786 -0.0040400576515037864 0.00046311173677285203 0.00094974315843239976 -0.0015714016931818429 0.0013400099368162748 -0.0041873648490137047 0.0064109331227686457 0.0069350959683725406 -0.0027784771500041204 0.0048811891629847934 0.0013052731230658106 -0.014139570017536001 0.00097348394599266162 0.012438746491431394
leaf_weight=23553 638 44124 154 571 197 429 2089 459 20226 2430 366 190 91473 1679 3677 480 1803 1904 5118 101 35066 8909 731 456 819 1055 6794 312 103 158
leaf_count=23553 638 44124 154 571 197 429 2089 459 20226 2430 366 190 91473 1679 3677 480 1803 1904 5118 101 35066 8909 731 456 819 1055 6794 312 103 158
internal_value=4.55778e-06 -5.964e-05 -0.000338402 -0.0078821 0.0032063 0.00656244 -0.000302165 -0.000101306 0.00131477 0.0010901 0.012411 -0.000344731 -0.000366279 -0.00153332 7.05027e-05 0.00228482 -0.00224211 -0.00241371 -0.000314831 -0.0189083 0.000723785 -0.00342494 0.00238661 0.000394261 -0.000779822 0.00138128 5.18216e-06 -0.00905491 0.0178006 0.00163629
internal_weight=256064 250958 185387 826 5106 2267 184561 158902 23115 22656 898 135787 135597 25659 7740 4157 17919 3583 6921 255 65571 10998 1369 2839 2383 1874 30505 509 532 6952
internal_count=256064 250958 185387 826 5106 2267 184561 158902 23115 22656 898 135787 135597 25659 7740 4157 17919 3583 6921 255 65571 10998 1369 2839 2383 1874 30505 509 532 6952
is_linear=0
shrinkage=0.03


Tree=16
num_leaves=31
num_cat=0
split_feature=16 26 40 71 1 14 80 54 8 1 11 53 24 33 18 118 58 158 84 33 30 13 124 160 27 45 2 53 44 60
split_gain=76.3958 51.7471 64.492 85.8539 56.5827 45.3212 87.1301 110.429 86.7062 73.7344 72.1675 58.9072 49.1842 49.1377 63.3307 43.4354 41.0142 40.3506 37.4415 36.7265 37.1305 36.5822 35.2354 34.7353 40.631 33.0754 44.339 30.3995 49.7354 30.005
threshold=1.2241054177284243 0.021585190668702129 -0.030112487263977524 0.57627162337303173 0.036672007292509086 0.92277643084526073 0.37500000000000006 0.99874293804168712 -0.86206945776939381 0.020046267658472065 0.97283774614334118 1.0039499998092654 0.056700749322772033 0.37453159689903265 1.0216119885444643 0.56046172976493847 0.99967268109321605 0.011649216525256635 -1.0000000180025095e-35 0.97828525304794323 -0.0056914482265710822 0.98320415616035473 -0.27058769762516016 0.23401840776205066 0.053962413221597678 1.2184593081474306 0.5999988615512849 1.044265151023865 1.0706521868705752 1.0231587290763857
decision_type=10 10 10 10 10 8 2 10 10 10 10 10 10 8 10 10 10 8 2 10 10 8 10 10 10 10 10 8 10 10
left_child=1 4 3 15 18 6 7 11 -8 -9 -10 -4 13 14 -7 -3 27 29 -1 20 -2 -15 -22 24 -18 26 -14 28 -5 -6
right_child=19 2 5 16 17 12 8 9 10 -11 -12 -13 25 21 -16 -17 23 -19 -20 -21 22 -23 -24 -25 -26 -27 -28 -29 -30 -31
leaf_value=5.8664529932157332e-05 0.0064948675929389884 -0.012375052008527541 -0.0022133479325519068 0.0023350032489830538 -0.010033091221237554 -0.0012856370574996399 0.021246048162171644 -0.006602169293950408 0.009226437097506205 0.008354867574063474 0.00089591877588480464 -0.021137089019902286 0.018385351987292096 -0.0010891493786371179 -0.0092285295969161268 0.00016553328795726617 0.0026497736149439471 0.00072570951828042937 0.0013935044234474074 -0.011082697486438389 -0.0073353541664999567 0.00021142288845965617 0.0045624703656127509 -0.004676005458141317 0.0091763684527895652 -0.00023327332932114648 0 0.0096180080469031159 -0.0081449398064444376 0.001322273625600707
leaf_weight=37926 2817 233 6016 1362 980 55504 242 328 1302 1538 3571 137 291 30834 913 13548 1640 733 38704 106 373 52016 491 218 2315 328 227 279 551 203
leaf_count=37926 2817 233 6016 1362 980 55504 242 328 1302 1538 3571 137 291 30834 913 13548 1640 733 38704 106 373 52016 491 218 2315 328 227 279 551 203
internal_value=3.09747e-05 -3.15785e-05 -0.00032208 0.00126845 0.000605814 -0.000533269 0.00114202 -0.000778575 0.00420274 0.00552456 0.00321165 -0.00275041 -0.000692589 -0.00073874 -0.00142272 -4.23833e-05 0.0041448 -0.0044379 0.000736962 0.00424958 0.00482966 -0.000269133 -0.000284357 0.00589376 0.00657244 0.00639993 0.0110103 0.000656419 -0.000581369 -0.00784557
internal_weight=255726 251939 173393 20146 78546 153247 13134 8019 5115 1866 4873 6153 140113 139267 56417 13781 6365 1916 76630 3787 3681 82850 864 4173 3955 846 518 2192 1913 1183
internal_count=255726 251939 173393 20146 78546 153247 13134 8019 5115 1866 4873 6153 140113 139267 56417 13781 6365 1916 76630 3787 3681 82850 864 4173 3955 846 518 2192 1913 1183
is_linear=0
shrinkage=0.03


Tree=17
num_leaves=31
num_cat=0
split_feature=29 62 37 29 46 54 35 22 28 71 41 78 161 32 41 39 29 25 21 159 3 82 159 127 113 50 12 18 49 3
split_gain=62.2016 69.0014 49.9595 50.94 47.3659 72.4078 55.8459 55.9713 66.727 59.129 43.2638 77.1517 65.0687 53.2344 49.591 58.2336 50.5534 42.6025 42.4983 89.5812 49.2585 42.3988 64.8865 46.8177 40.6431 40.043 38.513 38.3774 65.1202 76.9377
threshold=-0.016061522997915741 0.97182264924049389 0.71346053481102001 -0.0039579467847943297 1.0578616261482241 0.99628740549087536 0.80394437909126293 0.97100418806076061 -0.0090909185819327814 0.63636493682861339 0.04320326820015908 0.30000000447034841 0.67129594087600719 -0.00089001838932745148 0.011679174378514292 -0.015247706323862074 0.0050277365371584901 0.042165674269199378 0.91242483258247387 -0.00012462859740480778 0.0083507355302572268 0.39166666567325598 -0.014987837988883255 -0.33094170689582819 0.8774191439151765 0.99110713601112377 1.0066503882408144 0.94165822863578807 0.83075928688049328 0.0074388906359672555
decision_type=8 10 8 8 8 10 10 10 10 10 10 10 8 10 10 10 10 10 10 10 10 2 10 10 10 10 10 8 10 10
left_child=1 -1 4 21 10 -6 7 8 -7 -9 14 12 17 -13 18 -16 -17 -12 19 -2 -20 -4 -23 -24 -15 -25 -14 -5 29 -29
right_child=2 -3 3 27 5 6 -8 9 -10 -11 11 13 26 24 15 16 -18 -19 20 -21 -22 22 23 25 -26 -27 -28 28 -30 -31
leaf_value=-0.0077399169543203852 -0.00087194198875424015 0.005937481863437232 0.0015818059505123122 -0.0087195472275908657 -0.0040941565607836459 0.0019024062118291518 0.0012689878794565701 -0.00078114361137556236 -0.0061712967000413996 0.0070987902725482216 -0.0038891745287674561 -0.0020018295416412385 -0.011729644365196478 0.012181296455765905 0.0066207032540177681 0.0018870298512343156 -0.00066246213460579 0.0044732691757954548 2.7111613149574254e-05 0.015247208064836518 -0.0025053639997278192 0.011489586882013229 0.0018606128001051785 -0.0045938728624868603 -0.00057366108289769787 0 0.0047721753517567592 0.017097310374062508 0.0010810577356938403 -0.00040402598990288923
leaf_weight=343 742 2694 4486 324 5645 1169 12408 64618 3498 842 2359 930 1191 618 1733 19029 10834 666 54893 475 7853 291 1893 5955 278 2527 104 480 46731 352
leaf_count=343 742 2694 4486 324 5645 1169 12408 64618 3498 842 2359 930 1191 618 1733 19029 10834 666 54893 475 7853 291 1893 5955 278 2527 104 480 46731 352
internal_value=0 0.00425408 -5.10118e-05 0.000679192 -0.000295054 -0.000804348 -0.000574769 -0.000905542 -0.00408548 -0.000673067 0.000143634 -0.00228634 -0.00449229 0.00276218 0.000303506 0.00127662 0.000952236 -0.00193224 -0.000172749 0.0053217 -0.000285759 -0.00082456 -0.00186579 -0.00229063 0.00797021 -0.00325458 -0.0101238 0.0011614 0.00123865 0.00950511
internal_weight=255961 3037 252924 63039 189885 88180 82535 70127 4667 65460 101705 6146 4320 1826 95559 31596 29863 3025 63963 1217 62746 15152 10666 10375 896 8482 1295 47887 47563 832
internal_count=255961 3037 252924 63039 189885 88180 82535 70127 4667 65460 101705 6146 4320 1826 95559 31596 29863 3025 63963 1217 62746 15152 10666 10375 896 8482 1295 47887 47563 832
is_linear=0
shrinkage=0.03


Tree=18
num_leaves=31
num_cat=0
split_feature=16 58 49 10 44 77 26 6 42 1 1 117 161 42 6 29 57 49 6 41 69 27 102 115 49 17 138 10 23 59
split_gain=68.8307 48.0389 56.255 106.243 73.3969 62.4818 48.3399 44.4522 43.2262 45.1221 41.1975 57.3564 43.1155 40.6179 68.0112 60.0965 59.7747 55.4281 39.4778 37.7118 36.0781 35.5286 35.2066 32.7216 30.5726 30.3004 29.5288 27.7459 30.5541 23.8647
threshold=1.243742883205414 0.90760317444801342 0.83075928688049328 1.0095946192741396 1.0274149775505068 0.27500000596046453 0.021585190668702129 0.06666805595159532 -0.00033045788586605335 0.034257708117365844 0.054196750745177276 0.4395796805620194 0.41435974836349493 -0.074287988245487199 0.16666502505540851 -0.0038909966824576254 1.1682889461517336 0.98133334517478954 0.29411686956882482 -0.032418996095657342 0.98143813014030468 0.053962413221597678 0.56306818127632152 0.27612960338592535 0.85237580537796032 0.67878058552742015 0.67998734116554271 1.0256748199462893 0.021914101205766204 0.91311302781105053
decision_type=10 8 8 10 10 2 10 10 10 10 10 10 10 10 10 10 10 10 10 10 10 10 2 10 10 8 10 10 8 10
left_child=1 7 3 5 18 -3 8 24 9 21 23 12 -12 14 25 17 -17 -15 -5 -11 -9 -4 -16 26 -1 -8 -2 28 -10 -6
right_child=10 2 6 4 29 -7 13 20 27 19 11 -13 -14 15 22 16 -18 -19 -20 -21 -22 -23 -24 -25 -26 -27 -28 -29 -30 -31
leaf_value=-0.020510835985082007 -0.01224180612155504 0.020932821028857369 -0.00019127545993963998 -0.018911726516446157 0.013237621900434159 0.0021179875297360679 0.012671544783157487 0.0025087469426745717 0.0011592864554155586 0.0011943674316382592 0 -2.7550839302482222e-05 0.017544179157032911 -0.0027753277659654301 0.004868548908258866 -0.00032482546892758063 0.0028167687195342762 -0.00050078213375424072 2.2289749589373373e-05 -0.0092555871129484119 -0.0154240614566065 0.0043469345292055919 -0.00067839675670067852 0.0046159993852759205 0 -0.0016114662712083201 0.00049885666484494992 -0.0062051142885124885 0.006579534304607235 -0.001840297130565159
leaf_weight=245 213 425 36759 228 199 315 114 442 37709 402 130 337 574 17701 4480 116309 5687 22042 114 859 106 1601 1212 1185 111 4717 413 415 969 105
leaf_count=245 213 425 36759 228 199 315 114 442 37709 402 130 337 574 17701 4480 116309 5687 22042 114 859 106 1601 1212 1185 111 4717 413 415 969 105
internal_value=-4.50797e-05 -9.86013e-05 -7.23943e-05 0.0059079 -0.00257976 0.013585 -0.000107083 -0.00692999 0.000507106 -0.000184662 0.00457092 0.00933247 0.0141044 -0.000389501 0.0014073 -0.000508418 -0.00017548 -0.00152227 -0.0121191 -0.00572337 -0.0008528 0 0.00363667 0.001598 -0.0149439 -0.00116173 -0.00361662 0.00121562 0.00130616 0.00731173
internal_weight=256118 253266 252362 1386 646 740 250976 904 78714 39621 2852 1041 704 172262 10523 161739 121996 39743 342 1261 548 38360 5692 1811 356 4831 626 39093 38678 304
internal_count=256118 253266 252362 1386 646 740 250976 904 78714 39621 2852 1041 704 172262 10523 161739 121996 39743 342 1261 548 38360 5692 1811 356 4831 626 39093 38678 304
is_linear=0
shrinkage=0.03


end of trees

feature_importances:
ROC30=24
RSQR5=19
KLEN=18
BETA20=18
STD20=15
STD60=14
RESI60=14
STD30=12
STD5=11
RSQR60=11
RESI5=11
MIN10=10
QTLD20=10
ORC_TREND_ACCEL_GAP_10_30=10
KLOW2=9
HIGH0=9
ROC60=9
BETA10=9
RSQR30=9
KUP=8
ROC10=8
ROC20=8
RESI20=8
QTLU60=8
SUMN20=8
ORC_TREND_PATH_CROWD_20=8
MA5=7
MAX20=7
QTLD5=7
IMXD30=7
SUMP20=7
RESI30=6
MAX10=6
MAX30=6
MIN60=6
QTLU20=6
IMXD10=6
WVMA20=6
VWAP0=5
ROC5=5
MA20=5
STD10=5
RSQR10=5
RESI10=5
QTLU5=5
IMAX10=5
IMXD20=5
CNTP60=5
ORC_TREND_RSQR_STRESS_20=5
LOW0=4
RSV30=4
IMIN5=4
IMIN30=4
SUMN5=4
WVMA30=4
ORC_TREND_ACCEL_UNCROWDED_5_20=4
BETA60=3
RSQR20=3
QTLD10=3
QTLD30=3
QTLD60=3
RSV10=3
IMAX30=3
IMAX60=3
IMIN10=3
IMXD5=3
CNTN20=3
SUMN30=3
SUMD10=3
SUMD20=3
VSTD60=3
WVMA5=3
ORC_TREND_STREAK_EXHAUST_12=3
KMID=2
KMID2=2
KUP2=2
KSFT2=2
OPEN0=2
MA30=2
MA60=2
MIN5=2
MIN30=2
QTLU10=2
RANK20=2
RSV5=2
IMAX20=2
IMIN20=2
IMIN60=2
IMXD60=2
CNTD60=2
SUMP10=2
SUMP60=2
WVMA10=2
MA10=1
BETA5=1
MIN20=1
QTLU30=1
RANK60=1
IMAX5=1
CORR10=1
CNTP30=1
CNTN60=1
CNTD20=1
CNTD30=1
SUMP5=1
SUMP30=1
SUMN10=1
SUMN60=1
SUMD5=1
SUMD30=1
SUMD60=1
VSTD5=1
VSTD20=1
VSUMN30=1

parameters:
[boosting: gbdt]
[objective: regression]
[metric: l2]
[tree_learner: serial]
[device_type: cpu]
[data_sample_strategy: bagging]
[data: ]
[valid: ]
[num_iterations: 500]
[learning_rate: 0.03]
[num_leaves: 31]
[num_threads: 12]
[seed: 20260812]
[deterministic: 1]
[force_col_wise: 1]
[force_row_wise: 0]
[histogram_pool_size: -1]
[max_depth: 7]
[min_data_in_leaf: 100]
[min_sum_hessian_in_leaf: 0.001]
[bagging_fraction: 0.8]
[pos_bagging_fraction: 1]
[neg_bagging_fraction: 1]
[bagging_freq: 1]
[bagging_seed: 20260812]
[bagging_by_query: 0]
[feature_fraction: 0.8]
[feature_fraction_bynode: 1]
[feature_fraction_seed: 20260812]
[extra_trees: 0]
[extra_seed: 9622]
[early_stopping_round: 0]
[early_stopping_min_delta: 0]
[first_metric_only: 0]
[max_delta_step: 0]
[lambda_l1: 10]
[lambda_l2: 20]
[linear_lambda: 0]
[min_gain_to_split: 0]
[drop_rate: 0.1]
[max_drop: 50]
[skip_drop: 0.5]
[xgboost_dart_mode: 0]
[uniform_drop: 0]
[drop_seed: 26770]
[top_rate: 0.2]
[other_rate: 0.1]
[min_data_per_group: 100]
[max_cat_threshold: 32]
[cat_l2: 10]
[cat_smooth: 10]
[max_cat_to_onehot: 4]
[top_k: 20]
[monotone_constraints: ]
[monotone_constraints_method: basic]
[monotone_penalty: 0]
[feature_contri: ]
[forcedsplits_filename: ]
[refit_decay_rate: 0.9]
[cegb_tradeoff: 1]
[cegb_penalty_split: 0]
[cegb_penalty_feature_lazy: ]
[cegb_penalty_feature_coupled: ]
[path_smooth: 0]
[interaction_constraints: ]
[verbosity: 1]
[saved_feature_importance_type: 0]
[use_quantized_grad: 0]
[num_grad_quant_bins: 4]
[quant_train_renew_leaf: 0]
[stochastic_rounding: 1]
[linear_tree: 0]
[max_bin: 255]
[max_bin_by_feature: ]
[min_data_in_bin: 3]
[bin_construct_sample_cnt: 200000]
[data_random_seed: 20260812]
[is_enable_sparse: 1]
[enable_bundle: 1]
[use_missing: 1]
[zero_as_missing: 0]
[feature_pre_filter: 1]
[pre_partition: 0]
[two_round: 0]
[header: 0]
[label_column: ]
[weight_column: ]
[group_column: ]
[ignore_column: ]
[categorical_feature: ]
[forcedbins_filename: ]
[precise_float_parser: 0]
[parser_config_file: ]
[objective_seed: 6428]
[num_class: 1]
[is_unbalance: 0]
[scale_pos_weight: 1]
[sigmoid: 1]
[boost_from_average: 1]
[reg_sqrt: 0]
[alpha: 0.9]
[fair_c: 1]
[poisson_max_delta_step: 0.7]
[tweedie_variance_power: 1.5]
[lambdarank_truncation_level: 30]
[lambdarank_norm: 1]
[label_gain: ]
[lambdarank_position_bias_regularization: 0]
[eval_at: ]
[multi_error_top_k: 1]
[auc_mu_weights: ]
[num_machines: 1]
[local_listen_port: 12400]
[time_out: 120]
[machine_list_filename: ]
[machines: ]
[gpu_platform_id: -1]
[gpu_device_id: -1]
[gpu_device_id_list: ]
[gpu_use_dp: 0]
[num_gpu: 1]

end of parameters

pandas_categorical:null
