tree
version=v4
num_class=1
num_tree_per_iteration=1
label_index=0
max_feature_idx=162
objective=regression
feature_names=KMID KLEN KMID2 KUP KUP2 KLOW KLOW2 KSFT KSFT2 OPEN0 HIGH0 LOW0 VWAP0 ROC5 ROC10 ROC20 ROC30 ROC60 MA5 MA10 MA20 MA30 MA60 STD5 STD10 STD20 STD30 STD60 BETA5 BETA10 BETA20 BETA30 BETA60 RSQR5 RSQR10 RSQR20 RSQR30 RSQR60 RESI5 RESI10 RESI20 RESI30 RESI60 MAX5 MAX10 MAX20 MAX30 MAX60 MIN5 MIN10 MIN20 MIN30 MIN60 QTLU5 QTLU10 QTLU20 QTLU30 QTLU60 QTLD5 QTLD10 QTLD20 QTLD30 QTLD60 RANK5 RANK10 RANK20 RANK30 RANK60 RSV5 RSV10 RSV20 RSV30 RSV60 IMAX5 IMAX10 IMAX20 IMAX30 IMAX60 IMIN5 IMIN10 IMIN20 IMIN30 IMIN60 IMXD5 IMXD10 IMXD20 IMXD30 IMXD60 CORR5 CORR10 CORR20 CORR30 CORR60 CORD5 CORD10 CORD20 CORD30 CORD60 CNTP5 CNTP10 CNTP20 CNTP30 CNTP60 CNTN5 CNTN10 CNTN20 CNTN30 CNTN60 CNTD5 CNTD10 CNTD20 CNTD30 CNTD60 SUMP5 SUMP10 SUMP20 SUMP30 SUMP60 SUMN5 SUMN10 SUMN20 SUMN30 SUMN60 SUMD5 SUMD10 SUMD20 SUMD30 SUMD60 VMA5 VMA10 VMA20 VMA30 VMA60 VSTD5 VSTD10 VSTD20 VSTD30 VSTD60 WVMA5 WVMA10 WVMA20 WVMA30 WVMA60 VSUMP5 VSUMP10 VSUMP20 VSUMP30 VSUMP60 VSUMN5 VSUMN10 VSUMN20 VSUMN30 VSUMN60 VSUMD5 VSUMD10 VSUMD20 VSUMD30 VSUMD60 ORC_TREND_PATH_CROWD_20 ORC_TREND_ACCEL_UNCROWDED_5_20 ORC_TREND_STREAK_EXHAUST_12 ORC_TREND_RSQR_STRESS_20 ORC_TREND_ACCEL_GAP_10_30
feature_infos=[-0.15450645983219147:0.33106967806816101] [0:0.33106967806816101] [-1:1] [0:0.27153289318084717] [0:1] [0:0.19577737152576447] [0:1] [-0.31147539615631104:0.33106967806816101] [-1:1] [0.75127547979354858:1.1827411651611328] [1:1.365384578704834] [0.75127547979354858:1] [0.90894031524658203:1.0877940654754639] [0.62103557586669922:1.6790908575057983] [0.51279789209365845:1.8924485445022583] [0.43777582049369812:2.2146341800689697] [0.40953221917152405:2.740487813949585] [0.32686084508895874:2.649662971496582] [0.8043818473815918:1.3455072641372681] [0.69517505168914795:1.4951817989349365] [0.58934980630874634:1.7117466926574707] [0.53464740514755249:1.9959673881530762] [0.46012550592422485:1.8649090528488159] [0:0.26957115530967712] [0:0.32280367612838745] [0:0.36472421884536743] [0:0.57258552312850952] [0:0.50059491395950317] [-0.16409091651439667:0.17131471633911133] [-0.11732283234596252:0.17131471633911133] [-0.11732283234596252:0.17131471633911133] [-0.11732283234596252:0.17131471633911133] [-0.11732283234596252:0.17131471633911133] [0:1] [0:1] [0:1] [0:1] [0:1] [-0.11478264629840851:0.13264167308807373] [-0.24554997682571411:0.20802642405033112] [-0.40848860144615173:0.27287426590919495] [-0.44566619396209717:0.27581575512886047] [-0.96870207786560059:0.36147966980934143] [1:1.6472727060317993] [1:1.9298244714736938] [1:2.2439024448394775] [1:3.3160974979400635] [1:3.3160974979400635] [0.58144122362136841:1] [0.49132096767425537:1] [0.42983227968215942:1] [0.39746984839439392:1] [0.31774049997329712:1] [0.86334514617919922:1.4843636751174927] [0.78309857845306396:1.7869091033935547] [0.69679319858551025:2.054157018661499] [0.57799351215362549:2.423609733581543] [0.52150630950927734:2.3250908851623535] [0.70860719680786133:1.2689855098724365] [0.53621649742126465:1.4057971239089966] [0.45107382535934448:1.5574545860290527] [0.43389230966567993:1.5740000009536743] [0.37328624725341797:1.5950908660888672] [0.20000000298023224:1] [0.10000000149011612:1] [0.05000000074505806:1] [0.033333335071802139:1] [0.01666666753590107:1] [0:1] [0:1] [0:1] [0:1] [0:1] [0.20000000298023224:1] [0.10000000149011612:1] [0.05000000074505806:1] [0.033333335071802139:1] [0.01666666753590107:1] [0.20000000298023224:1] [0.10000000149011612:1] [0.05000000074505806:1] [0.033333335071802139:1] [0.01666666753590107:1] [-0.80000001192092896:0.80000001192092896] [-0.89999997615814209:0.89999997615814209] [-0.94999998807907104:0.94999998807907104] [-0.96666663885116577:0.96666663885116577] [-0.98333334922790527:0.98333334922790527] [-1:1] [-1:1] [-1:1] [-1:1] [-1:1] [-1:1] [-1:1] [-1:1] [-1:1] [-1:1] [0:1] [0:1] [0:0.94999998807907104] [0:0.90909093618392944] [0:0.90909093618392944] [0:1] [0:1] [0:0.89999997615814209] [0:0.8571428656578064] [0:0.8571428656578064] [-1:1] [-1:1] [-0.83333331346511841:0.90909093618392944] [-0.83333331346511841:0.90909093618392944] [-0.83333331346511841:0.90909093618392944] [0:1] [0:1] [0:1] [0:1] [0:1] [0:1] [0:1] [0:1] [0:1] [0:1] [-1:1] [-1:1] [-1:1] [-1:1] [-1:1] [0.20013266801834106:26452.083984375] [0.10012400150299072:23627.859375] [0.050104878842830658:26698.134765625] [0.033777147531509399:28136.5] [0.017187755554914474:26107.111328125] [0.00080492562847211957:59102.5] [0.0021778203081339598:49210.34375] [0.0021778203081339598:56418.4921875] [0.0021778203081339598:57003.12109375] [0.0021778203081339598:42065.70703125] [0:2.2360680103302002] [0:3.1615598201751709] [0:4.4708261489868164] [0:5.465825080871582] [0:7.5986995697021484] [0:1] [0:1] [0:1] [0:1] [0:1] [0:1] [0:1] [0:1] [0:1] [0:1] [-1:1] [-1:1] [-1:1] [-1:1] [-1:1] [-0.7596813440322876:2.1748607158660889] [-0.084833331406116486:0.055882301181554794] [-3.7620944976806641:5.0776824951171875] [0:2.056443452835083] [-78937640:33658216]
tree_sizes=3091 3107 3062 3088 3090 3041 3057 3101 3120 3079 3096 3075 3112 3063 3112 2979 3047 3015 3082

Tree=0
num_leaves=31
num_cat=0
split_feature=56 26 39 27 42 86 49 93 10 69 86 86 59 8 81 40 41 24 52 43 1 38 14 113 3 138 103 141 37 10
split_gain=134.954 108.348 75.0862 78.7658 63.8599 60.472 65.3879 46.5797 47.9402 101.215 47.1464 40.56 50.0626 47.329 47.2042 40.0738 39.8392 39.435 37.9117 37.6417 47.7105 35.3641 42.4479 95.1237 39.4363 34.7326 31.4937 31.2661 31.252 31.2161
threshold=1.1818349957466128 0.019946628250181678 0.016193234361708168 0.068231280893087401 -0.003400894813239574 -0.74999999999999989 0.92238271236419689 0.11941789090633394 1.0272571444511416 0.65454596281051647 -0.58333334326744068 0.84999999403953563 0.87097391486167919 0.29154111444950109 0.050000002607703216 0.060473540797829635 -0.017390030436217781 0.056700749322772033 0.7825935184955598 1.0743967294692995 0.023778039962053302 -0.018891852349042889 0.91246113181114208 0.6718747913837434 0.007299266057088972 0.95786097645759594 0.90000000596046459 0.87843167781829845 0.10018164664506914 1.0201613306999209
decision_type=10 10 10 10 8 2 10 10 10 10 2 2 10 10 2 10 10 10 10 10 10 8 8 10 10 10 2 10 10 10
left_child=1 4 3 21 -1 6 -2 15 10 -10 -9 12 -4 18 27 16 -5 -16 -13 20 -8 25 23 -23 -24 -3 -7 -14 -27 -6
right_child=5 2 11 7 29 26 19 8 9 -11 -12 13 14 -15 17 -17 -18 -19 -20 -21 -22 22 24 -25 -26 28 -28 -29 -30 -31
leaf_value=-0.00018118463050201169 0.01910089135489219 -0.009896366531378837 -0.015658147103781443 0.0015010128145345647 0.0018563758021038742 0.0022223164732656535 0.01050105527585885 0.0047251930980389432 0.002737702790528959 0.01846281864765973 0.00042702228331713071 0.018207538164648127 -0.014237151667328378 -0.00010707373383366774 -0.0019889999027507214 0.013850666522894602 -0.0016394046667238978 0.0061918563826758189 2.4078637920326876e-11 0.008360899714418394 -0.0052534951879489042 0.011958354576602 -0.00033875504773063926 0.00019134425331081406 -0.0015924322432940871 0.011173283365972331 -0.011420618368215634 -0.0043473645462635182 -0.003664914432182473 -0.0032685470908852565
leaf_weight=27969 405 712 240 6467 36424 2371 241 3152 1706 479 9047 238 411 1445 21322 164 8176 508 133 1472 493 748 94562 3465 30079 140 138 1529 589 1043
leaf_count=27969 405 712 240 6467 36424 2371 241 3152 1706 479 9047 238 411 1445 21322 164 8176 508 133 1472 493 748 94562 3465 30079 140 138 1529 589 1043
internal_value=-5.39311e-05 -0.000153718 -0.000525304 -0.000279995 0.000893854 0.00475626 0.00795822 0.00112449 0.00233951 0.00645724 0.00156806 -0.00202719 -0.00236044 0.00219313 -0.00220051 -3.71598e-05 -0.000231841 -0.0017794 0.0114666 0.00562453 2.40786e-11 -0.000597078 -0.000541769 0.00239803 -0.000643912 -0.00526239 0.00126892 -0.00671953 -0.000192533 0.00170404
internal_weight=255868 250748 185312 159486 65436 5120 2611 29191 14384 2185 12199 25826 24010 1816 23770 14807 14643 21830 371 2206 734 130295 128854 4213 124641 1441 2509 1940 729 37467
internal_count=255868 250748 185312 159486 65436 5120 2611 29191 14384 2185 12199 25826 24010 1816 23770 14807 14643 21830 371 2206 734 130295 128854 4213 124641 1441 2509 1940 729 37467
is_linear=0
shrinkage=1


Tree=1
num_leaves=31
num_cat=0
split_feature=32 30 86 158 120 0 1 138 1 84 41 77 81 21 117 24 137 53 7 53 156 158 40 37 1 30 37 55 41 121
split_gain=120.523 96.2979 87.739 74.5473 74.5145 72.8507 67.4531 64.9717 69.3428 61.6694 56.0426 84.2004 76.7649 66.8205 65.2013 49.9594 51.3099 60.5367 47.1689 49.7864 44.5094 43.178 41.6023 38.6438 59.6401 43.1625 36.3367 35.2148 54.0719 34.8076
threshold=-0.0048883806448429814 -0.00042249893886037165 -0.58333334326744068 -0.053267942741513245 0.25775530934333807 0.0301642119884491 0.021768765524029735 0.68291547894477855 0.065656580030918135 0.84999999403953563 0.025733890943229202 0.041666667908430106 0.28333334624767309 0.91242483258247387 0.50916859507560741 0.025954256765544418 1.0083316564559939 0.98356983065605175 0.018994374200701717 0.99721556901931774 -0.028311946429312226 -0.063752178102731691 -0.040941298007965081 0.67994040250778209 0.056305507197976119 -0.005568938795477151 0.50906667113304149 0.93584609031677257 0.057836342602968223 0.57874602079391491
decision_type=8 8 2 8 8 8 10 10 10 2 10 2 2 8 10 10 10 10 10 10 10 10 8 10 10 10 10 10 10 10
left_child=2 3 7 23 5 -3 26 8 21 10 13 29 -13 14 -6 -9 17 -17 19 -4 -8 -1 -15 25 -25 -2 -5 -11 -29 -12
right_child=1 4 18 6 9 -7 20 15 -10 27 11 12 -14 22 -16 16 -18 -19 -20 -21 -22 -23 -24 24 -26 -27 -28 28 -30 -31
leaf_value=-0.011628890715382364 0.0052998514450120571 -0.0010237503661830393 -0.011595403409715616 -0.00098653375263677186 0.018077172850633351 -0.0087875296865988252 -0.00038789275437611472 0.00075677003069086449 0.016079870299403665 -0.0070271357508110152 -0.0075312767627075065 0.0049826469057001246 -0.0012840596209344251 0.0030019669325590092 0.0034243035764586617 -0.00047424377681389734 0 0.014094323496276708 0.006409850378111117 7.8675676592763154e-05 -0.0027148735819434249 0.0011114368877877792 0.00040611180160115678 -0.0026732733819443211 0.012344182834644222 -0.0011569611397589503 0.0003944827403340762 0.0026210505861692132 0.011474394914877574 0.0020129528355660878
leaf_weight=312 3678 10476 337 43074 323 1218 10856 648 195 267 2254 2090 10443 5971 1953 249 317 1916 965 3578 25631 733 87828 2101 245 1143 28085 8079 686 341
leaf_count=312 3678 10476 337 43074 323 1218 10856 648 195 267 2254 2090 10443 5971 1953 249 317 1916 965 3578 25631 733 87828 2101 245 1143 28085 8079 686 341
internal_value=-1.79455e-05 -0.000145266 0.00333892 -0.000781397 0.000406097 -0.00187163 -0.000980669 0.00642246 0.000343883 0.000630397 0.000433331 -0.00125569 -0.000208853 0.000702612 0.00577379 0.00871787 0.0106538 0.0122925 0.000501473 -0.000903808 -0.00203133 -0.00255763 0.00057516 0.00216425 -0.000887069 0.00370859 -0.000437302 0.00301724 0.00337266 -0.00615658
internal_weight=255992 246742 9250 114813 131929 11694 107646 4370 1240 120235 111203 15128 12533 96075 2276 3130 2482 2165 4880 3915 36487 1045 93799 7167 2346 4821 71159 9032 8765 2595
internal_count=255992 246742 9250 114813 131929 11694 107646 4370 1240 120235 111203 15128 12533 96075 2276 3130 2482 2165 4880 3915 36487 1045 93799 7167 2346 4821 71159 9032 8765 2595
is_linear=0
shrinkage=0.03


Tree=2
num_leaves=31
num_cat=0
split_feature=31 26 27 33 18 49 11 158 11 60 14 45 1 13 14 71 86 139 34 35 161 1 55 159 18 18 86 37 29 115
split_gain=121.545 98.4549 83.4061 89.3845 80.411 91.3457 73.6638 71.7161 71.1378 57.4844 57.0565 56.6872 61.1588 55.0278 90.8687 51.7056 50.7778 49.0182 69.6536 53.9515 62.3886 46.5469 45.8806 45.4828 45.3734 45.1699 42.5186 38.8821 34.3314 33.3337
threshold=-0.0080658528022468073 0.021455070935189727 0.075719226151704802 0.31925892829895025 0.94165822863578807 0.83075928688049328 0.98858770728111278 -0.026713211089372631 0.97432765364646923 0.85157677531242382 0.88468468189239513 1.0206446051597597 0.035433042794466026 0.98283842206001293 0.94470852613449108 0.44554404914379125 -0.81666666269302357 0.713291496038437 0.87106654047966015 0.80394437909126293 0.61813542246818554 0.065656580030918135 0.93584609031677257 -0.0013218586682341991 0.98421052098274242 0.99848991632461559 -0.68333333730697621 0.65667176246643078 -0.016061522997915741 0.69747886061668407
decision_type=8 10 10 8 10 10 10 8 10 10 8 8 10 8 8 10 2 10 10 10 10 10 10 10 10 10 2 8 10 10
left_child=7 11 3 10 -4 6 22 17 9 -7 -3 -2 27 15 29 26 -16 -1 19 20 -19 -17 -6 -12 -10 -25 -5 -13 -21 -15
right_child=1 2 4 13 5 8 -8 -9 24 -11 23 12 -14 14 16 21 -18 18 -20 28 -22 -23 -24 25 -26 -27 -28 -29 -30 -31
leaf_value=0 0.0018952253763228576 0.010840318626813733 -0.013806783283063851 -0.00037333649850420216 0 -0.0062232979298653549 -0.0071430602314870185 1.7458420594785567e-05 -0.0030330615741261217 0.0048229129956876803 -0.0036939138637459377 -5.9597450383870666e-05 -0.0060503006595408106 0.008998074275906643 -0.0017333707854584599 -0.00050004951348144434 0.00048594578875856529 0.0046355008730488961 0.026928768158856236 0.010058264547023962 0.019872765531361854 -0.0095509250913197764 0.018476300516293221 -0.0025126715879537523 0.00073419027476561338 -0.00039546656307639955 -0.0059346668134768587 0.0020100190313683303 -0.00065500792895997588 0
leaf_weight=670 28286 292 300 2128 153 422 138 1995 3448 5151 10195 37205 1344 1419 11268 28305 51771 581 185 359 525 506 572 17478 16757 19670 3411 10359 772 432
leaf_count=670 28286 292 300 2128 153 422 138 1995 3448 5151 10195 37205 1344 1419 11268 28305 51771 581 185 359 525 506 572 17478 16757 19670 3411 10359 772 432
internal_value=2.74642e-05 -6.45718e-05 -0.000461622 -0.000744289 0.00106768 0.00125667 0.0107775 0.00461005 0.000918189 0.00391357 -0.00181313 0.000825461 0.000200108 -0.000227965 0.000282294 -0.00120022 8.40693e-05 0.00745769 0.00943092 0.00762513 0.0123593 -0.000675928 0.0146915 -0.00190205 7.41089e-05 -0.00140049 -0.00386108 0.000385497 0.00260062 0.00679976
internal_weight=256097 251010 173816 146875 26941 26641 863 5087 25778 5573 47635 77194 48908 99240 64890 34350 63039 3092 2422 2237 1106 28811 725 47343 20205 37148 5539 47564 1131 1851
internal_count=256097 251010 173816 146875 26941 26641 863 5087 25778 5573 47635 77194 48908 99240 64890 34350 63039 3092 2422 2237 1106 28811 725 47343 20205 37148 5539 47564 1131 1851
is_linear=0
shrinkage=0.03


Tree=3
num_leaves=31
num_cat=0
split_feature=16 26 25 54 74 10 31 3 75 34 33 102 78 86 54 32 33 44 114 36 84 140 23 10 38 17 39 2 33 162
split_gain=152.863 99.317 80.6387 57.9794 71.4769 92.7747 89.7336 67.8856 59.3868 61.4812 54.1827 64.4056 69.6056 85.5754 73.0446 59.0244 54.0585 54.0302 54.4971 50.9569 50.6364 48.5901 46.3422 44.2396 39.8258 38.6184 37.3996 34.3107 34.1198 34.1196
threshold=1.2241054177284243 0.021585190668702129 0.041385870426893241 0.94683554768562328 0.35000000894069677 1.0189633965492251 0.0010270139318890872 0.010480030905455353 0.57500001788139354 0.62553724646568309 0.31925892829895025 0.54316771030426036 0.30000000447034841 -0.65000000596046437 1.0021505951881411 -0.0037429956719279285 0.97828525304794323 1.0406779646873476 0.47619025409221655 0.80502268671989452 -1.0000000180025095e-35 0.72603276371955883 0.017023563385009769 1.0347490906715395 0.014846791513264181 0.95204386115074169 -0.015913747251033779 -0.42856383323669428 0.88338643312454235 2.0817985534667973
decision_type=10 10 10 10 2 10 10 10 2 10 8 2 8 2 10 10 10 10 10 10 2 10 10 10 10 10 10 10 10 10
left_child=1 20 10 28 8 7 -7 -6 9 -5 15 12 14 -14 -12 24 19 27 -19 -2 -1 -21 -23 -22 -3 -10 29 -17 -4 -13
right_child=16 2 3 4 5 6 -8 -9 25 -11 11 26 13 -15 -16 17 -18 18 -20 21 23 22 -24 -25 -26 -27 -28 -29 -30 -31
leaf_value=2.1517353333888394e-05 0.0029740365887632567 0.00080764297838835527 -0.013788875369518791 -0.0030028668615092844 0.0018382516142936812 0.010922286002013729 0.0027711287068520316 -0.0037102238440274364 0.00066050508625152473 0.00086158553413653535 -0.0032178217392469519 0.0034589756620877696 -0.0020001741229472387 0.0005467358885763063 0.00088968636777370103 0.00057759266743235692 -0.012526968895836035 -0.0024615020676569065 -0.0071101899605474335 -0.0014822277045495715 0.001644306571052542 0 0.014429716013341665 -0.0097527423485364167 0.010806559656399784 0.010998017045379067 0.00075931615533247627 -0.0017889118521588541 0 0.015870653258281801
leaf_weight=38777 1867 2296 364 7408 10146 1806 4168 2424 838 7207 15964 1857 16761 40364 5005 7328 108 11643 2963 221 39639 229 1318 282 427 597 13146 20277 222 232
leaf_count=38777 1867 2296 364 7408 10146 1806 4168 2424 838 7207 15964 1857 16761 40364 5005 7328 108 11643 2963 221 39639 229 1318 282 427 597 13146 20277 222 232
internal_value=7.64762e-06 -8.07454e-05 -0.00048288 0.000794891 0.00096329 0.00223386 0.00531358 0.00074026 -0.000487002 -0.00107814 -0.000810237 -0.000393785 -0.000744406 -0.00019574 -0.00222321 -0.00166798 0.0060106 -0.00194842 -0.00343349 0.00670899 0.000801609 0.0104079 0.0122952 0.00155144 0.00255233 0.00525944 0.00138244 -0.00114988 -0.00835509 0.00511707
internal_weight=255884 252141 173443 35180 34594 18544 5974 12570 16050 14615 138263 93329 78094 57125 20969 44934 3743 42211 14606 3635 78698 1768 1547 39921 2723 1435 15235 27605 586 2089
internal_count=255884 252141 173443 35180 34594 18544 5974 12570 16050 14615 138263 93329 78094 57125 20969 44934 3743 42211 14606 3635 78698 1768 1547 39921 2723 1435 15235 27605 586 2089
is_linear=0
shrinkage=0.03


Tree=4
num_leaves=31
num_cat=0
split_feature=16 30 16 53 120 84 12 27 29 3 36 140 23 42 23 5 1 33 44 161 53 5 14 37 27 37 45 118 48 42
split_gain=127.97 100.039 81.5653 66.686 65.6273 59.2295 58.864 60.7487 50.5401 69.5081 45.3303 66.572 47.9816 44.6449 73.8267 56.3252 51.2319 44.6161 105.894 47.3879 58.7176 47.1805 45.2756 42.3029 42.0815 38.0546 50.2282 34.3663 33.9741 32.6808
threshold=1.2241054177284243 -0.00042249893886037165 0.9327770769596101 0.98698130249977123 0.25179861485958105 0.84999999403953563 0.98555809259414684 0.077257860451936736 0.014018505811691286 0.0111588416621089 0.80502268671989452 0.76397109031677257 0.017142243683338169 -0.076609600335359559 0.0083329798653721827 0.0031725625740364198 0.022269345819950107 0.34672905504703527 1.0381410717964175 0.60293003916740429 1.044265151023865 0.014735133387148382 0.90920028090477001 0.50906667113304149 0.090783946216106429 0.1114557981491089 1.0289086699485781 0.089551758021116271 0.97351107001304638 0.10011143237352373
decision_type=10 8 8 10 8 2 10 8 10 10 10 10 10 10 8 10 10 8 8 10 8 10 8 10 10 10 10 10 10 10
left_child=1 2 3 -1 6 17 7 27 13 -10 -2 -12 -13 14 -4 -16 23 18 22 28 -21 -20 -6 -15 -18 26 -7 -3 -19 -29
right_child=10 4 8 -5 5 25 -8 -9 9 -11 11 12 -14 16 15 -17 24 19 21 20 -22 -23 -24 -25 -26 -27 -28 29 -30 -31
leaf_value=-0.016783836616516525 0.0019594958743858275 0.0012967218873899213 0.018025530132801594 -0.0036105593023107643 0.0081169354972377601 0.0077818357466081459 -0.00095487034282983746 -0.020758263768157516 0.022830998726203689 -0.0051829607697003628 -0.0022433902946225291 0 0.013689488044821492 -0.00094808682037961255 -0.0024189603770647895 0.0028182984085820349 -0.0020738379772632207 -0.00029806429331905368 -0.0036341480364606759 0.0021196686085289255 0.011048779959298382 0.0031039200561917917 0.00036724865266233241 0.0005119357457250371 0.0017712792473952256 0.0018795703954071613 -0.011508061435073614 -0.0016132758068353634 0.0011641697316802579 -0.019440635190985628
leaf_weight=408 1927 464 218 2626 679 1962 9529 256 172 101 350 233 1301 43200 2789 5211 31310 23043 9224 10471 713 977 31771 30141 2690 7351 100 269 36506 172
leaf_count=408 1927 464 218 2626 679 1962 9529 256 172 101 350 233 1301 43200 2789 5211 31310 23043 9224 10471 713 977 31771 30141 2690 7351 100 269 36506 172
internal_value=-9.49795e-06 -9.3273e-05 -0.000727183 -0.00557859 0.000468981 0.000667097 -0.00177578 -0.00812913 -0.000596579 0.0117966 0.00543106 0.0087664 0.011468 -0.000630489 0.00148552 0.000953573 -0.000795531 0.000473827 -0.000287092 0.000936842 0.0027344 -0.00295465 0.000543546 -0.000343995 -0.00175994 0.00295738 0.00660069 -0.00386078 0.000593399 -0.00975887
internal_weight=256164 252353 118866 3034 133487 122797 10690 1161 115832 273 3811 1884 1534 115559 8218 8000 107341 113384 42651 70733 11184 10201 32450 73341 34000 9413 2062 905 59549 441
internal_count=256164 252353 118866 3034 133487 122797 10690 1161 115832 273 3811 1884 1534 115559 8218 8000 107341 113384 42651 70733 11184 10201 32450 73341 34000 9413 2062 905 59549 441
is_linear=0
shrinkage=0.03


Tree=5
num_leaves=31
num_cat=0
split_feature=16 26 40 71 14 13 10 40 138 33 18 84 161 140 42 58 160 38 18 15 13 1 13 118 37 69 17 52 16 101
split_gain=137.909 84.8324 72.8263 109.683 61.8953 85.8196 107.569 101.459 64.7594 57.9275 76.9946 55.1651 52.7384 60.552 49.1284 48.7336 43.8261 39.0379 38.7367 58.089 52.2077 37.1247 37.616 36.5451 32.9247 41.9559 36.0957 32.7278 48.2168 37.2773
threshold=1.2241054177284243 0.021585190668702129 -0.030734675005078312 0.58064553141593944 0.92502990365028392 0.90890604257583629 1.0173026323318484 0.055910304188728339 0.62219616770744335 0.34672905504703527 1.0216119885444643 -1.0000000180025095e-35 0.73595571517944347 0.82035279273986828 0.044561222195625312 0.99975594878196727 0.11370791494846345 -0.0032950154272839423 1.0247294902801516 1.1024655699729922 0.98320415616035473 0.035042800009250648 0.96874997019767772 0.083333741873502745 0.78577449917793285 0.36111094057559973 0.91270965337753307 0.98243907094001781 1.1536252498626711 0.31414473056793218
decision_type=10 10 8 10 8 8 10 10 10 8 10 2 10 10 10 10 10 10 10 8 8 8 10 10 10 10 10 10 8 2
left_child=1 11 3 16 5 14 7 -7 -8 10 -6 -1 -2 -14 -4 -5 27 -15 20 -20 -11 -13 -23 -16 26 -26 -17 29 -29 -3
right_child=12 2 4 15 9 6 8 -9 -10 18 -12 21 13 17 23 24 -18 -19 19 -21 -22 22 -24 -25 25 -27 -28 28 -30 -31
leaf_value=-7.2503019865150832e-05 0.00184536045528814 0.012478133729368689 0.011050111766159443 0.00078924692455513683 -0.0014905321790715828 -9.4074287865405457e-05 -0.0022617281653906124 0.012743614072596308 0.0098070666411697351 -0.0011853005921880887 -0.010420387526538011 0.0016955511342332829 0 0.018087153463705978 -0.0026293215735135825 0 -0.014161945083132014 0.0068695728405671766 -0.0062270790161556124 3.5657548115672859e-05 0.00037583006604145031 0.00051309992311969162 -0.0089619952371706151 -0.012405303192108955 0.016855217107186286 0.0017465218903040154 0.007177009263632384 -0.0051153118544580755 0.0019056857913389497 0.00057216113686109837
leaf_weight=38603 1848 227 130 2096 52815 9154 438 567 2102 31205 877 38376 486 638 1079 964 180 777 2455 2685 50007 882 574 588 560 305 2037 2272 1338 9253
leaf_count=38603 1848 227 130 2096 52815 9154 438 567 2102 31205 877 38376 486 638 1079 964 180 777 2455 2685 50007 882 574 588 560 305 2037 2272 1338 9253
internal_value=-2.26563e-06 -8.87032e-05 -0.000460191 0.00127419 -0.000678726 0.00120881 0.0021246 0.000648544 0.00760731 -0.00087049 -0.0016458 0.000728335 0.00569263 0.00921833 -0.00482913 0.00464922 -0.000224305 0.012318 -0.000384672 -0.00290999 -0.000220472 0.00151164 -0.00308984 -0.00636162 0.00664992 0.0120267 0.00493147 0 -0.00243426 0.0009145
internal_weight=255518 251769 173334 19232 154102 14058 12261 9721 2540 140044 53692 78435 3749 1901 1797 5962 13270 1415 86352 5140 81212 39832 1456 1667 3866 865 3001 13090 3610 9480
internal_count=255518 251769 173334 19232 154102 14058 12261 9721 2540 140044 53692 78435 3749 1901 1797 5962 13270 1415 86352 5140 81212 39832 1456 1667 3866 865 3001 13090 3610 9480
is_linear=0
shrinkage=0.03


Tree=6
num_leaves=31
num_cat=0
split_feature=27 86 26 33 33 42 5 80 113 38 1 17 44 45 52 10 59 140 161 53 121 85 53 50 53 132 159 49 38 38
split_gain=98.4004 100.897 86.7501 97.5771 66.3577 64.0265 74.9482 74.4782 70.1896 70.9564 59.6506 59.6203 51.6722 50.4023 49.9795 49.916 55.7323 51.9295 49.7299 49.1744 48.2123 52.9242 46.9412 60.0908 58.4408 43.9411 43.0722 40.9007 40.78 43.0896
threshold=0.092212572693824782 -0.58333334326744068 0.021585190668702129 0.26314339041709905 0.89825335144996654 -0.079052612185478197 0.0080099911428987997 0.62500000000000011 0.83673629164695751 -0.028366380371153351 0.054196750745177276 0.74524354934692394 1.0438056588172915 1.0296478867530825 0.97906789183616649 1.0191977620124819 0.99719744920730602 1.2450921535491946 0.87591621279716503 0.99215781688690197 0.23313066363334659 0.87500000000000011 0.98177126049995433 0.93600383400917064 1.044265151023865 2.0596956014633183 -0.0019131530425511298 0.951267570257187 -0.0017291174153797326 0.0093862768262624758
decision_type=8 2 10 10 10 10 10 2 10 8 10 8 8 10 10 10 10 10 10 10 8 2 10 10 10 10 10 10 8 10
left_child=2 4 13 11 22 6 -5 8 9 -7 -6 -4 28 -1 -8 16 -14 -17 20 -9 -3 27 -2 25 -25 -24 -21 -22 -13 -30
right_child=1 18 3 5 10 7 14 19 -10 -11 -12 12 15 -15 -16 17 -18 -19 -20 26 21 -23 23 24 -26 -27 -28 -29 29 -31
leaf_value=0.0014445981857690048 -0.0016741259704163008 -0.017042082508859174 0.009578753106472793 0.00045602944866312759 -0.0065815223945742537 -0.021872817473716971 0.010444677268284928 -0.0039660595432429004 -0.001411612418596686 0.0010269935043590991 0.010907818486628426 0.00031979824805579226 -0.0040073579078583011 -7.6119723720148284e-05 0 -0.0075008409245998706 8.0978562098935698e-05 0.00054418086770991717 0.00654601434595812 -0.0023299872580577067 -0.0022109606367826423 0.0094212182403517579 0.013730092488861279 0 0.01101682430261457 0 -0.00016137655988224231 0.0018237107076451188 -0.0028324430629791636 0.00040896106152102379
leaf_weight=39553 402 128 391 4074 619 101 1483 5019 14319 49655 216 11699 6355 38187 601 3563 5403 816 1130 11737 4818 512 1741 1125 672 221 28757 4185 13131 4913
leaf_count=39553 402 128 391 4074 619 101 1483 5019 14319 49655 216 11699 6355 38187 601 3563 5403 816 1130 11737 4818 512 1741 1125 672 221 28757 4185 13131 4913
internal_value=2.1745e-05 0.00231675 -0.000128129 -0.000524455 0.00583918 -5.61934e-05 0.0029118 -0.00022621 0.00042949 0.000965712 -0.00155713 -0.00168879 -0.00179548 0.000693914 0.00752002 -0.00317066 -0.00210628 -0.00593784 0.000647628 -0.0011557 -2.46367e-05 0.000208093 0.00739552 0.00844857 0.00415651 0.0121467 -0.000798183 -0.00030233 -0.00103768 -0.00193379
internal_weight=255526 15769 239757 162017 4996 115746 6158 109588 64075 49756 835 46271 45880 77740 2084 16137 11758 4379 10773 45513 9643 9515 4161 3759 1797 1962 40494 9003 29743 18044
internal_count=255526 15769 239757 162017 4996 115746 6158 109588 64075 49756 835 46271 45880 77740 2084 16137 11758 4379 10773 45513 9643 9515 4161 3759 1797 1962 40494 9003 29743 18044
is_linear=0
shrinkage=0.03


Tree=7
num_leaves=31
num_cat=0
split_feature=16 26 40 36 18 73 158 29 32 69 1 20 41 43 72 83 10 159 97 158 84 85 36 140 23 75 110 1 93 37
split_gain=124.542 80.2236 61.3366 95.7233 55.0909 72.8902 59.084 84.824 65.1558 62.8485 51.9331 49.1031 49.9571 48.7237 54.3325 53.1752 48.1329 41.4296 40.5047 39.4627 39.1179 38.6429 38.5498 59.0326 55.281 32.0339 29.1589 35.7606 30.4229 29.006
threshold=1.2241054177284243 0.021585190668702129 -0.030112487263977524 0.82707694172859203 1.0247294902801516 0.5000000149011613 -0.053267942741513245 -0.0039579467847943297 -0.0034292226191610094 0.22807038575410846 0.036247322335839278 1.0707752108573916 -0.001965431845746934 1.1331462264060976 0.089923255145549788 -0.50000001490116108 1.0224943757057192 -0.010125251486897467 0.0085334745235741156 0.011177288368344309 -1.0000000180025095e-35 -0.32500000298023218 0.80502268671989452 0.76397109031677257 0.017142243683338169 0.17500000447034839 0.24264705926179889 0.06177517585456372 -0.062536068260669694 0.65667176246643078
decision_type=10 10 10 10 10 10 8 10 10 10 10 10 10 10 10 10 10 10 10 8 2 2 10 10 10 2 2 10 10 10
left_child=1 10 3 13 6 11 16 9 -9 -8 20 12 -6 14 18 -16 -4 -15 -3 21 29 -12 -2 -24 -25 -13 27 28 -5 -1
right_child=22 2 4 26 5 -7 7 8 -10 -11 19 25 -14 17 15 -17 -18 -19 -20 -21 -22 -23 23 24 -26 -27 -28 -29 -30 -31
leaf_value=-0.00031151540102110462 0.0022187948190653937 0.00095006952008553746 0.0043172209545750172 0.0023642849856997899 -0.0058271521688328569 -0.010709049400357771 -0.00069463617276815611 0.0019829658460991263 -0.00050213738122238595 -0.003502529109009112 0 -0.00030742199698345418 0.0055049033308183989 -0.0099428707478313848 0.002967531119564811 -0.00098290772724774866 -0.0052961831928154931 0.0024084658058138035 -0.0054271247185172311 0.0010668763988106978 0.0015038734402545921 -0.01124980590203834 -0.0019289106432117506 -0.0017812755081956717 0.013587380417522867 0.0086483347473920065 0.0025657735901986104 0.02747873439826071 0.01347497217551334 0.0016471937480993565
leaf_weight=28986 1920 1528 3507 545 2448 1050 14929 10396 104104 14414 491 1099 365 702 9164 4449 497 308 1924 767 38809 785 334 207 1259 475 862 100 498 8832
leaf_count=28986 1920 1528 3507 545 2448 1050 14929 10396 104104 14414 491 1099 365 702 9164 4449 497 308 1924 767 38809 785 334 207 1259 475 862 100 498 8832
internal_value=-6.43818e-06 -8.8244e-05 -0.000449843 0.00110294 -0.00065533 -0.0036254 -0.000543603 -0.000645542 -0.000273576 -0.00208561 0.000704706 -0.00182099 -0.00422239 0.000391975 0.000789088 0.0016549 0.003029 -0.00591143 -0.00252869 -0.00396788 0.000834202 -0.0071955 0.00542661 0.00862147 0.0112207 0.00228163 0.00729695 0.0105016 0.00810523 0.000138621
internal_weight=255754 252034 173364 20080 153284 5437 147847 143843 114500 29343 78670 4387 2813 18075 17065 13613 4004 1010 3452 2043 76627 1276 3720 1800 1466 1574 2005 1143 1043 37818
internal_count=255754 252034 173364 20080 153284 5437 147847 143843 114500 29343 78670 4387 2813 18075 17065 13613 4004 1010 3452 2043 76627 1276 3720 1800 1466 1574 2005 1143 1043 37818
is_linear=0
shrinkage=0.03


Tree=8
num_leaves=31
num_cat=0
split_feature=16 46 27 86 33 114 10 53 120 25 162 14 30 29 53 15 73 12 60 66 30 33 80 45 78 41 28 159 122 82
split_gain=127.087 79.656 58.2132 65.3213 63.5173 81.8872 66.8142 64.2739 57.9068 76.9781 79.8874 56.7332 52.0615 51.3858 47.2272 51.0837 46.5787 46.5046 48.2502 45.5375 44.501 50.9838 43.9323 42.2474 42.5374 80.0008 66.052 38.3529 36.8181 36.8088
threshold=1.2241054177284243 1.0578616261482241 0.090783946216106429 -0.58333334326744068 0.52326437830924999 0.5546691119670869 1.0194280147552492 0.99365082383155834 0.25775530934333807 0.043913342058658607 0.54388481378555309 0.89173579216003429 0.0032538753002882008 -0.0034230374731123443 0.97937640547752391 1.0904738903045657 0.5000000149011613 0.98555809259414684 0.90218123793602001 0.9019230604171754 -0.0070404950529336921 0.96605226397514354 0.32500000298023229 1.0206446051597597 0.30000000447034841 0.04320326820015908 0.019524861127138141 -0.0012399562401697037 0.46977984905242925 0.058333335444331176
decision_type=10 8 10 2 8 10 10 10 8 10 10 8 8 8 10 10 10 10 10 10 10 10 2 10 10 10 10 10 8 2
left_child=1 8 4 14 5 6 13 -6 17 23 19 -7 29 -3 -4 -16 -12 18 -1 -11 21 -2 -18 24 25 -10 -26 -19 -14 -9
right_child=20 2 3 -5 7 11 -8 12 9 10 16 -13 28 -15 15 -17 22 27 -20 -21 -22 -23 -24 -25 26 -27 -28 -29 -30 -31
leaf_value=-0.010077546919245303 0.0087600859007747143 -0.0016692270155922661 -0.0051409168750214482 -8.5364949008626787e-05 -0.0037658318238491411 0.01127675535554926 -0.0036495651676665725 0.002250797066980832 0.00087281586615114385 0.0035178492206177129 0.0099892705652940405 -0.0047387025367908583 0.00014621213575132351 0.00056807208788178971 0.010806128215486903 0.0024198979149933578 -0.0043661477335977554 -0.008453116961209416 0.0042543356506912792 0.010885369563554743 0.00042181703518732067 -0.0078552841471235552 0.0047994190165160013 -3.5200499846369571e-05 0.0018507610310705858 -0.0044291428212852825 0.016462185968775883 -0.00039719320021302081 0.0075855781855704799 -0.00034003320175825843
leaf_weight=978 2446 17844 315 6339 4070 175 7401 5472 22789 1850 340 8006 1195 18858 1303 1555 1593 552 223 1536 1209 144 622 62982 23721 2858 268 9657 1381 48056
leaf_count=978 2446 17844 315 6339 4070 175 7401 5472 22789 1850 340 8006 1195 18858 1303 1555 1593 552 223 1536 1209 144 622 62982 23721 2858 268 9657 1381 48056
internal_value=2.24878e-05 -5.86646e-05 -0.000610318 0.00163059 -0.000802784 -0.00156799 -0.00104658 -0.000132626 0.000456744 0.000655041 0.00398436 -0.00433287 0.000126844 -0.000511819 0.00513174 0.00639606 0 -0.00157501 -0.00714463 0.00699237 0.00545497 0.00766824 -0.0016382 0.000476068 0.0011306 0.000267308 0.00204007 -0.000877781 0.00427775 -6.88365e-05
internal_weight=255738 251939 121970 9512 112458 52284 44103 60174 129969 118559 5941 8181 56104 36702 3173 2858 2555 11410 1201 3386 3799 2590 2215 112618 49636 25647 23989 10209 2576 53528
internal_count=255738 251939 121970 9512 112458 52284 44103 60174 129969 118559 5941 8181 56104 36702 3173 2858 2555 11410 1201 3386 3799 2590 2215 112618 49636 25647 23989 10209 2576 53528
is_linear=0
shrinkage=0.03


Tree=9
num_leaves=31
num_cat=0
split_feature=16 26 27 33 40 158 125 11 36 140 48 23 17 35 1 49 125 37 60 159 37 160 23 158 9 3 11 18 120 1
split_gain=99.0116 65.5413 64.171 66.3813 74.8949 66.2234 66.7153 69.6314 61.2509 62.1523 56.7849 48.7557 48.5039 65.8499 47.0871 45.311 42.2556 39.2575 39.576 38.2311 37.4763 45.2383 39.0622 34.2553 31.2829 39.762 38.5809 32.5287 30.8704 39.217
threshold=1.2241054177284243 0.021970623172819618 0.07648158818483354 0.25209435820579534 0.025811721570789817 0.18606730550527575 0.40876778960227972 0.97116646170616161 0.80502268671989452 0.73733803629875194 0.88710486888885509 0.016788416542112831 1.0505280494689944 0.72687390446662914 0.035820892080664642 0.83075928688049328 0.48051953315734869 0.71346053481102001 0.86153843998909008 -0.0040512538980692616 0.67595657706260692 0.0061360276304185399 0.02310361992567778 0.013131142128258945 0.97368720173835765 0.020456842146813873 0.98785874247550975 0.95019820332527172 0.69911500811576854 0.065656580030918135
decision_type=10 10 10 8 10 8 8 10 10 10 10 10 10 10 10 10 10 10 10 10 10 10 8 8 10 8 10 10 10 10
left_child=1 14 3 19 12 6 7 10 -2 -10 -4 -11 -5 -14 20 -9 -8 18 -6 -3 21 -1 -22 -16 27 26 -26 -7 -13 -30
right_child=8 2 5 4 17 24 16 15 9 11 -12 28 13 -15 23 -17 -18 -19 -20 -21 22 -23 -24 -25 25 -27 -28 -29 29 -31
leaf_value=-0.00010560520870736899 0.00091099620471637045 -0.0082499205341889804 -0.0039996409675900971 0.00064215201690090722 -0.0098061144569349633 -0.027722722981352265 0.011101411087967193 0.008623709220392543 -0.0038781470948631405 -0.00099616610455098434 0.0055844742482129926 0.019856614294153651 -0.0016886177393794061 0.0012447515612704801 -0.0062341375257434261 -0.00019530996328457785 0.00083250361817100869 0.00037353611972429796 -0.0024897883209099602 -0.0015512339534317263 0.0017813298427443518 0.0016542345871645363 0.012135390382741848 0.0011296710643483991 0 0.010466768436909118 -0.016750628076034696 -0.0032591661434267886 0.004519282509512502 0.020546254791699772
leaf_weight=44072 1916 787 598 54880 727 103 962 519 254 211 3835 477 23138 9671 1503 18815 682 4068 11551 39076 16567 18551 327 801 341 128 191 147 675 193
leaf_count=44072 1916 787 598 54880 727 103 962 519 254 211 3835 477 23138 9671 1503 18815 682 4068 11551 39076 16567 18551 327 801 341 128 191 147 675 193
internal_value=4.46758e-06 -6.63104e-05 -0.000402783 -0.000653151 -0.000250785 0.000954056 0.00125091 0.000829272 0.00484702 0.00879413 0.00421208 0.0110761 9.36281e-05 -0.000814588 0.000629944 3.45932e-05 0.00708293 -0.0021146 -0.00296264 -0.00169508 0.000755904 0.00041129 0.00201359 -0.00355729 -0.00686141 -0.00268667 -0.00665946 -0.0157562 0.0131766 0.00880321
internal_weight=255766 252040 170219 143898 104035 26321 25411 23767 3726 1810 4433 1556 87689 32809 81821 19334 1644 16346 12278 39863 79517 62623 16894 2304 910 660 532 250 1345 868
internal_count=255766 252040 170219 143898 104035 26321 25411 23767 3726 1810 4433 1556 87689 32809 81821 19334 1644 16346 12278 39863 79517 62623 16894 2304 910 660 532 250 1345 868
is_linear=0
shrinkage=0.03


Tree=10
num_leaves=31
num_cat=0
split_feature=16 25 29 57 3 12 41 10 55 14 36 36 140 79 2 81 37 56 26 32 138 6 76 158 71 53 33 23 6 125
split_gain=102.582 80.3277 55.3598 81.9938 71.0614 68.328 66.6904 60.4205 55.873 72.8141 60.5343 46.1628 58.3175 44.7266 41.3986 41.1226 41.0181 39.4586 38.2805 40.2561 34.6129 34.6546 42.4859 32.9939 31.998 59.0782 36.3875 31.5088 29.7899 29.4164
threshold=1.2241054177284243 0.012333759106695654 -0.00057570118224248279 1.1682889461517336 0.017476509325206283 0.98736849427223217 -0.029489791020750996 1.0218749642372134 0.93584609031677257 0.89173579216003429 0.79527312517166149 0.80819529294967662 0.73733803629875194 0.15000000223517421 -0.1499972119927406 0.18333333730697635 0.65667176246643078 0.99362042546272289 0.04299146123230458 0.0027820797404274349 0.53946739435195934 0.058821097016334541 0.15000000596046451 -0.053267942741513245 0.61842110753059398 1.0138400197029116 0.5885257124900819 0.017277830280363563 0.068967685103416457 -0.39163465797901148
decision_type=10 8 8 10 10 10 10 10 8 8 10 10 10 2 10 2 10 10 10 10 10 10 2 8 10 10 10 10 10 10
left_child=1 16 6 4 8 -6 14 13 10 -10 -4 28 -13 17 24 -7 -1 -8 -9 -20 -5 -22 -23 -15 26 -26 -3 -14 -2 -29
right_child=11 2 3 20 5 15 7 18 9 -11 -12 12 27 23 -16 -17 -18 -19 19 -21 21 22 -24 -25 25 -27 -28 29 -30 -31
leaf_value=0.00068280274174809951 0.0069936443973527924 -0.0014118817796380488 -0.0094902735429843853 -0.0049069532193854199 -0.013824830144940578 0.0081552282203142656 0.0082927274493289887 -0.0023211654488028539 0.0047544425780093403 -0.00017895365647455251 0.0019044983371216068 -0.0036113098529623367 0 0.0022315226159376556 -0.0011494875491808332 0.0018420099521923275 0.0032198513908051579 -0.0056816453995342936 -0.0062707672068463951 -0.025175837553776802 -1.4639759130360127e-05 0.0092054903487746517 0.00097664092723491838 -0.0009973944941439898 -0.0041437000072729237 0.0084654242366929856 0.0016143238124550956 0.008199875315166319 -0.00078220728115097635 0.019121398920095387
leaf_weight=22420 600 4736 1139 285 162 1749 161 3756 2743 103753 588 266 219 2909 10093 2326 7924 2659 1871 105 782 1976 915 63774 404 1253 13578 884 1371 446
leaf_count=22420 600 4736 1139 285 162 1749 161 3756 2743 103753 588 266 219 2909 10093 2326 7924 2659 1871 105 782 1976 915 63774 404 1253 13578 884 1371 446
internal_value=-1.35443e-05 -8.85192e-05 -0.000287794 0.000160905 8.50382e-06 0.00381298 -0.000786658 -0.00126479 -0.000138349 -4.81996e-05 -0.00546153 0.00487348 0.00833812 -0.00101422 0.000399929 0.00465152 0.00135689 -0.0047254 -0.00423674 -0.00766784 0.00439391 0.00521949 0.00672872 -0.000851411 0.00119835 0.0051995 0.000814698 0.0106012 0.00148067 0.0123135
internal_weight=255847 252061 221717 116418 112460 4237 105299 75235 108223 106496 1727 3786 1815 69503 30064 4075 30344 2820 5732 1976 3958 3673 2891 66683 19971 1657 18314 1549 1971 1330
internal_count=255847 252061 221717 116418 112460 4237 105299 75235 108223 106496 1727 3786 1815 69503 30064 4075 30344 2820 5732 1976 3958 3673 2891 66683 19971 1657 18314 1549 1971 1330
is_linear=0
shrinkage=0.03


Tree=11
num_leaves=31
num_cat=0
split_feature=16 25 40 71 18 73 25 58 55 36 14 85 120 29 36 140 92 123 83 118 23 161 41 13 61 1 34 27 39 10
split_gain=119.215 79.3699 64.1348 75.5142 64.7165 72.1817 56.6638 54.4592 53.719 91.0683 76.6727 56.0414 55.5956 52.1632 49.9533 62.0915 46.0408 45.2152 41.5069 36.7597 35.1287 34.9003 32.2458 32.1519 54.2048 37.8397 31.6406 54.2273 30.8683 27.4052
threshold=1.2241054177284243 0.01246010744944215 -0.030112487263977524 0.58064553141593944 1.0247294902801516 0.5000000149011613 0.033714421093463905 0.99975594878196727 0.93584609031677257 0.79527312517166149 0.88468468189239513 0.87500000000000011 0.24516092240810397 0.013010889291763307 0.80819529294967662 0.76397109031677257 0.50542837381362926 -0.063830200582742677 -0.3000000044703483 0.56046172976493847 0.017142243683338169 0.843866527080536 -0.00073607228114269663 1.1167117953300478 1.0382310152053835 0.058631887659430511 0.46424159407615667 0.053962413221597678 -0.039341956377029412 1.0191977620124819
decision_type=10 10 10 10 10 10 10 10 8 10 8 2 10 10 10 10 10 10 10 10 10 10 10 8 10 10 10 10 10 8
left_child=1 29 3 19 8 6 22 17 9 11 12 -4 -10 -12 21 -16 -11 18 -5 -3 -17 -2 -6 25 -25 -21 27 -9 -8 -1
right_child=14 2 4 7 5 -7 28 26 10 16 13 -13 -14 -15 15 20 -18 -19 -20 23 -22 -23 -24 24 -26 -27 -28 -29 -30 -31
leaf_value=0.0014658548449852829 -0.00039921790469346229 -0.011194818101932897 -0.0056975741852701252 0.00043563928738785156 -0.0056683772362941184 -0.010196337709743167 0.015654117024607127 0.002177561337338161 -0.0019189414363589231 0.010439743144101553 -0.00045725797026512755 -0.020644900386425604 0.007740381286830935 0.0050163964145903059 -0.0017047594707086681 0 -0.0046856834199034457 0.0080895752193387536 -0.0098757112529896367 0.00029163081964799588 0.013328987893689739 0.0086096424885118514 0.006012109674522168 -0.015071034465964778 -9.004884749411757e-05 0.0071482005710711682 0.00056730721399936876 0.010580434544462284 0.00059028923016035185 -0.0027774615810073197
leaf_weight=30768 1505 235 1084 1331 2573 1178 115 1243 694 379 186014 318 1762 1552 355 212 284 491 435 13565 1274 477 191 298 821 755 868 1947 2073 1369
leaf_count=30768 1505 235 1084 1331 2573 1178 115 1243 694 379 186014 318 1762 1552 355 212 284 491 435 13565 1274 477 191 298 821 755 868 1947 2073 1369
internal_value=-3.52177e-05 -0.000116235 -0.000320608 0.00121193 -0.000492237 -0.0035278 -0.00184649 0.00397705 -0.000393445 -0.00519285 -0.00033917 -0.00954156 0.0048963 -0.000409837 0.00520717 0.00878075 0.00357395 0.000100515 -0.00201842 7.51027e-05 0.0114743 0.00168341 -0.00471607 0.000280312 -0.00453759 0.000683519 0.00604849 0.00743364 0.00165253 0.00127415
internal_weight=256166 252343 220206 21989 198217 6130 4952 6315 192087 2065 190022 1402 2456 187566 3823 1841 663 2257 1766 15674 1486 1982 2764 15439 1119 14320 4058 3190 2188 32137
internal_count=256166 252343 220206 21989 198217 6130 4952 6315 192087 2065 190022 1402 2456 187566 3823 1841 663 2257 1766 15674 1486 1982 2764 15439 1119 14320 4058 3190 2188 32137
is_linear=0
shrinkage=0.03


Tree=12
num_leaves=31
num_cat=0
split_feature=16 30 16 35 33 1 27 120 25 45 1 55 74 44 33 34 161 30 26 42 1 6 47 76 140 22 15 53 12 25
split_gain=81.3997 72.958 59.25 64.3905 56.046 54.5652 53.9003 48.4676 65.1317 87.3805 56.1798 63.1297 45.3587 42.623 66.1056 45.6705 45.5073 41.7883 41.7858 52.849 45.6821 42.6118 40.9277 40.4481 38.7348 39.189 37.8941 36.5365 36.2343 41.2021
threshold=1.2241054177284243 -0.00042249893886037165 0.93407893180847179 0.18933849781751635 0.97388815879821788 0.054196750745177276 0.090783946216106429 0.25775530934333807 0.043483210727572448 1.109251141548157 0.030848315916955475 0.93584609031677257 0.75000000000000011 1.0268293023109438 0.57051238417625438 0.75599205493927013 0.35531166195869451 -0.005568938795477151 0.021970623172819618 -0.064358774572610841 0.022675723768770698 0.16666502505540851 1.1542980670928957 0.050000002607703216 0.81779709458351146 1.1317713856697085 0.94784930348396312 0.9857480823993684 0.98555809259414684 0.026994569227099422
decision_type=10 8 8 10 10 10 10 8 10 10 10 10 2 10 8 10 10 10 10 10 10 10 10 2 10 10 10 10 10 8
left_child=1 2 3 5 17 -1 18 28 13 10 12 -12 -10 22 15 -15 -16 24 -4 21 -21 -20 26 -8 -2 -26 -9 -5 29 -3
right_child=4 7 6 27 -6 -7 23 8 9 -11 11 -13 -14 14 16 -17 -18 -19 19 20 -22 -23 -24 -25 25 -27 -28 -29 -30 -31
leaf_value=-0.0021566645081568248 0 0.0087677027708427981 0.00023101659315457462 -0.02238757855844559 -0.014081476730267134 0.0184020569110139 0.0065637296721761463 1.5673720254649075e-05 0.004402335691146805 -0.0043149554973079419 -0.0052881660307064534 0.0070584002498581813 -0.0016771192429227443 -0.0019057710226007335 0.00011056851303031563 0.002454954909626765 0.0034610220711458186 -0.00030010632843381071 -0.0011751485496492432 -0.00076318571971826295 -0.0024448477853539286 0.0024933321426626534 -0.0019285009029142916 0.00064349453538446288 -0.0069777617393992838 0.0096929968414565647 0.0016001378976877104 -0.0069674125778682308 -0.00081180400552301332 -0.0082093814252053778
leaf_weight=1625 614 112 34041 174 116 104 1535 21006 2133 1288 363 4588 2164 20846 17272 2337 4678 878 5025 42401 22801 6336 4322 3563 100 2081 40539 1260 10504 1112
leaf_count=1625 614 112 34041 174 116 104 1535 21006 2133 1288 363 4588 2164 20846 17272 2337 4678 878 5025 42401 22801 6336 4322 3563 100 2081 40539 1260 10504 1112
internal_value=-7.16435e-07 -6.76426e-05 -0.000608962 -0.00465829 0.00435092 -0.000552234 -0.000494885 0.000412956 0.00059248 0.00284873 0.00388597 0.00607518 0.0012776 0.000375143 -0.000330159 -0.00145151 0.000840775 0.00508739 -0.000636221 -0.00102568 -0.00135643 0.00084518 0.000862932 0.00250337 0.00687645 0.00873587 0.0010644 -0.00932701 -0.00141974 -0.00629878
internal_weight=255918 252129 118865 3163 3789 1729 115702 133264 121536 10536 9248 4951 4297 111000 45133 23183 21950 3673 110604 76563 65202 11361 65867 5098 2795 2181 61545 1434 11728 1224
internal_count=255918 252129 118865 3163 3789 1729 115702 133264 121536 10536 9248 4951 4297 111000 45133 23183 21950 3673 110604 76563 65202 11361 65867 5098 2795 2181 61545 1434 11728 1224
is_linear=0
shrinkage=0.03


Tree=13
num_leaves=31
num_cat=0
split_feature=16 30 16 120 25 82 13 82 1 77 33 44 78 41 50 14 30 140 36 53 118 12 60 27 8 158 114 39 22 162
split_gain=95.7081 64.5304 68.619 66.6326 53.3135 64.7661 60.6412 65.0048 50.0486 55.9729 41.1812 110.999 48.5691 67.9548 59.8576 46.744 40.2804 41.8101 42.1487 40.202 41.7718 39.2311 50.3825 37.5489 44.857 41.1063 56.3596 39.6364 37.6386 74.4653
threshold=1.2241054177284243 -0.00074254174251109351 0.93546006083488475 0.25775530934333807 0.043913342058658607 0.80833333730697643 1.1167117953300478 0.74166667461395275 0.03865334019064904 0.091666668653488173 0.33557032048702246 1.0399632453918459 0.30000000447034841 0.044311221688985832 0.88579872250556957 1.022591292858124 -0.0068273739889264098 0.82267063856124889 0.78529399633407604 0.98698130249977123 0.18749954551458362 0.98555809259414684 0.90218123793602001 0.090783946216106429 0.52940848469734203 -0.053267942741513245 0.27950389683246618 -0.01730493642389774 1.113360643386841 -0.67992061376571644
decision_type=10 8 8 8 10 2 10 2 10 2 8 8 10 10 10 10 10 10 10 10 10 10 10 10 10 8 10 10 10 10
left_child=1 2 19 21 10 6 7 -6 9 -7 11 -5 13 -12 -14 -13 17 -2 -19 20 -1 22 -3 25 -25 26 27 -4 -27 -30
right_child=16 3 23 4 5 8 -8 -9 -10 -11 12 15 14 -15 -16 -17 -18 18 -20 -21 -22 -23 -24 24 -26 28 -28 -29 29 -31
leaf_value=-0.00048428795961421439 0 -0.0097926052060031982 -0.0058236934225964166 0.00030690767134909018 0.0032239380712688706 -0.011686994387805461 -0.014526140718764737 -0.0047613852404892543 0.023393244545392409 0.01407451140757106 0.0002970693077598602 -0.0054110033467684214 0.005399651896428285 -0.004143992934628883 0.0010223057752523105 -0.00047902450318620883 0 0.0026317242598045132 0.012233430686571789 -0.00372146184211014 -0.023333346252117981 -0.0012047280733209558 0.004809376285964867 9.6163119901280887e-05 0.0064635739074929534 -0.00065666250467266588 0.0063133343780403146 0.0013227952043374479 0.0047831728892690677 -0.0046913636922772863
leaf_weight=150 644 1020 851 34590 8602 105 171 981 219 158 23572 4945 3014 3539 47946 2877 1116 763 1250 2309 200 10452 224 3545 1422 90497 1705 3487 838 4756
leaf_count=150 644 1020 851 34590 8602 105 171 981 219 158 23572 4945 3014 3539 47946 2877 1116 763 1250 2309 200 10452 224 3545 1422 90497 1705 3487 838 4756
internal_value=-3.15543e-05 -0.000103855 -0.000651336 0.000316018 0.000512002 0.00259278 0.00201107 0.00236704 0.0132179 0.00263035 0.000332333 -0.000415519 0.000742447 -0.000274225 0.0012891 -0.00364108 0.00469676 0.00669313 0.00880329 -0.0054061 -0.0149072 -0.00184591 -0.00689147 -0.000529501 0.00199785 -0.000655716 0.00172474 -3.0609e-05 -0.000808868 -0.00320662
internal_weight=255948 252175 109760 142415 130719 10236 9754 9583 482 263 120483 42412 78071 27111 50960 7822 3773 2657 2013 2659 350 11696 1244 107101 4967 102134 6043 4338 96091 5594
internal_count=255948 252175 109760 142415 130719 10236 9754 9583 482 263 120483 42412 78071 27111 50960 7822 3773 2657 2013 2659 350 11696 1244 107101 4967 102134 6043 4338 96091 5594
is_linear=0
shrinkage=0.03


Tree=14
num_leaves=31
num_cat=0
split_feature=16 30 120 84 16 35 11 41 77 21 55 41 40 121 32 158 74 26 38 38 34 51 119 17 10 15 33 65 54 137
split_gain=96.8954 61.4167 54.1337 59.4058 51.3746 43.766 43.0134 39.55 67.6276 52.8136 53.9656 47.3313 44.5587 40.4825 39.0591 39.3639 55.1863 46.282 40.6807 38.1048 39.072 55.8762 37.1038 37.0362 33.6653 33.1234 29.5417 61.5268 34.7367 29.3626
threshold=1.2241054177284243 -0.00042249893886037165 0.25775530934333807 0.84999999403953563 0.93407893180847179 0.18933849781751635 0.96131581068038952 0.025733890943229202 0.041666667908430106 0.91242483258247387 0.99344947934150707 0.0041292004752904185 0.015055023599416019 0.58823540806770336 -0.0048883806448429814 -0.053267942741513245 0.35000000894069677 0.029603273607790474 0.0023532294435426597 -0.0016666601877659557 0.86754861474037182 0.97758403420448314 0.72727224230766307 1.1574480533599856 1.0059584975242617 1.1192207932472231 0.56084024906158458 0.15707236528396609 1.0929987430572512 1.0083316564559939
decision_type=10 8 8 2 8 10 10 10 2 8 10 8 10 10 10 8 2 10 10 10 10 10 10 10 8 8 10 10 10 10
left_child=1 4 6 7 5 -1 -3 9 13 10 -4 -11 -10 -9 24 16 23 -17 -19 26 21 -21 -18 -16 25 -6 27 28 -2 -29
right_child=19 2 3 -5 14 -7 -8 8 12 11 -12 -13 -14 -15 15 17 22 18 -20 20 -22 -23 -24 -25 -26 -27 -28 29 -30 -31
leaf_value=-0.00086944241287698477 -0.01242370372663874 -0.0075899781335553966 0.0083960897434940483 0.0029099849147465142 0.010295683891851124 -0.0081718200694264782 -0.00095707081021404578 -0.0065503528901264462 -0.0023115711827283595 3.4257437285610616e-05 -0.0010961072637206491 0.0014690692887777835 0.0013051679117291048 0.0036009382693529394 0.0027378588392824657 -0.00015563302042715207 0.012060084236075751 -0.00067587177077957827 -0.0025645605316363985 0.0027367171013827716 0.010302756595819328 -0.010146856208028066 1.0242647242617525e-06 -0.0023824956603919253 0.00045135892424613949 0.0011387579923355627 0.010729618070242274 0.018586905855407339 0.0038085796414869619 0.00014262211996425
leaf_weight=1723 233 964 1514 9182 739 1436 10771 2493 4912 63075 745 31105 8065 358 2762 60006 677 26034 17619 1110 344 390 418 2292 4067 838 1186 201 171 173
leaf_count=1723 233 964 1514 9182 739 1436 10771 2493 4912 63075 745 31105 8065 358 2762 60006 677 26034 17619 1110 344 390 418 2292 4067 838 1186 201 171 173
internal_value=2.75881e-05 -4.32449e-05 0.000397589 0.000587448 -0.000540754 -0.00431381 -0.00153945 0.000394338 -0.000987397 0.000624383 0.00515186 0.000511531 -4.21933e-05 -0.00515496 -0.000434188 -0.000561539 0.00175308 -0.000702046 -0.00144587 0.00476538 0.0014391 -0.000505079 0.00780837 0.000356404 0.00198379 0.00569285 0.00769123 0.00253067 -0.00499 0.0112569
internal_weight=255603 251795 133184 121449 118611 3159 11735 112267 15828 96439 2259 94180 12977 2851 115452 109808 6149 103659 43653 3808 1844 1500 1095 5054 5644 1577 1964 778 404 374
internal_count=255603 251795 133184 121449 118611 3159 11735 112267 15828 96439 2259 94180 12977 2851 115452 109808 6149 103659 43653 3808 1844 1500 1095 5054 5644 1577 1964 778 404 374
is_linear=0
shrinkage=0.03


Tree=15
num_leaves=31
num_cat=0
split_feature=21 25 86 26 38 124 55 85 4 14 3 117 27 1 116 159 26 26 116 37 15 96 122 132 11 29 6 24 23 17
split_gain=68.7787 55.7465 46.5594 55.3099 82.143 51.8689 49.3986 66.3371 48.1437 45.4215 43.3359 44.4026 43.8526 40.1136 47.2453 40.7958 40.0084 39.7068 37.763 36.4483 35.6118 35.2114 34.9526 31.747 31.244 26.4188 25.8057 28.7259 26.4984 23.5578
threshold=1.1875514388084414 0.012333759106695654 0.88333332538604747 0.068345353007316603 -0.0016666601877659557 -0.26126100122928614 0.93584609031677257 0.82500001788139354 0.64285901188850414 0.87522506713867199 0.017476509325206283 0.67987641692161571 0.047248875722289092 0.047048021107912071 0.33470755815505987 -0.0039535516407340756 0.077348381280899062 0.021839609369635585 0.62946730852127086 0.65275800228118908 0.95843178033828746 -0.17349821329116819 0.33114893734455114 1.0490105748176577 0.99504950642585765 0.0057514184154570111 0.57143059372901928 0.01909730210900307 0.023619484156370166 1.0722672343254092
decision_type=10 10 2 10 10 10 10 2 10 8 10 10 10 10 10 10 10 10 10 10 8 10 10 10 10 10 10 10 10 10
left_child=1 19 3 6 5 21 7 18 23 20 16 12 -12 -2 15 -15 26 -11 -3 29 -8 -5 -7 -6 -10 -18 27 -4 -28 -1
right_child=13 2 10 4 8 22 9 -9 24 17 11 -13 -14 14 -16 -17 25 -19 -20 -21 -22 -23 -24 -25 -26 -27 28 -29 -30 -31
leaf_value=0.00077457542165742534 -0.0022329002547559276 -0.0080890066949144499 0.00012658596906007475 0.006931444599649097 -0.0017144782597692137 -0.00063190671100775582 0.010226001796268975 -0.016560635428494425 -0.019278760091519822 0.00031070015012616239 0 -0.0037965624843938985 0.016837309309975235 0 0.0023396768029132777 0.024228903016819212 -0.01971900165802799 -0.0006527127165005792 0.0056302882658580879 0.0029026278368025106 -0.0021653066491603905 -0.0025712544422984308 0.0075720112473612695 0.0026128182535591869 0 -0.0020523499056267049 0 0.0037793738041365724 -0.013018538427313615 -0.0034715036626959267
leaf_weight=21849 216 325 3693 468 3657 466 620 380 177 51510 167 162 457 106 369 276 100 148318 348 8073 248 1227 3193 2583 143 370 662 4515 172 1203
leaf_count=21849 216 325 3693 468 3657 466 620 380 177 51510 167 162 457 106 369 276 100 148318 348 8073 248 1227 3193 2583 143 370 662 4515 172 1203
internal_value=3.35515e-06 -2.60538e-05 -0.000192565 -0.000288798 0.0016909 0.00444696 -0.000407349 -0.00684344 -0.000519576 -0.000371407 0.00177169 0.00851365 0.0121941 0.00790845 0.0111966 0.0184639 0.00116641 -0.000402865 -0.000604273 0.00116181 0.00637876 0 0.00644788 3.14743e-05 -0.0115172 -0.00707489 0.00164257 0.00217665 -0.0031903 0.000537168
internal_weight=256053 255086 223961 213663 11914 5354 201749 1053 6560 200696 10298 786 624 967 751 382 9512 199828 673 31125 868 1695 3659 6240 320 470 9042 8208 834 23052
internal_count=256053 255086 223961 213663 11914 5354 201749 1053 6560 200696 10298 786 624 967 751 382 9512 199828 673 31125 868 1695 3659 6240 320 470 9042 8208 834 23052
is_linear=0
shrinkage=0.03


Tree=16
num_leaves=31
num_cat=0
split_feature=16 25 40 71 58 33 41 28 21 37 48 1 30 159 53 38 30 122 85 37 39 90 1 111 24 4 6 138 118 83
split_gain=83.8262 57.1388 56.7961 77.5203 59.4116 49.702 49.7018 77.6163 75.445 75.6144 65.6874 56.7808 54.8748 64.7158 47.9668 47.3373 47.2912 42.2698 41.9838 36.4127 33.8512 36.626 33.4009 54.3692 65.3527 32.7538 31.9098 31.6328 31.3053 40.4013
threshold=1.2241054177284243 0.012333759106695654 -0.030734675005078312 0.5625000298023225 0.99975594878196727 0.97828525304794323 0.0041292004752904185 -0.009815074969083069 0.91242483258247387 0.81118452548980724 0.97973093390464794 0.037109371274709708 0.0082974070683121699 -0.0016690451302565632 1.0354533791542055 -0.0017291174153797326 -0.0056914482265710822 0.41063916683197027 0.67499998211860668 0.58513787388801586 -0.0084758093580603582 -0.069265365600585924 0.054196750745177276 -0.16954023391008374 0.044624375179409988 0.26666623353958135 0.11538302898406984 0.64218494296073925 0.5416676700115205 -0.3000000044703483
decision_type=10 10 10 10 10 10 10 10 10 10 8 10 10 10 10 10 10 10 2 8 10 10 10 2 10 10 10 10 10 10
left_child=1 19 3 18 28 16 8 20 9 11 17 -4 15 -14 -12 -9 22 -10 -3 -1 21 -8 27 24 -24 -20 -11 -2 -5 -30
right_child=5 2 6 4 -6 -7 7 12 10 26 14 -13 13 -15 -16 -17 -18 -19 25 -21 -22 -23 23 -25 -26 -27 -28 -29 29 -31
leaf_value=0.00035068100826352445 -0.0023671353503516841 0.00041172178979127251 0.0059562311639073618 0.0065416310358354266 0.0060373254922560732 -0.013175749135923316 0.0017765541687711243 0.0010061636691762227 0 0.0067927807667461544 -0.0001272624633655641 0.024103494208161408 0.0097355534537243386 -0.0053072103374189657 -0.002621468762211691 -0.00039404837380861517 -0.00067836511494873163 -0.0025796539283979725 -0.010585186766256811 0.0025282289830886951 0.00055568139954813636 0.020366482815931543 -0.00088228313320309578 0.0010781277723011513 0.021509282290037263 0.0011667421212931931 -0.007635070991529911 0.0064457834789308924 0.00045328494033619626 -0.0099570256658224835
leaf_weight=20085 421 13760 731 490 4233 112 196 34942 7124 173 60452 219 252 2827 7871 57107 880 27044 556 10857 327 301 117 347 501 266 385 1426 1336 408
leaf_count=20085 421 13760 731 490 4233 112 196 34942 7124 173 60452 219 252 2827 7871 57107 880 27044 556 10857 327 301 117 347 501 266 385 1426 1336 408
internal_value=-1.1594e-05 -7.96686e-05 -0.000249857 0.00122816 0.00395653 0.00439542 -0.000407057 8.25171e-05 -0.000861563 0.00572819 -0.000962547 0.0108597 0 -0.00392435 -0.000419675 0.00013432 0.0050774 -0.00203843 0 0.00112557 0.00914005 0.0139678 0.00697664 0.011656 0.0169051 -0.00648857 -0.00256262 0.00427247 0 -0.00189737
internal_weight=255746 251942 221000 21049 6467 3804 199951 95952 103999 1508 102491 950 95128 3079 68323 92049 3692 34168 14582 30942 824 497 2812 965 618 822 558 1847 2234 1744
internal_count=255746 251942 221000 21049 6467 3804 199951 95952 103999 1508 102491 950 95128 3079 68323 92049 3692 34168 14582 30942 824 497 2812 965 618 822 558 1847 2234 1744
is_linear=0
shrinkage=0.03


Tree=17
num_leaves=31
num_cat=0
split_feature=16 25 33 14 17 42 41 161 25 12 41 116 36 69 102 5 7 12 92 34 158 48 40 44 78 36 43 33 36 1
split_gain=82.2066 49.1869 50.9728 67.0433 84.3778 58.0592 71.6822 71.0303 54.7412 75.4749 56.178 54.6002 53.6693 52.1221 50.7532 56.2369 46.2249 46.1309 39.9986 38.7078 37.3802 36.9728 45.9872 38.4856 32.942 37.5784 33.0193 61.1505 36.333 32.999
threshold=1.2241054177284243 0.012333759106695654 0.54681339859962474 0.89173579216003429 0.67878058552742015 0.10538326948881151 0.030660033226013187 0.38502781093120581 0.037189815193414695 1.0066503882408144 -0.081493221223354326 0.75984546542167675 0.79527312517166149 0.96095708012580883 0.53529900312423717 0.01636512111872435 0.014592211227864029 0.98176869750022899 0.54785814881324779 0.87460365891456615 0.15207562595605853 0.93605485558509838 0.066280614584684386 1.0406779646873476 0.30000000447034841 0.80819529294967662 1.0764331221580508 0.921093910932541 0.64092084765434276 0.05242817476391793
decision_type=10 10 8 8 10 10 10 10 10 10 10 10 10 10 2 10 10 10 10 10 10 10 10 10 10 10 10 10 10 10
left_child=1 -1 3 4 18 8 -7 16 14 13 -11 17 -9 -10 15 -4 -8 -6 -3 24 21 22 -5 -23 25 -2 -26 28 -28 -29
right_child=19 2 5 20 11 6 7 12 9 10 -12 -13 -14 -15 -16 -17 -18 -19 -20 -21 -22 23 -24 -25 26 -27 27 29 -30 -31
leaf_value=0.0010711989352372425 0.001214653721974385 0 -0.00013417877892283505 0.0027288651203130334 0 0.0041841433515594079 -0.008529159703488963 -0.01396990837457111 0.00014322459159224555 -0.0013074755791426594 0.0065218944512906293 -0.0026968187851889522 0 0.0059941723034799147 0.0016830635379365571 -0.0049507363208364796 0.0061338467031427308 0.015236282196045588 -0.020530563403013742 0.011997120654292023 -0.0087314795752057688 -0.00038633564111966633 -0.010359479600110607 -0.001603355608478367 -0.0020330156231059479 0.018397274068666293 7.1946059880942549e-05 -0.011596462581623362 0.012266090458450023 0.0039247499774115119
leaf_weight=31132 289 181 71692 4209 183 673 292 1054 14724 953 4020 236 302 1506 13999 2238 483 806 113 528 513 65472 229 37195 1191 235 388 248 707 176
leaf_count=31132 289 181 71692 4209 183 673 292 1054 14724 953 4020 236 302 1506 13999 2238 483 806 113 528 513 65472 229 37195 1191 235 388 248 707 176
internal_value=2.13301e-05 -4.33226e-05 -0.000201712 -0.000663741 0.00553073 0.000246123 -0.00399221 -0.00672878 0.000358481 0.0017262 0.0049622 0.00909367 -0.0108269 0.000711311 2.49449e-05 -0.000285341 0.00015626 0.0122022 -0.00799309 0.00441229 -0.000754973 -0.000712345 0.00194277 -0.000830395 0.00301563 0.00986513 0.00151876 0.00448876 0.0082931 -0.00459144
internal_weight=255967 252205 221073 109137 1519 111936 2804 2131 109132 21203 4973 1225 1356 16230 87929 73930 775 989 294 3762 107618 107105 4438 102667 3234 524 2710 1519 1095 424
internal_count=255967 252205 221073 109137 1519 111936 2804 2131 109132 21203 4973 1225 1356 16230 87929 73930 775 989 294 3762 107618 107105 4438 102667 3234 524 2710 1519 1095 424
is_linear=0
shrinkage=0.03


Tree=18
num_leaves=31
num_cat=0
split_feature=16 30 55 36 85 29 4 119 40 4 68 38 161 84 158 22 34 137 41 26 16 1 24 117 138 33 44 162 4 78
split_gain=65.2866 54.4775 50.1869 64.1039 56.0609 45.2431 47.7216 47.1512 44.2973 59.9739 42.1058 48.5647 41.3255 40.9827 62.294 43.7175 40.2564 39.854 42.5786 36.4942 36.1211 34.1202 53.009 59.0373 45.1243 32.9916 54.196 49.6936 47.6801 42.5992
threshold=1.2241054177284243 -0.00042249893886037165 0.93584609031677257 0.80819529294967662 0.82500001788139354 0.014018505811691286 0.31578619778156286 0.44594587385654455 0.055910304188728339 0.19999932497739795 0.65217500925064098 -0.0006987329979892819 0.66054144501686107 -1.0000000180025095e-35 -0.015772838145494458 1.0956898927688601 0.69861429929733287 0.55328440666198742 -0.0318174660205841 0.023097965866327289 1.1084935665130617 0.054196750745177276 0.044624375179409988 0.43862818181514746 0.64218494296073925 0.25775006413459783 1.0357143282890322 1.6793670654296877 0.30769588053226476 0.30000000447034841
decision_type=10 8 8 10 2 10 10 8 10 10 10 10 10 2 8 10 10 10 10 10 10 10 10 10 10 10 8 10 10 10
left_child=1 5 3 4 16 7 -7 10 25 -10 20 -12 -2 17 -15 -16 -3 18 -9 -13 -1 24 -23 -24 -14 26 27 -4 -28 -27
right_child=12 2 8 -5 -6 6 -8 13 9 -11 11 19 21 14 15 -17 -18 -19 -20 -21 -22 22 23 -25 -26 29 28 -29 -30 -31
leaf_value=-0.0053416793139257034 0.000183193141753688 0.0057631892393340805 -0.00017308723827818071 0.0037621485698385512 -0.016142879777288663 0.020920495652174066 -0.0019839787804671835 0.0005733380023459501 0.019858796760005442 -0.002372612016634983 0.0016185152849563526 0.00026975136811001284 -0.0048484645702864052 0.0042423348312069231 -0.00039135960772833486 0.0092229125888820557 -0.0070224432877349216 0.00042243453387175368 -0.0013736641981797219 -0.0039842912835314943 0.0022881549100921381 -0.0026409509948168235 0.022054111115823751 0 0.0068114459722946824 -6.9644681445342292e-05 -0.00078430556080708676 0.0031339230671828234 -0.0053973497089818421 0.001258831928535778
leaf_weight=4243 1655 278 24066 581 467 162 104 12643 226 151 4053 2699 365 4246 10839 423 705 27452 46692 4818 572 136 408 172 1069 34045 7011 4876 2938 58049
leaf_count=4243 1655 278 24066 581 467 162 104 12643 226 151 4053 2699 365 4246 10839 423 705 27452 46692 4818 572 136 408 172 1069 34045 7011 4876 2938 58049
internal_value=5.52151e-05 -2.56221e-06 0.000412454 -0.00422934 -0.00764315 -0.000470499 0.0114039 -0.000501557 0.000487138 0.0105278 -0.0019974 -0.000979321 0.00394529 -0.000258687 0.00115493 0 -0.00306465 -0.00051495 -0.000953693 -0.0024204 -0.00436753 0.0066746 0.012137 0.0160748 0.00361142 0.000454346 -0.000272548 0.000375482 -0.00218475 0.00076456
internal_weight=256144 252339 133393 2031 1450 118946 266 118680 131362 377 16385 11570 3805 102295 15508 11262 983 86787 59335 7517 4815 2150 716 580 1434 130985 38891 28942 9949 92094
internal_count=256144 252339 133393 2031 1450 118946 266 118680 131362 377 16385 11570 3805 102295 15508 11262 983 86787 59335 7517 4815 2150 716 580 1434 130985 38891 28942 9949 92094
is_linear=0
shrinkage=0.03


end of trees

feature_importances:
KLEN=23
ROC30=20
RSQR5=20
STD30=14
RSQR30=14
RSQR60=14
RESI30=14
BETA20=13
QTLU5=13
STD20=12
ORC_TREND_PATH_CROWD_20=12
HIGH0=11
ROC10=11
STD60=11
RESI5=11
RESI20=11
IMXD30=10
WVMA20=10
STD5=9
MA5=8
BETA10=8
QTLU20=8
SUMN20=8
ORC_TREND_RSQR_STRESS_20=8
VWAP0=7
ROC60=7
RSQR10=7
RESI60=7
MAX10=7
IMXD10=7
ORC_TREND_ACCEL_UNCROWDED_5_20=7
KUP=6
LOW0=6
ROC5=6
IMXD20=6
WVMA5=6
KUP2=5
KLOW2=5
ROC20=5
STD10=5
BETA60=5
RESI10=5
MAX20=5
RSV30=5
IMIN5=5
SUMN5=5
KLOW=4
MA30=4
RSQR20=4
MIN5=4
MIN10=4
QTLD20=4
RSV10=4
ORC_TREND_ACCEL_GAP_10_30=4
MA60=3
MAX5=3
MIN60=3
QTLU10=3
QTLD5=3
IMAX5=3
IMAX10=3
IMAX60=3
IMIN30=3
IMIN60=3
IMXD5=3
SUMP10=3
SUMP30=3
SUMP60=3
SUMN30=3
SUMN60=3
SUMD20=3
VSTD60=3
KMID2=2
KSFT=2
KSFT2=2
BETA5=2
BETA30=2
MIN20=2
QTLU30=2
QTLD10=2
IMAX20=2
IMAX30=2
IMIN20=2
CORR60=2
CORD5=2
CNTP60=2
SUMP5=2
SUMN10=2
VMA60=2
ORC_TREND_STREAK_EXHAUST_12=2
KMID=1
OPEN0=1
MA20=1
MAX30=1
MAX60=1
MIN30=1
QTLU60=1
QTLD30=1
RANK20=1
RANK30=1
RSV5=1
RSV60=1
IMIN10=1
CORR20=1
CORD30=1
CORD60=1
CNTP30=1
CNTN5=1
CNTD20=1
CNTD30=1
SUMP20=1
SUMD5=1
SUMD10=1
WVMA10=1
WVMA30=1
VSUMD30=1

parameters:
[boosting: gbdt]
[objective: regression]
[metric: l2]
[tree_learner: serial]
[device_type: cpu]
[data_sample_strategy: bagging]
[data: ]
[valid: ]
[num_iterations: 500]
[learning_rate: 0.03]
[num_leaves: 31]
[num_threads: 12]
[seed: 20260813]
[deterministic: 1]
[force_col_wise: 1]
[force_row_wise: 0]
[histogram_pool_size: -1]
[max_depth: 7]
[min_data_in_leaf: 100]
[min_sum_hessian_in_leaf: 0.001]
[bagging_fraction: 0.8]
[pos_bagging_fraction: 1]
[neg_bagging_fraction: 1]
[bagging_freq: 1]
[bagging_seed: 20260813]
[bagging_by_query: 0]
[feature_fraction: 0.8]
[feature_fraction_bynode: 1]
[feature_fraction_seed: 20260813]
[extra_trees: 0]
[extra_seed: 13549]
[early_stopping_round: 0]
[early_stopping_min_delta: 0]
[first_metric_only: 0]
[max_delta_step: 0]
[lambda_l1: 10]
[lambda_l2: 20]
[linear_lambda: 0]
[min_gain_to_split: 0]
[drop_rate: 0.1]
[max_drop: 50]
[skip_drop: 0.5]
[xgboost_dart_mode: 0]
[uniform_drop: 0]
[drop_seed: 11866]
[top_rate: 0.2]
[other_rate: 0.1]
[min_data_per_group: 100]
[max_cat_threshold: 32]
[cat_l2: 10]
[cat_smooth: 10]
[max_cat_to_onehot: 4]
[top_k: 20]
[monotone_constraints: ]
[monotone_constraints_method: basic]
[monotone_penalty: 0]
[feature_contri: ]
[forcedsplits_filename: ]
[refit_decay_rate: 0.9]
[cegb_tradeoff: 1]
[cegb_penalty_split: 0]
[cegb_penalty_feature_lazy: ]
[cegb_penalty_feature_coupled: ]
[path_smooth: 0]
[interaction_constraints: ]
[verbosity: 1]
[saved_feature_importance_type: 0]
[use_quantized_grad: 0]
[num_grad_quant_bins: 4]
[quant_train_renew_leaf: 0]
[stochastic_rounding: 1]
[linear_tree: 0]
[max_bin: 255]
[max_bin_by_feature: ]
[min_data_in_bin: 3]
[bin_construct_sample_cnt: 200000]
[data_random_seed: 20260812]
[is_enable_sparse: 1]
[enable_bundle: 1]
[use_missing: 1]
[zero_as_missing: 0]
[feature_pre_filter: 1]
[pre_partition: 0]
[two_round: 0]
[header: 0]
[label_column: ]
[weight_column: ]
[group_column: ]
[ignore_column: ]
[categorical_feature: ]
[forcedbins_filename: ]
[precise_float_parser: 0]
[parser_config_file: ]
[objective_seed: 16743]
[num_class: 1]
[is_unbalance: 0]
[scale_pos_weight: 1]
[sigmoid: 1]
[boost_from_average: 1]
[reg_sqrt: 0]
[alpha: 0.9]
[fair_c: 1]
[poisson_max_delta_step: 0.7]
[tweedie_variance_power: 1.5]
[lambdarank_truncation_level: 30]
[lambdarank_norm: 1]
[label_gain: ]
[lambdarank_position_bias_regularization: 0]
[eval_at: ]
[multi_error_top_k: 1]
[auc_mu_weights: ]
[num_machines: 1]
[local_listen_port: 12400]
[time_out: 120]
[machine_list_filename: ]
[machines: ]
[gpu_platform_id: -1]
[gpu_device_id: -1]
[gpu_device_id_list: ]
[gpu_use_dp: 0]
[num_gpu: 1]

end of parameters

pandas_categorical:null
