tree
version=v4
num_class=1
num_tree_per_iteration=1
label_index=0
max_feature_idx=359
objective=regression
feature_names=CLOSE59 CLOSE58 CLOSE57 CLOSE56 CLOSE55 CLOSE54 CLOSE53 CLOSE52 CLOSE51 CLOSE50 CLOSE49 CLOSE48 CLOSE47 CLOSE46 CLOSE45 CLOSE44 CLOSE43 CLOSE42 CLOSE41 CLOSE40 CLOSE39 CLOSE38 CLOSE37 CLOSE36 CLOSE35 CLOSE34 CLOSE33 CLOSE32 CLOSE31 CLOSE30 CLOSE29 CLOSE28 CLOSE27 CLOSE26 CLOSE25 CLOSE24 CLOSE23 CLOSE22 CLOSE21 CLOSE20 CLOSE19 CLOSE18 CLOSE17 CLOSE16 CLOSE15 CLOSE14 CLOSE13 CLOSE12 CLOSE11 CLOSE10 CLOSE9 CLOSE8 CLOSE7 CLOSE6 CLOSE5 CLOSE4 CLOSE3 CLOSE2 CLOSE1 CLOSE0 OPEN59 OPEN58 OPEN57 OPEN56 OPEN55 OPEN54 OPEN53 OPEN52 OPEN51 OPEN50 OPEN49 OPEN48 OPEN47 OPEN46 OPEN45 OPEN44 OPEN43 OPEN42 OPEN41 OPEN40 OPEN39 OPEN38 OPEN37 OPEN36 OPEN35 OPEN34 OPEN33 OPEN32 OPEN31 OPEN30 OPEN29 OPEN28 OPEN27 OPEN26 OPEN25 OPEN24 OPEN23 OPEN22 OPEN21 OPEN20 OPEN19 OPEN18 OPEN17 OPEN16 OPEN15 OPEN14 OPEN13 OPEN12 OPEN11 OPEN10 OPEN9 OPEN8 OPEN7 OPEN6 OPEN5 OPEN4 OPEN3 OPEN2 OPEN1 OPEN0 HIGH59 HIGH58 HIGH57 HIGH56 HIGH55 HIGH54 HIGH53 HIGH52 HIGH51 HIGH50 HIGH49 HIGH48 HIGH47 HIGH46 HIGH45 HIGH44 HIGH43 HIGH42 HIGH41 HIGH40 HIGH39 HIGH38 HIGH37 HIGH36 HIGH35 HIGH34 HIGH33 HIGH32 HIGH31 HIGH30 HIGH29 HIGH28 HIGH27 HIGH26 HIGH25 HIGH24 HIGH23 HIGH22 HIGH21 HIGH20 HIGH19 HIGH18 HIGH17 HIGH16 HIGH15 HIGH14 HIGH13 HIGH12 HIGH11 HIGH10 HIGH9 HIGH8 HIGH7 HIGH6 HIGH5 HIGH4 HIGH3 HIGH2 HIGH1 HIGH0 LOW59 LOW58 LOW57 LOW56 LOW55 LOW54 LOW53 LOW52 LOW51 LOW50 LOW49 LOW48 LOW47 LOW46 LOW45 LOW44 LOW43 LOW42 LOW41 LOW40 LOW39 LOW38 LOW37 LOW36 LOW35 LOW34 LOW33 LOW32 LOW31 LOW30 LOW29 LOW28 LOW27 LOW26 LOW25 LOW24 LOW23 LOW22 LOW21 LOW20 LOW19 LOW18 LOW17 LOW16 LOW15 LOW14 LOW13 LOW12 LOW11 LOW10 LOW9 LOW8 LOW7 LOW6 LOW5 LOW4 LOW3 LOW2 LOW1 LOW0 VWAP59 VWAP58 VWAP57 VWAP56 VWAP55 VWAP54 VWAP53 VWAP52 VWAP51 VWAP50 VWAP49 VWAP48 VWAP47 VWAP46 VWAP45 VWAP44 VWAP43 VWAP42 VWAP41 VWAP40 VWAP39 VWAP38 VWAP37 VWAP36 VWAP35 VWAP34 VWAP33 VWAP32 VWAP31 VWAP30 VWAP29 VWAP28 VWAP27 VWAP26 VWAP25 VWAP24 VWAP23 VWAP22 VWAP21 VWAP20 VWAP19 VWAP18 VWAP17 VWAP16 VWAP15 VWAP14 VWAP13 VWAP12 VWAP11 VWAP10 VWAP9 VWAP8 VWAP7 VWAP6 VWAP5 VWAP4 VWAP3 VWAP2 VWAP1 VWAP0 VOLUME59 VOLUME58 VOLUME57 VOLUME56 VOLUME55 VOLUME54 VOLUME53 VOLUME52 VOLUME51 VOLUME50 VOLUME49 VOLUME48 VOLUME47 VOLUME46 VOLUME45 VOLUME44 VOLUME43 VOLUME42 VOLUME41 VOLUME40 VOLUME39 VOLUME38 VOLUME37 VOLUME36 VOLUME35 VOLUME34 VOLUME33 VOLUME32 VOLUME31 VOLUME30 VOLUME29 VOLUME28 VOLUME27 VOLUME26 VOLUME25 VOLUME24 VOLUME23 VOLUME22 VOLUME21 VOLUME20 VOLUME19 VOLUME18 VOLUME17 VOLUME16 VOLUME15 VOLUME14 VOLUME13 VOLUME12 VOLUME11 VOLUME10 VOLUME9 VOLUME8 VOLUME7 VOLUME6 VOLUME5 VOLUME4 VOLUME3 VOLUME2 VOLUME1 VOLUME0
feature_infos=[-4.4904155731201172:12.207799911499023] [-4.5232486724853516:12.317498207092285] [-4.5596213340759277:12.828096389770508] [-4.6336784362792969:11.230463981628418] [-4.6511387825012207:9.5628328323364258] [-4.7200074195861816:11.414474487304688] [-4.6992378234863281:9.6098718643188477] [-4.8582911491394043:9.3752841949462891] [-4.9000072479248047:9.9280281066894531] [-4.896306037902832:11.904008865356445] [-4.9988784790039062:14.104987144470215] [-5.0850915908813477:14.119842529296875] [-5.0747823715209961:13.772034645080566] [-5.1256499290466309:16.204652786254883] [-5.2347016334533691:13.829370498657227] [-5.2960891723632812:11.665279388427734] [-5.2903070449829102:9.6957082748413086] [-5.2237458229064941:11.266861915588379] [-5.377655029296875:10.175777435302734] [-5.3856625556945801:8.7040243148803711] [-5.4613652229309082:7.8706173896789551] [-5.4363861083984375:8.6125421524047852] [-5.5281996726989746:10.193233489990234] [-5.6301445960998535:12.366391181945801] [-5.6593670845031738:12.926149368286133] [-5.7637081146240234:15.240093231201172] [-5.8010082244873047:12.846419334411621] [-5.9480853080749512:13.291098594665527] [-6.008112907409668:15.886442184448242] [-5.9089851379394531:18.826955795288086] [-5.9339718818664551:22.135293960571289] [-6.0201334953308105:19.116195678710938] [-5.7380666732788086:16.326665878295898] [-5.8209037780761719:19.41926383972168] [-5.7307333946228027:16.624153137207031] [-5.9011273384094238:17.179410934448242] [-6.0772461891174316:14.563096046447754] [-6.1608285903930664:13.83275032043457] [-6.3581118583679199:12.99347972869873] [-6.4696846008300781:13.138708114624023] [-6.7489876747131348:12.596780776977539] [-6.9109148979187012:12.885946273803711] [-6.8769254684448242:13.091307640075684] [-6.9186525344848633:13.254171371459961] [-7.1225705146789551:13.551502227783203] [-7.2040390968322754:13.064685821533203] [-7.4665942192077637:13.749843597412109] [-7.6629085540771484:13.28919792175293] [-8.0684852600097656:12.57823371887207] [-8.5505504608154297:12.936747550964355] [-9.04193115234375:13.933615684509277] [-9.5043439865112305:13.491730690002441] [-10.170346260070801:13.854236602783203] [-10.937721252441406:12.984281539916992] [-11.082827568054199:18.256818771362305] [-12.073580741882324:15.396571159362793] [-13.290007591247559:13.083724975585938] [-12.767669677734375:11.748091697692871] [-9.9642553329467773:14.820465087890625] [0:1] [-4.5060877799987793:10.705911636352539] [-4.4776420593261719:10.959723472595215] [-4.515477180480957:11.38120174407959] [-4.5564994812011719:10.736789703369141] [-4.625274658203125:9.7896089553833008] [-4.6482138633728027:10.053220748901367] [-4.7114391326904297:9.4435482025146484] [-4.7027239799499512:9.4323110580444336] [-4.8496193885803223:9.4201259613037109] [-4.9042034149169922:9.3488006591796875] [-4.9245200157165527:12.511114120483398] [-4.9960603713989258:12.523300170898438] [-5.0765318870544434:12.193946838378906] [-5.0853605270385742:14.438279151916504] [-5.155064582824707:13.691545486450195] [-5.2324051856994629:11.543551445007324] [-5.3199162483215332:9.5886726379394531] [-5.2885246276855469:8.125065803527832] [-5.2236328125:9.9871940612792969] [-5.3762741088867188:8.426274299621582] [-5.425600528717041:8.7311592102050781] [-5.4177160263061523:7.4519734382629395] [-5.3963432312011719:8.3741331100463867] [-5.5605716705322266:10.789878845214844] [-5.6501178741455078:11.296235084533691] [-5.6563630104064941:13.41217041015625] [-5.7210769653320312:12.685262680053711] [-5.7975735664367676:11.593866348266602] [-5.9451594352722168:13.167995452880859] [-5.9782185554504395:15.059138298034668] [-5.9085993766784668:19.713329315185547] [-5.9347414970397949:18.833087921142578] [-5.9563493728637695:16.093364715576172] [-5.7373237609863281:17.154552459716797] [-5.7753462791442871:16.340280532836914] [-5.7046017646789551:15.01935863494873] [-5.9531879425048828:14.277485847473145] [-6.1118583679199219:12.828607559204102] [-6.1671147346496582:12.212607383728027] [-6.3014988899230957:12.68026065826416] [-6.4790725708007812:12.905065536499023] [-6.7568697929382324:12.641118049621582] [-6.8751320838928223:12.868398666381836] [-6.8767905235290527:13.12968635559082] [-6.9294295310974121:13.376042366027832] [-7.0387058258056641:13.59478759765625] [-7.2207942008972168:13.078981399536133] [-7.5001106262207031:13.548933029174805] [-7.6675534248352051:13.344855308532715] [-8.1018466949462891:12.726864814758301] [-8.5933170318603516:13.178141593933105] [-8.9368419647216797:14.152790069580078] [-9.4647960662841797:12.235870361328125] [-10.281223297119141:10.901738166809082] [-10.901007652282715:11.066193580627441] [-11.103601455688477:13.903392791748047] [-12.210824012756348:11.473542213439941] [-13.163003921508789:12.69507884979248] [-12.045253753662109:13.387150764465332] [-11.330784797668457:13.05804443359375] [-4.4694552421569824:12.364547729492188] [-4.5065441131591797:12.475584030151367] [-4.5342764854431152:12.552258491516113] [-4.614220142364502:11.467157363891602] [-4.6605353355407715:9.7191200256347656] [-4.7014274597167969:11.157842636108398] [-4.6744346618652344:9.7485008239746094] [-4.7516059875488281:9.3603830337524414] [-4.8161330223083496:9.6873931884765625] [-4.879483699798584:11.628432273864746] [-4.950554370880127:13.794612884521484] [-5.0396823883056641:13.809728622436523] [-5.0407071113586426:13.465097427368164] [-5.1080689430236816:15.858750343322754] [-5.1834869384765625:13.516513824462891] [-5.2806301116943359:11.381366729736328] [-5.2730488777160645:9.4378576278686523] [-5.1841301918029785:11.404111862182617] [-5.260861873626709:10.971304893493652] [-5.3813142776489258:10.426162719726562] [-5.4248251914978027:8.6595821380615234] [-5.4215583801269531:8.6486663818359375] [-5.4711065292358398:9.9189023971557617] [-5.5930747985839844:12.057721138000488] [-5.6625690460205078:12.601513862609863] [-5.7410435676574707:14.864160537719727] [-5.7670345306396484:12.517831802368164] [-5.8784995079040527:12.960195541381836] [-6.0144743919372559:15.515985488891602] [-5.9076542854309082:18.397211074829102] [-5.9397273063659668:21.642131805419922] [-5.9762492179870605:18.663383483886719] [-5.7502484321594238:15.929986953735352] [-5.8212075233459473:18.964868545532227] [-5.6945705413818359:16.203899383544922] [-5.7385001182556152:16.747577667236328] [-6.0227470397949219:15.105884552001953] [-6.1280398368835449:13.969944953918457] [-6.3203849792480469:13.583281517028809] [-6.4115762710571289:13.272178649902344] [-6.6393833160400391:12.917142868041992] [-6.9075002670288086:12.775017738342285] [-6.8597655296325684:12.863348960876465] [-6.9257116317749023:13.397958755493164] [-7.0508217811584473:13.689351081848145] [-7.1778035163879395:13.560194969177246] [-7.4344058036804199:13.299524307250977] [-7.6260838508605957:13.969143867492676] [-7.8991255760192871:13.379057884216309] [-8.4126701354980469:13.358641624450684] [-8.9342136383056641:13.383628845214844] [-9.3077974319458008:14.836186408996582] [-9.9708642959594727:13.20805549621582] [-10.729340553283691:12.717198371887207] [-10.871740341186523:17.252283096313477] [-11.412809371948242:14.353494644165039] [-12.802080154418945:12.82408332824707] [-12.016819953918457:17.571023941040039] [-8.8328723907470703:16.732889175415039] [-0.9664994478225708:18.150262832641602] [-4.509951114654541:10.970551490783691] [-4.4893026351928711:10.572331428527832] [-4.5212345123291016:11.663507461547852] [-4.6033682823181152:11.011089324951172] [-4.6560182571411133:9.5434284210205078] [-4.6723294258117676:10.316717147827148] [-4.7199673652648926:9.7006664276123047] [-4.8146672248840332:9.3147363662719727] [-4.8514189720153809:9.1351890563964844] [-4.8982100486755371:9.6126041412353516] [-4.9627609252929688:12.835577011108398] [-5.0531826019287109:12.846935272216797] [-5.0791473388671875:12.513778686523438] [-5.0944623947143555:14.802810668945312] [-5.1988992691040039:14.052196502685547] [-5.2982311248779297:11.868125915527344] [-5.3243680000305176:9.8822784423828125] [-5.2925944328308105:8.0626363754272461] [-5.3336315155029297:9.5021562576293945] [-5.3936553001403809:8.678898811340332] [-5.4276752471923828:7.3090300559997559] [-5.4547786712646484:7.4885468482971191] [-5.4678592681884766:8.3379850387573242] [-5.6112656593322754:11.115287780761719] [-5.7098345756530762:11.634455680847168] [-5.7502040863037109:13.802389144897461] [-5.7573409080505371:13.060978889465332] [-5.8767204284667969:11.949478149414062] [-6.0333976745605469:13.344522476196289] [-6.0230088233947754:15.493541717529297] [-5.9386749267578125:20.259696960449219] [-5.9732193946838379:19.366657257080078] [-6.0415310859680176:16.565855026245117] [-5.8352794647216797:17.650793075561523] [-5.842282772064209:16.832828521728516] [-5.8002214431762695:15.490848541259766] [-6.0294156074523926:14.7484130859375] [-6.2035160064697266:12.3193359375] [-6.2449593544006348:11.640876770019531] [-6.3707242012023926:12.700116157531738] [-6.6030707359313965:12.507758140563965] [-6.8974943161010742:12.737316131591797] [-6.9426660537719727:12.919164657592773] [-6.8843932151794434:13.194018363952637] [-6.9864888191223145:13.271907806396484] [-7.1765751838684082:12.282461166381836] [-7.3374285697937012:12.516636848449707] [-7.5778088569641113:13.330254554748535] [-7.8059706687927246:11.930482864379883] [-8.3610620498657227:11.968048095703125] [-8.7595834732055664:12.861322402954102] [-9.2837324142456055:13.049732208251953] [-9.9335489273071289:10.72990894317627] [-10.472552299499512:10.996842384338379] [-11.284056663513184:10.400058746337891] [-11.82917594909668:15.071050643920898] [-13.020894050598145:12.20367431640625] [-14.091683387756348:9.2834072113037109] [-17.09532356262207:9.2433996200561523] [-18.621809005737305:0.97749477624893188] [-4.4851565361022949:11.250247001647949] [-4.4998044967651367:11.140832901000977] [-4.5257129669189453:12.130561828613281] [-4.6108927726745605:10.811211585998535] [-4.6575088500976562:9.3570899963378906] [-4.695035457611084:10.758352279663086] [-4.7102055549621582:9.5577478408813477] [-4.7844686508178711:9.3146648406982422] [-4.8468632698059082:9.1570854187011719] [-4.8921751976013184:10.64986515045166] [-4.9702982902526855:13.342713356018066] [-5.0465164184570312:13.356831550598145] [-5.0750961303710938:13.01786994934082] [-5.108086109161377:15.364109039306641] [-5.2056975364685059:13.80452823638916] [-5.2899789810180664:11.642142295837402] [-5.3154764175415039:9.6744718551635742] [-5.2443265914916992:9.6650094985961914] [-5.3128485679626465:10.191084861755371] [-5.3990697860717773:9.0887775421142578] [-5.4501681327819824:8.1712169647216797] [-5.4283246994018555:8.075596809387207] [-5.4640283584594727:8.9648656845092773] [-5.6155581474304199:11.617894172668457] [-5.6817092895507812:12.15272331237793] [-5.7364325523376465:14.375732421875] [-5.7794094085693359:12.817586898803711] [-5.8947405815124512:12.484643936157227] [-6.0207681655883789:14.530891418457031] [-5.9752917289733887:17.006471633911133] [-5.9518251419067383:21.013839721679688] [-5.9984264373779297:19.063619613647461] [-5.8605942726135254:16.288663864135742] [-5.8234906196594238:18.369888305664062] [-5.769096851348877:16.566127777099609] [-5.8080649375915527:16.17707633972168] [-6.0472779273986816:14.500238418579102] [-6.1795253753662109:12.158082008361816] [-6.3032870292663574:12.574977874755859] [-6.4212551116943359:13.015398979187012] [-6.6533603668212891:12.803818702697754] [-6.9075193405151367:12.833154678344727] [-6.9041876792907715:12.909438133239746] [-6.9317159652709961:13.225727081298828] [-7.0699520111083984:13.564881324768066] [-7.1657681465148926:13.076746940612793] [-7.4217629432678223:12.957056045532227] [-7.6558694839477539:13.652429580688477] [-7.9180240631103516:12.703413963317871] [-8.4232568740844727:12.459072113037109] [-8.9301271438598633:13.267132759094238] [-9.3723907470703125:14.0672607421875] [-10.001141548156738:11.75190258026123] [-10.776379585266113:10.828951835632324] [-11.225838661193848:13.92197322845459] [-11.705896377563477:15.008130073547363] [-13.201790809631348:12.156516075134277] [-13.247754096984863:12.385733604431152] [-12.01241397857666:11.325177192687988] [-11.108595848083496:12.819646835327148] [-0.023151803761720657:320.79556274414062] [-0.023552883416414261:342.58062744140625] [-0.024514675140380859:319.25338745117188] [-0.025893921032547951:317.08056640625] [-0.025641471147537231:420.46987915039062] [-0.036820705980062485:140.58912658691406] [-0.019704068079590797:399.36898803710938] [-0.027579342946410179:149.06684875488281] [-0.032341785728931427:134.7333984375] [-0.029248002916574478:155.65849304199219] [-0.026169661432504654:319.512939453125] [-0.024268930777907372:351.22409057617188] [-0.02471037395298481:370.87823486328125] [-0.022950077429413795:385.64321899414062] [-0.022395225241780281:386.80337524414062] [-0.023825481534004211:379.16131591796875] [-0.015462658368051052:198.29983520507812] [-0.023323949426412582:336.31124877929688] [-0.015774592757225037:234.04183959960938] [-0.018414083868265152:277.28448486328125] [-0.025623979046940804:413.89871215820312] [-0.026942715048789978:458.59365844726562] [-0.022823723033070564:376.15072631835938] [-0.03072655200958252:352.529052734375] [-0.026520777493715286:444.79776000976562] [-0.02059701643884182:385.6285400390625] [-0.026999535039067268:455.86917114257812] [-0.022171834483742714:371.3687744140625] [-0.016349649056792259:462.75802612304688] [-0.024673076346516609:413.50241088867188] [-0.018979929387569427:379.58163452148438] [-0.014445589855313301:267.478759765625] [-0.035802990198135376:390.68917846679688] [-0.019427074119448662:289.63323974609375] [-0.022304005920886993:333.93392944335938] [-0.02372928149998188:377.6591796875] [-0.0097173424437642097:128.033935546875] [-0.022759448736906052:340.16921997070312] [-0.010578913614153862:124.95587921142578] [-0.020813301205635071:412.00271606445312] [-0.013653680682182312:173.86936950683594] [-0.011283853091299534:157.67851257324219] [-0.01480985339730978:225.16484069824219] [-0.017652995884418488:297.6595458984375] [-0.0095784598961472511:167.72279357910156] [-0.011939272284507751:135.77664184570312] [-0.017059490084648132:362.34173583984375] [-0.016829557716846466:191.77696228027344] [-0.012630914337933064:248.39170837402344] [-0.013145782984793186:433.60562133789062] [-0.018381858244538307:197.36744689941406] [-0.0091012157499790192:187.41542053222656] [-0.019375069066882133:449.85595703125] [-0.033517889678478241:157.14990234375] [-0.011998369358479977:467.15005493164062] [-0.010289213620126247:490.4542236328125] [-0.019199203699827194:267.81991577148438] [-0.018684670329093933:22.048089981079102] [-0.047170400619506836:67.832717895507812] [0:1]
tree_sizes=3095 3092 3111 3084 3092 3086 3063 3116 3079 3038 3058 3101

Tree=0
num_leaves=31
num_cat=0
split_feature=93 102 225 113 17 57 204 106 58 1 169 58 133 118 354 122 116 115 232 48 53 51 350 194 284 60 235 216 103 92
split_gain=225.203 172.425 100.187 90.1572 106.837 89.7815 94.3593 94.5924 93.3697 184.336 89.7594 88.9275 89.9317 82.5737 77.9605 74.799 68.9057 65.8781 61.5222 104.164 62.9989 59.5402 70.2405 62.8726 72.8875 51.9102 111.164 63.4501 48.5009 47.9686
threshold=2.130030751228333 0.032469367608428008 -1.0971112251281736 1.5780028104782107 -1.4365394115447996 1.8488304615020754 -1.0199068188667295 -0.93627795577049244 1.8329334855079653 -1.9457365274429319 -0.33548714220523829 -0.92049512267112721 -0.036999087780714028 1.0972082018852236 -1.0000000180025095e-35 -2.676815271377563 0.48106609284877783 -1.3447889685630796 1.7727413177490237 1.7831988930702212 0.55762842297554027 2.281894445419312 -0.010265382938086985 1.4505687952041628 0.36524130403995519 -0.10565035790205 1.0773350000381472 1.2892393469810488 1.7483673691749575 -0.28235475718975062
decision_type=2 2 2 2 2 2 2 2 2 2 2 2 2 2 2 2 2 2 2 2 2 2 2 2 2 2 2 2 2 2
left_child=1 5 10 11 29 8 7 14 21 16 -3 12 -4 17 -7 -15 -10 -13 19 -2 -21 23 -23 24 -1 26 -6 -27 -20 -5
right_child=18 2 3 4 25 6 -8 -9 9 -11 -12 13 -14 15 -16 -17 -18 -19 28 20 -22 22 -24 -25 -26 27 -28 -29 -30 -31
leaf_value=0.0004169404238852022 0.0060413558578449131 0.0005336675144290402 -0.0069001918495957245 0.0034774570064936383 -0.0037998543078414304 2.4775454454345236e-09 -0.00088950681727138412 0.012851165523655389 -0.019897104010543513 2.4775454454345236e-09 0.017674330255379702 0.0040624800394157791 -0.0017278297192345271 0.019985213149566357 0.023144944943132965 -0.0031308981878087191 -0.0024555900421192947 -0.00070159585461275703 -0.0016254578886267688 0.0051745857498951067 -0.0098782599736330582 -0.0036014576053564396 0.018608453447734336 0.0062637142861521047 -0.0030213579900285363 -0.0026750584773557683 0.0074757935896580243 0.0023612242530043504 0.010372711343395838 0.023203252534861676
leaf_weight=234082 2715 715 4422 262 1092 1436 1800 1542 731 2572 471 2631 10322 104 124 15331 346 126758 292 332 727 164 323 1607 5646 4774 2490 4200 2446 268
leaf_count=234082 2715 715 4422 262 1092 1436 1800 1542 731 2572 471 2631 10322 104 124 15331 346 126758 292 332 727 164 323 1607 5646 4774 2490 4200 2446 268
internal_value=-1.0139e-05 -9.59492e-05 -0.000822322 -0.000883974 0.00149871 0.000407216 0.00442386 0.0075891 0.000325429 -0.00441776 0.00776977 -0.00108142 -0.00330668 -0.000852376 0.00210104 -0.00293007 -0.0147142 -0.000601792 0.00551706 0.00289022 -0.00487267 0.000398602 0.0106904 0.000375706 0.000334466 0.000904814 0.00395303 -0.000284619 0.00898186 0.0144785
internal_weight=430725 424213 173840 172654 13086 250373 4902 3102 245471 3649 1186 159568 14744 144824 1560 15435 1077 129389 6512 3774 1059 241822 487 241335 239728 12556 3582 8974 2738 530
internal_count=430725 424213 173840 172654 13086 250373 4902 3102 245471 3649 1186 159568 14744 144824 1560 15435 1077 129389 6512 3774 1059 241822 487 241335 239728 12556 3582 8974 2738 530
is_linear=0
shrinkage=1


Tree=1
num_leaves=31
num_cat=0
split_feature=92 102 158 108 232 173 285 100 58 199 187 294 70 102 277 58 234 172 40 166 173 180 299 178 57 183 295 176 58 229
split_gain=209.909 157.859 114.458 86.5134 83.9817 76.0277 73.721 79.9135 71.0997 117.045 92.5334 69.6695 108.996 91.7154 146.709 109.154 103.735 108.353 79.6374 89.503 75.1865 75.0145 94.1708 70.9681 70.2101 62.702 62.9995 57.581 52.7207 47.7273
threshold=2.1374750137329106 0.032469367608428008 -2.2027825117111202 1.351797938346863 2.221982598304749 0.13526283949613574 -0.93658486008644093 0.24073820561170581 -0.92049512267112721 -0.18771144747734067 -1.3560152053833006 2.4217270612716679 -1.4463362693786619 -2.7113461494445796 -2.2600692510604854 1.5456030368804934 -0.95649337768554676 -0.4322908073663711 -1.9162890911102293 -0.16386903077363965 -2.3356207609176631 -2.6633352041244502 -1.9496388435363767 2.7909538745880131 -0.85053849220275868 0.22907488793134692 1.004308879375458 -1.7604202628135679 1.8329334855079653 1.1045724749565127
decision_type=2 2 2 2 2 2 2 2 2 2 2 2 2 2 2 2 2 2 2 2 2 2 2 2 2 2 2 2 2 2
left_child=1 11 -3 6 5 -2 7 -4 9 -8 -10 13 -13 15 18 16 17 -1 27 -20 -17 22 -16 -23 -18 26 -5 -15 -27 -7
right_child=4 2 3 25 -6 29 8 -9 10 -11 -12 12 -14 14 21 20 24 -19 19 -21 -22 23 -24 -25 -26 28 -28 -29 -30 -31
leaf_value=-0.0019162277242037371 0.0095140581283540398 0.015586076261504253 -0.0041683149833881767 9.4603565176440616e-05 0.01067875364732003 0.0055034842013955646 -0.0080806785309909691 0.013429961244057513 0.0027279085209522625 -0.0015657945534688403 -0.0010485166943191228 0.016096352365400111 -0.00029924091769309782 0.0088335039147771407 0.0077629740588688722 -0.0050824151824259969 0.017532840903918191 -0.015993644234634605 0.01415803003272075 -0.0072454366016063429 -0.025865686018154508 0.00037004444838076512 -0.0062921207027912861 0.0066000798122830091 0.0011039095337889535 0.00041411171108909531 0.005423776086518178 0.0011609176032680729 -0.005612492904178798 -0.0018911401145946473
leaf_weight=4055 1189 363 318 3758 1914 1181 3300 623 6048 10625 133118 631 750 1181 471 453 327 556 1240 172 281 231181 2797 1644 871 9746 4544 3810 1480 2192
leaf_count=4055 1189 363 318 3758 1914 1181 3300 623 6048 10625 133118 631 750 1181 471 453 327 556 1240 172 281 231181 2797 1644 871 9746 4544 3810 1480 2192
internal_value=1.71921e-05 -6.40363e-05 -0.00075891 -0.000796616 0.00536972 0.00303993 -0.0010361 0.00720767 -0.00108967 -0.0031406 -0.000881874 0.000417395 0.00710086 0.000378562 0.000474308 -0.00311489 -0.00165611 -0.00374022 0.00495148 0.0112765 -0.0139119 0.000351204 -0.00414029 0.000415887 0.00604883 0.00107617 0.00305354 0.00306433 -0.000362309 0.000626726
internal_weight=430819 424343 173923 173560 6476 4562 154032 941 153091 13925 139166 250420 1381 249039 242496 6543 5809 4611 6403 1412 734 236093 3268 232825 1198 19528 8302 4991 11226 3373
internal_count=430819 424343 173923 173560 6476 4562 154032 941 153091 13925 139166 250420 1381 249039 242496 6543 5809 4611 6403 1412 734 236093 3268 232825 1198 19528 8302 4991 11226 3373
is_linear=0
shrinkage=0.03


Tree=2
num_leaves=31
num_cat=0
split_feature=232 51 17 211 234 230 95 297 216 236 56 108 105 238 20 156 195 161 230 127 111 102 235 57 46 52 211 64 204 278
split_gain=207.599 158.306 204.956 104.576 136.797 105.39 86.8916 82.7895 79.7905 79.2191 80.9294 79.0724 78.5233 72.1095 90.6345 71.9522 147.626 137.805 71.2704 67.4103 67.0156 61.4685 62.5834 59.7393 58.8479 59.9013 56.6456 55.6399 53.1898 46.2783
threshold=2.221982598304749 0.26576808094978338 1.7066934704780581 -1.4660765528678892 -0.95649337768554676 0.86123588681221019 -1.7624318003654478 -0.41703781485557551 1.6934903264045718 0.43646487593650823 0.79152995347976696 -1.3787566423416135 -0.098640590906143175 -0.82375299930572499 2.1254072189331059 -2.2303527593612666 -2.766782164573669 -2.6826281547546382 0.063436403870582594 1.1450461745262148 -1.7074396610260008 1.3340815305709841 0.73182585835456859 -1.192717909812927 -0.19870683550834653 -1.1268028020858762 0.65902352333068859 0.18891683220863345 0.55402153730392467 0.53815796971321117
decision_type=2 2 2 2 2 2 2 2 2 2 2 2 2 2 2 2 2 2 2 2 2 2 2 2 2 2 2 2 2 2
left_child=1 2 9 4 -3 7 -5 11 27 10 15 -6 -9 14 18 17 -17 -1 -8 24 -12 26 -23 -4 -11 -26 -15 -2 -21 -25
right_child=8 3 23 6 5 -7 13 12 -10 19 20 -13 -14 21 -16 16 -18 -19 -20 28 -22 22 -24 29 25 -27 -28 -29 -30 -31
leaf_value=-0.0012124308165894731 0.0052396936761852763 -0.011062249728587048 -0.00057758151892163534 0.016976220118931105 0.010571721079347784 0.016028774300236335 -0.010897627553506619 0.009197378472238428 0.0089393479984670211 0.0030023378360182068 -0.01408637056099251 -0.0099676032950999013 -0.0025953493519128411 -0.00071879417473006508 0.0054858825935567256 -0.0075573650941568983 4.1180084154744102e-05 0.0056678444885936768 -0.0032197368211655747 -0.01166347620694675 -0.0024306038917335316 -0.0014414844295303052 0.0026713951037775113 0.0020598255525842899 0.017706832304773098 0.00050152822004144936 -0.0023063883624979162 -0.0023976191223132027 -0.0005184863315390901 0.011747529505709075
leaf_weight=4734 2062 480 581 217 195 692 1270 1771 2991 17567 580 652 650 75317 909 2304 230343 5673 9511 556 2147 5535 8084 676 165 22120 28166 1383 1363 2084
leaf_count=4734 2062 480 581 217 195 692 1270 1771 2991 17567 580 652 650 75317 909 2304 230343 5673 9511 556 2147 5535 8084 676 165 22120 28166 1383 1363 2084
internal_value=-5.46278e-07 -8.24694e-05 0.000309223 -0.00093845 0.00356271 0.00545749 -0.00109622 0.00304389 0.00533791 0.000222044 1.54892e-05 -0.00475814 0.00591299 -0.00113163 -0.0033859 7.45707e-05 -3.34252e-05 0.00251301 -0.00417047 0.00142965 -0.00510336 -0.000903486 0.00097819 0.00767727 0.00169998 0.00065813 -0.00115417 0.00209096 -0.00398929 0.00951455
internal_weight=430778 424342 290893 133449 4440 3960 129009 3268 6436 287552 245781 847 2421 128792 11690 243054 232647 10407 10781 41771 2727 117102 13619 3341 39852 22285 103483 3445 1919 2760
internal_count=430778 424342 290893 133449 4440 3960 129009 3268 6436 287552 245781 847 2421 128792 11690 243054 232647 10407 10781 41771 2727 117102 13619 3341 39852 22285 103483 3445 1919 2760
is_linear=0
shrinkage=0.03


Tree=3
num_leaves=31
num_cat=0
split_feature=93 102 218 57 58 180 204 165 55 113 17 44 114 58 199 115 284 26 171 26 339 58 37 232 48 31 211 118 75 18
split_gain=217.895 160.456 94.0101 79.4682 110.255 178.004 92.9514 87.2856 79.738 79.1382 103.307 74.5792 71.5908 67.5764 98.8473 66.543 64.2761 78.9308 58.0513 65.6767 57.5823 126.721 85.7791 55.0085 69.4346 54.3523 48.3149 47.458 46.6096 45.5063
threshold=2.130030751228333 0.032469367608428008 -2.7554876804351802 1.8488304615020754 1.8329334855079653 -2.1458063125610347 -1.0199068188667295 -1.3802581429481504 0.22644875198602679 1.5780028104782107 -1.4365394115447996 -1.0980625152587888 2.4082204103469853 -1.0032100677490232 -0.18771144747734067 -1.3447889685630796 0.36524130403995519 -0.75373458862304676 0.49566279351711279 -0.43628141283988947 -0.019589143805205819 -2.5155920982360835 -2.2530168294906612 2.221982598304749 1.7831988930702212 -0.14011123776435849 -1.8027692437171934 1.0000014305114748 -1.4362851977348325 -1.9018019437789915
decision_type=2 2 2 2 2 2 2 2 2 2 2 2 2 2 2 2 2 2 2 2 2 2 2 2 2 2 2 2 2 2
left_child=1 3 -3 4 16 8 7 12 -6 11 25 -4 28 14 -13 -15 20 29 -12 -20 21 -1 -22 24 -2 -11 -9 -26 -5 -18
right_child=23 2 9 6 5 -7 -8 26 -10 10 18 13 -14 15 -16 -17 17 -19 19 -21 22 -23 -24 -25 27 -27 -28 -29 -30 -31
leaf_value=-0.015218017026485113 0.0062613914293198321 0.016359538416133114 0.011092391363169949 -0.0057582306260825136 -0.023040798459808789 -0.0010077712777429792 -0.0011051823603148508 0.020720031706118726 -0.0026169759315377641 0.0034590203143307009 0.02162683389590029 -0.0079897710388674523 0.019964294340673157 0.0036669074058723306 -0.0016701992853629835 -0.00096245987454777202 -0.0011838750311851567 -0.00032741241392587406 -0.0078052664680086075 0.001148707775153265 0.0033250204016212919 -0.00077318922513421257 0.00040748439657869621 0.0097415111550216583 0.0038086230488901265 0.023451492012480056 0.0082259897241806646 -0.0063260390349638967 0.0081132435148813884 -0.011679609999385084
leaf_weight=623 2904 265 432 780 570 2818 1787 418 301 304 100 2941 134 2805 9887 144298 664 4080 762 11686 9477 4053 222063 1939 753 263 1457 843 269 1107
leaf_count=623 2904 265 432 780 570 2818 1787 418 301 304 100 2941 134 2805 9887 144298 664 4080 762 11686 9477 4053 222063 1939 753 263 1457 843 269 1107
internal_value=-2.16499e-05 -0.000105578 -0.000806694 0.000379338 0.000302834 -0.00482453 0.00418104 0.00735471 -0.0165366 -0.000836529 0.0013929 -0.00102088 0.000675515 -0.00105686 -0.00315258 -0.00087166 0.000382605 -0.0027108 0.00079076 0.000564891 0.00046072 -0.00281823 0.000528472 0.00544614 0.00349403 0.0137266 0.0113589 -0.00137086 -0.00183523 -0.00796912
internal_weight=430783 424344 173743 250601 245756 3689 4845 3058 871 173478 13115 160363 1183 159931 12828 147103 242067 5851 12548 12448 236216 4676 231540 6439 4500 567 1875 1596 1049 1771
internal_count=430783 424344 173743 250601 245756 3689 4845 3058 871 173478 13115 160363 1183 159931 12828 147103 242067 5851 12548 12448 236216 4676 231540 6439 4500 567 1875 1596 1049 1771
is_linear=0
shrinkage=0.03


Tree=4
num_leaves=31
num_cat=0
split_feature=93 41 46 112 78 234 32 100 37 56 115 238 39 50 112 101 172 36 113 315 36 177 187 232 48 113 234 180 148 161
split_gain=198.367 133.678 80.5624 84.779 113.395 76.5201 159.533 87.1825 171.801 123.242 94.4927 75.0312 74.3357 73.5757 72.9888 71.6198 105.957 70.1218 63.5903 59.6162 58.5782 66.1835 87.0038 57.4533 52.9797 52.062 97.4718 50.9544 73.9883 49.5965
threshold=2.130030751228333 0.034871647134423263 1.0693333745002749 0.55633777379989635 1.7102169990539553 1.5133866071701052 -2.0222367048263545 -2.705623865127563 -2.2530168294906612 0.61771050095558178 0.032761592417955405 -1.0019005537033079 -2.2524229288101192 -1.0000000180025095e-35 -0.36884294450283045 -1.5018765330314634 -1.4305522441864011 -2.7375241518020625 1.2345191240310671 -0.020934008993208405 1.288273870944977 1.2911464571952822 -1.2571895718574522 2.221982598304749 1.7831988930702212 -0.59387534856796254 -0.37559981644153589 -0.17104488611221311 0.55049294233322155 1.1936687231063845
decision_type=2 2 2 2 2 2 2 2 2 2 2 2 2 2 2 2 2 2 2 2 2 2 2 2 2 2 2 2 2 2
left_child=1 5 3 4 18 7 -7 9 15 10 14 -6 -10 -13 -1 19 -17 -14 29 -9 21 -5 -23 24 -2 -4 -27 28 -28 -3
right_child=23 2 25 20 11 6 -8 8 12 -11 -12 13 17 -15 -16 16 -18 -19 -20 -21 -22 22 -24 -25 -26 26 27 -29 -30 -31
leaf_value=-0.001278391589030835 0.0055973772611975434 -0.0006249949657581588 0.0070695090669981734 -0.0023395348502250725 -0.0036036512502648221 0.020193151879375152 0.0019577561218212434 -0.00095424904108646063 -0.0053502292639580357 -0.013813078219315598 0.01032551146443941 0.015081763214821809 0.019871124880240214 0.0021619254914590036 -0.011872909521822943 0.034751608067676007 0.0071039937721170026 0.00027947607039233461 0.011329270571882204 0.0058863781815245179 -0.006074321734057535 0.012476596992313195 -6.6275882330374768e-06 0.0095385879874292576 -0.0010393273370353168 -0.0058060227912916495 0.00037618614366141423 0.00010434891498008646 0.0066667333493248809 -0.0038786901000970844
leaf_weight=4474 2934 91808 1068 33028 500 498 2974 1504 2094 833 523 886 145 830 674 159 624 233630 369 3965 3277 540 4437 1957 1593 2113 4155 22143 2943 4449
leaf_count=4474 2934 91808 1068 33028 500 498 2974 1504 2094 833 523 886 145 830 674 159 624 233630 369 3965 3277 540 4437 1957 1593 2113 4155 22143 2943 4449
internal_value=-1.48214e-05 -9.51488e-05 -0.000739042 -0.00105162 -0.000570401 0.000344393 0.0047599 0.000281147 0.000374436 -0.00313622 -0.00147217 0.00609473 0.000242775 0.00910237 -0.0027641 0.00527718 0.0138176 0.00029461 -0.000727592 0.0039539 -0.0021957 -0.00185035 0.00133227 0.00518389 0.00320172 0.000602434 0.00036822 0.000828297 0.00303795 -0.000779271
internal_weight=431127 424643 172546 140124 98842 252097 3472 248625 242121 6504 5671 2216 235869 1716 5148 6252 783 233775 96626 5469 41282 38005 4977 6484 4527 32422 31354 29241 7098 96257
internal_count=431127 424643 172546 140124 98842 252097 3472 248625 242121 6504 5671 2216 235869 1716 5148 6252 783 233775 96626 5469 41282 38005 4977 6484 4527 32422 31354 29241 7098 96257
is_linear=0
shrinkage=0.03


Tree=5
num_leaves=31
num_cat=0
split_feature=93 102 158 286 27 224 7 233 26 1 55 296 28 114 112 50 188 93 58 176 58 210 52 215 31 229 51 188 199 298
split_gain=198.096 119.19 91.9022 73.6201 74.3153 73.1059 72.0893 88.7961 73.8711 70.1641 69.6186 110.427 91.5052 147.662 93.7004 87.7762 85.7189 161.41 92.0223 79.5462 73.0074 70.7962 63.875 121.421 85.969 90.0495 81.6737 63.867 62.7763 61.0901
threshold=2.130030751228333 0.032469367608428008 -2.2027825117111202 1.0000000180025095e-35 0.83597683906555187 -0.44346761703491205 -1.4628277420997617 0.78066441416740429 -0.32381965219974512 -1.9457365274429319 -0.041728906333446496 0.28759749233722692 -2.0463681221008296 0.60810735821723949 1.1134459972381594 0.19658003002405169 -2.7325698137283321 -2.0184063911437984 1.0825396776199343 0.65131559967994701 -0.92049512267112721 -1.494995594024658 0.16491965949535373 -0.81614032387733448 -1.7994940280914304 -0.10338452830910681 0.37764053046703344 -2.1495976448059078 -1.8932140469551084 -1.0591366887092588
decision_type=2 2 2 2 2 2 2 2 2 2 2 2 2 2 2 2 2 2 2 2 2 2 2 2 2 2 2 2 2 2
left_child=1 10 -3 4 -4 -6 7 8 -5 -9 11 16 13 15 20 19 17 18 -1 -12 -15 -19 23 -14 26 -26 -24 -13 -8 -25
right_child=-2 2 3 6 5 -7 28 9 -10 -11 12 27 22 14 -16 -17 -18 21 -20 -21 -22 -23 24 29 25 -27 -28 -29 -30 -31
leaf_value=0.0014348030254742771 0.0051852382941520846 0.013949508232811035 -0.0026944657291047727 -0.0028691989543392065 0.0094774502634512939 -0.00032007324752418521 -0.017057028300748275 0.017632684087038553 0.0065179383153565213 0.0027341395370641965 0.0056040818689404841 -0.018560448644507826 -0.0012845649104958111 -0.00048656559560185993 -0.0010139557606514509 0.020760102678381992 0.00014463108454649412 -0.018127349361268603 -0.015617012810351308 -0.0051686081247632083 0.019709809412205275 -0.0024757176595577922 0 0.0093124378970505465 -0.0027558442409370901 0.00053275403866307337 0.019958506932725967 -0.0042085359883341335 -0.00055153399608854215 0.0020786992937141262
leaf_weight=2733 6449 362 26031 2008 821 3429 189 576 1172 670 1058 348 10849 156 301 168 152631 832 297 1409 1005 454 326 1092 10147 28218 350 1711 137776 36433
leaf_count=2733 6449 362 26031 2008 821 3429 189 576 1172 670 1058 348 10849 156 301 168 152631 832 297 1409 1005 454 326 1092 10147 28218 350 1711 137776 36433
internal_value=-2.39859e-05 -0.000104251 -0.000710276 -0.000744358 -0.00208993 0.00153785 -0.000455848 0.00329426 0.000515827 0.0100281 0.000313159 -6.44908e-05 0.00097249 0.00535574 0.0129497 0.000963525 2.4588e-05 -0.00413251 -0.000229698 -0.000420081 0.0167798 -0.0129541 0.000762445 0.00149127 -0.000133226 -0.000330201 0.0103029 -0.00693373 -0.000578788 0.00230204
internal_weight=430001 423552 173034 172672 30281 4250 142391 4426 3180 1246 250518 159006 91512 4097 1462 2635 156947 4316 3030 2467 1161 1286 87415 48374 39041 38365 676 2059 137965 37525
internal_count=430001 423552 173034 172672 30281 4250 142391 4426 3180 1246 250518 159006 91512 4097 1462 2635 156947 4316 3030 2467 1161 1286 87415 48374 39041 38365 676 2059 137965 37525
is_linear=0
shrinkage=0.03


Tree=6
num_leaves=31
num_cat=0
split_feature=233 51 23 196 58 219 113 236 282 55 179 70 91 102 230 322 206 153 219 215 109 286 78 208 239 102 44 49 191 60
split_gain=163.302 120.721 184.165 93.5617 105.218 96.1979 83.7828 84.9458 80.026 78.3315 94.0665 98.9669 77.7828 76.9362 81.8461 78.1076 75.9759 72.0467 115.332 68.2187 155.419 75.9695 78.9348 59.3521 58.7985 57.5114 50.7781 60.0387 49.7696 48.0818
threshold=2.2336373329162602 0.19483301788568499 1.4815602302551272 -1.5823876261711118 0.82236281037330639 2.145850777626038 1.5780028104782107 -1.2221473455429075 0.40426760911941534 1.56258761882782 0.26810429990291601 -1.4463362693786619 0.89579671621322643 0.032469367608428008 -0.30731238424777979 -0.021669232286512848 -2.3990422487258907 1.3204712867736819 0.31669665873050695 -1.7701029777526853 -0.30811925232410425 -0.13232814520597455 -1.4328238368034361 -1.8391088247299192 0.47726334631443029 1.1973786354064944 -1.1888772845268247 -0.5241396129131316 1.2819934487342837 -0.13950841873884198
decision_type=2 2 2 2 2 2 2 2 2 2 2 2 2 2 2 2 2 2 2 2 2 2 2 2 2 2 2 2 2 2
left_child=1 2 9 4 -2 -5 7 16 28 13 -11 -12 17 14 15 -1 -3 23 -19 20 -8 -21 24 -9 -23 -24 -15 -28 -4 -10
right_child=3 6 8 5 -6 -7 19 12 29 10 11 -13 -14 26 -16 -17 -18 18 -20 21 -22 22 25 -25 -26 -27 27 -29 -30 -31
leaf_value=-0.0043274619816762649 -0.0012830635053856718 -0.018560589830004522 -0.0050594572566808769 0.00076576140871503957 0.028547603485221829 0.0086846293647791194 -0.0059493962278503705 0.0043612336834362771 0.021156709343992323 -0.0030707148684596176 0.017384148107912344 0.0019328507408195019 -0.0023456486790715413 0.011353703141847455 0.0012528880657030205 0.00011432984648299851 -0.0038897611180562135 0.031967648546398143 0.0023127917108602398 -0.0077197988288708738 0.028378983664174132 0.016883520326100656 -0.001274996835209646 -0.00067128444263222478 0 0.003061690727934792 -0.0027948303622725434 -0.00038454703153325762 0.0053051766894464426 0.0074369679779764447
leaf_weight=3645 135 351 734 3928 275 2197 186 2120 272 700 770 811 25555 288 71295 127710 3463 134 647 792 240 497 5058 101889 289 5839 11279 55399 898 2950
leaf_count=3645 135 351 734 3928 275 2197 186 2120 272 700 770 811 25555 288 71295 127710 3463 134 647 792 240 497 5058 101889 289 5839 11279 55399 898 2950
internal_value=0 -7.29347e-05 0.000295369 0.00469866 0.0184248 0.00367405 -0.000768027 -0.000991476 0.00607732 0.000190605 0.00570568 0.00976869 -0.000859136 0.000142414 0.000434662 -7.28294e-06 -0.00540793 -0.000493381 0.0084465 0.00153036 0.0131232 0.0010901 0.00172513 -0.000565005 0.0108254 0.00102263 -0.000737364 -0.000797475 0.000457216 0.00881109
internal_weight=430346 423811 276751 6535 410 6125 147060 134159 4854 271897 2281 1581 130345 269616 202650 131355 3814 104790 781 12901 426 12475 11683 104009 786 10897 66966 66678 1632 3222
internal_count=430346 423811 276751 6535 410 6125 147060 134159 4854 271897 2281 1581 130345 269616 202650 131355 3814 104790 781 12901 426 12475 11683 104009 786 10897 66966 66678 1632 3222
is_linear=0
shrinkage=0.03


Tree=7
num_leaves=31
num_cat=0
split_feature=232 51 197 215 295 230 236 297 179 148 201 212 162 19 145 64 37 166 153 11 229 186 153 228 299 233 236 112 178 55
split_gain=149.719 148.528 147.725 79.3432 162.752 97.1673 79.2531 79.2551 72.4491 70.5784 68.4625 63.9623 63.5595 90.2798 72.6903 61.9161 71.3185 58.2378 58.5915 79.0986 53.5558 70.0829 190.364 109.933 69.4413 54.9225 77.3252 60.5049 53.4178 48.785
threshold=2.221982598304749 0.26576808094978338 1.7056494355201723 -1.583437919616699 -0.95012611150741566 0.49429468810558325 0.40097747743129736 0.50958481431007396 -0.5938742160797118 0.99496337771415722 2.0775796175003056 2.1108124256134038 1.0000000180025095e-35 -0.45438404381275171 0.18277643620967868 -1.7671728730201719 -2.2530168294906612 -0.19434989988803861 1.0766744017601015 -0.22200883179903028 -0.10338452830910681 -2.3869847059249873 0.70284727215766918 0.39937090873718267 -0.065343398600816713 0.78066441416740429 -2.5898666381835933 0.55633777379989635 0.92924508452415477 0.030463508330285553
decision_type=2 2 2 2 2 2 2 2 2 2 2 2 2 2 2 2 2 2 2 2 2 2 2 2 2 2 2 2 2 2
left_child=1 2 6 4 -3 -6 7 12 -7 -4 -11 -2 14 -14 -1 -9 -17 29 28 -20 24 22 23 -22 -5 27 -27 -23 -19 -8
right_child=11 3 9 20 5 8 17 15 -10 10 -12 -13 13 -15 -16 16 -18 18 19 -21 21 25 -24 -25 -26 26 -28 -29 -30 -31
leaf_value=0.00067882311413367707 0.0025450383754049921 -0.010962645739664351 -0.0031358800994453068 -0.0063772000843612181 0.002616042705401344 -0.0034359167959516893 -0.0043525977545913943 -0.0074682881348909855 0.018308744255846627 0.012460298200189132 0.0018388622966890652 0.0093041657548680132 -0.0034908112465867661 -0.00018072577424420354 -0.0012053725116402164 0.01065327298197654 -0.0019481304848655828 0.00064685456945894006 0.020631933547793465 0.0026707769012342683 -0.010637531323811492 -0.00062464809501027092 0.033914136034400147 0.010790508033298365 -0.00093160973208015585 -0.017034022288900785 -9.4488441916036365e-05 -0.002457224986053766 -0.0032226236637311729 0.0028687499331379223
leaf_weight=153388 4563 551 482 3726 2069 134 829 1817 752 1671 925 1851 8830 47286 20826 397 9322 19023 255 1500 387 35767 172 435 5194 224 53548 30563 3842 20268
leaf_count=153388 4563 551 482 3726 2069 134 829 1817 752 1671 925 1851 8830 47286 20826 397 9322 19023 255 1500 387 35767 172 435 5194 224 53548 30563 3842 20268
internal_value=2.26234e-05 -4.55677e-05 0.000334166 -0.000874374 0.00354806 0.00641013 0.000262869 4.50226e-05 0.0146857 0.00685406 0.00883337 0.00456512 0.00016786 -0.000707979 0.000451747 -0.00237766 -0.00138177 0.0014083 0.000402015 0.0056526 -0.000996464 -0.000827552 0.00699381 0.000332786 -0.00324904 -0.000895935 -0.000176938 -0.00147406 0 0.00256693
internal_weight=430597 424183 290661 133522 3506 2955 287583 241866 886 3078 2596 6414 230330 56116 174214 11536 9719 45717 24620 1755 130016 121096 994 822 8920 120102 53772 66330 22865 21097
internal_count=430597 424183 290661 133522 3506 2955 287583 241866 886 3078 2596 6414 230330 56116 174214 11536 9719 45717 24620 1755 130016 121096 994 822 8920 120102 53772 66330 22865 21097
is_linear=0
shrinkage=0.03


Tree=8
num_leaves=31
num_cat=0
split_feature=233 51 203 136 42 58 232 211 48 233 205 239 187 95 146 200 238 57 221 55 274 222 36 351 33 176 44 238 9 63
split_gain=161.983 121.204 164.597 104.084 94.391 84.0555 76.7658 63.6682 121.251 104.751 83.5971 86.7104 82.8274 66.7845 63.6155 92.597 74.6405 98.7075 69.592 81.0336 82.1603 78.2708 148.667 98.6708 62.5063 56.5155 56.2024 55.6831 73.0133 65.0406
threshold=2.2336373329162602 0.22915493696928027 1.4654814004898074 -1.5587789416313169 2.1802957057952885 0.89743548631668102 2.221982598304749 -1.4660765528678892 0.23566100001335147 1.1970387697219851 -2.4023662805557247 0.24290601164102557 -2.3926827907562251 -1.7624318003654478 0.18069747835397723 -0.67480155825614918 1.2041857242584231 -0.28957226872444147 0.16894508898258212 1.56258761882782 -0.28114905953407282 -2.7596917152404781 -2.2641438245773311 -0.0075071691535413257 1.060762405395508 0.85632660984992992 -0.12913266569375989 -0.90819689631462086 -0.6161016821861266 -2.6826878786087032
decision_type=2 2 2 2 2 2 2 2 2 2 2 2 2 2 2 2 2 2 2 2 2 2 2 2 2 2 2 2 2 2
left_child=1 2 14 5 -5 -2 7 8 10 12 11 -3 -10 -9 18 -16 17 -17 21 20 -20 23 -23 -1 -18 -4 -12 28 -15 -29
right_child=3 6 25 4 -6 -7 -8 13 9 -11 26 -13 -14 27 15 16 24 -19 19 -21 -22 22 -24 -25 -26 -27 -28 29 -30 -31
leaf_value=-0.0071444572858801883 0 -0.011890479806313949 0.0043290434178000188 0.00033762700847751617 0.0079576138343558367 0.02748690552130011 0.0054092856314126624 0.014440250291638076 0.019759210045740473 0.028344654937441472 0.0048333001029432126 0.010383274209548215 0.00074043043873340739 -0.0078621616021035852 -0.011303878196088213 -0.0017762464326169364 -0.0086123954580106018 0.00071006899831523582 -0.0053371624771729968 0.015264281881556136 -0.00048154827883143802 0.0052444810532115641 0.0005896948893539351 0.00050546657169084797 0.005742574426751839 0.014069682407373434 -0.007016915917751095 0.010280579291383372 -0.0017463549445761461 -0.00086667604009224922
leaf_weight=2569 133 821 4311 3554 2578 290 1752 230 268 223 1900 163 862 2283 707 24422 1643 34679 3736 248 20271 6397 180386 3502 286 648 408 449 8460 122492
leaf_count=2569 133 821 4311 3554 2578 290 1752 230 268 223 1900 163 862 2283 707 24422 1643 34679 3736 248 20271 6397 180386 3502 286 648 408 449 8460 122492
internal_value=2.06095e-05 -5.11285e-05 0.000304706 0.0046938 0.00360542 0.0189191 -0.000772948 -0.000854053 0.00257415 0.0100739 -0.000459861 -0.00776868 0.00577714 -0.000975572 0.000207037 -0.000640566 -0.000508461 -0.000312517 0.000449479 -0.0010598 -0.00125348 0.000640945 0.000751264 -0.00269525 -0.00629307 0.00571352 0.00256731 -0.00100649 -0.0030861 -0.000821859
internal_weight=430671 424116 283805 6555 6132 423 140311 138559 4645 1353 3292 984 1130 133914 278846 61737 61030 59101 217109 24255 24007 192854 186783 6071 1929 4959 2308 133684 10743 122941
internal_count=430671 424116 283805 6555 6132 423 140311 138559 4645 1353 3292 984 1130 133914 278846 61737 61030 59101 217109 24255 24007 192854 186783 6071 1929 4959 2308 133684 10743 122941
is_linear=0
shrinkage=0.03


Tree=9
num_leaves=31
num_cat=0
split_feature=93 161 234 208 100 37 58 112 171 123 21 40 226 109 196 43 226 226 1 143 86 224 47 111 51 97 58 239 108 178
split_gain=159.314 98.2603 89.4071 188.994 98.9982 158.387 114.807 98.775 125.251 81.2826 146.973 75.823 74.9247 70.1547 68.7817 63.747 75.3564 81.2674 108.753 102.713 84.1564 62.0883 60.921 57.3064 56.6904 73.1349 54.753 59.1285 49.3416 68.083
threshold=2.130030751228333 0.1064535714685917 1.1992532610893252 -1.8391088247299192 -2.705623865127563 -2.2530168294906612 1.5456030368804934 -0.73574450612068165 -1.4506793618202207 -2.6826618909835811 -1.6692855954170225 -2.2303539514541622 -0.40556862950325007 -1.7275045514106748 -2.4245680570602413 -0.33134758472442621 -1.439062178134918 0.27953910827636724 -1.9457365274429319 -0.70542764663696278 -1.167672276496887 -1.86801141500473 -2.066302895545959 1.0091433525085451 -1.35371458530426 0.070509757846593871 -0.85038620233535755 0.73776036500930797 0.13264694809913638 -0.09152092412114142
decision_type=2 2 2 2 2 2 2 2 2 2 2 2 2 2 2 2 2 2 2 2 2 2 2 2 2 2 2 2 2 2
left_child=1 2 4 23 6 11 7 8 -1 10 -7 -6 -13 -9 -8 21 -17 24 19 -19 -20 -3 -11 26 25 -18 -4 -28 -23 -30
right_child=-2 15 3 -5 5 9 14 13 -10 22 -12 12 -14 -15 -16 16 17 18 20 -21 -22 28 -24 -25 -26 -27 27 -29 29 -31
leaf_value=-0.002963722104316167 0.0046668858416178778 -0.014657709746242326 0 0.0012879315775623428 0.001885686775051321 -0.001103295618435087 -0.025140166699392608 -0.018371267932827118 0.0081124607966702802 0.0033115280249315792 -0.017140491766813992 0.01027862468681635 -0.0062675716975309111 -0.0033707768226910089 -0.0049758435876456992 0.011229273293120488 -0.0086863391226103155 0.015754074101967309 -0.0094531189156486575 -0.00015453392846869176 -0.00038671515379680075 0.0020663938022715987 0.00016065044585777827 -0.00070372818787582214 -0.0020816715092710739 0.0086393673929653723 0.026340527344092323 0.0079402239944652789 0.022004604813053181 0.002364738500566275
leaf_weight=3256 6488 147 168 5532 3370 2467 312 469 1256 5648 648 2539 236 840 391 447 254 708 913 659 106331 3357 239358 155 42371 907 535 330 281 434
leaf_count=3256 6488 147 168 5532 3370 2467 312 469 1256 5648 648 2539 236 840 391 447 254 708 913 659 106331 3357 239358 155 42371 907 535 330 281 434
internal_value=8.06431e-06 -6.26805e-05 0.00028606 0.00370001 0.000196662 0.000291495 -0.0034431 -0.0019757 7.55398e-05 0.000172209 -0.0046232 0.00504314 0.00872934 -0.00916661 -0.0147878 -0.000659491 -0.000761776 -0.000800449 -0.000357939 0.00797696 -0.000468445 0.00295526 0.000234775 0.0144764 -0.00189694 0.00451197 0.0170092 0.0199978 0.00373294 0.0108802
internal_weight=430807 424319 267510 6720 260790 254266 6524 5821 4512 248121 3115 6145 2775 1309 703 156809 152590 152143 108611 1367 107244 4219 245006 1188 43532 1161 1033 865 4072 715
internal_count=430807 424319 267510 6720 260790 254266 6524 5821 4512 248121 3115 6145 2775 1309 703 156809 152590 152143 108611 1367 107244 4219 245006 1188 43532 1161 1033 865 4072 715
is_linear=0
shrinkage=0.03


Tree=10
num_leaves=31
num_cat=0
split_feature=210 102 125 179 174 280 46 88 102 114 277 40 106 58 173 165 62 228 141 170 162 114 170 285 289 106 225 118 111 297
split_gain=145.713 109.308 81.703 131.65 110.85 75.4641 70.8378 93.5931 66.9104 146.122 136.687 84.789 92.8761 83.8915 119.113 70.5947 68.7539 149.955 131.735 71.9103 102.989 71.841 68.4405 63.7403 62.97 63.9563 59.9276 59.4747 57.6652 55.2721
threshold=2.0998431444168095 0.032469367608428008 -1.9354202747344968 -0.23278751224279401 1.4236027598381045 1.0000000180025095e-35 0.17592184990644458 0.90929841995239269 -2.7113461494445796 0.46475844085216528 -2.2600692510604854 -2.2303539514541622 -0.29717707633972162 1.5456030368804934 -2.3356207609176631 -1.3802581429481504 -2.1417931318283077 1.0883272886276247 -1.5248172879219053 -1.9151962399482725 -1.5928485989570615 -1.3454953432083128 -2.4851945638656612 -1.007837653160095 -1.7175288200378416 1.3090037703514101 0.38847845792770391 1.5456960797309878 -0.29858648777008051 -0.62265515327453602
decision_type=2 2 2 2 2 2 2 2 2 2 2 2 2 2 2 2 2 2 2 2 2 2 2 2 2 2 2 2 2 2
left_child=1 8 3 5 -5 -3 7 -4 9 13 11 -10 15 24 29 -13 17 18 -12 20 -18 -21 -11 -9 -1 -26 -19 -6 -8 -15
right_child=-2 2 6 4 27 -7 28 23 10 22 16 12 -14 14 -16 -17 19 26 -20 21 -22 -23 -24 -25 25 -27 -28 -29 -30 -31
leaf_value=-0.0048731532770576744 0.0044769039642279839 0.0072014822513316078 -0.002226110250135653 0.004365830840624107 0.027640103523278541 -0.010195368452949541 0.0022360367065994069 0.014637881159790955 0.0015069499077419092 0.020443875166562053 -0.00083654465084705457 0.005597772698104444 -0.0065425411278988935 -0.01437418190568546 -0.028390878318266997 0.016117973235521572 0 0.023345713816314638 -0.0085986186085740181 -0.0016402573536357394 0.0076864591516257047 0.00045273355501238206 0.00013445927865271057 0.00091040139742818284 0.0037840935357547475 -0.016127044697507066 0.0015946577655900592 0.00019938545518474344 -0.00053316842217750377 0.0051859159034294338
leaf_weight=3739 6375 282 42823 2102 316 738 7143 307 3624 309 7950 1472 293 207 279 1128 3553 254 2647 15846 2902 203585 330 5932 1613 136 256 119 113922 260
leaf_count=3739 6375 282 42823 2102 316 738 7143 307 3624 309 7950 1472 293 207 279 1128 3553 254 2647 15846 2902 203585 330 5932 1613 136 256 119 113922 260
internal_value=-1.69229e-05 -8.53939e-05 -0.000664208 0.00380929 0.00750062 -0.00505119 -0.00075994 -0.00172299 0.000314937 -0.00259412 0.000398482 0.00468087 0.00851613 -0.00403811 -0.0134462 0.0103646 0.000279072 -0.00201878 -0.00281622 0.000393555 0.00351383 0.000300087 0.0107331 0.00167843 -0.0026606 0.00190142 0.0134658 0.0211314 -0.000366962 -0.00310243
internal_weight=430442 424067 173684 3557 2537 1020 170127 49062 250383 6873 243510 6517 2893 6234 746 2600 236993 11107 10597 225886 6455 219431 639 6239 5488 1749 510 435 121065 467
internal_count=430442 424067 173684 3557 2537 1020 170127 49062 250383 6873 243510 6517 2893 6234 746 2600 236993 11107 10597 225886 6455 219431 639 6239 5488 1749 510 435 121065 467
is_linear=0
shrinkage=0.03


Tree=11
num_leaves=31
num_cat=0
split_feature=256 122 55 179 203 39 163 199 27 213 348 117 37 50 109 42 37 161 71 212 84 237 161 286 229 118 237 118 10 15
split_gain=136.356 108.175 170.7 133.119 137.637 98.3989 90.1695 99.6167 82.4495 198.541 158.529 81.2873 81.059 91.6481 81.3076 70.9642 70.0445 79.2689 75.1247 69.7932 67.2066 63.3827 62.3748 77.2848 62.1484 60.2479 69.8713 55.9864 71.7967 54.4336
threshold=2.1178468465805058 0.3575617671012879 1.3678907752037051 0.039724590256810195 -1.3988929986953733 1.7162474393844607 0.13819541037082675 -0.26360321044921869 -2.828880667686462 -2.3255642652511592 -0.0095653664320707304 2.4434610605239873 -1.9561004638671873 -0.55836248397827137 -2.6208701133728023 -1.3331359028816221 -2.2530168294906612 -2.6826281547546382 -0.48917929828166956 -1.4574968814849851 1.7179693579673769 -0.34211345016956324 0.82280266284942638 0.64259746670722973 1.0000000180025095e-35 0.39354339241981512 0.97745603322982799 -0.15047083795070645 -0.11515374109148978 0.96505478024482738
decision_type=2 2 2 2 2 2 2 2 2 2 2 2 2 2 2 2 2 2 2 2 2 2 2 2 2 2 2 2 2 2
left_child=1 2 6 25 11 21 8 22 9 10 -1 -5 13 -3 15 -14 17 -10 -18 -16 -9 -6 24 -24 -8 -4 -27 29 -29 -21
right_child=-2 12 3 4 5 -7 7 20 16 -11 -12 -13 14 -15 19 -17 18 -19 -20 27 -22 -23 23 -25 -26 26 -28 28 -30 -31
leaf_value=-0.0064440663253462161 0.0044038133560835432 0 0.002864268795825237 0.014253605562113719 0.015091814118848877 0.010765851249131079 -0.0041101886082421588 -0.00025890131467094834 -0.00030428772399096449 -0.017696701061891824 0.0039646514247329958 0.0025559279645496905 -0.0059940119600928512 0.024773844714359432 -0.010456431732989048 0.018485695650235615 -0.00029379040077748324 0.0058509868982546086 0.00082725756239375426 -0.0028028960755194783 0.0082825640244431585 0.0011046358456696607 -0.0097420762125402949 -0.0019729372726495979 -0.0005244921699959225 -0.0092702539598383295 0.00050594865733983392 0.005388722272369308 -0.00065768115909424106 -0.00019889346121348744
leaf_weight=2525 6138 302 1715 1873 289 1256 6401 53738 3127 723 2685 854 119 213 698 330 99408 4392 116518 23560 821 7616 2145 2754 14280 1262 1236 1792 60957 10791
leaf_count=2525 6138 302 1715 1873 289 1256 6401 53738 3127 723 2685 854 119 213 698 330 99408 4392 116518 23560 821 7616 2145 2754 14280 1262 1236 1792 60957 10791
internal_value=-2.72955e-05 -9.22961e-05 0.000170717 0.00318045 0.00480782 0.0029883 1.29866e-05 -0.000852165 0.000316605 -0.00316217 -0.00102787 0.0107448 -0.000962345 0.0106358 -0.00102835 0.0113792 0.000410592 0.00325732 0.000309781 -0.00109069 -0.000121885 0.00169065 -0.00239673 -0.00546138 -0.0016517 -0.00134172 -0.00434829 -0.00101814 -0.000478565 -0.0019942
internal_weight=430518 424380 325618 16101 11888 9161 309517 80139 229378 5933 5210 2727 98762 515 98247 449 223445 7519 215926 97798 54559 7905 25580 4899 20681 4213 2498 97100 62749 34351
internal_count=430518 424380 325618 16101 11888 9161 309517 80139 229378 5933 5210 2727 98762 515 98247 449 223445 7519 215926 97798 54559 7905 25580 4899 20681 4213 2498 97100 62749 34351
is_linear=0
shrinkage=0.03


end of trees

feature_importances:
CLOSE1=15
OPEN17=10
CLOSE8=7
LOW7=7
CLOSE22=6
CLOSE4=6
OPEN26=6
CLOSE2=5
OPEN7=5
OPEN6=5
OPEN1=5
HIGH18=5
LOW6=5
LOW5=5
CLOSE11=4
OPEN5=4
HIGH0=4
LOW40=4
LOW28=4
LOW10=4
LOW9=4
LOW3=4
LOW1=4
CLOSE58=3
CLOSE42=3
CLOSE33=3
CLOSE23=3
CLOSE19=3
CLOSE15=3
CLOSE13=3
CLOSE9=3
OPEN19=3
OPEN13=3
OPEN11=3
OPEN10=3
OPEN8=3
OPEN4=3
HIGH26=3
HIGH6=3
HIGH3=3
HIGH1=3
LOW59=3
LOW52=3
LOW35=3
LOW24=3
LOW13=3
LOW0=3
VWAP13=3
VWAP2=3
CLOSE32=2
CLOSE28=2
CLOSE20=2
CLOSE17=2
CLOSE7=2
CLOSE3=2
OPEN59=2
OPEN55=2
OPEN49=2
OPEN41=2
OPEN27=2
OPEN24=2
HIGH57=2
HIGH31=2
HIGH21=2
HIGH17=2
HIGH14=2
HIGH13=2
HIGH9=2
HIGH8=2
HIGH7=2
LOW51=2
LOW43=2
LOW36=2
LOW31=2
LOW29=2
LOW27=2
LOW23=2
LOW20=2
LOW15=2
LOW14=2
LOW11=2
LOW4=2
LOW2=2
VWAP22=2
VWAP15=2
VWAP14=2
VWAP4=2
VWAP0=2
CLOSE52=1
CLOSE50=1
CLOSE49=1
CLOSE48=1
CLOSE44=1
CLOSE41=1
CLOSE40=1
CLOSE39=1
CLOSE38=1
CLOSE36=1
CLOSE31=1
CLOSE27=1
CLOSE26=1
CLOSE18=1
CLOSE16=1
CLOSE12=1
CLOSE10=1
CLOSE6=1
OPEN57=1
OPEN56=1
OPEN48=1
OPEN44=1
OPEN35=1
OPEN33=1
OPEN31=1
OPEN28=1
OPEN22=1
OPEN18=1
OPEN16=1
OPEN14=1
OPEN3=1
OPEN2=1
HIGH56=1
HIGH54=1
HIGH52=1
HIGH46=1
HIGH43=1
HIGH38=1
HIGH36=1
HIGH34=1
HIGH33=1
HIGH23=1
HIGH16=1
HIGH10=1
HIGH5=1
HIGH2=1
LOW56=1
LOW53=1
LOW48=1
LOW45=1
LOW44=1
LOW42=1
LOW39=1
LOW38=1
LOW34=1
LOW33=1
LOW26=1
LOW21=1
LOW18=1
LOW17=1
VWAP43=1
VWAP25=1
VWAP21=1
VWAP19=1
VWAP17=1
VWAP10=1
VWAP5=1
VWAP3=1
VWAP1=1
VOLUME44=1
VOLUME37=1
VOLUME20=1
VOLUME11=1
VOLUME9=1
VOLUME8=1
VOLUME5=1

parameters:
[boosting: gbdt]
[objective: regression]
[metric: l2]
[tree_learner: serial]
[device_type: gpu]
[data_sample_strategy: bagging]
[data: ]
[valid: ]
[num_iterations: 500]
[learning_rate: 0.03]
[num_leaves: 31]
[num_threads: 12]
[seed: 20260814]
[deterministic: 0]
[force_col_wise: 1]
[force_row_wise: 0]
[histogram_pool_size: -1]
[max_depth: 7]
[min_data_in_leaf: 100]
[min_sum_hessian_in_leaf: 0.001]
[bagging_fraction: 0.8]
[pos_bagging_fraction: 1]
[neg_bagging_fraction: 1]
[bagging_freq: 1]
[bagging_seed: 20260814]
[bagging_by_query: 0]
[feature_fraction: 0.8]
[feature_fraction_bynode: 1]
[feature_fraction_seed: 20260814]
[extra_trees: 0]
[extra_seed: 17475]
[early_stopping_round: 0]
[early_stopping_min_delta: 0]
[first_metric_only: 0]
[max_delta_step: 0]
[lambda_l1: 10]
[lambda_l2: 20]
[linear_lambda: 0]
[min_gain_to_split: 0]
[drop_rate: 0.1]
[max_drop: 50]
[skip_drop: 0.5]
[xgboost_dart_mode: 0]
[uniform_drop: 0]
[drop_seed: 29730]
[top_rate: 0.2]
[other_rate: 0.1]
[min_data_per_group: 100]
[max_cat_threshold: 32]
[cat_l2: 10]
[cat_smooth: 10]
[max_cat_to_onehot: 4]
[top_k: 20]
[monotone_constraints: ]
[monotone_constraints_method: basic]
[monotone_penalty: 0]
[feature_contri: ]
[forcedsplits_filename: ]
[refit_decay_rate: 0.9]
[cegb_tradeoff: 1]
[cegb_penalty_split: 0]
[cegb_penalty_feature_lazy: ]
[cegb_penalty_feature_coupled: ]
[path_smooth: 0]
[interaction_constraints: ]
[verbosity: 1]
[saved_feature_importance_type: 0]
[use_quantized_grad: 0]
[num_grad_quant_bins: 4]
[quant_train_renew_leaf: 0]
[stochastic_rounding: 1]
[linear_tree: 0]
[max_bin: 63]
[max_bin_by_feature: ]
[min_data_in_bin: 3]
[bin_construct_sample_cnt: 200000]
[data_random_seed: 20260812]
[is_enable_sparse: 1]
[enable_bundle: 1]
[use_missing: 1]
[zero_as_missing: 0]
[feature_pre_filter: 1]
[pre_partition: 0]
[two_round: 0]
[header: 0]
[label_column: ]
[weight_column: ]
[group_column: ]
[ignore_column: ]
[categorical_feature: ]
[forcedbins_filename: ]
[precise_float_parser: 0]
[parser_config_file: ]
[objective_seed: 27057]
[num_class: 1]
[is_unbalance: 0]
[scale_pos_weight: 1]
[sigmoid: 1]
[boost_from_average: 1]
[reg_sqrt: 0]
[alpha: 0.9]
[fair_c: 1]
[poisson_max_delta_step: 0.7]
[tweedie_variance_power: 1.5]
[lambdarank_truncation_level: 30]
[lambdarank_norm: 1]
[label_gain: ]
[lambdarank_position_bias_regularization: 0]
[eval_at: ]
[multi_error_top_k: 1]
[auc_mu_weights: ]
[num_machines: 1]
[local_listen_port: 12400]
[time_out: 120]
[machine_list_filename: ]
[machines: ]
[gpu_platform_id: 0]
[gpu_device_id: 0]
[gpu_use_dp: 1]
[num_gpu: 1]

end of parameters

pandas_categorical:null
