tree
version=v4
num_class=1
num_tree_per_iteration=1
label_index=0
max_feature_idx=162
objective=regression
feature_names=KMID KLEN KMID2 KUP KUP2 KLOW KLOW2 KSFT KSFT2 OPEN0 HIGH0 LOW0 VWAP0 ROC5 ROC10 ROC20 ROC30 ROC60 MA5 MA10 MA20 MA30 MA60 STD5 STD10 STD20 STD30 STD60 BETA5 BETA10 BETA20 BETA30 BETA60 RSQR5 RSQR10 RSQR20 RSQR30 RSQR60 RESI5 RESI10 RESI20 RESI30 RESI60 MAX5 MAX10 MAX20 MAX30 MAX60 MIN5 MIN10 MIN20 MIN30 MIN60 QTLU5 QTLU10 QTLU20 QTLU30 QTLU60 QTLD5 QTLD10 QTLD20 QTLD30 QTLD60 RANK5 RANK10 RANK20 RANK30 RANK60 RSV5 RSV10 RSV20 RSV30 RSV60 IMAX5 IMAX10 IMAX20 IMAX30 IMAX60 IMIN5 IMIN10 IMIN20 IMIN30 IMIN60 IMXD5 IMXD10 IMXD20 IMXD30 IMXD60 CORR5 CORR10 CORR20 CORR30 CORR60 CORD5 CORD10 CORD20 CORD30 CORD60 CNTP5 CNTP10 CNTP20 CNTP30 CNTP60 CNTN5 CNTN10 CNTN20 CNTN30 CNTN60 CNTD5 CNTD10 CNTD20 CNTD30 CNTD60 SUMP5 SUMP10 SUMP20 SUMP30 SUMP60 SUMN5 SUMN10 SUMN20 SUMN30 SUMN60 SUMD5 SUMD10 SUMD20 SUMD30 SUMD60 VMA5 VMA10 VMA20 VMA30 VMA60 VSTD5 VSTD10 VSTD20 VSTD30 VSTD60 WVMA5 WVMA10 WVMA20 WVMA30 WVMA60 VSUMP5 VSUMP10 VSUMP20 VSUMP30 VSUMP60 VSUMN5 VSUMN10 VSUMN20 VSUMN30 VSUMN60 VSUMD5 VSUMD10 VSUMD20 VSUMD30 VSUMD60 ORC_SIGNED_IMPACT_SHOCK_20 ORC_RETURN_PER_VOLUME_SURPRISE_20 ORC_IMPACT_CONCENTRATION_20 ORC_VOLUME_CLIMAX_10 ORC_VOLUME_STABILITY_TREND_20
feature_infos=[-0.15450645983219147:0.33106967806816101] [0:0.33106967806816101] [-1:1] [0:0.27153289318084717] [0:1] [0:0.19577737152576447] [0:1] [-0.31147539615631104:0.33106967806816101] [-1:1] [0.75127547979354858:1.1827411651611328] [1:1.365384578704834] [0.75127547979354858:1] [0.90894031524658203:1.0877940654754639] [0.62103557586669922:1.6790908575057983] [0.51279789209365845:1.8924485445022583] [0.43777582049369812:2.2146341800689697] [0.40953221917152405:2.740487813949585] [0.32686084508895874:2.649662971496582] [0.8043818473815918:1.3455072641372681] [0.69517505168914795:1.4951817989349365] [0.58934980630874634:1.7117466926574707] [0.53464740514755249:1.9959673881530762] [0.46012550592422485:1.8649090528488159] [0:0.26957115530967712] [0:0.32280367612838745] [0:0.36472421884536743] [0:0.57258552312850952] [0:0.50059491395950317] [-0.16409091651439667:0.17131471633911133] [-0.11732283234596252:0.17131471633911133] [-0.11732283234596252:0.17131471633911133] [-0.11732283234596252:0.17131471633911133] [-0.11732283234596252:0.17131471633911133] [0:1] [0:1] [0:1] [0:1] [0:1] [-0.11478264629840851:0.13264167308807373] [-0.24554997682571411:0.20802642405033112] [-0.40848860144615173:0.27287426590919495] [-0.44566619396209717:0.27581575512886047] [-0.96870207786560059:0.36147966980934143] [1:1.6472727060317993] [1:1.9298244714736938] [1:2.2439024448394775] [1:3.3160974979400635] [1:3.3160974979400635] [0.58144122362136841:1] [0.49132096767425537:1] [0.42983227968215942:1] [0.39746984839439392:1] [0.31774049997329712:1] [0.86334514617919922:1.4843636751174927] [0.78309857845306396:1.7869091033935547] [0.69679319858551025:2.054157018661499] [0.57799351215362549:2.423609733581543] [0.52150630950927734:2.3250908851623535] [0.70860719680786133:1.2689855098724365] [0.53621649742126465:1.4057971239089966] [0.45107382535934448:1.5574545860290527] [0.43389230966567993:1.5740000009536743] [0.37328624725341797:1.5950908660888672] [0.20000000298023224:1] [0.10000000149011612:1] [0.05000000074505806:1] [0.033333335071802139:1] [0.01666666753590107:1] [0:1] [0:1] [0:1] [0:1] [0:1] [0.20000000298023224:1] [0.10000000149011612:1] [0.05000000074505806:1] [0.033333335071802139:1] [0.01666666753590107:1] [0.20000000298023224:1] [0.10000000149011612:1] [0.05000000074505806:1] [0.033333335071802139:1] [0.01666666753590107:1] [-0.80000001192092896:0.80000001192092896] [-0.89999997615814209:0.89999997615814209] [-0.94999998807907104:0.94999998807907104] [-0.96666663885116577:0.96666663885116577] [-0.98333334922790527:0.98333334922790527] [-1:1] [-1:1] [-1:1] [-1:1] [-1:1] [-1:1] [-1:1] [-1:1] [-1:1] [-1:1] [0:1] [0:1] [0:0.94999998807907104] [0:0.90909093618392944] [0:0.90909093618392944] [0:1] [0:1] [0:0.89999997615814209] [0:0.8571428656578064] [0:0.8571428656578064] [-1:1] [-1:1] [-0.83333331346511841:0.90909093618392944] [-0.83333331346511841:0.90909093618392944] [-0.83333331346511841:0.90909093618392944] [0:1] [0:1] [0:1] [0:1] [0:1] [0:1] [0:1] [0:1] [0:1] [0:1] [-1:1] [-1:1] [-1:1] [-1:1] [-1:1] [0.20013266801834106:26452.083984375] [0.10012400150299072:23627.859375] [0.050104878842830658:26698.134765625] [0.033777147531509399:28136.5] [0.017187755554914474:26107.111328125] [0.00080492562847211957:59102.5] [0.0021778203081339598:49210.34375] [0.0021778203081339598:56418.4921875] [0.0021778203081339598:57003.12109375] [0.0021778203081339598:42065.70703125] [0:2.2360680103302002] [0:3.1615598201751709] [0:4.4708261489868164] [0:5.465825080871582] [0:7.5986995697021484] [0:1] [0:1] [0:1] [0:1] [0:1] [0:1] [0:1] [0:1] [0:1] [0:1] [-1:1] [-1:1] [-1:1] [-1:1] [-1:1] [-5.735206127166748:337.23654174804688] [-1.954919695854187:2.1624271869659424] [-3.132145881652832:3.4166228771209717] [-1204.73095703125:4677.0361328125] [-4.2686967849731445:7.5545482635498047]
tree_sizes=3114 3047 3061 3114 3078 3108 3095 3086 3038 3106 3021 2959 3120 3074 3082 3102 3089 3089 2965

Tree=0
num_leaves=31
num_cat=0
split_feature=27 86 25 30 42 42 5 84 24 138 20 57 1 125 137 1 6 9 125 121 10 115 78 162 40 25 34 71 56 107
split_gain=136.105 126.955 94.7822 63.4184 75.5279 61.5704 59.584 54.1163 51.1595 59.2754 44.8516 44.4209 63.6912 44.8099 63.8084 42.1224 42.0396 41.9025 41.8767 37.8678 37.7778 37.7426 65.7231 42.9617 37.5974 60.8853 46.8259 37.5279 37.3269 36.9142
threshold=0.092212572693824782 -0.58333334326744068 0.012333759106695654 -0.00042249893886037165 -0.076609600335359559 0.12159738317131998 0.0086055691353976744 0.84999999403953563 0.025381463579833511 0.49812923371791845 1.0528079867362978 0.8804721236228944 0.03865334019064904 0.062937248498201384 0.80921244621276867 0.022801307030022148 0.36363442242145544 0.95694369077682506 -0.55982747673988331 0.68166103959083568 1.0191977620124819 0.59430602192878734 0.70000001788139354 0.0066449858713895091 -0.030112487263977524 0.021555510349571708 0.13414874672889712 0.67721506953239452 0.92786607146263134 0.48749218881130224
decision_type=8 2 8 10 10 10 10 2 10 10 10 8 10 10 10 10 10 10 10 10 10 8 10 10 10 10 10 10 10 2
left_child=2 8 20 4 6 7 18 24 10 -10 -2 16 21 -14 -15 19 -3 -9 -4 -6 -1 23 -23 -13 26 -26 -5 29 -7 -11
right_child=1 11 3 5 15 28 -8 17 9 27 -12 12 13 14 -16 -17 -18 -19 -20 -21 -22 22 -24 -25 25 -27 -28 -29 -30 -31
leaf_value=0.0016089609107759223 0.0037763349792154679 -0.013613469060417218 0.0064719388693790531 0.0044688746968969415 -0.00096749139049536067 -0.011032001812227913 0.0057608348873080042 -0.010084156034770487 -0.0019061598933674975 0.0013943457752299835 -0.012092515291695236 -0.00051846068774804091 0.00089515364980837029 0.010152928225405604 -0.0042098458963780987 -0.0020790940183762255 0.0029513311877338516 0.0025942954776093275 -0.00096722634363959016 0.0013683745726183315 -0.0040418450162386273 -4.4432000709874797e-05 0.011342262958143716 -0.0080916064099469231 0.00058513538013531523 -0.0010455260877213226 0.00030734957456876214 -0.005505405656225826 2.4078637920326876e-11 0.010982416358281066
leaf_weight=29197 606 338 777 3478 58918 690 2444 212 432 498 195 3243 1816 1575 293 30545 173 9919 4611 6870 1058 1976 554 869 39692 42569 8607 113 434 3147
leaf_count=29197 606 338 777 3478 58918 690 2444 212 432 498 195 3243 1816 1575 293 30545 173 9919 4611 6870 1058 1976 554 869 39692 42569 8607 113 434 3147
internal_value=8.50016e-06 0.00270231 -0.000168102 -0.000395656 -0.000921129 0.000119906 0.00189424 0.000198453 0.00666012 0.00798332 2.40786e-11 0.000842988 0.00130063 0.00445997 0.00772047 -0.00115348 -0.00754052 0.00228009 7.00647e-05 -0.000718665 0.00139891 -0.000414801 0.0024007 -0.00222294 -2.2332e-05 -0.000255114 0.0015352 0.00920364 -0.00679472 0.00976905
internal_weight=255849 15828 240021 209766 104165 105601 7832 104477 4991 4190 801 10837 10326 3684 1868 96333 511 10131 5388 65788 30255 6642 2530 4112 94346 82261 12085 3758 1124 3645
internal_count=255849 15828 240021 209766 104165 105601 7832 104477 4991 4190 801 10837 10326 3684 1868 96333 511 10131 5388 65788 30255 6642 2530 4112 94346 82261 12085 3758 1124 3645
is_linear=0
shrinkage=1


Tree=1
num_leaves=31
num_cat=0
split_feature=16 26 40 71 18 73 33 39 114 20 32 36 1 120 45 24 1 159 20 41 15 29 141 23 75 34 52 42 37 139
split_gain=188.788 110.851 83.0752 104.126 62.4858 81.7026 68.3005 104.621 89.9001 63.7769 60.7031 55.8134 58.4459 72.7068 54.8159 53.2776 51.5767 50.5445 46.7733 56.6199 43.9047 40.8444 37.8685 34.718 34.1136 33.2247 34.2684 32.6894 30.6902 30.3509
threshold=1.2241054177284243 0.021455070935189727 -0.030112487263977524 0.58064553141593944 1.0247294902801516 0.5000000149011613 0.25209435820579534 -0.015913747251033779 0.73188430070877086 0.89386713504791271 -0.0045728697441518298 0.80502268671989452 0.054196750745177276 0.69620221853256237 1.0307692885398867 0.044624375179409988 0.036672007292509086 -0.013306779786944388 1.0707752108573916 -0.0029679699800908561 1.122349798679352 -0.0009696944907773285 0.84564810991287243 0.018094280734658245 0.22500000149011615 0.11745367944240571 0.78891342878341686 -0.10533285513520239 0.19631096720695498 0.79588678479194652
decision_type=10 10 10 10 10 10 8 10 10 10 8 10 10 10 8 10 10 8 10 10 8 10 10 10 2 10 10 10 10 10
left_child=1 14 3 -3 6 18 10 8 -8 -9 20 -2 13 23 -1 -14 -16 -5 19 -6 -4 -18 -15 -13 -20 28 -27 -12 -19 -25
right_child=11 2 4 17 5 -7 7 9 -10 -11 27 12 15 22 16 -17 21 25 24 -21 -22 -23 -24 29 -26 26 -28 -29 -30 -31
leaf_value=0.0015625566836071469 0.0028191507201953047 -0.00017957332656134812 0.0063249801005961469 0.0063970490306641007 -0.0061615075217979253 -0.011500986694060208 0.0014511097257606123 -0.0063094662791228478 0.0097434595920112346 -0.0003982867920514113 0.0065110824568707249 0 0 -0.0086297845512907957 0.0001585432375869129 0.024323270624441069 -0.0013530480904954114 0.015566348452525941 -0.00027749465088933129 0.0055136839623836486 -0.002148125255588584 -0.01425710684276725 0.0049894876155617699 0.0025138136208420845 0.0097899040179767124 0.0025014948219754026 -0.0067926308221234188 -0.0019688728187560638 0.0015226359947870648 0.026105702585320321
leaf_weight=41198 1964 13832 1421 4131 2437 1038 5906 1661 1496 94057 378 108 129 230 35445 394 641 187 1228 398 810 379 629 103 361 631 702 43166 649 242
leaf_count=41198 1964 13832 1421 4131 2437 1038 5906 1661 1496 94057 378 108 129 230 35445 394 641 187 1228 398 810 379 629 103 361 631 702 43166 649 242
internal_value=-2.68693e-05 -0.000128293 -0.000548953 0.00125704 -0.000786574 -0.00394354 -0.000668237 -0.000236625 0.00318922 -0.000505294 -0.00163347 0.00659183 0.0103941 0.00648558 0.000812858 0.0190464 -2.63181e-05 0.00444924 -0.00205906 -0.00439023 0.00312366 -0.00661822 0.000888204 0.015979 0.00191649 0.000577922 -0.00219941 -0.00188542 0.00530476 0.0204079
internal_weight=255951 252152 174489 20132 154357 5462 148895 103120 7402 95718 45775 3799 1835 1312 77663 523 36465 6300 4424 2835 2231 1020 859 453 1589 2169 1333 43544 836 345
internal_count=255951 252152 174489 20132 154357 5462 148895 103120 7402 95718 45775 3799 1835 1312 77663 523 36465 6300 4424 2835 2231 1020 859 453 1589 2169 1333 43544 836 345
is_linear=0
shrinkage=0.03


Tree=2
num_leaves=31
num_cat=0
split_feature=16 30 16 120 57 0 27 33 44 29 30 49 39 37 36 140 81 38 15 161 23 115 68 137 38 36 10 29 60 0
split_gain=159.859 88.609 93.6677 79.2164 79.4127 64.2288 60.2743 58.9694 99.1777 62.5841 85.0103 62.4287 54.9253 53.6184 52.7585 85.8478 49.6963 49.0111 46.7523 46.2055 42.3764 41.0008 40.3851 40.0755 38.7327 38.4763 38.072 37.0984 35.5795 33.7943
threshold=1.2241054177284243 -0.00074254174251109351 0.93546006083488475 0.25775530934333807 0.92702656984329235 0.0301642119884491 0.090783946216106429 0.33557032048702246 1.0370786786079409 0.0058700263034552344 0.0066326460801064977 0.88785049319267284 0.021416815929114822 0.7169608771800996 0.80819529294967662 0.76397109031677257 0.11666667088866235 -0.023208932019770142 0.97185832262039196 0.40387016534805303 0.017023563385009769 0.26753807067871099 0.35294006764888769 0.52518901228904735 0.0040816152468323716 0.3674065917730332 1.0272571444511416 -0.0029201793950051065 0.89637815952301036 0.031366335228085525
decision_type=10 8 8 8 8 8 8 8 8 10 10 10 10 10 10 10 2 10 10 10 10 10 10 10 10 10 10 8 10 10
left_child=1 2 12 5 17 -3 21 8 11 10 -9 -6 22 -10 -2 -16 -11 -5 -14 24 -17 -4 25 27 -8 -1 -26 -23 -7 -19
right_child=14 3 6 4 7 28 19 9 13 16 -12 -13 18 -15 15 20 -18 29 -20 -21 -22 23 -24 -25 26 -27 -28 -29 -30 -31
leaf_value=-0.014154904590949442 0.0024745612373600579 -0.0011384510282196677 0.0010099618167763585 -0.0088898624174583423 0.010537380732234048 -0.011223216498444582 0.0025162758680207118 0.0011732341023499692 -0.0041552601356314774 0.002826790513978003 0.0077084282976888595 0.00026888389466622189 -0.0006036452576518058 0.00041582325169402674 -0.0027789908899297196 0 -0.001882109162523493 0.0076911552190791835 -0.020163255192152143 0.0070767661094596149 0.014988811672548223 -0.0021847921774212171 -0.00043503206905544449 -5.0465343121202829e-05 -0.0075672654169252453 0 0.0096164888310955755 -0.00067388187914891001 7.0109086986310017e-05 0
leaf_weight=472 1997 10375 10823 175 524 933 2596 67723 7841 2460 1841 33759 196 3104 349 213 10112 2517 394 1481 1274 28046 1360 31395 719 203 106 32224 270 634
leaf_count=472 1997 10375 10823 175 524 933 2596 67723 7841 2460 1841 33759 196 3104 349 213 10112 2517 394 1481 1274 28046 1360 31395 719 203 106 32224 270 634
internal_value=2.74217e-05 -6.40178e-05 -0.00070434 0.000429061 0.000641571 -0.00194082 -0.000563794 0.000519015 -0.000345883 0.000998889 0.00135266 0.000440631 -0.006293 -0.00283315 0.0060928 0.00979762 -0.000933854 0.00521387 -0.0143901 0.00266645 0.0129461 -0.000721713 -0.00368225 -0.000929622 0.000639944 -0.00959234 -0.00482903 -0.00138244 -0.00848356 0.0061429
internal_weight=256116 252283 110015 142268 130690 11578 107390 127364 45228 82136 69564 34283 2625 10945 3833 1836 12572 3326 590 4902 1487 102488 2035 91665 3421 675 825 60270 1203 3151
internal_count=256116 252283 110015 142268 130690 11578 107390 127364 45228 82136 69564 34283 2625 10945 3833 1836 12572 3326 590 4902 1487 102488 2035 91665 3421 675 825 60270 1203 3151
is_linear=0
shrinkage=0.03


Tree=3
num_leaves=31
num_cat=0
split_feature=16 26 33 27 55 36 85 25 10 45 102 78 14 15 82 45 33 30 1 34 44 38 1 10 59 119 36 20 92 37
split_gain=166.938 89.0831 82.4681 73.3269 71.6059 96.6928 108.493 67.4789 88.1798 110.923 62.1535 72.5404 61.487 53.6401 71.7323 53.6181 51.7587 55.1891 49.9003 45.0085 44.9364 63.7403 48.2287 42.1075 60.2777 52.6667 38.1194 37.3791 35.2378 32.9249
threshold=1.2241054177284243 0.021585190668702129 0.31925892829895025 0.084763109683990492 0.93584609031677257 0.79527312517166149 0.82500001788139354 0.03661074489355088 1.0189633965492251 1.116867244243622 0.53390806913375866 0.30000000447034841 0.84237992763519298 1.122349798679352 0.80833333730697643 1.0296478867530825 0.96605226397514354 -0.0068273739889264098 0.035433042794466026 0.69861429929733287 1.0426244139671328 -0.0017291174153797326 0.033894751220941551 1.0154564380645754 0.99719744920730602 0.26436792314052587 0.71040496230125438 0.96468013525009166 0.71374112367630016 0.65667176246643078
decision_type=10 10 8 10 10 10 2 10 10 10 2 10 8 8 2 8 10 10 10 10 10 10 10 10 10 10 10 10 10 8
left_child=1 15 3 20 5 6 19 10 12 -10 11 -6 -9 14 26 -1 17 -2 29 -4 21 -3 -23 24 -22 -25 -5 -16 -7 -17
right_child=16 2 4 13 7 28 -8 8 9 -11 -12 -13 -14 -15 27 18 -18 -19 -20 -21 23 22 -24 25 -26 -27 -28 -29 -30 -31
leaf_value=0.0015132294799616638 0.0095361307036100334 0.00053129946252203505 0.0053230206358766668 -0.0010596540730405237 -0.002329285076176624 0.0073194655334556154 -0.022597567367471982 0.014235443940626516 0.0076499692020121166 0.00087700845220138786 0.0015148149454528362 -0.00013526040145002034 4.5149130751606385e-05 -0.0049089050550516463 0.026781835903313535 -0.00031488105167178207 -0.0080216571388392714 0.0011342843580134411 -0.005947275223728914 -0.0082851683491618425 -0.0037795992772850103 -0.0027646404352250887 0.0014750011798728736 0.010777569142307833 0.00047495322749370624 -0.0054178245692441188 0.0051165095705060348 0.0072373037032293546 -0.0092295075544183511 0.0018612279557883523
leaf_weight=40123 2509 12857 279 2558 18523 517 421 259 3817 5311 13267 51765 21982 873 101 29159 182 1102 1231 658 6593 17006 2703 156 5269 6310 1325 977 116 7916
leaf_count=40123 2509 12857 279 2558 18523 517 421 259 3817 5311 13267 51765 21982 873 101 29159 182 1102 1231 658 6593 17006 2703 156 5269 6310 1325 977 116 7916
internal_value=2.32541e-06 -9.07372e-05 -0.000470811 -0.00140923 -1.27564e-05 -0.00562703 -0.0101533 8.28601e-05 0.00127093 0.00375254 -0.000359785 -0.000718217 0.000236515 0.00174623 0.00299259 0.000746833 0.00623372 0.00707506 -4.84593e-05 -0.00389317 -0.00177737 -0.00109289 -0.00216708 -0.00297474 -0.0018669 -0.00494881 0.000986399 0.00979617 0.00363758 0.000142412
internal_weight=255865 252072 173643 56728 116915 1991 1358 114924 31369 9128 83555 70288 22241 5834 4961 78429 3793 3611 38306 937 50894 32566 19709 18328 11862 6466 3883 1078 633 37075
internal_count=255865 252072 173643 56728 116915 1991 1358 114924 31369 9128 83555 70288 22241 5834 4961 78429 3793 3611 38306 937 50894 32566 19709 18328 11862 6466 3883 1078 633 37075
is_linear=0
shrinkage=0.03


Tree=4
num_leaves=31
num_cat=0
split_feature=16 26 27 33 40 49 45 18 33 30 25 17 86 44 2 1 18 25 40 84 25 33 22 33 20 10 79 13 140 36
split_gain=127.023 96.1679 76.5492 79.6365 70.0426 61.6425 59.8358 84.787 55.0205 58.7995 49.1718 68.5588 56.3833 47.5204 52.2551 47.0035 46.5561 53.1087 44.9667 41.9922 40.0118 44.2469 51.7313 39.786 46.5912 36.7851 35.5307 34.6293 33.1892 51.9558
threshold=1.2241054177284243 0.021585190668702129 0.074148178100585951 0.37453159689903265 0.026314677670598034 0.88448563218116771 1.1185795664787295 1.0402072072029116 0.97388815879821788 -0.005568938795477151 0.037808155640959747 1.0505280494689944 0.78333333134651195 1.0410753488540652 -0.42856383323669428 0.036247322335839278 0.94165822863578807 0.040591789409518249 0.015336237382143738 -1.0000000180025095e-35 0.030659592710435394 0.54210248589515697 0.86434072256088268 0.9425533413887025 0.89386713504791271 1.0025873780250552 0.15000000223517421 0.96343469619750988 0.76706165075302135 0.80502268671989452
decision_type=10 10 10 8 10 10 10 10 10 10 10 10 2 10 10 10 10 10 10 2 10 10 10 10 10 10 2 10 10 10
left_child=1 15 3 5 10 26 7 16 9 28 11 -5 -12 14 -7 19 -4 -18 -15 -1 -8 25 -23 24 -6 -22 -3 -17 -2 -30
right_child=8 2 6 4 23 13 20 -9 -10 -11 12 -13 -14 18 -16 27 17 -19 -20 -21 21 22 -24 -25 -26 -27 -28 -29 29 -31
leaf_value=0.00015264716912469041 0 0.011511957891843063 -0.0093058649945653906 0.0004998441355875008 -0.010495188012678127 0.00083167465771057352 -0.011183437305275632 0.014061259235735191 -0.012447071338767631 -0.0004071676472898104 0.00094900268558092071 -0.0015361296710614961 0.0067032242562159519 -0.003617559985555234 -0.0018757702534461917 0.0015498710112672343 0.00035401221309740757 0.0035173439815524548 0.0005710069038321299 0.0015671553666046277 0.0033185217785012648 -0.016062946116823393 0.0020931026355910363 0.002208286526914145 -0.0022665261785273835 -0.0044440113381021334 0 -0.0064711715519790349 0.0039436198672295007 0.013335655146524876
leaf_weight=37838 417 466 331 40100 661 8585 337 475 122 879 11706 23555 1787 16799 23851 656 12462 7986 2528 38762 602 124 3826 1577 12348 3200 392 1359 1065 1392
leaf_count=37838 417 466 331 40100 661 8585 337 475 122 879 11706 23555 1787 16799 23851 656 12462 7986 2528 38762 602 124 3826 1577 12348 3200 392 1359 1065 1392
internal_value=-3.47169e-05 -0.000118865 -0.000513902 -0.00079893 -0.000261272 -0.00173007 0.000877687 0.00171912 0.0053399 0.00606054 9.56384e-05 -0.000249085 0.00174208 -0.00186758 -0.00114986 0.000750052 0.00140931 0.00160634 -0.00305416 0.00087257 -0.00129499 -0.00079884 0.00136952 -0.00216712 -0.00272313 -0.00312548 0.00607748 -0.00372287 0.00813146 0.00945045
internal_weight=256188 252313 173698 144355 91734 52621 29343 21254 3875 3753 77148 63655 13493 51763 32436 78615 20779 20448 19327 76600 8089 7752 3950 14586 13009 3802 858 2015 2874 2457
internal_count=256188 252313 173698 144355 91734 52621 29343 21254 3875 3753 77148 63655 13493 51763 32436 78615 20779 20448 19327 76600 8089 7752 3950 14586 13009 3802 858 2015 2874 2457
is_linear=0
shrinkage=0.03


Tree=5
num_leaves=31
num_cat=0
split_feature=16 26 27 18 11 49 84 33 40 49 18 42 23 33 30 17 30 142 80 23 36 140 44 26 4 1 46 9 37 41
split_gain=133.501 77.9704 67.0995 59.146 67.8955 60.5847 90.627 53.2825 57.3425 48.8336 48.5981 47.6286 44.822 44.3508 42.1808 40.8407 64.1629 38.7476 38.6387 36.6103 38.649 47.2668 36.3876 51.1785 41.2354 37.5003 34.5186 35.2257 30.6965 30.0237
threshold=1.2241054177284243 0.019946628250181678 0.074148178100585951 0.94165822863578807 0.9752168357372285 0.83075928688049328 0.75000000000000011 0.25775006413459783 0.025811721570789817 0.85237580537796032 0.98327314853668224 -0.003400894813239574 0.025812382809817794 0.96605226397514354 -0.0056914482265710822 1.0505280494689944 -0.0061254054307937613 1.3219010233879092 0.12500000372529033 0.016666632145643238 0.80502268671989452 0.73733803629875194 1.0385021567344668 0.026856455951929096 0.43749810755252844 0.011990447994321586 1.0047988295555117 0.98206350207328807 0.65275800228118908 -0.021500418893992897
decision_type=10 10 10 10 10 10 2 10 10 10 10 8 10 10 10 10 10 10 2 10 10 10 10 10 10 10 10 10 10 10
left_child=1 11 7 9 17 6 -6 22 15 -4 -7 28 -13 14 19 -9 -17 18 -5 -2 29 -22 23 -3 -25 -24 -10 -28 -1 -21
right_child=13 2 3 4 5 10 -8 8 26 -11 -12 12 -14 -15 -16 16 -18 -19 -20 20 21 -23 25 24 -26 -27 27 -29 -30 -31
leaf_value=-0.00069805677284131174 -0.00031933043727264501 0.00075659203031624512 -0.014834574558356376 0.0098904488543560577 0.018474916574735371 -0.0032244774968018032 -0.0058713742779642718 0.0004318054633015904 0.0015427213586311119 0.0055711907688744877 0.00061188062383020166 0.001386596952233066 0.014514681568139336 -0.0080928826472533733 0.00014152386504624569 0.0030418304285385086 -0.0012812238304314627 0.0001055404148624165 0.0034256447377228154 0.0081375633125267566 0 0.01484815947619119 0.0018045443791361907 -0.0011606119339628892 -0.0051154849716056137 -0.0030686454693907321 -0.0048875908468418395 -0.0015156152439070526 0.0016756709662726992 -0.0021528770463056352
leaf_weight=21539 334 10587 358 1194 362 3543 179 60925 2128 109 17864 37229 221 168 855 3372 31575 2137 3724 633 198 1228 1468 13401 2977 15829 4000 10755 6299 345
leaf_count=21539 334 10587 358 1194 362 3543 179 60925 2128 109 17864 37229 221 168 855 3372 31575 2137 3724 633 198 1228 1468 13401 2977 15829 4000 10755 6299 345
internal_value=-2.45944e-05 -0.000109781 -0.000423195 0.000885539 0.00106823 0.000229565 0.00996259 -0.000670819 -0.000321092 -0.00942256 -1.14781e-05 0.000780709 0.00147978 0.00556918 0.00633228 -3.38505e-05 -0.000854016 0.00362689 0.00508964 0.00814166 0.00943389 0.0126831 -0.00155441 -0.000847971 -0.00190314 -0.00263613 -0.0019325 -0.00245542 -0.000149359 0.0042365
internal_weight=255536 251775 186487 29470 29003 21948 541 157017 112755 467 21407 65288 37450 3761 3593 95872 34947 7055 4918 2738 2404 1426 44262 26965 16378 17297 16883 14755 27838 978
internal_count=255536 251775 186487 29470 29003 21948 541 157017 112755 467 21407 65288 37450 3761 3593 95872 34947 7055 4918 2738 2404 1426 44262 26965 16378 17297 16883 14755 27838 978
is_linear=0
shrinkage=0.03


Tree=6
num_leaves=31
num_cat=0
split_feature=16 30 55 36 40 16 53 27 30 140 36 4 85 120 57 12 60 42 1 5 26 1 25 117 27 144 34 159 23 34
split_gain=146.928 76.6278 67.7627 79.3245 56.6645 51.8147 60.6045 50.4877 49.812 50.7578 51.523 49.7815 49.1799 47.0338 90.9939 55.3053 52.9334 46.3678 63.644 60.1451 49.3974 45.9476 44.1507 39.9522 38.0937 37.2178 37.0427 35.2121 34.4997 32.4237
threshold=1.2241054177284243 -0.00052474101539701213 0.93584609031677257 0.80819529294967662 0.055910304188728339 0.93407893180847179 0.98636406660079967 0.090783946216106429 -0.005568938795477151 0.82035279273986828 0.80502268671989452 0.20000474900007251 0.87500000000000011 0.25775530934333807 0.92110148072242748 0.98555809259414684 0.89339011907577526 -0.076609600335359559 0.018248232081532482 0.0086956629529595392 0.024736619554460052 0.047048021107912071 0.01246010744944215 0.51803281903266918 0.056636679917573936 0.50625962018966686 0.69861429929733287 0.0024853437207639222 0.038373647257685668 0.24494685977697375
decision_type=10 8 8 10 10 8 10 10 10 10 10 10 2 8 8 10 10 10 10 10 10 10 8 10 10 10 10 10 10 10
left_child=1 5 3 12 13 6 25 17 9 -2 -11 -6 26 15 28 16 -4 19 27 -7 -20 -17 -16 24 -8 -1 -3 -19 -15 -12
right_child=8 2 4 -5 11 7 23 -9 -10 10 29 -13 -14 14 22 21 -18 18 20 -21 -22 -23 -24 -25 -26 -27 -28 -29 -30 -31
leaf_value=-0.00048912431521631482 6.1875489513418203e-05 0.0034407247801903742 -0.01541212044702253 0.0038251104701182564 0.019604477276758979 -7.580149184432635e-05 -0.00062512832572768102 0.0024002309986412011 -0.00013077557219458478 0.004225574859034774 0.024668199353213054 -0.00036188003135822626 -0.018727964193504837 0.0078753295412910054 0.0017822049574366052 -0.0011961351034754249 0 0.00048469538712408257 -5.4770384382753267e-05 0.0059558570309656217 -0.0022591341319527516 0.010473444154065462 0.00026193600930090596 -0.00042912724613015631 -0.016400305611352941 -0.022635467136493014 -0.0084154701415633873 -0.0010710249981430281 -0.0041597129236644421 0.010705198964551528
leaf_weight=134 672 277 456 592 242 4819 311 5038 855 988 247 146 346 2015 20943 9460 288 33135 13038 2073 33063 290 100031 1962 311 234 811 21536 193 1004
leaf_count=134 672 277 456 592 242 4819 311 5038 855 988 247 146 346 2015 20943 9460 288 33135 13038 2073 33063 290 100031 1962 311 234 811 21536 193 1004
internal_value=3.29909e-05 -5.40432e-05 0.000427128 -0.00497792 0.000511778 -0.000622807 -0.00454599 -0.000516597 0.00589971 0.00776211 0.00991939 0.0117066 -0.00882104 0.000475294 0.000641285 -0.00144214 -0.00925397 -0.000656293 -0.000821207 0.001707 -0.00164251 -0.000797604 0.000527855 -0.00272118 -0.0092452 -0.0157854 -0.00511856 -0.000122816 0.00666081 0.0140429
internal_weight=255510 251744 136090 2026 134064 115654 2952 112702 3766 2911 2239 388 1434 133676 123182 10494 744 107664 100772 6892 46101 9750 120974 2584 622 368 1088 54671 2208 1251
internal_count=255510 251744 136090 2026 134064 115654 2952 112702 3766 2911 2239 388 1434 133676 123182 10494 744 107664 100772 6892 46101 9750 120974 2584 622 368 1088 54671 2208 1251
is_linear=0
shrinkage=0.03


Tree=7
num_leaves=31
num_cat=0
split_feature=16 30 120 12 84 16 27 41 81 42 58 33 25 1 42 16 6 30 1 111 120 81 55 41 33 32 118 33 2 112
split_gain=121.921 78.5993 65.7318 68.0829 62.4691 56.59 54.1621 50.9729 71.0321 55.0983 61.1461 50.6055 49.4659 45.6311 67.6325 51.4896 48.0072 44.4576 45.0068 61.08 47.5331 41.7683 38.5607 50.9409 100.603 39.2994 37.6413 40.2251 38.6132 36.0201
threshold=1.2241054177284243 -0.00042249893886037165 0.25775530934333807 0.98555809259414684 0.84999999403953563 0.9327770769596101 0.090783946216106429 0.025733890943229202 0.28333334624767309 0.087431125342845931 0.99501976370811474 0.33557032048702246 0.053325301036238677 0.018339716829359535 -0.076609600335359559 1.0474506020545962 0.10000241175293924 -0.0070404950529336921 0.054196750745177276 -0.13484849035739896 0.7185485064983369 0.55000001192092907 0.93584609031677257 0.057836342602968223 0.77761691808700573 -0.00097368506249040354 0.21839091926813128 0.90089017152786266 0.90697628259658825 -0.03279569931328296
decision_type=10 8 8 10 2 8 8 10 2 10 10 8 8 10 10 8 10 10 10 2 10 2 10 10 10 10 10 10 8 2
left_child=1 5 3 12 7 29 13 9 -9 11 -11 -4 -3 -7 16 -16 -15 18 20 -20 -2 -10 -6 25 -25 -24 27 -8 -28 -1
right_child=17 2 4 -5 22 6 26 8 21 10 -12 -13 -14 14 15 -17 -18 -19 19 -21 -22 -23 23 24 -26 -27 28 -29 -30 -31
leaf_value=-0.010148785522478549 0.0095367762541890225 -0.0035988938297672312 -0.00024832292807161444 -0.00087249016378939672 -0.0072346098050198489 -6.3443309461802899e-05 0.011686370258498236 0.0035235767544314666 -0.0038317056168321933 0.0099793697002713618 -0.0025272112779725249 0.0011687842703300745 -0.017078665281498248 -0.0019485054995238007 -0.00039269351143999897 -0.0024595705601667922 0.003651633265813413 0.00025450511906410686 0.018231368073513905 0.00085445111911845782 -0.00023743213819739343 -0.00042831947672164846 -0.00092753517915987352 0.02011035711429281 0 0.0037874202985161655 0.0004669436011336666 -0.0026270243090212994 0.013083181464610525 -0.0024769875738856147
leaf_weight=805 781 842 36749 10444 283 57710 668 2453 6054 1131 448 57952 393 2025 17968 28936 3924 1182 624 309 884 7469 2010 438 424 6140 4038 187 216 2245
leaf_count=805 781 842 36749 10444 283 57710 668 2453 6054 1131 448 57952 393 2025 17968 28936 3924 1182 624 309 884 7469 2010 438 424 6140 4038 187 216 2245
internal_value=2.14676e-05 -5.7792e-05 0.000441055 -0.00169976 0.000649464 -0.000620105 -0.000510402 0.000450337 -0.00111076 0.000712666 0.00625611 0.000615768 -0.00833126 -0.000652255 -0.00128924 -0.00167469 0.00169498 0.00535588 0.00754256 0.0129298 0.00422808 -0.00197751 0.003016 0.00338641 0.0103611 0.00258845 0.0024915 0.00822449 0.00123596 -0.00465248
internal_weight=255732 251952 133230 11679 121551 118722 115672 112256 15976 96280 1579 94701 1235 110563 52853 46904 5949 3780 2598 933 1665 13523 9295 9012 862 8150 5109 855 4254 3050
internal_count=255732 251952 133230 11679 121551 118722 115672 112256 15976 96280 1579 94701 1235 110563 52853 46904 5949 3780 2598 933 1665 13523 9295 9012 862 8150 5109 855 4254 3050
is_linear=0
shrinkage=0.03


Tree=8
num_leaves=31
num_cat=0
split_feature=57 26 39 24 27 111 7 117 45 7 102 86 158 23 34 35 86 59 161 98 82 10 118 7 17 126 84 53 121 69
split_gain=74.6982 84.4962 64.9913 64.1635 63.6297 51.1222 48.01 109.423 47.0708 41.229 48.0112 41.0259 49.043 56.9206 50.3934 42.8705 38.5839 47.0716 44.2891 36.5333 35.508 35.3595 33.0752 33.0695 58.013 32.6652 64.5974 79.136 63.9861 47.2105
threshold=1.2285442352294924 0.021585190668702129 0.019420007243752483 0.056700749322772033 0.075719226151704802 -0.067816093564033494 0.024254177697002891 0.59999999403953563 1.0307692885398867 -0.058239296078681939 0.59824562072753917 -0.81666666269302357 -0.00029339322645682836 0.011613689828664066 0.78574529290199291 0.4577996581792832 0.84999999403953563 0.87097391486167919 0.23945548385381701 1.0000000180025095e-35 0.041666667908430106 1.0360538363456728 0.18749954551458362 -0.008474678732454775 0.99136176705360424 -0.48936186730861658 -0.84999999403953541 1.045538127422333 0.63616314530372631 0.32608698308467871
decision_type=8 10 10 10 10 2 10 10 10 10 2 2 8 8 10 10 2 10 8 2 2 10 8 10 10 10 2 10 10 8
left_child=1 8 4 22 11 19 9 -8 -1 10 -6 15 14 -14 -13 20 17 -4 -18 -5 -3 -10 -2 24 -19 -24 -27 29 -29 -28
right_child=3 2 16 5 6 -7 7 -9 21 -11 -12 12 13 -15 -16 -17 18 23 -20 -21 -22 -23 25 -25 -26 26 27 28 -30 -31
leaf_value=0.001395968875618278 0.0099489476598163904 0.0047890145376793588 -0.015973334286346539 0 0.019455528600540544 0 0.010776406292863668 -0.0019630398605885307 3.3916136303230189e-05 0.00050344943511256338 -0.0018681482387800439 -0.00010059076835271641 -0.0017682809807417885 3.4064637219435154e-05 0.0022649663924324969 -0.0010591178351320363 0.014287519928644641 -0.016710835163231241 0 0.013781473961972886 -0.0058299361305421907 -0.0078692527761720765 0.0069748817388130659 -0.002011302186986801 -0.0012279030204002486 -0.0067772693559946398 -0.0058386585820772259 -0.0024041907502678848 0.012554581579176941 0.0017364750325178351
leaf_weight=41506 367 264 222 251 204 462 1377 1003 36499 16640 119 45280 32890 29664 9801 10693 219 380 1120 974 3263 496 659 15414 590 1008 1094 315 842 2116
leaf_count=41506 367 264 222 251 204 462 1377 1003 36499 16640 119 45280 32890 29664 9801 10693 219 380 1120 974 3263 496 659 15414 590 1008 1094 315 842 2116
internal_value=-1.54951e-05 -0.000109423 -0.000487975 0.00281664 -0.000282963 0.00802382 0.00131861 0.00531102 0.000702322 0.000735196 0.011074 -0.000520352 -0.000333139 -0.000909051 0.000315556 -0.00204536 -0.00219639 -0.00260083 0.00256307 0.0111906 -0.004928 -6.81332e-05 0.00137683 -0.00238209 -0.00781147 0.000774761 0 0.00157773 0.00825543 -0.000772494
internal_weight=255732 247644 169143 8088 151198 1687 19343 2380 78501 16963 323 131855 117635 62554 55081 14220 17945 16606 1339 1225 3527 36995 6401 16384 970 6034 5375 4367 1157 3210
internal_count=255732 247644 169143 8088 151198 1687 19343 2380 78501 16963 323 131855 117635 62554 55081 14220 17945 16606 1339 1225 3527 36995 6401 16384 970 6034 5375 4367 1157 3210
is_linear=0
shrinkage=0.03


Tree=9
num_leaves=31
num_cat=0
split_feature=16 30 120 25 29 87 1 75 29 16 35 80 44 73 15 0 40 46 114 14 3 30 140 137 27 87 29 18 3 85
split_gain=112.85 76.9475 75.8356 83.3167 65.5616 72.457 66.6225 60.2755 55.8887 48.0423 46.8801 46.1279 46.063 76.9752 54.9111 43.3542 42.6481 40.7772 51.1855 50.2253 42.6141 36.888 52.8642 36.2297 36.2018 35.5079 34.9973 39.7607 33.7545 30.3499
threshold=1.2241054177284243 -0.00042249893886037165 0.25775530934333807 0.043483210727572448 -0.0007697656110394745 -0.54166668653488148 0.030848315916955475 0.87500000000000011 0.014018505811691286 0.9327770769596101 0.21290805935859683 0.42499999701976782 1.0303030610084536 0.5000000149011613 0.95097270607948314 0.0301642119884491 -0.040941298007965081 1.0223798155784609 0.56153830885887157 1.016528904438019 0.016968308016657833 -0.0070404950529336921 0.81279495358467113 0.96765664219856273 0.05471009016036988 -0.45833332836627955 0.001842778758145869 0.97711864113807689 0.012320281472057106 0.27500000596046453
decision_type=10 8 8 10 10 2 10 2 10 8 10 2 8 8 10 8 10 10 8 10 10 10 10 10 10 2 10 10 10 2
left_child=1 8 15 12 5 -5 7 -6 9 10 -1 -8 14 24 25 -3 -15 -11 19 -19 -20 22 -2 -24 -14 -4 27 -12 -10 -7
right_child=21 2 3 4 6 29 11 -9 28 17 26 -13 13 16 -16 -17 -18 18 20 -21 -22 -23 23 -25 -26 -27 -28 -29 -30 -31
leaf_value=-0.0010694877224854999 -0.00017315548507031053 -0.0012085002768259614 -0.0026478466292484252 0.015151808701950761 0.0056194204919168215 -0.013400820965346481 0.0055550697117978847 -0.0019179595800934289 0.019823668406897921 0.0028828583160472659 -0.024682726455386727 0.014900121961243323 -0.00020567377129690047 0.0044563387004290401 0.0014682765192659405 -0.0071712466853902871 -0.0028516269388447184 0.00060249887045399646 -0.0027330105231997818 -0.00086554564026614979 0.0069998317234398382 0.00048312713629445182 0.011311733848866612 2.4890003634201739e-05 0.0022367264407604755 0.00025435006808288956 0.0017858595633184287 -0.0076496418414017586 0 -0.0015047224520573111
leaf_weight=1775 610 10441 4583 197 1686 211 3882 2076 172 2954 165 598 19430 718 46114 1248 11580 29763 12824 69582 383 1212 1646 366 7485 20987 181 886 101 1909
leaf_count=1775 610 10441 4583 197 1686 211 3882 2076 172 2954 165 598 19430 718 46114 1248 11580 29763 12824 69582 383 1212 1646 366 7485 20987 181 886 101 1909
internal_value=4.05918e-07 -7.63532e-05 0.000417483 0.00064152 0.00318939 -0.00115972 0.00444818 0.00139257 -0.000632387 -0.000667033 -0.00441284 0.00692981 0.00039569 -0.000425759 0.000849221 -0.00188191 -0.00239407 -0.000566173 -0.000659856 -0.000422679 -0.00241792 0.00509628 0.00709533 0.00942665 0.000463571 -0.00025576 -0.0088961 -0.0110148 0.0124029 -0.00294308
internal_weight=255765 251931 133145 121456 10559 2317 8242 3762 118786 118513 3007 4480 110897 39213 71684 11689 12298 115506 112552 99345 13207 3834 2622 2012 26915 25570 1232 1051 273 2120
internal_count=255765 251931 133145 121456 10559 2317 8242 3762 118786 118513 3007 4480 110897 39213 71684 11689 12298 115506 112552 99345 13207 3834 2622 2012 26915 25570 1232 1051 273 2120
is_linear=0
shrinkage=0.03


Tree=10
num_leaves=31
num_cat=0
split_feature=16 25 71 18 54 41 38 7 60 55 49 36 33 84 83 42 85 36 140 37 38 37 1 84 77 141 17 27 92 47
split_gain=91.5114 85.5875 47.1511 101.368 62.5771 72.8252 74.0975 55.485 54.2645 50.2651 81.578 74.3785 64.6854 52.8056 49.7778 49.289 44.7773 44.7006 61.9631 40.5976 39.8038 39.0031 38.9842 35.4137 38.0294 50.0635 33.0961 29.4394 29.3637 27.5208
threshold=1.2241054177284243 0.012333759106695654 0.58064553141593944 1.0273094773292544 0.98918917775154125 0.042037006467580802 -0.012184374965727328 -0.01752578932791948 0.97506368160247814 0.93584609031677257 0.83075928688049328 0.79527312517166149 0.91832399368286144 0.84999999403953563 -0.50000001490116108 -0.076609600335359559 0.87500000000000011 0.80502268671989452 0.72603276371955883 0.73744836449623119 -0.0023240277078002687 0.61836913228034984 0.065656580030918135 0.65000000596046459 0.94166666269302379 1.1153937578201296 1.0764404535293581 0.084763109683990492 0.59718656539917003 1.0822249054908755
decision_type=10 10 10 10 10 10 10 10 10 10 10 10 10 2 10 10 2 10 10 10 10 10 10 2 2 10 10 10 10 10
left_child=1 21 4 9 19 6 14 -7 -9 11 12 16 -11 -12 -6 -8 -4 -2 -19 29 27 26 -22 24 -5 -26 -1 -20 -13 -3
right_child=17 2 3 23 5 7 15 8 -10 10 13 28 -14 -15 -16 -17 -18 18 20 -21 22 -23 -24 -25 25 -27 -28 -29 -30 -31
leaf_value=0.00092758084975505441 0.0012535342114776296 -0.0013130334127387923 -0.0051565269210480519 0.0055961284674221371 0 0.015200427890366953 0.0017943067864150579 0 0.007832634186961878 0.013775979046978885 -0.00017776012740925085 0.0079611540455263446 -0.0056047353715732006 0.0020739245675302454 -0.0053873188088088761 -0.00067677323408318294 -0.019045113139663866 -0.0051043099531333921 0.0024894758010753385 0 0.00087272492607286408 0.0030264031517036032 0.016652785865985786 -0.0017771976857341042 0.025317003376829524 0.0012408788731486044 -0.0047618808306232763 0.018817509964023003 -0.004793909980907245 -0.0084989021502727604
leaf_weight=20975 1970 796 1041 912 2126 317 7724 2666 1077 655 77601 434 164 10627 4815 105762 295 239 182 1276 651 9155 180 237 254 150 929 563 206 1872
leaf_count=20975 1970 796 1041 912 2126 317 7724 2666 1077 655 77601 434 164 10627 4815 105762 295 239 182 1276 651 9155 180 237 254 150 929 563 206 1872
internal_value=-2.68308e-05 -9.76944e-05 -0.000306072 0.000207547 -0.00067861 -0.000557594 -0.000693103 0.00337201 0.00221506 7.3716e-05 0.000182454 -0.00462893 0.00949644 9.04627e-05 -0.00370448 -0.000505659 -0.00868015 0.00458927 0.00799325 -0.00440054 0.0102065 0.00137465 0.00495435 0.00776011 0.00970314 0.0175656 0.00066847 0.0153902 0.00338021 -0.00649232
internal_weight=255851 252066 221007 92576 128431 124487 120427 4060 3743 91023 89047 1976 819 88228 6941 113486 1336 3785 1815 3944 1576 31059 831 1553 1316 404 21904 745 640 2668
internal_count=255851 252066 221007 92576 128431 124487 120427 4060 3743 91023 89047 1976 819 88228 6941 113486 1336 3785 1815 3944 1576 31059 831 1553 1316 404 21904 745 640 2668
is_linear=0
shrinkage=0.03


Tree=11
num_leaves=31
num_cat=0
split_feature=16 26 86 55 49 33 34 40 38 79 33 34 46 17 83 105 52 44 42 38 51 33 65 135 29 24 23 38 137 87
split_gain=99.6454 63.1923 59.623 80.7588 73.7819 61.9205 65.4878 52.3327 52.0774 58.1386 46.6816 46.1392 44.7042 43.6624 43.0148 44.7456 52.5512 42.5635 42.3447 35.218 49.5762 40.1301 66.7561 42.0327 33.0845 30.5779 30.1388 29.7478 29.0689 23.65
threshold=1.2241054177284243 0.019946628250181678 0.81666666269302379 0.93584609031677257 0.83075928688049328 0.92698377370834362 0.53325554728508007 -0.039667485281825059 -0.023208932019770142 0.15000000223517421 0.26314339041709905 0.87832194566726696 1.0039488077163699 1.058002293109894 -0.70000001788139332 0.34166666865348821 0.72787463665008556 1.0406779646873476 -0.003400894813239574 -0.0016666601877659557 0.97758403420448314 0.54681339859962474 0.15707236528396609 0.23617589473724368 -0.016061522997915741 0.027946667745709423 0.025812382809817794 -0.0071703025605529538 1.0083316564559939 -0.39166666567325586
decision_type=10 10 2 10 10 10 10 10 10 2 8 10 10 10 10 2 10 10 8 10 10 10 10 10 10 10 10 10 10 2
left_child=1 18 3 27 5 6 -5 14 9 -9 17 19 -12 25 -4 -16 -17 -6 -1 21 24 22 23 -2 -21 -10 -20 -3 -24 -15
right_child=11 2 7 4 10 -7 -8 8 13 -11 12 -13 -14 29 15 16 -18 -19 26 20 -22 -23 28 -25 -26 -27 -28 -29 -30 -31
leaf_value=-0.00017432184990267099 -0.022284448508871717 0 -0.0017914873556693707 -0.00060108943605492575 -0.00059199851025249308 -0.0070103619655639661 0.016030258710562649 -0.027481007077960206 0.0004990642223101408 0 0.0030606704293572725 0.013347790389579723 -0.00033717118204734854 -0.010076906248849672 -0.0017925136290473996 0.027149762807879594 0.0059216019496533207 -0.0024100495928508769 0.0012822463087592585 0.011328481338590522 -0.0089136672513004164 0.0099983284551437446 0.016791137556783683 0 0 0.0033931405087300765 0.012490758270931629 -0.012178082463158723 0 0.00057313980868656928
leaf_weight=28037 108 182 217 269 29154 185 610 102 10466 122 3561 495 114947 449 120 220 297 19914 37342 304 393 1028 195 248 867 4999 204 713 182 226
leaf_count=28037 108 182 217 269 29154 185 610 102 10466 122 3561 495 114947 449 120 220 297 19914 37342 304 393 1028 195 248 867 4999 204 713 182 226
internal_value=-2.68751e-05 -0.00010102 -0.000383393 -0.000555492 -0.000505324 0.00727696 0.0107067 0.00129244 0.000888769 -0.0127733 -0.000557389 0.0047678 -0.000232041 0.00111252 0.00848691 0.0123929 0.0161883 -0.00133664 0.000698356 0.00332862 0 0.0062134 0.000382225 -0.00827309 0.00314821 0.00145711 0.00135775 -0.0094629 0.00931611 -0.00616558
internal_weight=256156 252336 186753 169535 168640 1064 879 17218 16364 224 167576 3820 118508 16140 854 637 517 49068 65583 3325 1564 1761 733 356 1171 15465 37546 895 377 675
internal_count=256156 252336 186753 169535 168640 1064 879 17218 16364 224 167576 3820 118508 16140 854 637 517 49068 65583 3325 1564 1761 733 356 1171 15465 37546 895 377 675
is_linear=0
shrinkage=0.03


Tree=12
num_leaves=31
num_cat=0
split_feature=16 46 37 29 13 30 38 47 16 139 122 7 120 15 12 116 53 86 34 57 13 15 81 159 158 77 51 38 52 45
split_gain=78.6823 58.6538 58.4362 75.9215 75.5364 63.1746 59.9404 58.511 55.8548 54.6765 54.6276 52.7696 51.7238 72.481 51.3598 50.5255 52.4639 49.3092 47.8637 46.4235 45.7773 44.8617 42.0651 40.112 39.7175 38.6481 55.7746 38.1127 45.1256 36.6265
threshold=1.2241054177284243 1.0567441582679751 0.73744836449623119 -0.00019228093879064542 0.99114063382148754 -0.0062813381664454928 -0.0095345429144799692 1.1307353377342226 1.0872179865837099 1.0256311893463137 0.66078558564186107 0.014330398291349413 0.25775530934333807 0.88126870989799511 0.98555809259414684 0.5611940622329713 0.99445149302482616 -0.71666666865348805 0.87832194566726696 0.9057862162590028 1.1167117953300478 1.0642243027687075 0.28333334624767309 0.0020887858700007205 -0.00056398898595944036 0.091666668653488173 0.94642862677574169 -0.0014705827343277631 0.97794118523597728 1.0108260512351992
decision_type=10 8 8 8 10 10 8 10 8 10 10 8 8 8 10 10 10 2 10 10 10 8 2 10 10 2 10 10 10 10
left_child=1 12 4 7 17 -6 9 24 -5 -7 21 23 14 15 -1 16 -14 -3 27 -15 -8 -9 -17 -10 -4 26 -21 -2 -29 -27
right_child=18 2 3 8 5 6 20 10 11 -11 -12 -13 13 19 -16 22 -18 -19 -20 25 -22 -23 -24 -25 -26 29 -28 28 -30 -31
leaf_value=-0.0072149905333576255 0.005863211404629011 0.00028612913959368105 0.005133591545550549 0.00096417297137589076 0.0022315509609920469 -0.0056073930861215236 -0.00035668643020139485 -0.00019174755840437337 0.0061400102557792021 3.3860165059045422e-06 0.0023426594401573541 0.012777166894528468 0.024820939397578623 0.013994773723730028 -0.00074886091317424429 0.004771973373849746 0.0052603492548534345 -0.0033608098451548669 0.013077265304947771 -0.0017202981713051065 -0.011663946551713589 -0.003807878017231319 -0.0020114673694317589 -0.00086042789034681015 0 0.0019087829919441452 0.00097644336551938528 0.0022790357432786821 -0.0094626759103492129 0.0004047563146809917
leaf_weight=1247 1762 4103 2415 6327 7167 4024 60000 5889 2028 2375 2892 760 194 209 10240 2901 467 14911 488 15701 306 6931 1060 1036 2857 19117 12147 1177 367 64820
leaf_count=1247 1762 4103 2415 6327 7167 4024 60000 5889 2028 2375 2892 760 194 209 10240 2901 467 14911 488 15701 306 6931 1060 1036 2857 19117 12147 1177 367 64820
internal_value=3.78281e-05 -2.56829e-05 -0.000491807 0.000627093 -0.000870141 -0.00043091 -0.000722053 -0.000391109 0.00275803 -0.00348468 -0.00132086 0.00562755 0.000423253 0.000614332 -0.0014882 0.00429557 0.0120022 -0.00255861 0.00431501 0.000458989 -0.000422882 -0.00217302 0.00288032 0.00368552 0.00231763 0.000428499 -0.000533387 0.00286055 -0.000405403 0.000751251
internal_weight=255918 252124 124021 31135 92886 73872 66705 20984 10151 6399 15712 3824 128103 116616 11487 4622 661 19014 3794 111994 60306 12820 3961 3064 5272 111785 27848 3306 1544 83937
internal_count=255918 252124 124021 31135 92886 73872 66705 20984 10151 6399 15712 3824 128103 116616 11487 4622 661 19014 3794 111994 60306 12820 3961 3064 5272 111785 27848 3306 1544 83937
is_linear=0
shrinkage=0.03


Tree=13
num_leaves=31
num_cat=0
split_feature=16 30 120 57 138 23 12 60 16 35 39 29 3 30 140 42 23 4 124 42 60 14 17 14 49 101 48 80 42 14
split_gain=102.688 51.9958 55.3488 61.4482 57.8886 65.2766 48.2135 47.8071 45.4846 45.6398 38.6296 36.753 61.021 36.4339 47.9899 35.5266 68.3469 50.2457 35.5135 47.4189 35.2453 51.7862 52.2564 36.1841 57.38 35.1424 34.4428 33.6702 32.7559 59.7354
threshold=1.2241054177284243 -0.00042249893886037165 0.25775530934333807 0.92110148072242748 0.58965885639190685 0.038373647257685668 0.98555809259414684 0.90218123793602001 0.93407893180847179 0.2033253759145737 -0.00059509617858566333 0.014018505811691286 0.01380996033549309 -0.0070404950529336921 0.81279495358467113 -0.070003509521484361 0.0079138344153761881 0.4160826057195664 0.53246736526489269 0.048315767198801048 0.85157677531242382 0.89173579216003429 1.1497640013694765 0.88468468189239513 0.90258049964904796 0.56594201922416698 0.98133751749992382 0.27500000596046453 0.0020581891294568781 0.98645514249801647
decision_type=10 8 8 8 10 10 10 10 8 10 10 10 10 10 10 8 10 10 10 10 8 8 8 10 10 2 10 2 10 8
left_child=1 8 6 4 18 25 7 27 9 -1 -7 15 -13 14 -2 16 -10 -18 19 -4 23 22 -22 -5 -25 -6 -23 -3 29 -17
right_child=13 2 3 20 5 10 -8 -9 11 -11 -12 12 -14 -15 -16 28 17 -19 -20 -21 21 26 -24 24 -26 -27 -28 -29 -30 -31
leaf_value=-0.00075813416090844113 -9.1432992276096686e-05 -0.012491751501501242 0.00040562482550735978 0 0.017664509231667711 -0.016498485864528144 -0.00092246673130978762 0.0038886295913562207 0.014445714366969125 -0.0083041852191430843 0.0022747418196677701 0.019994671806084489 -0.0058738515443611337 0.00023524127694240756 0.0089720064045803478 -0.0043754041130124139 0.0017998748783163629 -0.0033765448556982995 0.0055244774449422218 -0.021100650462803655 0.0097736829819430118 -9.3642182582097494e-05 -0.0032125196155383543 -0.022367917106214351 0.0013767399269142256 0.0067043236963450744 0.00093269989087466955 0.0002289968348108232 0.00025364307454917733 -0.00073896416531804836
leaf_weight=1775 617 846 140 316 392 124 10461 236 321 1328 239 182 102 1207 2054 4335 8148 2082 162 154 998 61898 331 203 114 1481 55272 180 27258 72984
leaf_count=1775 617 846 140 316 392 124 10461 236 321 1328 239 182 102 1207 2054 4335 8148 2082 162 154 998 61898 331 203 114 1481 55272 180 27258 72984
internal_value=0 -7.39039e-05 0.000330592 0.000521988 0.00499749 0.00702763 -0.00163033 -0.00715801 -0.000532215 -0.0041162 -0.00388152 -0.000432559 0.00994182 0.00483282 0.00678175 -0.000462479 0.00118531 0.000712574 -0.00420411 -0.0105306 0.000417517 0.00045811 0.00631728 -0.00650344 -0.0133637 0.00931905 0.000388025 -0.0100115 -0.00063179 -0.000947804
internal_weight=255940 252062 133547 121824 2692 2236 11723 1262 118515 3103 363 115412 284 3878 2671 115128 10551 10230 456 294 119132 118499 1329 633 317 1873 117170 1026 104577 77319
internal_count=255940 252062 133547 121824 2692 2236 11723 1262 118515 3103 363 115412 284 3878 2671 115128 10551 10230 456 294 119132 118499 1329 633 317 1873 117170 1026 104577 77319
is_linear=0
shrinkage=0.03


Tree=14
num_leaves=31
num_cat=0
split_feature=16 25 74 57 81 8 1 42 11 33 23 35 74 121 124 3 60 37 16 14 82 60 42 115 30 1 30 141 89 159
split_gain=81.1823 67.6086 49.6785 72.0774 43.6068 60.8911 54.7798 41.5254 39.0882 37.0861 38.1162 36.492 35.8544 36.111 34.7737 44.1847 37.6159 34.2056 33.7843 59.1434 38.482 33.2573 40.6592 72.3931 39.7043 32.9535 31.4344 30.7289 29.4662 28.0246
threshold=1.2241054177284243 0.012333759106695654 0.25000000745058065 1.1682889461517336 0.11666667088866235 0.27272741496562963 0.036247322335839278 -0.093370448797941194 0.98652058839797985 0.97388815879821788 0.023362913168966774 0.61771145462989818 0.35000000894069677 0.63616314530372631 -0.56451532244682301 0.0056315243709832439 1.0626514554023745 0.65275800228118908 0.93407893180847179 0.89173579216003429 0.65833333134651195 0.95148235559463512 0.069263156503438963 0.62745091319084179 0.0034561363281682138 0.025157164782285694 -0.0014631455414928494 1.0802294015884402 0.33820323646068579 -0.021184951066970822
decision_type=10 10 2 10 2 10 10 10 10 10 10 10 2 10 10 10 10 10 10 8 2 10 10 10 10 10 10 10 10 10
left_child=1 17 7 4 5 6 -4 8 27 10 25 -12 13 -5 16 -16 -10 -1 20 -20 -6 22 29 -24 -23 -2 -7 -3 -14 -9
right_child=9 2 3 12 18 26 -8 21 14 -11 11 -13 28 -15 15 -17 -18 -19 19 -21 -22 24 23 -25 -26 -27 -28 -29 -30 -31
leaf_value=0.00067821177388840948 0.0063281975745703139 0.01155144498547947 0.0012677469981017338 -0.0062988260800514494 -0.00098853969905772021 -0.0055417089171503741 0.0057247955153773063 0.00082244458958218437 0.0085105564003697086 -0.010340819200500846 0.0014307124269878472 0.0097386621852820852 0.0056061971908257548 0.0029499040864846811 0.0026499476331596572 -0.0095187239135752673 -0.0017135363793810636 0.0029756826424162741 0.0069276032567283314 -0.00015813263100561515 -0.0055146303641652973 -0.00095813292126459358 -0.0094841918931143319 0.018454007048443969 0.0050410918723366267 -0.0032122091399998257 -0.00020084103325570171 0.0008274304601813624 0 -0.0078370406718759732
leaf_weight=22916 528 594 17890 617 18709 1074 2944 342 631 118 807 1637 3948 890 430 564 556 8077 1053 83475 1891 68324 126 157 973 760 12430 508 1016 1629
leaf_count=22916 528 594 17890 617 18709 1074 2944 342 631 118 807 1637 3948 890 430 564 556 8077 1053 83475 1891 68324 126 157 973 760 12430 508 1016 1629
internal_value=4.29626e-05 -2.21331e-05 -0.000207537 0.000112924 -2.87645e-05 0.00089675 0.00191683 -0.000836353 0.002427 0.00435542 0.00495269 0.00715104 0.00320355 -0.000673176 0 -0.00401031 0.00352392 0.00128816 -0.000334032 -6.46966e-05 -0.00142351 -0.000990914 -0.00459274 0.00522002 -0.00086814 0.000506368 -0.000655361 0.00697814 0.00443864 -0.00619064
internal_weight=255614 251764 220771 145937 139466 34338 20834 74834 3283 3850 3732 2444 6471 1507 2181 994 1187 30993 105128 84528 20600 71551 2254 283 69297 1288 13504 1102 4964 1971
internal_count=255614 251764 220771 145937 139466 34338 20834 74834 3283 3850 3732 2444 6471 1507 2181 994 1187 30993 105128 84528 20600 71551 2254 283 69297 1288 13504 1102 4964 1971
is_linear=0
shrinkage=0.03


Tree=15
num_leaves=31
num_cat=0
split_feature=32 46 53 120 25 105 115 6 38 161 54 3 86 35 84 38 86 45 28 4 55 78 41 14 11 0 30 113 126 37
split_gain=59.1044 61.4101 75.7802 49.6177 84.5561 49.3556 48.4977 48.2282 47.7482 45.2198 52.7715 48.9492 42.1271 55.1768 48.3212 70.73 59.4823 41.7564 42.679 39.2425 48.5001 38.7044 61.2771 58.8747 38.571 37.7503 36.7302 36.4877 46.0861 35.9339
threshold=-0.0048883806448429814 1.0733752846717837 0.99624457955360424 0.25775530934333807 0.043483210727572448 0.54772728681564342 0.20444453507661822 0.59999784827232372 -0.020566289313137528 0.5646827518939973 0.98621478676795971 0.0082644298672676104 -0.81666666269302357 0.53402134776115429 0.65000000596046459 -0.020566289313137528 0.84999999403953563 1.0206446051597597 -0.0094395335763692838 0.5999988615512849 0.93584609031677257 0.30000000447034841 0.04320326820015908 0.90920028090477001 0.95769783854484569 0.0301642119884491 -0.0064461287111043921 0.74000003933906566 -0.15151516348123548 0.74394994974136364
decision_type=8 8 8 8 10 2 10 10 8 10 10 10 2 10 2 10 2 10 8 10 10 10 10 8 10 10 10 8 10 10
left_child=8 3 5 -2 17 -3 26 19 29 10 11 -10 13 -8 16 -16 -14 21 -19 20 -6 22 -5 -23 -20 -7 -4 -12 -29 -1
right_child=1 2 6 4 7 25 12 -9 9 -11 27 -13 14 -15 15 -17 -18 18 24 -21 -22 23 -24 -25 -26 -27 -28 28 -30 -31
leaf_value=0.0014833650693004386 -0.0016038473716322619 -0.0063366793048011535 0.008045082285879461 0.0006635794676210341 -0.0047439038309781117 -0.0028333794643796389 -0.004153471231633849 -0.0035352721170081734 0.0016025721378306428 0.0059697497464071747 0.00047134920072707432 -0.016656100851464635 -9.5943409305301755e-05 -0.00060222838235587928 -0.017558684774919092 -0.0021952494460540793 0.011871115024117357 0.0028615611766204399 -0.0084491639148976758 -0.0028702050447214078 0.0058975592537407733 0.011269838758203799 -0.0039128636636232934 0.0015584734076161436 -0.00023196012816364931 0.0041163756205465103 6.0486662830341385e-05 0.01151574256405833 -0.0048309226292035266 0.018914457723739644
leaf_weight=247 11530 3322 1018 23023 368 3220 6156 704 185 1832 5616 274 61763 11585 296 2524 356 4036 500 539 5549 568 2948 24011 80839 853 1192 589 166 255
leaf_count=247 11530 3322 1018 23023 368 3220 6156 704 185 1832 5616 274 61763 11585 296 2524 356 4036 500 539 5549 568 2948 24011 80839 853 1192 589 166 255
internal_value=4.70792e-06 -8.20127e-05 -0.000695279 0.00028213 0.000436404 -0.0036094 -0.000437098 0.00361266 0.00236892 0.00179206 0.000613532 -0.00891099 -0.000557897 -0.00185466 -0.000198547 -0.0040258 -1.87343e-05 0.000266377 -0.000135173 0.00444695 0.00517145 0.000950283 0.000129948 0.00180407 -0.000288224 -0.00129161 0.00391215 0.00137241 0.00750263 0.011298
internal_weight=256064 246900 92285 154615 143085 7395 84890 7160 9164 8662 6830 459 82680 17741 64939 2820 62119 135925 85375 6456 5917 50550 25971 24579 81339 4073 2210 6371 755 502
internal_count=256064 246900 92285 154615 143085 7395 84890 7160 9164 8662 6830 459 82680 17741 64939 2820 62119 135925 85375 6456 5917 50550 25971 24579 81339 4073 2210 6371 755 502
is_linear=0
shrinkage=0.03


Tree=16
num_leaves=31
num_cat=0
split_feature=16 26 1 40 71 159 14 80 54 8 1 11 53 24 33 18 118 27 84 33 30 138 118 124 34 45 158 16 127 57
split_gain=76.8094 52.5981 61.9411 60.623 82.9201 45.761 44.9034 88.4906 110.346 85.6859 73.1306 72.2014 59.0085 48.7493 47.9692 61.1028 42.6544 42.4735 38.5011 37.7496 36.7303 35.1676 34.928 34.4896 34.0429 32.2568 62.5123 30.6357 49.2218 39.8339
threshold=1.2241054177284243 0.021716838702559475 0.036247322335839278 -0.030112487263977524 0.57627162337303173 -0.0095832385122776014 0.92277643084526073 0.37500000000000006 0.99874293804168712 -0.86206945776939381 0.020046267658472065 0.97283774614334118 1.0039499998092654 0.056700749322772033 0.37453159689903265 1.0216119885444643 0.56046172976493847 0.046966271474957473 -1.0000000180025095e-35 0.97828525304794323 -0.0056914482265710822 0.85353142023086559 0.34883730113506323 -0.27058769762516016 0.11745367944240571 1.2184593081474306 0.0082650366239249724 1.1670506596565249 -0.20883529633283612 1.2064073681831362
decision_type=10 10 10 10 10 8 8 2 10 10 10 10 10 10 8 10 10 10 2 10 10 8 8 10 10 10 10 8 10 10
left_child=1 2 18 4 16 -6 7 8 12 -9 -10 -11 -5 14 15 -8 -3 21 -1 20 -2 -4 -16 -22 -7 26 -15 28 -18 -29
right_child=19 3 17 6 5 24 13 9 10 11 -12 -13 -14 25 22 -17 27 -19 -20 -21 23 -23 -24 -25 -26 -27 -28 29 -30 -31
leaf_value=6.256649997852009e-05 0.0065040338987445469 -0.012293947545384524 -0.0083092589731864879 -0.0022350252388736161 0.0057744631106870651 0.005026368058684289 -0.0012820863095328039 0.021167355149300973 -0.0065763454079820673 0.0092555246558873819 0.0083178421535512522 0.0009165726034859403 -0.021177268134026674 0.020201922332331285 -0.0010458058429600606 -0.0091153390389507195 -0.0048355001166780539 -0.014107300153920348 0.0014084346128200485 -0.011298322848964572 -0.0072178344931524557 0.00045283806622891981 0.00021734894581923342 0.0045577867620363978 -0.0028264037679694141 -0.00017151608875980761 0 -0.00032947286339390556 0.0004132897019131532 0.0080911918718646007
leaf_weight=38403 2817 233 570 6015 4341 802 55143 242 328 1300 1538 3568 137 275 32181 906 1892 335 39092 106 373 1177 50061 491 1222 328 243 953 9735 919
leaf_count=38403 2817 233 570 6015 4341 802 55143 242 328 1300 1538 3568 137 275 32181 906 1892 335 39092 106 373 1177 50061 491 1222 328 243 953 9735 919
internal_value=3.07633e-05 -3.19623e-05 0.000604573 -0.000327618 0.00121572 0.0040413 -0.00053342 0.00113395 -0.000801515 0.00422062 0.00549874 0.00323362 -0.00277272 -0.000693039 -0.000739316 -0.00141726 -7.61454e-05 -0.00445695 0.000745542 0.00426078 0.00484852 -0.00229791 -0.000273406 -0.000234819 0.000157183 0.00636757 0.0109182 0.000130425 -0.000421897 0.00368766
internal_weight=255726 251939 79577 172362 20097 6365 152265 13128 8018 5110 1866 4868 6152 139137 138291 56049 13732 2082 77495 3787 3681 1747 82242 864 2024 846 518 13499 11627 1872
internal_count=255726 251939 79577 172362 20097 6365 152265 13128 8018 5110 1866 4868 6152 139137 138291 56049 13732 2082 77495 3787 3681 1747 82242 864 2024 846 518 13499 11627 1872
is_linear=0
shrinkage=0.03


Tree=17
num_leaves=31
num_cat=0
split_feature=29 62 37 29 26 158 35 49 13 38 82 127 50 46 1 18 49 3 43 14 36 39 54 13 85 148 29 91 11 84
split_gain=61.9512 69.9351 51.7231 52.3451 46.4336 70.2727 62.1466 69.7275 70.7388 47.4477 42.1763 48.555 50.5961 38.922 38.2239 37.7128 64.7378 78.4015 84.259 42.1129 45.538 37.5026 37.1379 59.8335 35.5701 34.9088 34.8363 33.2142 32.5279 32.0366
threshold=-0.016061522997915741 0.97182264924049389 0.71346053481102001 -0.0039579467847943297 0.021328064613044265 -0.00024600866890978063 0.77510660886764537 0.90056550502777111 0.93175509572029125 -0.0084622311405837519 0.39166666567325598 -0.32126702368259424 0.98961257934570324 1.0215349793434145 0.033894751220941551 0.94165822863578807 0.83075928688049328 0.0097680212929844874 1.0212360620498659 0.98209422826766979 0.12985547631978991 0.032438790425658233 0.99758327007293712 0.95490196347236644 -0.82500001788139332 0.44835606217384344 -0.00019228093879064542 0.32933224737644201 0.9723152518272401 0.84999999403953563
decision_type=8 10 8 8 8 8 10 10 10 10 2 10 10 10 10 8 10 10 10 10 8 10 10 8 2 10 10 10 10 2
left_child=1 -1 4 10 13 6 7 8 -6 -9 -4 28 21 -2 -15 25 17 27 -19 20 -18 -13 -8 -24 -3 -5 -21 -17 -12 -7
right_child=2 24 3 15 5 29 22 9 -10 -11 11 12 -14 14 -16 16 19 18 -20 26 -22 -23 23 -25 -26 -27 -28 -29 -30 -31
leaf_value=-0.0078334858536350822 0.0015157102291981266 0.010927048819746739 0.0015670511031062723 -2.2483922250103205e-05 -0.0033727025684845598 -0.0014603361833662966 -0.0035932160596802566 -0.0022762807473001249 0.0096600896812148711 -7.1713423081397797e-07 0.010306460652627877 -0.0056017834583508824 0.00029327774956926044 3.549603364587975e-05 -0.005093562767607745 0.019554418453193806 -0.0041071670275740525 -0.018696629006391876 0.011415211308184405 0.00089170081528856251 0.00056068085009923334 0.0012638800585206313 0.014611628098107159 0.0020836416069076654 0.0032095844386604276 -0.021426219988253808 0.0031444373578930918 0 0.00021619122881891151 0.00080511642073632396
leaf_weight=343 18617 893 4486 220 494 64399 917 11296 1166 31383 327 4800 2688 42840 1326 440 2068 137 152 14417 18715 753 345 11137 1801 104 11531 103 2098 5965
leaf_count=343 18617 893 4486 220 494 64399 917 11296 1166 31383 327 4800 2688 42840 1326 440 2068 137 152 14417 18715 753 345 11137 1801 104 11531 103 2098 5965
internal_value=0 0.00424517 -5.12507e-05 0.000691757 -0.000299545 -0.000630094 0.000150745 -0.000368755 0.00560911 -0.000610809 -0.000832722 -0.00187116 -0.00298141 0.000364851 -0.000113941 0.00118053 0.00125713 0.00950041 -0.00217461 0.00109994 7.82864e-05 -0.00461576 0.00203024 0.00251091 0.00593996 -0.00861118 0.001906 0.0161036 0.00177269 -0.00126385
internal_weight=255961 3037 252924 63039 189885 127102 56738 44339 1660 42679 15152 10666 8241 62783 44166 47887 47563 832 289 46731 20783 5553 12399 11482 2694 324 25948 543 2425 70364
internal_count=255961 3037 252924 63039 189885 127102 56738 44339 1660 42679 15152 10666 8241 62783 44166 47887 47563 832 289 46731 20783 5553 12399 11482 2694 324 25948 543 2425 70364
is_linear=0
shrinkage=0.03


Tree=18
num_leaves=31
num_cat=0
split_feature=16 58 49 10 44 77 26 6 158 17 140 10 38 25 1 117 42 1 6 41 69 27 115 75 49 36 138 10 23 4
split_gain=68.9843 49.4704 55.291 108.565 71.8506 62.7853 47.793 44.9153 44.2676 48.4122 48.1486 45.6204 45.2978 45.1882 43.5469 57.8105 41.4293 41.6449 39.1311 37.9203 35.7371 35.7369 35.2765 31.7344 31.2979 30.093 29.6845 26.6497 30.3153 24.0478
threshold=1.243742883205414 0.90760317444801342 0.83075928688049328 1.0095946192741396 1.0274149775505068 0.27500000596046453 0.021585190668702129 0.06666805595159532 -4.9679352741804898e-05 0.91075667738914501 0.93082192540168773 1.0206971764564516 -0.012184374965727328 0.033714421093463905 0.054196750745177276 0.4395796805620194 -0.00033045788586605335 0.034257708117365844 0.29411686956882482 -0.032418996095657342 0.98143813014030468 0.053962413221597678 0.27612960338592535 0.22500000149011615 0.85237580537796032 0.90935733914375316 0.67998734116554271 1.0256748199462893 0.021914101205766204 0.49999816715717321
decision_type=10 8 8 10 10 2 10 10 8 10 8 10 10 10 10 10 10 10 10 10 8 10 10 2 10 10 10 10 8 10
left_child=1 7 3 5 18 -3 16 24 10 25 12 -11 -8 -12 22 23 17 21 -5 -19 -9 -4 26 -16 -1 -10 -2 28 -18 -6
right_child=14 2 6 4 29 -7 8 20 9 11 13 -13 -14 -15 15 -17 27 19 -20 -21 -22 -23 -24 -25 -26 -27 -28 -29 -30 -31
leaf_value=-0.020722066006728643 -0.012519631592842626 0.020985053702702306 -0.00018759261236726387 -0.018915232684793729 0 0.0021269412664835577 -0.003701263053308325 0.0024225052149797026 0 -0.0014368376435324689 2.5188513945813814e-05 0.0033757765163225624 -0.00033988294065063086 0.0019301692342487339 0.018028594548796722 0 0.001140069699708168 0.0014508159441809429 0 -0.0090447577604675922 -0.015413221315081629 0.0043638431118176932 0.0046631568131286789 0.0014711170816771324 0 0.0044322002407245617 0.00022528321767230163 -0.0060722240628353474 0.0065384682662520148 0.016784765453758971
leaf_weight=245 213 425 36759 228 190 315 4139 442 23903 61736 32020 1771 29759 17498 519 337 37709 402 114 859 106 1601 1185 185 111 1436 413 415 969 114
leaf_count=245 213 425 36759 228 190 315 4139 442 23903 61736 32020 1771 29759 17498 519 337 37709 402 114 859 106 1601 1185 185 111 1436 413 415 969 114
internal_value=-4.53782e-05 -9.8958e-05 -7.23815e-05 0.0058564 -0.00272789 0.0136196 -0.000106782 -0.00703127 -0.000387602 -0.00085389 0.000105528 -0.00129689 -0.000761098 0.000704908 0.00457577 0.00946468 0.000503912 -0.000173148 -0.0121584 -0.00549422 -0.000920543 0 0.00152899 0.0142528 -0.0150905 0.000244709 -0.0039002 0.00119753 0.00128638 0.00705109
internal_weight=256118 253266 252362 1386 646 740 250976 904 172262 88846 83416 63507 33898 49518 2852 1041 78714 39621 342 1261 548 38360 1811 704 356 25339 626 39093 38678 304
internal_count=256118 253266 252362 1386 646 740 250976 904 172262 88846 83416 63507 33898 49518 2852 1041 78714 39621 342 1261 548 38360 1811 704 356 25339 626 39093 38678 304
is_linear=0
shrinkage=0.03


end of trees

feature_importances:
ROC30=24
KLEN=21
BETA20=20
RSQR5=20
RESI60=15
RESI5=14
STD20=13
STD60=13
RSQR30=13
BETA10=12
STD5=11
STD30=11
MIN10=11
RSQR10=10
RSQR60=10
IMXD10=10
HIGH0=9
ROC10=9
MA5=9
RESI20=9
SUMN20=9
MAX20=8
QTLU60=8
IMXD30=8
WVMA20=8
ROC60=7
RESI30=7
MAX10=7
QTLD20=7
KUP=6
ROC20=6
RSQR20=6
MAX30=6
QTLU20=6
KUP2=5
KLOW2=5
KSFT=5
LOW0=5
ROC5=5
MA20=5
STD10=5
RESI10=5
QTLU5=5
IMIN30=5
IMXD20=5
SUMP20=5
ORC_SIGNED_IMPACT_SHOCK_20=5
ORC_RETURN_PER_VOLUME_SURPRISE_20=5
KMID=4
VWAP0=4
QTLU10=4
RSV30=4
IMIN20=4
IMIN60=4
SUMN5=4
VSTD60=4
WVMA5=4
BETA60=3
MIN60=3
IMAX20=3
IMAX60=3
IMIN5=3
IMXD60=3
SUMP60=3
SUMN30=3
SUMD10=3
WVMA30=3
ORC_VOLUME_CLIMAX_10=3
KMID2=2
KLOW=2
KSFT2=2
OPEN0=2
MAX60=2
MIN30=2
QTLD5=2
QTLD10=2
RSV10=2
IMAX5=2
IMAX10=2
IMIN10=2
IMXD5=2
CORR60=2
CNTP60=2
CNTN20=2
CNTD30=2
SUMP10=2
SUMD20=2
SUMD30=2
SUMD60=2
WVMA10=2
MA60=1
BETA5=1
MAX5=1
MIN5=1
MIN20=1
QTLU30=1
QTLD60=1
RANK20=1
RSV5=1
CORR10=1
CORR30=1
CNTP5=1
CNTP30=1
CNTN60=1
CNTD60=1
SUMP5=1
SUMP30=1
SUMN10=1
SUMN60=1
VSTD20=1
WVMA60=1
VSUMP10=1
VSUMN5=1
ORC_VOLUME_STABILITY_TREND_20=1

parameters:
[boosting: gbdt]
[objective: regression]
[metric: l2]
[tree_learner: serial]
[device_type: cpu]
[data_sample_strategy: bagging]
[data: ]
[valid: ]
[num_iterations: 500]
[learning_rate: 0.03]
[num_leaves: 31]
[num_threads: 12]
[seed: 20260812]
[deterministic: 1]
[force_col_wise: 1]
[force_row_wise: 0]
[histogram_pool_size: -1]
[max_depth: 7]
[min_data_in_leaf: 100]
[min_sum_hessian_in_leaf: 0.001]
[bagging_fraction: 0.8]
[pos_bagging_fraction: 1]
[neg_bagging_fraction: 1]
[bagging_freq: 1]
[bagging_seed: 20260812]
[bagging_by_query: 0]
[feature_fraction: 0.8]
[feature_fraction_bynode: 1]
[feature_fraction_seed: 20260812]
[extra_trees: 0]
[extra_seed: 9622]
[early_stopping_round: 0]
[early_stopping_min_delta: 0]
[first_metric_only: 0]
[max_delta_step: 0]
[lambda_l1: 10]
[lambda_l2: 20]
[linear_lambda: 0]
[min_gain_to_split: 0]
[drop_rate: 0.1]
[max_drop: 50]
[skip_drop: 0.5]
[xgboost_dart_mode: 0]
[uniform_drop: 0]
[drop_seed: 26770]
[top_rate: 0.2]
[other_rate: 0.1]
[min_data_per_group: 100]
[max_cat_threshold: 32]
[cat_l2: 10]
[cat_smooth: 10]
[max_cat_to_onehot: 4]
[top_k: 20]
[monotone_constraints: ]
[monotone_constraints_method: basic]
[monotone_penalty: 0]
[feature_contri: ]
[forcedsplits_filename: ]
[refit_decay_rate: 0.9]
[cegb_tradeoff: 1]
[cegb_penalty_split: 0]
[cegb_penalty_feature_lazy: ]
[cegb_penalty_feature_coupled: ]
[path_smooth: 0]
[interaction_constraints: ]
[verbosity: 1]
[saved_feature_importance_type: 0]
[use_quantized_grad: 0]
[num_grad_quant_bins: 4]
[quant_train_renew_leaf: 0]
[stochastic_rounding: 1]
[linear_tree: 0]
[max_bin: 255]
[max_bin_by_feature: ]
[min_data_in_bin: 3]
[bin_construct_sample_cnt: 200000]
[data_random_seed: 20260812]
[is_enable_sparse: 1]
[enable_bundle: 1]
[use_missing: 1]
[zero_as_missing: 0]
[feature_pre_filter: 1]
[pre_partition: 0]
[two_round: 0]
[header: 0]
[label_column: ]
[weight_column: ]
[group_column: ]
[ignore_column: ]
[categorical_feature: ]
[forcedbins_filename: ]
[precise_float_parser: 0]
[parser_config_file: ]
[objective_seed: 6428]
[num_class: 1]
[is_unbalance: 0]
[scale_pos_weight: 1]
[sigmoid: 1]
[boost_from_average: 1]
[reg_sqrt: 0]
[alpha: 0.9]
[fair_c: 1]
[poisson_max_delta_step: 0.7]
[tweedie_variance_power: 1.5]
[lambdarank_truncation_level: 30]
[lambdarank_norm: 1]
[label_gain: ]
[lambdarank_position_bias_regularization: 0]
[eval_at: ]
[multi_error_top_k: 1]
[auc_mu_weights: ]
[num_machines: 1]
[local_listen_port: 12400]
[time_out: 120]
[machine_list_filename: ]
[machines: ]
[gpu_platform_id: -1]
[gpu_device_id: -1]
[gpu_device_id_list: ]
[gpu_use_dp: 0]
[num_gpu: 1]

end of parameters

pandas_categorical:null
