tree
version=v4
num_class=1
num_tree_per_iteration=1
label_index=0
max_feature_idx=157
objective=regression
feature_names=KMID KLEN KMID2 KUP KUP2 KLOW KLOW2 KSFT KSFT2 OPEN0 HIGH0 LOW0 VWAP0 ROC5 ROC10 ROC20 ROC30 ROC60 MA5 MA10 MA20 MA30 MA60 STD5 STD10 STD20 STD30 STD60 BETA5 BETA10 BETA20 BETA30 BETA60 RSQR5 RSQR10 RSQR20 RSQR30 RSQR60 RESI5 RESI10 RESI20 RESI30 RESI60 MAX5 MAX10 MAX20 MAX30 MAX60 MIN5 MIN10 MIN20 MIN30 MIN60 QTLU5 QTLU10 QTLU20 QTLU30 QTLU60 QTLD5 QTLD10 QTLD20 QTLD30 QTLD60 RANK5 RANK10 RANK20 RANK30 RANK60 RSV5 RSV10 RSV20 RSV30 RSV60 IMAX5 IMAX10 IMAX20 IMAX30 IMAX60 IMIN5 IMIN10 IMIN20 IMIN30 IMIN60 IMXD5 IMXD10 IMXD20 IMXD30 IMXD60 CORR5 CORR10 CORR20 CORR30 CORR60 CORD5 CORD10 CORD20 CORD30 CORD60 CNTP5 CNTP10 CNTP20 CNTP30 CNTP60 CNTN5 CNTN10 CNTN20 CNTN30 CNTN60 CNTD5 CNTD10 CNTD20 CNTD30 CNTD60 SUMP5 SUMP10 SUMP20 SUMP30 SUMP60 SUMN5 SUMN10 SUMN20 SUMN30 SUMN60 SUMD5 SUMD10 SUMD20 SUMD30 SUMD60 VMA5 VMA10 VMA20 VMA30 VMA60 VSTD5 VSTD10 VSTD20 VSTD30 VSTD60 WVMA5 WVMA10 WVMA20 WVMA30 WVMA60 VSUMP5 VSUMP10 VSUMP20 VSUMP30 VSUMP60 VSUMN5 VSUMN10 VSUMN20 VSUMN30 VSUMN60 VSUMD5 VSUMD10 VSUMD20 VSUMD30 VSUMD60
feature_infos=[-0.15568183362483978:0.222027987241745] [0:0.222027987241745] [-1:1] [0:0.22120867669582367] [0:1] [0:0.19577737152576447] [0:1] [-0.22120867669582367:0.222027987241745] [-1:1] [0.81831187009811401:1.1843876838684082] [1:1.2212086915969849] [0.80375176668167114:1] [0.86522871255874634:1.1014472246170044] [0.64969736337661743:1.5347062349319458] [0.58417785167694092:1.8924485445022583] [0.50147104263305664:2.2146341800689697] [0.45439684391021729:2.740487813949585] [0.3651520311832428:2.6513261795043945] [0.83368843793869019:1.2064073085784912] [0.73741543292999268:1.4220441579818726] [0.64989316463470459:1.7117466926574707] [0.60350066423416138:1.9959673881530762] [0.52184808254241943:1.8249267339706421] [0:0.15229916572570801] [0:0.2603875994682312] [0:0.36472421884536743] [0:0.57258552312850952] [0:0.50059491395950317] [-0.11732283234596252:0.079978801310062408] [-0.11732283234596252:0.079978801310062408] [-0.11732283234596252:0.079978801310062408] [-0.11732283234596252:0.079978801310062408] [-0.11732283234596252:0.079978801310062408] [0:1] [0:1] [0:1] [0:1] [0:1] [-0.087322920560836792:0.076547868549823761] [-0.24554997682571411:0.18788224458694458] [-0.26889833807945251:0.27287426590919495] [-0.40098747611045837:0.27581575512886047] [-0.96870207786560059:0.31819191575050354] [1:1.5713194608688354] [1:1.9298244714736938] [1:2.2439024448394775] [1:3.3160974979400635] [1:3.3160974979400635] [0.61784285306930542:1] [0.56881332397460938:1] [0.47760707139968872:1] [0.44164761900901794:1] [0.35305655002593994:1] [0.91673558950424194:1.3299539089202881] [0.84263509511947632:1.6361554861068726] [0.6993948221206665:2.054157018661499] [0.65809893608093262:2.423609733581543] [0.58547526597976685:2.2013657093048096] [0.73728358745574951:1.0892980098724365] [0.62118339538574219:1.2103414535522461] [0.5237005352973938:1.3664377927780151] [0.48244524002075195:1.5493515729904175] [0.43624064326286316:1.5099923610687256] [0.20000000298023224:1] [0.10000000149011612:1] [0.05000000074505806:1] [0.033333335071802139:1] [0.01666666753590107:1] [0:1] [0:1] [0:1] [0:1] [0:1] [0.20000000298023224:1] [0.10000000149011612:1] [0.05000000074505806:1] [0.033333335071802139:1] [0.01666666753590107:1] [0.20000000298023224:1] [0.10000000149011612:1] [0.05000000074505806:1] [0.033333335071802139:1] [0.01666666753590107:1] [-0.80000001192092896:0.80000001192092896] [-0.89999997615814209:0.89999997615814209] [-0.94999998807907104:0.94999998807907104] [-0.96666663885116577:0.96666663885116577] [-0.98333334922790527:0.98333334922790527] [-1:1] [-1:1] [-1:1] [-1:1] [-1:1] [-1:1] [-1:1] [-1:1] [-1:1] [-1:1] [0:1] [0:1] [0:0.91666668653488159] [0:0.91666668653488159] [0:0.91666668653488159] [0:1] [0:1] [0:0.89999997615814209] [0:0.8461538553237915] [0:0.8461538553237915] [-1:1] [-1:1] [-0.83333331346511841:0.91666668653488159] [-0.83333331346511841:0.91666668653488159] [-0.83333331346511841:0.91666668653488159] [0:1] [0:1] [0:1] [0:1] [0:1] [0:1] [0:1] [0:1] [0:1] [0:1] [-1:1] [-1:1] [-1:1] [-1:1] [-1:1] [0.20030206441879272:26452.083984375] [0.10019464790821075:23627.859375] [0.050386160612106323:26698.134765625] [0.033777147531509399:28136.5] [0.019384508952498436:26107.111328125] [0.00080492562847211957:59102.5] [0.0021778203081339598:58684.484375] [0.0021778203081339598:56418.4921875] [0.0021778203081339598:57003.12109375] [0.0021778203081339598:42065.70703125] [0:2.2360680103302002] [0:3.1571931838989258] [0:4.4648346900939941] [0:5.4658303260803223] [0:7.5907325744628906] [0:1] [0:1] [0:1] [0:1] [0:1] [0:1] [0:1] [0:1] [0:1] [0:1] [-1:1] [-1:1] [-1:1] [-1:1] [-1:1]
tree_sizes=3069 3073 3058 3061 3017 3039 3068 3074 3111 3102 3106 3053 3102 3083 3086 3061 3115 3067

Tree=0
num_leaves=31
num_cat=0
split_feature=16 26 37 20 14 46 33 34 56 36 40 20 138 80 33 35 2 32 86 18 3 7 113 13 82 28 82 32 37 154
split_gain=179.392 123.512 66.5121 82.8286 84.929 78.8595 61.9876 61.3022 60.7606 54.8795 47.3111 63.1444 46.8522 54.4814 44.9154 42.8596 38.4048 47.8529 42.5143 44.2493 39.121 37.4495 37.3468 28.1575 40.7983 26.5877 24.3615 23.7908 22.4463 22.3128
threshold=1.2151475548744204 0.016400401480495933 0.73889037966728222 0.89732930064201366 0.88995426893234264 1.0084223151206972 0.50260651111602794 0.48182286322116857 1.1673160791397097 0.80519533157348644 -0.055662497878074639 1.0881099700927737 0.7758862078189851 0.075000001117587103 0.83999952673912059 0.70461541414260875 0.88889041543006908 -0.0038470660801976915 0.81666666269302379 0.94453945755958568 0.014767048414796593 -0.035425014793872826 0.55909729003906261 1.040205776691437 0.14166667312383655 0.014428133610635998 0.25833334028720861 -0.003051670733839273 0.83889341354370128 -0.05800961144268512
decision_type=10 10 10 10 8 10 8 10 10 10 10 10 10 2 10 10 10 10 2 10 10 10 8 10 2 10 2 10 10 10
left_child=1 22 3 12 14 7 -7 -6 27 -10 11 23 13 -3 15 -5 18 -18 19 -12 -20 -11 -1 -4 -25 -14 -24 -2 -28 -29
right_child=8 2 10 4 5 6 -8 -9 9 21 16 -13 25 -15 -16 -17 17 -19 20 -21 -22 -23 26 24 -26 -27 28 29 -30 -31
leaf_value=0.00057986991107256429 0.0029162940919012772 -1.1020315907529805e-09 0.019492415516847196 0.014793933194980752 0.005266754561264928 -0.0015700902377972252 -0.00029618093107219618 0.00026317891670421485 0.0039169553394750294 -1.1020315907529805e-09 -0.013159298498872174 -0.0085107075144571203 0.0034105617381163986 -0.02351731308459773 -0.0029487399432954627 0.001851950599456579 0.011847466143984941 0.001599378824716647 0.0017417502185262022 -3.598314644123455e-05 0.010142789897777556 0.015123511012751768 0.0012941478361079852 -1.1020315907529805e-09 0.014364948806615912 -0.0072281424544781625 0.0032721358094680783 -0.015833682291365204 0.014903116317462833 -1.1020315907529805e-09
leaf_weight=24919 792 122 221 608 3124 66737 72342 7855 1245 213 213 171 258 283 283 467 541 1931 4462 39825 574 1195 9823 428 287 617 8704 118 150 128
leaf_count=24919 792 122 221 608 3124 66737 72342 7855 1245 213 213 171 258 283 283 467 541 1931 4462 39825 574 1195 9823 428 287 617 8704 118 150 128
internal_value=8.98792e-06 -8.89789e-05 -0.000403617 -0.000712242 -0.000645266 -0.000715065 -0.00090976 0.00172118 0.00655662 0.00895196 0.000558722 0.00665164 -0.00827246 -0.0167012 0.0067482 0.00958218 0.000407818 0.00403965 0.000200281 -0.000119823 0.00279496 0.0130768 0.00135683 0.00985559 0.00601941 -0.00374993 0.00237567 9.73855e-05 0.00353613 -0.00738721
internal_weight=248636 244945 201349 152696 151416 150058 139079 10979 3691 2653 48653 1107 1280 405 1358 1075 47546 2472 45074 40038 5036 1408 43596 936 715 875 18677 1038 8854 246
internal_count=248636 244945 201349 152696 151416 150058 139079 10979 3691 2653 48653 1107 1280 405 1358 1075 47546 2472 45074 40038 5036 1408 43596 936 715 875 18677 1038 8854 246
is_linear=0
shrinkage=1


Tree=1
num_leaves=31
num_cat=0
split_feature=16 26 36 29 40 41 71 20 14 67 41 137 24 33 60 43 13 10 5 78 24 34 28 18 11 58 77 97 148 83
split_gain=162.942 119.033 66.4546 64.68 106.424 84.7965 77.8655 77.0348 85.9695 79.0996 74.5291 68.9464 61.8155 57.113 58.9673 54.8366 53.2107 61.1859 50.8803 45.2653 45.2074 44.0412 42.0599 41.4601 39.8857 38.6895 44.2054 38.144 34.9349 31.7586
threshold=1.2151475548744204 0.020034341141581539 0.80519533157348644 -0.0012002921430394051 -0.028289051726460453 -0.027876711450517174 0.54794541001319896 0.89732930064201366 0.91360297799110424 0.97530490159988414 -0.037106962874531739 0.61041837930679332 0.036484904587268836 0.59221342206001293 1.0146811008453371 1.0109711289405825 0.98277598619461071 1.0161193013191225 0.0077444296330213555 0.5000000149011613 0.01572738774120808 0.82568907737731945 -0.01115070655941963 1.021253287792206 0.99467185139656078 0.97586205601692211 0.041666667908430106 0.22658883780241015 0.38135628402233129 -1.0000000180025095e-35
decision_type=10 10 10 8 10 10 10 10 8 10 10 10 10 10 10 8 8 10 10 10 10 10 10 10 10 10 2 10 10 10
left_child=1 15 -2 5 6 19 28 18 9 -9 -10 16 13 14 -4 25 17 -7 27 20 -3 -20 -8 -18 -15 26 -1 -6 -5 -22
right_child=2 3 12 4 7 11 22 8 10 -11 -12 -13 -14 24 -16 -17 23 -19 21 -21 29 -23 -24 -25 -26 -27 -28 -29 -30 -31
leaf_value=-0.0030090314840817822 0.0021908096269537634 0.0044166442924488247 0.0060427968669438939 -0.011698701103947327 -0.0033894825400932909 -0.0043814052099854063 0.012039179530959459 0.0062785087820183315 -0.0091484783634971055 -0.00029172601348400543 -0.00028144819779749773 -1.4250451068371655e-05 0.015198300149222218 0 -0.01682769994280086 0.00022865193192693649 -0.0018073452139453522 -0.016438112792304969 0.0061991105387772649 0.00061568893443348901 -0.010456826918979157 -0.0066124505753237042 0.0042943909760819517 -0.0056592949632651764 0.020069883318351849 0.0014406211260065815 0.0056058283661587641 -0.016411660210767957 3.4176779608293157e-05 -0.0022096949306534951
leaf_weight=557 1936 447 171 266 451 3448 872 3472 845 2964 82474 13381 1036 166 175 41786 30742 442 401 23747 777 529 3296 2829 190 24683 4033 529 894 1180
leaf_count=557 1936 447 171 266 451 3448 872 3472 845 2964 82474 13381 1036 166 175 41786 30742 442 401 23747 777 529 3296 2829 190 24683 4033 529 894 1180
internal_value=-2.86835e-06 -9.83398e-05 0.00624964 -0.000521997 -3.49932e-06 -0.00117111 0.00410706 -0.00024654 -0.000115591 0.00321469 -0.000377149 -0.00188551 0.0105239 0.00297996 -0.00499242 0.000934607 -0.00254556 -0.00590515 -0.00617972 0.000206715 -0.00368117 -0.000758326 0.00603609 -0.00214405 0.0113797 0.00193124 0.00448681 -0.0109064 -0.00255474 -0.00570851
internal_weight=248719 245045 3674 173986 96993 76993 5328 91665 89755 6436 83319 50842 1738 702 346 71059 37461 3890 1910 26151 2404 930 4168 33571 356 29273 4590 980 1160 1957
internal_count=248719 245045 3674 173986 96993 76993 5328 91665 89755 6436 83319 50842 1738 702 346 71059 37461 3890 1910 26151 2404 930 4168 33571 356 29273 4590 980 1160 1957
is_linear=0
shrinkage=0.03


Tree=2
num_leaves=31
num_cat=0
split_feature=16 26 29 22 40 71 54 33 41 1 120 44 127 100 25 18 55 112 30 43 51 1 78 54 50 103 86 118 41 16
split_gain=163.269 113.411 70.3228 66.8953 64.0301 82.8125 61.8479 60.576 58.2641 87.383 56.0535 50.9791 59.2306 48.9647 46.9362 43.7552 50.1376 49.1952 42.7711 41.2832 49.7987 42.8064 39.3059 65.5501 38.4785 53.2519 34.9802 33.076 31.404 30.2539
threshold=1.2151475548744204 0.016400401480495933 -0.00046060778549872333 1.09774386882782 -0.030221941880881783 0.58108118176460277 1.0406622290611269 0.4670099169015885 -0.027876711450517174 0.022181132808327678 0.25779503583908087 1.0244465470314028 -0.33783775568008417 0.62019231915473949 0.047617644071578986 0.99708029627799999 1.0690266489982607 0.10084745660424234 -0.0067805156577378503 1.1279049515724184 0.95742258429527294 0.050490872934460647 0.30000000447034841 1.0764030218124392 0.95744842290878307 0.45000000298023229 -0.516666680574417 0.38181903958320623 0.037134021520614631 1.0791457295417788
decision_type=10 10 10 10 10 10 10 10 10 10 10 10 10 2 10 10 10 2 10 10 10 10 10 10 10 2 2 10 10 10
left_child=1 27 8 4 5 7 10 -4 15 24 -6 29 -13 -7 26 16 17 -3 22 21 -21 -17 28 -24 25 -10 -5 -1 -2 -11
right_child=18 2 3 14 6 13 -8 -9 9 11 -12 12 -14 -15 -16 19 -18 -19 -20 20 -22 -23 23 -25 -26 -27 -28 -29 -30 -31
leaf_value=0.002411193158784972 0.0042896278501561311 -0.013810812929379088 -0.015753127021862819 0.01060219673748731 -0.002191488921221531 0.0092460470944254244 -0.01115744087659622 0.00067105156827418811 -0.0045409512782557393 -0.00072909965037940363 0.00018157574860006904 0.0034549682392380886 -0.0038607724507741582 0.00069690895248825048 -0.00029925646622513323 0.00036048392927043348 0.003710817813768719 -2.323354196133289e-05 0.0014128659161295083 -0.013439143121804241 0 0.0055775425703563338 -6.4924906062500639e-05 0.010626558938298928 -0.00024084877801655349 0 0.00054846754602710099 0.00066332782308416659 0.027583930091235168 0.0068299169223491746
leaf_weight=15554 133 603 251 1191 9977 1868 435 671 4909 2495 85564 992 19231 1008 915 25300 383 443 1233 396 648 1496 729 1383 37574 4215 510 27988 167 558
leaf_count=15554 133 603 251 1191 9977 1868 435 671 4909 2495 85564 992 19231 1008 915 25300 383 443 1233 396 648 1496 729 1383 37574 4215 510 27988 167 558
internal_value=1.62116e-06 -9.11187e-05 -0.00039212 0.000156945 2.92862e-05 0.00384169 -0.000119223 -0.00372123 -0.000961536 -0.00143197 -6.35022e-05 -0.0029367 -0.00348403 0.00637878 0.00487486 0.000153102 -0.00491334 -0.00836294 0.00628793 0.000427266 -0.00533776 0.000666878 0.00862456 0.00682947 -0.000674598 -0.0024236 0.00780357 0.0012954 0.0191078 0.000590305
internal_weight=248820 245175 201633 102390 99774 3798 95976 922 99243 69974 95541 23276 20223 2876 2616 29269 1429 1046 3645 27840 1044 26796 2412 2112 46698 9124 1701 43542 300 3053
internal_count=248820 245175 201633 102390 99774 3798 95976 922 99243 69974 95541 23276 20223 2876 2616 29269 1429 1046 3645 27840 1044 26796 2412 2112 46698 9124 1701 43542 300 3053
is_linear=0
shrinkage=0.03


Tree=3
num_leaves=31
num_cat=0
split_feature=16 25 29 38 84 40 115 31 13 51 115 9 78 23 49 82 71 85 23 30 29 52 64 60 57 121 52 29 77 25
split_gain=142.132 104.183 72.5492 60.7552 75.0945 66.0724 55.3859 55.3515 69.4261 57.78 48.6842 47.9612 45.6951 44.7388 43.9616 40.4525 40.3337 39.7648 39.2764 39.203 39.1663 34.7603 34.4901 35.5254 32.5178 32.1647 49.8989 34.0428 33.1423 30.4853
threshold=1.2151475548744204 0.012392910197377207 -0.0003210411086911335 -0.022435130551457402 0.65000000596046459 -0.030221941880881783 0.29230771958827978 -0.0021280217915773387 1.1129574775695803 0.97816255688667308 0.78512868285179149 0.97178682684898388 0.5000000149011613 0.03551148064434529 0.83784833550453197 0.25833334028720861 0.54794541001319896 -0.42499999701976771 0.031540501862764365 -0.0067805156577378503 -0.015438541304320095 0.86395967006683361 0.69374999403953563 0.98175793886184703 1.2614058256149294 0.63936173915863048 0.93964114785194408 -0.010963418986648319 0.041666667908430106 0.039029732346534736
decision_type=10 10 10 8 2 10 8 10 8 10 10 10 10 10 10 2 10 2 10 10 10 10 10 10 10 10 10 10 2 10
left_child=1 -1 6 4 22 16 20 15 12 -10 14 -12 -9 -6 -7 17 -5 -8 -18 25 -3 -17 23 -4 29 -2 -27 28 -28 -22
right_child=19 2 3 5 13 10 7 8 9 -11 11 -13 -14 -15 -16 21 18 -19 -20 -21 24 -23 -24 -25 -26 26 27 -29 -30 -31
leaf_value=0.0013974099892443926 0 0.0077816853361927264 0.015260689919399308 -0.0017759626355849734 -0.0067803239236935734 0.0059458328124755095 0.0013682849995417655 -0.0020830690613784369 -0.016901616076433847 0 -0.010052141713826224 -0.0014596523689326981 -0.00013882930467673605 -0.028052406587156947 0.00021735154804127676 -0.010848610683176449 0.004817452610684521 -0.0044985330106276193 0.019037020062965433 0.0012660966825800064 -0.00024146460284996192 -0.0027263491449641291 -0.0076887123380655759 -0.003788739290612284 -0.0082862129097899043 0.018566006265619866 -0.0033676388702083993 0.00016070289073428156 0.01185905662515958 0.0027481813365235349
leaf_weight=35758 376 664 184 671 318 1207 4223 14217 414 301 682 4522 47872 162 93474 496 2475 1356 193 1273 10046 20734 213 108 354 455 107 569 890 4309
leaf_count=35758 376 664 184 671 318 1207 4223 14217 414 301 682 4522 47872 162 93474 496 2475 1356 193 1273 10046 20734 213 108 354 455 107 569 890 4309
internal_value=-7.67911e-06 -9.69101e-05 -0.000353879 0.00020452 -0.00712491 0.000278733 -0.000910937 -0.00119759 -0.000703217 -0.00989582 0.000136432 -0.00267732 -0.000589375 -0.0153946 0.000294787 -0.00234317 0.00442014 -1.50649e-05 0.00609168 0.00583496 0.000739942 -0.00294026 0.000450956 0.00746225 0.000391558 0.00810672 0.00959214 0.00659439 0.00989582 0.000637655
internal_weight=248623 244953 209195 104209 985 103224 104986 89613 62804 715 99885 5204 62089 480 94681 26809 3339 5579 2668 3670 15373 21230 505 292 14709 2397 2021 1566 997 14355
internal_count=248623 244953 209195 104209 985 103224 104986 89613 62804 715 99885 5204 62089 480 94681 26809 3339 5579 2668 3670 15373 21230 505 292 14709 2397 2021 1566 997 14355
is_linear=0
shrinkage=0.03


Tree=4
num_leaves=31
num_cat=0
split_feature=16 26 29 41 1 57 38 84 40 23 41 29 46 0 10 15 61 13 61 1 78 39 22 36 140 45 23 76 34 58
split_gain=136.427 107.61 74.8341 80.236 85.1051 62.7721 69.0877 83.9153 66.6638 63.2609 61.5799 53.2122 47.3536 45.7136 41.0553 40.7454 42.9494 38.6762 87.2019 49.3265 42.9349 38.6378 38.1756 37.3796 51.6348 37.0252 34.917 34.8911 33.1408 31.5321
threshold=1.2151475548744204 0.016400401480495933 -0.0015315865166485307 -0.030129293911159035 0.022181132808327678 1.1782376170158388 -0.022435130551457402 0.65000000596046459 -0.029562827199697491 0.03551148064434529 -0.036328457295894616 -0.01052744686603546 1.1149232983589175 -0.036216143518686288 1.0153228640556338 1.120919466018677 0.97844639420509349 1.1129574775695803 1.0383026599884035 0.052246628329157836 0.5000000149011613 0.022997444495558742 1.1607000231742861 0.80519533157348644 0.7878873646259309 1.0481062531471255 0.016866184771060947 0.61666667461395275 0.52330145239830028 0.97586205601692211
decision_type=10 10 10 10 10 10 10 2 10 10 10 10 10 10 10 10 10 8 10 10 10 10 10 10 10 10 10 2 10 8
left_child=1 29 3 17 21 6 7 13 12 -9 -10 -6 -8 -4 -13 16 25 19 -19 20 -3 -5 28 -24 -25 -7 -26 -21 -2 -1
right_child=22 2 5 4 11 15 8 9 10 -11 -12 14 -14 -15 -16 -17 -18 18 -20 27 -22 -23 23 24 26 -27 -28 -29 -30 -31
leaf_value=0.0045520843928246527 0.0053351348119724676 -0.0039803454539839665 0.010423991113435477 -0.00061757973524026303 0.0016164046964169752 0.0073928123067763781 0.0042905036861736415 -0.0065589029481958865 -0.0069375719295043554 -0.031318229968436875 -2.5872205657758105e-05 -0.0026034835301771242 -0.0084008548560260392 -0.0075299769507595482 -0.0056167167990644846 -0.0018293671982210471 0.0093660216111815173 -0.017940060197887523 0 0.0099554891833070897 0.00068463883591539495 -0.0053654272563516663 0.0035595640843685281 0 0 -0.0033293666424571724 0.016241848043298916 0 -0.0051131890599884263 0.0010462946963056519
leaf_weight=2498 599 1915 220 36175 1753 488 4477 303 1154 164 108373 11905 248 247 6816 708 1449 313 859 819 20479 1616 1319 286 143 621 925 480 458 41095
leaf_count=2498 599 1915 220 36175 1753 488 4477 303 1154 164 108373 11905 248 247 6816 708 1449 313 859 819 20479 1616 1319 286 143 621 925 480 458 41095
internal_value=-5.45576e-06 -9.35111e-05 -0.000386946 -0.00107711 -0.00168667 9.49794e-05 -1.90609e-05 -0.00806061 4.5452e-05 -0.0167989 -0.000102687 -0.00324859 0.00352855 0.000392719 -0.00372138 0.00418391 0.00596591 0.000339412 -0.00490625 0.000615465 0.000269137 -0.00083127 0.0056721 0.00757966 0.0111687 0.00117044 0.0141507 0.00626389 0.000518425 0.00125606
internal_weight=248905 245175 201582 83130 58265 118452 115186 934 114252 467 109527 20474 4725 467 18721 3266 2558 24865 1172 23693 22394 37791 3730 2673 1354 1109 1068 1299 1057 43593
internal_count=248905 245175 201582 83130 58265 118452 115186 934 114252 467 109527 20474 4725 467 18721 3266 2558 24865 1172 23693 22394 37791 3730 2673 1354 1109 1068 1299 1057 43593
is_linear=0
shrinkage=0.03


Tree=5
num_leaves=31
num_cat=0
split_feature=16 25 29 41 10 20 25 10 22 35 36 42 0 24 119 137 42 35 33 19 53 42 35 24 61 34 12 85 1 28
split_gain=154.544 92.7692 74.1154 69.9691 64.7229 63.3143 63.948 101.148 80.7759 75.0935 62.3637 58.5121 56.6888 56.6736 55.8685 55.4629 56.7781 44.1709 44.1157 61.6574 39.6914 37.3581 36.0063 34.445 52.5858 32.9426 34.4575 32.8268 30.8178 50.4679
threshold=1.2151475548744204 0.012392910197377207 -0.00046060778549872333 -0.027876711450517174 1.022060811519623 0.89732930064201366 0.04187228903174401 1.0171866416931155 1.0937129855155947 0.11806614324450494 0.80519533157348644 0.10716242715716363 -0.029999971389770504 0.037851421162486083 0.22222215682268145 0.54004633426666271 0.082985803484916701 0.90280634164810192 0.61825513839721691 1.0173655748367312 1.0082946419715884 -0.001930439146235585 0.90744709968566906 0.027249849401414398 1.0518308877944949 0.68806564807891857 0.98836982250213634 0.62500000000000011 0.017071452923119072 0.0012845944147557022
decision_type=10 10 10 10 10 10 10 10 10 10 10 10 10 10 10 10 10 10 10 10 10 10 10 10 10 10 10 2 10 8
left_child=1 28 3 20 15 11 8 9 12 -8 -2 -4 -7 18 -9 16 -5 21 19 -12 25 -6 27 -22 -25 26 -3 -13 -1 -30
right_child=10 2 5 4 17 6 7 14 -10 -11 13 22 -14 -15 -16 -17 -18 -19 -20 -21 23 -23 -24 24 -26 -27 -28 -29 29 -31
leaf_value=0.0017482413218002384 0.002213805740667684 0.0076812999300260587 0 -0.0018559632617063447 -0.0068338429526684516 -0.0070288913520106296 0.010986598277599345 0.014969816929372699 0.0064993818132280624 -0.00031134542728409085 0.0087543542816099478 0 -9.797286636068223e-06 0.015127397145799316 0.0045520271769223779 2.1345456098695287e-06 0.016036860005586011 0.0060736425375029195 0.01069441563206768 -0.014116794208396996 0.0015735054954715431 0 0.0013897567699553773 -0.0024796793084082666 0.0016522449116491034 0.00022235739043153485 -0.0076381018538757743 -0.015134199532691147 -0.0025477191709106679 0.00253361664725683
leaf_weight=28542 1982 111 977 45124 3702 1029 544 562 1683 8159 167 111 88477 963 3696 23231 137 275 368 207 15663 859 150 6101 4977 1251 1343 704 4233 2951
leaf_count=28542 1982 111 977 45124 3702 1029 544 562 1683 8159 167 111 88477 963 3696 23231 137 275 368 207 15663 859 150 6101 4977 1251 1343 704 4233 2951
internal_value=-1.27946e-05 -0.000106132 -0.000348929 -0.000923553 -0.00142021 0.000204966 0.000308206 0.00227854 2.44286e-05 0.000384036 0.00606535 -0.00512562 -9.53951e-05 0.0102911 0.00606072 -0.0011767 -0.00178812 -0.00478811 0.00338843 -0.00321687 0.000303182 -0.00553216 -0.0102856 0.000663482 -0.000596671 -0.00312729 -0.00617672 -0.0127755 0.00130435 -0.000417556
internal_weight=248279 244592 208866 102774 73328 106092 104150 12961 91189 8703 3687 1942 89506 1705 4258 68492 45261 4836 742 374 29446 4561 965 26741 11078 2705 1454 815 35726 7184
internal_count=248279 244592 208866 102774 73328 106092 104150 12961 91189 8703 3687 1942 89506 1705 4258 68492 45261 4836 742 374 29446 4561 965 26741 11078 2705 1454 815 35726 7184
is_linear=0
shrinkage=0.03


Tree=6
num_leaves=31
num_cat=0
split_feature=16 25 29 42 6 39 4 22 3 115 26 23 70 42 15 13 76 62 82 15 23 16 25 32 33 53 140 1 28 35
split_gain=126.128 91.6454 74.9291 60.4525 67.6523 65.9213 60.2382 59.3519 53.5108 57.7192 56.9769 54.0985 74.4127 46.0168 52.0119 44.473 43.0327 38.7287 37.7112 37.6217 36.1677 36.0071 34.7179 31.818 32.3496 31.5266 32.7055 28.551 36.0319 27.4451
threshold=1.2151475548744204 0.012392910197377207 -0.00022914144210517404 -0.07473274320363997 0.10000006109476091 0.018645575270056728 0.42499925196170812 1.09774386882782 0.018055581487715248 0.7461538314819337 0.065046928822994246 0.015685684978961948 0.90275055170059215 0.065215095877647414 0.89668038487434398 0.98640039563179027 0.18333333730697635 0.92505267262458812 0.025000001303851608 0.90965220332145702 0.017117736861109737 1.0027087926864626 0.047617644071578986 -0.0014612891245633362 0.96600070595741283 1.0002060532569887 1.1849287152290346 0.017526829615235332 0.00088408973533660184 0.56379541754722606
decision_type=10 10 8 10 10 10 10 10 10 10 10 10 10 10 8 8 2 10 2 10 10 8 10 10 10 10 10 10 8 10
left_child=1 27 3 4 -3 6 -6 8 9 10 -4 22 -13 14 18 -16 25 -11 -5 -15 -2 -7 -10 24 29 -9 -27 -1 -29 -22
right_child=20 2 7 13 5 21 -8 16 11 17 -12 12 -14 19 15 -17 -18 -19 -20 -21 23 -23 -24 -25 -26 26 -28 28 -30 -31
leaf_value=0.0016912805897663819 -0.00023643928758202145 -0.0023383791585195528 5.2891313835667827e-05 0.0031511827658612969 0.006110163618045221 -0.017326206211333295 -0.001899121416461536 0 -0.0032937751899132514 -0.003342488340086722 0.0040458663936667142 0.0083591390916469572 -0.015302860287964836 0.015871560866447542 -0.0029962079951632204 -0.0008731115286387687 -0.00094502636868396385 0.0011554060062391929 -0.009387702113542085 2.2644052168226426e-05 0.003578616979500052 -0.00070510069736681529 0.0088005185105045729 -3.0707601191742077e-06 -0.0039845095056843778 0.012516683059436096 0.0015940362458893409 -0.0024275868222786274 0.0020187221406879939 0.011282162668461115
leaf_weight=29119 709 2736 84464 216 4165 148 983 384 1062 7155 3332 1922 101 233 10079 85413 740 2140 1105 373 763 543 241 428 141 950 430 3741 2844 1652
leaf_count=29119 709 2736 84464 216 4165 148 983 384 1062 7155 3332 1922 101 233 10079 85413 740 2140 1105 373 763 543 241 428 141 950 430 3741 2844 1652
internal_value=-3.20815e-05 -0.00011657 -0.000357772 -0.000918091 0.00147922 0.00332112 0.00452133 0.000216428 9.91508e-05 -2.63252e-05 0.000208734 0.00382991 0.00689271 -0.00113245 -0.00118729 -0.00110092 0.00476264 -0.00227447 -0.0070973 0.00690799 0.00545397 -0.00507423 -0.000730861 0.00689845 0.00816162 0.00730892 0.00939893 0.00128579 -0.000461549 0.00902088
internal_weight=248312 244619 208915 105994 8575 5839 5148 102921 100417 97091 87796 3326 2023 97419 96813 95492 2504 9295 1321 606 3693 691 1303 2984 2556 1764 1380 35704 6585 2415
internal_count=248312 244619 208915 105994 8575 5839 5148 102921 100417 97091 87796 3326 2023 97419 96813 95492 2504 9295 1321 606 3693 691 1303 2984 2556 1764 1380 35704 6585 2415
is_linear=0
shrinkage=0.03


Tree=7
num_leaves=31
num_cat=0
split_feature=16 26 27 33 44 40 102 55 53 2 43 30 120 11 58 77 77 113 35 23 35 86 36 14 46 24 33 28 86 11
split_gain=128.066 86.9482 65.8166 78.4038 71.0148 60.2044 60.1478 54.117 52.6342 48.0811 47.6969 47.5774 54.5532 45.8645 58.9978 73.0265 58.8059 47.2907 46.1612 45.7647 44.683 43.4249 42.5469 41.367 38.6927 37.5571 42.3462 32.2888 31.2892 30.8301
threshold=1.2335177063941958 0.020034341141581539 0.076334711164236083 0.38093960285186773 1.0432354211807253 0.025727253407239917 0.53529900312423717 0.92343327403068554 1.0497376322746279 -0.57142803072929371 1.0102041363716128 0.007042795419692994 0.12879738211631778 0.97423511743545543 0.9609433412551881 0.94166666269302379 0.058333335444331176 0.83333525061607372 0.88649249076843273 0.026319059543311599 0.67289361357688915 -0.81666666269302357 0.80519533157348644 0.91666665673255932 1.0046938061714175 0.037851421162486083 0.55087414383888256 0.012582588940858843 -0.84999999403953541 0.9908062517642976
decision_type=10 10 8 8 10 10 2 10 10 10 8 10 10 10 10 2 2 10 10 10 10 2 10 8 8 10 10 10 2 8
left_child=1 10 3 4 9 6 21 -4 20 -3 19 24 -13 16 17 -16 27 -15 -18 -1 -6 -5 -2 -11 -7 26 -24 -9 -27 -12
right_child=22 2 7 5 8 11 -8 13 -10 23 29 12 -14 14 15 -17 18 -19 -20 -21 -22 -23 25 -25 -26 28 -28 -29 -30 -31
leaf_value=0.0017261673952248095 0.002721320024125424 0.0014626396552576341 -0.01180711132815552 -0.0018290830699407108 -0.004071407707683895 0.00275509906588661 0.0021973689565327938 0.013326102207323174 -0.0152281647759484 0.0045193115649708486 -0.001340985470949004 0.0033040139298726691 -0.014919900603487458 -0.0081366279426954864 0.00037546765347905948 0.0068865432382784562 0.0030618059804591335 0.0010777303898064894 -0.008133241086366004 0.020099910310513915 -0.00098262116085380807 0.00021372183061673468 -0.0063913148806003005 -0.0014941265767328157 -0.0020383273453342325 0.0064663384799625995 0.010711481310020338 0 0.020592204484118103 0.00063148471687031428
leaf_weight=27583 1510 6989 266 11156 10614 1655 11819 737 306 1025 8914 167 477 1180 14350 1738 4122 765 329 106 7508 57151 199 29415 12628 367 269 188 414 34511
leaf_count=27583 1510 6989 266 11156 10614 1655 11819 737 306 1025 8914 167 477 1180 14350 1738 4122 765 329 106 7508 57151 199 29415 12628 367 269 188 414 34511
internal_value=3.62205e-05 -3.49954e-05 -0.000396349 -0.000628331 -0.00152052 -0.000100678 0.000221989 0.00106898 -0.00304949 -0.000758506 0.000847772 -0.00185076 -0.00978515 0.00123805 0.000492111 0.00110517 0.00367352 -0.00438572 0.00213453 0.00182179 -0.00281074 -0.000115959 0.00644082 -0.00127895 -0.00145885 0.0105874 0.00286049 0.0105596 0.014656 0.000219253
internal_weight=248458 245699 174585 150910 55857 95053 80126 23675 18428 37429 71114 14927 644 23409 18033 16088 5376 1945 4451 27689 18122 68307 2759 30440 14283 1249 468 925 781 43425
internal_count=248458 245699 174585 150910 55857 95053 80126 23675 18428 37429 71114 14927 644 23409 18033 16088 5376 1945 4451 27689 18122 68307 2759 30440 14283 1249 468 925 781 43425
is_linear=0
shrinkage=0.03


Tree=8
num_leaves=31
num_cat=0
split_feature=16 47 20 9 52 139 40 37 2 35 14 82 31 19 45 75 34 28 27 114 81 36 52 33 59 45 29 14 38 5
split_gain=120.273 76.6563 61.1995 58.7219 58.0457 50.6056 47.4952 42.1057 49.3324 48.7271 96.3317 62.0457 45.886 44.1282 60.1185 43.6413 70.9973 62.9609 58.559 46.2148 44.1506 40.8652 54.6055 66.4618 55.8251 38.9331 67.8214 52.1988 87.8332 49.987
threshold=1.2151475548744204 1.0944656729698183 0.89732930064201366 0.97278350591659557 0.6560027301311494 0.896030753850937 -0.055662497878074639 0.84503474831581127 0.88235434889793407 0.46398161351680761 0.86817729473114025 0.97499999403953563 -0.0011102566495537756 1.0514754056930544 1.1451701521873476 0.22500000149011615 0.062037982046604163 0.010620000772178175 0.050112720578908927 0.15328475832939151 0.15000000596046451 0.80519533157348644 0.92205482721328746 0.60560762882232677 1.0018923878669741 1.0105505585670473 0.0065223609562963256 0.9221821427345277 -0.022435130551457402 0.0064850705675780782
decision_type=10 10 8 10 10 10 8 10 10 10 8 2 10 10 10 2 10 10 10 8 2 10 10 10 10 8 10 8 10 10
left_child=1 2 3 4 -1 -6 -4 9 13 10 -3 -12 -13 14 -9 19 18 -18 -17 -11 -21 -2 -23 24 -24 26 -8 28 -27 -29
right_child=21 7 6 -5 5 -7 25 8 -10 15 11 12 -14 -15 -16 16 17 -19 -20 20 -22 22 23 -25 -26 27 -28 29 -30 -31
leaf_value=-0.024838578259747793 0.002178398943738581 0.014835767466322819 0.0095896962665788388 -0.00028482513489058329 -0.018193472200943219 0.00040202056286999812 0.0020977575773009475 0.00054150942415416743 0.0093692399404534076 0.0026674071258592389 -0.0013658906880411822 -0.0072761937094679117 -0.00081364325991004245 0.0070589141699012965 -0.0089579513382195726 7.3742089044463114e-05 0.00058069794619405543 -0.0081934153346040432 0.0099373401462322687 -0.0063576214741983186 -0.0010399471255061843 0.019182700235179869 0.0044834218804808614 0.010361568514604069 -0.015533169840641427 -0.017213119937989272 -0.00155701444694401 0.00036053546247744435 0.0045048146290169724 -0.0011965511844220394
leaf_weight=203 2005 294 490 1074 162 370 23032 9396 583 2792 41111 2987 1648 830 620 1025 15635 751 1300 1497 26445 362 279 875 183 151 5588 78756 3774 24251
leaf_count=203 2005 294 490 1074 162 370 23032 9396 583 2792 41111 2987 1648 830 620 1025 15635 751 1300 1497 26445 362 279 875 183 151 5588 78756 3774 24251
internal_value=-3.22823e-05 -0.000114883 0.000351193 -0.00508749 -0.0115145 -0.00517106 0.000426455 -0.000718584 0.000988339 -0.000926199 -0.00162959 -0.0017484 -0.00505621 0.000493819 -3.33037e-05 -0.000264791 0.00086851 0.00015078 0.00575452 -0.000964621 -0.00133992 0.00531685 0.00877761 0.00549809 -0.00313836 0.000389709 0.00137311 0.000123493 0.00351022 -3.29964e-06
internal_weight=248469 244765 137851 1809 735 532 136042 106914 11429 95485 46040 45746 4635 10846 10016 49445 18711 16386 2325 30734 27942 3704 1699 1337 462 135552 28620 106932 3925 103007
internal_count=248469 244765 137851 1809 735 532 136042 106914 11429 95485 46040 45746 4635 10846 10016 49445 18711 16386 2325 30734 27942 3704 1699 1337 462 135552 28620 106932 3925 103007
is_linear=0
shrinkage=0.03


Tree=9
num_leaves=31
num_cat=0
split_feature=32 86 26 33 41 80 31 86 35 33 44 78 131 79 73 50 44 23 2 39 32 86 32 32 119 144 38 39 1 41
split_gain=93.3704 85.5745 83.5267 66.5404 66.3419 96.1652 79.3318 72.2288 71.9542 66.2216 60.209 54.8734 53.7435 49.6895 48.6482 47.5555 47.5018 55.1215 46.0552 45.6324 39.2293 37.7684 49.6023 35.4412 54.4615 33.4852 37.1153 33.1649 31.3242 35.4482
threshold=-0.0050161259714514008 -0.58333334326744068 0.020034341141581539 0.37452979385852819 0.056980032473802573 0.17500000447034839 -0.0070268397685140363 -0.81666666269302357 0.72822949290275585 0.95222723484039318 1.0398009419441225 0.30000000447034841 1.4130479693412783 0.15000000223517421 0.90000000596046459 0.82804334163665783 1.0109208822250368 0.025915787555277351 -0.57142803072929371 0.0042764674872159967 -0.0039392588660120955 0.91666665673255932 0.00485912710428238 -0.0034339705016463991 0.44318206608295446 0.45151677727699285 -0.0054053673520684234 -0.016975048929452893 0.022044111043214801 -0.028405539691448208
decision_type=10 2 10 8 10 2 10 2 10 10 10 10 10 2 10 10 10 10 10 10 10 2 10 10 10 10 10 10 10 10
left_child=1 9 16 10 6 -6 25 8 -8 14 18 -9 21 19 -1 -16 17 -2 -4 -7 -15 27 -23 24 -20 -5 -27 -12 -18 -30
right_child=2 -3 3 4 5 13 7 11 -10 -11 12 -13 -14 20 15 -17 28 -19 23 -21 -22 22 -24 -25 -26 26 -28 -29 29 -31
leaf_value=0.010756546926627456 0.0018772918978994832 0.00057709243279579472 0.0018386643159378465 0.013193448698281941 -0.014297465785276577 -0.0044033486568300492 -0.0037103966825154299 -0.00072614206800995968 0.00073137904148398421 -0.0079721286282402812 -0.0062977272783700782 0.0008824418032468348 0.00010082486946287978 0.002162922118141643 0.01556566543799066 -0.0019790279827128837 0.00059133150593461479 0.021288231007878067 -0.0018106700393270231 0.0069874228502533609 -0.0060132989392678356 -0.0015302498508710412 0.021432162858843584 -0.0011989104982549179 0.0078374407971507215 0.011279241466994711 0 -0.0027286105481050234 0.0033770277834871006 -0.0026001722091300796
leaf_weight=2104 20176 4475 6463 502 625 439 8301 27521 5249 207 2979 61233 5844 629 153 618 42766 116 1003 879 2096 180 109 29471 995 348 811 15618 1007 5538
leaf_count=2104 20176 4475 6463 502 625 439 8301 27521 5249 207 2979 61233 5844 629 153 618 42766 116 1003 879 2096 180 109 29471 995 348 811 15618 1007 5538
internal_value=2.76139e-05 0.00330758 -7.42998e-05 -0.000431523 1.48637e-05 -0.00347306 0.000174994 6.58003e-05 -0.00196909 0.00714619 -0.00120994 0.000380219 -0.00236392 -0.00166376 0.00838589 0.00142888 0.000800399 0.00202388 -0.000448839 0.00296006 -0.00401472 -0.00314176 0.00698608 -0.000929035 0.00287546 0.00664113 0.003373 -0.0033226 0.000290226 -0.00162735
internal_weight=248455 7557 240898 171295 108633 4668 103965 102304 13550 3082 62662 88754 24730 4043 2875 771 69603 20292 37932 1318 2725 18886 289 31469 1998 1661 1159 18597 49311 6545
internal_count=248455 7557 240898 171295 108633 4668 103965 102304 13550 3082 62662 88754 24730 4043 2875 771 69603 20292 37932 1318 2725 18886 289 31469 1998 1661 1159 18597 49311 6545
is_linear=0
shrinkage=0.03


Tree=10
num_leaves=31
num_cat=0
split_feature=22 26 86 29 57 40 18 71 119 18 1 132 79 87 58 75 41 84 87 33 35 1 41 82 3 76 25 33 12 154
split_gain=84.419 84.6779 71.0646 61.2062 73.6979 66.2743 79.4226 66.3783 54.0787 51.4374 47.9281 47.497 48.0277 46.9031 41.8627 40.1416 37.514 35.6996 39.8645 35.1594 33.2978 31.8752 34.0612 31.846 45.173 40.6674 33.2575 29.3537 28.4244 40.1949
threshold=1.1607000231742861 0.019904091954231266 -0.74999999999999989 -0.0034557186299934979 1.1493401527404787 -0.029562827199697491 1.0244274735450747 0.57142874598503124 0.82734644412994396 1.0388198494911196 0.06289308145642282 1.4084518551826479 0.75000000000000011 0.50833332538604747 0.97702774405479442 0.075000001117587103 0.056980032473802573 -0.55000001192092884 -0.94166666269302357 0.74717333912849437 0.72822949290275585 0.024837982840836052 -0.034054832533001893 0.25833334028720861 0.0080669131129980105 0.65000000596046459 0.041046258062124259 0.94259518384933483 0.9909026324748994 0.02348827384412289
decision_type=10 10 2 10 10 10 10 10 8 10 10 10 2 2 8 2 10 2 2 10 10 10 10 2 10 2 10 10 10 10
left_child=1 14 10 8 5 7 16 19 11 -9 17 12 20 -14 -1 27 -7 18 -2 -5 -3 -16 -23 25 -25 26 -10 -4 -6 -30
right_child=2 3 15 4 28 6 -8 9 23 -11 -12 -13 13 -15 21 -17 -18 -19 -20 -21 -22 22 -24 24 -26 -27 -28 -29 29 -31
leaf_value=0.0031848922293077758 -0.0047831119838262354 -0.0064395253880640104 -0.0027878975606315795 -0.0051312106315770691 0.008097854204918483 -0.00025556932162018717 -0.0069093006661421156 0.0035675853310880874 0.003272252358142561 0.01566573480851223 0.014516892556046301 -6.8884670467748134e-05 -0.0024218442393625301 0.00095420967722887858 0.00073054203605966452 0.0025717596442676608 -0.0030190263500962161 0.01143600607647347 0.0048711271073913808 0.0019173001939153899 -0.0012835457815812848 0.0042500074955447381 -0.0029907138997204443 0.0010110682598328733 -0.005079369538288552 -0.0039751580582210759 0.013608045530076834 -0.019562066017567891 0.0035964149727597925 -0.0010133006170294813
leaf_weight=5957 463 3991 558 1194 796 102096 1690 4353 1217 346 575 10841 20290 4376 59566 1072 4634 541 1560 1247 1806 641 3838 5348 1352 396 414 116 4853 2473
leaf_count=5957 463 3991 558 1194 796 102096 1690 4353 1217 346 575 10841 20290 4376 59566 1072 4634 541 1560 1247 1806 641 3838 5348 1352 396 414 116 4853 2473
internal_value=-2.64006e-05 -0.000106015 0.00386867 -0.00046207 -0.000101223 -0.000297876 -0.000484721 0.00249087 -0.00134773 0.0045846 0.00656514 -0.00180316 -0.00241005 -0.00181046 0.000773146 -0.0008287 -0.000378906 0.00456724 0.00248954 -0.00142221 -0.00489474 0.000543216 -0.00187351 0.000772667 -0.000184744 0.00405472 0.00621058 -0.00658767 0.00265377 0.00200098
internal_weight=248600 243715 4885 173713 123682 115560 108420 7140 50031 4699 3139 41304 30463 24666 70002 1746 106730 2564 2023 2441 5797 64045 4479 8727 6700 2027 1631 674 8122 7326
internal_count=248600 243715 4885 173713 123682 115560 108420 7140 50031 4699 3139 41304 30463 24666 70002 1746 106730 2564 2023 2441 5797 64045 4479 8727 6700 2027 1631 674 8122 7326
is_linear=0
shrinkage=0.03


Tree=11
num_leaves=31
num_cat=0
split_feature=16 26 86 3 9 3 49 18 23 42 14 39 42 15 77 82 23 113 36 41 87 23 124 38 56 36 140 117 28 92
split_gain=99.0134 77.935 55.3894 57.9256 45.0009 43.8403 94.3546 81.7287 52.6206 65.2767 57.9553 52.0263 65.8028 55.7846 51.6785 39.391 43.4953 49.3175 47.9598 38.5103 37.4842 35.9362 35.2366 40.7972 35.2334 48.7581 47.0019 29.9974 27.3562 25.6859
threshold=1.2151475548744204 0.016400401480495933 0.81666666269302379 0.014767048414796593 0.97278350591659557 0.0080669131129980105 0.81795716285705578 0.94453945755958568 0.013533230405300857 0.095162533223629012 0.92672049999237072 0.019098331220448021 -0.077363263815641389 0.95576134324073803 0.97499999403953563 0.52500000596046459 0.040278572589159019 0.89583304524421703 0.86734372377395641 0.040956867858767516 0.37500000000000006 0.0089342654682695883 0.48000012338161474 -0.0085864025168120844 1.1756778359413149 0.80211782455444347 0.77935138344764721 0.68805584311485302 0.0091831595636904257 -0.25249183177947992
decision_type=10 10 2 10 10 10 10 10 8 10 8 10 10 10 2 2 10 10 10 10 2 10 10 10 10 10 10 10 10 10
left_child=1 28 5 15 -5 6 7 -3 10 14 29 12 -8 -13 -10 16 18 -18 -4 -11 -12 -6 -17 -24 -2 -26 -27 -23 -1 -7
right_child=24 2 3 4 21 8 11 -9 9 19 20 13 -14 -15 -16 22 17 -19 -20 -21 -22 27 23 -25 25 26 -28 -29 -30 -31
leaf_value=0.00099905200938531571 0.00041878322229283501 -0.0053565171603113413 0.0028836158782456107 -0.0096183503611246123 -0.005270233120373613 -0.0031165526782127055 0.0034702829021604187 0.0233006710059331 0.00042560168329380333 0 -0.0037870441673967616 0.0014804558871318934 -0.00017403572860391303 -0.0030530875217242115 -0.0058309324964010171 -0.0064429935795990807 -0.016996511019260425 0.0023210138662357873 -0.0010016511327395445 -0.01305404760733862 -0.00052844648317125844 0.011394392850750303 0.014398970047763564 -0.0013054581289024254 0.0019563505690187392 0 0.013500713056517889 0 0.0061342382767318807 0.0090242321073448779
leaf_weight=42890 1205 100 9321 108 123 164 4600 261 19185 335 12181 3074 126439 10446 1246 1172 223 179 3969 540 4611 1198 151 1029 1129 265 1093 202 962 527
leaf_count=42890 1205 100 9321 108 123 164 4600 261 19185 335 12181 3074 126439 10446 1246 1172 223 179 3969 540 4611 1198 151 1029 1129 265 1093 202 962 527
internal_value=4.92369e-05 -2.31519e-05 -0.000273933 0.00132501 0.00669976 -0.000429531 -0.000187278 0.0147105 -0.00132632 -0.000308691 -0.00254757 -0.000228586 -4.33063e-05 -0.00199949 2.40438e-05 0.000752288 0.00138361 -0.00798168 0.001701 -0.00824007 -0.00291179 0.00816102 -0.00277709 0.000660665 0.0049126 0.00694957 0.0107944 0.00960992 0.00112129 0.00571422
internal_weight=248928 245236 201384 17675 1631 183709 144920 361 38789 21306 17483 144559 131039 13520 20431 16044 13692 402 13290 875 16792 1523 2352 1180 3692 2487 1358 1400 43852 691
internal_count=248928 245236 201384 17675 1631 183709 144920 361 38789 21306 17483 144559 131039 13520 20431 16044 13692 402 13290 875 16792 1523 2352 1180 3692 2487 1358 1400 43852 691
is_linear=0
shrinkage=0.03


Tree=12
num_leaves=31
num_cat=0
split_feature=57 86 29 49 35 76 46 29 40 71 57 38 5 82 84 54 78 68 96 12 156 55 10 38 39 11 82 15 33 51
split_gain=68.95 73.0837 72.8291 73.1253 59.1765 58.4519 46.5529 47.6179 47.5569 96.5189 56.7246 62.8998 53.4712 41.6315 38.8173 37.4159 71.2103 46.1327 47.2397 35.6836 37.6847 35.3666 48.7892 46.9621 45.12 37.9524 35.4828 34.9875 34.279 44.8151
threshold=1.2362263798713686 -0.74999999999999989 -0.0034557186299934979 0.98127704858779918 0.79252180457115184 0.48333333432674414 1.0084223151206972 0.0065223609562963256 -0.028289051726460453 0.57142874598503124 1.1635816097259524 -0.022435130551457402 0.0048076899256557235 0.14166667312383655 0.45000000298023229 1.0859494209289553 0.30000000447034841 0.14285647124052051 0.12087329477071763 0.9909026324748994 0.0082201627083122748 1.0975338220596316 1.0129091739654543 0.0099708251655101793 0.025321491062641147 0.98984339833259594 0.92500001192092907 1.0723691582679751 0.93628802895545971 0.86151912808418285
decision_type=10 2 8 10 10 2 8 10 8 10 10 8 8 2 2 10 10 10 10 10 10 10 10 10 10 10 2 10 10 10
left_child=2 15 3 21 5 13 7 -4 9 -8 11 14 -13 -5 -10 16 -2 18 -17 -12 -21 22 -1 25 -24 -23 -26 -18 -9 -30
right_child=1 -3 6 4 -6 -7 8 28 10 -11 19 12 -14 -15 -16 17 27 -19 -20 20 -22 23 24 -25 26 -27 -28 -29 29 -31
leaf_value=-0.0021289488818949987 0.015366796817769085 -0.00043601124939222506 0.002381090683994357 0.0012781108631564916 0.0020962128782766728 0.00078063037157952847 -0.0015754506302477285 -0.0021376705666219745 0.00063600871016169125 0.0047528611969661081 0.010941253105702344 0.000315508843939584 -0.00086324820373850279 -0.0026633030366985905 -0.015391435001599995 0.0077124027220900936 0.013218283034413568 0.015146037447358308 -0.0092478030891125565 0.0044738011869813327 -0.0011238222084579783 0.0053643671285232685 -0.0047436821559440779 -0.0037805858191119531 -0.024020156957317493 -0.0024373199620520251 -0.0031776438617277794 -0.0019202331837397523 0.0093343366551048614 -0.0019195448306463536
leaf_weight=14961 306 2557 16071 2811 8211 11984 3535 4232 153 5346 476 93606 54821 13496 373 700 134 739 154 2590 1718 1685 2855 1576 212 761 173 1223 592 581
leaf_count=14961 306 2557 16071 2811 8211 11984 3535 4232 153 5346 476 93606 54821 13496 373 700 134 739 154 2590 1718 1685 2855 1576 212 761 173 1223 592 581
internal_value=2.89881e-05 0.00325294 -4.72183e-05 -0.000967967 -0.000132913 -0.000791501 0.000244939 0.00155767 6.95596e-05 0.00220235 -5.19657e-05 -0.000157346 -0.000117898 -0.00196477 -0.0103275 0.00622649 0.00276788 0.00957201 0.00416912 0.00315368 0.00217731 -0.00232473 -0.00288776 0.000150639 -0.00626505 0.00281537 -0.0160147 -3.72072e-05 -0.000835098 0.00356996
internal_weight=248632 5813 242819 58725 36502 28291 184094 21476 162618 8881 153737 148953 148427 16307 526 3256 1663 1593 854 4784 4308 22223 18201 4022 3240 2446 385 1357 5405 1173
internal_count=248632 5813 242819 58725 36502 28291 184094 21476 162618 8881 153737 148953 148427 16307 526 3256 1663 1593 854 4784 4308 22223 18201 4022 3240 2446 385 1357 5405 1173
is_linear=0
shrinkage=0.03


Tree=13
num_leaves=31
num_cat=0
split_feature=56 26 37 20 86 52 86 35 127 14 83 13 37 116 52 122 69 10 4 2 42 25 27 87 29 39 30 29 43 138
split_gain=74.1019 72.1531 67.9394 62.5389 60.7937 63.1764 54.6062 55.0661 49.1409 49.0519 44.3447 43.6311 39.6602 38.7877 37.695 47.8243 51.4141 45.0924 44.0275 42.3048 49.2128 41.2643 40.3272 39.6657 39.1934 37.4471 35.9784 32.0461 31.8414 31.6693
threshold=1.1545059084892275 0.016400401480495933 0.73567312955856334 0.89732930064201366 -0.74999999999999989 0.94025975465774547 -0.81666666269302357 0.64190042018890392 -0.031928448006510728 0.88995426893234264 -0.70000001788139332 1.1129574775695803 0.82969635725021373 0.30519470572471624 0.83384954929351818 0.44052045047283178 0.3194441050291062 1.0223880410194399 0.4000000804662705 0.90666544437408458 0.095162533223629012 0.028818848542869095 0.094217099249362959 -0.79166668653488148 -0.0039760603103786698 0.0069787227548658856 -0.0055156410671770564 0.010126266628503801 1.0192771553993227 0.79604375362396251
decision_type=10 10 10 10 2 10 2 10 10 8 10 10 10 10 10 10 10 10 10 10 10 10 10 2 10 10 10 10 10 10
left_child=1 -1 3 29 5 -2 7 8 -5 25 13 -11 -6 26 15 16 17 -4 27 20 24 -21 -18 -23 -16 -8 -7 -17 -20 -3
right_child=4 2 14 6 12 10 9 -9 -10 11 -12 -13 -14 -15 19 18 22 -19 28 21 -22 23 -24 -25 -26 -27 -28 -29 -30 -31
leaf_value=0.0010008094224432807 0.013296209847718603 -0.013646491756838817 0.0016849251318769528 -0.0061358413408389503 0.0013197689293297475 0.011212555220493326 0.0078709403813290533 -0.00056994767517730557 -0.00019517112677617854 -0.00044420857703284102 -0.00062931694955452625 -0.0099634155835669272 -0.0082674592021125728 0 -0.0017109187932837714 0.0057066061084308298 0.0015366249527698848 0.010232797822223859 -0.014227573854063659 0.00050666285567559457 -0.011738415212239043 0.019275223206594191 -0.0026210719710994422 0.00098037372056898045 0.0006304808533660974 -0.0034723228248775039 -0.0037343530585834134 0.019724572589545353 0.005636530974405576 -0.0030805952177461551
leaf_weight=43662 772 456 1480 4524 3594 1096 1064 7221 1879 132345 1256 418 413 505 8896 503 8498 996 101 759 306 276 2736 228 23073 291 124 288 142 810
leaf_count=43662 772 456 1480 4524 3594 1096 1064 7221 1879 132345 1256 418 413 505 8896 503 8498 996 101 759 306 276 2736 228 23073 291 124 288 142 810
internal_value=-6.44097e-06 -0.000100681 -0.000346048 -0.000663908 0.00287394 0.00561078 -0.000604271 -0.0024171 -0.00444526 -0.000417551 0.00344514 -0.000477935 0.000220967 0.00655694 0.000628591 0.00189248 0.00139033 0.00529804 0.00811319 6.32251e-05 -0.000140009 0.00541176 0.000494517 0.0119248 -1.23435e-05 0.00520161 0.0094157 0.011541 -0.00193315 -0.00727265
internal_weight=248712 240952 197290 149008 7760 3753 147742 13624 6403 134118 2981 132763 4007 1725 48282 14744 13710 2476 1034 33538 32275 1263 11234 504 31969 1355 1220 791 243 1266
internal_count=248712 240952 197290 149008 7760 3753 147742 13624 6403 134118 2981 132763 4007 1725 48282 14744 13710 2476 1034 33538 32275 1263 11234 504 31969 1355 1220 791 243 1266
is_linear=0
shrinkage=0.03


Tree=14
num_leaves=31
num_cat=0
split_feature=16 29 40 41 13 10 71 115 50 41 35 17 54 60 56 50 9 16 25 7 27 37 27 57 53 7 11 84 33 37
split_gain=89.0781 66.9613 66.3395 68.8744 58.2557 71.4875 56.4659 51.6127 54.5987 62.3217 49.6993 60.7412 49.874 49.7577 49.6766 49.3207 47.7325 44.9354 54.4071 41.8046 41.2521 39.2977 36.5529 36.468 35.9744 36.5137 46.0209 37.7368 34.3509 34.1046
threshold=1.2151475548744204 -0.0013833991833962498 -0.028289051726460453 -0.037106962874531739 0.98674979805946361 1.0159595608711245 0.26148113608360296 0.74045804142951976 0.86759236454963695 0.063776262104511275 0.82507094740867626 1.0572164654731753 1.0130372643470766 0.93153849244117748 0.92168840765953075 0.95316156744956981 0.97278350591659557 1.1397106647491457 0.024444152601063255 0.013586994260549547 0.077135112136602416 0.92279970645904552 0.087849497795104994 1.2181082963943484 1.0778823494911196 -0.038032893091440194 0.99536639451980602 0.65000000596046459 0.93314531445503246 0.70838487148284923
decision_type=10 8 8 8 8 10 10 10 8 10 10 10 10 10 10 10 10 8 10 8 8 10 10 10 10 10 10 2 10 10
left_child=1 4 6 15 5 17 -3 8 14 -10 11 13 -13 -6 -5 -4 20 18 -1 22 -9 -14 -12 -2 25 27 -27 -8 -18 -15
right_child=23 2 3 7 10 -7 24 16 9 -11 19 12 21 29 -16 -17 28 -19 -20 -21 -22 -23 -24 -25 -26 26 -28 -29 -30 -31
leaf_value=4.2492571197359972e-05 -0.0019045577503403828 -0.0081291711554342116 -0.013875595932409279 -0.0058056988276764046 -0.0081122583652440822 -0.011946702783303656 0.018388915709939897 -0.0039028422131060915 0.00030755383071589794 -0.0062025881467676156 0.0022385988380164072 0.0023519567431523137 -0.0023264902020762417 -0.00033223864410450931 0.0032888140152876936 0 -0.0017347101084671649 0.0039961208531591654 -0.005695072713983635 -0.0026241396039463727 -0.017734012379240924 0.0060121889360016207 -0.0074057102949218693 0.0058926144734059074 -0.0079009346654894032 0.0062057775680642692 3.2869511380688383e-07 7.1761782912281452e-05 0.0031246637044026007 0.0019058629980779117
leaf_weight=2510 577 320 516 538 667 761 326 1041 118612 1315 11009 2298 27993 38600 8249 407 8391 858 3298 2107 259 480 333 3108 176 2806 1894 191 1497 7260
leaf_count=2510 577 320 516 538 667 761 326 1041 118612 1315 11009 2298 27993 38600 8249 407 8391 858 3298 2107 259 480 333 3108 176 2806 1894 191 1497 7260
internal_value=-2.81266e-05 -9.92196e-05 0.000305532 0.000174481 -0.00070636 -0.00326447 0.00347172 0.000230998 0.000402853 0.000232647 -0.000493018 -0.000788219 -0.00182242 -9.73101e-05 0.002686 -0.00789704 -0.00171656 -0.00219566 -0.0031724 0.00118002 -0.00711266 -0.00217127 0.0019165 0.00458707 0.00424299 0.00473856 0.00377927 0.0124352 -0.000963921 1.62081e-05
internal_weight=248397 244712 146538 140825 98174 7427 5713 139902 128714 119927 90747 77298 30771 46527 8787 923 11188 6666 5808 13449 1300 28473 11342 3685 5393 5217 4700 517 9888 45860
internal_count=248397 244712 146538 140825 98174 7427 5713 139902 128714 119927 90747 77298 30771 46527 8787 923 11188 6666 5808 13449 1300 28473 11342 3685 5393 5217 4700 517 9888 45860
is_linear=0
shrinkage=0.03


Tree=15
num_leaves=31
num_cat=0
split_feature=16 29 42 1 5 120 9 49 3 41 24 18 22 77 47 75 24 25 34 127 71 10 43 27 117 34 62 79 65 41
split_gain=71.0144 70.8001 58.4376 76.8538 58.3894 49.9551 56.4266 54.3689 71.7666 49.5139 47.822 47.7662 44.722 42.1282 41.7543 51.4696 48.2607 39.4521 38.0983 38.0702 35.5497 34.7033 39.8899 34.3347 34.0412 35.8822 33.495 36.6201 33.4799 40.6133
threshold=1.2151475548744204 -0.0003210411086911335 -0.077363263815641389 0.014340306632220747 0.003167867893353105 0.25779503583908087 0.97278350591659557 0.81795716285705578 0.011416314635425808 -0.033338315784931176 0.030049353837966922 1.021253287792206 1.09774386882782 0.65833333134651195 1.1076294779777529 0.87500000000000011 0.04994707182049752 0.049759099259972579 0.72013697028160106 -0.33783775568008417 0.01492502633482218 1.0189301967620852 1.0321915745735171 0.077135112136602416 0.63390010595321666 0.56337592005729686 0.9622098207473756 0.94999998807907116 0.94281044602394115 0.021911099553108219
decision_type=10 8 10 10 10 8 10 8 10 10 10 10 10 2 10 2 10 10 10 10 10 10 10 8 10 10 10 2 10 10
left_child=1 2 4 -4 -1 6 23 8 18 -5 13 19 14 -6 16 -16 -9 -14 -7 -11 -13 22 -8 24 25 -3 27 -12 29 -23
right_child=-2 5 3 9 10 7 21 12 -10 11 26 20 17 -15 15 -17 -18 -19 -20 -21 -22 28 -24 -25 -26 -27 -28 -29 -30 -31
leaf_value=-0.0015332830040847994 0.0041631315402931718 0.0014458192290031919 0.00035449708704151376 0.00021538248332958823 0.0033152302574093241 0 -0.0008394782547275579 0.00092355576464738702 -0.0046498443125265422 0.0027925919782698649 -0.010598391386702715 0.00072737844033151896 0.006993540956437113 0.013046482131885433 0.00020650267707921492 -0.0028768083954091969 -0.0087955919747226569 -0.0008636864802864558 0.024390204383177665 -0.0015518500586509409 -0.0054414576596463655 0.0038744856874262427 -0.011028291790498178 -0.017462257658572573 0.00043112252717581362 -0.014863066739124067 0.0033717013392131194 0.0015854620669700965 -0.00030601005780213662 0.024261399665299582
leaf_weight=2667 3674 129 38922 15330 1050 103 8433 81712 154 1816 354 921 1779 790 21672 6215 437 746 234 51582 4601 436 349 246 525 351 2392 454 601 116
leaf_count=2667 3674 129 38922 15330 1050 103 8433 81712 154 1816 354 921 1779 790 21672 6215 437 746 234 51582 4601 436 349 246 525 351 2392 454 601 116
internal_value=3.40433e-05 -2.69574e-05 -0.000544965 -0.00071914 0.0019691 0.000474637 -0.00142763 0.00066573 0.010467 -0.00128593 0.00388047 -0.00168157 0.00061846 0.00774997 0.000524342 -0.000471475 0.000866074 0.00456574 0.0180888 -0.00139749 -0.00435953 -0.00063177 -0.00130261 -0.00740265 -0.00435494 -0.00999754 0.00152803 -0.00351726 0.0041571 0.00938167
internal_weight=248791 245117 120879 113172 7707 124238 11186 113052 491 74250 5040 58920 112561 1840 110036 27887 82149 2525 337 53398 5522 9935 8782 1251 1005 480 3200 808 1153 552
internal_count=248791 245117 120879 113172 7707 124238 11186 113052 491 74250 5040 58920 112561 1840 110036 27887 82149 2525 337 53398 5522 9935 8782 1251 1005 480 3200 808 1153 552
is_linear=0
shrinkage=0.03


Tree=16
num_leaves=31
num_cat=0
split_feature=32 86 25 38 12 26 18 71 116 35 64 79 26 111 48 76 73 70 53 48 38 78 142 10 140 70 14 50 69 108
split_gain=75.8002 75.5109 72.2579 45.411 60.2027 48.5429 48.075 48.9511 58.8403 46.2051 47.838 60.0507 46.2326 49.782 49.4767 45.9192 43.8954 60.978 40.8335 38.6382 34.3065 33.6263 30.6767 30.0958 26.5116 24.8849 25.6975 24.6334 24.2724 33.556
threshold=-0.0050161259714514008 -0.58333334326744068 0.012392910197377207 -0.00072596545214764763 0.99190935492515575 0.022340238094329837 1.0075922608375552 0.88947364687919628 0.59756076335906994 0.64571261405944835 0.85357144474983226 0.65000000596046459 0.067382268607616438 0.26794873178005224 0.97079160809516918 0.35000000894069677 0.90000000596046459 0.28571461141109472 1.0387793183326723 0.97897264361381542 -0.015307911206036804 0.5000000149011613 1.4812734723091128 1.018249571323395 0.78507059812545787 0.91735509037971508 0.96026581525802623 0.82804334163665783 0.89855065941810619 1.0000000180025095e-35
decision_type=10 2 10 8 10 10 10 10 10 10 10 2 10 2 10 2 10 10 10 10 10 10 10 10 10 10 8 10 10 2
left_child=1 16 23 4 22 25 7 21 -9 10 20 -12 14 -14 -11 18 17 24 -8 -17 -6 -7 28 -2 -1 26 -5 -18 29 -4
right_child=2 -3 3 5 9 6 15 8 -10 12 11 -13 13 -15 -16 19 27 -19 -20 -21 -22 -23 -24 -25 -26 -27 -28 -29 -30 -31
leaf_value=-0.0032453527177990918 0.0013132927281570197 0.00038425865572810453 0.008674823619064357 -0.0036390433412280001 -0.0038173669289334883 -0.0031892424585574786 -8.4467827195476168e-05 0.0034469490632687183 -0.0011648813532637427 -0.0014170909891644766 0.00060238021415701939 0.0088945853405635305 0.0067193619987347625 -0.0018989447471133227 0.0012831669863270436 -0.0017525633277000294 0.0098175428321701473 0.015023522193600631 -0.004443332496669854 0.002605256106283605 -0.00067125171391784659 -0.0014434619778706046 -0.0011698156884633244 -0.003265635798854099 0.0064686797416721306 0.0024504621128966504 0.00014762145888025594 -0.002399713063285082 0.011589562364256475 -0.00019217676354855938
leaf_weight=266 33396 4544 652 1699 3388 15794 7062 3353 9476 8329 10327 844 2235 747 22130 2310 172 862 2724 7595 46401 30026 546 1290 1123 3960 25186 617 605 748
leaf_count=266 33396 4544 652 1699 3388 15794 7062 3353 9476 8329 10327 844 2235 747 22130 2310 172 862 2724 7595 46401 30026 546 1290 1123 3960 25186 617 605 748
internal_value=-3.75395e-05 0.00290983 -0.000131838 -0.00034614 0.000123724 -0.000766054 -0.00116354 -0.00159437 2.06122e-05 0 -0.000491178 0.00127046 0.000896163 0.00446225 0.000534494 0.000104756 0.00655968 0.00868176 -0.00133497 0.00155723 -0.000892806 -0.0020529 0.00465315 0.00113257 0.00437582 0.000233866 -8.3054e-05 6.96551e-05 0.0063829 0.00379006
internal_weight=248407 7584 240823 206137 96952 109185 78340 58649 12829 94401 60960 11171 33441 2982 30459 19691 3040 2251 9786 9905 49789 45820 2551 34686 1389 30845 26885 789 2005 1400
internal_count=248407 7584 240823 206137 96952 109185 78340 58649 12829 94401 60960 11171 33441 2982 30459 19691 3040 2251 9786 9905 49789 45820 2551 34686 1389 30845 26885 789 2005 1400
is_linear=0
shrinkage=0.03


Tree=17
num_leaves=31
num_cat=0
split_feature=22 26 121 1 33 38 26 24 25 115 93 28 49 77 30 81 77 42 50 13 3 81 44 54 7 27 1 140 42 60
split_gain=55.5816 59.2705 51.5737 79.0159 63.361 45.8644 46.6451 62.0746 62.5331 62.3654 48.2101 42.026 57.3531 52.3742 40.8607 65.8823 40.1869 36.7783 45.1795 50.6233 39.6969 46.0534 39.6856 35.285 32.999 31.3278 28.4291 26.3272 24.1742 24.1547
threshold=1.1607000231742861 0.016400401480495933 0.66181805729866039 0.059152266010642059 0.96600070595741283 -0.00090793456183746446 0.070000037550926222 0.057786934077739723 0.035631876438856132 0.53503182530403148 0.58807104825973522 0.026318622753024105 0.81795716285705578 0.30833333730697637 -0.00070101805613376189 0.050000002607703216 0.091666668653488173 0.082985803484916701 0.84375950694084179 1.0053946971893313 0.014767048414796593 0.31666667759418493 1.0514919161796572 0.99712583422660839 0.014617921318858864 0.053827548399567611 0.041184058412909515 1.279655456542969 -0.0012752430629916487 1.0394831299781802
decision_type=10 10 10 10 10 10 10 10 10 10 10 10 10 2 10 2 2 10 10 10 10 2 10 10 10 10 10 10 8 10
left_child=1 28 -2 4 26 6 17 8 9 -8 -10 12 13 -7 15 -14 -16 18 19 -3 24 -22 -20 -9 -19 -13 29 -25 -1 -4
right_child=2 5 3 -5 -6 11 7 23 10 -11 -12 25 14 -15 16 -17 -18 20 22 -21 21 -23 -24 27 -26 -27 -28 -29 -30 -31
leaf_value=0.00013683132202998836 -0.00072815357567863198 0.0031149450999477667 0.0024167843601627628 0.01547017832690881 -0.012387816995604158 0.018558005550692445 0.0039060241666270374 -0.019451039202353901 0.0035168850157119504 -0.021853523961469241 0.012109656227480841 0 -0.0055449641967882128 -0.0014062636491463897 -0.0017272826961109288 -0.0010408829023697145 0.00028397043963311863 -0.0070672063595259042 0.00049385536330300765 0.021866235262612273 0.013592676776556336 -0.0051263586602940713 -0.00092470543554207588 -0.0074195049605445887 0.0011394575691382799 -0.017759543502977877 -0.00057564768260695207 0.01016917975922115 0.0015711663083127622 0.01020904547503022
leaf_weight=20059 1812 1465 863 575 192 246 144 122 2354 133 866 145 3126 162 11277 50947 42397 1717 57995 134 225 184 25517 185 505 208 618 100 23588 835
leaf_count=20059 1812 1465 863 575 192 246 144 122 2354 133 866 145 3126 162 11277 50947 42397 1717 57995 134 225 184 25517 185 505 208 618 100 23588 835
internal_value=-1.56475e-05 -8.05174e-05 0.00314141 0.00550243 0.00299417 -0.000300096 0.000191448 0.00339258 0.00474132 -0.00809091 0.00598094 -0.000717978 -0.000680218 0.0102348 -0.000726225 -0.00130877 -0.000133496 4.48579e-05 0.000156581 0.00512236 -0.00343006 0.00462571 5.67066e-05 -0.0071727 -0.00507472 -0.010826 0.00449293 -2.28507e-06 0.000919219 0.00649753
internal_weight=248696 243801 4895 3083 2508 200154 91646 3904 3497 277 3220 108508 108155 408 107747 54073 53674 87742 85111 1599 2631 409 83512 407 2222 353 2316 285 43647 1698
internal_count=248696 243801 4895 3083 2508 200154 91646 3904 3497 277 3220 108508 108155 408 107747 54073 53674 87742 85111 1599 2631 409 83512 407 2222 353 2316 285 43647 1698
is_linear=0
shrinkage=0.03


end of trees

feature_importances:
BETA10=17
RSQR5=16
RESI30=16
ROC30=15
STD30=14
RSQR20=14
STD20=13
IMXD30=13
KLEN=12
STD5=11
RESI60=11
RESI5=10
RESI20=10
HIGH0=9
IMIN60=9
ROC5=8
ROC10=8
MA5=8
STD10=8
BETA5=8
BETA60=8
RSQR30=8
RSV30=8
IMAX60=8
KUP=7
MA60=7
STD60=7
RSQR10=7
RSQR60=7
RESI10=7
IMIN5=7
MA20=6
MIN20=6
MIN60=6
QTLU60=6
KMID2=5
OPEN0=5
LOW0=5
ROC20=5
BETA20=5
MAX5=5
MAX10=5
MIN10=5
QTLU5=5
QTLU10=5
IMAX30=5
IMXD10=5
SUMP20=5
WVMA20=5
KLOW=4
KSFT=4
VWAP0=4
MAX30=4
QTLU30=4
QTLD5=4
QTLD20=4
IMIN10=4
IMXD60=4
BETA30=3
MAX20=3
MIN30=3
QTLU20=3
QTLD30=3
RSV20=3
IMAX20=3
IMIN30=3
SUMP5=3
SUMN10=3
SUMN20=3
SUMD60=3
KMID=2
KUP2=2
MA10=2
MAX60=2
MIN5=2
QTLD60=2
RANK10=2
RSV10=2
IMAX5=2
IMIN20=2
IMXD5=2
IMXD20=2
SUMP30=2
SUMP60=2
SUMN30=2
VSTD60=2
WVMA5=2
VSUMD10=2
KLOW2=1
ROC60=1
QTLD10=1
RANK20=1
RANK60=1
RSV5=1
CORR60=1
CORD5=1
CORD30=1
CORD60=1
CNTP20=1
CNTP60=1
CNTN5=1
CNTD5=1
CNTD30=1
CNTD60=1
SUMP10=1
SUMN5=1
SUMN60=1
SUMD10=1
VMA30=1
VMA60=1
WVMA10=1
WVMA60=1
VSUMP10=1
VSUMN5=1
VSUMD30=1

parameters:
[boosting: gbdt]
[objective: regression]
[metric: l2]
[tree_learner: serial]
[device_type: cpu]
[data_sample_strategy: bagging]
[data: ]
[valid: ]
[num_iterations: 500]
[learning_rate: 0.03]
[num_leaves: 31]
[num_threads: 12]
[seed: 20260814]
[deterministic: 1]
[force_col_wise: 1]
[force_row_wise: 0]
[histogram_pool_size: -1]
[max_depth: 7]
[min_data_in_leaf: 100]
[min_sum_hessian_in_leaf: 0.001]
[bagging_fraction: 0.8]
[pos_bagging_fraction: 1]
[neg_bagging_fraction: 1]
[bagging_freq: 1]
[bagging_seed: 20260814]
[bagging_by_query: 0]
[feature_fraction: 0.8]
[feature_fraction_bynode: 1]
[feature_fraction_seed: 20260814]
[extra_trees: 0]
[extra_seed: 17475]
[early_stopping_round: 0]
[early_stopping_min_delta: 0]
[first_metric_only: 0]
[max_delta_step: 0]
[lambda_l1: 10]
[lambda_l2: 20]
[linear_lambda: 0]
[min_gain_to_split: 0]
[drop_rate: 0.1]
[max_drop: 50]
[skip_drop: 0.5]
[xgboost_dart_mode: 0]
[uniform_drop: 0]
[drop_seed: 29730]
[top_rate: 0.2]
[other_rate: 0.1]
[min_data_per_group: 100]
[max_cat_threshold: 32]
[cat_l2: 10]
[cat_smooth: 10]
[max_cat_to_onehot: 4]
[top_k: 20]
[monotone_constraints: ]
[monotone_constraints_method: basic]
[monotone_penalty: 0]
[feature_contri: ]
[forcedsplits_filename: ]
[refit_decay_rate: 0.9]
[cegb_tradeoff: 1]
[cegb_penalty_split: 0]
[cegb_penalty_feature_lazy: ]
[cegb_penalty_feature_coupled: ]
[path_smooth: 0]
[interaction_constraints: ]
[verbosity: -1]
[saved_feature_importance_type: 0]
[use_quantized_grad: 0]
[num_grad_quant_bins: 4]
[quant_train_renew_leaf: 0]
[stochastic_rounding: 1]
[linear_tree: 0]
[max_bin: 255]
[max_bin_by_feature: ]
[min_data_in_bin: 3]
[bin_construct_sample_cnt: 200000]
[data_random_seed: 20260814]
[is_enable_sparse: 1]
[enable_bundle: 1]
[use_missing: 1]
[zero_as_missing: 0]
[feature_pre_filter: 1]
[pre_partition: 0]
[two_round: 0]
[header: 0]
[label_column: ]
[weight_column: ]
[group_column: ]
[ignore_column: ]
[categorical_feature: ]
[forcedbins_filename: ]
[precise_float_parser: 0]
[parser_config_file: ]
[objective_seed: 27057]
[num_class: 1]
[is_unbalance: 0]
[scale_pos_weight: 1]
[sigmoid: 1]
[boost_from_average: 1]
[reg_sqrt: 0]
[alpha: 0.9]
[fair_c: 1]
[poisson_max_delta_step: 0.7]
[tweedie_variance_power: 1.5]
[lambdarank_truncation_level: 30]
[lambdarank_norm: 1]
[label_gain: ]
[lambdarank_position_bias_regularization: 0]
[eval_at: ]
[multi_error_top_k: 1]
[auc_mu_weights: ]
[num_machines: 1]
[local_listen_port: 12400]
[time_out: 120]
[machine_list_filename: ]
[machines: ]
[gpu_platform_id: -1]
[gpu_device_id: -1]
[gpu_device_id_list: ]
[gpu_use_dp: 0]
[num_gpu: 1]

end of parameters

pandas_categorical:null
