tree
version=v4
num_class=1
num_tree_per_iteration=1
label_index=0
max_feature_idx=162
objective=regression
feature_names=KMID KLEN KMID2 KUP KUP2 KLOW KLOW2 KSFT KSFT2 OPEN0 HIGH0 LOW0 VWAP0 ROC5 ROC10 ROC20 ROC30 ROC60 MA5 MA10 MA20 MA30 MA60 STD5 STD10 STD20 STD30 STD60 BETA5 BETA10 BETA20 BETA30 BETA60 RSQR5 RSQR10 RSQR20 RSQR30 RSQR60 RESI5 RESI10 RESI20 RESI30 RESI60 MAX5 MAX10 MAX20 MAX30 MAX60 MIN5 MIN10 MIN20 MIN30 MIN60 QTLU5 QTLU10 QTLU20 QTLU30 QTLU60 QTLD5 QTLD10 QTLD20 QTLD30 QTLD60 RANK5 RANK10 RANK20 RANK30 RANK60 RSV5 RSV10 RSV20 RSV30 RSV60 IMAX5 IMAX10 IMAX20 IMAX30 IMAX60 IMIN5 IMIN10 IMIN20 IMIN30 IMIN60 IMXD5 IMXD10 IMXD20 IMXD30 IMXD60 CORR5 CORR10 CORR20 CORR30 CORR60 CORD5 CORD10 CORD20 CORD30 CORD60 CNTP5 CNTP10 CNTP20 CNTP30 CNTP60 CNTN5 CNTN10 CNTN20 CNTN30 CNTN60 CNTD5 CNTD10 CNTD20 CNTD30 CNTD60 SUMP5 SUMP10 SUMP20 SUMP30 SUMP60 SUMN5 SUMN10 SUMN20 SUMN30 SUMN60 SUMD5 SUMD10 SUMD20 SUMD30 SUMD60 VMA5 VMA10 VMA20 VMA30 VMA60 VSTD5 VSTD10 VSTD20 VSTD30 VSTD60 WVMA5 WVMA10 WVMA20 WVMA30 WVMA60 VSUMP5 VSUMP10 VSUMP20 VSUMP30 VSUMP60 VSUMN5 VSUMN10 VSUMN20 VSUMN30 VSUMN60 VSUMD5 VSUMD10 VSUMD20 VSUMD30 VSUMD60 ORC_SIGNED_IMPACT_SHOCK_20 ORC_RETURN_PER_VOLUME_SURPRISE_20 ORC_IMPACT_CONCENTRATION_20 ORC_VOLUME_CLIMAX_10 ORC_VOLUME_STABILITY_TREND_20
feature_infos=[-0.16749253869056702:0.24100260436534882] [0:0.49935737252235413] [-1:1] [0:0.27153289318084717] [0:1] [0:0.2003205418586731] [0:1] [-0.31147539615631104:0.23587034642696381] [-1:1] [0.80580008029937744:1.2011904716491699] [1:1.365384578704834] [0.79261672496795654:1] [0.90894031524658203:1.0927579402923584] [0.57777780294418335:1.6790908575057983] [0.54954206943511963:1.8924485445022583] [0.46860837936401367:2.2146341800689697] [0.46312057971954346:2.740487813949585] [0.36440131068229675:2.649662971496582] [0.74611109495162964:1.3455072641372681] [0.65066665410995483:1.4951817989349365] [0.60133224725723267:1.7117466926574707] [0.56646168231964111:1.9959673881530762] [0.4937971830368042:1.8649090528488159] [0:0.26957115530967712] [0:0.32280367612838745] [0:0.36472421884536743] [0:0.57258552312850952] [0:0.50059491395950317] [-0.16409091651439667:0.12254486232995987] [-0.11048160493373871:0.12254486232995987] [-0.11048160493373871:0.12254486232995987] [-0.11048160493373871:0.12254486232995987] [-0.11048160493373871:0.12254486232995987] [0:1] [0:1] [0:1] [0:1] [0:1] [-0.15193372964859009:0.13264167308807373] [-0.24554997682571411:0.20802642405033112] [-0.40848860144615173:0.27864286303520203] [-0.44566619396209717:0.33016127347946167] [-0.96870207786560059:0.3971981406211853] [1:1.6472727060317993] [1:1.9298244714736938] [1:2.2439024448394775] [1:3.3160974979400635] [1:3.3160974979400635] [0.5718809962272644:1] [0.54045307636260986:1] [0.4660193920135498:1] [0.43721681833267212:1] [0.34664765000343323:1] [0.86488890647888184:1.4843636751174927] [0.72140765190124512:1.7869091033935547] [0.59200000762939453:2.054157018661499] [0.56569522619247437:2.423609733581543] [0.56576049327850342:2.3250908851623535] [0.60694897174835205:1.2689855098724365] [0.54922223091125488:1.4057971239089966] [0.49352750182151794:1.5574545860290527] [0.47533980011940002:1.5740000009536743] [0.39857602119445801:1.5950908660888672] [0.20000000298023224:1] [0.10000000149011612:1] [0.05000000074505806:1] [0.033333335071802139:1] [0.01666666753590107:1] [0:1] [0:1] [0:1] [0:1] [0:1] [0.20000000298023224:1] [0.10000000149011612:1] [0.05000000074505806:1] [0.033333335071802139:1] [0.01666666753590107:1] [0.20000000298023224:1] [0.10000000149011612:1] [0.05000000074505806:1] [0.033333335071802139:1] [0.01666666753590107:1] [-0.80000001192092896:0.80000001192092896] [-0.89999997615814209:0.89999997615814209] [-0.94999998807907104:0.94999998807907104] [-0.96666663885116577:0.96666663885116577] [-0.98333334922790527:0.98333334922790527] [-1:1] [-1:1] [-1:1] [-1:1] [-1:1] [-1:1] [-1:1] [-1:1] [-1:1] [-1:1] [0:1] [0:1] [0:0.89999997615814209] [0:0.89999997615814209] [0:0.89999997615814209] [0:1] [0:1] [0:0.89999997615814209] [0:0.8571428656578064] [0:0.8571428656578064] [-1:1] [-1:1] [-0.8571428656578064:0.89999997615814209] [-0.8571428656578064:0.89999997615814209] [-0.8571428656578064:0.89999997615814209] [0:1] [0:1] [0:1] [0:1] [0:1] [0:1] [0:1] [0:1] [0:1] [0:1] [-1:1] [-1:1] [-1:1] [-1:1] [-1:1] [0.20013266801834106:26452.083984375] [0.10012400150299072:23627.859375] [0.050104878842830658:12145.7685546875] [0.034610312432050705:10268.4287109375] [0.017187755554914474:8419.4609375] [0.00080492562847211957:59102.5] [0.0021778203081339598:49210.34375] [0.0021778203081339598:42161.07421875] [0.0021778203081339598:37016.7265625] [0.0021778203081339598:26455.013671875] [0:2.2360680103302002] [0:3.1615598201751709] [0:4.4708261489868164] [0:5.4611344337463379] [0:7.5986995697021484] [0:1] [0:1] [0:1] [0:1] [0:1] [0:1] [0:1] [0:1] [0:1] [0:1] [-1:1] [-1:1] [-1:1] [-1:1] [-1:1] [-1.8796600103378296:337.23654174804688] [-1.954919695854187:1.9354152679443359] [-3.0736701488494873:3.4166228771209717] [-223.22998046875:4677.0361328125] [-4.2686967849731445:7.5545482635498047]
tree_sizes=3101 3079 3113 3052 2976 3010 3093 3048 3063

Tree=0
num_leaves=31
num_cat=0
split_feature=16 40 25 27 38 48 34 39 62 29 57 38 30 38 35 30 1 81 11 86 60 138 116 82 38 117 121 119 76 128
split_gain=190.239 130.16 128.043 120.884 151.534 120.008 106.762 106.624 124.975 91.0648 137.965 89.5647 79.9167 75.6056 76.5768 60.0289 68.9917 59.2318 90.2366 82.54 57.3801 55.9775 54.1227 52.0907 50.9176 43.3602 42.1628 64.6935 40.7589 38.5667
threshold=1.2240124940872195 -0.048549711704254143 0.01273239078000188 0.072482060641050353 -0.016385068185627457 0.94386580586433422 0.20541002601385119 0.06152723357081414 0.68379566073417675 -0.00058581697521731247 1.179338335990906 -0.015565030742436646 -0.0054647093638777724 0.020238649100065235 0.82400292158126842 -0.0071770725771784774 0.054401578381657607 0.15000000596046451 0.99713197350502025 0.48333333432674414 0.99200001358985912 0.93116387724876415 0.35726498067379003 0.14166667312383655 0.032790759578347213 0.61352169513702404 0.36599712073802954 0.45384621620178228 0.18333333730697635 0.87852004170417797
decision_type=10 8 10 10 10 10 10 10 10 10 10 8 10 10 10 10 10 2 10 2 8 10 10 2 10 10 10 10 2 10
left_child=1 3 20 26 6 -6 23 9 -9 13 11 -11 -8 14 -4 16 21 18 -7 -19 25 -2 -18 -5 -10 -3 -1 -28 -12 -15
right_child=15 2 7 4 5 17 12 8 24 10 28 -13 -14 29 -16 -17 22 19 -20 -21 -22 -23 -24 -25 -26 -27 27 -29 -30 -31
leaf_value=0.009375246376494107 0.00041499869151065969 0.00266058523173813 -0.0013644090393884233 3.2049715509296416e-10 -0.00430680265210327 0.017335784676842401 0.010119044916951057 -0.031284630604254487 -0.0012654862326226561 -0.0034772572051296508 0.0080271496951526949 9.4788376678444852e-05 -0.012704720710870317 0.0070003072421754948 0.00079295611727532632 0.00076848483494960755 0.019297300445676093 0.010132667180143591 0.00048900059826480853 -0.0023386799420386595 0.00019673310327077706 0.011367686605764574 0.0021719893928952468 0.018078140878885526 -0.018057415939508079 -0.00063406229258948857 -0.010641796219400671 0.00013864643783223347 0.00012496477646906798 0.00051028879655304219
leaf_weight=354 1108 22910 112846 282 538 1582 137 177 935 6545 2488 166243 767 1482 16846 1308 748 1595 395 619 27853 724 272 227 192 4089 541 4229 870 2080
leaf_count=354 1108 22910 112846 282 538 1582 137 177 935 6545 2488 166243 767 1482 16846 1308 748 1595 395 619 27853 724 272 227 192 4089 541 4229 870 2080
internal_value=-2.25372e-07 -7.16126e-05 -0.000170347 0.00310014 0.00593358 0.00851579 -0.00249739 -0.000406986 -0.00891222 -0.000369596 7.64899e-05 -3.91671e-05 -0.00877698 -0.000961443 -0.00108179 0.00636382 0.00880231 0.0102457 0.0141587 0.00652186 0.00116426 0.00498147 0.0151486 0.00799843 -0.00465276 0.00215041 -0.000247783 -0.00106074 0.0060815 0.00331828
internal_weight=380982 376822 365556 11266 6142 4729 1413 310704 1304 309400 176146 172788 904 133254 129692 4160 2852 4191 1977 2214 54852 1832 1020 509 1127 26999 5124 4770 3358 3562
internal_count=380982 376822 365556 11266 6142 4729 1413 310704 1304 309400 176146 172788 904 133254 129692 4160 2852 4191 1977 2214 54852 1832 1020 509 1127 26999 5124 4770 3358 3562
is_linear=0
shrinkage=1


Tree=1
num_leaves=31
num_cat=0
split_feature=56 30 41 36 53 1 16 21 116 34 33 36 33 28 44 32 10 32 1 10 26 15 37 1 6 16 49 37 30 153
split_gain=189.006 156.643 177.95 133.329 114.279 107.193 107.03 101.086 95.6198 89.5739 85.8786 77.3704 77.2611 76.7177 91.6316 136.078 71.5779 69.6494 72.2305 63.5484 66.9215 59.4003 67.4777 49.4977 48.08 48.0559 46.9879 46.2243 49.8987 46.0375
threshold=1.1617433428764345 -0.00032910650770645583 -0.062654282897710786 0.65141305327415477 1.0947656035423281 0.054401578381657607 0.93389651179313671 0.80221697688102733 0.35502959787845617 0.8553220033645631 0.92574757337570202 0.79130718111991893 0.69054347276687633 -0.015333874151110647 1.0355614423751833 0.0064178896136581906 1.0238640904426577 -0.0050270666833966962 0.022604981437325481 1.0188921093940737 0.031087645329535011 0.95494559407234203 0.78138533234596264 0.10041717067360879 0.28571669757366186 0.89030659198760997 0.93813326954841625 0.83165457844734203 -0.0071770725771784774 -0.24446706473827359
decision_type=10 8 8 10 10 10 8 8 10 10 10 10 10 8 8 10 10 10 10 10 10 8 10 10 10 10 10 10 10 8
left_child=1 6 3 -3 11 10 21 9 -7 23 12 24 29 19 16 -16 -15 27 -19 -9 -21 -1 25 -4 -5 -23 -24 -8 -29 -2
right_child=5 2 7 4 -6 8 17 13 -10 -11 -12 -13 -14 14 15 -17 -18 18 -20 20 -22 22 26 -25 -26 -27 -28 28 -30 -31
leaf_value=0.0019591964228606535 0.0059533665063268206 0.00088692547134893059 -0.007259161140328668 0.012630806666811706 -0.0082931790751659424 0.015207804460915375 -2.651508563868464e-05 0.00042815769776072564 0.0023990213062473386 0.0046246582800848791 -0.0058505432374079333 0.022214800127179975 0.0080268581867486283 0.00057510316015091628 -0.00043578525387794146 -0.008327323934315331 0.0043348677798503189 -0.00032708011383665022 -0.0017924341782444354 -0.0030943008985653982 0.012380069380618357 -0.013277101651506704 -0.0082319408308779984 -0.023217214692447145 0 -0.0054822218125893819 0.0053597091714057375 0.0002281609454761076 0.0089433805725512624 -0.0013714412950081895
leaf_weight=887 1089 2153 760 961 207 1314 2492 1445 982 351 944 677 2280 146148 52436 2031 4716 104128 43094 269 1246 1168 322 275 420 2546 654 1063 1559 2423
leaf_count=887 1089 2153 760 961 207 1314 2492 1445 982 351 944 677 2280 146148 52436 2031 4716 104128 43094 269 1246 1168 322 275 420 2546 654 1063 1559 2423
internal_value=3.18683e-05 -7.15564e-05 0.000456237 0.00640463 0.0114645 0.00431559 -0.000788994 0.000328872 0.00992704 -0.00767815 0.00233477 0.0136569 0.003736 0.000384324 0.000313379 -0.000738504 0.00069518 -0.00063694 -0.000758233 0.00516985 0.00943252 -0.00487162 -0.00623003 -0.0121433 0.0089902 -0.00807193 0.000499117 0.00278576 0.00555212 0.000835745
internal_weight=381040 372008 214095 4418 2265 9032 157913 209677 2296 1386 6736 2058 5792 208291 205331 54467 150864 152336 147222 2960 1515 5577 4690 1035 1381 3714 976 5114 2622 3512
internal_count=381040 372008 214095 4418 2265 9032 157913 209677 2296 1386 6736 2058 5792 208291 205331 54467 150864 152336 147222 2960 1515 5577 4690 1035 1381 3714 976 5114 2622 3512
is_linear=0
shrinkage=0.03


Tree=2
num_leaves=31
num_cat=0
split_feature=56 39 30 28 38 17 49 62 71 33 69 151 62 10 25 116 1 35 52 28 38 1 37 22 53 37 29 30 85 26
split_gain=171.711 126.106 113.682 129.984 116.331 252.588 114.621 105.328 101.424 100.476 98.8358 97.7361 85.1712 101.32 90.9803 73.7979 88.2533 66.9631 60.6723 74.4145 60.1318 58.8227 57.779 56.2475 81.2169 66.189 54.8099 54.5437 49.2902 49.2207
threshold=1.1804987788200381 0.06152723357081414 -0.00032910650770645583 -0.0093749975785613043 -0.015565030742436646 0.74951386451721203 0.82381132245063793 0.68379566073417675 0.57780587673187267 0.97743725776672374 0.32876682281494146 0.49146120250225073 0.81897664070129406 1.0238640904426577 0.011856716126203539 0.38532115519046789 0.061432123184204109 0.89757767319679271 0.70250633358955394 -0.020468544214963909 -0.00029686579364351923 0.065133091062307372 0.8793131709098817 0.95120167732238781 0.99119314551353466 0.72632572054862987 0.0021346495486795907 0.0025643863482400779 -0.62499999999999989 0.051901854574680335
decision_type=10 10 8 8 8 8 10 10 10 10 10 10 8 10 10 10 10 10 10 10 10 10 10 10 10 10 10 10 2 10
left_child=1 2 6 8 5 17 -1 -3 18 15 11 -10 13 -6 -14 16 20 -5 19 -4 22 -12 -2 24 26 -26 -8 -7 -18 -25
right_child=9 7 3 4 12 27 23 -9 10 -11 21 -13 14 -15 -16 -17 28 -19 -20 -21 -22 -23 -24 29 25 -27 -28 -29 -30 -31
leaf_value=0.015349472103116567 0.010685820218002812 -0.029383847234173539 -0.0020853427377459342 -0.01048644977897507 0.001226190478365381 -0.0056479384166403706 -0.014905921034052645 -0.0052323715713185571 0.018167983257589622 -0.014140267297139634 0.0040256961868104972 0.0051935681881487865 0.0016067311998668626 0.0070580972484017394 -0.00021034122113994469 -0.00064312892262276494 0.018062342252551898 -0.028245785015333983 0.00072106195374168952 0.016827584409873902 0.00043167865279644256 -0.010648502891058393 -0.0029421599302138501 -0.000761318439437739 -0.0047383333144386374 0.0016471176271064753 -0.001145938142806699 0.0014854097899179327 0.0006943855913553031 0.0009935404346619913
leaf_weight=380 1659 189 259 1469 17560 1259 801 1060 1021 210 2185 1273 30069 3200 140416 1188 891 249 9745 458 1581 249 288 137040 3087 2652 460 3857 221 15914
leaf_count=380 1659 189 259 1469 17560 1259 801 1060 1021 210 2185 1273 30069 3200 140416 1188 891 249 9745 458 1581 249 288 137040 3087 2652 460 3857 221 15914
internal_value=-4.73049e-06 -8.64863e-05 -5.36078e-05 0.000399247 0.000192387 -0.00364418 -0.000657821 -0.00952891 0.0030732 0.00500485 0.00672712 0.0112049 0.00033142 0.0021455 0.000108533 0.00579201 0.00749969 -0.0135284 0.0013836 0.00971747 0.00499617 0.00232772 0.00850804 -0.000699638 -0.00333457 -0.00174004 -0.0102169 -0.000226787 0.0149489 -0.000576668
internal_weight=380890 374852 373603 213269 198079 6834 160334 1249 15190 6038 4728 2294 191245 20760 170485 5828 4640 1718 10462 717 3528 2434 1947 159954 7000 5739 1261 5116 1112 152954
internal_count=380890 374852 373603 213269 198079 6834 160334 1249 15190 6038 4728 2294 191245 20760 170485 5828 4640 1718 10462 717 3528 2434 1947 159954 7000 5739 1261 5116 1112 152954
is_linear=0
shrinkage=0.03


Tree=3
num_leaves=31
num_cat=0
split_feature=46 30 41 38 17 50 39 1 25 26 57 53 49 39 113 77 53 27 27 86 86 52 60 87 9 18 44 3 138 33
split_gain=154.251 144.257 154.046 144.503 205.729 142.526 124.146 97.7122 99.0399 95.4547 91.081 110.162 95.1869 78.0003 83.5204 69.5861 96.7133 84.5372 75.7247 67.7243 74.4348 62.4279 58.5332 55.9522 54.2262 79.4646 52.6157 51.9186 51.0436 48.6756
threshold=1.2150713205337527 -0.00032910650770645583 -0.062654282897710786 -0.016385068185627457 0.74246636033058178 0.700454741716385 0.036110768094658859 0.029530177824199203 0.013552388641983272 0.040962092578411109 0.99584764242172252 1.0947656035423281 0.95471328496932995 -0.041043283417820924 0.17777813225984576 0.32500000298023229 0.99119314551353466 0.045475816354155547 0.089357569813728346 -0.78333333134651173 -0.84999999403953541 0.97815915942192089 0.95199653506279003 0.5416666865348817 1.0198270678520205 1.0354668498039248 1.1307602524757387 0.0087719280272722262 0.88656166195869457 0.54516717791557323
decision_type=10 8 8 8 8 8 10 8 10 10 10 10 10 10 10 2 10 10 10 2 2 10 10 2 10 10 10 10 10 10
left_child=1 15 10 4 24 6 -5 8 -7 -9 11 12 -3 14 27 18 17 -17 -1 20 29 -22 -19 -18 -4 -26 28 -2 -6 -15
right_child=13 2 3 5 26 7 -8 9 -10 -11 -12 -13 -14 19 -16 16 23 22 -20 -21 21 -23 -24 -25 25 -27 -28 -29 -30 -31
leaf_value=-0.00029679624991197799 0.0060945457617960332 0.0069714080130589716 -0.004117855561782075 -0.0001986574682223934 -0.0057473311215410754 0.0014913373864608519 -0.023606450618091752 0.00030949998167739424 -0.00019973125553754938 0.0033654173876172685 0.0031900549045189978 -0.0094139208835195328 0.02620914164471885 -0.0030417695650390305 0 -0.001440800524024751 -0.0015190209049062108 -0.00040027224285543885 0.0043745342078832621 0.00047354403452880202 0.014292991760594559 0 -0.011652189045814196 0.00049997890010342809 -0.021656780077824345 0.0019189150027058858 0.0086318479766388147 0.021676237331861158 0.00081485193648699647 0.0051883416736953816
leaf_weight=75442 441 559 417 458 1930 41635 391 17700 123063 19689 3009 141 494 926 458 2708 56324 598 3235 6402 1122 370 1982 15552 832 121 421 511 2200 1843
leaf_count=75442 441 559 417 458 1930 41635 391 17700 123063 19689 3009 141 494 926 458 2708 56324 598 3235 6402 1122 370 1982 15552 832 121 421 511 2200 1843
internal_value=7.10026e-05 -3.7483e-05 0.000469012 0.000352753 -0.00425386 0.000489043 -0.0116193 0.000542542 0.000226072 0.0019277 0.0061461 0.0131732 0.0165964 0.00340526 0.0100601 -0.00073184 -0.00137214 -0.00529494 -9.98479e-05 0.00248001 0.00540828 0.0108231 -0.00918271 -0.00107797 -0.0143745 -0.0183772 -0.00109203 0.0150408 -0.00219237 0.00232641
internal_weight=380974 368901 213060 208857 5921 202936 849 202087 164698 37389 4203 1194 1053 12073 1410 155841 77164 5288 78677 10663 4261 1492 2580 71876 1370 953 4551 952 4130 2769
internal_count=380974 368901 213060 208857 5921 202936 849 202087 164698 37389 4203 1194 1053 12073 1410 155841 77164 5288 78677 10663 4261 1492 2580 71876 1370 953 4551 952 4130 2769
is_linear=0
shrinkage=0.03


Tree=4
num_leaves=31
num_cat=0
split_feature=56 30 11 41 16 1 41 116 71 14 28 44 11 15 125 33 77 72 37 32 1 90 3 14 30 42 31 1 34 30
split_gain=179.215 125.223 151.591 147.56 93.5556 89.4945 84.9589 84.4787 77.4071 124.143 74.6232 122.649 74.4146 79.8996 64.2416 63.6406 67.4756 62.5686 60.9607 59.8406 69.3945 57.786 56.7424 46.7879 46.2809 43.8335 51.5135 42.7753 42.3163 40.621
threshold=1.1804987788200381 -0.00032910650770645583 0.9256669580936433 -0.075394101440906511 0.93389651179313671 0.054401578381657607 0.091741211712360396 0.35502959787845617 0.57392868399620067 0.94922077655792247 -0.0093749975785613043 1.038013815879822 0.98301765322685253 0.75612297654151928 0.062500007450580611 0.97743725776672374 0.075000002980232253 0.61710873246192943 0.79403474926948558 -0.0050270666833966962 0.022471913136541847 0.48827464878559118 0.0096712093800306338 1.0670436620712282 -0.0012631859281100331 -0.092983506619930253 -0.0044396603479981414 0.039999930188059814 0.81011152267456066 -0.0066772846039384595
decision_type=10 8 8 8 8 10 10 10 10 10 8 10 10 8 10 10 2 10 10 8 10 10 10 10 10 10 10 10 10 10
left_child=1 4 21 8 14 15 10 29 -4 -10 17 -12 13 -8 18 16 -2 -5 22 -6 -21 -3 24 -11 -1 26 -22 -18 -23 -7
right_child=5 2 3 6 19 7 12 -9 9 23 11 -13 -14 -15 -16 -17 27 -19 -20 20 25 28 -24 -25 -26 -27 -28 -29 -30 -31
leaf_value=-0.013221206476618952 -0.0038310957144130956 0 0.0032869467479541238 0.00076025090282442261 0.0024936399749294117 0.01771796026645631 -0.0025813564967647126 0.0026143362590937613 -0.0090772859218950352 0.023656043539091117 0.00054958990426746761 -0.0013015371215600187 -0.0055515156472047975 0.013004727110984765 0 -0.015027779401761704 0.0076502115302386105 0.0049819194484889921 0.0014934440524864362 -0.00024622548334047667 0.0078262006207348838 -0.020288273327430776 0 0.0019231297788633542 -0.003578387369341289 -0.0019510852599578128 -0.00037140938739224107 0 0 0
leaf_weight=1746 868 259 1384 8117 5502 1006 341 844 133 593 155337 40574 326 1228 1961 154 2182 5389 598 104189 835 507 592 145 754 41399 3277 877 109 141
leaf_count=1746 868 259 1384 8117 5502 1006 341 844 133 593 155337 40574 326 1228 1961 154 2182 5389 598 104189 835 507 592 145 754 41399 3277 877 109 141
internal_value=1.28503e-05 -6.92124e-05 0.000404496 0.000457439 -0.000702575 0.00511776 0.000374097 0.0103495 0.00806353 0.0150726 0.000315042 0.000164589 0.00667217 0.00943866 -0.00449502 0.00245416 0.00328841 0.00247178 -0.00681684 -0.000561996 -0.000676623 -0.0119041 -0.00851974 0.0199452 -0.0104835 -0.00165481 0.00125045 0.00541778 -0.0167687 0.0156419
internal_weight=381367 375295 214442 213567 160853 6072 211312 1991 2255 871 209417 195911 1895 1569 5651 4081 3927 13506 3690 155202 149700 875 3092 738 2500 45511 4112 3059 616 1147
internal_count=381367 375295 214442 213567 160853 6072 211312 1991 2255 871 209417 195911 1895 1569 5651 4081 3927 13506 3690 155202 149700 875 3092 738 2500 45511 4112 3059 616 1147
is_linear=0
shrinkage=0.03


Tree=5
num_leaves=31
num_cat=0
split_feature=40 27 29 57 53 11 22 27 40 3 79 5 109 36 14 14 79 4 41 6 82 82 62 78 11 87 90 14 126 161
split_gain=133.451 123.349 105.062 135.043 108.575 95.1523 92.5122 77.9713 67.2568 64.8782 114.592 74.3886 64.2768 65.9698 101.262 78.6717 86.7597 66.5905 61.8185 67.1683 58.6 54.4735 91.993 69.7777 51.8484 50.8445 49.0297 47.9728 47.9269 75.6133
threshold=-0.042775878682732575 0.067863494157791152 -0.0014479957171715794 1.1696498990058901 0.9694495201110841 0.9256669580936433 1.1624702215194704 0.14053736627101901 0.029878373257815841 0.022845599800348285 0.15000000223517421 0.0049803925212472686 0.38750000298023229 0.82490471005439769 0.94514337182044994 0.81933182477951061 0.45000000298023229 0.31999911367893225 -0.066257402300834642 0.26315797865390783 0.50833332538604747 0.22500000149011615 0.88774332404136669 0.70000001788139354 0.99592259526252758 0.85833334922790538 -0.1599239110946655 0.97058823704719555 -0.24840757995843885 -0.51208853721618641
decision_type=8 10 8 10 10 8 10 10 10 10 2 10 2 10 10 10 2 10 10 10 2 2 10 10 10 2 10 10 10 10
left_child=1 20 4 5 27 -4 21 9 -9 11 -11 -7 13 15 17 -3 25 -15 26 -20 -1 -6 23 -23 -18 -17 -16 -2 29 -5
right_child=2 12 3 28 6 7 -8 8 -10 10 -12 -13 -14 14 18 16 24 -19 19 -21 -22 22 -24 -25 -26 -27 -28 -29 -30 -31
leaf_value=0.0023163858823132826 -0.029896164566186635 0.019053128828407723 -0.010318243865794895 -0.001008392662482055 0 0.0005451946665819726 0.0038830622345456148 -0.011458289456438852 0.004507969874901244 0.010384451482077247 -0.00043504244028604895 -0.00059091219644296592 -0.0055821125492954687 -0.014197125637954274 0.0044302885986066288 0 0.007525523838597073 0.012070125105694451 0 0.01998930308117302 -0.0030780748647986421 -0.0096082503639508265 -0.0011144497485186609 -0.0015837558540225975 0.0008900963304245864 -0.015736537819755248 0.031064371403281849 -0.0075606571280299436 0.0018772887586002464 0.010487314433938954
leaf_weight=3617 122 301 762 616 39382 144580 3687 904 276 1521 1937 80708 461 183 120 1799 3723 125 358 248 3565 2073 79934 2040 1638 187 317 455 2613 2091
leaf_count=3617 122 301 762 616 39382 144580 3687 904 276 1521 1937 80708 461 183 120 1799 3723 125 358 248 3565 2073 79934 2040 1638 187 317 455 2613 2091
internal_value=-1.95587e-05 0.0026049 -0.000140609 0.000233453 -0.000834243 0.000122931 -0.00077167 0.000159733 -0.00746092 0.000201005 0.00427 0.000136844 0.0048537 0.00543276 0.0116412 0.00426942 0.00357294 -0.00253612 0.016079 0.00863105 -0.000320772 -0.000913751 -0.00134509 -0.00572771 0.00556473 -0.001656 0.0249211 -0.0136291 0.00495136 0.00777315
internal_weight=380343 16642 363701 236008 127693 230688 127116 229926 1180 228746 3458 225288 9460 8999 1351 7648 7347 308 1043 606 7182 123429 84047 4113 5361 1986 437 577 5320 2707
internal_count=380343 16642 363701 236008 127693 230688 127116 229926 1180 228746 3458 225288 9460 8999 1351 7648 7347 308 1043 606 7182 123429 84047 4113 5361 1986 437 577 5320 2707
is_linear=0
shrinkage=0.03


Tree=6
num_leaves=31
num_cat=0
split_feature=46 30 41 51 53 38 17 50 18 3 79 16 23 25 117 26 74 37 84 27 0 62 52 35 28 41 38 73 38 37
split_gain=147.601 118.809 148.067 103.76 102.25 94.309 216.967 106.732 131.399 92.9023 109.771 90.3113 80.8432 77.9154 59.0788 58.3391 83.5208 72.6444 70.0599 61.5471 60.6506 66.0667 56.7435 64.7397 54.0746 90.9454 75.9535 80.4503 56.2039 53.2647
threshold=1.2150713205337527 -0.00032910650770645583 -0.062654282897710786 0.83142599463462841 1.0947656035423281 -0.018541744910180565 0.74246636033058178 0.700454741716385 0.95460566878318798 0.020594920031726364 0.15000000223517421 0.89236450195312511 0.032203979790210731 0.011985725257545711 0.59772604703903209 0.053688371554017074 0.45000000298023229 0.84720799326896679 0.65000000596046459 0.090549178421497359 0.017326733097434047 0.89787432551383983 0.87443751096725475 0.84379816055297863 -0.011054697446525095 0.024672060273587707 -0.0024574809940531846 0.5000000149011613 -0.0099864904768764955 0.91761156916618358
decision_type=10 8 8 10 10 8 8 8 10 10 2 8 10 10 10 10 2 10 2 10 10 10 10 10 10 10 10 10 10 10
left_child=1 11 3 4 12 6 29 8 -7 13 -11 14 -3 -9 -1 17 -17 20 -18 -19 -13 -22 23 -8 26 -26 27 -2 -27 -4
right_child=24 2 5 -5 -6 7 22 9 -10 10 -12 15 -14 -15 -16 16 18 19 -20 -21 21 -23 -24 -25 25 28 -28 -29 -30 -31
leaf_value=-0.011256827357312479 0.011851184390795041 0.0088391842560878366 -0.018331571534327365 0.0016940421081124524 -0.014626569433137773 -0.02074988646241243 0.0043479461837457219 0.0016818795141013971 0.0015707111652220852 0.0100814235972328 0.00044048660453621121 -0.00078706422876869461 0.024785514106033607 4.1273656488071826e-05 -0.00027716612426341653 -0.00043524030998462894 0.0074854278687876714 0.000894583202910533 -0.0013489830428880347 0.0093991838724673798 -0.010458464169363175 -0.0023282224750721891 -0.0078662173350996668 -0.0079569404660955415 -0.0013165162243259033 0.013959973684743386 0.0022798706688750793 -0.0036985803724409539 0.0031270586268446338 0
leaf_weight=1188 2014 1239 923 2368 100 459 2020 30902 420 1909 2526 121472 429 168168 787 7075 2807 9223 1049 832 1001 10442 650 443 4080 591 3075 309 1948 163
leaf_count=1188 2014 1239 923 2368 100 459 2020 30902 420 1909 2526 121472 429 168168 787 7075 2807 9223 1049 832 1001 10442 650 443 4080 591 3075 309 1948 163
internal_value=1.43014e-05 -9.16592e-05 0.000368456 0.00597868 0.0114665 0.00025521 -0.00417912 0.000348179 -0.00995337 0.000395123 0.0046843 -0.000721455 0.0133633 0.000297598 -0.00707866 -0.000637015 0.0014639 -0.000799925 0.00501012 0.00164533 -0.000987385 -0.00308261 -2.70089e-05 0.00196768 0.00328409 0.00139869 0.00552689 0.00964083 0.00585525 -0.0155941
internal_weight=380612 368595 212719 4136 1768 208583 4199 204384 879 203505 4435 155876 1668 199070 1975 153901 10931 142970 3856 10055 132915 11443 3113 2463 12017 6619 5398 2323 2539 1086
internal_count=380612 368595 212719 4136 1768 208583 4199 204384 879 203505 4435 155876 1668 199070 1975 153901 10931 142970 3856 10055 132915 11443 3113 2463 12017 6619 5398 2323 2539 1086
is_linear=0
shrinkage=0.03


Tree=7
num_leaves=31
num_cat=0
split_feature=40 15 29 57 27 84 54 1 90 27 26 17 14 40 35 13 33 159 158 28 52 1 62 2 86 42 16 68 73 52
split_gain=157.77 121.941 100.583 113.055 100.153 150.425 92.0776 71.3201 67.8497 65.3518 78.8546 98.1413 75.8684 64.4935 57.3504 64.1942 68.0031 63.8306 55.8812 55.2614 94.6895 47.2406 45.7101 45.5302 63.6335 48.5681 44.3885 45.1776 54.4283 41.22
threshold=-0.042775878682732575 0.75612297654151928 -0.0016573990578763185 1.1696498990058901 0.067863494157791152 0.65000000596046459 1.0899796485900881 0.018367341719567779 0.83039942383766185 0.14053736627101901 0.10312818735837938 0.80358910560607921 0.89225390553474437 0.032881923019886024 0.36200362443923956 0.96621623635292064 0.97297272086143505 -0.039156904444098466 -0.029870895668864247 -0.007024794351309537 0.6653878688812257 0.054401578381657607 0.9325009584426881 -0.6279066503047942 0.58333334326744091 -0.041435236111283295 1.0980392098426821 0.057692272588610656 0.70000001788139354 0.88015794754028331
decision_type=8 8 8 10 10 2 10 10 10 10 10 8 8 10 10 10 10 10 10 10 10 10 10 10 2 10 8 10 10 10
left_child=4 8 6 9 -1 14 7 -3 -2 10 12 -12 -4 -11 23 -16 17 -17 -7 20 -9 -8 -21 -6 -25 -26 -5 -28 -29 -23
right_child=1 2 3 26 5 18 21 19 -10 13 11 -13 -14 -15 15 16 -18 -19 -20 22 -22 29 -24 24 25 -27 27 28 -30 -31
leaf_value=0.0001297817894168653 -0.0027079519532355015 -0.00023046669142670324 0.0028896956198535256 0 -0.0019458504061830749 -0.019534894434510376 0.0018704421564075459 0.018844811728108771 -0.014450308622740689 -0.010287802214506049 0.016462912094952133 -0.0036667916861317981 4.2739528346954138e-05 0.0063589411917247722 -0.0025466682646344075 0.012102068203977408 -0.0096616145945428045 0.0051341363523532005 0 -0.0044049421441625233 -0.00065485338641105555 -0.0025459802999039708 -0.0018258779405352778 0.0010342086356028687 0.0063587729792361604 0.026704267918177066 -0.0066754301177676424 0.010082819676328058 0.0027018581848176327 0.01344894795153085
leaf_weight=7227 1216 59457 8746 1364 1252 270 3554 206 773 962 562 305 223837 228 472 2906 150 2410 210 8143 19852 141 29977 1205 429 167 200 2124 1819 634
leaf_count=7227 1216 59457 8746 1364 1252 270 3554 206 773 962 562 305 223837 228 472 2906 150 2410 210 8143 19852 141 29977 1205 429 167 200 2124 1819 634
internal_value=-1.48347e-05 -0.000146455 -0.000104717 0.000250652 0.00283395 0.00486118 -0.000806823 -0.000967151 -0.00751923 0.000149419 0.000186698 0.0091203 0.000151325 -0.00679802 0.00576315 0.00750104 0.00842948 0.00903047 -0.0109886 -0.00171454 -0.000421074 0.00346532 -0.00238669 0.00225857 0.00533536 0.0132286 0.00449351 0.00603355 0.00678433 0.0101707
internal_weight=380798 364100 362111 240147 16698 9471 121964 117635 1989 234640 233450 867 232583 1190 8991 5938 5466 5316 480 58178 20058 4329 38120 3053 1801 596 5507 4143 3943 775
internal_count=380798 364100 362111 240147 16698 9471 121964 117635 1989 234640 233450 867 232583 1190 8991 5938 5466 5316 480 58178 20058 4329 38120 3053 1801 596 5507 4143 3943 775
is_linear=0
shrinkage=0.03


Tree=8
num_leaves=31
num_cat=0
split_feature=16 40 44 62 50 158 68 109 36 14 14 109 26 16 18 4 25 37 63 52 37 42 86 30 140 9 11 7 54 115
split_gain=142.373 97.9688 146.81 97.6956 91.5647 89.131 115.853 83.6258 110.609 93.1516 88.7889 77.7787 76.7681 76.1021 75.98 71.7504 71.1862 63.937 59.2413 75.6622 58.8663 55.921 54.124 52.8727 56.4634 51.1069 49.5459 49.5419 48.5186 45.7422
threshold=1.2240124940872195 -0.042775878682732575 1.0406504273414614 0.68379566073417675 0.700454741716385 0.0037994807353243236 0.69642862677574169 0.31666667759418493 0.82174530625343334 0.94297632575035106 0.81933182477951061 0.58571431040763866 0.10948996618390085 1.1351175308227541 0.95460566878318798 0.31999911367893225 0.01333036692813039 0.42057342827320104 0.55000001192092907 0.70883601903915416 0.57834863662719738 -0.092983506619930253 0.78333333134651195 -0.0071770725771784774 0.79636693000793468 1.0365544557571413 0.98969075083732616 0.022296557202935222 0.98070693016052257 0.74770641326904308
decision_type=10 8 10 10 8 8 10 2 10 10 10 2 10 10 10 10 10 10 10 10 10 8 2 10 10 10 10 10 10 10
left_child=1 7 4 5 22 20 -7 8 10 15 -1 14 13 16 17 -10 -6 -5 27 -20 -4 -16 29 24 -2 26 -13 -12 -15 -3
right_child=23 2 3 11 12 6 -8 -9 9 -11 18 25 -14 28 21 -17 -18 -19 19 -21 -22 -23 -24 -25 -26 -27 -28 -29 -30 -31
leaf_value=0.017289310461587524 -0.00066740549162977144 -0.00027395302327129782 0.0034803946812450881 -0.021568851702586683 0.0010910291119228281 0.0146183637903232 -0.020731198599577443 -0.0077420828288563498 -0.015477798390686326 0.014110187521790669 0.0011454429298691688 0.0065682668184433423 0.011086397335718591 -0.0062117068626021937 0.0019719692232000063 0.012252420792296213 -0.00011593891136780776 -0.0014473892860268937 -0.0022683901549467155 0.01213764128662367 -0.017773331565977529 -0.0011376882511261216 0.0015054559207462763 0.00025010260616541201 0.009735220762572298 0.014554127889332941 -0.0075311058516941828 -0.0081053910827627428 0.005771937509282744 -0.027202993487865711
leaf_weight=310 517 107 105 281 57839 236 101 686 182 1215 11225 656 570 296 5382 116 182075 342 445 929 739 108274 123 1314 2345 424 304 521 3181 208
leaf_count=310 517 107 105 281 57839 236 101 686 182 1215 11225 656 570 296 5382 116 182075 342 445 929 739 108274 123 1314 2345 424 304 521 3181 208
internal_value=-1.3429e-05 -7.53967e-05 -0.000176827 -0.00105188 0.00024035 -0.00959291 0.00261576 0.00224709 0.00273546 0.0104148 0.00183381 -0.000960438 0.000266693 0.000239213 -0.00104873 -0.00364838 0.000173856 -0.0113782 0.00142004 0.00729112 -0.0147626 -0.000987475 -0.013148 0.00548118 0.00776037 0.00602714 0.00173477 0.00069654 0.00463628 -0.0195137
internal_weight=381048 376872 361243 116844 244399 1181 337 15629 14943 1513 13430 115663 243961 243391 114279 298 239914 623 13120 1374 844 113656 438 4176 2862 1384 960 11746 3477 315
internal_count=381048 376872 361243 116844 244399 1181 337 15629 14943 1513 13430 115663 243961 243391 114279 298 239914 623 13120 1374 844 113656 438 4176 2862 1384 960 11746 3477 315
is_linear=0
shrinkage=0.03


end of trees

feature_importances:
KLEN=12
BETA20=12
RESI5=10
RSQR60=9
ROC10=8
ROC30=8
STD60=8
RESI30=7
QTLD60=7
LOW0=6
STD30=6
BETA5=6
RSQR5=6
RESI20=6
MIN60=6
QTLU5=6
STD20=5
IMXD30=5
KUP=4
ROC60=4
BETA10=4
RSQR20=4
RSQR30=4
RESI10=4
MAX10=4
QTLU60=4
SUMP30=4
HIGH0=3
ROC20=3
MA5=3
BETA60=3
RSQR10=3
RESI60=3
MIN10=3
MIN20=3
QTLU30=3
IMIN10=3
IMIN60=3
CORR20=3
CNTD10=3
KUP2=2
KLOW2=2
OPEN0=2
MA60=2
MAX30=2
QTLU10=2
QTLD20=2
RSV5=2
RSV30=2
IMAX5=2
IMAX60=2
IMXD10=2
IMXD60=2
SUMP60=2
WVMA5=2
ORC_SIGNED_IMPACT_SHOCK_20=2
KMID=1
KMID2=1
KLOW=1
KSFT=1
ROC5=1
MA30=1
STD5=1
BETA30=1
MIN5=1
MIN30=1
RANK5=1
RSV10=1
RSV60=1
IMAX10=1
IMAX30=1
IMIN5=1
IMIN30=1
IMXD20=1
SUMP5=1
SUMP20=1
SUMN10=1
SUMN30=1
SUMD20=1
SUMD30=1
VMA5=1
WVMA20=1
VSUMN30=1
VSUMD5=1
ORC_RETURN_PER_VOLUME_SURPRISE_20=1
ORC_VOLUME_CLIMAX_10=1

parameters:
[boosting: gbdt]
[objective: regression]
[metric: l2]
[tree_learner: serial]
[device_type: cpu]
[data_sample_strategy: bagging]
[data: ]
[valid: ]
[num_iterations: 500]
[learning_rate: 0.03]
[num_leaves: 31]
[num_threads: 12]
[seed: 20260814]
[deterministic: 1]
[force_col_wise: 1]
[force_row_wise: 0]
[histogram_pool_size: -1]
[max_depth: 7]
[min_data_in_leaf: 100]
[min_sum_hessian_in_leaf: 0.001]
[bagging_fraction: 0.8]
[pos_bagging_fraction: 1]
[neg_bagging_fraction: 1]
[bagging_freq: 1]
[bagging_seed: 20260814]
[bagging_by_query: 0]
[feature_fraction: 0.8]
[feature_fraction_bynode: 1]
[feature_fraction_seed: 20260814]
[extra_trees: 0]
[extra_seed: 17475]
[early_stopping_round: 0]
[early_stopping_min_delta: 0]
[first_metric_only: 0]
[max_delta_step: 0]
[lambda_l1: 10]
[lambda_l2: 20]
[linear_lambda: 0]
[min_gain_to_split: 0]
[drop_rate: 0.1]
[max_drop: 50]
[skip_drop: 0.5]
[xgboost_dart_mode: 0]
[uniform_drop: 0]
[drop_seed: 29730]
[top_rate: 0.2]
[other_rate: 0.1]
[min_data_per_group: 100]
[max_cat_threshold: 32]
[cat_l2: 10]
[cat_smooth: 10]
[max_cat_to_onehot: 4]
[top_k: 20]
[monotone_constraints: ]
[monotone_constraints_method: basic]
[monotone_penalty: 0]
[feature_contri: ]
[forcedsplits_filename: ]
[refit_decay_rate: 0.9]
[cegb_tradeoff: 1]
[cegb_penalty_split: 0]
[cegb_penalty_feature_lazy: ]
[cegb_penalty_feature_coupled: ]
[path_smooth: 0]
[interaction_constraints: ]
[verbosity: 1]
[saved_feature_importance_type: 0]
[use_quantized_grad: 0]
[num_grad_quant_bins: 4]
[quant_train_renew_leaf: 0]
[stochastic_rounding: 1]
[linear_tree: 0]
[max_bin: 255]
[max_bin_by_feature: ]
[min_data_in_bin: 3]
[bin_construct_sample_cnt: 200000]
[data_random_seed: 20260812]
[is_enable_sparse: 1]
[enable_bundle: 1]
[use_missing: 1]
[zero_as_missing: 0]
[feature_pre_filter: 1]
[pre_partition: 0]
[two_round: 0]
[header: 0]
[label_column: ]
[weight_column: ]
[group_column: ]
[ignore_column: ]
[categorical_feature: ]
[forcedbins_filename: ]
[precise_float_parser: 0]
[parser_config_file: ]
[objective_seed: 27057]
[num_class: 1]
[is_unbalance: 0]
[scale_pos_weight: 1]
[sigmoid: 1]
[boost_from_average: 1]
[reg_sqrt: 0]
[alpha: 0.9]
[fair_c: 1]
[poisson_max_delta_step: 0.7]
[tweedie_variance_power: 1.5]
[lambdarank_truncation_level: 30]
[lambdarank_norm: 1]
[label_gain: ]
[lambdarank_position_bias_regularization: 0]
[eval_at: ]
[multi_error_top_k: 1]
[auc_mu_weights: ]
[num_machines: 1]
[local_listen_port: 12400]
[time_out: 120]
[machine_list_filename: ]
[machines: ]
[gpu_platform_id: -1]
[gpu_device_id: -1]
[gpu_device_id_list: ]
[gpu_use_dp: 0]
[num_gpu: 1]

end of parameters

pandas_categorical:null
