tree
version=v4
num_class=1
num_tree_per_iteration=1
label_index=0
max_feature_idx=162
objective=regression
feature_names=KMID KLEN KMID2 KUP KUP2 KLOW KLOW2 KSFT KSFT2 OPEN0 HIGH0 LOW0 VWAP0 ROC5 ROC10 ROC20 ROC30 ROC60 MA5 MA10 MA20 MA30 MA60 STD5 STD10 STD20 STD30 STD60 BETA5 BETA10 BETA20 BETA30 BETA60 RSQR5 RSQR10 RSQR20 RSQR30 RSQR60 RESI5 RESI10 RESI20 RESI30 RESI60 MAX5 MAX10 MAX20 MAX30 MAX60 MIN5 MIN10 MIN20 MIN30 MIN60 QTLU5 QTLU10 QTLU20 QTLU30 QTLU60 QTLD5 QTLD10 QTLD20 QTLD30 QTLD60 RANK5 RANK10 RANK20 RANK30 RANK60 RSV5 RSV10 RSV20 RSV30 RSV60 IMAX5 IMAX10 IMAX20 IMAX30 IMAX60 IMIN5 IMIN10 IMIN20 IMIN30 IMIN60 IMXD5 IMXD10 IMXD20 IMXD30 IMXD60 CORR5 CORR10 CORR20 CORR30 CORR60 CORD5 CORD10 CORD20 CORD30 CORD60 CNTP5 CNTP10 CNTP20 CNTP30 CNTP60 CNTN5 CNTN10 CNTN20 CNTN30 CNTN60 CNTD5 CNTD10 CNTD20 CNTD30 CNTD60 SUMP5 SUMP10 SUMP20 SUMP30 SUMP60 SUMN5 SUMN10 SUMN20 SUMN30 SUMN60 SUMD5 SUMD10 SUMD20 SUMD30 SUMD60 VMA5 VMA10 VMA20 VMA30 VMA60 VSTD5 VSTD10 VSTD20 VSTD30 VSTD60 WVMA5 WVMA10 WVMA20 WVMA30 WVMA60 VSUMP5 VSUMP10 VSUMP20 VSUMP30 VSUMP60 VSUMN5 VSUMN10 VSUMN20 VSUMN30 VSUMN60 VSUMD5 VSUMD10 VSUMD20 VSUMD30 VSUMD60 ORC_SIGNED_IMPACT_SHOCK_20 ORC_RETURN_PER_VOLUME_SURPRISE_20 ORC_IMPACT_CONCENTRATION_20 ORC_VOLUME_CLIMAX_10 ORC_VOLUME_STABILITY_TREND_20
feature_infos=[-0.16749253869056702:0.24100260436534882] [0:0.49935737252235413] [-1:1] [0:0.27153289318084717] [0:1] [0:0.2003205418586731] [0:1] [-0.31147539615631104:0.23587034642696381] [-1:1] [0.80580008029937744:1.2011904716491699] [1:1.365384578704834] [0.79261672496795654:1] [0.90894031524658203:1.0927579402923584] [0.57777780294418335:1.6790908575057983] [0.54954206943511963:1.8924485445022583] [0.46860837936401367:2.2146341800689697] [0.46312057971954346:2.740487813949585] [0.36440131068229675:2.649662971496582] [0.74611109495162964:1.3455072641372681] [0.65066665410995483:1.4951817989349365] [0.60133224725723267:1.7117466926574707] [0.56646168231964111:1.9959673881530762] [0.4937971830368042:1.8649090528488159] [0:0.26957115530967712] [0:0.32280367612838745] [0:0.36472421884536743] [0:0.57258552312850952] [0:0.50059491395950317] [-0.16409091651439667:0.12254486232995987] [-0.11048160493373871:0.12254486232995987] [-0.11048160493373871:0.12254486232995987] [-0.11048160493373871:0.12254486232995987] [-0.11048160493373871:0.12254486232995987] [0:1] [0:1] [0:1] [0:1] [0:1] [-0.15193372964859009:0.13264167308807373] [-0.24554997682571411:0.20802642405033112] [-0.40848860144615173:0.27864286303520203] [-0.44566619396209717:0.33016127347946167] [-0.96870207786560059:0.3971981406211853] [1:1.6472727060317993] [1:1.9298244714736938] [1:2.2439024448394775] [1:3.3160974979400635] [1:3.3160974979400635] [0.5718809962272644:1] [0.54045307636260986:1] [0.4660193920135498:1] [0.43721681833267212:1] [0.34664765000343323:1] [0.86488890647888184:1.4843636751174927] [0.72140765190124512:1.7869091033935547] [0.59200000762939453:2.054157018661499] [0.56569522619247437:2.423609733581543] [0.56576049327850342:2.3250908851623535] [0.60694897174835205:1.2689855098724365] [0.54922223091125488:1.4057971239089966] [0.49352750182151794:1.5574545860290527] [0.47533980011940002:1.5740000009536743] [0.39857602119445801:1.5950908660888672] [0.20000000298023224:1] [0.10000000149011612:1] [0.05000000074505806:1] [0.033333335071802139:1] [0.01666666753590107:1] [0:1] [0:1] [0:1] [0:1] [0:1] [0.20000000298023224:1] [0.10000000149011612:1] [0.05000000074505806:1] [0.033333335071802139:1] [0.01666666753590107:1] [0.20000000298023224:1] [0.10000000149011612:1] [0.05000000074505806:1] [0.033333335071802139:1] [0.01666666753590107:1] [-0.80000001192092896:0.80000001192092896] [-0.89999997615814209:0.89999997615814209] [-0.94999998807907104:0.94999998807907104] [-0.96666663885116577:0.96666663885116577] [-0.98333334922790527:0.98333334922790527] [-1:1] [-1:1] [-1:1] [-1:1] [-1:1] [-1:1] [-1:1] [-1:1] [-1:1] [-1:1] [0:1] [0:1] [0:0.89999997615814209] [0:0.89999997615814209] [0:0.89999997615814209] [0:1] [0:1] [0:0.89999997615814209] [0:0.8571428656578064] [0:0.8571428656578064] [-1:1] [-1:1] [-0.8571428656578064:0.89999997615814209] [-0.8571428656578064:0.89999997615814209] [-0.8571428656578064:0.89999997615814209] [0:1] [0:1] [0:1] [0:1] [0:1] [0:1] [0:1] [0:1] [0:1] [0:1] [-1:1] [-1:1] [-1:1] [-1:1] [-1:1] [0.20013266801834106:26452.083984375] [0.10012400150299072:23627.859375] [0.050104878842830658:12145.7685546875] [0.034610312432050705:10268.4287109375] [0.017187755554914474:8419.4609375] [0.00080492562847211957:59102.5] [0.0021778203081339598:49210.34375] [0.0021778203081339598:42161.07421875] [0.0021778203081339598:37016.7265625] [0.0021778203081339598:26455.013671875] [0:2.2360680103302002] [0:3.1615598201751709] [0:4.4708261489868164] [0:5.4611344337463379] [0:7.5986995697021484] [0:1] [0:1] [0:1] [0:1] [0:1] [0:1] [0:1] [0:1] [0:1] [0:1] [-1:1] [-1:1] [-1:1] [-1:1] [-1:1] [-1.8796600103378296:337.23654174804688] [-1.954919695854187:1.9354152679443359] [-3.0736701488494873:3.4166228771209717] [-223.22998046875:4677.0361328125] [-4.2686967849731445:7.5545482635498047]
tree_sizes=3108 3107 3030 3062 3118 3058

Tree=0
num_leaves=31
num_cat=0
split_feature=56 30 11 41 38 17 36 3 79 28 35 1 121 41 90 32 52 77 30 14 6 22 161 81 137 37 38 38 36 38
split_gain=212.232 135.589 175.23 168.707 152.447 246.652 131.906 108.3 170.158 100.984 78.1111 72.5071 107.641 71.8793 69.305 67.818 69.4779 65.7231 61.3229 58.5505 53.4788 80.169 61.2794 59.8027 53.3947 52.4862 51.6596 50.2425 46.1109 45.9881
threshold=1.1804987788200381 -0.00032910650770645583 0.9256669580936433 -0.062654282897710786 -0.015565030742436646 0.74951386451721203 0.65141305327415477 0.020594920031726364 0.15000000223517421 -0.02423092350363731 0.88953819870948803 0.054401578381657607 0.62724739313125621 0.091741211712360396 0.48827464878559118 -0.0050270666833966962 0.81463208794593822 0.075000002980232253 0.0025192541070282464 0.94823202490806591 0.1666650399565697 0.97251054644584667 -0.45706965029239649 0.083333335816860213 0.60163086652755748 0.68884089589118969 -0.0087611419148743135 -9.2288264568196596e-05 0.49963878095149999 -0.00029686579364351923
decision_type=10 8 8 8 8 8 10 10 2 10 10 10 10 10 10 10 10 2 10 8 10 10 10 2 10 10 10 10 10 10
left_child=1 15 14 6 5 10 26 13 -9 -8 -5 17 -13 -6 -3 -1 20 -2 -7 -11 21 22 -17 25 -18 -22 -4 -25 -28 -19
right_child=11 2 3 4 7 18 9 8 -10 19 -12 12 -14 -15 -16 16 24 29 -20 -21 23 -23 -24 27 -26 -27 28 -29 -30 -31
leaf_value=0.002441789234590438 -0.0037234341056744209 3.2049715509296416e-10 -0.0054164594738020967 -0.010444640060648644 0.00028304415833795395 -0.0066650195114494465 -0.0044969484556574577 0.011613692178296976 3.2049715509296416e-10 -0.00027981745396064292 -0.02839615002262294 0.00016999668458470024 0.015258763340180875 0.0070605195626544633 -0.018296880085475597 0.002734249168498988 -0.0011332234165354633 0.0087187894756738053 0.00087820998639219516 0.015372915290276946 -0.010687653044402255 -0.013099229991182159 -0.0061283177665808885 0.0043096780922217926 9.9731033212099274e-05 -0.00059982382666651029 0.0099531255938306567 -0.002529726257217924 -0.00039320058740234797 0.0012087225533242867
leaf_weight=5557 920 247 742 1354 195966 1236 283 1967 2626 201 295 688 1303 1403 610 956 99469 1614 4073 1782 939 1057 2213 1862 45701 1036 654 1926 787 1538
leaf_count=5557 920 247 742 1354 195966 1236 283 1967 2626 201 295 688 1303 1403 610 956 99469 1614 4073 1782 939 1057 2213 1862 45701 1036 654 1926 787 1538
internal_value=-4.4231e-05 -0.000135188 0.000357971 0.0004143 0.000289393 -0.00406599 0.00618513 0.000441318 0.00498992 0.0112325 -0.0141376 0.00551329 0.0102475 0.000333452 -0.0130141 -0.000794373 -0.000912508 0.00308643 -0.000840073 0.0136496 -0.00333886 -0.00591705 -0.00336027 -0.00138248 -0.00074305 -0.00560545 0.000755221 0.000758395 0.00416913 0.0051796
internal_weight=381005 374942 214226 213369 208920 6958 4449 201962 4593 2266 1649 6063 1991 197369 857 160716 155159 4072 5309 1983 9989 4226 3169 5763 145170 1975 2183 3788 1441 3152
internal_count=381005 374942 214226 213369 208920 6958 4449 201962 4593 2266 1649 6063 1991 197369 857 160716 155159 4072 5309 1983 9989 4226 3169 5763 145170 1975 2183 3788 1441 3152
is_linear=0
shrinkage=1


Tree=1
num_leaves=31
num_cat=0
split_feature=56 30 41 11 38 17 1 86 71 14 35 50 1 116 32 1 103 139 49 38 159 76 34 44 37 34 30 30 121 46
split_gain=171.337 136.896 163.706 142.721 108.878 185.785 128.218 134.745 95.0823 113.543 90.5072 84.1397 80.933 96.5714 76.0639 80.0054 59.0596 73.1761 54.3594 52.5948 63.7227 58.8416 52.5026 49.3472 49.2482 45.0341 70.0294 44.995 44.9725 72.6708
threshold=1.1804987788200381 -0.00032910650770645583 -0.075394101440906511 0.9256669580936433 -0.015565030742436646 0.74246636033058178 0.029530177824199203 0.78333333134651195 0.57392868399620067 0.94922077655792247 0.88953819870948803 0.95900380611419689 0.054401578381657607 0.35502959787845617 -0.0050270666833966962 0.022332529537379745 0.77500000596046459 0.82667464017868053 0.88619264960289013 0.0167822539806366 0.052720749750733382 0.11666667088866235 0.74274548888206493 1.023037374019623 0.82187694311141979 0.81965565681457531 0.0067619027104228744 -0.0071770725771784774 0.42755126953125006 1.0566577315330508
decision_type=10 8 8 8 8 8 10 2 10 8 10 10 10 10 10 8 2 10 10 8 8 2 10 10 10 10 10 10 10 10
left_child=1 14 8 18 5 10 11 -8 -3 -10 -5 -6 16 -14 24 28 -2 -18 25 20 21 -17 -7 -22 -1 26 -4 -26 29 -16
right_child=12 2 3 4 6 22 7 -9 9 -11 -12 -13 13 -15 15 19 17 -19 -20 -21 23 -23 -24 -25 27 -27 -28 -29 -30 -31
leaf_value=-0.00030066534905846923 0.0054364020810683889 0.0031903935218009312 -0.0047572153452575313 -0.0084533077309617514 -0.00027505710370936921 -0.0024905966028086323 0.00090624825030557934 0.0048314750445553429 -0.0074554668524541663 0.020597305223526947 -0.028258023238132046 0.0012038502007859083 0.015652617988771766 0.0018078552192755542 -0.00026569107287450279 -0.0033977343968445454 -0.0095192860405374728 0.0031229924041490018 0.0028134858559887032 0.0014746201780888814 -0.0016659747413720178 -0.00067803148137491579 0.0038259591467835357 -0.0059410227048866237 0.00081216269285589371 0 -0.027959846844590654 0.008438182552401103 -0.00023633272321229481 -0.0072305304595128364
leaf_weight=2516 2457 1405 248 1318 117106 4020 26371 11374 128 751 263 49044 1140 842 3679 10421 655 996 146 3804 4411 24110 1637 6193 1323 122 320 1726 100305 2201
leaf_count=2516 2457 1405 248 1318 117106 4020 26371 11374 128 751 263 49044 1140 842 3679 10421 655 996 146 3804 4411 24110 1637 6193 1323 122 320 1726 100305 2201
internal_value=1.25761e-05 -6.7838e-05 0.000427702 0.000339742 0.000390646 -0.00321438 0.000520393 0.00209894 0.0083869 0.0161036 -0.0122471 0.000159772 0.00499653 0.00999771 -0.000730399 -0.000855612 0.00247418 -0.00176694 -0.0118743 -0.00186056 -0.00214882 -0.00150898 -0.000602853 -0.00419743 0.00269674 -0.0153964 -0.0188457 0.00525376 -0.000389359 -0.00293929
internal_weight=381032 374942 214253 211969 211133 7238 203895 37745 2284 879 1581 166150 6090 1982 160689 155124 4108 1651 836 48939 45135 34531 5657 10604 5565 690 568 3049 106185 5880
internal_count=381032 374942 214253 211969 211133 7238 203895 37745 2284 879 1581 166150 6090 1982 160689 155124 4108 1651 836 48939 45135 34531 5657 10604 5565 690 568 3049 106185 5880
is_linear=0
shrinkage=0.03


Tree=2
num_leaves=31
num_cat=0
split_feature=46 29 58 11 31 20 38 117 61 3 58 50 32 1 121 51 57 25 59 33 113 38 73 34 35 15 15 11 35 79
split_gain=176.216 129.219 198.077 130.608 105.286 124.56 101.952 190.188 142.777 118.983 108.394 111.461 102.528 95.228 111.869 89.0954 86.1146 83.1481 75.2626 92.8912 70.3685 69.3755 83.5968 68.819 65.4046 67.8537 64.0244 61.1099 59.7768 56.4288
threshold=1.2150713205337527 -0.0014479957171715794 0.92648246884346019 0.9256669580936433 0.0079750544391572493 0.96922236680984508 -0.015565030742436646 0.65087303519248974 0.82372957468032848 0.0092436862178146856 0.92648246884346019 0.81447139382362377 0.0047123893164098271 0.056460404768586166 0.64655169844627391 0.9207439422607423 1.1696498990058901 0.01273239078000188 0.9899912178516389 0.73093944787979137 0.75757536292076122 0.018867933191359047 0.30000000447034841 0.099021691828966155 0.8273083269596101 1.0271561145782473 0.75612297654151928 0.98191311955451976 0.65942353010177623 0.84999999403953563
decision_type=10 8 10 8 10 10 8 10 8 10 10 10 10 10 8 10 10 10 10 10 10 8 10 10 10 10 8 10 10 2
left_child=1 2 20 -3 21 -6 7 15 9 26 28 -12 -11 -2 -15 23 17 -10 -7 -20 -1 24 -23 -5 25 -4 -8 -26 -9 -24
right_child=13 3 4 6 5 18 8 10 16 12 11 -13 -14 14 -16 -17 -18 -19 19 -21 -22 22 29 -25 27 -27 -28 -29 -30 -31
leaf_value=-0.02334232626643282 0.0021586766613099165 -0.011678597625551493 -0.00053044931428843729 0.010161543632967297 -0.00098053825552330692 -0.0048370714527417851 -0.0059317678473236636 -0.006321951998779397 0.0014291247747594933 0.0038441638400401254 -0.024851851610568867 -0.0073746271869003302 0.014562303680686454 0.0024258778722062555 0.015393196919890237 -0.0065343061148989195 0.0047734842805770223 -5.1014505443831262e-05 0.025885344392350726 0.00085539696293894713 0.00021324472583449669 0 0 0 -0.0039006443086025628 -0.0020313915793975517 0.0027809152584916024 0.0016568405632689438 0.022533613958396016 0.01429117016827725
leaf_weight=456 9600 793 57218 701 871 116 864 102 42372 2016 587 929 1468 1323 1198 1594 3823 174133 478 219 117 2556 410 3775 2029 52743 4858 12674 100 776
leaf_count=456 9600 793 57218 701 871 116 864 102 42372 2016 587 929 1468 1323 1198 1594 3823 174133 478 219 117 2556 410 3775 2029 52743 4858 12674 100 776
internal_value=1.56087e-05 -0.000100672 -0.000859304 0.000314396 -0.000777917 0.00661023 0.000356715 -0.00300938 0.000472484 0.00413148 -0.0117669 -0.0145727 0.00850326 0.00357247 0.00877878 -0.000450963 0.000317877 0.000237382 0.014931 0.0186825 -0.0181817 -0.00087816 0.00311699 0.00166815 -0.00100097 -0.00125335 0.00139701 0.00086528 0.00735475 0.0096277
internal_weight=380899 368778 130663 238115 130090 1684 237322 7788 229534 9206 1718 1516 3484 12121 2521 6070 220328 216505 813 697 573 128406 3742 4476 124664 109961 5722 14703 202 1186
internal_count=380899 368778 130663 238115 130090 1684 237322 7788 229534 9206 1718 1516 3484 12121 2521 6070 220328 216505 813 697 573 128406 3742 4476 124664 109961 5722 14703 202 1186
is_linear=0
shrinkage=0.03


Tree=3
num_leaves=31
num_cat=0
split_feature=16 41 36 29 38 57 38 127 3 16 23 78 59 1 41 38 53 33 30 1 38 39 35 1 126 126 121 29 125 43
split_gain=164.881 115.373 185.431 123.367 135.93 117.391 136.008 138.992 122.293 100.676 89.734 58.5586 76.832 57.3007 84.7536 63.4849 54.4699 49.0662 49.4663 48.3756 45.617 51.7736 49.0402 50.4037 44.236 42.8185 42.1877 39.9705 39.3706 38.4642
threshold=1.2240124940872195 -0.066257402300834642 0.65880101919174205 -0.0015494996332563458 0.032790759578347213 1.179338335990906 -0.015565030742436646 0.30156457424163824 0.016169439069926742 0.75193247199058544 0.050183530896902091 0.70000001788139354 0.99072846770286571 0.016935322433710102 -0.031978912651538842 0.0167822539806366 1.0022557377815249 0.97743725776672374 -0.005601584678515791 0.054401578381657607 -0.010229030624032019 -0.034364383667707436 0.47313420474529272 0.061432123184204109 -0.2864320427179336 -0.2864320427179336 0.39087939262390142 -0.0056175149511545888 -0.31360948085784907 1.077393710613251
decision_type=10 8 10 8 10 10 8 10 10 8 10 10 10 10 10 8 10 10 10 10 10 10 10 10 10 10 10 10 10 10
left_child=1 2 20 9 5 6 7 -5 -8 -3 11 12 -4 -11 16 -16 -15 18 19 -2 22 -22 27 -24 -21 -7 -12 -1 -27 -13
right_child=17 3 10 4 -6 25 8 -9 -10 13 26 29 -14 14 15 -17 -18 -19 -20 24 21 -23 23 -25 -26 28 -28 -29 -30 -31
leaf_value=-0.0094838499672687104 0.0053173456329268579 -0.016504658561814108 0.0046641725420717792 -0.0014889861274628145 -0.016782039373148497 0.0098866242253627598 0.00018883307653972309 -0.011320303611982701 0.0036797306030652444 -9.5972776919573172e-05 -0.018918130740523339 0.0029869618801600037 0.03296732450370532 -0.0070452765751663066 -0.0023645763799725341 0.0013909377773114236 0.00053303370733261699 -0.011169240358389086 0 0.017333220963168985 0.011139091171163063 0.0012082953551759913 -0.0021644207418109449 0.015167463263767006 0.0020676915420086801 -0.0051187445860416368 0.0052050956180319189 0.0026528566252382005 0.0046343676655005656 0.014250593714886165
leaf_weight=949 2050 353 171 5809 400 1323 220742 1687 9415 53450 100 561 276 869 47594 4311 20145 115 851 787 539 3879 386 204 284 403 100 270 2201 760
leaf_count=949 2050 353 171 5809 400 1323 220742 1687 9415 53450 100 561 276 869 47594 4311 20145 115 851 787 539 3879 386 204 284 403 100 270 2201 760
internal_value=5.41588e-06 -5.89396e-05 0.00345595 -0.000138061 0.000258096 0.00028894 0.000202389 -0.00376571 0.000333245 -0.000896824 0.0114459 0.0136466 0.0234458 -0.000848247 -0.00139538 -0.00204647 0.000198981 0.00598461 0.00660988 0.00834874 0.000854191 0.0025322 -0.00306275 0.00363731 0.0136723 0.00542322 -0.0061162 -0.00655409 0.00298312 0.00980678
internal_weight=380984 376897 8195 368702 241980 241580 237653 7496 230157 126722 1968 1768 447 126369 72919 51905 21014 4087 3972 3121 6227 4418 1809 590 1071 3927 200 1219 2604 1321
internal_count=380984 376897 8195 368702 241980 241580 237653 7496 230157 126722 1968 1768 447 126369 72919 51905 21014 4087 3972 3121 6227 4418 1809 590 1071 3927 200 1219 2604 1321
is_linear=0
shrinkage=0.03


Tree=4
num_leaves=31
num_cat=0
split_feature=56 39 30 28 72 44 62 82 16 99 35 26 33 9 74 40 10 52 27 35 116 1 23 37 7 46 35 74 29 35
split_gain=136.164 138.264 128.46 122.636 121.402 112.21 111.065 108.387 94.7632 93.2023 91.2199 81.2378 81.1025 80.8965 79.4778 77.1898 73.8794 65.9856 64.4292 63.831 61.9973 61.1631 59.7196 58.9321 56.7357 54.4464 51.9216 60.3408 50.3276 50.1247
threshold=1.1804987788200381 0.06152723357081414 -0.00032910650770645583 -0.0093749975785613043 0.61710873246192943 1.038013815879822 0.68379566073417675 0.15833333879709247 0.93263316154479992 0.76388889551162731 0.87458047270774852 0.051901854574680335 0.92857086658477794 0.98186922073364269 0.45000000298023229 -0.044551774859428399 1.0238640904426577 0.97883838415145885 0.063383776694536223 0.80472061038017284 0.38532115519046789 0.065133091062307372 0.054520979523658759 0.812481850385666 0.02911515906453133 1.0222458243370058 0.20532457530498507 0.15000000223517421 0.00033638939203228807 0.80472061038017284
decision_type=10 10 8 8 10 10 10 2 8 2 10 10 10 10 2 10 10 10 10 10 10 10 10 10 10 10 10 2 10 10
left_child=1 2 8 4 -4 16 -3 13 26 10 -7 19 20 -6 22 -9 24 -14 -16 25 21 29 -13 -18 -5 -10 27 -1 -28 -2
right_child=12 6 3 5 7 9 -8 15 11 -11 -12 14 17 -15 18 -17 23 -19 -20 -21 -22 -23 -24 -25 -26 -27 28 -29 -30 -31
leaf_value=0.0042243437294188788 0.0092512778869473112 -0.031174932525642123 0.0007664642443329881 0.00029930012602740391 -0.0089481211233443467 -0.0011408389424995523 -0.0057183732666451544 0.015612559159626753 0.0022253847797790191 0.0065469936782957781 -0.0088273443782334298 -0.00026984089543236945 0.0082930663174443919 0.0042519047698530467 -0.00056559946775051905 0.0057002152713790024 0.0020954622017951667 -0.0093346480890488612 0.0067049524257897421 0.00090530478122439735 -0.00015489131631573456 0.014609835654329202 0.017199591865825505 0.00932534535317678 0.0026410577523361097 -0.0011693383396496329 -0.011739866401947662 -0.0046890339599133688 -0.00028521510534551287 0.0015108193568617141
leaf_weight=881 1565 177 9032 140953 473 39085 1051 1367 4335 1333 1437 10895 241 2464 1466 1810 4319 608 3594 17041 1126 895 159 1392 10008 117582 1350 2552 536 1661
leaf_count=881 1565 177 9032 140953 473 39085 1051 1367 4335 1333 1437 10895 241 2464 1466 1810 4319 608 3594 17041 1126 895 159 1392 10008 117582 1350 2552 536 1661
internal_value=-2.52365e-05 -9.83746e-05 -6.43047e-05 0.000416466 0.00301822 0.000216178 -0.0100688 0.00628241 -0.00070663 -0.00116098 -0.00142504 -0.000569049 0.00441396 0.00197846 0.00143948 0.0101301 0.000586101 -0.00390986 0.00454552 -0.000804297 0.0058275 0.0075274 0 0.00393642 0.000456864 -0.00104583 -0.00464436 -0.00230352 -0.00867901 0.00539216
internal_weight=381388 375292 374064 213673 15146 198527 1228 6114 160391 41855 40522 155072 6096 2937 16114 3177 156672 849 5060 138958 5247 4121 11054 5711 150961 121917 5319 3433 1886 3226
internal_count=381388 375292 374064 213673 15146 198527 1228 6114 160391 41855 40522 155072 6096 2937 16114 3177 156672 849 5060 138958 5247 4121 11054 5711 150961 121917 5319 3433 1886 3226
is_linear=0
shrinkage=0.03


Tree=5
num_leaves=31
num_cat=0
split_feature=41 36 25 16 58 14 41 38 17 50 21 10 18 48 18 0 142 51 15 20 1 42 86 38 36 140 23 6 31 122
split_gain=161.746 173.002 103.614 96.7178 82.1797 92.4558 84.3459 71.9506 223.907 111.494 129.271 173.309 104.283 85.7543 62.1824 95.271 59.8191 59.4662 59.642 57.5345 53.7075 50.1251 45.7894 44.5111 44.2704 63.5481 49.6287 43.8209 44.8837 43.2275
threshold=-0.066257402300834642 0.68019965291023265 0.012364850845187904 1.2240124940872195 1.0099452137947085 0.96029260754585277 -0.082402557134628282 -0.015565030742436646 0.74246636033058178 0.700454741716385 0.91699492931365978 1.015609920024872 0.95460566878318798 0.86031106114387523 1.0397655963897707 -0.019379873760044571 2.796337485313416 0.87382933497428905 0.8751763403415681 0.99846264719963085 0.054401578381657607 -0.11807193607091902 0.68333333730697643 -0.009331737179309128 0.80949130654335033 0.73538267612457286 0.01701062731444836 0.32786756753921514 -0.0022151492303237315 0.38619302213191992
decision_type=8 10 10 10 10 8 10 8 8 8 10 10 10 8 10 10 10 10 8 8 10 10 2 10 10 10 10 10 10 10
left_child=1 21 19 7 6 -6 -3 8 14 12 11 -11 22 -12 15 -4 -14 18 -10 29 -7 27 -9 -23 -5 -26 -27 28 -1 -2
right_child=2 4 3 24 5 20 -8 9 17 10 13 -13 16 -15 -16 -17 -18 -19 -20 -21 -22 23 -24 -25 25 26 -28 -29 -30 -31
leaf_value=0.0084456529437041232 -0.00058308057524571048 0.029377411717548964 -0.020356162507383323 0.00084942984526329064 -0.017340944557826019 0.0021462122811398538 0.0095275231784223303 -0.027093098833695674 -0.0017605182323766073 0.00026432346069214623 -0.011696991081875921 0.0062849253052989678 0.0077957795486210072 -0.00039943764557852281 0.0054535736713339292 -0.0033486245100482781 -0.012833987719145432 -0.0031532192950720025 0.0059144941619023094 0.00016844765236670174 0.016138487511282208 -0.0048705836929648534 -0.0045745821997878093 0.0016230915124517157 -0.0044607896084239429 -0.00043975943284433174 0.012952161684721979 0.012216071360790988 -0.0015711745311811148 0.0027804077957190171
leaf_weight=637 3974 370 970 1567 114 630 575 303 1756 15174 588 6052 294 285314 116 502 191 4467 1771 26438 471 1309 169 3275 266 256 1234 594 935 20013
leaf_count=637 3974 370 970 1567 114 630 575 303 1756 15174 588 6052 294 285314 116 502 191 4467 1771 26438 471 1309 169 3275 266 256 1234 594 935 20013
internal_value=-1.9607e-05 0.00396926 -0.000116314 -0.000315662 0.0113401 0.00566425 0.0180581 -0.000369935 -0.00293077 -0.00028913 -0.000255925 0.00199935 -0.0104153 -0.000424539 -0.0131585 -0.0148797 0 -0.00083383 0.00202035 0.00114635 0.00858076 0.00153974 -0.0201538 -0.000179174 0.00475408 0.00802075 0.0104772 0.00528316 0.00235447 0.00221065
internal_weight=380325 8910 371415 320990 2160 1215 945 317667 9582 308085 307128 21226 957 285902 1588 1472 485 7994 3527 50425 1101 6750 472 4584 3323 1756 1490 2166 1572 23987
internal_count=380325 8910 371415 320990 2160 1215 945 317667 9582 308085 307128 21226 957 285902 1588 1472 485 7994 3527 50425 1101 6750 472 4584 3323 1756 1490 2166 1572 23987
is_linear=0
shrinkage=0.03


end of trees

feature_importances:
RESI5=14
KLEN=10
RSQR20=9
BETA20=7
RESI30=7
RSQR30=5
LOW0=4
ROC30=4
BETA10=4
SUMN30=4
KUP=3
ROC10=3
ROC20=3
ROC60=3
STD5=3
BETA60=3
RSQR5=3
RSQR10=3
RSQR60=3
MAX30=3
MIN20=3
QTLU30=3
QTLD5=3
KLOW2=2
HIGH0=2
MA5=2
MA20=2
STD20=2
BETA5=2
BETA30=2
RESI10=2
MAX10=2
MIN30=2
MIN60=2
QTLU60=2
QTLD10=2
IMAX10=2
IMIN10=2
IMXD30=2
SUMP30=2
SUMD30=2
KMID=1
KSFT=1
OPEN0=1
MA30=1
MA60=1
STD30=1
STD60=1
RESI20=1
RESI60=1
MAX5=1
MIN5=1
MIN10=1
QTLU5=1
QTLD30=1
QTLD60=1
RSV30=1
RSV60=1
IMAX5=1
IMAX30=1
IMAX60=1
IMIN5=1
IMIN30=1
IMIN60=1
CORR20=1
CNTP10=1
CNTN5=1
SUMP5=1
SUMP60=1
SUMN60=1
SUMD20=1
SUMD60=1
VSTD60=1
WVMA10=1
WVMA20=1
WVMA60=1
ORC_RETURN_PER_VOLUME_SURPRISE_20=1
ORC_VOLUME_CLIMAX_10=1

parameters:
[boosting: gbdt]
[objective: regression]
[metric: l2]
[tree_learner: serial]
[device_type: cpu]
[data_sample_strategy: bagging]
[data: ]
[valid: ]
[num_iterations: 500]
[learning_rate: 0.03]
[num_leaves: 31]
[num_threads: 12]
[seed: 20260813]
[deterministic: 1]
[force_col_wise: 1]
[force_row_wise: 0]
[histogram_pool_size: -1]
[max_depth: 7]
[min_data_in_leaf: 100]
[min_sum_hessian_in_leaf: 0.001]
[bagging_fraction: 0.8]
[pos_bagging_fraction: 1]
[neg_bagging_fraction: 1]
[bagging_freq: 1]
[bagging_seed: 20260813]
[bagging_by_query: 0]
[feature_fraction: 0.8]
[feature_fraction_bynode: 1]
[feature_fraction_seed: 20260813]
[extra_trees: 0]
[extra_seed: 13549]
[early_stopping_round: 0]
[early_stopping_min_delta: 0]
[first_metric_only: 0]
[max_delta_step: 0]
[lambda_l1: 10]
[lambda_l2: 20]
[linear_lambda: 0]
[min_gain_to_split: 0]
[drop_rate: 0.1]
[max_drop: 50]
[skip_drop: 0.5]
[xgboost_dart_mode: 0]
[uniform_drop: 0]
[drop_seed: 11866]
[top_rate: 0.2]
[other_rate: 0.1]
[min_data_per_group: 100]
[max_cat_threshold: 32]
[cat_l2: 10]
[cat_smooth: 10]
[max_cat_to_onehot: 4]
[top_k: 20]
[monotone_constraints: ]
[monotone_constraints_method: basic]
[monotone_penalty: 0]
[feature_contri: ]
[forcedsplits_filename: ]
[refit_decay_rate: 0.9]
[cegb_tradeoff: 1]
[cegb_penalty_split: 0]
[cegb_penalty_feature_lazy: ]
[cegb_penalty_feature_coupled: ]
[path_smooth: 0]
[interaction_constraints: ]
[verbosity: 1]
[saved_feature_importance_type: 0]
[use_quantized_grad: 0]
[num_grad_quant_bins: 4]
[quant_train_renew_leaf: 0]
[stochastic_rounding: 1]
[linear_tree: 0]
[max_bin: 255]
[max_bin_by_feature: ]
[min_data_in_bin: 3]
[bin_construct_sample_cnt: 200000]
[data_random_seed: 20260812]
[is_enable_sparse: 1]
[enable_bundle: 1]
[use_missing: 1]
[zero_as_missing: 0]
[feature_pre_filter: 1]
[pre_partition: 0]
[two_round: 0]
[header: 0]
[label_column: ]
[weight_column: ]
[group_column: ]
[ignore_column: ]
[categorical_feature: ]
[forcedbins_filename: ]
[precise_float_parser: 0]
[parser_config_file: ]
[objective_seed: 16743]
[num_class: 1]
[is_unbalance: 0]
[scale_pos_weight: 1]
[sigmoid: 1]
[boost_from_average: 1]
[reg_sqrt: 0]
[alpha: 0.9]
[fair_c: 1]
[poisson_max_delta_step: 0.7]
[tweedie_variance_power: 1.5]
[lambdarank_truncation_level: 30]
[lambdarank_norm: 1]
[label_gain: ]
[lambdarank_position_bias_regularization: 0]
[eval_at: ]
[multi_error_top_k: 1]
[auc_mu_weights: ]
[num_machines: 1]
[local_listen_port: 12400]
[time_out: 120]
[machine_list_filename: ]
[machines: ]
[gpu_platform_id: -1]
[gpu_device_id: -1]
[gpu_device_id_list: ]
[gpu_use_dp: 0]
[num_gpu: 1]

end of parameters

pandas_categorical:null
